0 1 59 3676 3734 3676 710 454 224 228 
0 1 59 3676 3734 3677 710 454 224 228 
0 1 59 3676 3734 3678 710 454 224 228 
0 1 59 3676 3734 3679 710 454 224 228 
0 1 59 3676 3734 3680 710 454 224 228 
0 1 59 3676 3734 3681 710 454 224 228 
0 1 59 3676 3734 3682 710 454 224 228 
0 1 59 3676 3734 3683 710 454 224 228 
0 1 59 3676 3734 3684 710 454 224 228 
0 1 59 3676 3734 3685 710 454 224 228 
0 1 59 3676 3734 3686 710 454 224 228 
0 1 59 3676 3734 3687 710 454 224 228 
0 1 59 3676 3734 3688 710 454 224 228 
0 1 59 3676 3734 3689 710 454 224 228 
0 1 59 3676 3734 3690 710 454 224 228 
0 1 59 3676 3734 3691 710 454 224 228 
0 1 59 3676 3734 3692 710 454 224 228 
0 1 59 3676 3734 3693 710 454 224 228 
0 1 59 3676 3734 3694 710 454 224 228 
0 1 59 3676 3734 3695 710 454 224 228 
0 1 59 3676 3734 3696 710 454 224 228 
0 1 59 3676 3734 3697 710 454 224 228 
0 1 59 3676 3734 3698 710 454 224 228 
0 1 59 3676 3734 3699 710 454 224 228 
0 1 59 3676 3734 3700 710 454 224 228 
0 1 59 3676 3734 3701 710 454 224 228 
0 1 59 3676 3734 3702 710 454 224 228 
0 1 59 3676 3734 3703 710 454 224 228 
0 1 59 3676 3734 3704 710 454 224 228 
0 1 59 3676 3734 3705 710 454 224 228 
0 1 59 3676 3734 3706 710 454 224 228 
0 1 59 3676 3734 3707 710 454 224 228 
0 1 59 3676 3734 3708 710 454 224 228 
0 1 59 3676 3734 3709 710 454 224 228 
0 1 59 3676 3734 3710 710 454 224 228 
0 1 59 3676 3734 3711 710 454 224 228 
0 1 59 3676 3734 3712 710 454 224 228 
0 1 59 3676 3734 3713 710 454 224 228 
0 1 59 3676 3734 3714 710 454 224 228 
0 1 59 3676 3734 3715 710 454 224 228 
0 1 59 3676 3734 3716 710 454 224 228 
0 1 59 3676 3734 3717 710 454 224 228 
0 1 59 3676 3734 3718 710 454 224 228 
0 1 59 3676 3734 3719 710 454 224 228 
0 1 59 3676 3734 3720 710 454 224 228 
0 1 59 3676 3734 3721 710 454 224 228 
0 1 59 3676 3734 3722 710 454 224 228 
0 1 59 3676 3734 3723 710 454 224 228 
0 1 59 3676 3734 3724 710 454 224 228 
0 1 59 3676 3734 3725 710 454 224 228 
0 1 59 3676 3734 3726 710 454 224 228 
0 1 59 3676 3734 3727 710 454 224 228 
0 1 59 3676 3734 3728 710 454 224 228 
0 1 59 3676 3734 3729 710 454 224 228 
0 1 59 3676 3734 3730 710 454 224 228 
0 1 59 3676 3734 3731 710 454 224 228 
0 1 59 3676 3734 3732 710 454 224 228 
0 1 59 3676 3734 3733 710 454 224 228 
0 1 59 3676 3734 3734 710 454 224 228 
1 5 172 3670 3841 3670 670 454 267 228 
1 5 172 3670 3841 3671 670 454 267 228 
1 5 172 3670 3841 3672 670 454 267 228 
1 5 172 3670 3841 3673 670 454 267 228 
1 5 172 3670 3841 3674 670 454 267 228 
1 5 172 3670 3841 3675 670 454 267 228 
1 5 172 3670 3841 3676 670 454 267 228 
1 5 172 3670 3841 3677 670 454 267 228 
1 5 172 3670 3841 3678 670 454 267 228 
1 5 172 3670 3841 3679 670 454 267 228 
1 5 172 3670 3841 3680 670 454 267 228 
1 5 172 3670 3841 3681 670 454 267 228 
1 5 172 3670 3841 3682 670 454 267 228 
1 5 172 3670 3841 3683 670 454 267 228 
1 5 172 3670 3841 3684 670 454 267 228 
1 5 172 3670 3841 3685 670 454 267 228 
1 5 172 3670 3841 3686 670 454 267 228 
1 5 172 3670 3841 3687 670 454 267 228 
1 5 172 3670 3841 3688 670 454 267 228 
1 5 172 3670 3841 3689 670 454 267 228 
1 5 172 3670 3841 3690 670 454 267 228 
1 5 172 3670 3841 3691 670 454 267 228 
1 5 172 3670 3841 3692 670 454 267 228 
1 5 172 3670 3841 3693 670 454 267 228 
1 5 172 3670 3841 3694 670 454 267 228 
1 5 172 3670 3841 3695 670 454 267 228 
1 5 172 3670 3841 3696 670 454 267 228 
1 5 172 3670 3841 3697 670 454 267 228 
1 5 172 3670 3841 3698 670 454 267 228 
1 5 172 3670 3841 3699 670 454 267 228 
1 5 172 3670 3841 3700 670 454 267 228 
1 5 172 3670 3841 3701 670 454 267 228 
1 5 172 3670 3841 3702 670 454 267 228 
1 5 172 3670 3841 3703 670 454 267 228 
1 5 172 3670 3841 3704 670 454 267 228 
1 5 172 3670 3841 3705 670 454 267 228 
1 5 172 3670 3841 3706 670 454 267 228 
1 5 172 3670 3841 3707 670 454 267 228 
1 5 172 3670 3841 3708 670 454 267 228 
1 5 172 3670 3841 3709 670 454 267 228 
1 5 172 3670 3841 3710 670 454 267 228 
1 5 172 3670 3841 3711 670 454 267 228 
1 5 172 3670 3841 3712 670 454 267 228 
1 5 172 3670 3841 3713 670 454 267 228 
1 5 172 3670 3841 3714 670 454 267 228 
1 5 172 3670 3841 3715 670 454 267 228 
1 5 172 3670 3841 3716 670 454 267 228 
1 5 172 3670 3841 3717 670 454 267 228 
1 5 172 3670 3841 3718 670 454 267 228 
1 5 172 3670 3841 3719 670 454 267 228 
1 5 172 3670 3841 3720 670 454 267 228 
1 5 172 3670 3841 3721 670 454 267 228 
1 5 172 3670 3841 3722 670 454 267 228 
1 5 172 3670 3841 3723 670 454 267 228 
1 5 172 3670 3841 3724 670 454 267 228 
1 5 172 3670 3841 3725 670 454 267 228 
1 5 172 3670 3841 3726 670 454 267 228 
1 5 172 3670 3841 3727 670 454 267 228 
1 5 172 3670 3841 3728 670 454 267 228 
1 5 172 3670 3841 3729 670 454 267 228 
1 5 172 3670 3841 3730 670 454 267 228 
1 5 172 3670 3841 3731 670 454 267 228 
1 5 172 3670 3841 3732 670 454 267 228 
1 5 172 3670 3841 3733 670 454 267 228 
1 5 172 3670 3841 3734 670 454 267 228 
1 5 172 3670 3841 3735 670 454 267 228 
1 5 172 3670 3841 3736 670 454 267 228 
1 5 172 3670 3841 3737 670 454 267 228 
1 5 172 3670 3841 3738 670 454 267 228 
1 5 172 3670 3841 3739 670 454 267 228 
1 5 172 3670 3841 3740 670 454 267 228 
1 5 172 3670 3841 3741 670 454 267 228 
1 5 172 3670 3841 3742 670 454 267 228 
1 5 172 3670 3841 3743 670 454 267 228 
1 5 172 3670 3841 3744 670 454 267 228 
1 5 172 3670 3841 3745 670 454 267 228 
1 5 172 3670 3841 3746 670 454 267 228 
1 5 172 3670 3841 3747 670 454 267 228 
1 5 172 3670 3841 3748 670 454 267 228 
1 5 172 3670 3841 3749 670 454 267 228 
1 5 172 3670 3841 3750 670 454 267 228 
1 5 172 3670 3841 3751 670 454 267 228 
1 5 172 3670 3841 3752 670 454 267 228 
1 5 172 3670 3841 3753 670 454 267 228 
1 5 172 3670 3841 3754 670 454 267 228 
1 5 172 3670 3841 3755 670 454 267 228 
1 5 172 3670 3841 3756 670 454 267 228 
1 5 172 3670 3841 3757 670 454 267 228 
1 5 172 3670 3841 3758 670 454 267 228 
1 5 172 3670 3841 3759 670 454 267 228 
1 5 172 3670 3841 3760 670 454 267 228 
1 5 172 3670 3841 3761 670 454 267 228 
1 5 172 3670 3841 3762 670 454 267 228 
1 5 172 3670 3841 3763 670 454 267 228 
1 5 172 3670 3841 3764 670 454 267 228 
1 5 172 3670 3841 3765 670 454 267 228 
1 5 172 3670 3841 3766 670 454 267 228 
1 5 172 3670 3841 3767 670 454 267 228 
1 5 172 3670 3841 3768 670 454 267 228 
1 5 172 3670 3841 3769 670 454 267 228 
1 5 172 3670 3841 3770 670 454 267 228 
1 5 172 3670 3841 3771 670 454 267 228 
1 5 172 3670 3841 3772 670 454 267 228 
1 5 172 3670 3841 3773 670 454 267 228 
1 5 172 3670 3841 3774 670 454 267 228 
1 5 172 3670 3841 3775 670 454 267 228 
1 5 172 3670 3841 3776 670 454 267 228 
1 5 172 3670 3841 3777 670 454 267 228 
1 5 172 3670 3841 3778 670 454 267 228 
1 5 172 3670 3841 3779 670 454 267 228 
1 5 172 3670 3841 3780 670 454 267 228 
1 5 172 3670 3841 3781 670 454 267 228 
1 5 172 3670 3841 3782 670 454 267 228 
1 5 172 3670 3841 3783 670 454 267 228 
1 5 172 3670 3841 3784 670 454 267 228 
1 5 172 3670 3841 3785 670 454 267 228 
1 5 172 3670 3841 3786 670 454 267 228 
1 5 172 3670 3841 3787 670 454 267 228 
1 5 172 3670 3841 3788 670 454 267 228 
1 5 172 3670 3841 3789 670 454 267 228 
1 5 172 3670 3841 3790 670 454 267 228 
1 5 172 3670 3841 3791 670 454 267 228 
1 5 172 3670 3841 3792 670 454 267 228 
1 5 172 3670 3841 3793 670 454 267 228 
1 5 172 3670 3841 3794 670 454 267 228 
1 5 172 3670 3841 3795 670 454 267 228 
1 5 172 3670 3841 3796 670 454 267 228 
1 5 172 3670 3841 3797 670 454 267 228 
1 5 172 3670 3841 3798 670 454 267 228 
1 5 172 3670 3841 3799 670 454 267 228 
1 5 172 3670 3841 3800 670 454 267 228 
1 5 172 3670 3841 3801 670 454 267 228 
1 5 172 3670 3841 3802 670 454 267 228 
1 5 172 3670 3841 3803 670 454 267 228 
1 5 172 3670 3841 3804 670 454 267 228 
1 5 172 3670 3841 3805 670 454 267 228 
1 5 172 3670 3841 3806 670 454 267 228 
1 5 172 3670 3841 3807 670 454 267 228 
1 5 172 3670 3841 3808 670 454 267 228 
1 5 172 3670 3841 3809 670 454 267 228 
1 5 172 3670 3841 3810 670 454 267 228 
1 5 172 3670 3841 3811 670 454 267 228 
1 5 172 3670 3841 3812 670 454 267 228 
1 5 172 3670 3841 3813 670 454 267 228 
1 5 172 3670 3841 3814 670 454 267 228 
1 5 172 3670 3841 3815 670 454 267 228 
1 5 172 3670 3841 3816 670 454 267 228 
1 5 172 3670 3841 3817 670 454 267 228 
1 5 172 3670 3841 3818 670 454 267 228 
1 5 172 3670 3841 3819 670 454 267 228 
1 5 172 3670 3841 3820 670 454 267 228 
1 5 172 3670 3841 3821 670 454 267 228 
1 5 172 3670 3841 3822 670 454 267 228 
1 5 172 3670 3841 3823 670 454 267 228 
1 5 172 3670 3841 3824 670 454 267 228 
1 5 172 3670 3841 3825 670 454 267 228 
1 5 172 3670 3841 3826 670 454 267 228 
1 5 172 3670 3841 3827 670 454 267 228 
1 5 172 3670 3841 3828 670 454 267 228 
1 5 172 3670 3841 3829 670 454 267 228 
1 5 172 3670 3841 3830 670 454 267 228 
1 5 172 3670 3841 3831 670 454 267 228 
1 5 172 3670 3841 3832 670 454 267 228 
1 5 172 3670 3841 3833 670 454 267 228 
1 5 172 3670 3841 3834 670 454 267 228 
1 5 172 3670 3841 3835 670 454 267 228 
1 5 172 3670 3841 3836 670 454 267 228 
1 5 172 3670 3841 3837 670 454 267 228 
1 5 172 3670 3841 3838 670 454 267 228 
1 5 172 3670 3841 3839 670 454 267 228 
1 5 172 3670 3841 3840 670 454 267 228 
1 5 172 3670 3841 3841 670 454 267 228 
2 5 217 10413 10629 10413 985 406 209 204 
2 5 217 10413 10629 10414 985 406 209 204 
2 5 217 10413 10629 10415 985 406 209 204 
2 5 217 10413 10629 10416 985 406 209 204 
2 5 217 10413 10629 10417 985 406 209 204 
2 5 217 10413 10629 10418 985 406 209 204 
2 5 217 10413 10629 10419 985 406 209 204 
2 5 217 10413 10629 10420 985 406 209 204 
2 5 217 10413 10629 10421 985 406 209 204 
2 5 217 10413 10629 10422 985 406 209 204 
2 5 217 10413 10629 10423 985 406 209 204 
2 5 217 10413 10629 10424 985 406 209 204 
2 5 217 10413 10629 10425 985 406 209 204 
2 5 217 10413 10629 10426 985 406 209 204 
2 5 217 10413 10629 10427 985 406 209 204 
2 5 217 10413 10629 10428 985 406 209 204 
2 5 217 10413 10629 10429 985 406 209 204 
2 5 217 10413 10629 10430 985 406 209 204 
2 5 217 10413 10629 10431 985 406 209 204 
2 5 217 10413 10629 10432 985 406 209 204 
2 5 217 10413 10629 10433 985 406 209 204 
2 5 217 10413 10629 10434 985 406 209 204 
2 5 217 10413 10629 10435 985 406 209 204 
2 5 217 10413 10629 10436 985 406 209 204 
2 5 217 10413 10629 10437 985 406 209 204 
2 5 217 10413 10629 10438 985 406 209 204 
2 5 217 10413 10629 10439 985 406 209 204 
2 5 217 10413 10629 10440 985 406 209 204 
2 5 217 10413 10629 10441 985 406 209 204 
2 5 217 10413 10629 10442 985 406 209 204 
2 5 217 10413 10629 10443 985 406 209 204 
2 5 217 10413 10629 10444 985 406 209 204 
2 5 217 10413 10629 10445 985 406 209 204 
2 5 217 10413 10629 10446 985 406 209 204 
2 5 217 10413 10629 10447 985 406 209 204 
2 5 217 10413 10629 10448 985 406 209 204 
2 5 217 10413 10629 10449 985 406 209 204 
2 5 217 10413 10629 10450 985 406 209 204 
2 5 217 10413 10629 10451 985 406 209 204 
2 5 217 10413 10629 10452 985 406 209 204 
2 5 217 10413 10629 10453 985 406 209 204 
2 5 217 10413 10629 10454 985 406 209 204 
2 5 217 10413 10629 10455 985 406 209 204 
2 5 217 10413 10629 10456 985 406 209 204 
2 5 217 10413 10629 10457 985 406 209 204 
2 5 217 10413 10629 10458 985 406 209 204 
2 5 217 10413 10629 10459 985 406 209 204 
2 5 217 10413 10629 10460 985 406 209 204 
2 5 217 10413 10629 10461 985 406 209 204 
2 5 217 10413 10629 10462 985 406 209 204 
2 5 217 10413 10629 10463 985 406 209 204 
2 5 217 10413 10629 10464 985 406 209 204 
2 5 217 10413 10629 10465 985 406 209 204 
2 5 217 10413 10629 10466 985 406 209 204 
2 5 217 10413 10629 10467 985 406 209 204 
2 5 217 10413 10629 10468 985 406 209 204 
2 5 217 10413 10629 10469 985 406 209 204 
2 5 217 10413 10629 10470 985 406 209 204 
2 5 217 10413 10629 10471 985 406 209 204 
2 5 217 10413 10629 10472 985 406 209 204 
2 5 217 10413 10629 10473 985 406 209 204 
2 5 217 10413 10629 10474 985 406 209 204 
2 5 217 10413 10629 10475 985 406 209 204 
2 5 217 10413 10629 10476 985 406 209 204 
2 5 217 10413 10629 10477 985 406 209 204 
2 5 217 10413 10629 10478 985 406 209 204 
2 5 217 10413 10629 10479 985 406 209 204 
2 5 217 10413 10629 10480 985 406 209 204 
2 5 217 10413 10629 10481 985 406 209 204 
2 5 217 10413 10629 10482 985 406 209 204 
2 5 217 10413 10629 10483 985 406 209 204 
2 5 217 10413 10629 10484 985 406 209 204 
2 5 217 10413 10629 10485 985 406 209 204 
2 5 217 10413 10629 10486 985 406 209 204 
2 5 217 10413 10629 10487 985 406 209 204 
2 5 217 10413 10629 10488 985 406 209 204 
2 5 217 10413 10629 10489 985 406 209 204 
2 5 217 10413 10629 10490 985 406 209 204 
2 5 217 10413 10629 10491 985 406 209 204 
2 5 217 10413 10629 10492 985 406 209 204 
2 5 217 10413 10629 10493 985 406 209 204 
2 5 217 10413 10629 10494 985 406 209 204 
2 5 217 10413 10629 10495 985 406 209 204 
2 5 217 10413 10629 10496 985 406 209 204 
2 5 217 10413 10629 10497 985 406 209 204 
2 5 217 10413 10629 10498 985 406 209 204 
2 5 217 10413 10629 10499 985 406 209 204 
2 5 217 10413 10629 10500 985 406 209 204 
2 5 217 10413 10629 10501 985 406 209 204 
2 5 217 10413 10629 10502 985 406 209 204 
2 5 217 10413 10629 10503 985 406 209 204 
2 5 217 10413 10629 10504 985 406 209 204 
2 5 217 10413 10629 10505 985 406 209 204 
2 5 217 10413 10629 10506 985 406 209 204 
2 5 217 10413 10629 10507 985 406 209 204 
2 5 217 10413 10629 10508 985 406 209 204 
2 5 217 10413 10629 10509 985 406 209 204 
2 5 217 10413 10629 10510 985 406 209 204 
2 5 217 10413 10629 10511 985 406 209 204 
2 5 217 10413 10629 10512 985 406 209 204 
2 5 217 10413 10629 10513 985 406 209 204 
2 5 217 10413 10629 10514 985 406 209 204 
2 5 217 10413 10629 10515 985 406 209 204 
2 5 217 10413 10629 10516 985 406 209 204 
2 5 217 10413 10629 10517 985 406 209 204 
2 5 217 10413 10629 10518 985 406 209 204 
2 5 217 10413 10629 10519 985 406 209 204 
2 5 217 10413 10629 10520 985 406 209 204 
2 5 217 10413 10629 10521 985 406 209 204 
2 5 217 10413 10629 10522 985 406 209 204 
2 5 217 10413 10629 10523 985 406 209 204 
2 5 217 10413 10629 10524 985 406 209 204 
2 5 217 10413 10629 10525 985 406 209 204 
2 5 217 10413 10629 10526 985 406 209 204 
2 5 217 10413 10629 10527 985 406 209 204 
2 5 217 10413 10629 10528 985 406 209 204 
2 5 217 10413 10629 10529 985 406 209 204 
2 5 217 10413 10629 10530 985 406 209 204 
2 5 217 10413 10629 10531 985 406 209 204 
2 5 217 10413 10629 10532 985 406 209 204 
2 5 217 10413 10629 10533 985 406 209 204 
2 5 217 10413 10629 10534 985 406 209 204 
2 5 217 10413 10629 10535 985 406 209 204 
2 5 217 10413 10629 10536 985 406 209 204 
2 5 217 10413 10629 10537 985 406 209 204 
2 5 217 10413 10629 10538 985 406 209 204 
2 5 217 10413 10629 10539 985 406 209 204 
2 5 217 10413 10629 10540 985 406 209 204 
2 5 217 10413 10629 10541 985 406 209 204 
2 5 217 10413 10629 10542 985 406 209 204 
2 5 217 10413 10629 10543 985 406 209 204 
2 5 217 10413 10629 10544 985 406 209 204 
2 5 217 10413 10629 10545 985 406 209 204 
2 5 217 10413 10629 10546 985 406 209 204 
2 5 217 10413 10629 10547 985 406 209 204 
2 5 217 10413 10629 10548 985 406 209 204 
2 5 217 10413 10629 10549 985 406 209 204 
2 5 217 10413 10629 10550 985 406 209 204 
2 5 217 10413 10629 10551 985 406 209 204 
2 5 217 10413 10629 10552 985 406 209 204 
2 5 217 10413 10629 10553 985 406 209 204 
2 5 217 10413 10629 10554 985 406 209 204 
2 5 217 10413 10629 10555 985 406 209 204 
2 5 217 10413 10629 10556 985 406 209 204 
2 5 217 10413 10629 10557 985 406 209 204 
2 5 217 10413 10629 10558 985 406 209 204 
2 5 217 10413 10629 10559 985 406 209 204 
2 5 217 10413 10629 10560 985 406 209 204 
2 5 217 10413 10629 10561 985 406 209 204 
2 5 217 10413 10629 10562 985 406 209 204 
2 5 217 10413 10629 10563 985 406 209 204 
2 5 217 10413 10629 10564 985 406 209 204 
2 5 217 10413 10629 10565 985 406 209 204 
2 5 217 10413 10629 10566 985 406 209 204 
2 5 217 10413 10629 10567 985 406 209 204 
2 5 217 10413 10629 10568 985 406 209 204 
2 5 217 10413 10629 10569 985 406 209 204 
2 5 217 10413 10629 10570 985 406 209 204 
2 5 217 10413 10629 10571 985 406 209 204 
2 5 217 10413 10629 10572 985 406 209 204 
2 5 217 10413 10629 10573 985 406 209 204 
2 5 217 10413 10629 10574 985 406 209 204 
2 5 217 10413 10629 10575 985 406 209 204 
2 5 217 10413 10629 10576 985 406 209 204 
2 5 217 10413 10629 10577 985 406 209 204 
2 5 217 10413 10629 10578 985 406 209 204 
2 5 217 10413 10629 10579 985 406 209 204 
2 5 217 10413 10629 10580 985 406 209 204 
2 5 217 10413 10629 10581 985 406 209 204 
2 5 217 10413 10629 10582 985 406 209 204 
2 5 217 10413 10629 10583 985 406 209 204 
2 5 217 10413 10629 10584 985 406 209 204 
2 5 217 10413 10629 10585 985 406 209 204 
2 5 217 10413 10629 10586 985 406 209 204 
2 5 217 10413 10629 10587 985 406 209 204 
2 5 217 10413 10629 10588 985 406 209 204 
2 5 217 10413 10629 10589 985 406 209 204 
2 5 217 10413 10629 10590 985 406 209 204 
2 5 217 10413 10629 10591 985 406 209 204 
2 5 217 10413 10629 10592 985 406 209 204 
2 5 217 10413 10629 10593 985 406 209 204 
2 5 217 10413 10629 10594 985 406 209 204 
2 5 217 10413 10629 10595 985 406 209 204 
2 5 217 10413 10629 10596 985 406 209 204 
2 5 217 10413 10629 10597 985 406 209 204 
2 5 217 10413 10629 10598 985 406 209 204 
2 5 217 10413 10629 10599 985 406 209 204 
2 5 217 10413 10629 10600 985 406 209 204 
2 5 217 10413 10629 10601 985 406 209 204 
2 5 217 10413 10629 10602 985 406 209 204 
2 5 217 10413 10629 10603 985 406 209 204 
2 5 217 10413 10629 10604 985 406 209 204 
2 5 217 10413 10629 10605 985 406 209 204 
2 5 217 10413 10629 10606 985 406 209 204 
2 5 217 10413 10629 10607 985 406 209 204 
2 5 217 10413 10629 10608 985 406 209 204 
2 5 217 10413 10629 10609 985 406 209 204 
2 5 217 10413 10629 10610 985 406 209 204 
2 5 217 10413 10629 10611 985 406 209 204 
2 5 217 10413 10629 10612 985 406 209 204 
2 5 217 10413 10629 10613 985 406 209 204 
2 5 217 10413 10629 10614 985 406 209 204 
2 5 217 10413 10629 10615 985 406 209 204 
2 5 217 10413 10629 10616 985 406 209 204 
2 5 217 10413 10629 10617 985 406 209 204 
2 5 217 10413 10629 10618 985 406 209 204 
2 5 217 10413 10629 10619 985 406 209 204 
2 5 217 10413 10629 10620 985 406 209 204 
2 5 217 10413 10629 10621 985 406 209 204 
2 5 217 10413 10629 10622 985 406 209 204 
2 5 217 10413 10629 10623 985 406 209 204 
2 5 217 10413 10629 10624 985 406 209 204 
2 5 217 10413 10629 10625 985 406 209 204 
2 5 217 10413 10629 10626 985 406 209 204 
2 5 217 10413 10629 10627 985 406 209 204 
2 5 217 10413 10629 10628 985 406 209 204 
2 5 217 10413 10629 10629 985 406 209 204 
3 2 66 10068 10133 10068 891 357 202 128 
3 2 66 10068 10133 10069 891 357 202 128 
3 2 66 10068 10133 10070 891 357 202 128 
3 2 66 10068 10133 10071 891 357 202 128 
3 2 66 10068 10133 10072 891 357 202 128 
3 2 66 10068 10133 10073 891 357 202 128 
3 2 66 10068 10133 10074 891 357 202 128 
3 2 66 10068 10133 10075 891 357 202 128 
3 2 66 10068 10133 10076 891 357 202 128 
3 2 66 10068 10133 10077 891 357 202 128 
3 2 66 10068 10133 10078 891 357 202 128 
3 2 66 10068 10133 10079 891 357 202 128 
3 2 66 10068 10133 10080 891 357 202 128 
3 2 66 10068 10133 10081 891 357 202 128 
3 2 66 10068 10133 10082 891 357 202 128 
3 2 66 10068 10133 10083 891 357 202 128 
3 2 66 10068 10133 10084 891 357 202 128 
3 2 66 10068 10133 10085 891 357 202 128 
3 2 66 10068 10133 10086 891 357 202 128 
3 2 66 10068 10133 10087 891 357 202 128 
3 2 66 10068 10133 10088 891 357 202 128 
3 2 66 10068 10133 10089 891 357 202 128 
3 2 66 10068 10133 10090 891 357 202 128 
3 2 66 10068 10133 10091 891 357 202 128 
3 2 66 10068 10133 10092 891 357 202 128 
3 2 66 10068 10133 10093 891 357 202 128 
3 2 66 10068 10133 10094 891 357 202 128 
3 2 66 10068 10133 10095 891 357 202 128 
3 2 66 10068 10133 10096 891 357 202 128 
3 2 66 10068 10133 10097 891 357 202 128 
3 2 66 10068 10133 10098 891 357 202 128 
3 2 66 10068 10133 10099 891 357 202 128 
3 2 66 10068 10133 10100 891 357 202 128 
3 2 66 10068 10133 10101 891 357 202 128 
3 2 66 10068 10133 10102 891 357 202 128 
3 2 66 10068 10133 10103 891 357 202 128 
3 2 66 10068 10133 10104 891 357 202 128 
3 2 66 10068 10133 10105 891 357 202 128 
3 2 66 10068 10133 10106 891 357 202 128 
3 2 66 10068 10133 10107 891 357 202 128 
3 2 66 10068 10133 10108 891 357 202 128 
3 2 66 10068 10133 10109 891 357 202 128 
3 2 66 10068 10133 10110 891 357 202 128 
3 2 66 10068 10133 10111 891 357 202 128 
3 2 66 10068 10133 10112 891 357 202 128 
3 2 66 10068 10133 10113 891 357 202 128 
3 2 66 10068 10133 10114 891 357 202 128 
3 2 66 10068 10133 10115 891 357 202 128 
3 2 66 10068 10133 10116 891 357 202 128 
3 2 66 10068 10133 10117 891 357 202 128 
3 2 66 10068 10133 10118 891 357 202 128 
3 2 66 10068 10133 10119 891 357 202 128 
3 2 66 10068 10133 10120 891 357 202 128 
3 2 66 10068 10133 10121 891 357 202 128 
3 2 66 10068 10133 10122 891 357 202 128 
3 2 66 10068 10133 10123 891 357 202 128 
3 2 66 10068 10133 10124 891 357 202 128 
3 2 66 10068 10133 10125 891 357 202 128 
3 2 66 10068 10133 10126 891 357 202 128 
3 2 66 10068 10133 10127 891 357 202 128 
3 2 66 10068 10133 10128 891 357 202 128 
3 2 66 10068 10133 10129 891 357 202 128 
3 2 66 10068 10133 10130 891 357 202 128 
3 2 66 10068 10133 10131 891 357 202 128 
3 2 66 10068 10133 10132 891 357 202 128 
3 2 66 10068 10133 10133 891 357 202 128 
4 6 131 9614 9744 9614 983 399 226 211 
4 6 131 9614 9744 9615 983 399 226 211 
4 6 131 9614 9744 9616 983 399 226 211 
4 6 131 9614 9744 9617 983 399 226 211 
4 6 131 9614 9744 9618 983 399 226 211 
4 6 131 9614 9744 9619 983 399 226 211 
4 6 131 9614 9744 9620 983 399 226 211 
4 6 131 9614 9744 9621 983 399 226 211 
4 6 131 9614 9744 9622 983 399 226 211 
4 6 131 9614 9744 9623 983 399 226 211 
4 6 131 9614 9744 9624 983 399 226 211 
4 6 131 9614 9744 9625 983 399 226 211 
4 6 131 9614 9744 9626 983 399 226 211 
4 6 131 9614 9744 9627 983 399 226 211 
4 6 131 9614 9744 9628 983 399 226 211 
4 6 131 9614 9744 9629 983 399 226 211 
4 6 131 9614 9744 9630 983 399 226 211 
4 6 131 9614 9744 9631 983 399 226 211 
4 6 131 9614 9744 9632 983 399 226 211 
4 6 131 9614 9744 9633 983 399 226 211 
4 6 131 9614 9744 9634 983 399 226 211 
4 6 131 9614 9744 9635 983 399 226 211 
4 6 131 9614 9744 9636 983 399 226 211 
4 6 131 9614 9744 9637 983 399 226 211 
4 6 131 9614 9744 9638 983 399 226 211 
4 6 131 9614 9744 9639 983 399 226 211 
4 6 131 9614 9744 9640 983 399 226 211 
4 6 131 9614 9744 9641 983 399 226 211 
4 6 131 9614 9744 9642 983 399 226 211 
4 6 131 9614 9744 9643 983 399 226 211 
4 6 131 9614 9744 9644 983 399 226 211 
4 6 131 9614 9744 9645 983 399 226 211 
4 6 131 9614 9744 9646 983 399 226 211 
4 6 131 9614 9744 9647 983 399 226 211 
4 6 131 9614 9744 9648 983 399 226 211 
4 6 131 9614 9744 9649 983 399 226 211 
4 6 131 9614 9744 9650 983 399 226 211 
4 6 131 9614 9744 9651 983 399 226 211 
4 6 131 9614 9744 9652 983 399 226 211 
4 6 131 9614 9744 9653 983 399 226 211 
4 6 131 9614 9744 9654 983 399 226 211 
4 6 131 9614 9744 9655 983 399 226 211 
4 6 131 9614 9744 9656 983 399 226 211 
4 6 131 9614 9744 9657 983 399 226 211 
4 6 131 9614 9744 9658 983 399 226 211 
4 6 131 9614 9744 9659 983 399 226 211 
4 6 131 9614 9744 9660 983 399 226 211 
4 6 131 9614 9744 9661 983 399 226 211 
4 6 131 9614 9744 9662 983 399 226 211 
4 6 131 9614 9744 9663 983 399 226 211 
4 6 131 9614 9744 9664 983 399 226 211 
4 6 131 9614 9744 9665 983 399 226 211 
4 6 131 9614 9744 9666 983 399 226 211 
4 6 131 9614 9744 9667 983 399 226 211 
4 6 131 9614 9744 9668 983 399 226 211 
4 6 131 9614 9744 9669 983 399 226 211 
4 6 131 9614 9744 9670 983 399 226 211 
4 6 131 9614 9744 9671 983 399 226 211 
4 6 131 9614 9744 9672 983 399 226 211 
4 6 131 9614 9744 9673 983 399 226 211 
4 6 131 9614 9744 9674 983 399 226 211 
4 6 131 9614 9744 9675 983 399 226 211 
4 6 131 9614 9744 9676 983 399 226 211 
4 6 131 9614 9744 9677 983 399 226 211 
4 6 131 9614 9744 9678 983 399 226 211 
4 6 131 9614 9744 9679 983 399 226 211 
4 6 131 9614 9744 9680 983 399 226 211 
4 6 131 9614 9744 9681 983 399 226 211 
4 6 131 9614 9744 9682 983 399 226 211 
4 6 131 9614 9744 9683 983 399 226 211 
4 6 131 9614 9744 9684 983 399 226 211 
4 6 131 9614 9744 9685 983 399 226 211 
4 6 131 9614 9744 9686 983 399 226 211 
4 6 131 9614 9744 9687 983 399 226 211 
4 6 131 9614 9744 9688 983 399 226 211 
4 6 131 9614 9744 9689 983 399 226 211 
4 6 131 9614 9744 9690 983 399 226 211 
4 6 131 9614 9744 9691 983 399 226 211 
4 6 131 9614 9744 9692 983 399 226 211 
4 6 131 9614 9744 9693 983 399 226 211 
4 6 131 9614 9744 9694 983 399 226 211 
4 6 131 9614 9744 9695 983 399 226 211 
4 6 131 9614 9744 9696 983 399 226 211 
4 6 131 9614 9744 9697 983 399 226 211 
4 6 131 9614 9744 9698 983 399 226 211 
4 6 131 9614 9744 9699 983 399 226 211 
4 6 131 9614 9744 9700 983 399 226 211 
4 6 131 9614 9744 9701 983 399 226 211 
4 6 131 9614 9744 9702 983 399 226 211 
4 6 131 9614 9744 9703 983 399 226 211 
4 6 131 9614 9744 9704 983 399 226 211 
4 6 131 9614 9744 9705 983 399 226 211 
4 6 131 9614 9744 9706 983 399 226 211 
4 6 131 9614 9744 9707 983 399 226 211 
4 6 131 9614 9744 9708 983 399 226 211 
4 6 131 9614 9744 9709 983 399 226 211 
4 6 131 9614 9744 9710 983 399 226 211 
4 6 131 9614 9744 9711 983 399 226 211 
4 6 131 9614 9744 9712 983 399 226 211 
4 6 131 9614 9744 9713 983 399 226 211 
4 6 131 9614 9744 9714 983 399 226 211 
4 6 131 9614 9744 9715 983 399 226 211 
4 6 131 9614 9744 9716 983 399 226 211 
4 6 131 9614 9744 9717 983 399 226 211 
4 6 131 9614 9744 9718 983 399 226 211 
4 6 131 9614 9744 9719 983 399 226 211 
4 6 131 9614 9744 9720 983 399 226 211 
4 6 131 9614 9744 9721 983 399 226 211 
4 6 131 9614 9744 9722 983 399 226 211 
4 6 131 9614 9744 9723 983 399 226 211 
4 6 131 9614 9744 9724 983 399 226 211 
4 6 131 9614 9744 9725 983 399 226 211 
4 6 131 9614 9744 9726 983 399 226 211 
4 6 131 9614 9744 9727 983 399 226 211 
4 6 131 9614 9744 9728 983 399 226 211 
4 6 131 9614 9744 9729 983 399 226 211 
4 6 131 9614 9744 9730 983 399 226 211 
4 6 131 9614 9744 9731 983 399 226 211 
4 6 131 9614 9744 9732 983 399 226 211 
4 6 131 9614 9744 9733 983 399 226 211 
4 6 131 9614 9744 9734 983 399 226 211 
4 6 131 9614 9744 9735 983 399 226 211 
4 6 131 9614 9744 9736 983 399 226 211 
4 6 131 9614 9744 9737 983 399 226 211 
4 6 131 9614 9744 9738 983 399 226 211 
4 6 131 9614 9744 9739 983 399 226 211 
4 6 131 9614 9744 9740 983 399 226 211 
4 6 131 9614 9744 9741 983 399 226 211 
4 6 131 9614 9744 9742 983 399 226 211 
4 6 131 9614 9744 9743 983 399 226 211 
4 6 131 9614 9744 9744 983 399 226 211 
5 6 112 15812 15923 15812 1220 378 241 126 
5 6 112 15812 15923 15813 1220 378 241 126 
5 6 112 15812 15923 15814 1220 378 241 126 
5 6 112 15812 15923 15815 1220 378 241 126 
5 6 112 15812 15923 15816 1220 378 241 126 
5 6 112 15812 15923 15817 1220 378 241 126 
5 6 112 15812 15923 15818 1220 378 241 126 
5 6 112 15812 15923 15819 1220 378 241 126 
5 6 112 15812 15923 15820 1220 378 241 126 
5 6 112 15812 15923 15821 1220 378 241 126 
5 6 112 15812 15923 15822 1220 378 241 126 
5 6 112 15812 15923 15823 1220 378 241 126 
5 6 112 15812 15923 15824 1220 378 241 126 
5 6 112 15812 15923 15825 1220 378 241 126 
5 6 112 15812 15923 15826 1220 378 241 126 
5 6 112 15812 15923 15827 1220 378 241 126 
5 6 112 15812 15923 15828 1220 378 241 126 
5 6 112 15812 15923 15829 1220 378 241 126 
5 6 112 15812 15923 15830 1220 378 241 126 
5 6 112 15812 15923 15831 1220 378 241 126 
5 6 112 15812 15923 15832 1220 378 241 126 
5 6 112 15812 15923 15833 1220 378 241 126 
5 6 112 15812 15923 15834 1220 378 241 126 
5 6 112 15812 15923 15835 1220 378 241 126 
5 6 112 15812 15923 15836 1220 378 241 126 
5 6 112 15812 15923 15837 1220 378 241 126 
5 6 112 15812 15923 15838 1220 378 241 126 
5 6 112 15812 15923 15839 1220 378 241 126 
5 6 112 15812 15923 15840 1220 378 241 126 
5 6 112 15812 15923 15841 1220 378 241 126 
5 6 112 15812 15923 15842 1220 378 241 126 
5 6 112 15812 15923 15843 1220 378 241 126 
5 6 112 15812 15923 15844 1220 378 241 126 
5 6 112 15812 15923 15845 1220 378 241 126 
5 6 112 15812 15923 15846 1220 378 241 126 
5 6 112 15812 15923 15847 1220 378 241 126 
5 6 112 15812 15923 15848 1220 378 241 126 
5 6 112 15812 15923 15849 1220 378 241 126 
5 6 112 15812 15923 15850 1220 378 241 126 
5 6 112 15812 15923 15851 1220 378 241 126 
5 6 112 15812 15923 15852 1220 378 241 126 
5 6 112 15812 15923 15853 1220 378 241 126 
5 6 112 15812 15923 15854 1220 378 241 126 
5 6 112 15812 15923 15855 1220 378 241 126 
5 6 112 15812 15923 15856 1220 378 241 126 
5 6 112 15812 15923 15857 1220 378 241 126 
5 6 112 15812 15923 15858 1220 378 241 126 
5 6 112 15812 15923 15859 1220 378 241 126 
5 6 112 15812 15923 15860 1220 378 241 126 
5 6 112 15812 15923 15861 1220 378 241 126 
5 6 112 15812 15923 15862 1220 378 241 126 
5 6 112 15812 15923 15863 1220 378 241 126 
5 6 112 15812 15923 15864 1220 378 241 126 
5 6 112 15812 15923 15865 1220 378 241 126 
5 6 112 15812 15923 15866 1220 378 241 126 
5 6 112 15812 15923 15867 1220 378 241 126 
5 6 112 15812 15923 15868 1220 378 241 126 
5 6 112 15812 15923 15869 1220 378 241 126 
5 6 112 15812 15923 15870 1220 378 241 126 
5 6 112 15812 15923 15871 1220 378 241 126 
5 6 112 15812 15923 15872 1220 378 241 126 
5 6 112 15812 15923 15873 1220 378 241 126 
5 6 112 15812 15923 15874 1220 378 241 126 
5 6 112 15812 15923 15875 1220 378 241 126 
5 6 112 15812 15923 15876 1220 378 241 126 
5 6 112 15812 15923 15877 1220 378 241 126 
5 6 112 15812 15923 15878 1220 378 241 126 
5 6 112 15812 15923 15879 1220 378 241 126 
5 6 112 15812 15923 15880 1220 378 241 126 
5 6 112 15812 15923 15881 1220 378 241 126 
5 6 112 15812 15923 15882 1220 378 241 126 
5 6 112 15812 15923 15883 1220 378 241 126 
5 6 112 15812 15923 15884 1220 378 241 126 
5 6 112 15812 15923 15885 1220 378 241 126 
5 6 112 15812 15923 15886 1220 378 241 126 
5 6 112 15812 15923 15887 1220 378 241 126 
5 6 112 15812 15923 15888 1220 378 241 126 
5 6 112 15812 15923 15889 1220 378 241 126 
5 6 112 15812 15923 15890 1220 378 241 126 
5 6 112 15812 15923 15891 1220 378 241 126 
5 6 112 15812 15923 15892 1220 378 241 126 
5 6 112 15812 15923 15893 1220 378 241 126 
5 6 112 15812 15923 15894 1220 378 241 126 
5 6 112 15812 15923 15895 1220 378 241 126 
5 6 112 15812 15923 15896 1220 378 241 126 
5 6 112 15812 15923 15897 1220 378 241 126 
5 6 112 15812 15923 15898 1220 378 241 126 
5 6 112 15812 15923 15899 1220 378 241 126 
5 6 112 15812 15923 15900 1220 378 241 126 
5 6 112 15812 15923 15901 1220 378 241 126 
5 6 112 15812 15923 15902 1220 378 241 126 
5 6 112 15812 15923 15903 1220 378 241 126 
5 6 112 15812 15923 15904 1220 378 241 126 
5 6 112 15812 15923 15905 1220 378 241 126 
5 6 112 15812 15923 15906 1220 378 241 126 
5 6 112 15812 15923 15907 1220 378 241 126 
5 6 112 15812 15923 15908 1220 378 241 126 
5 6 112 15812 15923 15909 1220 378 241 126 
5 6 112 15812 15923 15910 1220 378 241 126 
5 6 112 15812 15923 15911 1220 378 241 126 
5 6 112 15812 15923 15912 1220 378 241 126 
5 6 112 15812 15923 15913 1220 378 241 126 
5 6 112 15812 15923 15914 1220 378 241 126 
5 6 112 15812 15923 15915 1220 378 241 126 
5 6 112 15812 15923 15916 1220 378 241 126 
5 6 112 15812 15923 15917 1220 378 241 126 
5 6 112 15812 15923 15918 1220 378 241 126 
5 6 112 15812 15923 15919 1220 378 241 126 
5 6 112 15812 15923 15920 1220 378 241 126 
5 6 112 15812 15923 15921 1220 378 241 126 
5 6 112 15812 15923 15922 1220 378 241 126 
5 6 112 15812 15923 15923 1220 378 241 126 
6 5 151 17522 17672 17522 1253 380 198 126 
6 5 151 17522 17672 17523 1253 380 198 126 
6 5 151 17522 17672 17524 1253 380 198 126 
6 5 151 17522 17672 17525 1253 380 198 126 
6 5 151 17522 17672 17526 1253 380 198 126 
6 5 151 17522 17672 17527 1253 380 198 126 
6 5 151 17522 17672 17528 1253 380 198 126 
6 5 151 17522 17672 17529 1253 380 198 126 
6 5 151 17522 17672 17530 1253 380 198 126 
6 5 151 17522 17672 17531 1253 380 198 126 
6 5 151 17522 17672 17532 1253 380 198 126 
6 5 151 17522 17672 17533 1253 380 198 126 
6 5 151 17522 17672 17534 1253 380 198 126 
6 5 151 17522 17672 17535 1253 380 198 126 
6 5 151 17522 17672 17536 1253 380 198 126 
6 5 151 17522 17672 17537 1253 380 198 126 
6 5 151 17522 17672 17538 1253 380 198 126 
6 5 151 17522 17672 17539 1253 380 198 126 
6 5 151 17522 17672 17540 1253 380 198 126 
6 5 151 17522 17672 17541 1253 380 198 126 
6 5 151 17522 17672 17542 1253 380 198 126 
6 5 151 17522 17672 17543 1253 380 198 126 
6 5 151 17522 17672 17544 1253 380 198 126 
6 5 151 17522 17672 17545 1253 380 198 126 
6 5 151 17522 17672 17546 1253 380 198 126 
6 5 151 17522 17672 17547 1253 380 198 126 
6 5 151 17522 17672 17548 1253 380 198 126 
6 5 151 17522 17672 17549 1253 380 198 126 
6 5 151 17522 17672 17550 1253 380 198 126 
6 5 151 17522 17672 17551 1253 380 198 126 
6 5 151 17522 17672 17552 1253 380 198 126 
6 5 151 17522 17672 17553 1253 380 198 126 
6 5 151 17522 17672 17554 1253 380 198 126 
6 5 151 17522 17672 17555 1253 380 198 126 
6 5 151 17522 17672 17556 1253 380 198 126 
6 5 151 17522 17672 17557 1253 380 198 126 
6 5 151 17522 17672 17558 1253 380 198 126 
6 5 151 17522 17672 17559 1253 380 198 126 
6 5 151 17522 17672 17560 1253 380 198 126 
6 5 151 17522 17672 17561 1253 380 198 126 
6 5 151 17522 17672 17562 1253 380 198 126 
6 5 151 17522 17672 17563 1253 380 198 126 
6 5 151 17522 17672 17564 1253 380 198 126 
6 5 151 17522 17672 17565 1253 380 198 126 
6 5 151 17522 17672 17566 1253 380 198 126 
6 5 151 17522 17672 17567 1253 380 198 126 
6 5 151 17522 17672 17568 1253 380 198 126 
6 5 151 17522 17672 17569 1253 380 198 126 
6 5 151 17522 17672 17570 1253 380 198 126 
6 5 151 17522 17672 17571 1253 380 198 126 
6 5 151 17522 17672 17572 1253 380 198 126 
6 5 151 17522 17672 17573 1253 380 198 126 
6 5 151 17522 17672 17574 1253 380 198 126 
6 5 151 17522 17672 17575 1253 380 198 126 
6 5 151 17522 17672 17576 1253 380 198 126 
6 5 151 17522 17672 17577 1253 380 198 126 
6 5 151 17522 17672 17578 1253 380 198 126 
6 5 151 17522 17672 17579 1253 380 198 126 
6 5 151 17522 17672 17580 1253 380 198 126 
6 5 151 17522 17672 17581 1253 380 198 126 
6 5 151 17522 17672 17582 1253 380 198 126 
6 5 151 17522 17672 17583 1253 380 198 126 
6 5 151 17522 17672 17584 1253 380 198 126 
6 5 151 17522 17672 17585 1253 380 198 126 
6 5 151 17522 17672 17586 1253 380 198 126 
6 5 151 17522 17672 17587 1253 380 198 126 
6 5 151 17522 17672 17588 1253 380 198 126 
6 5 151 17522 17672 17589 1253 380 198 126 
6 5 151 17522 17672 17590 1253 380 198 126 
6 5 151 17522 17672 17591 1253 380 198 126 
6 5 151 17522 17672 17592 1253 380 198 126 
6 5 151 17522 17672 17593 1253 380 198 126 
6 5 151 17522 17672 17594 1253 380 198 126 
6 5 151 17522 17672 17595 1253 380 198 126 
6 5 151 17522 17672 17596 1253 380 198 126 
6 5 151 17522 17672 17597 1253 380 198 126 
6 5 151 17522 17672 17598 1253 380 198 126 
6 5 151 17522 17672 17599 1253 380 198 126 
6 5 151 17522 17672 17600 1253 380 198 126 
6 5 151 17522 17672 17601 1253 380 198 126 
6 5 151 17522 17672 17602 1253 380 198 126 
6 5 151 17522 17672 17603 1253 380 198 126 
6 5 151 17522 17672 17604 1253 380 198 126 
6 5 151 17522 17672 17605 1253 380 198 126 
6 5 151 17522 17672 17606 1253 380 198 126 
6 5 151 17522 17672 17607 1253 380 198 126 
6 5 151 17522 17672 17608 1253 380 198 126 
6 5 151 17522 17672 17609 1253 380 198 126 
6 5 151 17522 17672 17610 1253 380 198 126 
6 5 151 17522 17672 17611 1253 380 198 126 
6 5 151 17522 17672 17612 1253 380 198 126 
6 5 151 17522 17672 17613 1253 380 198 126 
6 5 151 17522 17672 17614 1253 380 198 126 
6 5 151 17522 17672 17615 1253 380 198 126 
6 5 151 17522 17672 17616 1253 380 198 126 
6 5 151 17522 17672 17617 1253 380 198 126 
6 5 151 17522 17672 17618 1253 380 198 126 
6 5 151 17522 17672 17619 1253 380 198 126 
6 5 151 17522 17672 17620 1253 380 198 126 
6 5 151 17522 17672 17621 1253 380 198 126 
6 5 151 17522 17672 17622 1253 380 198 126 
6 5 151 17522 17672 17623 1253 380 198 126 
6 5 151 17522 17672 17624 1253 380 198 126 
6 5 151 17522 17672 17625 1253 380 198 126 
6 5 151 17522 17672 17626 1253 380 198 126 
6 5 151 17522 17672 17627 1253 380 198 126 
6 5 151 17522 17672 17628 1253 380 198 126 
6 5 151 17522 17672 17629 1253 380 198 126 
6 5 151 17522 17672 17630 1253 380 198 126 
6 5 151 17522 17672 17631 1253 380 198 126 
6 5 151 17522 17672 17632 1253 380 198 126 
6 5 151 17522 17672 17633 1253 380 198 126 
6 5 151 17522 17672 17634 1253 380 198 126 
6 5 151 17522 17672 17635 1253 380 198 126 
6 5 151 17522 17672 17636 1253 380 198 126 
6 5 151 17522 17672 17637 1253 380 198 126 
6 5 151 17522 17672 17638 1253 380 198 126 
6 5 151 17522 17672 17639 1253 380 198 126 
6 5 151 17522 17672 17640 1253 380 198 126 
6 5 151 17522 17672 17641 1253 380 198 126 
6 5 151 17522 17672 17642 1253 380 198 126 
6 5 151 17522 17672 17643 1253 380 198 126 
6 5 151 17522 17672 17644 1253 380 198 126 
6 5 151 17522 17672 17645 1253 380 198 126 
6 5 151 17522 17672 17646 1253 380 198 126 
6 5 151 17522 17672 17647 1253 380 198 126 
6 5 151 17522 17672 17648 1253 380 198 126 
6 5 151 17522 17672 17649 1253 380 198 126 
6 5 151 17522 17672 17650 1253 380 198 126 
6 5 151 17522 17672 17651 1253 380 198 126 
6 5 151 17522 17672 17652 1253 380 198 126 
6 5 151 17522 17672 17653 1253 380 198 126 
6 5 151 17522 17672 17654 1253 380 198 126 
6 5 151 17522 17672 17655 1253 380 198 126 
6 5 151 17522 17672 17656 1253 380 198 126 
6 5 151 17522 17672 17657 1253 380 198 126 
6 5 151 17522 17672 17658 1253 380 198 126 
6 5 151 17522 17672 17659 1253 380 198 126 
6 5 151 17522 17672 17660 1253 380 198 126 
6 5 151 17522 17672 17661 1253 380 198 126 
6 5 151 17522 17672 17662 1253 380 198 126 
6 5 151 17522 17672 17663 1253 380 198 126 
6 5 151 17522 17672 17664 1253 380 198 126 
6 5 151 17522 17672 17665 1253 380 198 126 
6 5 151 17522 17672 17666 1253 380 198 126 
6 5 151 17522 17672 17667 1253 380 198 126 
6 5 151 17522 17672 17668 1253 380 198 126 
6 5 151 17522 17672 17669 1253 380 198 126 
6 5 151 17522 17672 17670 1253 380 198 126 
6 5 151 17522 17672 17671 1253 380 198 126 
6 5 151 17522 17672 17672 1253 380 198 126 
15 9 307 10235 10541 10235 861 376 118 186 
15 9 307 10235 10541 10236 861 377 118 186 
15 9 307 10235 10541 10237 861 377 118 186 
15 9 307 10235 10541 10238 860 377 118 186 
15 9 307 10235 10541 10239 859 377 120 187 
15 9 307 10235 10541 10240 858 377 120 189 
15 9 307 10235 10541 10241 857 378 120 189 
15 9 307 10235 10541 10242 856 378 120 190 
15 9 307 10235 10541 10243 855 379 120 190 
15 9 307 10235 10541 10244 854 379 120 192 
15 9 307 10235 10541 10245 853 380 120 192 
15 9 307 10235 10541 10246 852 379 120 195 
15 9 307 10235 10541 10247 851 380 120 195 
15 9 307 10235 10541 10248 850 380 120 196 
15 9 307 10235 10541 10249 849 380 120 198 
15 9 307 10235 10541 10250 848 381 120 198 
15 9 307 10235 10541 10251 847 381 120 199 
15 9 307 10235 10541 10252 845 382 120 198 
15 9 307 10235 10541 10253 844 383 120 196 
15 9 307 10235 10541 10254 842 383 120 196 
15 9 307 10235 10541 10255 841 384 120 195 
15 9 307 10235 10541 10256 838 384 122 195 
15 9 307 10235 10541 10257 838 385 120 193 
15 9 307 10235 10541 10258 835 387 122 192 
15 9 307 10235 10541 10259 834 387 122 192 
15 9 307 10235 10541 10260 832 388 122 190 
15 9 307 10235 10541 10261 831 388 122 190 
15 9 307 10235 10541 10262 829 389 124 189 
15 9 307 10235 10541 10263 828 390 124 187 
15 9 307 10235 10541 10264 825 391 124 187 
15 9 307 10235 10541 10265 823 392 124 187 
15 9 307 10235 10541 10266 821 393 124 187 
15 9 307 10235 10541 10267 819 394 124 187 
15 9 307 10235 10541 10268 817 395 124 187 
15 9 307 10235 10541 10269 815 396 124 187 
15 9 307 10235 10541 10270 813 398 124 187 
15 9 307 10235 10541 10271 811 399 124 187 
15 9 307 10235 10541 10272 809 400 124 187 
15 9 307 10235 10541 10273 807 401 124 187 
15 9 307 10235 10541 10274 805 402 124 187 
15 9 307 10235 10541 10275 803 403 124 187 
15 9 307 10235 10541 10276 801 404 124 187 
15 9 307 10235 10541 10277 799 406 124 187 
15 9 307 10235 10541 10278 796 407 124 187 
15 9 307 10235 10541 10279 794 408 124 187 
15 9 307 10235 10541 10280 792 409 124 187 
15 9 307 10235 10541 10281 789 410 124 187 
15 9 307 10235 10541 10282 787 411 124 187 
15 9 307 10235 10541 10283 785 412 124 187 
15 9 307 10235 10541 10284 782 413 124 187 
15 9 307 10235 10541 10285 780 414 124 187 
15 9 307 10235 10541 10286 778 415 124 187 
15 9 307 10235 10541 10287 776 417 124 187 
15 9 307 10235 10541 10288 774 417 124 189 
15 9 307 10235 10541 10289 771 418 126 189 
15 9 307 10235 10541 10290 769 419 128 189 
15 9 307 10235 10541 10291 768 420 128 189 
15 9 307 10235 10541 10292 765 421 130 189 
15 9 307 10235 10541 10293 763 422 130 189 
15 9 307 10235 10541 10294 761 423 132 190 
15 9 307 10235 10541 10295 760 424 132 190 
15 9 307 10235 10541 10296 757 425 134 190 
15 9 307 10235 10541 10297 755 426 136 190 
15 9 307 10235 10541 10298 752 427 138 190 
15 9 307 10235 10541 10299 751 428 138 192 
15 9 307 10235 10541 10300 750 428 138 192 
15 9 307 10235 10541 10301 749 427 138 193 
15 9 307 10235 10541 10302 748 427 138 193 
15 9 307 10235 10541 10303 748 427 138 195 
15 9 307 10235 10541 10304 747 427 138 196 
15 9 307 10235 10541 10305 746 428 138 195 
15 9 307 10235 10541 10306 746 428 138 196 
15 9 307 10235 10541 10307 745 428 138 198 
15 9 307 10235 10541 10308 744 428 138 198 
15 9 307 10235 10541 10309 743 427 138 199 
15 9 307 10235 10541 10310 743 427 138 201 
15 9 307 10235 10541 10311 742 428 138 199 
15 9 307 10235 10541 10312 741 428 138 201 
15 9 307 10235 10541 10313 741 428 138 202 
15 9 307 10235 10541 10314 740 428 138 202 
15 9 307 10235 10541 10315 739 428 138 204 
15 9 307 10235 10541 10316 739 429 138 204 
15 9 307 10235 10541 10317 738 430 138 204 
15 9 307 10235 10541 10318 737 431 138 204 
15 9 307 10235 10541 10319 736 432 138 204 
15 9 307 10235 10541 10320 735 433 138 204 
15 9 307 10235 10541 10321 734 434 138 204 
15 9 307 10235 10541 10322 734 435 138 204 
15 9 307 10235 10541 10323 733 436 138 204 
15 9 307 10235 10541 10324 732 437 138 204 
15 9 307 10235 10541 10325 731 438 138 204 
15 9 307 10235 10541 10326 730 439 138 204 
15 9 307 10235 10541 10327 729 440 138 204 
15 9 307 10235 10541 10328 729 442 138 204 
15 9 307 10235 10541 10329 728 443 136 204 
15 9 307 10235 10541 10330 726 444 136 204 
15 9 307 10235 10541 10331 724 445 136 204 
15 9 307 10235 10541 10332 723 446 134 204 
15 9 307 10235 10541 10333 721 447 134 204 
15 9 307 10235 10541 10334 719 449 134 202 
15 9 307 10235 10541 10335 717 450 134 204 
15 9 307 10235 10541 10336 717 451 132 204 
15 9 307 10235 10541 10337 715 452 132 204 
15 9 307 10235 10541 10338 713 453 132 204 
15 9 307 10235 10541 10339 711 454 132 204 
15 9 307 10235 10541 10340 711 456 128 202 
15 9 307 10235 10541 10341 709 457 128 204 
15 9 307 10235 10541 10342 707 458 128 204 
15 9 307 10235 10541 10343 705 459 128 204 
15 9 307 10235 10541 10344 704 460 126 204 
15 9 307 10235 10541 10345 702 461 126 204 
15 9 307 10235 10541 10346 700 463 126 202 
15 9 307 10235 10541 10347 698 464 126 204 
15 9 307 10235 10541 10348 698 465 124 204 
15 9 307 10235 10541 10349 696 466 124 204 
15 9 307 10235 10541 10350 694 467 124 204 
15 9 307 10235 10541 10351 692 468 124 204 
15 9 307 10235 10541 10352 691 470 122 204 
15 9 307 10235 10541 10353 687 468 124 205 
15 9 307 10235 10541 10354 683 468 126 207 
15 9 307 10235 10541 10355 680 468 128 207 
15 9 307 10235 10541 10356 676 467 130 210 
15 9 307 10235 10541 10357 673 467 130 210 
15 9 307 10235 10541 10358 670 466 132 211 
15 9 307 10235 10541 10359 666 465 134 214 
15 9 307 10235 10541 10360 663 465 136 214 
15 9 307 10235 10541 10361 660 465 136 216 
15 9 307 10235 10541 10362 656 463 138 219 
15 9 307 10235 10541 10363 653 463 140 219 
15 9 307 10235 10541 10364 649 463 142 220 
15 9 307 10235 10541 10365 646 463 144 222 
15 9 307 10235 10541 10366 643 465 144 222 
15 9 307 10235 10541 10367 641 467 144 222 
15 9 307 10235 10541 10368 639 469 144 222 
15 9 307 10235 10541 10369 637 471 144 222 
15 9 307 10235 10541 10370 634 473 144 222 
15 9 307 10235 10541 10371 632 475 144 222 
15 9 307 10235 10541 10372 630 477 144 222 
15 9 307 10235 10541 10373 628 479 144 222 
15 9 307 10235 10541 10374 625 481 144 222 
15 9 307 10235 10541 10375 623 483 144 222 
15 9 307 10235 10541 10376 621 485 144 222 
15 9 307 10235 10541 10377 619 487 144 222 
15 9 307 10235 10541 10378 615 487 144 222 
15 9 307 10235 10541 10379 611 488 144 222 
15 9 307 10235 10541 10380 608 489 144 220 
15 9 307 10235 10541 10381 604 489 144 222 
15 9 307 10235 10541 10382 599 490 146 220 
15 9 307 10235 10541 10383 597 491 144 220 
15 9 307 10235 10541 10384 592 491 146 220 
15 9 307 10235 10541 10385 590 492 144 220 
15 9 307 10235 10541 10386 586 493 144 220 
15 9 307 10235 10541 10387 581 493 146 220 
15 9 307 10235 10541 10388 579 494 144 220 
15 9 307 10235 10541 10389 574 495 146 219 
15 9 307 10235 10541 10390 572 496 144 219 
15 9 307 10235 10541 10391 567 496 146 219 
15 9 307 10235 10541 10392 563 497 146 219 
15 9 307 10235 10541 10393 561 498 144 219 
15 9 307 10235 10541 10394 556 498 146 219 
15 9 307 10235 10541 10395 554 499 144 219 
15 9 307 10235 10541 10396 549 500 146 217 
15 9 307 10235 10541 10397 545 500 146 219 
15 9 307 10235 10541 10398 542 501 146 217 
15 9 307 10235 10541 10399 538 502 146 217 
15 9 307 10235 10541 10400 535 503 146 217 
15 9 307 10235 10541 10401 531 505 146 216 
15 9 307 10235 10541 10402 529 506 144 216 
15 9 307 10235 10541 10403 524 507 146 214 
15 9 307 10235 10541 10404 522 508 144 214 
15 9 307 10235 10541 10405 519 509 144 214 
15 9 307 10235 10541 10406 515 510 144 213 
15 9 307 10235 10541 10407 512 511 144 213 
15 9 307 10235 10541 10408 508 512 144 213 
15 9 307 10235 10541 10409 505 515 144 210 
15 9 307 10235 10541 10410 502 516 142 210 
15 9 307 10235 10541 10411 498 517 144 210 
15 9 307 10235 10541 10412 495 518 142 208 
15 9 307 10235 10541 10413 491 519 144 208 
15 9 307 10235 10541 10414 488 520 142 208 
15 9 307 10235 10541 10415 485 521 142 207 
15 9 307 10235 10541 10416 481 522 142 207 
15 9 307 10235 10541 10417 478 523 142 207 
15 9 307 10235 10541 10418 475 525 142 205 
15 9 307 10235 10541 10419 471 525 142 205 
15 9 307 10235 10541 10420 468 526 142 205 
15 9 307 10235 10541 10421 465 527 142 205 
15 9 307 10235 10541 10422 462 527 142 205 
15 9 307 10235 10541 10423 459 528 142 205 
15 9 307 10235 10541 10424 456 529 142 205 
15 9 307 10235 10541 10425 453 529 142 205 
15 9 307 10235 10541 10426 450 530 142 205 
15 9 307 10235 10541 10427 447 531 142 205 
15 9 307 10235 10541 10428 444 531 142 205 
15 9 307 10235 10541 10429 441 532 142 205 
15 9 307 10235 10541 10430 438 533 142 205 
15 9 307 10235 10541 10431 435 534 142 205 
15 9 307 10235 10541 10432 431 535 142 205 
15 9 307 10235 10541 10433 428 537 142 205 
15 9 307 10235 10541 10434 424 538 142 205 
15 9 307 10235 10541 10435 421 540 142 205 
15 9 307 10235 10541 10436 417 541 142 205 
15 9 307 10235 10541 10437 414 543 142 205 
15 9 307 10235 10541 10438 410 544 142 205 
15 9 307 10235 10541 10439 407 546 142 205 
15 9 307 10235 10541 10440 403 547 142 205 
15 9 307 10235 10541 10441 400 549 142 205 
15 9 307 10235 10541 10442 396 550 142 205 
15 9 307 10235 10541 10443 393 552 142 205 
15 9 307 10235 10541 10444 389 553 142 205 
15 9 307 10235 10541 10445 386 555 142 205 
15 9 307 10235 10541 10446 382 556 142 205 
15 9 307 10235 10541 10447 379 558 142 205 
15 9 307 10235 10541 10448 375 559 142 205 
15 9 307 10235 10541 10449 372 561 142 205 
15 9 307 10235 10541 10450 368 562 142 205 
15 9 307 10235 10541 10451 365 564 142 205 
15 9 307 10235 10541 10452 361 565 142 205 
15 9 307 10235 10541 10453 358 567 142 205 
15 9 307 10235 10541 10454 355 569 142 205 
15 9 307 10235 10541 10455 351 569 144 207 
15 9 307 10235 10541 10456 347 570 146 208 
15 9 307 10235 10541 10457 344 571 148 210 
15 9 307 10235 10541 10458 339 572 152 210 
15 9 307 10235 10541 10459 335 572 154 211 
15 9 307 10235 10541 10460 332 573 156 213 
15 9 307 10235 10541 10461 328 574 158 214 
15 9 307 10235 10541 10462 324 575 160 214 
15 9 307 10235 10541 10463 320 576 162 216 
15 9 307 10235 10541 10464 317 576 164 217 
15 9 307 10235 10541 10465 313 577 166 219 
15 9 307 10235 10541 10466 308 577 170 222 
15 9 307 10235 10541 10467 305 578 172 222 
15 9 307 10235 10541 10468 301 578 174 223 
15 9 307 10235 10541 10469 296 579 178 225 
15 9 307 10235 10541 10470 293 580 180 226 
15 9 307 10235 10541 10471 289 581 182 228 
15 9 307 10235 10541 10472 286 581 184 229 
15 9 307 10235 10541 10473 281 581 184 229 
15 9 307 10235 10541 10474 277 581 184 229 
15 9 307 10235 10541 10475 273 582 184 229 
15 9 307 10235 10541 10476 269 582 184 229 
15 9 307 10235 10541 10477 264 582 184 229 
15 9 307 10235 10541 10478 260 583 184 229 
15 9 307 10235 10541 10479 256 583 184 229 
15 9 307 10235 10541 10480 252 584 184 229 
15 9 307 10235 10541 10481 247 584 184 229 
15 9 307 10235 10541 10482 243 584 184 229 
15 9 307 10235 10541 10483 239 585 184 229 
15 9 307 10235 10541 10484 235 585 184 229 
15 9 307 10235 10541 10485 231 586 184 229 
15 9 307 10235 10541 10486 226 587 184 228 
15 9 307 10235 10541 10487 222 588 184 226 
15 9 307 10235 10541 10488 218 589 184 225 
15 9 307 10235 10541 10489 212 589 186 225 
15 9 307 10235 10541 10490 208 590 186 223 
15 9 307 10235 10541 10491 205 592 184 222 
15 9 307 10235 10541 10492 199 592 186 222 
15 9 307 10235 10541 10493 195 593 186 220 
15 9 307 10235 10541 10494 191 594 186 219 
15 9 307 10235 10541 10495 186 594 188 219 
15 9 307 10235 10541 10496 182 595 188 217 
15 9 307 10235 10541 10497 178 596 188 217 
15 9 307 10235 10541 10498 174 596 186 217 
15 9 307 10235 10541 10499 172 596 184 217 
15 9 307 10235 10541 10500 168 597 184 217 
15 9 307 10235 10541 10501 165 597 182 217 
15 9 307 10235 10541 10502 161 599 182 216 
15 9 307 10235 10541 10503 159 598 180 217 
15 9 307 10235 10541 10504 155 600 180 216 
15 9 307 10235 10541 10505 152 599 178 217 
15 9 307 10235 10541 10506 150 601 176 216 
15 9 307 10235 10541 10507 146 601 176 216 
15 9 307 10235 10541 10508 143 600 174 217 
15 9 307 10235 10541 10509 139 602 174 216 
15 9 307 10235 10541 10510 137 601 172 217 
15 9 307 10235 10541 10511 133 603 172 216 
15 9 307 10235 10541 10512 130 603 170 216 
15 9 307 10235 10541 10513 126 604 170 216 
15 9 307 10235 10541 10514 124 604 168 216 
15 9 307 10235 10541 10515 121 605 168 216 
15 9 307 10235 10541 10516 117 605 168 216 
15 9 307 10235 10541 10517 114 605 168 216 
15 9 307 10235 10541 10518 110 605 168 216 
15 9 307 10235 10541 10519 107 605 168 216 
15 9 307 10235 10541 10520 104 605 168 216 
15 9 307 10235 10541 10521 100 605 168 216 
15 9 307 10235 10541 10522 97 605 168 216 
15 9 307 10235 10541 10523 94 605 168 216 
15 9 307 10235 10541 10524 90 605 168 216 
15 9 307 10235 10541 10525 87 605 168 216 
15 9 307 10235 10541 10526 84 605 168 216 
15 9 307 10235 10541 10527 80 605 168 216 
15 9 307 10235 10541 10528 77 605 168 216 
15 9 307 10235 10541 10529 74 605 168 216 
15 9 307 10235 10541 10530 70 605 168 216 
15 9 307 10235 10541 10531 67 605 168 216 
15 9 307 10235 10541 10532 64 606 168 216 
15 9 307 10235 10541 10533 60 606 168 216 
15 9 307 10235 10541 10534 57 606 168 216 
15 9 307 10235 10541 10535 54 607 168 216 
15 9 307 10235 10541 10536 50 607 168 216 
15 9 307 10235 10541 10537 47 608 168 216 
15 9 307 10235 10541 10538 44 608 168 216 
15 9 307 10235 10541 10539 40 609 168 216 
15 9 307 10235 10541 10540 37 609 168 216 
15 9 307 10235 10541 10541 34 610 168 216 
30 9 418 17364 17781 17364 1337 309 108 184 
30 9 418 17364 17781 17365 1338 310 108 184 
30 9 418 17364 17781 17366 1338 309 108 184 
30 9 418 17364 17781 17367 1339 309 108 184 
30 9 418 17364 17781 17368 1339 309 108 184 
30 9 418 17364 17781 17369 1340 309 108 184 
30 9 418 17364 17781 17370 1340 308 108 184 
30 9 418 17364 17781 17371 1341 308 108 184 
30 9 418 17364 17781 17372 1341 308 108 184 
30 9 418 17364 17781 17373 1342 308 108 184 
30 9 418 17364 17781 17374 1342 308 108 184 
30 9 418 17364 17781 17375 1343 307 108 184 
30 9 418 17364 17781 17376 1343 307 108 184 
30 9 418 17364 17781 17377 1344 307 108 184 
30 9 418 17364 17781 17378 1344 307 108 184 
30 9 418 17364 17781 17379 1345 307 108 184 
30 9 418 17364 17781 17380 1345 306 108 184 
30 9 418 17364 17781 17381 1346 306 108 184 
30 9 418 17364 17781 17382 1346 306 108 184 
30 9 418 17364 17781 17383 1347 306 108 184 
30 9 418 17364 17781 17384 1346 305 110 184 
30 9 418 17364 17781 17385 1348 305 108 184 
30 9 418 17364 17781 17386 1349 305 108 184 
30 9 418 17364 17781 17387 1349 305 108 184 
30 9 418 17364 17781 17388 1350 305 108 184 
30 9 418 17364 17781 17389 1350 304 108 184 
30 9 418 17364 17781 17390 1351 304 108 184 
30 9 418 17364 17781 17391 1351 304 108 184 
30 9 418 17364 17781 17392 1352 304 108 184 
30 9 418 17364 17781 17393 1352 304 108 184 
30 9 418 17364 17781 17394 1353 303 108 184 
30 9 418 17364 17781 17395 1353 303 108 184 
30 9 418 17364 17781 17396 1354 303 108 184 
30 9 418 17364 17781 17397 1354 303 108 184 
30 9 418 17364 17781 17398 1355 303 108 184 
30 9 418 17364 17781 17399 1355 302 108 184 
30 9 418 17364 17781 17400 1356 302 108 184 
30 9 418 17364 17781 17401 1356 302 108 184 
30 9 418 17364 17781 17402 1357 302 108 184 
30 9 418 17364 17781 17403 1358 302 108 184 
30 9 418 17364 17781 17404 1358 301 108 184 
30 9 418 17364 17781 17405 1358 301 108 184 
30 9 418 17364 17781 17406 1358 300 108 184 
30 9 418 17364 17781 17407 1359 300 108 184 
30 9 418 17364 17781 17408 1359 299 108 184 
30 9 418 17364 17781 17409 1359 299 108 184 
30 9 418 17364 17781 17410 1359 298 108 184 
30 9 418 17364 17781 17411 1360 298 108 184 
30 9 418 17364 17781 17412 1360 297 108 184 
30 9 418 17364 17781 17413 1360 297 108 184 
30 9 418 17364 17781 17414 1361 296 108 184 
30 9 418 17364 17781 17415 1361 296 108 184 
30 9 418 17364 17781 17416 1361 295 108 184 
30 9 418 17364 17781 17417 1361 295 108 184 
30 9 418 17364 17781 17418 1362 294 108 184 
30 9 418 17364 17781 17419 1362 294 108 184 
30 9 418 17364 17781 17420 1362 293 108 184 
30 9 418 17364 17781 17421 1362 293 108 184 
30 9 418 17364 17781 17422 1363 292 108 184 
30 9 418 17364 17781 17423 1363 292 108 184 
30 9 418 17364 17781 17424 1363 292 108 184 
30 9 418 17364 17781 17425 1364 291 108 184 
30 9 418 17364 17781 17426 1364 291 108 184 
30 9 418 17364 17781 17427 1364 290 108 184 
30 9 418 17364 17781 17428 1364 290 108 184 
30 9 418 17364 17781 17429 1365 289 108 184 
30 9 418 17364 17781 17430 1365 289 108 184 
30 9 418 17364 17781 17431 1365 288 108 184 
30 9 418 17364 17781 17432 1365 288 108 184 
30 9 418 17364 17781 17433 1366 287 108 184 
30 9 418 17364 17781 17434 1366 287 108 184 
30 9 418 17364 17781 17435 1366 286 108 184 
30 9 418 17364 17781 17436 1367 286 108 184 
30 9 418 17364 17781 17437 1367 285 108 184 
30 9 418 17364 17781 17438 1367 285 108 184 
30 9 418 17364 17781 17439 1367 284 108 184 
30 9 418 17364 17781 17440 1368 284 108 184 
30 9 418 17364 17781 17441 1368 283 108 184 
30 9 418 17364 17781 17442 1368 283 108 184 
30 9 418 17364 17781 17443 1369 283 108 184 
30 9 418 17364 17781 17444 1370 282 108 184 
30 9 418 17364 17781 17445 1371 281 108 184 
30 9 418 17364 17781 17446 1371 280 110 186 
30 9 418 17364 17781 17447 1374 279 108 186 
30 9 418 17364 17781 17448 1375 277 108 187 
30 9 418 17364 17781 17449 1375 278 110 186 
30 9 418 17364 17781 17450 1378 276 108 187 
30 9 418 17364 17781 17451 1379 275 108 187 
30 9 418 17364 17781 17452 1379 274 110 189 
30 9 418 17364 17781 17453 1382 273 108 189 
30 9 418 17364 17781 17454 1383 273 108 187 
30 9 418 17364 17781 17455 1383 272 110 189 
30 9 418 17364 17781 17456 1384 271 110 189 
30 9 418 17364 17781 17457 1386 270 110 190 
30 9 418 17364 17781 17458 1387 269 110 190 
30 9 418 17364 17781 17459 1388 268 110 192 
30 9 418 17364 17781 17460 1389 268 112 190 
30 9 418 17364 17781 17461 1390 267 112 190 
30 9 418 17364 17781 17462 1392 266 112 192 
30 9 418 17364 17781 17463 1393 265 112 192 
30 9 418 17364 17781 17464 1393 263 114 193 
30 9 418 17364 17781 17465 1394 262 114 193 
30 9 418 17364 17781 17466 1395 261 114 195 
30 9 418 17364 17781 17467 1397 261 114 193 
30 9 418 17364 17781 17468 1398 260 114 195 
30 9 418 17364 17781 17469 1399 259 116 195 
30 9 418 17364 17781 17470 1400 258 116 196 
30 9 418 17364 17781 17471 1402 257 116 196 
30 9 418 17364 17781 17472 1403 256 116 198 
30 9 418 17364 17781 17473 1403 255 118 198 
30 9 418 17364 17781 17474 1404 255 118 198 
30 9 418 17364 17781 17475 1406 254 118 198 
30 9 418 17364 17781 17476 1407 252 118 199 
30 9 418 17364 17781 17477 1408 251 120 199 
30 9 418 17364 17781 17478 1410 250 118 201 
30 9 418 17364 17781 17479 1411 249 120 201 
30 9 418 17364 17781 17480 1412 248 120 202 
30 9 418 17364 17781 17481 1414 247 120 202 
30 9 418 17364 17781 17482 1415 246 120 204 
30 9 418 17364 17781 17483 1415 245 122 204 
30 9 418 17364 17781 17484 1417 245 122 204 
30 9 418 17364 17781 17485 1418 244 122 202 
30 9 418 17364 17781 17486 1420 243 122 202 
30 9 418 17364 17781 17487 1422 242 122 202 
30 9 418 17364 17781 17488 1424 241 122 202 
30 9 418 17364 17781 17489 1425 240 122 201 
30 9 418 17364 17781 17490 1427 240 122 199 
30 9 418 17364 17781 17491 1429 239 122 199 
30 9 418 17364 17781 17492 1431 238 122 199 
30 9 418 17364 17781 17493 1432 237 122 199 
30 9 418 17364 17781 17494 1434 237 122 198 
30 9 418 17364 17781 17495 1436 236 122 198 
30 9 418 17364 17781 17496 1438 236 122 196 
30 9 418 17364 17781 17497 1440 235 122 196 
30 9 418 17364 17781 17498 1441 234 122 196 
30 9 418 17364 17781 17499 1443 233 122 195 
30 9 418 17364 17781 17500 1445 232 122 195 
30 9 418 17364 17781 17501 1447 232 122 193 
30 9 418 17364 17781 17502 1448 231 122 193 
30 9 418 17364 17781 17503 1450 230 122 193 
30 9 418 17364 17781 17504 1452 230 122 192 
30 9 418 17364 17781 17505 1454 229 122 192 
30 9 418 17364 17781 17506 1456 228 122 192 
30 9 418 17364 17781 17507 1457 228 122 190 
30 9 418 17364 17781 17508 1459 227 122 190 
30 9 418 17364 17781 17509 1461 226 122 189 
30 9 418 17364 17781 17510 1463 225 122 189 
30 9 418 17364 17781 17511 1464 224 122 189 
30 9 418 17364 17781 17512 1466 223 122 189 
30 9 418 17364 17781 17513 1468 223 122 187 
30 9 418 17364 17781 17514 1470 223 122 186 
30 9 418 17364 17781 17515 1472 222 122 186 
30 9 418 17364 17781 17516 1473 221 122 186 
30 9 418 17364 17781 17517 1475 220 122 186 
30 9 418 17364 17781 17518 1477 219 122 186 
30 9 418 17364 17781 17519 1479 219 122 183 
30 9 418 17364 17781 17520 1480 218 122 183 
30 9 418 17364 17781 17521 1482 217 122 183 
30 9 418 17364 17781 17522 1484 216 122 183 
30 9 418 17364 17781 17523 1486 215 122 183 
30 9 418 17364 17781 17524 1488 215 122 181 
30 9 418 17364 17781 17525 1489 214 122 181 
30 9 418 17364 17781 17526 1491 213 122 181 
30 9 418 17364 17781 17527 1493 212 122 183 
30 9 418 17364 17781 17528 1496 212 120 181 
30 9 418 17364 17781 17529 1496 211 122 181 
30 9 418 17364 17781 17530 1498 210 122 183 
30 9 418 17364 17781 17531 1501 210 120 181 
30 9 418 17364 17781 17532 1503 209 120 181 
30 9 418 17364 17781 17533 1503 208 122 183 
30 9 418 17364 17781 17534 1506 207 120 183 
30 9 418 17364 17781 17535 1508 207 120 181 
30 9 418 17364 17781 17536 1510 206 120 183 
30 9 418 17364 17781 17537 1512 205 118 183 
30 9 418 17364 17781 17538 1513 205 120 181 
30 9 418 17364 17781 17539 1515 204 120 183 
30 9 418 17364 17781 17540 1517 203 118 183 
30 9 418 17364 17781 17541 1519 203 118 181 
30 9 418 17364 17781 17542 1520 202 120 183 
30 9 418 17364 17781 17543 1522 201 118 183 
30 9 418 17364 17781 17544 1524 200 118 183 
30 9 418 17364 17781 17545 1526 200 118 183 
30 9 418 17364 17781 17546 1529 199 116 183 
30 9 418 17364 17781 17547 1529 198 118 183 
30 9 418 17364 17781 17548 1531 198 118 183 
30 9 418 17364 17781 17549 1533 197 118 183 
30 9 418 17364 17781 17550 1536 196 116 183 
30 9 418 17364 17781 17551 1536 195 118 184 
30 9 418 17364 17781 17552 1538 195 118 183 
30 9 418 17364 17781 17553 1541 194 116 183 
30 9 418 17364 17781 17554 1543 193 116 184 
30 9 418 17364 17781 17555 1543 193 118 183 
30 9 418 17364 17781 17556 1546 192 116 183 
30 9 418 17364 17781 17557 1548 191 116 184 
30 9 418 17364 17781 17558 1550 191 116 183 
30 9 418 17364 17781 17559 1552 190 114 183 
30 9 418 17364 17781 17560 1553 189 116 184 
30 9 418 17364 17781 17561 1555 188 116 184 
30 9 418 17364 17781 17562 1557 188 114 183 
30 9 418 17364 17781 17563 1559 187 114 184 
30 9 418 17364 17781 17564 1560 186 116 184 
30 9 418 17364 17781 17565 1562 186 114 183 
30 9 418 17364 17781 17566 1564 185 114 184 
30 9 418 17364 17781 17567 1566 184 114 184 
30 9 418 17364 17781 17568 1568 184 114 184 
30 9 418 17364 17781 17569 1569 183 114 184 
30 9 418 17364 17781 17570 1571 182 114 184 
30 9 418 17364 17781 17571 1572 182 114 183 
30 9 418 17364 17781 17572 1574 181 114 183 
30 9 418 17364 17781 17573 1575 180 114 184 
30 9 418 17364 17781 17574 1577 180 114 183 
30 9 418 17364 17781 17575 1578 179 114 183 
30 9 418 17364 17781 17576 1580 178 114 183 
30 9 418 17364 17781 17577 1581 178 114 181 
30 9 418 17364 17781 17578 1583 177 114 183 
30 9 418 17364 17781 17579 1584 176 116 183 
30 9 418 17364 17781 17580 1586 176 114 181 
30 9 418 17364 17781 17581 1588 175 114 181 
30 9 418 17364 17781 17582 1589 174 114 181 
30 9 418 17364 17781 17583 1591 174 114 181 
30 9 418 17364 17781 17584 1592 173 114 181 
30 9 418 17364 17781 17585 1594 172 114 181 
30 9 418 17364 17781 17586 1595 173 114 180 
30 9 418 17364 17781 17587 1597 172 114 180 
30 9 418 17364 17781 17588 1598 170 114 181 
30 9 418 17364 17781 17589 1600 171 114 180 
30 9 418 17364 17781 17590 1601 170 116 180 
30 9 418 17364 17781 17591 1603 169 114 180 
30 9 418 17364 17781 17592 1605 169 114 178 
30 9 418 17364 17781 17593 1606 168 114 180 
30 9 418 17364 17781 17594 1608 167 114 180 
30 9 418 17364 17781 17595 1609 167 114 178 
30 9 418 17364 17781 17596 1611 166 114 178 
30 9 418 17364 17781 17597 1612 165 114 178 
30 9 418 17364 17781 17598 1614 165 114 178 
30 9 418 17364 17781 17599 1615 164 114 178 
30 9 418 17364 17781 17600 1617 163 114 178 
30 9 418 17364 17781 17601 1618 163 116 177 
30 9 418 17364 17781 17602 1620 162 114 177 
30 9 418 17364 17781 17603 1622 161 114 178 
30 9 418 17364 17781 17604 1623 161 114 177 
30 9 418 17364 17781 17605 1625 160 114 177 
30 9 418 17364 17781 17606 1626 159 114 177 
30 9 418 17364 17781 17607 1627 159 116 175 
30 9 418 17364 17781 17608 1629 158 114 177 
30 9 418 17364 17781 17609 1630 157 116 177 
30 9 418 17364 17781 17610 1632 157 114 175 
30 9 418 17364 17781 17611 1633 156 116 175 
30 9 418 17364 17781 17612 1635 156 116 175 
30 9 418 17364 17781 17613 1636 155 116 175 
30 9 418 17364 17781 17614 1637 154 116 175 
30 9 418 17364 17781 17615 1639 154 116 175 
30 9 418 17364 17781 17616 1640 153 116 175 
30 9 418 17364 17781 17617 1642 153 116 175 
30 9 418 17364 17781 17618 1643 152 116 175 
30 9 418 17364 17781 17619 1645 151 116 175 
30 9 418 17364 17781 17620 1646 151 116 175 
30 9 418 17364 17781 17621 1648 150 116 175 
30 9 418 17364 17781 17622 1649 150 116 175 
30 9 418 17364 17781 17623 1651 149 116 175 
30 9 418 17364 17781 17624 1652 148 116 175 
30 9 418 17364 17781 17625 1654 148 116 175 
30 9 418 17364 17781 17626 1655 147 116 175 
30 9 418 17364 17781 17627 1657 147 116 175 
30 9 418 17364 17781 17628 1658 146 116 175 
30 9 418 17364 17781 17629 1660 145 116 175 
30 9 418 17364 17781 17630 1661 145 116 175 
30 9 418 17364 17781 17631 1663 144 116 175 
30 9 418 17364 17781 17632 1664 144 116 175 
30 9 418 17364 17781 17633 1666 143 116 175 
30 9 418 17364 17781 17634 1667 142 116 175 
30 9 418 17364 17781 17635 1668 142 116 175 
30 9 418 17364 17781 17636 1670 141 116 175 
30 9 418 17364 17781 17637 1671 141 116 175 
30 9 418 17364 17781 17638 1673 140 116 175 
30 9 418 17364 17781 17639 1674 139 116 175 
30 9 418 17364 17781 17640 1676 139 116 175 
30 9 418 17364 17781 17641 1677 138 116 175 
30 9 418 17364 17781 17642 1679 138 116 175 
30 9 418 17364 17781 17643 1680 137 116 175 
30 9 418 17364 17781 17644 1682 136 116 175 
30 9 418 17364 17781 17645 1683 136 116 175 
30 9 418 17364 17781 17646 1685 135 116 175 
30 9 418 17364 17781 17647 1686 135 116 175 
30 9 418 17364 17781 17648 1688 134 116 175 
30 9 418 17364 17781 17649 1689 133 116 175 
30 9 418 17364 17781 17650 1691 133 116 175 
30 9 418 17364 17781 17651 1692 132 116 175 
30 9 418 17364 17781 17652 1694 132 116 175 
30 9 418 17364 17781 17653 1695 131 116 175 
30 9 418 17364 17781 17654 1697 131 116 175 
30 9 418 17364 17781 17655 1698 130 116 175 
30 9 418 17364 17781 17656 1700 129 114 175 
30 9 418 17364 17781 17657 1701 129 116 175 
30 9 418 17364 17781 17658 1703 128 114 175 
30 9 418 17364 17781 17659 1704 127 116 175 
30 9 418 17364 17781 17660 1706 127 114 175 
30 9 418 17364 17781 17661 1707 126 114 175 
30 9 418 17364 17781 17662 1709 125 114 175 
30 9 418 17364 17781 17663 1710 125 114 175 
30 9 418 17364 17781 17664 1712 124 114 175 
30 9 418 17364 17781 17665 1713 123 114 175 
30 9 418 17364 17781 17666 1716 123 112 175 
30 9 418 17364 17781 17667 1716 122 114 175 
30 9 418 17364 17781 17668 1719 121 112 175 
30 9 418 17364 17781 17669 1721 121 112 175 
30 9 418 17364 17781 17670 1722 120 112 175 
30 9 418 17364 17781 17671 1724 119 112 175 
30 9 418 17364 17781 17672 1725 119 112 175 
30 9 418 17364 17781 17673 1727 118 110 175 
30 9 418 17364 17781 17674 1728 117 112 175 
30 9 418 17364 17781 17675 1730 117 110 175 
30 9 418 17364 17781 17676 1731 116 112 175 
30 9 418 17364 17781 17677 1733 115 110 175 
30 9 418 17364 17781 17678 1734 115 110 175 
30 9 418 17364 17781 17679 1736 114 110 175 
30 9 418 17364 17781 17680 1737 113 110 175 
30 9 418 17364 17781 17681 1739 113 110 175 
30 9 418 17364 17781 17682 1742 112 108 175 
30 9 418 17364 17781 17683 1742 111 110 175 
30 9 418 17364 17781 17684 1745 111 108 175 
30 9 418 17364 17781 17685 1746 110 108 175 
30 9 418 17364 17781 17686 1748 109 108 175 
30 9 418 17364 17781 17687 1749 109 108 175 
30 9 418 17364 17781 17688 1751 108 108 175 
30 9 418 17364 17781 17689 1752 107 108 175 
30 9 418 17364 17781 17690 1754 107 106 175 
30 9 418 17364 17781 17691 1755 106 108 175 
30 9 418 17364 17781 17692 1757 105 106 175 
30 9 418 17364 17781 17693 1758 105 108 175 
30 9 418 17364 17781 17694 1760 104 106 175 
30 9 418 17364 17781 17695 1762 104 106 175 
30 9 418 17364 17781 17696 1762 103 106 175 
30 9 418 17364 17781 17697 1763 102 106 175 
30 9 418 17364 17781 17698 1764 103 106 174 
30 9 418 17364 17781 17699 1765 102 106 174 
30 9 418 17364 17781 17700 1766 102 106 174 
30 9 418 17364 17781 17701 1767 101 106 174 
30 9 418 17364 17781 17702 1768 101 106 172 
30 9 418 17364 17781 17703 1769 100 106 172 
30 9 418 17364 17781 17704 1770 100 106 171 
30 9 418 17364 17781 17705 1771 99 106 172 
30 9 418 17364 17781 17706 1772 99 106 171 
30 9 418 17364 17781 17707 1773 98 106 171 
30 9 418 17364 17781 17708 1774 98 106 169 
30 9 418 17364 17781 17709 1775 97 106 169 
30 9 418 17364 17781 17710 1776 97 106 169 
30 9 418 17364 17781 17711 1777 96 106 169 
30 9 418 17364 17781 17712 1778 97 106 168 
30 9 418 17364 17781 17713 1779 96 106 168 
30 9 418 17364 17781 17714 1780 96 106 166 
30 9 418 17364 17781 17715 1780 95 106 168 
30 9 418 17364 17781 17716 1781 95 106 166 
30 9 418 17364 17781 17717 1782 94 106 166 
30 9 418 17364 17781 17718 1783 94 106 165 
30 9 418 17364 17781 17719 1784 93 106 165 
30 9 418 17364 17781 17720 1785 93 106 165 
30 9 418 17364 17781 17721 1786 92 106 165 
30 9 418 17364 17781 17722 1787 92 106 163 
30 9 418 17364 17781 17723 1788 91 106 163 
30 9 418 17364 17781 17724 1789 92 106 162 
30 9 418 17364 17781 17725 1790 90 106 163 
30 9 418 17364 17781 17726 1791 91 106 162 
30 9 418 17364 17781 17727 1792 90 106 162 
30 9 418 17364 17781 17728 1793 90 106 160 
30 9 418 17364 17781 17729 1794 89 106 160 
30 9 418 17364 17781 17730 1795 89 106 160 
30 9 418 17364 17781 17731 1796 88 106 160 
30 9 418 17364 17781 17732 1797 88 106 159 
30 9 418 17364 17781 17733 1798 87 106 159 
30 9 418 17364 17781 17734 1799 87 106 159 
30 9 418 17364 17781 17735 1800 86 106 159 
30 9 418 17364 17781 17736 1801 86 106 159 
30 9 418 17364 17781 17737 1802 85 106 159 
30 9 418 17364 17781 17738 1803 85 106 159 
30 9 418 17364 17781 17739 1804 84 106 159 
30 9 418 17364 17781 17740 1805 84 106 159 
30 9 418 17364 17781 17741 1806 84 106 159 
30 9 418 17364 17781 17742 1807 83 106 159 
30 9 418 17364 17781 17743 1808 83 106 159 
30 9 418 17364 17781 17744 1809 82 106 159 
30 9 418 17364 17781 17745 1810 82 106 159 
30 9 418 17364 17781 17746 1811 82 106 159 
30 9 418 17364 17781 17747 1812 81 106 159 
30 9 418 17364 17781 17748 1813 81 105 159 
30 9 418 17364 17781 17749 1814 80 104 159 
30 9 418 17364 17781 17750 1815 80 103 159 
30 9 418 17364 17781 17751 1816 79 102 159 
30 9 418 17364 17781 17752 1817 79 101 159 
30 9 418 17364 17781 17753 1818 79 100 159 
30 9 418 17364 17781 17754 1819 78 99 159 
30 9 418 17364 17781 17755 1820 78 98 159 
30 9 418 17364 17781 17756 1821 77 97 159 
30 9 418 17364 17781 17757 1822 77 96 159 
30 9 418 17364 17781 17758 1823 77 95 159 
30 9 418 17364 17781 17759 1824 76 94 159 
30 9 418 17364 17781 17760 1825 76 93 159 
30 9 418 17364 17781 17761 1826 75 92 159 
30 9 418 17364 17781 17762 1827 75 91 159 
30 9 418 17364 17781 17763 1828 74 90 159 
30 9 418 17364 17781 17764 1829 74 89 159 
30 9 418 17364 17781 17765 1830 74 88 159 
30 9 418 17364 17781 17766 1831 73 87 159 
30 9 418 17364 17781 17767 1832 73 86 159 
30 9 418 17364 17781 17768 1833 72 85 159 
30 9 418 17364 17781 17769 1834 72 84 159 
30 9 418 17364 17781 17770 1835 72 83 159 
30 9 418 17364 17781 17771 1836 71 82 159 
30 9 418 17364 17781 17772 1837 71 81 159 
30 9 418 17364 17781 17773 1838 70 80 159 
30 9 418 17364 17781 17774 1839 70 79 159 
30 9 418 17364 17781 17775 1840 70 78 159 
30 9 418 17364 17781 17776 1840 70 78 159 
30 9 418 17364 17781 17777 1840 70 78 159 
30 9 418 17364 17781 17778 1840 70 78 159 
30 9 418 17364 17781 17779 1840 70 78 159 
30 9 418 17364 17781 17780 1840 70 78 159 
30 9 418 17364 17781 17781 1840 70 78 159 
