0 6 133 5080 5212 5080 1171 353 187 120 
0 6 133 5080 5212 5081 1171 353 187 120 
0 6 133 5080 5212 5082 1171 353 187 120 
0 6 133 5080 5212 5083 1171 353 187 120 
0 6 133 5080 5212 5084 1171 353 187 120 
0 6 133 5080 5212 5085 1171 353 187 120 
0 6 133 5080 5212 5086 1171 353 187 120 
0 6 133 5080 5212 5087 1171 353 187 120 
0 6 133 5080 5212 5088 1171 353 187 120 
0 6 133 5080 5212 5089 1171 353 187 120 
0 6 133 5080 5212 5090 1171 353 187 120 
0 6 133 5080 5212 5091 1171 353 187 120 
0 6 133 5080 5212 5092 1171 353 187 120 
0 6 133 5080 5212 5093 1171 353 187 120 
0 6 133 5080 5212 5094 1171 353 187 120 
0 6 133 5080 5212 5095 1171 353 187 120 
0 6 133 5080 5212 5096 1171 353 187 120 
0 6 133 5080 5212 5097 1171 353 187 120 
0 6 133 5080 5212 5098 1171 353 187 120 
0 6 133 5080 5212 5099 1171 353 187 120 
0 6 133 5080 5212 5100 1171 353 187 120 
0 6 133 5080 5212 5101 1171 353 187 120 
0 6 133 5080 5212 5102 1171 353 187 120 
0 6 133 5080 5212 5103 1171 353 187 120 
0 6 133 5080 5212 5104 1171 353 187 120 
0 6 133 5080 5212 5105 1171 353 187 120 
0 6 133 5080 5212 5106 1171 353 187 120 
0 6 133 5080 5212 5107 1171 353 187 120 
0 6 133 5080 5212 5108 1171 353 187 120 
0 6 133 5080 5212 5109 1171 353 187 120 
0 6 133 5080 5212 5110 1171 353 187 120 
0 6 133 5080 5212 5111 1171 353 187 120 
0 6 133 5080 5212 5112 1171 353 187 120 
0 6 133 5080 5212 5113 1171 353 187 120 
0 6 133 5080 5212 5114 1171 353 187 120 
0 6 133 5080 5212 5115 1171 353 187 120 
0 6 133 5080 5212 5116 1171 353 187 120 
0 6 133 5080 5212 5117 1171 353 187 120 
0 6 133 5080 5212 5118 1171 353 187 120 
0 6 133 5080 5212 5119 1171 353 187 120 
0 6 133 5080 5212 5120 1171 353 187 120 
0 6 133 5080 5212 5121 1171 353 187 120 
0 6 133 5080 5212 5122 1171 353 187 120 
0 6 133 5080 5212 5123 1171 353 187 120 
0 6 133 5080 5212 5124 1171 353 187 120 
0 6 133 5080 5212 5125 1171 353 187 120 
0 6 133 5080 5212 5126 1171 353 187 120 
0 6 133 5080 5212 5127 1171 353 187 120 
0 6 133 5080 5212 5128 1171 353 187 120 
0 6 133 5080 5212 5129 1171 353 187 120 
0 6 133 5080 5212 5130 1171 353 187 120 
0 6 133 5080 5212 5131 1171 353 187 120 
0 6 133 5080 5212 5132 1171 353 187 120 
0 6 133 5080 5212 5133 1171 353 187 120 
0 6 133 5080 5212 5134 1171 353 187 120 
0 6 133 5080 5212 5135 1171 353 187 120 
0 6 133 5080 5212 5136 1171 353 187 120 
0 6 133 5080 5212 5137 1171 353 187 120 
0 6 133 5080 5212 5138 1171 353 187 120 
0 6 133 5080 5212 5139 1171 353 187 120 
0 6 133 5080 5212 5140 1171 353 187 120 
0 6 133 5080 5212 5141 1171 353 187 120 
0 6 133 5080 5212 5142 1171 353 187 120 
0 6 133 5080 5212 5143 1171 353 187 120 
0 6 133 5080 5212 5144 1171 353 187 120 
0 6 133 5080 5212 5145 1171 353 187 120 
0 6 133 5080 5212 5146 1171 353 187 120 
0 6 133 5080 5212 5147 1171 353 187 120 
0 6 133 5080 5212 5148 1171 353 187 120 
0 6 133 5080 5212 5149 1171 353 187 120 
0 6 133 5080 5212 5150 1171 353 187 120 
0 6 133 5080 5212 5151 1171 353 187 120 
0 6 133 5080 5212 5152 1171 353 187 120 
0 6 133 5080 5212 5153 1171 353 187 120 
0 6 133 5080 5212 5154 1171 353 187 120 
0 6 133 5080 5212 5155 1171 353 187 120 
0 6 133 5080 5212 5156 1171 353 187 120 
0 6 133 5080 5212 5157 1171 353 187 120 
0 6 133 5080 5212 5158 1171 353 187 120 
0 6 133 5080 5212 5159 1171 353 187 120 
0 6 133 5080 5212 5160 1171 353 187 120 
0 6 133 5080 5212 5161 1171 353 187 120 
0 6 133 5080 5212 5162 1171 353 187 120 
0 6 133 5080 5212 5163 1171 353 187 120 
0 6 133 5080 5212 5164 1171 353 187 120 
0 6 133 5080 5212 5165 1171 353 187 120 
0 6 133 5080 5212 5166 1171 353 187 120 
0 6 133 5080 5212 5167 1171 353 187 120 
0 6 133 5080 5212 5168 1171 353 187 120 
0 6 133 5080 5212 5169 1171 353 187 120 
0 6 133 5080 5212 5170 1171 353 187 120 
0 6 133 5080 5212 5171 1171 353 187 120 
0 6 133 5080 5212 5172 1171 353 187 120 
0 6 133 5080 5212 5173 1171 353 187 120 
0 6 133 5080 5212 5174 1171 353 187 120 
0 6 133 5080 5212 5175 1171 353 187 120 
0 6 133 5080 5212 5176 1171 353 187 120 
0 6 133 5080 5212 5177 1171 353 187 120 
0 6 133 5080 5212 5178 1171 353 187 120 
0 6 133 5080 5212 5179 1171 353 187 120 
0 6 133 5080 5212 5180 1171 353 187 120 
0 6 133 5080 5212 5181 1171 353 187 120 
0 6 133 5080 5212 5182 1171 353 187 120 
0 6 133 5080 5212 5183 1171 353 187 120 
0 6 133 5080 5212 5184 1171 353 187 120 
0 6 133 5080 5212 5185 1171 353 187 120 
0 6 133 5080 5212 5186 1171 353 187 120 
0 6 133 5080 5212 5187 1171 353 187 120 
0 6 133 5080 5212 5188 1171 353 187 120 
0 6 133 5080 5212 5189 1171 353 187 120 
0 6 133 5080 5212 5190 1171 353 187 120 
0 6 133 5080 5212 5191 1171 353 187 120 
0 6 133 5080 5212 5192 1171 353 187 120 
0 6 133 5080 5212 5193 1171 353 187 120 
0 6 133 5080 5212 5194 1171 353 187 120 
0 6 133 5080 5212 5195 1171 353 187 120 
0 6 133 5080 5212 5196 1171 353 187 120 
0 6 133 5080 5212 5197 1171 353 187 120 
0 6 133 5080 5212 5198 1171 353 187 120 
0 6 133 5080 5212 5199 1171 353 187 120 
0 6 133 5080 5212 5200 1171 353 187 120 
0 6 133 5080 5212 5201 1171 353 187 120 
0 6 133 5080 5212 5202 1171 353 187 120 
0 6 133 5080 5212 5203 1171 353 187 120 
0 6 133 5080 5212 5204 1171 353 187 120 
0 6 133 5080 5212 5205 1171 353 187 120 
0 6 133 5080 5212 5206 1171 353 187 120 
0 6 133 5080 5212 5207 1171 353 187 120 
0 6 133 5080 5212 5208 1171 353 187 120 
0 6 133 5080 5212 5209 1171 353 187 120 
0 6 133 5080 5212 5210 1171 353 187 120 
0 6 133 5080 5212 5211 1171 353 187 120 
0 6 133 5080 5212 5212 1171 353 187 120 
1 3 59 5512 5570 5512 1069 353 175 119 
1 3 59 5512 5570 5513 1069 353 175 119 
1 3 59 5512 5570 5514 1069 353 175 119 
1 3 59 5512 5570 5515 1069 353 175 119 
1 3 59 5512 5570 5516 1069 353 175 119 
1 3 59 5512 5570 5517 1069 353 175 119 
1 3 59 5512 5570 5518 1069 353 175 119 
1 3 59 5512 5570 5519 1069 353 175 119 
1 3 59 5512 5570 5520 1069 353 175 119 
1 3 59 5512 5570 5521 1069 353 175 119 
1 3 59 5512 5570 5522 1069 353 175 119 
1 3 59 5512 5570 5523 1069 353 175 119 
1 3 59 5512 5570 5524 1069 353 175 119 
1 3 59 5512 5570 5525 1069 353 175 119 
1 3 59 5512 5570 5526 1069 353 175 119 
1 3 59 5512 5570 5527 1069 353 175 119 
1 3 59 5512 5570 5528 1069 353 175 119 
1 3 59 5512 5570 5529 1069 353 175 119 
1 3 59 5512 5570 5530 1069 353 175 119 
1 3 59 5512 5570 5531 1069 353 175 119 
1 3 59 5512 5570 5532 1069 353 175 119 
1 3 59 5512 5570 5533 1069 353 175 119 
1 3 59 5512 5570 5534 1069 353 175 119 
1 3 59 5512 5570 5535 1069 353 175 119 
1 3 59 5512 5570 5536 1069 353 175 119 
1 3 59 5512 5570 5537 1069 353 175 119 
1 3 59 5512 5570 5538 1069 353 175 119 
1 3 59 5512 5570 5539 1069 353 175 119 
1 3 59 5512 5570 5540 1069 353 175 119 
1 3 59 5512 5570 5541 1069 353 175 119 
1 3 59 5512 5570 5542 1069 353 175 119 
1 3 59 5512 5570 5543 1069 353 175 119 
1 3 59 5512 5570 5544 1069 353 175 119 
1 3 59 5512 5570 5545 1069 353 175 119 
1 3 59 5512 5570 5546 1069 353 175 119 
1 3 59 5512 5570 5547 1069 353 175 119 
1 3 59 5512 5570 5548 1069 353 175 119 
1 3 59 5512 5570 5549 1069 353 175 119 
1 3 59 5512 5570 5550 1069 353 175 119 
1 3 59 5512 5570 5551 1069 353 175 119 
1 3 59 5512 5570 5552 1069 353 175 119 
1 3 59 5512 5570 5553 1069 353 175 119 
1 3 59 5512 5570 5554 1069 353 175 119 
1 3 59 5512 5570 5555 1069 353 175 119 
1 3 59 5512 5570 5556 1069 353 175 119 
1 3 59 5512 5570 5557 1069 353 175 119 
1 3 59 5512 5570 5558 1069 353 175 119 
1 3 59 5512 5570 5559 1069 353 175 119 
1 3 59 5512 5570 5560 1069 353 175 119 
1 3 59 5512 5570 5561 1069 353 175 119 
1 3 59 5512 5570 5562 1069 353 175 119 
1 3 59 5512 5570 5563 1069 353 175 119 
1 3 59 5512 5570 5564 1069 353 175 119 
1 3 59 5512 5570 5565 1069 353 175 119 
1 3 59 5512 5570 5566 1069 353 175 119 
1 3 59 5512 5570 5567 1069 353 175 119 
1 3 59 5512 5570 5568 1069 353 175 119 
1 3 59 5512 5570 5569 1069 353 175 119 
1 3 59 5512 5570 5570 1069 353 175 119 
2 4 59 5665 5723 5665 1047 352 168 120 
2 4 59 5665 5723 5666 1047 352 168 120 
2 4 59 5665 5723 5667 1047 352 168 120 
2 4 59 5665 5723 5668 1047 352 168 120 
2 4 59 5665 5723 5669 1047 352 168 120 
2 4 59 5665 5723 5670 1047 352 168 120 
2 4 59 5665 5723 5671 1047 352 168 120 
2 4 59 5665 5723 5672 1047 352 168 120 
2 4 59 5665 5723 5673 1047 352 168 120 
2 4 59 5665 5723 5674 1047 352 168 120 
2 4 59 5665 5723 5675 1047 352 168 120 
2 4 59 5665 5723 5676 1047 352 168 120 
2 4 59 5665 5723 5677 1047 352 168 120 
2 4 59 5665 5723 5678 1047 352 168 120 
2 4 59 5665 5723 5679 1047 352 168 120 
2 4 59 5665 5723 5680 1047 352 168 120 
2 4 59 5665 5723 5681 1047 352 168 120 
2 4 59 5665 5723 5682 1047 352 168 120 
2 4 59 5665 5723 5683 1047 352 168 120 
2 4 59 5665 5723 5684 1047 352 168 120 
2 4 59 5665 5723 5685 1047 352 168 120 
2 4 59 5665 5723 5686 1047 352 168 120 
2 4 59 5665 5723 5687 1047 352 168 120 
2 4 59 5665 5723 5688 1047 352 168 120 
2 4 59 5665 5723 5689 1047 352 168 120 
2 4 59 5665 5723 5690 1047 352 168 120 
2 4 59 5665 5723 5691 1047 352 168 120 
2 4 59 5665 5723 5692 1047 352 168 120 
2 4 59 5665 5723 5693 1047 352 168 120 
2 4 59 5665 5723 5694 1047 352 168 120 
2 4 59 5665 5723 5695 1047 352 168 120 
2 4 59 5665 5723 5696 1047 352 168 120 
2 4 59 5665 5723 5697 1047 352 168 120 
2 4 59 5665 5723 5698 1047 352 168 120 
2 4 59 5665 5723 5699 1047 352 168 120 
2 4 59 5665 5723 5700 1047 352 168 120 
2 4 59 5665 5723 5701 1047 352 168 120 
2 4 59 5665 5723 5702 1047 352 168 120 
2 4 59 5665 5723 5703 1047 352 168 120 
2 4 59 5665 5723 5704 1047 352 168 120 
2 4 59 5665 5723 5705 1047 352 168 120 
2 4 59 5665 5723 5706 1047 352 168 120 
2 4 59 5665 5723 5707 1047 352 168 120 
2 4 59 5665 5723 5708 1047 352 168 120 
2 4 59 5665 5723 5709 1047 352 168 120 
2 4 59 5665 5723 5710 1047 352 168 120 
2 4 59 5665 5723 5711 1047 352 168 120 
2 4 59 5665 5723 5712 1047 352 168 120 
2 4 59 5665 5723 5713 1047 352 168 120 
2 4 59 5665 5723 5714 1047 352 168 120 
2 4 59 5665 5723 5715 1047 352 168 120 
2 4 59 5665 5723 5716 1047 352 168 120 
2 4 59 5665 5723 5717 1047 352 168 120 
2 4 59 5665 5723 5718 1047 352 168 120 
2 4 59 5665 5723 5719 1047 352 168 120 
2 4 59 5665 5723 5720 1047 352 168 120 
2 4 59 5665 5723 5721 1047 352 168 120 
2 4 59 5665 5723 5722 1047 352 168 120 
2 4 59 5665 5723 5723 1047 352 168 120 
3 5 133 5935 6067 5935 1165 368 191 97 
3 5 133 5935 6067 5936 1165 368 191 97 
3 5 133 5935 6067 5937 1165 368 191 97 
3 5 133 5935 6067 5938 1165 368 191 97 
3 5 133 5935 6067 5939 1165 368 191 97 
3 5 133 5935 6067 5940 1165 368 191 97 
3 5 133 5935 6067 5941 1165 368 191 97 
3 5 133 5935 6067 5942 1165 368 191 97 
3 5 133 5935 6067 5943 1165 368 191 97 
3 5 133 5935 6067 5944 1165 368 191 97 
3 5 133 5935 6067 5945 1165 368 191 97 
3 5 133 5935 6067 5946 1165 368 191 97 
3 5 133 5935 6067 5947 1165 368 191 97 
3 5 133 5935 6067 5948 1165 368 191 97 
3 5 133 5935 6067 5949 1165 368 191 97 
3 5 133 5935 6067 5950 1165 368 191 97 
3 5 133 5935 6067 5951 1165 368 191 97 
3 5 133 5935 6067 5952 1165 368 191 97 
3 5 133 5935 6067 5953 1165 368 191 97 
3 5 133 5935 6067 5954 1165 368 191 97 
3 5 133 5935 6067 5955 1165 368 191 97 
3 5 133 5935 6067 5956 1165 368 191 97 
3 5 133 5935 6067 5957 1165 368 191 97 
3 5 133 5935 6067 5958 1165 368 191 97 
3 5 133 5935 6067 5959 1165 368 191 97 
3 5 133 5935 6067 5960 1165 368 191 97 
3 5 133 5935 6067 5961 1165 368 191 97 
3 5 133 5935 6067 5962 1165 368 191 97 
3 5 133 5935 6067 5963 1165 368 191 97 
3 5 133 5935 6067 5964 1165 368 191 97 
3 5 133 5935 6067 5965 1165 368 191 97 
3 5 133 5935 6067 5966 1165 368 191 97 
3 5 133 5935 6067 5967 1165 368 191 97 
3 5 133 5935 6067 5968 1165 368 191 97 
3 5 133 5935 6067 5969 1165 368 191 97 
3 5 133 5935 6067 5970 1165 368 191 97 
3 5 133 5935 6067 5971 1165 368 191 97 
3 5 133 5935 6067 5972 1165 368 191 97 
3 5 133 5935 6067 5973 1165 368 191 97 
3 5 133 5935 6067 5974 1165 368 191 97 
3 5 133 5935 6067 5975 1165 368 191 97 
3 5 133 5935 6067 5976 1165 368 191 97 
3 5 133 5935 6067 5977 1165 368 191 97 
3 5 133 5935 6067 5978 1165 368 191 97 
3 5 133 5935 6067 5979 1165 368 191 97 
3 5 133 5935 6067 5980 1165 368 191 97 
3 5 133 5935 6067 5981 1165 368 191 97 
3 5 133 5935 6067 5982 1165 368 191 97 
3 5 133 5935 6067 5983 1165 368 191 97 
3 5 133 5935 6067 5984 1165 368 191 97 
3 5 133 5935 6067 5985 1165 368 191 97 
3 5 133 5935 6067 5986 1165 368 191 97 
3 5 133 5935 6067 5987 1165 368 191 97 
3 5 133 5935 6067 5988 1165 368 191 97 
3 5 133 5935 6067 5989 1165 368 191 97 
3 5 133 5935 6067 5990 1165 368 191 97 
3 5 133 5935 6067 5991 1165 368 191 97 
3 5 133 5935 6067 5992 1165 368 191 97 
3 5 133 5935 6067 5993 1165 368 191 97 
3 5 133 5935 6067 5994 1165 368 191 97 
3 5 133 5935 6067 5995 1165 368 191 97 
3 5 133 5935 6067 5996 1165 368 191 97 
3 5 133 5935 6067 5997 1165 368 191 97 
3 5 133 5935 6067 5998 1165 368 191 97 
3 5 133 5935 6067 5999 1165 368 191 97 
3 5 133 5935 6067 6000 1165 368 191 97 
3 5 133 5935 6067 6001 1165 368 191 97 
3 5 133 5935 6067 6002 1165 368 191 97 
3 5 133 5935 6067 6003 1165 368 191 97 
3 5 133 5935 6067 6004 1165 368 191 97 
3 5 133 5935 6067 6005 1165 368 191 97 
3 5 133 5935 6067 6006 1165 368 191 97 
3 5 133 5935 6067 6007 1165 368 191 97 
3 5 133 5935 6067 6008 1165 368 191 97 
3 5 133 5935 6067 6009 1165 368 191 97 
3 5 133 5935 6067 6010 1165 368 191 97 
3 5 133 5935 6067 6011 1165 368 191 97 
3 5 133 5935 6067 6012 1165 368 191 97 
3 5 133 5935 6067 6013 1165 368 191 97 
3 5 133 5935 6067 6014 1165 368 191 97 
3 5 133 5935 6067 6015 1165 368 191 97 
3 5 133 5935 6067 6016 1165 368 191 97 
3 5 133 5935 6067 6017 1165 368 191 97 
3 5 133 5935 6067 6018 1165 368 191 97 
3 5 133 5935 6067 6019 1165 368 191 97 
3 5 133 5935 6067 6020 1165 368 191 97 
3 5 133 5935 6067 6021 1165 368 191 97 
3 5 133 5935 6067 6022 1165 368 191 97 
3 5 133 5935 6067 6023 1165 368 191 97 
3 5 133 5935 6067 6024 1165 368 191 97 
3 5 133 5935 6067 6025 1165 368 191 97 
3 5 133 5935 6067 6026 1165 368 191 97 
3 5 133 5935 6067 6027 1165 368 191 97 
3 5 133 5935 6067 6028 1165 368 191 97 
3 5 133 5935 6067 6029 1165 368 191 97 
3 5 133 5935 6067 6030 1165 368 191 97 
3 5 133 5935 6067 6031 1165 368 191 97 
3 5 133 5935 6067 6032 1165 368 191 97 
3 5 133 5935 6067 6033 1165 368 191 97 
3 5 133 5935 6067 6034 1165 368 191 97 
3 5 133 5935 6067 6035 1165 368 191 97 
3 5 133 5935 6067 6036 1165 368 191 97 
3 5 133 5935 6067 6037 1165 368 191 97 
3 5 133 5935 6067 6038 1165 368 191 97 
3 5 133 5935 6067 6039 1165 368 191 97 
3 5 133 5935 6067 6040 1165 368 191 97 
3 5 133 5935 6067 6041 1165 368 191 97 
3 5 133 5935 6067 6042 1165 368 191 97 
3 5 133 5935 6067 6043 1165 368 191 97 
3 5 133 5935 6067 6044 1165 368 191 97 
3 5 133 5935 6067 6045 1165 368 191 97 
3 5 133 5935 6067 6046 1165 368 191 97 
3 5 133 5935 6067 6047 1165 368 191 97 
3 5 133 5935 6067 6048 1165 368 191 97 
3 5 133 5935 6067 6049 1165 368 191 97 
3 5 133 5935 6067 6050 1165 368 191 97 
3 5 133 5935 6067 6051 1165 368 191 97 
3 5 133 5935 6067 6052 1165 368 191 97 
3 5 133 5935 6067 6053 1165 368 191 97 
3 5 133 5935 6067 6054 1165 368 191 97 
3 5 133 5935 6067 6055 1165 368 191 97 
3 5 133 5935 6067 6056 1165 368 191 97 
3 5 133 5935 6067 6057 1165 368 191 97 
3 5 133 5935 6067 6058 1165 368 191 97 
3 5 133 5935 6067 6059 1165 368 191 97 
3 5 133 5935 6067 6060 1165 368 191 97 
3 5 133 5935 6067 6061 1165 368 191 97 
3 5 133 5935 6067 6062 1165 368 191 97 
3 5 133 5935 6067 6063 1165 368 191 97 
3 5 133 5935 6067 6064 1165 368 191 97 
3 5 133 5935 6067 6065 1165 368 191 97 
3 5 133 5935 6067 6066 1165 368 191 97 
3 5 133 5935 6067 6067 1165 368 191 97 
4 2 59 5622 5680 5622 1014 367 164 196 
4 2 59 5622 5680 5623 1014 367 164 196 
4 2 59 5622 5680 5624 1014 367 164 196 
4 2 59 5622 5680 5625 1014 367 164 196 
4 2 59 5622 5680 5626 1014 367 164 196 
4 2 59 5622 5680 5627 1014 367 164 196 
4 2 59 5622 5680 5628 1014 367 164 196 
4 2 59 5622 5680 5629 1014 367 164 196 
4 2 59 5622 5680 5630 1014 367 164 196 
4 2 59 5622 5680 5631 1014 367 164 196 
4 2 59 5622 5680 5632 1014 367 164 196 
4 2 59 5622 5680 5633 1014 367 164 196 
4 2 59 5622 5680 5634 1014 367 164 196 
4 2 59 5622 5680 5635 1014 367 164 196 
4 2 59 5622 5680 5636 1014 367 164 196 
4 2 59 5622 5680 5637 1014 367 164 196 
4 2 59 5622 5680 5638 1014 367 164 196 
4 2 59 5622 5680 5639 1014 367 164 196 
4 2 59 5622 5680 5640 1014 367 164 196 
4 2 59 5622 5680 5641 1014 367 164 196 
4 2 59 5622 5680 5642 1014 367 164 196 
4 2 59 5622 5680 5643 1014 367 164 196 
4 2 59 5622 5680 5644 1014 367 164 196 
4 2 59 5622 5680 5645 1014 367 164 196 
4 2 59 5622 5680 5646 1014 367 164 196 
4 2 59 5622 5680 5647 1014 367 164 196 
4 2 59 5622 5680 5648 1014 367 164 196 
4 2 59 5622 5680 5649 1014 367 164 196 
4 2 59 5622 5680 5650 1014 367 164 196 
4 2 59 5622 5680 5651 1014 367 164 196 
4 2 59 5622 5680 5652 1014 367 164 196 
4 2 59 5622 5680 5653 1014 367 164 196 
4 2 59 5622 5680 5654 1014 367 164 196 
4 2 59 5622 5680 5655 1014 367 164 196 
4 2 59 5622 5680 5656 1014 367 164 196 
4 2 59 5622 5680 5657 1014 367 164 196 
4 2 59 5622 5680 5658 1014 367 164 196 
4 2 59 5622 5680 5659 1014 367 164 196 
4 2 59 5622 5680 5660 1014 367 164 196 
4 2 59 5622 5680 5661 1014 367 164 196 
4 2 59 5622 5680 5662 1014 367 164 196 
4 2 59 5622 5680 5663 1014 367 164 196 
4 2 59 5622 5680 5664 1014 367 164 196 
4 2 59 5622 5680 5665 1014 367 164 196 
4 2 59 5622 5680 5666 1014 367 164 196 
4 2 59 5622 5680 5667 1014 367 164 196 
4 2 59 5622 5680 5668 1014 367 164 196 
4 2 59 5622 5680 5669 1014 367 164 196 
4 2 59 5622 5680 5670 1014 367 164 196 
4 2 59 5622 5680 5671 1014 367 164 196 
4 2 59 5622 5680 5672 1014 367 164 196 
4 2 59 5622 5680 5673 1014 367 164 196 
4 2 59 5622 5680 5674 1014 367 164 196 
4 2 59 5622 5680 5675 1014 367 164 196 
4 2 59 5622 5680 5676 1014 367 164 196 
4 2 59 5622 5680 5677 1014 367 164 196 
4 2 59 5622 5680 5678 1014 367 164 196 
4 2 59 5622 5680 5679 1014 367 164 196 
4 2 59 5622 5680 5680 1014 367 164 196 
5 6 88 10426 10513 10426 350 491 201 202 
5 6 88 10426 10513 10427 350 491 201 202 
5 6 88 10426 10513 10428 350 491 201 202 
5 6 88 10426 10513 10429 350 491 201 202 
5 6 88 10426 10513 10430 350 491 201 202 
5 6 88 10426 10513 10431 350 491 201 202 
5 6 88 10426 10513 10432 350 491 201 202 
5 6 88 10426 10513 10433 350 491 201 202 
5 6 88 10426 10513 10434 350 491 201 202 
5 6 88 10426 10513 10435 350 491 201 202 
5 6 88 10426 10513 10436 350 491 201 202 
5 6 88 10426 10513 10437 350 491 201 202 
5 6 88 10426 10513 10438 350 491 201 202 
5 6 88 10426 10513 10439 350 491 201 202 
5 6 88 10426 10513 10440 350 491 201 202 
5 6 88 10426 10513 10441 350 491 201 202 
5 6 88 10426 10513 10442 350 491 201 202 
5 6 88 10426 10513 10443 350 491 201 202 
5 6 88 10426 10513 10444 350 491 201 202 
5 6 88 10426 10513 10445 350 491 201 202 
5 6 88 10426 10513 10446 350 491 201 202 
5 6 88 10426 10513 10447 350 491 201 202 
5 6 88 10426 10513 10448 350 491 201 202 
5 6 88 10426 10513 10449 350 491 201 202 
5 6 88 10426 10513 10450 350 491 201 202 
5 6 88 10426 10513 10451 350 491 201 202 
5 6 88 10426 10513 10452 350 491 201 202 
5 6 88 10426 10513 10453 350 491 201 202 
5 6 88 10426 10513 10454 350 491 201 202 
5 6 88 10426 10513 10455 350 491 201 202 
5 6 88 10426 10513 10456 350 491 201 202 
5 6 88 10426 10513 10457 350 491 201 202 
5 6 88 10426 10513 10458 350 491 201 202 
5 6 88 10426 10513 10459 350 491 201 202 
5 6 88 10426 10513 10460 350 491 201 202 
5 6 88 10426 10513 10461 350 491 201 202 
5 6 88 10426 10513 10462 350 491 201 202 
5 6 88 10426 10513 10463 350 491 201 202 
5 6 88 10426 10513 10464 350 491 201 202 
5 6 88 10426 10513 10465 350 491 201 202 
5 6 88 10426 10513 10466 350 491 201 202 
5 6 88 10426 10513 10467 350 491 201 202 
5 6 88 10426 10513 10468 350 491 201 202 
5 6 88 10426 10513 10469 350 491 201 202 
5 6 88 10426 10513 10470 350 491 201 202 
5 6 88 10426 10513 10471 350 491 201 202 
5 6 88 10426 10513 10472 350 491 201 202 
5 6 88 10426 10513 10473 350 491 201 202 
5 6 88 10426 10513 10474 350 491 201 202 
5 6 88 10426 10513 10475 350 491 201 202 
5 6 88 10426 10513 10476 350 491 201 202 
5 6 88 10426 10513 10477 350 491 201 202 
5 6 88 10426 10513 10478 350 491 201 202 
5 6 88 10426 10513 10479 350 491 201 202 
5 6 88 10426 10513 10480 350 491 201 202 
5 6 88 10426 10513 10481 350 491 201 202 
5 6 88 10426 10513 10482 350 491 201 202 
5 6 88 10426 10513 10483 350 491 201 202 
5 6 88 10426 10513 10484 350 491 201 202 
5 6 88 10426 10513 10485 350 491 201 202 
5 6 88 10426 10513 10486 350 491 201 202 
5 6 88 10426 10513 10487 350 491 201 202 
5 6 88 10426 10513 10488 350 491 201 202 
5 6 88 10426 10513 10489 350 491 201 202 
5 6 88 10426 10513 10490 350 491 201 202 
5 6 88 10426 10513 10491 350 491 201 202 
5 6 88 10426 10513 10492 350 491 201 202 
5 6 88 10426 10513 10493 350 491 201 202 
5 6 88 10426 10513 10494 350 491 201 202 
5 6 88 10426 10513 10495 350 491 201 202 
5 6 88 10426 10513 10496 350 491 201 202 
5 6 88 10426 10513 10497 350 491 201 202 
5 6 88 10426 10513 10498 350 491 201 202 
5 6 88 10426 10513 10499 350 491 201 202 
5 6 88 10426 10513 10500 350 491 201 202 
5 6 88 10426 10513 10501 350 491 201 202 
5 6 88 10426 10513 10502 350 491 201 202 
5 6 88 10426 10513 10503 350 491 201 202 
5 6 88 10426 10513 10504 350 491 201 202 
5 6 88 10426 10513 10505 350 491 201 202 
5 6 88 10426 10513 10506 350 491 201 202 
5 6 88 10426 10513 10507 350 491 201 202 
5 6 88 10426 10513 10508 350 491 201 202 
5 6 88 10426 10513 10509 350 491 201 202 
5 6 88 10426 10513 10510 350 491 201 202 
5 6 88 10426 10513 10511 350 491 201 202 
5 6 88 10426 10513 10512 350 491 201 202 
5 6 88 10426 10513 10513 350 491 201 202 
6 3 67 12660 12726 12660 415 496 231 227 
6 3 67 12660 12726 12661 415 496 231 227 
6 3 67 12660 12726 12662 415 496 231 227 
6 3 67 12660 12726 12663 415 496 231 227 
6 3 67 12660 12726 12664 415 496 231 227 
6 3 67 12660 12726 12665 415 496 231 227 
6 3 67 12660 12726 12666 415 496 231 227 
6 3 67 12660 12726 12667 415 496 231 227 
6 3 67 12660 12726 12668 415 496 231 227 
6 3 67 12660 12726 12669 415 496 231 227 
6 3 67 12660 12726 12670 415 496 231 227 
6 3 67 12660 12726 12671 415 496 231 227 
6 3 67 12660 12726 12672 415 496 231 227 
6 3 67 12660 12726 12673 415 496 231 227 
6 3 67 12660 12726 12674 415 496 231 227 
6 3 67 12660 12726 12675 415 496 231 227 
6 3 67 12660 12726 12676 415 496 231 227 
6 3 67 12660 12726 12677 415 496 231 227 
6 3 67 12660 12726 12678 415 496 231 227 
6 3 67 12660 12726 12679 415 496 231 227 
6 3 67 12660 12726 12680 415 496 231 227 
6 3 67 12660 12726 12681 415 496 231 227 
6 3 67 12660 12726 12682 415 496 231 227 
6 3 67 12660 12726 12683 415 496 231 227 
6 3 67 12660 12726 12684 415 496 231 227 
6 3 67 12660 12726 12685 415 496 231 227 
6 3 67 12660 12726 12686 415 496 231 227 
6 3 67 12660 12726 12687 415 496 231 227 
6 3 67 12660 12726 12688 415 496 231 227 
6 3 67 12660 12726 12689 415 496 231 227 
6 3 67 12660 12726 12690 415 496 231 227 
6 3 67 12660 12726 12691 415 496 231 227 
6 3 67 12660 12726 12692 415 496 231 227 
6 3 67 12660 12726 12693 415 496 231 227 
6 3 67 12660 12726 12694 415 496 231 227 
6 3 67 12660 12726 12695 415 496 231 227 
6 3 67 12660 12726 12696 415 496 231 227 
6 3 67 12660 12726 12697 415 496 231 227 
6 3 67 12660 12726 12698 415 496 231 227 
6 3 67 12660 12726 12699 415 496 231 227 
6 3 67 12660 12726 12700 415 496 231 227 
6 3 67 12660 12726 12701 415 496 231 227 
6 3 67 12660 12726 12702 415 496 231 227 
6 3 67 12660 12726 12703 415 496 231 227 
6 3 67 12660 12726 12704 415 496 231 227 
6 3 67 12660 12726 12705 415 496 231 227 
6 3 67 12660 12726 12706 415 496 231 227 
6 3 67 12660 12726 12707 415 496 231 227 
6 3 67 12660 12726 12708 415 496 231 227 
6 3 67 12660 12726 12709 415 496 231 227 
6 3 67 12660 12726 12710 415 496 231 227 
6 3 67 12660 12726 12711 415 496 231 227 
6 3 67 12660 12726 12712 415 496 231 227 
6 3 67 12660 12726 12713 415 496 231 227 
6 3 67 12660 12726 12714 415 496 231 227 
6 3 67 12660 12726 12715 415 496 231 227 
6 3 67 12660 12726 12716 415 496 231 227 
6 3 67 12660 12726 12717 415 496 231 227 
6 3 67 12660 12726 12718 415 496 231 227 
6 3 67 12660 12726 12719 415 496 231 227 
6 3 67 12660 12726 12720 415 496 231 227 
6 3 67 12660 12726 12721 415 496 231 227 
6 3 67 12660 12726 12722 415 496 231 227 
6 3 67 12660 12726 12723 415 496 231 227 
6 3 67 12660 12726 12724 415 496 231 227 
6 3 67 12660 12726 12725 415 496 231 227 
6 3 67 12660 12726 12726 415 496 231 227 
7 4 59 12850 12908 12850 435 496 207 225 
7 4 59 12850 12908 12851 435 496 207 225 
7 4 59 12850 12908 12852 435 496 207 225 
7 4 59 12850 12908 12853 435 496 207 225 
7 4 59 12850 12908 12854 435 496 207 225 
7 4 59 12850 12908 12855 435 496 207 225 
7 4 59 12850 12908 12856 435 496 207 225 
7 4 59 12850 12908 12857 435 496 207 225 
7 4 59 12850 12908 12858 435 496 207 225 
7 4 59 12850 12908 12859 435 496 207 225 
7 4 59 12850 12908 12860 435 496 207 225 
7 4 59 12850 12908 12861 435 496 207 225 
7 4 59 12850 12908 12862 435 496 207 225 
7 4 59 12850 12908 12863 435 496 207 225 
7 4 59 12850 12908 12864 435 496 207 225 
7 4 59 12850 12908 12865 435 496 207 225 
7 4 59 12850 12908 12866 435 496 207 225 
7 4 59 12850 12908 12867 435 496 207 225 
7 4 59 12850 12908 12868 435 496 207 225 
7 4 59 12850 12908 12869 435 496 207 225 
7 4 59 12850 12908 12870 435 496 207 225 
7 4 59 12850 12908 12871 435 496 207 225 
7 4 59 12850 12908 12872 435 496 207 225 
7 4 59 12850 12908 12873 435 496 207 225 
7 4 59 12850 12908 12874 435 496 207 225 
7 4 59 12850 12908 12875 435 496 207 225 
7 4 59 12850 12908 12876 435 496 207 225 
7 4 59 12850 12908 12877 435 496 207 225 
7 4 59 12850 12908 12878 435 496 207 225 
7 4 59 12850 12908 12879 435 496 207 225 
7 4 59 12850 12908 12880 435 496 207 225 
7 4 59 12850 12908 12881 435 496 207 225 
7 4 59 12850 12908 12882 435 496 207 225 
7 4 59 12850 12908 12883 435 496 207 225 
7 4 59 12850 12908 12884 435 496 207 225 
7 4 59 12850 12908 12885 435 496 207 225 
7 4 59 12850 12908 12886 435 496 207 225 
7 4 59 12850 12908 12887 435 496 207 225 
7 4 59 12850 12908 12888 435 496 207 225 
7 4 59 12850 12908 12889 435 496 207 225 
7 4 59 12850 12908 12890 435 496 207 225 
7 4 59 12850 12908 12891 435 496 207 225 
7 4 59 12850 12908 12892 435 496 207 225 
7 4 59 12850 12908 12893 435 496 207 225 
7 4 59 12850 12908 12894 435 496 207 225 
7 4 59 12850 12908 12895 435 496 207 225 
7 4 59 12850 12908 12896 435 496 207 225 
7 4 59 12850 12908 12897 435 496 207 225 
7 4 59 12850 12908 12898 435 496 207 225 
7 4 59 12850 12908 12899 435 496 207 225 
7 4 59 12850 12908 12900 435 496 207 225 
7 4 59 12850 12908 12901 435 496 207 225 
7 4 59 12850 12908 12902 435 496 207 225 
7 4 59 12850 12908 12903 435 496 207 225 
7 4 59 12850 12908 12904 435 496 207 225 
7 4 59 12850 12908 12905 435 496 207 225 
7 4 59 12850 12908 12906 435 496 207 225 
7 4 59 12850 12908 12907 435 496 207 225 
7 4 59 12850 12908 12908 435 496 207 225 
8 1 111 12724 12834 12724 472 482 246 221 
8 1 111 12724 12834 12725 472 482 246 221 
8 1 111 12724 12834 12726 472 482 246 221 
8 1 111 12724 12834 12727 472 482 246 221 
8 1 111 12724 12834 12728 472 482 246 221 
8 1 111 12724 12834 12729 472 482 246 221 
8 1 111 12724 12834 12730 472 482 246 221 
8 1 111 12724 12834 12731 472 482 246 221 
8 1 111 12724 12834 12732 472 482 246 221 
8 1 111 12724 12834 12733 472 482 246 221 
8 1 111 12724 12834 12734 472 482 246 221 
8 1 111 12724 12834 12735 472 482 246 221 
8 1 111 12724 12834 12736 472 482 246 221 
8 1 111 12724 12834 12737 472 482 246 221 
8 1 111 12724 12834 12738 472 482 246 221 
8 1 111 12724 12834 12739 472 482 246 221 
8 1 111 12724 12834 12740 472 482 246 221 
8 1 111 12724 12834 12741 472 482 246 221 
8 1 111 12724 12834 12742 472 482 246 221 
8 1 111 12724 12834 12743 472 482 246 221 
8 1 111 12724 12834 12744 472 482 246 221 
8 1 111 12724 12834 12745 472 482 246 221 
8 1 111 12724 12834 12746 472 482 246 221 
8 1 111 12724 12834 12747 472 482 246 221 
8 1 111 12724 12834 12748 472 482 246 221 
8 1 111 12724 12834 12749 472 482 246 221 
8 1 111 12724 12834 12750 472 482 246 221 
8 1 111 12724 12834 12751 472 482 246 221 
8 1 111 12724 12834 12752 472 482 246 221 
8 1 111 12724 12834 12753 472 482 246 221 
8 1 111 12724 12834 12754 472 482 246 221 
8 1 111 12724 12834 12755 472 482 246 221 
8 1 111 12724 12834 12756 472 482 246 221 
8 1 111 12724 12834 12757 472 482 246 221 
8 1 111 12724 12834 12758 472 482 246 221 
8 1 111 12724 12834 12759 472 482 246 221 
8 1 111 12724 12834 12760 472 482 246 221 
8 1 111 12724 12834 12761 472 482 246 221 
8 1 111 12724 12834 12762 472 482 246 221 
8 1 111 12724 12834 12763 472 482 246 221 
8 1 111 12724 12834 12764 472 482 246 221 
8 1 111 12724 12834 12765 472 482 246 221 
8 1 111 12724 12834 12766 472 482 246 221 
8 1 111 12724 12834 12767 472 482 246 221 
8 1 111 12724 12834 12768 472 482 246 221 
8 1 111 12724 12834 12769 472 482 246 221 
8 1 111 12724 12834 12770 472 482 246 221 
8 1 111 12724 12834 12771 472 482 246 221 
8 1 111 12724 12834 12772 472 482 246 221 
8 1 111 12724 12834 12773 472 482 246 221 
8 1 111 12724 12834 12774 472 482 246 221 
8 1 111 12724 12834 12775 472 482 246 221 
8 1 111 12724 12834 12776 472 482 246 221 
8 1 111 12724 12834 12777 472 482 246 221 
8 1 111 12724 12834 12778 472 482 246 221 
8 1 111 12724 12834 12779 472 482 246 221 
8 1 111 12724 12834 12780 472 482 246 221 
8 1 111 12724 12834 12781 472 482 246 221 
8 1 111 12724 12834 12782 472 482 246 221 
8 1 111 12724 12834 12783 472 482 246 221 
8 1 111 12724 12834 12784 472 482 246 221 
8 1 111 12724 12834 12785 472 482 246 221 
8 1 111 12724 12834 12786 472 482 246 221 
8 1 111 12724 12834 12787 472 482 246 221 
8 1 111 12724 12834 12788 472 482 246 221 
8 1 111 12724 12834 12789 472 482 246 221 
8 1 111 12724 12834 12790 472 482 246 221 
8 1 111 12724 12834 12791 472 482 246 221 
8 1 111 12724 12834 12792 472 482 246 221 
8 1 111 12724 12834 12793 472 482 246 221 
8 1 111 12724 12834 12794 472 482 246 221 
8 1 111 12724 12834 12795 472 482 246 221 
8 1 111 12724 12834 12796 472 482 246 221 
8 1 111 12724 12834 12797 472 482 246 221 
8 1 111 12724 12834 12798 472 482 246 221 
8 1 111 12724 12834 12799 472 482 246 221 
8 1 111 12724 12834 12800 472 482 246 221 
8 1 111 12724 12834 12801 472 482 246 221 
8 1 111 12724 12834 12802 472 482 246 221 
8 1 111 12724 12834 12803 472 482 246 221 
8 1 111 12724 12834 12804 472 482 246 221 
8 1 111 12724 12834 12805 472 482 246 221 
8 1 111 12724 12834 12806 472 482 246 221 
8 1 111 12724 12834 12807 472 482 246 221 
8 1 111 12724 12834 12808 472 482 246 221 
8 1 111 12724 12834 12809 472 482 246 221 
8 1 111 12724 12834 12810 472 482 246 221 
8 1 111 12724 12834 12811 472 482 246 221 
8 1 111 12724 12834 12812 472 482 246 221 
8 1 111 12724 12834 12813 472 482 246 221 
8 1 111 12724 12834 12814 472 482 246 221 
8 1 111 12724 12834 12815 472 482 246 221 
8 1 111 12724 12834 12816 472 482 246 221 
8 1 111 12724 12834 12817 472 482 246 221 
8 1 111 12724 12834 12818 472 482 246 221 
8 1 111 12724 12834 12819 472 482 246 221 
8 1 111 12724 12834 12820 472 482 246 221 
8 1 111 12724 12834 12821 472 482 246 221 
8 1 111 12724 12834 12822 472 482 246 221 
8 1 111 12724 12834 12823 472 482 246 221 
8 1 111 12724 12834 12824 472 482 246 221 
8 1 111 12724 12834 12825 472 482 246 221 
8 1 111 12724 12834 12826 472 482 246 221 
8 1 111 12724 12834 12827 472 482 246 221 
8 1 111 12724 12834 12828 472 482 246 221 
8 1 111 12724 12834 12829 472 482 246 221 
8 1 111 12724 12834 12830 472 482 246 221 
8 1 111 12724 12834 12831 472 482 246 221 
8 1 111 12724 12834 12832 472 482 246 221 
8 1 111 12724 12834 12833 472 482 246 221 
8 1 111 12724 12834 12834 472 482 246 221 
9 5 110 13032 13141 13032 318 476 237 232 
9 5 110 13032 13141 13033 318 476 237 232 
9 5 110 13032 13141 13034 318 476 237 232 
9 5 110 13032 13141 13035 318 476 237 232 
9 5 110 13032 13141 13036 318 476 237 232 
9 5 110 13032 13141 13037 318 476 237 232 
9 5 110 13032 13141 13038 318 476 237 232 
9 5 110 13032 13141 13039 318 476 237 232 
9 5 110 13032 13141 13040 318 476 237 232 
9 5 110 13032 13141 13041 318 476 237 232 
9 5 110 13032 13141 13042 318 476 237 232 
9 5 110 13032 13141 13043 318 476 237 232 
9 5 110 13032 13141 13044 318 476 237 232 
9 5 110 13032 13141 13045 318 476 237 232 
9 5 110 13032 13141 13046 318 476 237 232 
9 5 110 13032 13141 13047 318 476 237 232 
9 5 110 13032 13141 13048 318 476 237 232 
9 5 110 13032 13141 13049 318 476 237 232 
9 5 110 13032 13141 13050 318 476 237 232 
9 5 110 13032 13141 13051 318 476 237 232 
9 5 110 13032 13141 13052 318 476 237 232 
9 5 110 13032 13141 13053 318 476 237 232 
9 5 110 13032 13141 13054 318 476 237 232 
9 5 110 13032 13141 13055 318 476 237 232 
9 5 110 13032 13141 13056 318 476 237 232 
9 5 110 13032 13141 13057 318 476 237 232 
9 5 110 13032 13141 13058 318 476 237 232 
9 5 110 13032 13141 13059 318 476 237 232 
9 5 110 13032 13141 13060 318 476 237 232 
9 5 110 13032 13141 13061 318 476 237 232 
9 5 110 13032 13141 13062 318 476 237 232 
9 5 110 13032 13141 13063 318 476 237 232 
9 5 110 13032 13141 13064 318 476 237 232 
9 5 110 13032 13141 13065 318 476 237 232 
9 5 110 13032 13141 13066 318 476 237 232 
9 5 110 13032 13141 13067 318 476 237 232 
9 5 110 13032 13141 13068 318 476 237 232 
9 5 110 13032 13141 13069 318 476 237 232 
9 5 110 13032 13141 13070 318 476 237 232 
9 5 110 13032 13141 13071 318 476 237 232 
9 5 110 13032 13141 13072 318 476 237 232 
9 5 110 13032 13141 13073 318 476 237 232 
9 5 110 13032 13141 13074 318 476 237 232 
9 5 110 13032 13141 13075 318 476 237 232 
9 5 110 13032 13141 13076 318 476 237 232 
9 5 110 13032 13141 13077 318 476 237 232 
9 5 110 13032 13141 13078 318 476 237 232 
9 5 110 13032 13141 13079 318 476 237 232 
9 5 110 13032 13141 13080 318 476 237 232 
9 5 110 13032 13141 13081 318 476 237 232 
9 5 110 13032 13141 13082 318 476 237 232 
9 5 110 13032 13141 13083 318 476 237 232 
9 5 110 13032 13141 13084 318 476 237 232 
9 5 110 13032 13141 13085 318 476 237 232 
9 5 110 13032 13141 13086 318 476 237 232 
9 5 110 13032 13141 13087 318 476 237 232 
9 5 110 13032 13141 13088 318 476 237 232 
9 5 110 13032 13141 13089 318 476 237 232 
9 5 110 13032 13141 13090 318 476 237 232 
9 5 110 13032 13141 13091 318 476 237 232 
9 5 110 13032 13141 13092 318 476 237 232 
9 5 110 13032 13141 13093 318 476 237 232 
9 5 110 13032 13141 13094 318 476 237 232 
9 5 110 13032 13141 13095 318 476 237 232 
9 5 110 13032 13141 13096 318 476 237 232 
9 5 110 13032 13141 13097 318 476 237 232 
9 5 110 13032 13141 13098 318 476 237 232 
9 5 110 13032 13141 13099 318 476 237 232 
9 5 110 13032 13141 13100 318 476 237 232 
9 5 110 13032 13141 13101 318 476 237 232 
9 5 110 13032 13141 13102 318 476 237 232 
9 5 110 13032 13141 13103 318 476 237 232 
9 5 110 13032 13141 13104 318 476 237 232 
9 5 110 13032 13141 13105 318 476 237 232 
9 5 110 13032 13141 13106 318 476 237 232 
9 5 110 13032 13141 13107 318 476 237 232 
9 5 110 13032 13141 13108 318 476 237 232 
9 5 110 13032 13141 13109 318 476 237 232 
9 5 110 13032 13141 13110 318 476 237 232 
9 5 110 13032 13141 13111 318 476 237 232 
9 5 110 13032 13141 13112 318 476 237 232 
9 5 110 13032 13141 13113 318 476 237 232 
9 5 110 13032 13141 13114 318 476 237 232 
9 5 110 13032 13141 13115 318 476 237 232 
9 5 110 13032 13141 13116 318 476 237 232 
9 5 110 13032 13141 13117 318 476 237 232 
9 5 110 13032 13141 13118 318 476 237 232 
9 5 110 13032 13141 13119 318 476 237 232 
9 5 110 13032 13141 13120 318 476 237 232 
9 5 110 13032 13141 13121 318 476 237 232 
9 5 110 13032 13141 13122 318 476 237 232 
9 5 110 13032 13141 13123 318 476 237 232 
9 5 110 13032 13141 13124 318 476 237 232 
9 5 110 13032 13141 13125 318 476 237 232 
9 5 110 13032 13141 13126 318 476 237 232 
9 5 110 13032 13141 13127 318 476 237 232 
9 5 110 13032 13141 13128 318 476 237 232 
9 5 110 13032 13141 13129 318 476 237 232 
9 5 110 13032 13141 13130 318 476 237 232 
9 5 110 13032 13141 13131 318 476 237 232 
9 5 110 13032 13141 13132 318 476 237 232 
9 5 110 13032 13141 13133 318 476 237 232 
9 5 110 13032 13141 13134 318 476 237 232 
9 5 110 13032 13141 13135 318 476 237 232 
9 5 110 13032 13141 13136 318 476 237 232 
9 5 110 13032 13141 13137 318 476 237 232 
9 5 110 13032 13141 13138 318 476 237 232 
9 5 110 13032 13141 13139 318 476 237 232 
9 5 110 13032 13141 13140 318 476 237 232 
9 5 110 13032 13141 13141 318 476 237 232 
10 6 111 15856 15966 15856 1213 396 208 112 
10 6 111 15856 15966 15857 1213 396 208 112 
10 6 111 15856 15966 15858 1213 396 208 112 
10 6 111 15856 15966 15859 1213 396 208 112 
10 6 111 15856 15966 15860 1213 396 208 112 
10 6 111 15856 15966 15861 1213 396 208 112 
10 6 111 15856 15966 15862 1213 396 208 112 
10 6 111 15856 15966 15863 1213 396 208 112 
10 6 111 15856 15966 15864 1213 396 208 112 
10 6 111 15856 15966 15865 1213 396 208 112 
10 6 111 15856 15966 15866 1213 396 208 112 
10 6 111 15856 15966 15867 1213 396 208 112 
10 6 111 15856 15966 15868 1213 396 208 112 
10 6 111 15856 15966 15869 1213 396 208 112 
10 6 111 15856 15966 15870 1213 396 208 112 
10 6 111 15856 15966 15871 1213 396 208 112 
10 6 111 15856 15966 15872 1213 396 208 112 
10 6 111 15856 15966 15873 1213 396 208 112 
10 6 111 15856 15966 15874 1213 396 208 112 
10 6 111 15856 15966 15875 1213 396 208 112 
10 6 111 15856 15966 15876 1213 396 208 112 
10 6 111 15856 15966 15877 1213 396 208 112 
10 6 111 15856 15966 15878 1213 396 208 112 
10 6 111 15856 15966 15879 1213 396 208 112 
10 6 111 15856 15966 15880 1213 396 208 112 
10 6 111 15856 15966 15881 1213 396 208 112 
10 6 111 15856 15966 15882 1213 396 208 112 
10 6 111 15856 15966 15883 1213 396 208 112 
10 6 111 15856 15966 15884 1213 396 208 112 
10 6 111 15856 15966 15885 1213 396 208 112 
10 6 111 15856 15966 15886 1213 396 208 112 
10 6 111 15856 15966 15887 1213 396 208 112 
10 6 111 15856 15966 15888 1213 396 208 112 
10 6 111 15856 15966 15889 1213 396 208 112 
10 6 111 15856 15966 15890 1213 396 208 112 
10 6 111 15856 15966 15891 1213 396 208 112 
10 6 111 15856 15966 15892 1213 396 208 112 
10 6 111 15856 15966 15893 1213 396 208 112 
10 6 111 15856 15966 15894 1213 396 208 112 
10 6 111 15856 15966 15895 1213 396 208 112 
10 6 111 15856 15966 15896 1213 396 208 112 
10 6 111 15856 15966 15897 1213 396 208 112 
10 6 111 15856 15966 15898 1213 396 208 112 
10 6 111 15856 15966 15899 1213 396 208 112 
10 6 111 15856 15966 15900 1213 396 208 112 
10 6 111 15856 15966 15901 1213 396 208 112 
10 6 111 15856 15966 15902 1213 396 208 112 
10 6 111 15856 15966 15903 1213 396 208 112 
10 6 111 15856 15966 15904 1213 396 208 112 
10 6 111 15856 15966 15905 1213 396 208 112 
10 6 111 15856 15966 15906 1213 396 208 112 
10 6 111 15856 15966 15907 1213 396 208 112 
10 6 111 15856 15966 15908 1213 396 208 112 
10 6 111 15856 15966 15909 1213 396 208 112 
10 6 111 15856 15966 15910 1213 396 208 112 
10 6 111 15856 15966 15911 1213 396 208 112 
10 6 111 15856 15966 15912 1213 396 208 112 
10 6 111 15856 15966 15913 1213 396 208 112 
10 6 111 15856 15966 15914 1213 396 208 112 
10 6 111 15856 15966 15915 1213 396 208 112 
10 6 111 15856 15966 15916 1213 396 208 112 
10 6 111 15856 15966 15917 1213 396 208 112 
10 6 111 15856 15966 15918 1213 396 208 112 
10 6 111 15856 15966 15919 1213 396 208 112 
10 6 111 15856 15966 15920 1213 396 208 112 
10 6 111 15856 15966 15921 1213 396 208 112 
10 6 111 15856 15966 15922 1213 396 208 112 
10 6 111 15856 15966 15923 1213 396 208 112 
10 6 111 15856 15966 15924 1213 396 208 112 
10 6 111 15856 15966 15925 1213 396 208 112 
10 6 111 15856 15966 15926 1213 396 208 112 
10 6 111 15856 15966 15927 1213 396 208 112 
10 6 111 15856 15966 15928 1213 396 208 112 
10 6 111 15856 15966 15929 1213 396 208 112 
10 6 111 15856 15966 15930 1213 396 208 112 
10 6 111 15856 15966 15931 1213 396 208 112 
10 6 111 15856 15966 15932 1213 396 208 112 
10 6 111 15856 15966 15933 1213 396 208 112 
10 6 111 15856 15966 15934 1213 396 208 112 
10 6 111 15856 15966 15935 1213 396 208 112 
10 6 111 15856 15966 15936 1213 396 208 112 
10 6 111 15856 15966 15937 1213 396 208 112 
10 6 111 15856 15966 15938 1213 396 208 112 
10 6 111 15856 15966 15939 1213 396 208 112 
10 6 111 15856 15966 15940 1213 396 208 112 
10 6 111 15856 15966 15941 1213 396 208 112 
10 6 111 15856 15966 15942 1213 396 208 112 
10 6 111 15856 15966 15943 1213 396 208 112 
10 6 111 15856 15966 15944 1213 396 208 112 
10 6 111 15856 15966 15945 1213 396 208 112 
10 6 111 15856 15966 15946 1213 396 208 112 
10 6 111 15856 15966 15947 1213 396 208 112 
10 6 111 15856 15966 15948 1213 396 208 112 
10 6 111 15856 15966 15949 1213 396 208 112 
10 6 111 15856 15966 15950 1213 396 208 112 
10 6 111 15856 15966 15951 1213 396 208 112 
10 6 111 15856 15966 15952 1213 396 208 112 
10 6 111 15856 15966 15953 1213 396 208 112 
10 6 111 15856 15966 15954 1213 396 208 112 
10 6 111 15856 15966 15955 1213 396 208 112 
10 6 111 15856 15966 15956 1213 396 208 112 
10 6 111 15856 15966 15957 1213 396 208 112 
10 6 111 15856 15966 15958 1213 396 208 112 
10 6 111 15856 15966 15959 1213 396 208 112 
10 6 111 15856 15966 15960 1213 396 208 112 
10 6 111 15856 15966 15961 1213 396 208 112 
10 6 111 15856 15966 15962 1213 396 208 112 
10 6 111 15856 15966 15963 1213 396 208 112 
10 6 111 15856 15966 15964 1213 396 208 112 
10 6 111 15856 15966 15965 1213 396 208 112 
10 6 111 15856 15966 15966 1213 396 208 112 
11 2 59 17563 17621 17563 1169 385 222 104 
11 2 59 17563 17621 17564 1169 385 222 104 
11 2 59 17563 17621 17565 1169 385 222 104 
11 2 59 17563 17621 17566 1169 385 222 104 
11 2 59 17563 17621 17567 1169 385 222 104 
11 2 59 17563 17621 17568 1169 385 222 104 
11 2 59 17563 17621 17569 1169 385 222 104 
11 2 59 17563 17621 17570 1169 385 222 104 
11 2 59 17563 17621 17571 1169 385 222 104 
11 2 59 17563 17621 17572 1169 385 222 104 
11 2 59 17563 17621 17573 1169 385 222 104 
11 2 59 17563 17621 17574 1169 385 222 104 
11 2 59 17563 17621 17575 1169 385 222 104 
11 2 59 17563 17621 17576 1169 385 222 104 
11 2 59 17563 17621 17577 1169 385 222 104 
11 2 59 17563 17621 17578 1169 385 222 104 
11 2 59 17563 17621 17579 1169 385 222 104 
11 2 59 17563 17621 17580 1169 385 222 104 
11 2 59 17563 17621 17581 1169 385 222 104 
11 2 59 17563 17621 17582 1169 385 222 104 
11 2 59 17563 17621 17583 1169 385 222 104 
11 2 59 17563 17621 17584 1169 385 222 104 
11 2 59 17563 17621 17585 1169 385 222 104 
11 2 59 17563 17621 17586 1169 385 222 104 
11 2 59 17563 17621 17587 1169 385 222 104 
11 2 59 17563 17621 17588 1169 385 222 104 
11 2 59 17563 17621 17589 1169 385 222 104 
11 2 59 17563 17621 17590 1169 385 222 104 
11 2 59 17563 17621 17591 1169 385 222 104 
11 2 59 17563 17621 17592 1169 385 222 104 
11 2 59 17563 17621 17593 1169 385 222 104 
11 2 59 17563 17621 17594 1169 385 222 104 
11 2 59 17563 17621 17595 1169 385 222 104 
11 2 59 17563 17621 17596 1169 385 222 104 
11 2 59 17563 17621 17597 1169 385 222 104 
11 2 59 17563 17621 17598 1169 385 222 104 
11 2 59 17563 17621 17599 1169 385 222 104 
11 2 59 17563 17621 17600 1169 385 222 104 
11 2 59 17563 17621 17601 1169 385 222 104 
11 2 59 17563 17621 17602 1169 385 222 104 
11 2 59 17563 17621 17603 1169 385 222 104 
11 2 59 17563 17621 17604 1169 385 222 104 
11 2 59 17563 17621 17605 1169 385 222 104 
11 2 59 17563 17621 17606 1169 385 222 104 
11 2 59 17563 17621 17607 1169 385 222 104 
11 2 59 17563 17621 17608 1169 385 222 104 
11 2 59 17563 17621 17609 1169 385 222 104 
11 2 59 17563 17621 17610 1169 385 222 104 
11 2 59 17563 17621 17611 1169 385 222 104 
11 2 59 17563 17621 17612 1169 385 222 104 
11 2 59 17563 17621 17613 1169 385 222 104 
11 2 59 17563 17621 17614 1169 385 222 104 
11 2 59 17563 17621 17615 1169 385 222 104 
11 2 59 17563 17621 17616 1169 385 222 104 
11 2 59 17563 17621 17617 1169 385 222 104 
11 2 59 17563 17621 17618 1169 385 222 104 
11 2 59 17563 17621 17619 1169 385 222 104 
11 2 59 17563 17621 17620 1169 385 222 104 
11 2 59 17563 17621 17621 1169 385 222 104 
12 5 132 17763 17894 17763 1235 400 188 112 
12 5 132 17763 17894 17764 1235 400 188 112 
12 5 132 17763 17894 17765 1235 400 188 112 
12 5 132 17763 17894 17766 1235 400 188 112 
12 5 132 17763 17894 17767 1235 400 188 112 
12 5 132 17763 17894 17768 1235 400 188 112 
12 5 132 17763 17894 17769 1235 400 188 112 
12 5 132 17763 17894 17770 1235 400 188 112 
12 5 132 17763 17894 17771 1235 400 188 112 
12 5 132 17763 17894 17772 1235 400 188 112 
12 5 132 17763 17894 17773 1235 400 188 112 
12 5 132 17763 17894 17774 1235 400 188 112 
12 5 132 17763 17894 17775 1235 400 188 112 
12 5 132 17763 17894 17776 1235 400 188 112 
12 5 132 17763 17894 17777 1235 400 188 112 
12 5 132 17763 17894 17778 1235 400 188 112 
12 5 132 17763 17894 17779 1235 400 188 112 
12 5 132 17763 17894 17780 1235 400 188 112 
12 5 132 17763 17894 17781 1235 400 188 112 
12 5 132 17763 17894 17782 1235 400 188 112 
12 5 132 17763 17894 17783 1235 400 188 112 
12 5 132 17763 17894 17784 1235 400 188 112 
12 5 132 17763 17894 17785 1235 400 188 112 
12 5 132 17763 17894 17786 1235 400 188 112 
12 5 132 17763 17894 17787 1235 400 188 112 
12 5 132 17763 17894 17788 1235 400 188 112 
12 5 132 17763 17894 17789 1235 400 188 112 
12 5 132 17763 17894 17790 1235 400 188 112 
12 5 132 17763 17894 17791 1235 400 188 112 
12 5 132 17763 17894 17792 1235 400 188 112 
12 5 132 17763 17894 17793 1235 400 188 112 
12 5 132 17763 17894 17794 1235 400 188 112 
12 5 132 17763 17894 17795 1235 400 188 112 
12 5 132 17763 17894 17796 1235 400 188 112 
12 5 132 17763 17894 17797 1235 400 188 112 
12 5 132 17763 17894 17798 1235 400 188 112 
12 5 132 17763 17894 17799 1235 400 188 112 
12 5 132 17763 17894 17800 1235 400 188 112 
12 5 132 17763 17894 17801 1235 400 188 112 
12 5 132 17763 17894 17802 1235 400 188 112 
12 5 132 17763 17894 17803 1235 400 188 112 
12 5 132 17763 17894 17804 1235 400 188 112 
12 5 132 17763 17894 17805 1235 400 188 112 
12 5 132 17763 17894 17806 1235 400 188 112 
12 5 132 17763 17894 17807 1235 400 188 112 
12 5 132 17763 17894 17808 1235 400 188 112 
12 5 132 17763 17894 17809 1235 400 188 112 
12 5 132 17763 17894 17810 1235 400 188 112 
12 5 132 17763 17894 17811 1235 400 188 112 
12 5 132 17763 17894 17812 1235 400 188 112 
12 5 132 17763 17894 17813 1235 400 188 112 
12 5 132 17763 17894 17814 1235 400 188 112 
12 5 132 17763 17894 17815 1235 400 188 112 
12 5 132 17763 17894 17816 1235 400 188 112 
12 5 132 17763 17894 17817 1235 400 188 112 
12 5 132 17763 17894 17818 1235 400 188 112 
12 5 132 17763 17894 17819 1235 400 188 112 
12 5 132 17763 17894 17820 1235 400 188 112 
12 5 132 17763 17894 17821 1235 400 188 112 
12 5 132 17763 17894 17822 1235 400 188 112 
12 5 132 17763 17894 17823 1235 400 188 112 
12 5 132 17763 17894 17824 1235 400 188 112 
12 5 132 17763 17894 17825 1235 400 188 112 
12 5 132 17763 17894 17826 1235 400 188 112 
12 5 132 17763 17894 17827 1235 400 188 112 
12 5 132 17763 17894 17828 1235 400 188 112 
12 5 132 17763 17894 17829 1235 400 188 112 
12 5 132 17763 17894 17830 1235 400 188 112 
12 5 132 17763 17894 17831 1235 400 188 112 
12 5 132 17763 17894 17832 1235 400 188 112 
12 5 132 17763 17894 17833 1235 400 188 112 
12 5 132 17763 17894 17834 1235 400 188 112 
12 5 132 17763 17894 17835 1235 400 188 112 
12 5 132 17763 17894 17836 1235 400 188 112 
12 5 132 17763 17894 17837 1235 400 188 112 
12 5 132 17763 17894 17838 1235 400 188 112 
12 5 132 17763 17894 17839 1235 400 188 112 
12 5 132 17763 17894 17840 1235 400 188 112 
12 5 132 17763 17894 17841 1235 400 188 112 
12 5 132 17763 17894 17842 1235 400 188 112 
12 5 132 17763 17894 17843 1235 400 188 112 
12 5 132 17763 17894 17844 1235 400 188 112 
12 5 132 17763 17894 17845 1235 400 188 112 
12 5 132 17763 17894 17846 1235 400 188 112 
12 5 132 17763 17894 17847 1235 400 188 112 
12 5 132 17763 17894 17848 1235 400 188 112 
12 5 132 17763 17894 17849 1235 400 188 112 
12 5 132 17763 17894 17850 1235 400 188 112 
12 5 132 17763 17894 17851 1235 400 188 112 
12 5 132 17763 17894 17852 1235 400 188 112 
12 5 132 17763 17894 17853 1235 400 188 112 
12 5 132 17763 17894 17854 1235 400 188 112 
12 5 132 17763 17894 17855 1235 400 188 112 
12 5 132 17763 17894 17856 1235 400 188 112 
12 5 132 17763 17894 17857 1235 400 188 112 
12 5 132 17763 17894 17858 1235 400 188 112 
12 5 132 17763 17894 17859 1235 400 188 112 
12 5 132 17763 17894 17860 1235 400 188 112 
12 5 132 17763 17894 17861 1235 400 188 112 
12 5 132 17763 17894 17862 1235 400 188 112 
12 5 132 17763 17894 17863 1235 400 188 112 
12 5 132 17763 17894 17864 1235 400 188 112 
12 5 132 17763 17894 17865 1235 400 188 112 
12 5 132 17763 17894 17866 1235 400 188 112 
12 5 132 17763 17894 17867 1235 400 188 112 
12 5 132 17763 17894 17868 1235 400 188 112 
12 5 132 17763 17894 17869 1235 400 188 112 
12 5 132 17763 17894 17870 1235 400 188 112 
12 5 132 17763 17894 17871 1235 400 188 112 
12 5 132 17763 17894 17872 1235 400 188 112 
12 5 132 17763 17894 17873 1235 400 188 112 
12 5 132 17763 17894 17874 1235 400 188 112 
12 5 132 17763 17894 17875 1235 400 188 112 
12 5 132 17763 17894 17876 1235 400 188 112 
12 5 132 17763 17894 17877 1235 400 188 112 
12 5 132 17763 17894 17878 1235 400 188 112 
12 5 132 17763 17894 17879 1235 400 188 112 
12 5 132 17763 17894 17880 1235 400 188 112 
12 5 132 17763 17894 17881 1235 400 188 112 
12 5 132 17763 17894 17882 1235 400 188 112 
12 5 132 17763 17894 17883 1235 400 188 112 
12 5 132 17763 17894 17884 1235 400 188 112 
12 5 132 17763 17894 17885 1235 400 188 112 
12 5 132 17763 17894 17886 1235 400 188 112 
12 5 132 17763 17894 17887 1235 400 188 112 
12 5 132 17763 17894 17888 1235 400 188 112 
12 5 132 17763 17894 17889 1235 400 188 112 
12 5 132 17763 17894 17890 1235 400 188 112 
12 5 132 17763 17894 17891 1235 400 188 112 
12 5 132 17763 17894 17892 1235 400 188 112 
12 5 132 17763 17894 17893 1235 400 188 112 
12 5 132 17763 17894 17894 1235 400 188 112 
19 9 327 12275 12601 12275 0 646 127 210 
19 9 327 12275 12601 12276 0 646 130 210 
19 9 327 12275 12601 12277 0 645 134 210 
19 9 327 12275 12601 12278 0 645 137 210 
19 9 327 12275 12601 12279 0 644 140 210 
19 9 327 12275 12601 12280 0 644 143 210 
19 9 327 12275 12601 12281 0 644 146 210 
19 9 327 12275 12601 12282 1 643 148 210 
19 9 327 12275 12601 12283 4 643 148 210 
19 9 327 12275 12601 12284 7 642 148 210 
19 9 327 12275 12601 12285 11 642 148 210 
19 9 327 12275 12601 12286 14 641 148 210 
19 9 327 12275 12601 12287 17 641 148 210 
19 9 327 12275 12601 12288 20 641 148 210 
19 9 327 12275 12601 12289 23 640 148 210 
19 9 327 12275 12601 12290 26 640 148 210 
19 9 327 12275 12601 12291 29 639 148 210 
19 9 327 12275 12601 12292 32 639 148 210 
19 9 327 12275 12601 12293 36 639 148 210 
19 9 327 12275 12601 12294 39 638 148 210 
19 9 327 12275 12601 12295 42 638 148 210 
19 9 327 12275 12601 12296 45 638 148 210 
19 9 327 12275 12601 12297 47 637 150 210 
19 9 327 12275 12601 12298 50 637 150 210 
19 9 327 12275 12601 12299 53 637 150 210 
19 9 327 12275 12601 12300 56 636 152 210 
19 9 327 12275 12601 12301 60 636 150 210 
19 9 327 12275 12601 12302 63 636 150 210 
19 9 327 12275 12601 12303 66 635 152 210 
19 9 327 12275 12601 12304 69 635 152 210 
19 9 327 12275 12601 12305 72 635 152 210 
19 9 327 12275 12601 12306 74 634 154 210 
19 9 327 12275 12601 12307 77 634 154 210 
19 9 327 12275 12601 12308 82 634 152 210 
19 9 327 12275 12601 12309 84 633 154 210 
19 9 327 12275 12601 12310 87 633 154 210 
19 9 327 12275 12601 12311 90 633 154 210 
19 9 327 12275 12601 12312 93 632 156 210 
19 9 327 12275 12601 12313 96 632 156 210 
19 9 327 12275 12601 12314 99 632 156 210 
19 9 327 12275 12601 12315 101 631 158 210 
19 9 327 12275 12601 12316 106 631 156 210 
19 9 327 12275 12601 12317 109 631 156 210 
19 9 327 12275 12601 12318 111 630 158 210 
19 9 327 12275 12601 12319 114 630 158 210 
19 9 327 12275 12601 12320 117 630 158 210 
19 9 327 12275 12601 12321 120 629 160 210 
19 9 327 12275 12601 12322 123 629 160 210 
19 9 327 12275 12601 12323 127 629 158 210 
19 9 327 12275 12601 12324 130 628 160 210 
19 9 327 12275 12601 12325 133 628 160 210 
19 9 327 12275 12601 12326 136 628 160 210 
19 9 327 12275 12601 12327 138 627 162 210 
19 9 327 12275 12601 12328 141 627 162 210 
19 9 327 12275 12601 12329 144 627 162 210 
19 9 327 12275 12601 12330 148 627 162 210 
19 9 327 12275 12601 12331 151 626 162 210 
19 9 327 12275 12601 12332 154 626 162 210 
19 9 327 12275 12601 12333 159 625 160 210 
19 9 327 12275 12601 12334 162 625 160 210 
19 9 327 12275 12601 12335 165 624 160 210 
19 9 327 12275 12601 12336 169 624 158 210 
19 9 327 12275 12601 12337 172 624 158 208 
19 9 327 12275 12601 12338 175 623 158 210 
19 9 327 12275 12601 12339 180 623 156 208 
19 9 327 12275 12601 12340 183 622 156 210 
19 9 327 12275 12601 12341 186 622 156 210 
19 9 327 12275 12601 12342 190 621 154 210 
19 9 327 12275 12601 12343 193 621 154 210 
19 9 327 12275 12601 12344 196 621 154 208 
19 9 327 12275 12601 12345 201 620 152 210 
19 9 327 12275 12601 12346 204 620 152 208 
19 9 327 12275 12601 12347 207 619 152 210 
19 9 327 12275 12601 12348 211 619 150 208 
19 9 327 12275 12601 12349 214 619 150 208 
19 9 327 12275 12601 12350 217 618 152 210 
19 9 327 12275 12601 12351 221 618 150 208 
19 9 327 12275 12601 12352 224 617 150 210 
19 9 327 12275 12601 12353 227 617 150 208 
19 9 327 12275 12601 12354 232 616 148 210 
19 9 327 12275 12601 12355 235 616 148 208 
19 9 327 12275 12601 12356 238 616 148 208 
19 9 327 12275 12601 12357 242 615 146 208 
19 9 327 12275 12601 12358 245 615 146 208 
19 9 327 12275 12601 12359 248 614 146 210 
19 9 327 12275 12601 12360 253 614 144 208 
19 9 327 12275 12601 12361 256 613 144 210 
19 9 327 12275 12601 12362 259 613 144 208 
19 9 327 12275 12601 12363 263 613 142 208 
19 9 327 12275 12601 12364 266 612 142 208 
19 9 327 12275 12601 12365 269 612 142 208 
19 9 327 12275 12601 12366 274 611 140 208 
19 9 327 12275 12601 12367 277 611 140 208 
19 9 327 12275 12601 12368 281 611 140 208 
19 9 327 12275 12601 12369 283 610 140 208 
19 9 327 12275 12601 12370 285 610 140 208 
19 9 327 12275 12601 12371 288 610 138 207 
19 9 327 12275 12601 12372 290 609 138 208 
19 9 327 12275 12601 12373 292 609 138 207 
19 9 327 12275 12601 12374 295 609 138 207 
19 9 327 12275 12601 12375 297 608 138 208 
19 9 327 12275 12601 12376 299 608 138 207 
19 9 327 12275 12601 12377 303 608 136 207 
19 9 327 12275 12601 12378 305 607 136 207 
19 9 327 12275 12601 12379 307 607 136 207 
19 9 327 12275 12601 12380 310 607 136 207 
19 9 327 12275 12601 12381 312 606 136 207 
19 9 327 12275 12601 12382 314 606 136 207 
19 9 327 12275 12601 12383 317 606 134 205 
19 9 327 12275 12601 12384 319 605 134 207 
19 9 327 12275 12601 12385 321 605 136 207 
19 9 327 12275 12601 12386 324 605 134 205 
19 9 327 12275 12601 12387 326 604 134 207 
19 9 327 12275 12601 12388 328 604 134 205 
19 9 327 12275 12601 12389 332 604 132 205 
19 9 327 12275 12601 12390 334 603 132 205 
19 9 327 12275 12601 12391 335 603 134 205 
19 9 327 12275 12601 12392 339 603 132 205 
19 9 327 12275 12601 12393 341 602 132 205 
19 9 327 12275 12601 12394 343 602 132 205 
19 9 327 12275 12601 12395 346 603 130 204 
19 9 327 12275 12601 12396 348 601 132 205 
19 9 327 12275 12601 12397 350 601 132 205 
19 9 327 12275 12601 12398 353 602 130 204 
19 9 327 12275 12601 12399 355 600 130 205 
19 9 327 12275 12601 12400 357 601 130 204 
19 9 327 12275 12601 12401 361 601 128 204 
19 9 327 12275 12601 12402 362 599 130 205 
19 9 327 12275 12601 12403 364 600 130 204 
19 9 327 12275 12601 12404 368 600 128 204 
19 9 327 12275 12601 12405 370 599 128 204 
19 9 327 12275 12601 12406 372 599 128 204 
19 9 327 12275 12601 12407 375 599 128 204 
19 9 327 12275 12601 12408 375 598 128 204 
19 9 327 12275 12601 12409 375 598 128 204 
19 9 327 12275 12601 12410 375 598 128 204 
19 9 327 12275 12601 12411 375 598 128 204 
19 9 327 12275 12601 12412 375 598 128 204 
19 9 327 12275 12601 12413 375 598 128 204 
19 9 327 12275 12601 12414 375 598 128 204 
19 9 327 12275 12601 12415 375 598 128 204 
19 9 327 12275 12601 12416 375 598 128 204 
19 9 327 12275 12601 12417 375 598 128 204 
19 9 327 12275 12601 12418 375 598 128 204 
19 9 327 12275 12601 12419 375 598 128 204 
19 9 327 12275 12601 12420 375 598 128 204 
19 9 327 12275 12601 12421 375 597 128 204 
19 9 327 12275 12601 12422 375 597 128 204 
19 9 327 12275 12601 12423 375 597 128 204 
19 9 327 12275 12601 12424 375 597 128 204 
19 9 327 12275 12601 12425 375 597 128 204 
19 9 327 12275 12601 12426 375 597 128 204 
19 9 327 12275 12601 12427 375 597 128 204 
19 9 327 12275 12601 12428 375 597 128 204 
19 9 327 12275 12601 12429 375 597 128 204 
19 9 327 12275 12601 12430 375 597 128 204 
19 9 327 12275 12601 12431 375 597 128 204 
19 9 327 12275 12601 12432 375 597 128 204 
19 9 327 12275 12601 12433 375 597 128 204 
19 9 327 12275 12601 12434 375 596 128 204 
19 9 327 12275 12601 12435 375 596 128 204 
19 9 327 12275 12601 12436 375 596 128 204 
19 9 327 12275 12601 12437 375 596 128 204 
19 9 327 12275 12601 12438 375 596 128 204 
19 9 327 12275 12601 12439 375 596 128 204 
19 9 327 12275 12601 12440 375 596 128 204 
19 9 327 12275 12601 12441 375 596 128 204 
19 9 327 12275 12601 12442 375 596 128 204 
19 9 327 12275 12601 12443 375 596 128 204 
19 9 327 12275 12601 12444 375 596 128 204 
19 9 327 12275 12601 12445 375 596 128 204 
19 9 327 12275 12601 12446 375 596 128 204 
19 9 327 12275 12601 12447 375 595 128 204 
19 9 327 12275 12601 12448 375 595 128 204 
19 9 327 12275 12601 12449 375 595 128 204 
19 9 327 12275 12601 12450 375 595 128 204 
19 9 327 12275 12601 12451 375 595 128 204 
19 9 327 12275 12601 12452 375 595 128 204 
19 9 327 12275 12601 12453 375 595 128 204 
19 9 327 12275 12601 12454 375 595 128 204 
19 9 327 12275 12601 12455 375 595 128 204 
19 9 327 12275 12601 12456 375 595 128 204 
19 9 327 12275 12601 12457 375 595 128 204 
19 9 327 12275 12601 12458 375 595 128 204 
19 9 327 12275 12601 12459 375 595 128 204 
19 9 327 12275 12601 12460 376 595 128 204 
19 9 327 12275 12601 12461 375 593 130 204 
19 9 327 12275 12601 12462 376 592 130 204 
19 9 327 12275 12601 12463 377 591 130 204 
19 9 327 12275 12601 12464 378 590 130 204 
19 9 327 12275 12601 12465 379 589 130 204 
19 9 327 12275 12601 12466 380 588 130 204 
19 9 327 12275 12601 12467 381 587 130 204 
19 9 327 12275 12601 12468 382 586 130 204 
19 9 327 12275 12601 12469 382 585 132 204 
19 9 327 12275 12601 12470 383 584 132 204 
19 9 327 12275 12601 12471 384 583 132 204 
19 9 327 12275 12601 12472 385 582 132 204 
19 9 327 12275 12601 12473 386 581 132 204 
19 9 327 12275 12601 12474 387 580 132 204 
19 9 327 12275 12601 12475 388 579 132 204 
19 9 327 12275 12601 12476 389 578 132 204 
19 9 327 12275 12601 12477 390 577 132 202 
19 9 327 12275 12601 12478 389 575 134 204 
19 9 327 12275 12601 12479 390 574 134 204 
19 9 327 12275 12601 12480 391 573 134 204 
19 9 327 12275 12601 12481 392 572 134 204 
19 9 327 12275 12601 12482 393 571 134 204 
19 9 327 12275 12601 12483 394 570 134 204 
19 9 327 12275 12601 12484 395 569 134 204 
19 9 327 12275 12601 12485 396 568 134 204 
19 9 327 12275 12601 12486 396 567 136 204 
19 9 327 12275 12601 12487 397 566 136 204 
19 9 327 12275 12601 12488 398 565 136 204 
19 9 327 12275 12601 12489 399 564 136 204 
19 9 327 12275 12601 12490 400 563 136 204 
19 9 327 12275 12601 12491 401 562 136 204 
19 9 327 12275 12601 12492 402 561 136 204 
19 9 327 12275 12601 12493 403 560 136 204 
19 9 327 12275 12601 12494 403 559 138 204 
19 9 327 12275 12601 12495 405 558 138 204 
19 9 327 12275 12601 12496 407 557 138 204 
19 9 327 12275 12601 12497 409 557 138 204 
19 9 327 12275 12601 12498 411 556 138 204 
19 9 327 12275 12601 12499 413 556 138 204 
19 9 327 12275 12601 12500 417 555 136 204 
19 9 327 12275 12601 12501 419 555 136 204 
19 9 327 12275 12601 12502 421 554 136 204 
19 9 327 12275 12601 12503 422 554 138 204 
19 9 327 12275 12601 12504 424 553 138 204 
19 9 327 12275 12601 12505 426 553 138 204 
19 9 327 12275 12601 12506 430 552 136 204 
19 9 327 12275 12601 12507 432 550 136 205 
19 9 327 12275 12601 12508 434 551 136 204 
19 9 327 12275 12601 12509 436 549 136 205 
19 9 327 12275 12601 12510 438 550 136 204 
19 9 327 12275 12601 12511 440 548 136 205 
19 9 327 12275 12601 12512 443 549 136 204 
19 9 327 12275 12601 12513 445 547 136 205 
19 9 327 12275 12601 12514 447 548 136 204 
19 9 327 12275 12601 12515 449 546 136 205 
19 9 327 12275 12601 12516 451 547 136 204 
19 9 327 12275 12601 12517 453 545 136 205 
19 9 327 12275 12601 12518 456 544 134 205 
19 9 327 12275 12601 12519 458 544 134 205 
19 9 327 12275 12601 12520 460 543 134 205 
19 9 327 12275 12601 12521 462 543 136 205 
19 9 327 12275 12601 12522 464 542 136 205 
19 9 327 12275 12601 12523 466 542 136 205 
19 9 327 12275 12601 12524 469 541 134 205 
19 9 327 12275 12601 12525 471 541 134 205 
19 9 327 12275 12601 12526 473 540 134 205 
19 9 327 12275 12601 12527 475 540 134 205 
19 9 327 12275 12601 12528 477 539 134 205 
19 9 327 12275 12601 12529 480 539 134 205 
19 9 327 12275 12601 12530 483 538 132 205 
19 9 327 12275 12601 12531 485 537 132 205 
19 9 327 12275 12601 12532 487 537 132 205 
19 9 327 12275 12601 12533 489 536 132 205 
19 9 327 12275 12601 12534 492 535 130 205 
19 9 327 12275 12601 12535 494 535 130 205 
19 9 327 12275 12601 12536 496 534 130 205 
19 9 327 12275 12601 12537 498 533 130 205 
19 9 327 12275 12601 12538 502 533 128 205 
19 9 327 12275 12601 12539 504 532 128 205 
19 9 327 12275 12601 12540 506 531 128 205 
19 9 327 12275 12601 12541 508 531 128 205 
19 9 327 12275 12601 12542 511 530 126 205 
19 9 327 12275 12601 12543 513 529 126 205 
19 9 327 12275 12601 12544 515 529 126 205 
19 9 327 12275 12601 12545 517 528 126 205 
19 9 327 12275 12601 12546 521 527 124 205 
19 9 327 12275 12601 12547 523 527 124 205 
19 9 327 12275 12601 12548 525 526 124 205 
19 9 327 12275 12601 12549 527 525 124 205 
19 9 327 12275 12601 12550 530 525 122 205 
19 9 327 12275 12601 12551 532 524 122 205 
19 9 327 12275 12601 12552 534 523 122 205 
19 9 327 12275 12601 12553 536 523 122 205 
19 9 327 12275 12601 12554 540 522 120 205 
19 9 327 12275 12601 12555 542 521 120 205 
19 9 327 12275 12601 12556 544 521 120 205 
19 9 327 12275 12601 12557 546 520 120 205 
19 9 327 12275 12601 12558 549 520 118 205 
19 9 327 12275 12601 12559 550 519 118 205 
19 9 327 12275 12601 12560 551 518 118 205 
19 9 327 12275 12601 12561 552 517 118 205 
19 9 327 12275 12601 12562 553 516 118 205 
19 9 327 12275 12601 12563 554 515 118 205 
19 9 327 12275 12601 12564 555 514 118 205 
19 9 327 12275 12601 12565 556 513 118 205 
19 9 327 12275 12601 12566 557 512 118 205 
19 9 327 12275 12601 12567 558 511 118 205 
19 9 327 12275 12601 12568 559 510 118 205 
19 9 327 12275 12601 12569 560 509 118 205 
19 9 327 12275 12601 12570 561 508 118 205 
19 9 327 12275 12601 12571 562 507 118 205 
19 9 327 12275 12601 12572 563 506 118 205 
19 9 327 12275 12601 12573 564 505 118 205 
19 9 327 12275 12601 12574 565 504 118 205 
19 9 327 12275 12601 12575 566 503 118 205 
19 9 327 12275 12601 12576 567 502 118 205 
19 9 327 12275 12601 12577 568 501 118 205 
19 9 327 12275 12601 12578 569 500 118 205 
19 9 327 12275 12601 12579 570 499 118 205 
19 9 327 12275 12601 12580 571 498 118 205 
19 9 327 12275 12601 12581 572 497 118 205 
19 9 327 12275 12601 12582 573 496 118 205 
19 9 327 12275 12601 12583 574 495 118 205 
19 9 327 12275 12601 12584 575 494 118 205 
19 9 327 12275 12601 12585 576 493 118 205 
19 9 327 12275 12601 12586 577 492 118 205 
19 9 327 12275 12601 12587 579 491 118 205 
19 9 327 12275 12601 12588 578 492 118 204 
19 9 327 12275 12601 12589 578 493 118 202 
19 9 327 12275 12601 12590 578 494 118 201 
19 9 327 12275 12601 12591 577 495 120 199 
19 9 327 12275 12601 12592 577 497 120 198 
19 9 327 12275 12601 12593 577 498 120 196 
19 9 327 12275 12601 12594 575 499 122 195 
19 9 327 12275 12601 12595 575 500 122 193 
19 9 327 12275 12601 12596 575 502 122 192 
19 9 327 12275 12601 12597 574 503 124 190 
19 9 327 12275 12601 12598 574 504 124 189 
19 9 327 12275 12601 12599 574 505 124 187 
19 9 327 12275 12601 12600 574 507 124 186 
19 9 327 12275 12601 12601 572 508 126 184 
20 9 219 13003 13221 13003 550 504 132 201 
20 9 219 13003 13221 13004 548 504 132 201 
20 9 219 13003 13221 13005 546 505 132 201 
20 9 219 13003 13221 13006 544 506 132 201 
20 9 219 13003 13221 13007 542 506 132 201 
20 9 219 13003 13221 13008 540 507 132 201 
20 9 219 13003 13221 13009 538 508 132 201 
20 9 219 13003 13221 13010 536 508 132 201 
20 9 219 13003 13221 13011 534 509 132 201 
20 9 219 13003 13221 13012 531 509 134 201 
20 9 219 13003 13221 13013 529 510 134 201 
20 9 219 13003 13221 13014 527 511 136 201 
20 9 219 13003 13221 13015 525 511 136 201 
20 9 219 13003 13221 13016 524 512 136 201 
20 9 219 13003 13221 13017 522 512 136 202 
20 9 219 13003 13221 13018 520 513 136 201 
20 9 219 13003 13221 13019 517 514 138 201 
20 9 219 13003 13221 13020 515 514 138 202 
20 9 219 13003 13221 13021 513 515 140 201 
20 9 219 13003 13221 13022 512 515 138 202 
20 9 219 13003 13221 13023 510 516 140 201 
20 9 219 13003 13221 13024 508 517 140 201 
20 9 219 13003 13221 13025 505 517 142 202 
20 9 219 13003 13221 13026 503 518 142 201 
20 9 219 13003 13221 13027 501 518 142 202 
20 9 219 13003 13221 13028 500 519 142 202 
20 9 219 13003 13221 13029 498 520 142 201 
20 9 219 13003 13221 13030 496 520 144 202 
20 9 219 13003 13221 13031 494 521 144 202 
20 9 219 13003 13221 13032 491 521 146 202 
20 9 219 13003 13221 13033 489 522 146 202 
20 9 219 13003 13221 13034 488 523 146 202 
20 9 219 13003 13221 13035 485 524 146 202 
20 9 219 13003 13221 13036 483 525 146 202 
20 9 219 13003 13221 13037 482 526 144 202 
20 9 219 13003 13221 13038 478 527 146 202 
20 9 219 13003 13221 13039 476 528 146 202 
20 9 219 13003 13221 13040 475 529 144 202 
20 9 219 13003 13221 13041 471 530 146 202 
20 9 219 13003 13221 13042 469 531 146 202 
20 9 219 13003 13221 13043 468 532 144 202 
20 9 219 13003 13221 13044 464 533 146 202 
20 9 219 13003 13221 13045 462 534 146 202 
20 9 219 13003 13221 13046 461 535 144 202 
20 9 219 13003 13221 13047 457 536 146 202 
20 9 219 13003 13221 13048 455 537 146 202 
20 9 219 13003 13221 13049 454 538 144 202 
20 9 219 13003 13221 13050 452 539 144 202 
20 9 219 13003 13221 13051 448 540 146 202 
20 9 219 13003 13221 13052 447 541 144 202 
20 9 219 13003 13221 13053 445 542 144 202 
20 9 219 13003 13221 13054 441 543 146 202 
20 9 219 13003 13221 13055 440 544 144 202 
20 9 219 13003 13221 13056 438 545 144 202 
20 9 219 13003 13221 13057 434 546 146 202 
20 9 219 13003 13221 13058 433 547 144 202 
20 9 219 13003 13221 13059 431 548 144 202 
20 9 219 13003 13221 13060 427 549 146 202 
20 9 219 13003 13221 13061 426 550 144 202 
20 9 219 13003 13221 13062 424 551 144 202 
20 9 219 13003 13221 13063 422 553 144 202 
20 9 219 13003 13221 13064 419 554 144 202 
20 9 219 13003 13221 13065 417 555 144 202 
20 9 219 13003 13221 13066 415 556 144 202 
20 9 219 13003 13221 13067 413 557 144 202 
20 9 219 13003 13221 13068 409 558 146 202 
20 9 219 13003 13221 13069 407 560 146 202 
20 9 219 13003 13221 13070 405 561 146 202 
20 9 219 13003 13221 13071 403 562 146 202 
20 9 219 13003 13221 13072 400 563 146 202 
20 9 219 13003 13221 13073 398 564 146 202 
20 9 219 13003 13221 13074 396 565 146 204 
20 9 219 13003 13221 13075 394 567 146 202 
20 9 219 13003 13221 13076 392 568 146 202 
20 9 219 13003 13221 13077 389 569 148 202 
20 9 219 13003 13221 13078 387 570 148 202 
20 9 219 13003 13221 13079 385 571 148 204 
20 9 219 13003 13221 13080 383 572 148 204 
20 9 219 13003 13221 13081 380 574 148 202 
20 9 219 13003 13221 13082 378 575 148 202 
20 9 219 13003 13221 13083 376 576 148 202 
20 9 219 13003 13221 13084 374 577 148 204 
20 9 219 13003 13221 13085 370 578 150 204 
20 9 219 13003 13221 13086 368 579 150 204 
20 9 219 13003 13221 13087 366 581 150 202 
20 9 219 13003 13221 13088 364 582 150 202 
20 9 219 13003 13221 13089 362 583 150 204 
20 9 219 13003 13221 13090 359 584 150 204 
20 9 219 13003 13221 13091 357 585 150 204 
20 9 219 13003 13221 13092 355 586 150 204 
20 9 219 13003 13221 13093 353 588 150 202 
20 9 219 13003 13221 13094 350 589 152 204 
20 9 219 13003 13221 13095 348 590 152 204 
20 9 219 13003 13221 13096 346 591 152 204 
20 9 219 13003 13221 13097 344 592 152 204 
20 9 219 13003 13221 13098 342 594 152 204 
20 9 219 13003 13221 13099 339 594 152 204 
20 9 219 13003 13221 13100 336 593 152 205 
20 9 219 13003 13221 13101 332 594 154 205 
20 9 219 13003 13221 13102 329 594 154 207 
20 9 219 13003 13221 13103 327 594 154 207 
20 9 219 13003 13221 13104 324 595 154 207 
20 9 219 13003 13221 13105 321 595 154 208 
20 9 219 13003 13221 13106 318 595 156 210 
20 9 219 13003 13221 13107 315 596 156 208 
20 9 219 13003 13221 13108 312 596 156 210 
20 9 219 13003 13221 13109 308 595 158 211 
20 9 219 13003 13221 13110 305 596 158 211 
20 9 219 13003 13221 13111 302 596 158 213 
20 9 219 13003 13221 13112 299 596 158 213 
20 9 219 13003 13221 13113 296 597 160 213 
20 9 219 13003 13221 13114 293 597 160 214 
20 9 219 13003 13221 13115 290 598 160 214 
20 9 219 13003 13221 13116 287 598 160 216 
20 9 219 13003 13221 13117 284 597 160 217 
20 9 219 13003 13221 13118 280 599 162 216 
20 9 219 13003 13221 13119 277 598 162 217 
20 9 219 13003 13221 13120 274 598 162 219 
20 9 219 13003 13221 13121 271 599 162 219 
20 9 219 13003 13221 13122 267 599 164 220 
20 9 219 13003 13221 13123 264 600 164 220 
20 9 219 13003 13221 13124 261 600 164 220 
20 9 219 13003 13221 13125 258 601 164 220 
20 9 219 13003 13221 13126 253 601 166 222 
20 9 219 13003 13221 13127 250 600 166 223 
20 9 219 13003 13221 13128 247 601 166 223 
20 9 219 13003 13221 13129 244 601 166 225 
20 9 219 13003 13221 13130 240 602 168 225 
20 9 219 13003 13221 13131 237 602 168 226 
20 9 219 13003 13221 13132 234 603 168 226 
20 9 219 13003 13221 13133 230 603 168 225 
20 9 219 13003 13221 13134 227 603 168 225 
20 9 219 13003 13221 13135 224 603 168 225 
20 9 219 13003 13221 13136 221 603 166 225 
20 9 219 13003 13221 13137 218 603 166 225 
20 9 219 13003 13221 13138 215 603 166 225 
20 9 219 13003 13221 13139 212 603 166 225 
20 9 219 13003 13221 13140 210 604 164 223 
20 9 219 13003 13221 13141 207 604 164 223 
20 9 219 13003 13221 13142 204 604 164 223 
20 9 219 13003 13221 13143 201 604 164 223 
20 9 219 13003 13221 13144 198 604 162 223 
20 9 219 13003 13221 13145 195 605 162 222 
20 9 219 13003 13221 13146 192 605 162 222 
20 9 219 13003 13221 13147 189 605 162 222 
20 9 219 13003 13221 13148 187 606 160 220 
20 9 219 13003 13221 13149 184 606 160 220 
20 9 219 13003 13221 13150 181 606 160 220 
20 9 219 13003 13221 13151 178 606 160 220 
20 9 219 13003 13221 13152 175 606 158 220 
20 9 219 13003 13221 13153 172 606 158 220 
20 9 219 13003 13221 13154 169 606 158 220 
20 9 219 13003 13221 13155 166 606 158 220 
20 9 219 13003 13221 13156 164 607 156 219 
20 9 219 13003 13221 13157 161 607 156 219 
20 9 219 13003 13221 13158 158 607 156 217 
20 9 219 13003 13221 13159 155 607 156 217 
20 9 219 13003 13221 13160 152 607 154 217 
20 9 219 13003 13221 13161 149 607 154 217 
20 9 219 13003 13221 13162 146 607 154 217 
20 9 219 13003 13221 13163 143 609 154 216 
20 9 219 13003 13221 13164 141 609 152 216 
20 9 219 13003 13221 13165 138 609 152 216 
20 9 219 13003 13221 13166 135 609 152 216 
20 9 219 13003 13221 13167 132 609 152 216 
20 9 219 13003 13221 13168 129 609 150 216 
20 9 219 13003 13221 13169 126 609 150 216 
20 9 219 13003 13221 13170 123 609 150 216 
20 9 219 13003 13221 13171 120 610 150 214 
20 9 219 13003 13221 13172 117 609 150 216 
20 9 219 13003 13221 13173 114 609 150 216 
20 9 219 13003 13221 13174 111 609 152 216 
20 9 219 13003 13221 13175 108 609 152 216 
20 9 219 13003 13221 13176 105 609 152 216 
20 9 219 13003 13221 13177 103 609 152 216 
20 9 219 13003 13221 13178 100 609 152 216 
20 9 219 13003 13221 13179 96 609 154 216 
20 9 219 13003 13221 13180 93 609 154 216 
20 9 219 13003 13221 13181 90 609 154 216 
20 9 219 13003 13221 13182 87 609 156 216 
20 9 219 13003 13221 13183 85 609 154 216 
20 9 219 13003 13221 13184 82 609 156 216 
20 9 219 13003 13221 13185 79 609 156 216 
20 9 219 13003 13221 13186 76 609 156 216 
20 9 219 13003 13221 13187 72 609 158 216 
20 9 219 13003 13221 13188 69 609 158 216 
20 9 219 13003 13221 13189 68 609 156 216 
20 9 219 13003 13221 13190 64 607 158 217 
20 9 219 13003 13221 13191 61 607 158 217 
20 9 219 13003 13221 13192 58 607 160 217 
20 9 219 13003 13221 13193 55 607 160 217 
20 9 219 13003 13221 13194 52 607 160 217 
20 9 219 13003 13221 13195 50 607 160 217 
20 9 219 13003 13221 13196 47 607 160 217 
20 9 219 13003 13221 13197 43 607 162 217 
20 9 219 13003 13221 13198 40 607 162 217 
20 9 219 13003 13221 13199 37 607 162 217 
20 9 219 13003 13221 13200 34 607 164 217 
20 9 219 13003 13221 13201 32 607 162 217 
20 9 219 13003 13221 13202 29 607 164 217 
20 9 219 13003 13221 13203 26 607 164 217 
20 9 219 13003 13221 13204 23 607 164 217 
20 9 219 13003 13221 13205 19 607 166 217 
20 9 219 13003 13221 13206 16 607 166 217 
20 9 219 13003 13221 13207 14 607 166 219 
20 9 219 13003 13221 13208 10 606 166 219 
20 9 219 13003 13221 13209 8 606 164 219 
20 9 219 13003 13221 13210 5 606 162 219 
20 9 219 13003 13221 13211 3 606 160 217 
20 9 219 13003 13221 13212 0 606 158 217 
20 9 219 13003 13221 13213 0 605 155 219 
20 9 219 13003 13221 13214 0 605 151 217 
20 9 219 13003 13221 13215 0 605 146 217 
20 9 219 13003 13221 13216 0 605 142 217 
20 9 219 13003 13221 13217 0 605 139 217 
20 9 219 13003 13221 13218 0 606 134 216 
20 9 219 13003 13221 13219 0 606 131 216 
20 9 219 13003 13221 13220 0 606 127 214 
20 9 219 13003 13221 13221 0 607 124 213 
44 9 386 17729 18114 17729 1053 386 110 199 
44 9 386 17729 18114 17730 1051 387 110 199 
44 9 386 17729 18114 17731 1049 388 110 199 
44 9 386 17729 18114 17732 1046 388 110 199 
44 9 386 17729 18114 17733 1044 389 110 199 
44 9 386 17729 18114 17734 1042 390 110 199 
44 9 386 17729 18114 17735 1040 391 110 199 
44 9 386 17729 18114 17736 1037 391 110 199 
44 9 386 17729 18114 17737 1035 392 110 199 
44 9 386 17729 18114 17738 1033 393 110 199 
44 9 386 17729 18114 17739 1031 394 110 199 
44 9 386 17729 18114 17740 1028 394 110 199 
44 9 386 17729 18114 17741 1026 395 110 199 
44 9 386 17729 18114 17742 1024 396 110 199 
44 9 386 17729 18114 17743 1022 397 110 199 
44 9 386 17729 18114 17744 1019 397 110 199 
44 9 386 17729 18114 17745 1017 398 110 199 
44 9 386 17729 18114 17746 1015 399 110 199 
44 9 386 17729 18114 17747 1013 400 110 199 
44 9 386 17729 18114 17748 1010 400 110 199 
44 9 386 17729 18114 17749 1008 401 110 199 
44 9 386 17729 18114 17750 1006 402 110 199 
44 9 386 17729 18114 17751 1004 403 110 199 
44 9 386 17729 18114 17752 1001 403 110 199 
44 9 386 17729 18114 17753 999 404 110 199 
44 9 386 17729 18114 17754 997 405 110 199 
44 9 386 17729 18114 17755 995 406 110 199 
44 9 386 17729 18114 17756 992 406 110 199 
44 9 386 17729 18114 17757 990 407 110 199 
44 9 386 17729 18114 17758 988 408 110 199 
44 9 386 17729 18114 17759 986 409 110 199 
44 9 386 17729 18114 17760 983 409 110 199 
44 9 386 17729 18114 17761 980 409 112 199 
44 9 386 17729 18114 17762 978 410 112 199 
44 9 386 17729 18114 17763 974 410 114 199 
44 9 386 17729 18114 17764 971 410 116 201 
44 9 386 17729 18114 17765 969 411 116 199 
44 9 386 17729 18114 17766 965 411 118 201 
44 9 386 17729 18114 17767 962 411 120 201 
44 9 386 17729 18114 17768 960 412 120 201 
44 9 386 17729 18114 17769 956 412 122 201 
44 9 386 17729 18114 17770 953 412 124 202 
44 9 386 17729 18114 17771 951 413 124 201 
44 9 386 17729 18114 17772 947 413 126 202 
44 9 386 17729 18114 17773 944 413 128 202 
44 9 386 17729 18114 17774 942 414 128 202 
44 9 386 17729 18114 17775 938 414 130 202 
44 9 386 17729 18114 17776 935 414 132 204 
44 9 386 17729 18114 17777 933 415 132 202 
44 9 386 17729 18114 17778 929 415 134 204 
44 9 386 17729 18114 17779 927 416 136 204 
44 9 386 17729 18114 17780 926 416 132 204 
44 9 386 17729 18114 17781 924 417 130 204 
44 9 386 17729 18114 17782 923 418 126 204 
44 9 386 17729 18114 17783 922 419 124 204 
44 9 386 17729 18114 17784 920 420 122 204 
44 9 386 17729 18114 17785 921 419 116 205 
44 9 386 17729 18114 17786 919 420 114 205 
44 9 386 17729 18114 17787 918 421 112 205 
44 9 386 17729 18114 17788 917 422 108 205 
44 9 386 17729 18114 17789 915 423 106 205 
44 9 386 17729 18114 17790 915 424 102 205 
44 9 386 17729 18114 17791 912 424 102 205 
44 9 386 17729 18114 17792 909 425 104 205 
44 9 386 17729 18114 17793 907 425 104 205 
44 9 386 17729 18114 17794 903 426 106 205 
44 9 386 17729 18114 17795 902 427 104 205 
44 9 386 17729 18114 17796 898 427 106 205 
44 9 386 17729 18114 17797 895 428 108 205 
44 9 386 17729 18114 17798 893 430 108 204 
44 9 386 17729 18114 17799 890 429 108 205 
44 9 386 17729 18114 17800 888 430 108 205 
44 9 386 17729 18114 17801 884 432 110 204 
44 9 386 17729 18114 17802 881 431 112 205 
44 9 386 17729 18114 17803 879 432 110 205 
44 9 386 17729 18114 17804 876 434 112 204 
44 9 386 17729 18114 17805 874 433 112 205 
44 9 386 17729 18114 17806 870 435 114 204 
44 9 386 17729 18114 17807 869 436 112 204 
44 9 386 17729 18114 17808 865 435 114 205 
44 9 386 17729 18114 17809 862 437 116 204 
44 9 386 17729 18114 17810 860 438 116 204 
44 9 386 17729 18114 17811 856 437 118 205 
44 9 386 17729 18114 17812 855 439 116 204 
44 9 386 17729 18114 17813 851 438 118 205 
44 9 386 17729 18114 17814 848 440 120 204 
44 9 386 17729 18114 17815 846 441 120 204 
44 9 386 17729 18114 17816 843 440 120 205 
44 9 386 17729 18114 17817 841 442 120 204 
44 9 386 17729 18114 17818 837 443 122 204 
44 9 386 17729 18114 17819 834 442 124 205 
44 9 386 17729 18114 17820 832 444 122 204 
44 9 386 17729 18114 17821 829 445 124 204 
44 9 386 17729 18114 17822 827 445 124 204 
44 9 386 17729 18114 17823 823 446 126 204 
44 9 386 17729 18114 17824 822 447 124 204 
44 9 386 17729 18114 17825 818 447 126 204 
44 9 386 17729 18114 17826 815 448 128 204 
44 9 386 17729 18114 17827 813 449 128 204 
44 9 386 17729 18114 17828 809 449 130 204 
44 9 386 17729 18114 17829 808 450 128 204 
44 9 386 17729 18114 17830 804 449 130 205 
44 9 386 17729 18114 17831 801 451 132 204 
44 9 386 17729 18114 17832 799 452 132 204 
44 9 386 17729 18114 17833 796 452 132 204 
44 9 386 17729 18114 17834 794 453 132 204 
44 9 386 17729 18114 17835 790 454 134 204 
44 9 386 17729 18114 17836 787 454 136 204 
44 9 386 17729 18114 17837 785 455 134 204 
44 9 386 17729 18114 17838 782 456 136 204 
44 9 386 17729 18114 17839 780 456 136 204 
44 9 386 17729 18114 17840 776 457 138 204 
44 9 386 17729 18114 17841 774 458 138 204 
44 9 386 17729 18114 17842 771 458 138 204 
44 9 386 17729 18114 17843 768 459 138 204 
44 9 386 17729 18114 17844 767 460 136 204 
44 9 386 17729 18114 17845 764 461 136 202 
44 9 386 17729 18114 17846 760 461 138 204 
44 9 386 17729 18114 17847 759 462 136 204 
44 9 386 17729 18114 17848 756 463 136 202 
44 9 386 17729 18114 17849 753 464 136 202 
44 9 386 17729 18114 17850 751 465 136 202 
44 9 386 17729 18114 17851 748 465 136 204 
44 9 386 17729 18114 17852 746 466 134 202 
44 9 386 17729 18114 17853 743 467 134 202 
44 9 386 17729 18114 17854 740 468 136 202 
44 9 386 17729 18114 17855 738 469 134 201 
44 9 386 17729 18114 17856 735 469 134 202 
44 9 386 17729 18114 17857 732 470 134 202 
44 9 386 17729 18114 17858 730 471 134 202 
44 9 386 17729 18114 17859 727 472 134 201 
44 9 386 17729 18114 17860 726 472 132 202 
44 9 386 17729 18114 17861 723 473 132 202 
44 9 386 17729 18114 17862 719 474 134 201 
44 9 386 17729 18114 17863 718 475 132 201 
44 9 386 17729 18114 17864 715 476 132 201 
44 9 386 17729 18114 17865 712 476 132 202 
44 9 386 17729 18114 17866 710 477 132 201 
44 9 386 17729 18114 17867 707 478 132 201 
44 9 386 17729 18114 17868 705 479 130 201 
44 9 386 17729 18114 17869 702 480 130 199 
44 9 386 17729 18114 17870 699 480 132 201 
44 9 386 17729 18114 17871 697 481 130 201 
44 9 386 17729 18114 17872 694 482 130 201 
44 9 386 17729 18114 17873 691 483 130 199 
44 9 386 17729 18114 17874 690 483 128 201 
44 9 386 17729 18114 17875 686 484 130 201 
44 9 386 17729 18114 17876 685 485 128 199 
44 9 386 17729 18114 17877 682 486 128 199 
44 9 386 17729 18114 17878 679 487 128 199 
44 9 386 17729 18114 17879 677 487 128 201 
44 9 386 17729 18114 17880 674 488 128 199 
44 9 386 17729 18114 17881 671 489 128 199 
44 9 386 17729 18114 17882 669 490 126 199 
44 9 386 17729 18114 17883 666 492 128 198 
44 9 386 17729 18114 17884 663 491 128 199 
44 9 386 17729 18114 17885 661 492 126 199 
44 9 386 17729 18114 17886 658 493 126 199 
44 9 386 17729 18114 17887 656 495 126 198 
44 9 386 17729 18114 17888 653 494 126 199 
44 9 386 17729 18114 17889 650 495 126 199 
44 9 386 17729 18114 17890 649 497 124 198 
44 9 386 17729 18114 17891 645 498 126 198 
44 9 386 17729 18114 17892 642 499 126 198 
44 9 386 17729 18114 17893 641 498 124 199 
44 9 386 17729 18114 17894 638 500 124 198 
44 9 386 17729 18114 17895 636 501 124 198 
44 9 386 17729 18114 17896 633 502 124 198 
44 9 386 17729 18114 17897 630 503 124 196 
44 9 386 17729 18114 17898 628 503 122 198 
44 9 386 17729 18114 17899 625 504 124 198 
44 9 386 17729 18114 17900 622 505 124 198 
44 9 386 17729 18114 17901 620 506 122 196 
44 9 386 17729 18114 17902 617 506 122 198 
44 9 386 17729 18114 17903 615 507 122 198 
44 9 386 17729 18114 17904 612 508 122 196 
44 9 386 17729 18114 17905 609 509 122 196 
44 9 386 17729 18114 17906 608 510 120 196 
44 9 386 17729 18114 17907 604 510 122 198 
44 9 386 17729 18114 17908 601 511 122 196 
44 9 386 17729 18114 17909 600 512 120 196 
44 9 386 17729 18114 17910 597 513 120 196 
44 9 386 17729 18114 17911 595 514 120 196 
44 9 386 17729 18114 17912 592 514 120 198 
44 9 386 17729 18114 17913 590 515 118 198 
44 9 386 17729 18114 17914 587 516 120 198 
44 9 386 17729 18114 17915 585 517 118 198 
44 9 386 17729 18114 17916 582 518 120 198 
44 9 386 17729 18114 17917 580 519 118 198 
44 9 386 17729 18114 17918 577 519 120 199 
44 9 386 17729 18114 17919 575 520 118 199 
44 9 386 17729 18114 17920 572 521 120 199 
44 9 386 17729 18114 17921 570 522 118 199 
44 9 386 17729 18114 17922 567 523 120 199 
44 9 386 17729 18114 17923 565 524 118 199 
44 9 386 17729 18114 17924 563 525 118 199 
44 9 386 17729 18114 17925 560 526 118 201 
44 9 386 17729 18114 17926 558 527 118 201 
44 9 386 17729 18114 17927 555 528 118 201 
44 9 386 17729 18114 17928 553 529 118 201 
44 9 386 17729 18114 17929 550 530 118 201 
44 9 386 17729 18114 17930 548 531 118 201 
44 9 386 17729 18114 17931 545 532 118 202 
44 9 386 17729 18114 17932 544 533 116 202 
44 9 386 17729 18114 17933 540 534 118 202 
44 9 386 17729 18114 17934 539 535 116 202 
44 9 386 17729 18114 17935 537 536 116 202 
44 9 386 17729 18114 17936 534 537 116 202 
44 9 386 17729 18114 17937 532 538 116 202 
44 9 386 17729 18114 17938 529 539 116 204 
44 9 386 17729 18114 17939 527 540 116 204 
44 9 386 17729 18114 17940 524 541 116 204 
44 9 386 17729 18114 17941 522 542 116 204 
44 9 386 17729 18114 17942 519 543 116 204 
44 9 386 17729 18114 17943 517 544 116 204 
44 9 386 17729 18114 17944 514 544 116 205 
44 9 386 17729 18114 17945 512 545 116 205 
44 9 386 17729 18114 17946 509 546 116 205 
44 9 386 17729 18114 17947 507 547 116 205 
44 9 386 17729 18114 17948 505 548 114 205 
44 9 386 17729 18114 17949 502 549 116 205 
44 9 386 17729 18114 17950 500 550 114 205 
44 9 386 17729 18114 17951 497 551 114 207 
44 9 386 17729 18114 17952 495 552 114 207 
44 9 386 17729 18114 17953 492 553 114 207 
44 9 386 17729 18114 17954 490 554 114 207 
44 9 386 17729 18114 17955 487 555 114 207 
44 9 386 17729 18114 17956 485 556 114 207 
44 9 386 17729 18114 17957 482 557 114 208 
44 9 386 17729 18114 17958 480 558 114 208 
44 9 386 17729 18114 17959 479 559 112 208 
44 9 386 17729 18114 17960 475 560 114 208 
44 9 386 17729 18114 17961 474 561 112 208 
44 9 386 17729 18114 17962 470 562 114 208 
44 9 386 17729 18114 17963 469 563 112 208 
44 9 386 17729 18114 17964 465 564 114 210 
44 9 386 17729 18114 17965 464 565 112 210 
44 9 386 17729 18114 17966 460 566 114 210 
44 9 386 17729 18114 17967 459 567 112 210 
44 9 386 17729 18114 17968 455 568 114 210 
44 9 386 17729 18114 17969 454 569 112 210 
44 9 386 17729 18114 17970 452 569 112 211 
44 9 386 17729 18114 17971 449 569 112 211 
44 9 386 17729 18114 17972 446 570 112 211 
44 9 386 17729 18114 17973 442 570 114 213 
44 9 386 17729 18114 17974 439 571 114 211 
44 9 386 17729 18114 17975 436 571 114 213 
44 9 386 17729 18114 17976 433 572 116 213 
44 9 386 17729 18114 17977 430 573 116 211 
44 9 386 17729 18114 17978 426 573 118 213 
44 9 386 17729 18114 17979 423 574 118 213 
44 9 386 17729 18114 17980 420 574 118 213 
44 9 386 17729 18114 17981 417 575 120 213 
44 9 386 17729 18114 17982 414 575 120 214 
44 9 386 17729 18114 17983 410 576 122 213 
44 9 386 17729 18114 17984 407 576 122 214 
44 9 386 17729 18114 17985 404 577 122 214 
44 9 386 17729 18114 17986 401 578 124 213 
44 9 386 17729 18114 17987 398 578 124 214 
44 9 386 17729 18114 17988 394 579 126 214 
44 9 386 17729 18114 17989 391 579 126 214 
44 9 386 17729 18114 17990 388 580 126 214 
44 9 386 17729 18114 17991 385 580 128 216 
44 9 386 17729 18114 17992 382 581 128 214 
44 9 386 17729 18114 17993 378 582 130 214 
44 9 386 17729 18114 17994 375 582 130 216 
44 9 386 17729 18114 17995 372 583 130 214 
44 9 386 17729 18114 17996 369 583 132 216 
44 9 386 17729 18114 17997 366 584 132 216 
44 9 386 17729 18114 17998 362 584 134 216 
44 9 386 17729 18114 17999 359 585 134 216 
44 9 386 17729 18114 18000 356 584 134 217 
44 9 386 17729 18114 18001 353 586 136 216 
44 9 386 17729 18114 18002 350 587 136 216 
44 9 386 17729 18114 18003 346 586 138 217 
44 9 386 17729 18114 18004 343 588 138 216 
44 9 386 17729 18114 18005 340 587 138 217 
44 9 386 17729 18114 18006 337 588 140 217 
44 9 386 17729 18114 18007 334 588 140 219 
44 9 386 17729 18114 18008 330 589 142 217 
44 9 386 17729 18114 18009 327 589 142 219 
44 9 386 17729 18114 18010 324 590 142 219 
44 9 386 17729 18114 18011 321 591 144 217 
44 9 386 17729 18114 18012 318 591 144 219 
44 9 386 17729 18114 18013 314 592 146 219 
44 9 386 17729 18114 18014 311 592 146 219 
44 9 386 17729 18114 18015 308 593 146 219 
44 9 386 17729 18114 18016 305 593 148 220 
44 9 386 17729 18114 18017 302 594 148 219 
44 9 386 17729 18114 18018 298 594 150 220 
44 9 386 17729 18114 18019 295 595 150 220 
44 9 386 17729 18114 18020 292 596 152 220 
44 9 386 17729 18114 18021 288 596 152 220 
44 9 386 17729 18114 18022 285 596 152 220 
44 9 386 17729 18114 18023 282 596 152 220 
44 9 386 17729 18114 18024 279 597 152 219 
44 9 386 17729 18114 18025 276 597 152 220 
44 9 386 17729 18114 18026 273 597 152 220 
44 9 386 17729 18114 18027 270 597 152 220 
44 9 386 17729 18114 18028 267 598 152 219 
44 9 386 17729 18114 18029 264 598 152 220 
44 9 386 17729 18114 18030 259 598 154 220 
44 9 386 17729 18114 18031 256 598 154 220 
44 9 386 17729 18114 18032 253 599 154 219 
44 9 386 17729 18114 18033 250 599 154 220 
44 9 386 17729 18114 18034 247 599 154 220 
44 9 386 17729 18114 18035 244 600 154 219 
44 9 386 17729 18114 18036 241 600 154 219 
44 9 386 17729 18114 18037 238 600 154 220 
44 9 386 17729 18114 18038 235 600 154 220 
44 9 386 17729 18114 18039 231 601 156 219 
44 9 386 17729 18114 18040 228 601 156 219 
44 9 386 17729 18114 18041 225 601 156 220 
44 9 386 17729 18114 18042 222 601 156 220 
44 9 386 17729 18114 18043 219 602 156 219 
44 9 386 17729 18114 18044 216 602 156 219 
44 9 386 17729 18114 18045 213 602 156 220 
44 9 386 17729 18114 18046 210 602 156 220 
44 9 386 17729 18114 18047 207 603 156 219 
44 9 386 17729 18114 18048 202 603 158 219 
44 9 386 17729 18114 18049 199 603 158 220 
44 9 386 17729 18114 18050 196 604 158 219 
44 9 386 17729 18114 18051 193 604 158 219 
44 9 386 17729 18114 18052 190 604 158 219 
44 9 386 17729 18114 18053 187 604 158 220 
44 9 386 17729 18114 18054 184 605 158 219 
44 9 386 17729 18114 18055 181 605 158 219 
44 9 386 17729 18114 18056 178 605 158 219 
44 9 386 17729 18114 18057 174 605 160 220 
44 9 386 17729 18114 18058 171 606 160 219 
44 9 386 17729 18114 18059 168 606 160 219 
44 9 386 17729 18114 18060 165 606 160 219 
44 9 386 17729 18114 18061 162 606 160 220 
44 9 386 17729 18114 18062 159 607 160 219 
44 9 386 17729 18114 18063 156 607 160 219 
44 9 386 17729 18114 18064 153 607 160 219 
44 9 386 17729 18114 18065 149 608 162 219 
44 9 386 17729 18114 18066 146 608 162 217 
44 9 386 17729 18114 18067 143 608 162 217 
44 9 386 17729 18114 18068 140 608 162 217 
44 9 386 17729 18114 18069 137 610 162 216 
44 9 386 17729 18114 18070 134 610 162 216 
44 9 386 17729 18114 18071 131 610 162 216 
44 9 386 17729 18114 18072 130 611 160 214 
44 9 386 17729 18114 18073 127 611 160 214 
44 9 386 17729 18114 18074 123 611 162 214 
44 9 386 17729 18114 18075 120 612 162 213 
44 9 386 17729 18114 18076 117 612 162 213 
44 9 386 17729 18114 18077 114 612 162 213 
44 9 386 17729 18114 18078 113 612 160 213 
44 9 386 17729 18114 18079 110 613 160 211 
44 9 386 17729 18114 18080 107 613 160 211 
44 9 386 17729 18114 18081 104 613 160 211 
44 9 386 17729 18114 18082 101 615 160 210 
44 9 386 17729 18114 18083 97 615 162 210 
44 9 386 17729 18114 18084 96 615 160 210 
44 9 386 17729 18114 18085 93 616 160 208 
44 9 386 17729 18114 18086 90 616 160 207 
44 9 386 17729 18114 18087 87 616 160 207 
44 9 386 17729 18114 18088 84 617 160 205 
44 9 386 17729 18114 18089 81 617 160 205 
44 9 386 17729 18114 18090 79 617 158 205 
44 9 386 17729 18114 18091 76 617 158 205 
44 9 386 17729 18114 18092 73 619 160 204 
44 9 386 17729 18114 18093 70 619 160 204 
44 9 386 17729 18114 18094 67 619 160 204 
44 9 386 17729 18114 18095 64 620 160 202 
44 9 386 17729 18114 18096 62 620 158 202 
44 9 386 17729 18114 18097 59 620 158 202 
44 9 386 17729 18114 18098 56 621 158 201 
44 9 386 17729 18114 18099 53 621 158 201 
44 9 386 17729 18114 18100 50 621 160 201 
44 9 386 17729 18114 18101 47 621 160 201 
44 9 386 17729 18114 18102 45 622 158 199 
44 9 386 17729 18114 18103 42 622 158 199 
44 9 386 17729 18114 18104 39 622 158 199 
44 9 386 17729 18114 18105 36 624 158 198 
44 9 386 17729 18114 18106 33 624 158 198 
44 9 386 17729 18114 18107 30 624 158 198 
44 9 386 17729 18114 18108 28 625 158 196 
44 9 386 17729 18114 18109 26 624 156 198 
44 9 386 17729 18114 18110 24 623 154 199 
44 9 386 17729 18114 18111 21 623 154 201 
44 9 386 17729 18114 18112 18 623 154 202 
44 9 386 17729 18114 18113 17 623 152 202 
44 9 386 17729 18114 18114 14 623 152 204 
