0 6 130 7030 7159 7030 839 408 218 207 
0 6 130 7030 7159 7031 839 408 218 207 
0 6 130 7030 7159 7032 839 408 218 207 
0 6 130 7030 7159 7033 839 408 218 207 
0 6 130 7030 7159 7034 839 408 218 207 
0 6 130 7030 7159 7035 839 408 218 207 
0 6 130 7030 7159 7036 839 408 218 207 
0 6 130 7030 7159 7037 839 408 218 207 
0 6 130 7030 7159 7038 839 408 218 207 
0 6 130 7030 7159 7039 839 408 218 207 
0 6 130 7030 7159 7040 839 408 218 207 
0 6 130 7030 7159 7041 839 408 218 207 
0 6 130 7030 7159 7042 839 408 218 207 
0 6 130 7030 7159 7043 839 408 218 207 
0 6 130 7030 7159 7044 839 408 218 207 
0 6 130 7030 7159 7045 839 408 218 207 
0 6 130 7030 7159 7046 839 408 218 207 
0 6 130 7030 7159 7047 839 408 218 207 
0 6 130 7030 7159 7048 839 408 218 207 
0 6 130 7030 7159 7049 839 408 218 207 
0 6 130 7030 7159 7050 839 408 218 207 
0 6 130 7030 7159 7051 839 408 218 207 
0 6 130 7030 7159 7052 839 408 218 207 
0 6 130 7030 7159 7053 839 408 218 207 
0 6 130 7030 7159 7054 839 408 218 207 
0 6 130 7030 7159 7055 839 408 218 207 
0 6 130 7030 7159 7056 839 408 218 207 
0 6 130 7030 7159 7057 839 408 218 207 
0 6 130 7030 7159 7058 839 408 218 207 
0 6 130 7030 7159 7059 839 408 218 207 
0 6 130 7030 7159 7060 839 408 218 207 
0 6 130 7030 7159 7061 839 408 218 207 
0 6 130 7030 7159 7062 839 408 218 207 
0 6 130 7030 7159 7063 839 408 218 207 
0 6 130 7030 7159 7064 839 408 218 207 
0 6 130 7030 7159 7065 839 408 218 207 
0 6 130 7030 7159 7066 839 408 218 207 
0 6 130 7030 7159 7067 839 408 218 207 
0 6 130 7030 7159 7068 839 408 218 207 
0 6 130 7030 7159 7069 839 408 218 207 
0 6 130 7030 7159 7070 839 408 218 207 
0 6 130 7030 7159 7071 839 408 218 207 
0 6 130 7030 7159 7072 839 408 218 207 
0 6 130 7030 7159 7073 839 408 218 207 
0 6 130 7030 7159 7074 839 408 218 207 
0 6 130 7030 7159 7075 839 408 218 207 
0 6 130 7030 7159 7076 839 408 218 207 
0 6 130 7030 7159 7077 839 408 218 207 
0 6 130 7030 7159 7078 839 408 218 207 
0 6 130 7030 7159 7079 839 408 218 207 
0 6 130 7030 7159 7080 839 408 218 207 
0 6 130 7030 7159 7081 839 408 218 207 
0 6 130 7030 7159 7082 839 408 218 207 
0 6 130 7030 7159 7083 839 408 218 207 
0 6 130 7030 7159 7084 839 408 218 207 
0 6 130 7030 7159 7085 839 408 218 207 
0 6 130 7030 7159 7086 839 408 218 207 
0 6 130 7030 7159 7087 839 408 218 207 
0 6 130 7030 7159 7088 839 408 218 207 
0 6 130 7030 7159 7089 839 408 218 207 
0 6 130 7030 7159 7090 839 408 218 207 
0 6 130 7030 7159 7091 839 408 218 207 
0 6 130 7030 7159 7092 839 408 218 207 
0 6 130 7030 7159 7093 839 408 218 207 
0 6 130 7030 7159 7094 839 408 218 207 
0 6 130 7030 7159 7095 839 408 218 207 
0 6 130 7030 7159 7096 839 408 218 207 
0 6 130 7030 7159 7097 839 408 218 207 
0 6 130 7030 7159 7098 839 408 218 207 
0 6 130 7030 7159 7099 839 408 218 207 
0 6 130 7030 7159 7100 839 408 218 207 
0 6 130 7030 7159 7101 839 408 218 207 
0 6 130 7030 7159 7102 839 408 218 207 
0 6 130 7030 7159 7103 839 408 218 207 
0 6 130 7030 7159 7104 839 408 218 207 
0 6 130 7030 7159 7105 839 408 218 207 
0 6 130 7030 7159 7106 839 408 218 207 
0 6 130 7030 7159 7107 839 408 218 207 
0 6 130 7030 7159 7108 839 408 218 207 
0 6 130 7030 7159 7109 839 408 218 207 
0 6 130 7030 7159 7110 839 408 218 207 
0 6 130 7030 7159 7111 839 408 218 207 
0 6 130 7030 7159 7112 839 408 218 207 
0 6 130 7030 7159 7113 839 408 218 207 
0 6 130 7030 7159 7114 839 408 218 207 
0 6 130 7030 7159 7115 839 408 218 207 
0 6 130 7030 7159 7116 839 408 218 207 
0 6 130 7030 7159 7117 839 408 218 207 
0 6 130 7030 7159 7118 839 408 218 207 
0 6 130 7030 7159 7119 839 408 218 207 
0 6 130 7030 7159 7120 839 408 218 207 
0 6 130 7030 7159 7121 839 408 218 207 
0 6 130 7030 7159 7122 839 408 218 207 
0 6 130 7030 7159 7123 839 408 218 207 
0 6 130 7030 7159 7124 839 408 218 207 
0 6 130 7030 7159 7125 839 408 218 207 
0 6 130 7030 7159 7126 839 408 218 207 
0 6 130 7030 7159 7127 839 408 218 207 
0 6 130 7030 7159 7128 839 408 218 207 
0 6 130 7030 7159 7129 839 408 218 207 
0 6 130 7030 7159 7130 839 408 218 207 
0 6 130 7030 7159 7131 839 408 218 207 
0 6 130 7030 7159 7132 839 408 218 207 
0 6 130 7030 7159 7133 839 408 218 207 
0 6 130 7030 7159 7134 839 408 218 207 
0 6 130 7030 7159 7135 839 408 218 207 
0 6 130 7030 7159 7136 839 408 218 207 
0 6 130 7030 7159 7137 839 408 218 207 
0 6 130 7030 7159 7138 839 408 218 207 
0 6 130 7030 7159 7139 839 408 218 207 
0 6 130 7030 7159 7140 839 408 218 207 
0 6 130 7030 7159 7141 839 408 218 207 
0 6 130 7030 7159 7142 839 408 218 207 
0 6 130 7030 7159 7143 839 408 218 207 
0 6 130 7030 7159 7144 839 408 218 207 
0 6 130 7030 7159 7145 839 408 218 207 
0 6 130 7030 7159 7146 839 408 218 207 
0 6 130 7030 7159 7147 839 408 218 207 
0 6 130 7030 7159 7148 839 408 218 207 
0 6 130 7030 7159 7149 839 408 218 207 
0 6 130 7030 7159 7150 839 408 218 207 
0 6 130 7030 7159 7151 839 408 218 207 
0 6 130 7030 7159 7152 839 408 218 207 
0 6 130 7030 7159 7153 839 408 218 207 
0 6 130 7030 7159 7154 839 408 218 207 
0 6 130 7030 7159 7155 839 408 218 207 
0 6 130 7030 7159 7156 839 408 218 207 
0 6 130 7030 7159 7157 839 408 218 207 
0 6 130 7030 7159 7158 839 408 218 207 
0 6 130 7030 7159 7159 839 408 218 207 
1 3 59 7395 7453 7395 890 357 191 209 
1 3 59 7395 7453 7396 890 357 191 209 
1 3 59 7395 7453 7397 890 357 191 209 
1 3 59 7395 7453 7398 890 357 191 209 
1 3 59 7395 7453 7399 890 357 191 209 
1 3 59 7395 7453 7400 890 357 191 209 
1 3 59 7395 7453 7401 890 357 191 209 
1 3 59 7395 7453 7402 890 357 191 209 
1 3 59 7395 7453 7403 890 357 191 209 
1 3 59 7395 7453 7404 890 357 191 209 
1 3 59 7395 7453 7405 890 357 191 209 
1 3 59 7395 7453 7406 890 357 191 209 
1 3 59 7395 7453 7407 890 357 191 209 
1 3 59 7395 7453 7408 890 357 191 209 
1 3 59 7395 7453 7409 890 357 191 209 
1 3 59 7395 7453 7410 890 357 191 209 
1 3 59 7395 7453 7411 890 357 191 209 
1 3 59 7395 7453 7412 890 357 191 209 
1 3 59 7395 7453 7413 890 357 191 209 
1 3 59 7395 7453 7414 890 357 191 209 
1 3 59 7395 7453 7415 890 357 191 209 
1 3 59 7395 7453 7416 890 357 191 209 
1 3 59 7395 7453 7417 890 357 191 209 
1 3 59 7395 7453 7418 890 357 191 209 
1 3 59 7395 7453 7419 890 357 191 209 
1 3 59 7395 7453 7420 890 357 191 209 
1 3 59 7395 7453 7421 890 357 191 209 
1 3 59 7395 7453 7422 890 357 191 209 
1 3 59 7395 7453 7423 890 357 191 209 
1 3 59 7395 7453 7424 890 357 191 209 
1 3 59 7395 7453 7425 890 357 191 209 
1 3 59 7395 7453 7426 890 357 191 209 
1 3 59 7395 7453 7427 890 357 191 209 
1 3 59 7395 7453 7428 890 357 191 209 
1 3 59 7395 7453 7429 890 357 191 209 
1 3 59 7395 7453 7430 890 357 191 209 
1 3 59 7395 7453 7431 890 357 191 209 
1 3 59 7395 7453 7432 890 357 191 209 
1 3 59 7395 7453 7433 890 357 191 209 
1 3 59 7395 7453 7434 890 357 191 209 
1 3 59 7395 7453 7435 890 357 191 209 
1 3 59 7395 7453 7436 890 357 191 209 
1 3 59 7395 7453 7437 890 357 191 209 
1 3 59 7395 7453 7438 890 357 191 209 
1 3 59 7395 7453 7439 890 357 191 209 
1 3 59 7395 7453 7440 890 357 191 209 
1 3 59 7395 7453 7441 890 357 191 209 
1 3 59 7395 7453 7442 890 357 191 209 
1 3 59 7395 7453 7443 890 357 191 209 
1 3 59 7395 7453 7444 890 357 191 209 
1 3 59 7395 7453 7445 890 357 191 209 
1 3 59 7395 7453 7446 890 357 191 209 
1 3 59 7395 7453 7447 890 357 191 209 
1 3 59 7395 7453 7448 890 357 191 209 
1 3 59 7395 7453 7449 890 357 191 209 
1 3 59 7395 7453 7450 890 357 191 209 
1 3 59 7395 7453 7451 890 357 191 209 
1 3 59 7395 7453 7452 890 357 191 209 
1 3 59 7395 7453 7453 890 357 191 209 
2 2 130 7546 7675 7546 893 351 147 111 
2 2 130 7546 7675 7547 893 351 147 111 
2 2 130 7546 7675 7548 893 351 147 111 
2 2 130 7546 7675 7549 893 351 147 111 
2 2 130 7546 7675 7550 893 351 147 111 
2 2 130 7546 7675 7551 893 351 147 111 
2 2 130 7546 7675 7552 893 351 147 111 
2 2 130 7546 7675 7553 893 351 147 111 
2 2 130 7546 7675 7554 893 351 147 111 
2 2 130 7546 7675 7555 893 351 147 111 
2 2 130 7546 7675 7556 893 351 147 111 
2 2 130 7546 7675 7557 893 351 147 111 
2 2 130 7546 7675 7558 893 351 147 111 
2 2 130 7546 7675 7559 893 351 147 111 
2 2 130 7546 7675 7560 893 351 147 111 
2 2 130 7546 7675 7561 893 351 147 111 
2 2 130 7546 7675 7562 893 351 147 111 
2 2 130 7546 7675 7563 893 351 147 111 
2 2 130 7546 7675 7564 893 351 147 111 
2 2 130 7546 7675 7565 893 351 147 111 
2 2 130 7546 7675 7566 893 351 147 111 
2 2 130 7546 7675 7567 893 351 147 111 
2 2 130 7546 7675 7568 893 351 147 111 
2 2 130 7546 7675 7569 893 351 147 111 
2 2 130 7546 7675 7570 893 351 147 111 
2 2 130 7546 7675 7571 893 351 147 111 
2 2 130 7546 7675 7572 893 351 147 111 
2 2 130 7546 7675 7573 893 351 147 111 
2 2 130 7546 7675 7574 893 351 147 111 
2 2 130 7546 7675 7575 893 351 147 111 
2 2 130 7546 7675 7576 893 351 147 111 
2 2 130 7546 7675 7577 893 351 147 111 
2 2 130 7546 7675 7578 893 351 147 111 
2 2 130 7546 7675 7579 893 351 147 111 
2 2 130 7546 7675 7580 893 351 147 111 
2 2 130 7546 7675 7581 893 351 147 111 
2 2 130 7546 7675 7582 893 351 147 111 
2 2 130 7546 7675 7583 893 351 147 111 
2 2 130 7546 7675 7584 893 351 147 111 
2 2 130 7546 7675 7585 893 351 147 111 
2 2 130 7546 7675 7586 893 351 147 111 
2 2 130 7546 7675 7587 893 351 147 111 
2 2 130 7546 7675 7588 893 351 147 111 
2 2 130 7546 7675 7589 893 351 147 111 
2 2 130 7546 7675 7590 893 351 147 111 
2 2 130 7546 7675 7591 893 351 147 111 
2 2 130 7546 7675 7592 893 351 147 111 
2 2 130 7546 7675 7593 893 351 147 111 
2 2 130 7546 7675 7594 893 351 147 111 
2 2 130 7546 7675 7595 893 351 147 111 
2 2 130 7546 7675 7596 893 351 147 111 
2 2 130 7546 7675 7597 893 351 147 111 
2 2 130 7546 7675 7598 893 351 147 111 
2 2 130 7546 7675 7599 893 351 147 111 
2 2 130 7546 7675 7600 893 351 147 111 
2 2 130 7546 7675 7601 893 351 147 111 
2 2 130 7546 7675 7602 893 351 147 111 
2 2 130 7546 7675 7603 893 351 147 111 
2 2 130 7546 7675 7604 893 351 147 111 
2 2 130 7546 7675 7605 893 351 147 111 
2 2 130 7546 7675 7606 893 351 147 111 
2 2 130 7546 7675 7607 893 351 147 111 
2 2 130 7546 7675 7608 893 351 147 111 
2 2 130 7546 7675 7609 893 351 147 111 
2 2 130 7546 7675 7610 893 351 147 111 
2 2 130 7546 7675 7611 893 351 147 111 
2 2 130 7546 7675 7612 893 351 147 111 
2 2 130 7546 7675 7613 893 351 147 111 
2 2 130 7546 7675 7614 893 351 147 111 
2 2 130 7546 7675 7615 893 351 147 111 
2 2 130 7546 7675 7616 893 351 147 111 
2 2 130 7546 7675 7617 893 351 147 111 
2 2 130 7546 7675 7618 893 351 147 111 
2 2 130 7546 7675 7619 893 351 147 111 
2 2 130 7546 7675 7620 893 351 147 111 
2 2 130 7546 7675 7621 893 351 147 111 
2 2 130 7546 7675 7622 893 351 147 111 
2 2 130 7546 7675 7623 893 351 147 111 
2 2 130 7546 7675 7624 893 351 147 111 
2 2 130 7546 7675 7625 893 351 147 111 
2 2 130 7546 7675 7626 893 351 147 111 
2 2 130 7546 7675 7627 893 351 147 111 
2 2 130 7546 7675 7628 893 351 147 111 
2 2 130 7546 7675 7629 893 351 147 111 
2 2 130 7546 7675 7630 893 351 147 111 
2 2 130 7546 7675 7631 893 351 147 111 
2 2 130 7546 7675 7632 893 351 147 111 
2 2 130 7546 7675 7633 893 351 147 111 
2 2 130 7546 7675 7634 893 351 147 111 
2 2 130 7546 7675 7635 893 351 147 111 
2 2 130 7546 7675 7636 893 351 147 111 
2 2 130 7546 7675 7637 893 351 147 111 
2 2 130 7546 7675 7638 893 351 147 111 
2 2 130 7546 7675 7639 893 351 147 111 
2 2 130 7546 7675 7640 893 351 147 111 
2 2 130 7546 7675 7641 893 351 147 111 
2 2 130 7546 7675 7642 893 351 147 111 
2 2 130 7546 7675 7643 893 351 147 111 
2 2 130 7546 7675 7644 893 351 147 111 
2 2 130 7546 7675 7645 893 351 147 111 
2 2 130 7546 7675 7646 893 351 147 111 
2 2 130 7546 7675 7647 893 351 147 111 
2 2 130 7546 7675 7648 893 351 147 111 
2 2 130 7546 7675 7649 893 351 147 111 
2 2 130 7546 7675 7650 893 351 147 111 
2 2 130 7546 7675 7651 893 351 147 111 
2 2 130 7546 7675 7652 893 351 147 111 
2 2 130 7546 7675 7653 893 351 147 111 
2 2 130 7546 7675 7654 893 351 147 111 
2 2 130 7546 7675 7655 893 351 147 111 
2 2 130 7546 7675 7656 893 351 147 111 
2 2 130 7546 7675 7657 893 351 147 111 
2 2 130 7546 7675 7658 893 351 147 111 
2 2 130 7546 7675 7659 893 351 147 111 
2 2 130 7546 7675 7660 893 351 147 111 
2 2 130 7546 7675 7661 893 351 147 111 
2 2 130 7546 7675 7662 893 351 147 111 
2 2 130 7546 7675 7663 893 351 147 111 
2 2 130 7546 7675 7664 893 351 147 111 
2 2 130 7546 7675 7665 893 351 147 111 
2 2 130 7546 7675 7666 893 351 147 111 
2 2 130 7546 7675 7667 893 351 147 111 
2 2 130 7546 7675 7668 893 351 147 111 
2 2 130 7546 7675 7669 893 351 147 111 
2 2 130 7546 7675 7670 893 351 147 111 
2 2 130 7546 7675 7671 893 351 147 111 
2 2 130 7546 7675 7672 893 351 147 111 
2 2 130 7546 7675 7673 893 351 147 111 
2 2 130 7546 7675 7674 893 351 147 111 
2 2 130 7546 7675 7675 893 351 147 111 
3 4 59 7573 7631 7573 905 349 167 199 
3 4 59 7573 7631 7574 905 349 167 199 
3 4 59 7573 7631 7575 905 349 167 199 
3 4 59 7573 7631 7576 905 349 167 199 
3 4 59 7573 7631 7577 905 349 167 199 
3 4 59 7573 7631 7578 905 349 167 199 
3 4 59 7573 7631 7579 905 349 167 199 
3 4 59 7573 7631 7580 905 349 167 199 
3 4 59 7573 7631 7581 905 349 167 199 
3 4 59 7573 7631 7582 905 349 167 199 
3 4 59 7573 7631 7583 905 349 167 199 
3 4 59 7573 7631 7584 905 349 167 199 
3 4 59 7573 7631 7585 905 349 167 199 
3 4 59 7573 7631 7586 905 349 167 199 
3 4 59 7573 7631 7587 905 349 167 199 
3 4 59 7573 7631 7588 905 349 167 199 
3 4 59 7573 7631 7589 905 349 167 199 
3 4 59 7573 7631 7590 905 349 167 199 
3 4 59 7573 7631 7591 905 349 167 199 
3 4 59 7573 7631 7592 905 349 167 199 
3 4 59 7573 7631 7593 905 349 167 199 
3 4 59 7573 7631 7594 905 349 167 199 
3 4 59 7573 7631 7595 905 349 167 199 
3 4 59 7573 7631 7596 905 349 167 199 
3 4 59 7573 7631 7597 905 349 167 199 
3 4 59 7573 7631 7598 905 349 167 199 
3 4 59 7573 7631 7599 905 349 167 199 
3 4 59 7573 7631 7600 905 349 167 199 
3 4 59 7573 7631 7601 905 349 167 199 
3 4 59 7573 7631 7602 905 349 167 199 
3 4 59 7573 7631 7603 905 349 167 199 
3 4 59 7573 7631 7604 905 349 167 199 
3 4 59 7573 7631 7605 905 349 167 199 
3 4 59 7573 7631 7606 905 349 167 199 
3 4 59 7573 7631 7607 905 349 167 199 
3 4 59 7573 7631 7608 905 349 167 199 
3 4 59 7573 7631 7609 905 349 167 199 
3 4 59 7573 7631 7610 905 349 167 199 
3 4 59 7573 7631 7611 905 349 167 199 
3 4 59 7573 7631 7612 905 349 167 199 
3 4 59 7573 7631 7613 905 349 167 199 
3 4 59 7573 7631 7614 905 349 167 199 
3 4 59 7573 7631 7615 905 349 167 199 
3 4 59 7573 7631 7616 905 349 167 199 
3 4 59 7573 7631 7617 905 349 167 199 
3 4 59 7573 7631 7618 905 349 167 199 
3 4 59 7573 7631 7619 905 349 167 199 
3 4 59 7573 7631 7620 905 349 167 199 
3 4 59 7573 7631 7621 905 349 167 199 
3 4 59 7573 7631 7622 905 349 167 199 
3 4 59 7573 7631 7623 905 349 167 199 
3 4 59 7573 7631 7624 905 349 167 199 
3 4 59 7573 7631 7625 905 349 167 199 
3 4 59 7573 7631 7626 905 349 167 199 
3 4 59 7573 7631 7627 905 349 167 199 
3 4 59 7573 7631 7628 905 349 167 199 
3 4 59 7573 7631 7629 905 349 167 199 
3 4 59 7573 7631 7630 905 349 167 199 
3 4 59 7573 7631 7631 905 349 167 199 
4 5 144 7934 8077 7934 823 403 236 219 
4 5 144 7934 8077 7935 823 403 236 219 
4 5 144 7934 8077 7936 823 403 236 219 
4 5 144 7934 8077 7937 823 403 236 219 
4 5 144 7934 8077 7938 823 403 236 219 
4 5 144 7934 8077 7939 823 403 236 219 
4 5 144 7934 8077 7940 823 403 236 219 
4 5 144 7934 8077 7941 823 403 236 219 
4 5 144 7934 8077 7942 823 403 236 219 
4 5 144 7934 8077 7943 823 403 236 219 
4 5 144 7934 8077 7944 823 403 236 219 
4 5 144 7934 8077 7945 823 403 236 219 
4 5 144 7934 8077 7946 823 403 236 219 
4 5 144 7934 8077 7947 823 403 236 219 
4 5 144 7934 8077 7948 823 403 236 219 
4 5 144 7934 8077 7949 823 403 236 219 
4 5 144 7934 8077 7950 823 403 236 219 
4 5 144 7934 8077 7951 823 403 236 219 
4 5 144 7934 8077 7952 823 403 236 219 
4 5 144 7934 8077 7953 823 403 236 219 
4 5 144 7934 8077 7954 823 403 236 219 
4 5 144 7934 8077 7955 823 403 236 219 
4 5 144 7934 8077 7956 823 403 236 219 
4 5 144 7934 8077 7957 823 403 236 219 
4 5 144 7934 8077 7958 823 403 236 219 
4 5 144 7934 8077 7959 823 403 236 219 
4 5 144 7934 8077 7960 823 403 236 219 
4 5 144 7934 8077 7961 823 403 236 219 
4 5 144 7934 8077 7962 823 403 236 219 
4 5 144 7934 8077 7963 823 403 236 219 
4 5 144 7934 8077 7964 823 403 236 219 
4 5 144 7934 8077 7965 823 403 236 219 
4 5 144 7934 8077 7966 823 403 236 219 
4 5 144 7934 8077 7967 823 403 236 219 
4 5 144 7934 8077 7968 823 403 236 219 
4 5 144 7934 8077 7969 823 403 236 219 
4 5 144 7934 8077 7970 823 403 236 219 
4 5 144 7934 8077 7971 823 403 236 219 
4 5 144 7934 8077 7972 823 403 236 219 
4 5 144 7934 8077 7973 823 403 236 219 
4 5 144 7934 8077 7974 823 403 236 219 
4 5 144 7934 8077 7975 823 403 236 219 
4 5 144 7934 8077 7976 823 403 236 219 
4 5 144 7934 8077 7977 823 403 236 219 
4 5 144 7934 8077 7978 823 403 236 219 
4 5 144 7934 8077 7979 823 403 236 219 
4 5 144 7934 8077 7980 823 403 236 219 
4 5 144 7934 8077 7981 823 403 236 219 
4 5 144 7934 8077 7982 823 403 236 219 
4 5 144 7934 8077 7983 823 403 236 219 
4 5 144 7934 8077 7984 823 403 236 219 
4 5 144 7934 8077 7985 823 403 236 219 
4 5 144 7934 8077 7986 823 403 236 219 
4 5 144 7934 8077 7987 823 403 236 219 
4 5 144 7934 8077 7988 823 403 236 219 
4 5 144 7934 8077 7989 823 403 236 219 
4 5 144 7934 8077 7990 823 403 236 219 
4 5 144 7934 8077 7991 823 403 236 219 
4 5 144 7934 8077 7992 823 403 236 219 
4 5 144 7934 8077 7993 823 403 236 219 
4 5 144 7934 8077 7994 823 403 236 219 
4 5 144 7934 8077 7995 823 403 236 219 
4 5 144 7934 8077 7996 823 403 236 219 
4 5 144 7934 8077 7997 823 403 236 219 
4 5 144 7934 8077 7998 823 403 236 219 
4 5 144 7934 8077 7999 823 403 236 219 
4 5 144 7934 8077 8000 823 403 236 219 
4 5 144 7934 8077 8001 823 403 236 219 
4 5 144 7934 8077 8002 823 403 236 219 
4 5 144 7934 8077 8003 823 403 236 219 
4 5 144 7934 8077 8004 823 403 236 219 
4 5 144 7934 8077 8005 823 403 236 219 
4 5 144 7934 8077 8006 823 403 236 219 
4 5 144 7934 8077 8007 823 403 236 219 
4 5 144 7934 8077 8008 823 403 236 219 
4 5 144 7934 8077 8009 823 403 236 219 
4 5 144 7934 8077 8010 823 403 236 219 
4 5 144 7934 8077 8011 823 403 236 219 
4 5 144 7934 8077 8012 823 403 236 219 
4 5 144 7934 8077 8013 823 403 236 219 
4 5 144 7934 8077 8014 823 403 236 219 
4 5 144 7934 8077 8015 823 403 236 219 
4 5 144 7934 8077 8016 823 403 236 219 
4 5 144 7934 8077 8017 823 403 236 219 
4 5 144 7934 8077 8018 823 403 236 219 
4 5 144 7934 8077 8019 823 403 236 219 
4 5 144 7934 8077 8020 823 403 236 219 
4 5 144 7934 8077 8021 823 403 236 219 
4 5 144 7934 8077 8022 823 403 236 219 
4 5 144 7934 8077 8023 823 403 236 219 
4 5 144 7934 8077 8024 823 403 236 219 
4 5 144 7934 8077 8025 823 403 236 219 
4 5 144 7934 8077 8026 823 403 236 219 
4 5 144 7934 8077 8027 823 403 236 219 
4 5 144 7934 8077 8028 823 403 236 219 
4 5 144 7934 8077 8029 823 403 236 219 
4 5 144 7934 8077 8030 823 403 236 219 
4 5 144 7934 8077 8031 823 403 236 219 
4 5 144 7934 8077 8032 823 403 236 219 
4 5 144 7934 8077 8033 823 403 236 219 
4 5 144 7934 8077 8034 823 403 236 219 
4 5 144 7934 8077 8035 823 403 236 219 
4 5 144 7934 8077 8036 823 403 236 219 
4 5 144 7934 8077 8037 823 403 236 219 
4 5 144 7934 8077 8038 823 403 236 219 
4 5 144 7934 8077 8039 823 403 236 219 
4 5 144 7934 8077 8040 823 403 236 219 
4 5 144 7934 8077 8041 823 403 236 219 
4 5 144 7934 8077 8042 823 403 236 219 
4 5 144 7934 8077 8043 823 403 236 219 
4 5 144 7934 8077 8044 823 403 236 219 
4 5 144 7934 8077 8045 823 403 236 219 
4 5 144 7934 8077 8046 823 403 236 219 
4 5 144 7934 8077 8047 823 403 236 219 
4 5 144 7934 8077 8048 823 403 236 219 
4 5 144 7934 8077 8049 823 403 236 219 
4 5 144 7934 8077 8050 823 403 236 219 
4 5 144 7934 8077 8051 823 403 236 219 
4 5 144 7934 8077 8052 823 403 236 219 
4 5 144 7934 8077 8053 823 403 236 219 
4 5 144 7934 8077 8054 823 403 236 219 
4 5 144 7934 8077 8055 823 403 236 219 
4 5 144 7934 8077 8056 823 403 236 219 
4 5 144 7934 8077 8057 823 403 236 219 
4 5 144 7934 8077 8058 823 403 236 219 
4 5 144 7934 8077 8059 823 403 236 219 
4 5 144 7934 8077 8060 823 403 236 219 
4 5 144 7934 8077 8061 823 403 236 219 
4 5 144 7934 8077 8062 823 403 236 219 
4 5 144 7934 8077 8063 823 403 236 219 
4 5 144 7934 8077 8064 823 403 236 219 
4 5 144 7934 8077 8065 823 403 236 219 
4 5 144 7934 8077 8066 823 403 236 219 
4 5 144 7934 8077 8067 823 403 236 219 
4 5 144 7934 8077 8068 823 403 236 219 
4 5 144 7934 8077 8069 823 403 236 219 
4 5 144 7934 8077 8070 823 403 236 219 
4 5 144 7934 8077 8071 823 403 236 219 
4 5 144 7934 8077 8072 823 403 236 219 
4 5 144 7934 8077 8073 823 403 236 219 
4 5 144 7934 8077 8074 823 403 236 219 
4 5 144 7934 8077 8075 823 403 236 219 
4 5 144 7934 8077 8076 823 403 236 219 
4 5 144 7934 8077 8077 823 403 236 219 
5 6 108 11167 11274 11167 1196 396 204 106 
5 6 108 11167 11274 11168 1196 396 204 106 
5 6 108 11167 11274 11169 1196 396 204 106 
5 6 108 11167 11274 11170 1196 396 204 106 
5 6 108 11167 11274 11171 1196 396 204 106 
5 6 108 11167 11274 11172 1196 396 204 106 
5 6 108 11167 11274 11173 1196 396 204 106 
5 6 108 11167 11274 11174 1196 396 204 106 
5 6 108 11167 11274 11175 1196 396 204 106 
5 6 108 11167 11274 11176 1196 396 204 106 
5 6 108 11167 11274 11177 1196 396 204 106 
5 6 108 11167 11274 11178 1196 396 204 106 
5 6 108 11167 11274 11179 1196 396 204 106 
5 6 108 11167 11274 11180 1196 396 204 106 
5 6 108 11167 11274 11181 1196 396 204 106 
5 6 108 11167 11274 11182 1196 396 204 106 
5 6 108 11167 11274 11183 1196 396 204 106 
5 6 108 11167 11274 11184 1196 396 204 106 
5 6 108 11167 11274 11185 1196 396 204 106 
5 6 108 11167 11274 11186 1196 396 204 106 
5 6 108 11167 11274 11187 1196 396 204 106 
5 6 108 11167 11274 11188 1196 396 204 106 
5 6 108 11167 11274 11189 1196 396 204 106 
5 6 108 11167 11274 11190 1196 396 204 106 
5 6 108 11167 11274 11191 1196 396 204 106 
5 6 108 11167 11274 11192 1196 396 204 106 
5 6 108 11167 11274 11193 1196 396 204 106 
5 6 108 11167 11274 11194 1196 396 204 106 
5 6 108 11167 11274 11195 1196 396 204 106 
5 6 108 11167 11274 11196 1196 396 204 106 
5 6 108 11167 11274 11197 1196 396 204 106 
5 6 108 11167 11274 11198 1196 396 204 106 
5 6 108 11167 11274 11199 1196 396 204 106 
5 6 108 11167 11274 11200 1196 396 204 106 
5 6 108 11167 11274 11201 1196 396 204 106 
5 6 108 11167 11274 11202 1196 396 204 106 
5 6 108 11167 11274 11203 1196 396 204 106 
5 6 108 11167 11274 11204 1196 396 204 106 
5 6 108 11167 11274 11205 1196 396 204 106 
5 6 108 11167 11274 11206 1196 396 204 106 
5 6 108 11167 11274 11207 1196 396 204 106 
5 6 108 11167 11274 11208 1196 396 204 106 
5 6 108 11167 11274 11209 1196 396 204 106 
5 6 108 11167 11274 11210 1196 396 204 106 
5 6 108 11167 11274 11211 1196 396 204 106 
5 6 108 11167 11274 11212 1196 396 204 106 
5 6 108 11167 11274 11213 1196 396 204 106 
5 6 108 11167 11274 11214 1196 396 204 106 
5 6 108 11167 11274 11215 1196 396 204 106 
5 6 108 11167 11274 11216 1196 396 204 106 
5 6 108 11167 11274 11217 1196 396 204 106 
5 6 108 11167 11274 11218 1196 396 204 106 
5 6 108 11167 11274 11219 1196 396 204 106 
5 6 108 11167 11274 11220 1196 396 204 106 
5 6 108 11167 11274 11221 1196 396 204 106 
5 6 108 11167 11274 11222 1196 396 204 106 
5 6 108 11167 11274 11223 1196 396 204 106 
5 6 108 11167 11274 11224 1196 396 204 106 
5 6 108 11167 11274 11225 1196 396 204 106 
5 6 108 11167 11274 11226 1196 396 204 106 
5 6 108 11167 11274 11227 1196 396 204 106 
5 6 108 11167 11274 11228 1196 396 204 106 
5 6 108 11167 11274 11229 1196 396 204 106 
5 6 108 11167 11274 11230 1196 396 204 106 
5 6 108 11167 11274 11231 1196 396 204 106 
5 6 108 11167 11274 11232 1196 396 204 106 
5 6 108 11167 11274 11233 1196 396 204 106 
5 6 108 11167 11274 11234 1196 396 204 106 
5 6 108 11167 11274 11235 1196 396 204 106 
5 6 108 11167 11274 11236 1196 396 204 106 
5 6 108 11167 11274 11237 1196 396 204 106 
5 6 108 11167 11274 11238 1196 396 204 106 
5 6 108 11167 11274 11239 1196 396 204 106 
5 6 108 11167 11274 11240 1196 396 204 106 
5 6 108 11167 11274 11241 1196 396 204 106 
5 6 108 11167 11274 11242 1196 396 204 106 
5 6 108 11167 11274 11243 1196 396 204 106 
5 6 108 11167 11274 11244 1196 396 204 106 
5 6 108 11167 11274 11245 1196 396 204 106 
5 6 108 11167 11274 11246 1196 396 204 106 
5 6 108 11167 11274 11247 1196 396 204 106 
5 6 108 11167 11274 11248 1196 396 204 106 
5 6 108 11167 11274 11249 1196 396 204 106 
5 6 108 11167 11274 11250 1196 396 204 106 
5 6 108 11167 11274 11251 1196 396 204 106 
5 6 108 11167 11274 11252 1196 396 204 106 
5 6 108 11167 11274 11253 1196 396 204 106 
5 6 108 11167 11274 11254 1196 396 204 106 
5 6 108 11167 11274 11255 1196 396 204 106 
5 6 108 11167 11274 11256 1196 396 204 106 
5 6 108 11167 11274 11257 1196 396 204 106 
5 6 108 11167 11274 11258 1196 396 204 106 
5 6 108 11167 11274 11259 1196 396 204 106 
5 6 108 11167 11274 11260 1196 396 204 106 
5 6 108 11167 11274 11261 1196 396 204 106 
5 6 108 11167 11274 11262 1196 396 204 106 
5 6 108 11167 11274 11263 1196 396 204 106 
5 6 108 11167 11274 11264 1196 396 204 106 
5 6 108 11167 11274 11265 1196 396 204 106 
5 6 108 11167 11274 11266 1196 396 204 106 
5 6 108 11167 11274 11267 1196 396 204 106 
5 6 108 11167 11274 11268 1196 396 204 106 
5 6 108 11167 11274 11269 1196 396 204 106 
5 6 108 11167 11274 11270 1196 396 204 106 
5 6 108 11167 11274 11271 1196 396 204 106 
5 6 108 11167 11274 11272 1196 396 204 106 
5 6 108 11167 11274 11273 1196 396 204 106 
5 6 108 11167 11274 11274 1196 396 204 106 
6 3 70 15024 15093 15024 1096 376 239 121 
6 3 70 15024 15093 15025 1096 376 239 121 
6 3 70 15024 15093 15026 1096 376 239 121 
6 3 70 15024 15093 15027 1096 376 239 121 
6 3 70 15024 15093 15028 1096 376 239 121 
6 3 70 15024 15093 15029 1096 376 239 121 
6 3 70 15024 15093 15030 1096 376 239 121 
6 3 70 15024 15093 15031 1096 376 239 121 
6 3 70 15024 15093 15032 1096 376 239 121 
6 3 70 15024 15093 15033 1096 376 239 121 
6 3 70 15024 15093 15034 1096 376 239 121 
6 3 70 15024 15093 15035 1096 376 239 121 
6 3 70 15024 15093 15036 1096 376 239 121 
6 3 70 15024 15093 15037 1096 376 239 121 
6 3 70 15024 15093 15038 1096 376 239 121 
6 3 70 15024 15093 15039 1096 376 239 121 
6 3 70 15024 15093 15040 1096 376 239 121 
6 3 70 15024 15093 15041 1096 376 239 121 
6 3 70 15024 15093 15042 1096 376 239 121 
6 3 70 15024 15093 15043 1096 376 239 121 
6 3 70 15024 15093 15044 1096 376 239 121 
6 3 70 15024 15093 15045 1096 376 239 121 
6 3 70 15024 15093 15046 1096 376 239 121 
6 3 70 15024 15093 15047 1096 376 239 121 
6 3 70 15024 15093 15048 1096 376 239 121 
6 3 70 15024 15093 15049 1096 376 239 121 
6 3 70 15024 15093 15050 1096 376 239 121 
6 3 70 15024 15093 15051 1096 376 239 121 
6 3 70 15024 15093 15052 1096 376 239 121 
6 3 70 15024 15093 15053 1096 376 239 121 
6 3 70 15024 15093 15054 1096 376 239 121 
6 3 70 15024 15093 15055 1096 376 239 121 
6 3 70 15024 15093 15056 1096 376 239 121 
6 3 70 15024 15093 15057 1096 376 239 121 
6 3 70 15024 15093 15058 1096 376 239 121 
6 3 70 15024 15093 15059 1096 376 239 121 
6 3 70 15024 15093 15060 1096 376 239 121 
6 3 70 15024 15093 15061 1096 376 239 121 
6 3 70 15024 15093 15062 1096 376 239 121 
6 3 70 15024 15093 15063 1096 376 239 121 
6 3 70 15024 15093 15064 1096 376 239 121 
6 3 70 15024 15093 15065 1096 376 239 121 
6 3 70 15024 15093 15066 1096 376 239 121 
6 3 70 15024 15093 15067 1096 376 239 121 
6 3 70 15024 15093 15068 1096 376 239 121 
6 3 70 15024 15093 15069 1096 376 239 121 
6 3 70 15024 15093 15070 1096 376 239 121 
6 3 70 15024 15093 15071 1096 376 239 121 
6 3 70 15024 15093 15072 1096 376 239 121 
6 3 70 15024 15093 15073 1096 376 239 121 
6 3 70 15024 15093 15074 1096 376 239 121 
6 3 70 15024 15093 15075 1096 376 239 121 
6 3 70 15024 15093 15076 1096 376 239 121 
6 3 70 15024 15093 15077 1096 376 239 121 
6 3 70 15024 15093 15078 1096 376 239 121 
6 3 70 15024 15093 15079 1096 376 239 121 
6 3 70 15024 15093 15080 1096 376 239 121 
6 3 70 15024 15093 15081 1096 376 239 121 
6 3 70 15024 15093 15082 1096 376 239 121 
6 3 70 15024 15093 15083 1096 376 239 121 
6 3 70 15024 15093 15084 1096 376 239 121 
6 3 70 15024 15093 15085 1096 376 239 121 
6 3 70 15024 15093 15086 1096 376 239 121 
6 3 70 15024 15093 15087 1096 376 239 121 
6 3 70 15024 15093 15088 1096 376 239 121 
6 3 70 15024 15093 15089 1096 376 239 121 
6 3 70 15024 15093 15090 1096 376 239 121 
6 3 70 15024 15093 15091 1096 376 239 121 
6 3 70 15024 15093 15092 1096 376 239 121 
6 3 70 15024 15093 15093 1096 376 239 121 
8 4 59 15224 15282 15224 1056 371 180 188 
8 4 59 15224 15282 15225 1056 371 180 188 
8 4 59 15224 15282 15226 1056 371 180 188 
8 4 59 15224 15282 15227 1056 371 180 188 
8 4 59 15224 15282 15228 1056 371 180 188 
8 4 59 15224 15282 15229 1056 371 180 188 
8 4 59 15224 15282 15230 1056 371 180 188 
8 4 59 15224 15282 15231 1056 371 180 188 
8 4 59 15224 15282 15232 1056 371 180 188 
8 4 59 15224 15282 15233 1056 371 180 188 
8 4 59 15224 15282 15234 1056 371 180 188 
8 4 59 15224 15282 15235 1056 371 180 188 
8 4 59 15224 15282 15236 1056 371 180 188 
8 4 59 15224 15282 15237 1056 371 180 188 
8 4 59 15224 15282 15238 1056 371 180 188 
8 4 59 15224 15282 15239 1056 371 180 188 
8 4 59 15224 15282 15240 1056 371 180 188 
8 4 59 15224 15282 15241 1056 371 180 188 
8 4 59 15224 15282 15242 1056 371 180 188 
8 4 59 15224 15282 15243 1056 371 180 188 
8 4 59 15224 15282 15244 1056 371 180 188 
8 4 59 15224 15282 15245 1056 371 180 188 
8 4 59 15224 15282 15246 1056 371 180 188 
8 4 59 15224 15282 15247 1056 371 180 188 
8 4 59 15224 15282 15248 1056 371 180 188 
8 4 59 15224 15282 15249 1056 371 180 188 
8 4 59 15224 15282 15250 1056 371 180 188 
8 4 59 15224 15282 15251 1056 371 180 188 
8 4 59 15224 15282 15252 1056 371 180 188 
8 4 59 15224 15282 15253 1056 371 180 188 
8 4 59 15224 15282 15254 1056 371 180 188 
8 4 59 15224 15282 15255 1056 371 180 188 
8 4 59 15224 15282 15256 1056 371 180 188 
8 4 59 15224 15282 15257 1056 371 180 188 
8 4 59 15224 15282 15258 1056 371 180 188 
8 4 59 15224 15282 15259 1056 371 180 188 
8 4 59 15224 15282 15260 1056 371 180 188 
8 4 59 15224 15282 15261 1056 371 180 188 
8 4 59 15224 15282 15262 1056 371 180 188 
8 4 59 15224 15282 15263 1056 371 180 188 
8 4 59 15224 15282 15264 1056 371 180 188 
8 4 59 15224 15282 15265 1056 371 180 188 
8 4 59 15224 15282 15266 1056 371 180 188 
8 4 59 15224 15282 15267 1056 371 180 188 
8 4 59 15224 15282 15268 1056 371 180 188 
8 4 59 15224 15282 15269 1056 371 180 188 
8 4 59 15224 15282 15270 1056 371 180 188 
8 4 59 15224 15282 15271 1056 371 180 188 
8 4 59 15224 15282 15272 1056 371 180 188 
8 4 59 15224 15282 15273 1056 371 180 188 
8 4 59 15224 15282 15274 1056 371 180 188 
8 4 59 15224 15282 15275 1056 371 180 188 
8 4 59 15224 15282 15276 1056 371 180 188 
8 4 59 15224 15282 15277 1056 371 180 188 
8 4 59 15224 15282 15278 1056 371 180 188 
8 4 59 15224 15282 15279 1056 371 180 188 
8 4 59 15224 15282 15280 1056 371 180 188 
8 4 59 15224 15282 15281 1056 371 180 188 
8 4 59 15224 15282 15282 1056 371 180 188 
9 5 135 16048 16182 16048 1218 402 177 99 
9 5 135 16048 16182 16049 1218 402 177 99 
9 5 135 16048 16182 16050 1218 402 177 99 
9 5 135 16048 16182 16051 1218 402 177 99 
9 5 135 16048 16182 16052 1218 402 177 99 
9 5 135 16048 16182 16053 1218 402 177 99 
9 5 135 16048 16182 16054 1218 402 177 99 
9 5 135 16048 16182 16055 1218 402 177 99 
9 5 135 16048 16182 16056 1218 402 177 99 
9 5 135 16048 16182 16057 1218 402 177 99 
9 5 135 16048 16182 16058 1218 402 177 99 
9 5 135 16048 16182 16059 1218 402 177 99 
9 5 135 16048 16182 16060 1218 402 177 99 
9 5 135 16048 16182 16061 1218 402 177 99 
9 5 135 16048 16182 16062 1218 402 177 99 
9 5 135 16048 16182 16063 1218 402 177 99 
9 5 135 16048 16182 16064 1218 402 177 99 
9 5 135 16048 16182 16065 1218 402 177 99 
9 5 135 16048 16182 16066 1218 402 177 99 
9 5 135 16048 16182 16067 1218 402 177 99 
9 5 135 16048 16182 16068 1218 402 177 99 
9 5 135 16048 16182 16069 1218 402 177 99 
9 5 135 16048 16182 16070 1218 402 177 99 
9 5 135 16048 16182 16071 1218 402 177 99 
9 5 135 16048 16182 16072 1218 402 177 99 
9 5 135 16048 16182 16073 1218 402 177 99 
9 5 135 16048 16182 16074 1218 402 177 99 
9 5 135 16048 16182 16075 1218 402 177 99 
9 5 135 16048 16182 16076 1218 402 177 99 
9 5 135 16048 16182 16077 1218 402 177 99 
9 5 135 16048 16182 16078 1218 402 177 99 
9 5 135 16048 16182 16079 1218 402 177 99 
9 5 135 16048 16182 16080 1218 402 177 99 
9 5 135 16048 16182 16081 1218 402 177 99 
9 5 135 16048 16182 16082 1218 402 177 99 
9 5 135 16048 16182 16083 1218 402 177 99 
9 5 135 16048 16182 16084 1218 402 177 99 
9 5 135 16048 16182 16085 1218 402 177 99 
9 5 135 16048 16182 16086 1218 402 177 99 
9 5 135 16048 16182 16087 1218 402 177 99 
9 5 135 16048 16182 16088 1218 402 177 99 
9 5 135 16048 16182 16089 1218 402 177 99 
9 5 135 16048 16182 16090 1218 402 177 99 
9 5 135 16048 16182 16091 1218 402 177 99 
9 5 135 16048 16182 16092 1218 402 177 99 
9 5 135 16048 16182 16093 1218 402 177 99 
9 5 135 16048 16182 16094 1218 402 177 99 
9 5 135 16048 16182 16095 1218 402 177 99 
9 5 135 16048 16182 16096 1218 402 177 99 
9 5 135 16048 16182 16097 1218 402 177 99 
9 5 135 16048 16182 16098 1218 402 177 99 
9 5 135 16048 16182 16099 1218 402 177 99 
9 5 135 16048 16182 16100 1218 402 177 99 
9 5 135 16048 16182 16101 1218 402 177 99 
9 5 135 16048 16182 16102 1218 402 177 99 
9 5 135 16048 16182 16103 1218 402 177 99 
9 5 135 16048 16182 16104 1218 402 177 99 
9 5 135 16048 16182 16105 1218 402 177 99 
9 5 135 16048 16182 16106 1218 402 177 99 
9 5 135 16048 16182 16107 1218 402 177 99 
9 5 135 16048 16182 16108 1218 402 177 99 
9 5 135 16048 16182 16109 1218 402 177 99 
9 5 135 16048 16182 16110 1218 402 177 99 
9 5 135 16048 16182 16111 1218 402 177 99 
9 5 135 16048 16182 16112 1218 402 177 99 
9 5 135 16048 16182 16113 1218 402 177 99 
9 5 135 16048 16182 16114 1218 402 177 99 
9 5 135 16048 16182 16115 1218 402 177 99 
9 5 135 16048 16182 16116 1218 402 177 99 
9 5 135 16048 16182 16117 1218 402 177 99 
9 5 135 16048 16182 16118 1218 402 177 99 
9 5 135 16048 16182 16119 1218 402 177 99 
9 5 135 16048 16182 16120 1218 402 177 99 
9 5 135 16048 16182 16121 1218 402 177 99 
9 5 135 16048 16182 16122 1218 402 177 99 
9 5 135 16048 16182 16123 1218 402 177 99 
9 5 135 16048 16182 16124 1218 402 177 99 
9 5 135 16048 16182 16125 1218 402 177 99 
9 5 135 16048 16182 16126 1218 402 177 99 
9 5 135 16048 16182 16127 1218 402 177 99 
9 5 135 16048 16182 16128 1218 402 177 99 
9 5 135 16048 16182 16129 1218 402 177 99 
9 5 135 16048 16182 16130 1218 402 177 99 
9 5 135 16048 16182 16131 1218 402 177 99 
9 5 135 16048 16182 16132 1218 402 177 99 
9 5 135 16048 16182 16133 1218 402 177 99 
9 5 135 16048 16182 16134 1218 402 177 99 
9 5 135 16048 16182 16135 1218 402 177 99 
9 5 135 16048 16182 16136 1218 402 177 99 
9 5 135 16048 16182 16137 1218 402 177 99 
9 5 135 16048 16182 16138 1218 402 177 99 
9 5 135 16048 16182 16139 1218 402 177 99 
9 5 135 16048 16182 16140 1218 402 177 99 
9 5 135 16048 16182 16141 1218 402 177 99 
9 5 135 16048 16182 16142 1218 402 177 99 
9 5 135 16048 16182 16143 1218 402 177 99 
9 5 135 16048 16182 16144 1218 402 177 99 
9 5 135 16048 16182 16145 1218 402 177 99 
9 5 135 16048 16182 16146 1218 402 177 99 
9 5 135 16048 16182 16147 1218 402 177 99 
9 5 135 16048 16182 16148 1218 402 177 99 
9 5 135 16048 16182 16149 1218 402 177 99 
9 5 135 16048 16182 16150 1218 402 177 99 
9 5 135 16048 16182 16151 1218 402 177 99 
9 5 135 16048 16182 16152 1218 402 177 99 
9 5 135 16048 16182 16153 1218 402 177 99 
9 5 135 16048 16182 16154 1218 402 177 99 
9 5 135 16048 16182 16155 1218 402 177 99 
9 5 135 16048 16182 16156 1218 402 177 99 
9 5 135 16048 16182 16157 1218 402 177 99 
9 5 135 16048 16182 16158 1218 402 177 99 
9 5 135 16048 16182 16159 1218 402 177 99 
9 5 135 16048 16182 16160 1218 402 177 99 
9 5 135 16048 16182 16161 1218 402 177 99 
9 5 135 16048 16182 16162 1218 402 177 99 
9 5 135 16048 16182 16163 1218 402 177 99 
9 5 135 16048 16182 16164 1218 402 177 99 
9 5 135 16048 16182 16165 1218 402 177 99 
9 5 135 16048 16182 16166 1218 402 177 99 
9 5 135 16048 16182 16167 1218 402 177 99 
9 5 135 16048 16182 16168 1218 402 177 99 
9 5 135 16048 16182 16169 1218 402 177 99 
9 5 135 16048 16182 16170 1218 402 177 99 
9 5 135 16048 16182 16171 1218 402 177 99 
9 5 135 16048 16182 16172 1218 402 177 99 
9 5 135 16048 16182 16173 1218 402 177 99 
9 5 135 16048 16182 16174 1218 402 177 99 
9 5 135 16048 16182 16175 1218 402 177 99 
9 5 135 16048 16182 16176 1218 402 177 99 
9 5 135 16048 16182 16177 1218 402 177 99 
9 5 135 16048 16182 16178 1218 402 177 99 
9 5 135 16048 16182 16179 1218 402 177 99 
9 5 135 16048 16182 16180 1218 402 177 99 
9 5 135 16048 16182 16181 1218 402 177 99 
9 5 135 16048 16182 16182 1218 402 177 99 
