1 9 374 133 506 133 0 406 79 151 
1 9 374 133 506 134 0 406 80 151 
1 9 374 133 506 135 0 406 79 151 
1 9 374 133 506 136 0 406 82 151 
1 9 374 133 506 137 0 406 81 151 
1 9 374 133 506 138 0 407 83 148 
1 9 374 133 506 139 0 407 83 148 
1 9 374 133 506 140 0 407 85 148 
1 9 374 133 506 141 0 407 84 148 
1 9 374 133 506 142 0 407 86 148 
1 9 374 133 506 143 0 405 86 148 
1 9 374 133 506 144 0 405 87 148 
1 9 374 133 506 145 1 403 88 150 
1 9 374 133 506 146 1 403 90 150 
1 9 374 133 506 147 3 403 90 150 
1 9 374 133 506 148 3 401 90 150 
1 9 374 133 506 149 6 401 88 150 
1 9 374 133 506 150 8 399 88 150 
1 9 374 133 506 151 10 399 88 150 
1 9 374 133 506 152 10 399 90 150 
1 9 374 133 506 153 10 399 90 150 
1 9 374 133 506 154 13 399 86 150 
1 9 374 133 506 155 12 399 90 150 
1 9 374 133 506 156 15 399 86 150 
1 9 374 133 506 157 15 399 88 150 
1 9 374 133 506 158 18 399 84 150 
1 9 374 133 506 159 18 399 84 150 
1 9 374 133 506 160 18 399 86 150 
1 9 374 133 506 161 18 399 86 150 
1 9 374 133 506 162 20 399 86 150 
1 9 374 133 506 163 20 398 86 148 
1 9 374 133 506 164 22 398 86 148 
1 9 374 133 506 165 25 398 84 145 
1 9 374 133 506 166 28 396 80 148 
1 9 374 133 506 167 28 396 82 148 
1 9 374 133 506 168 27 396 86 147 
1 9 374 133 506 169 30 394 82 150 
1 9 374 133 506 170 32 394 82 147 
1 9 374 133 506 171 34 394 82 147 
1 9 374 133 506 172 35 394 82 147 
1 9 374 133 506 173 35 392 82 147 
1 9 374 133 506 174 37 392 82 147 
1 9 374 133 506 175 37 392 82 147 
1 9 374 133 506 176 39 392 82 147 
1 9 374 133 506 177 41 392 82 147 
1 9 374 133 506 178 41 391 82 145 
1 9 374 133 506 179 44 391 80 145 
1 9 374 133 506 180 44 391 80 145 
1 9 374 133 506 181 44 391 82 145 
1 9 374 133 506 182 46 391 82 145 
1 9 374 133 506 183 46 389 82 147 
1 9 374 133 506 184 48 389 82 147 
1 9 374 133 506 185 48 389 82 147 
1 9 374 133 506 186 50 389 82 147 
1 9 374 133 506 187 51 389 82 147 
1 9 374 133 506 188 51 387 82 147 
1 9 374 133 506 189 53 387 82 147 
1 9 374 133 506 190 53 387 82 147 
1 9 374 133 506 191 55 387 82 147 
1 9 374 133 506 192 57 387 82 147 
1 9 374 133 506 193 57 385 82 147 
1 9 374 133 506 194 60 385 78 147 
1 9 374 133 506 195 62 383 76 147 
1 9 374 133 506 196 61 383 78 147 
1 9 374 133 506 197 64 383 74 147 
1 9 374 133 506 198 67 382 70 145 
1 9 374 133 506 199 66 382 74 145 
1 9 374 133 506 200 69 380 70 147 
1 9 374 133 506 201 71 380 68 147 
1 9 374 133 506 202 73 380 68 147 
1 9 374 133 506 203 72 378 72 147 
1 9 374 133 506 204 74 378 72 147 
1 9 374 133 506 205 73 378 74 147 
1 9 374 133 506 206 75 376 74 147 
1 9 374 133 506 207 74 376 78 147 
1 9 374 133 506 208 76 376 78 147 
1 9 374 133 506 209 76 375 80 145 
1 9 374 133 506 210 76 375 82 145 
1 9 374 133 506 211 75 375 86 145 
1 9 374 133 506 212 77 375 86 145 
1 9 374 133 506 213 77 376 86 141 
1 9 374 133 506 214 80 377 82 135 
1 9 374 133 506 215 79 378 86 130 
1 9 374 133 506 216 82 378 82 127 
1 9 374 133 506 217 83 379 82 121 
1 9 374 133 506 218 83 380 82 117 
1 9 374 133 506 219 86 381 78 114 
1 9 374 133 506 220 85 382 82 108 
1 9 374 133 506 221 88 382 78 103 
1 9 374 133 506 222 90 384 78 99 
1 9 374 133 506 223 90 383 78 97 
1 9 374 133 506 224 92 383 78 97 
1 9 374 133 506 225 94 383 76 97 
1 9 374 133 506 226 96 383 74 97 
1 9 374 133 506 227 99 383 70 97 
1 9 374 133 506 228 98 381 74 99 
1 9 374 133 506 229 101 381 70 99 
1 9 374 133 506 230 102 381 72 99 
1 9 374 133 506 231 105 381 68 99 
1 9 374 133 506 232 107 381 68 99 
1 9 374 133 506 233 107 379 68 99 
1 9 374 133 506 234 109 379 68 99 
1 9 374 133 506 235 109 379 68 99 
1 9 374 133 506 236 111 379 66 99 
1 9 374 133 506 237 111 379 66 99 
1 9 374 133 506 238 112 379 68 99 
1 9 374 133 506 239 112 379 68 99 
1 9 374 133 506 240 114 379 68 99 
1 9 374 133 506 241 114 379 68 99 
1 9 374 133 506 242 116 379 68 99 
1 9 374 133 506 243 116 377 68 99 
1 9 374 133 506 244 118 377 66 99 
1 9 374 133 506 245 118 378 66 96 
1 9 374 133 506 246 119 378 68 96 
1 9 374 133 506 247 121 378 68 93 
1 9 374 133 506 248 121 378 68 93 
1 9 374 133 506 249 123 378 68 91 
1 9 374 133 506 250 123 378 68 91 
1 9 374 133 506 251 125 379 68 88 
1 9 374 133 506 252 127 379 66 88 
1 9 374 133 506 253 127 377 66 88 
1 9 374 133 506 254 128 377 68 88 
1 9 374 133 506 255 128 377 68 88 
1 9 374 133 506 256 130 377 68 88 
1 9 374 133 506 257 130 377 68 88 
1 9 374 133 506 258 132 377 68 88 
1 9 374 133 506 259 132 377 68 88 
1 9 374 133 506 260 134 377 66 88 
1 9 374 133 506 261 134 377 66 88 
1 9 374 133 506 262 135 377 68 88 
1 9 374 133 506 263 135 376 68 87 
1 9 374 133 506 264 137 376 68 87 
1 9 374 133 506 265 139 376 68 87 
1 9 374 133 506 266 139 376 68 87 
1 9 374 133 506 267 141 376 68 87 
1 9 374 133 506 268 143 374 66 88 
1 9 374 133 506 269 143 374 66 88 
1 9 374 133 506 270 144 374 68 88 
1 9 374 133 506 271 146 374 68 88 
1 9 374 133 506 272 148 374 68 88 
1 9 374 133 506 273 148 372 68 88 
1 9 374 133 506 274 148 369 68 91 
1 9 374 133 506 275 151 370 64 88 
1 9 374 133 506 276 150 369 66 90 
1 9 374 133 506 277 152 369 64 90 
1 9 374 133 506 278 152 367 64 90 
1 9 374 133 506 279 151 364 68 93 
1 9 374 133 506 280 154 365 64 90 
1 9 374 133 506 281 154 362 64 93 
1 9 374 133 506 282 156 362 64 93 
1 9 374 133 506 283 156 360 64 96 
1 9 374 133 506 284 155 360 68 96 
1 9 374 133 506 285 157 359 68 99 
1 9 374 133 506 286 157 358 68 100 
1 9 374 133 506 287 159 357 66 103 
1 9 374 133 506 288 158 357 70 103 
1 9 374 133 506 289 158 355 70 106 
1 9 374 133 506 290 159 354 72 109 
1 9 374 133 506 291 158 354 76 109 
1 9 374 133 506 292 160 354 74 112 
1 9 374 133 506 293 160 352 74 112 
1 9 374 133 506 294 160 352 74 112 
1 9 374 133 506 295 163 350 70 112 
1 9 374 133 506 296 162 350 74 112 
1 9 374 133 506 297 162 349 74 111 
1 9 374 133 506 298 165 349 70 111 
1 9 374 133 506 299 165 347 70 111 
1 9 374 133 506 300 166 347 72 111 
1 9 374 133 506 301 166 345 72 112 
1 9 374 133 506 302 166 345 72 112 
1 9 374 133 506 303 166 345 72 112 
1 9 374 133 506 304 168 345 72 109 
1 9 374 133 506 305 168 343 72 112 
1 9 374 133 506 306 168 343 72 112 
1 9 374 133 506 307 170 343 72 112 
1 9 374 133 506 308 170 343 72 109 
1 9 374 133 506 309 170 343 72 109 
1 9 374 133 506 310 173 341 68 112 
1 9 374 133 506 311 172 341 70 112 
1 9 374 133 506 312 172 341 70 109 
1 9 374 133 506 313 175 341 66 109 
1 9 374 133 506 314 174 340 70 111 
1 9 374 133 506 315 174 340 70 111 
1 9 374 133 506 316 174 340 70 109 
1 9 374 133 506 317 176 340 68 109 
1 9 374 133 506 318 175 340 72 109 
1 9 374 133 506 319 175 338 72 109 
1 9 374 133 506 320 178 338 68 109 
1 9 374 133 506 321 177 338 72 109 
1 9 374 133 506 322 177 338 72 109 
1 9 374 133 506 323 180 336 68 109 
1 9 374 133 506 324 180 336 68 109 
1 9 374 133 506 325 179 336 70 109 
1 9 374 133 506 326 182 336 66 109 
1 9 374 133 506 327 182 337 66 106 
1 9 374 133 506 328 181 334 70 109 
1 9 374 133 506 329 181 334 70 109 
1 9 374 133 506 330 183 334 68 109 
1 9 374 133 506 331 183 335 68 106 
1 9 374 133 506 332 182 334 72 108 
1 9 374 133 506 333 185 334 68 108 
1 9 374 133 506 334 185 334 68 108 
1 9 374 133 506 335 184 334 72 106 
1 9 374 133 506 336 187 334 68 106 
1 9 374 133 506 337 187 331 68 109 
1 9 374 133 506 338 187 332 68 106 
1 9 374 133 506 339 189 332 68 106 
1 9 374 133 506 340 189 332 68 106 
1 9 374 133 506 341 189 329 68 109 
1 9 374 133 506 342 188 330 70 106 
1 9 374 133 506 343 191 330 66 106 
1 9 374 133 506 344 191 330 66 106 
1 9 374 133 506 345 191 330 66 106 
1 9 374 133 506 346 192 328 68 106 
1 9 374 133 506 347 192 328 68 106 
1 9 374 133 506 348 192 328 68 106 
1 9 374 133 506 349 194 328 68 106 
1 9 374 133 506 350 194 326 68 108 
1 9 374 133 506 351 194 326 68 108 
1 9 374 133 506 352 197 326 64 108 
1 9 374 133 506 353 196 326 68 105 
1 9 374 133 506 354 196 326 68 105 
1 9 374 133 506 355 196 325 68 106 
1 9 374 133 506 356 198 325 66 106 
1 9 374 133 506 357 198 325 66 103 
1 9 374 133 506 358 198 325 66 103 
1 9 374 133 506 359 200 323 64 106 
1 9 374 133 506 360 199 323 68 106 
1 9 374 133 506 361 199 323 68 103 
1 9 374 133 506 362 202 323 64 103 
1 9 374 133 506 363 201 323 68 103 
1 9 374 133 506 364 201 321 68 106 
1 9 374 133 506 365 204 321 64 103 
1 9 374 133 506 366 204 321 64 103 
1 9 374 133 506 367 203 321 68 103 
1 9 374 133 506 368 206 321 64 103 
1 9 374 133 506 369 206 319 64 105 
1 9 374 133 506 370 205 319 68 105 
1 9 374 133 506 371 205 319 68 105 
1 9 374 133 506 372 208 320 64 102 
1 9 374 133 506 373 208 318 64 103 
1 9 374 133 506 374 207 318 66 103 
1 9 374 133 506 375 209 318 64 103 
1 9 374 133 506 376 209 319 64 100 
1 9 374 133 506 377 208 319 68 100 
1 9 374 133 506 378 211 316 64 103 
1 9 374 133 506 379 211 316 64 103 
1 9 374 133 506 380 211 317 64 100 
1 9 374 133 506 381 213 317 64 100 
1 9 374 133 506 382 213 314 64 103 
1 9 374 133 506 383 213 314 64 103 
1 9 374 133 506 384 212 315 68 102 
1 9 374 133 506 385 215 315 64 102 
1 9 374 133 506 386 215 315 64 102 
1 9 374 133 506 387 215 313 64 102 
1 9 374 133 506 388 216 313 64 102 
1 9 374 133 506 389 216 313 64 102 
1 9 374 133 506 390 216 313 64 102 
1 9 374 133 506 391 218 311 64 102 
1 9 374 133 506 392 218 311 64 102 
1 9 374 133 506 393 218 311 64 102 
1 9 374 133 506 394 221 311 60 102 
1 9 374 133 506 395 220 311 64 99 
1 9 374 133 506 396 220 310 64 100 
1 9 374 133 506 397 220 310 64 100 
1 9 374 133 506 398 222 310 64 100 
1 9 374 133 506 399 222 310 64 97 
1 9 374 133 506 400 222 308 64 100 
1 9 374 133 506 401 225 308 60 100 
1 9 374 133 506 402 224 308 64 100 
1 9 374 133 506 403 224 308 64 99 
1 9 374 133 506 404 225 308 62 99 
1 9 374 133 506 405 225 306 64 102 
1 9 374 133 506 406 225 306 64 99 
1 9 374 133 506 407 228 306 60 99 
1 9 374 133 506 408 228 306 60 99 
1 9 374 133 506 409 227 304 64 102 
1 9 374 133 506 410 227 304 64 99 
1 9 374 133 506 411 230 304 60 99 
1 9 374 133 506 412 229 304 64 99 
1 9 374 133 506 413 229 304 64 99 
1 9 374 133 506 414 232 303 60 97 
1 9 374 133 506 415 232 303 60 97 
1 9 374 133 506 416 231 303 64 97 
1 9 374 133 506 417 232 303 62 97 
1 9 374 133 506 418 232 301 62 99 
1 9 374 133 506 419 232 301 64 99 
1 9 374 133 506 420 235 301 60 99 
1 9 374 133 506 421 235 302 60 96 
1 9 374 133 506 422 235 302 60 96 
1 9 374 133 506 423 234 299 64 99 
1 9 374 133 506 424 237 299 60 99 
1 9 374 133 506 425 237 300 60 96 
1 9 374 133 506 426 236 300 64 96 
1 9 374 133 506 427 239 297 60 99 
1 9 374 133 506 428 239 297 60 99 
1 9 374 133 506 429 239 298 60 96 
1 9 374 133 506 430 241 298 60 96 
1 9 374 133 506 431 241 298 60 96 
1 9 374 133 506 432 241 295 60 99 
1 9 374 133 506 433 241 296 62 96 
1 9 374 133 506 434 241 296 62 96 
1 9 374 133 506 435 241 296 62 96 
1 9 374 133 506 436 244 296 60 96 
1 9 374 133 506 437 244 295 60 96 
1 9 374 133 506 438 244 295 60 96 
1 9 374 133 506 439 244 295 60 96 
1 9 374 133 506 440 246 295 60 96 
1 9 374 133 506 441 246 293 60 96 
1 9 374 133 506 442 246 293 60 96 
1 9 374 133 506 443 248 293 60 96 
1 9 374 133 506 444 248 293 60 96 
1 9 374 133 506 445 248 293 60 93 
1 9 374 133 506 446 248 291 62 96 
1 9 374 133 506 447 248 291 62 96 
1 9 374 133 506 448 248 291 62 96 
1 9 374 133 506 449 248 291 62 96 
1 9 374 133 506 450 251 291 60 93 
1 9 374 133 506 451 251 289 60 96 
1 9 374 133 506 452 251 289 60 96 
1 9 374 133 506 453 253 289 60 96 
1 9 374 133 506 454 253 289 60 94 
1 9 374 133 506 455 253 288 60 96 
1 9 374 133 506 456 255 288 60 96 
1 9 374 133 506 457 255 288 60 96 
1 9 374 133 506 458 255 288 60 93 
1 9 374 133 506 459 255 288 60 93 
1 9 374 133 506 460 257 286 60 96 
1 9 374 133 506 461 257 286 60 96 
1 9 374 133 506 462 257 286 60 96 
1 9 374 133 506 463 257 286 62 93 
1 9 374 133 506 464 257 286 62 93 
1 9 374 133 506 465 257 284 62 96 
1 9 374 133 506 466 260 284 60 96 
1 9 374 133 506 467 260 284 60 93 
1 9 374 133 506 468 260 284 60 93 
1 9 374 133 506 469 260 282 60 96 
1 9 374 133 506 470 262 282 60 96 
1 9 374 133 506 471 262 282 60 96 
1 9 374 133 506 472 262 282 60 93 
1 9 374 133 506 473 264 282 60 93 
1 9 374 133 506 474 264 280 60 96 
1 9 374 133 506 475 264 280 60 96 
1 9 374 133 506 476 264 280 62 94 
1 9 374 133 506 477 264 280 62 94 
1 9 374 133 506 478 264 280 62 94 
1 9 374 133 506 479 264 279 62 96 
1 9 374 133 506 480 267 279 60 93 
1 9 374 133 506 481 267 279 60 93 
1 9 374 133 506 482 267 279 60 93 
1 9 374 133 506 483 269 277 60 96 
1 9 374 133 506 484 269 277 60 96 
1 9 374 133 506 485 269 277 60 93 
1 9 374 133 506 486 271 277 60 93 
1 9 374 133 506 487 271 277 60 93 
1 9 374 133 506 488 271 275 60 96 
1 9 374 133 506 489 271 275 60 93 
1 9 374 133 506 490 273 275 60 93 
1 9 374 133 506 491 273 275 60 93 
1 9 374 133 506 492 273 275 60 93 
1 9 374 133 506 493 273 273 62 94 
1 9 374 133 506 494 273 273 62 94 
1 9 374 133 506 495 273 273 62 94 
1 9 374 133 506 496 276 273 60 94 
1 9 374 133 506 497 276 272 60 96 
1 9 374 133 506 498 276 272 60 93 
1 9 374 133 506 499 276 272 60 93 
1 9 374 133 506 500 278 272 60 93 
1 9 374 133 506 501 278 272 60 93 
1 9 374 133 506 502 278 270 60 93 
1 9 374 133 506 503 280 270 60 93 
1 9 374 133 506 504 280 270 60 93 
1 9 374 133 506 505 280 270 60 93 
1 9 374 133 506 506 280 270 62 93 
2 12 65 181 245 181 897 195 123 82 
2 12 65 181 245 182 897 195 123 82 
2 12 65 181 245 183 897 195 123 82 
2 12 65 181 245 184 897 195 123 82 
2 12 65 181 245 185 897 195 123 82 
2 12 65 181 245 186 897 195 123 82 
2 12 65 181 245 187 897 195 123 82 
2 12 65 181 245 188 897 195 123 82 
2 12 65 181 245 189 897 195 123 82 
2 12 65 181 245 190 897 195 123 82 
2 12 65 181 245 191 897 195 123 82 
2 12 65 181 245 192 897 195 123 82 
2 12 65 181 245 193 897 195 123 82 
2 12 65 181 245 194 897 195 123 82 
2 12 65 181 245 195 897 195 123 82 
2 12 65 181 245 196 897 195 123 82 
2 12 65 181 245 197 897 195 123 82 
2 12 65 181 245 198 897 195 123 82 
2 12 65 181 245 199 897 195 123 82 
2 12 65 181 245 200 897 195 123 82 
2 12 65 181 245 201 897 195 123 82 
2 12 65 181 245 202 897 195 123 82 
2 12 65 181 245 203 897 195 123 82 
2 12 65 181 245 204 897 195 123 82 
2 12 65 181 245 205 897 195 123 82 
2 12 65 181 245 206 897 195 123 82 
2 12 65 181 245 207 897 195 123 82 
2 12 65 181 245 208 897 195 123 82 
2 12 65 181 245 209 897 195 123 82 
2 12 65 181 245 210 897 195 123 82 
2 12 65 181 245 211 897 195 123 82 
2 12 65 181 245 212 897 195 123 82 
2 12 65 181 245 213 897 195 123 82 
2 12 65 181 245 214 897 195 123 82 
2 12 65 181 245 215 897 195 123 82 
2 12 65 181 245 216 897 195 123 82 
2 12 65 181 245 217 897 195 123 82 
2 12 65 181 245 218 897 195 123 82 
2 12 65 181 245 219 897 195 123 82 
2 12 65 181 245 220 897 195 123 82 
2 12 65 181 245 221 897 195 123 82 
2 12 65 181 245 222 897 195 123 82 
2 12 65 181 245 223 897 195 123 82 
2 12 65 181 245 224 897 195 123 82 
2 12 65 181 245 225 897 195 123 82 
2 12 65 181 245 226 897 195 123 82 
2 12 65 181 245 227 897 195 123 82 
2 12 65 181 245 228 897 195 123 82 
2 12 65 181 245 229 897 195 123 82 
2 12 65 181 245 230 897 195 123 82 
2 12 65 181 245 231 897 195 123 82 
2 12 65 181 245 232 897 195 123 82 
2 12 65 181 245 233 897 195 123 82 
2 12 65 181 245 234 897 195 123 82 
2 12 65 181 245 235 897 195 123 82 
2 12 65 181 245 236 897 195 123 82 
2 12 65 181 245 237 897 195 123 82 
2 12 65 181 245 238 897 195 123 82 
2 12 65 181 245 239 897 195 123 82 
2 12 65 181 245 240 897 195 123 82 
2 12 65 181 245 241 897 195 123 82 
2 12 65 181 245 242 897 195 123 82 
2 12 65 181 245 243 897 195 123 82 
2 12 65 181 245 244 897 195 123 82 
2 12 65 181 245 245 897 195 123 82 
3 12 80 184 263 184 907 190 88 82 
3 12 80 184 263 185 907 190 88 82 
3 12 80 184 263 186 907 190 88 82 
3 12 80 184 263 187 907 190 88 82 
3 12 80 184 263 188 907 190 88 82 
3 12 80 184 263 189 907 190 88 82 
3 12 80 184 263 190 907 190 88 82 
3 12 80 184 263 191 907 190 88 82 
3 12 80 184 263 192 907 190 88 82 
3 12 80 184 263 193 907 190 88 82 
3 12 80 184 263 194 907 190 88 82 
3 12 80 184 263 195 907 190 88 82 
3 12 80 184 263 196 907 190 88 82 
3 12 80 184 263 197 907 190 88 82 
3 12 80 184 263 198 907 190 88 82 
3 12 80 184 263 199 907 190 88 82 
3 12 80 184 263 200 907 190 88 82 
3 12 80 184 263 201 907 190 88 82 
3 12 80 184 263 202 907 190 88 82 
3 12 80 184 263 203 907 190 88 82 
3 12 80 184 263 204 907 190 88 82 
3 12 80 184 263 205 907 190 88 82 
3 12 80 184 263 206 907 190 88 82 
3 12 80 184 263 207 907 190 88 82 
3 12 80 184 263 208 907 190 88 82 
3 12 80 184 263 209 907 190 88 82 
3 12 80 184 263 210 907 190 88 82 
3 12 80 184 263 211 907 190 88 82 
3 12 80 184 263 212 907 190 88 82 
3 12 80 184 263 213 907 190 88 82 
3 12 80 184 263 214 907 190 88 82 
3 12 80 184 263 215 907 190 88 82 
3 12 80 184 263 216 907 190 88 82 
3 12 80 184 263 217 907 190 88 82 
3 12 80 184 263 218 907 190 88 82 
3 12 80 184 263 219 907 190 88 82 
3 12 80 184 263 220 907 190 88 82 
3 12 80 184 263 221 907 190 88 82 
3 12 80 184 263 222 907 190 88 82 
3 12 80 184 263 223 907 190 88 82 
3 12 80 184 263 224 907 190 88 82 
3 12 80 184 263 225 907 190 88 82 
3 12 80 184 263 226 907 190 88 82 
3 12 80 184 263 227 907 190 88 82 
3 12 80 184 263 228 907 190 88 82 
3 12 80 184 263 229 907 190 88 82 
3 12 80 184 263 230 907 190 88 82 
3 12 80 184 263 231 907 190 88 82 
3 12 80 184 263 232 907 190 88 82 
3 12 80 184 263 233 907 190 88 82 
3 12 80 184 263 234 907 190 88 82 
3 12 80 184 263 235 907 190 88 82 
3 12 80 184 263 236 907 190 88 82 
3 12 80 184 263 237 907 190 88 82 
3 12 80 184 263 238 907 190 88 82 
3 12 80 184 263 239 907 190 88 82 
3 12 80 184 263 240 907 190 88 82 
3 12 80 184 263 241 907 190 88 82 
3 12 80 184 263 242 907 190 88 82 
3 12 80 184 263 243 907 190 88 82 
3 12 80 184 263 244 907 190 88 82 
3 12 80 184 263 245 907 190 88 82 
3 12 80 184 263 246 907 190 88 82 
3 12 80 184 263 247 907 190 88 82 
3 12 80 184 263 248 907 190 88 82 
3 12 80 184 263 249 907 190 88 82 
3 12 80 184 263 250 907 190 88 82 
3 12 80 184 263 251 907 190 88 82 
3 12 80 184 263 252 907 190 88 82 
3 12 80 184 263 253 907 190 88 82 
3 12 80 184 263 254 907 190 88 82 
3 12 80 184 263 255 907 190 88 82 
3 12 80 184 263 256 907 190 88 82 
3 12 80 184 263 257 907 190 88 82 
3 12 80 184 263 258 907 190 88 82 
3 12 80 184 263 259 907 190 88 82 
3 12 80 184 263 260 907 190 88 82 
3 12 80 184 263 261 907 190 88 82 
3 12 80 184 263 262 907 190 88 82 
3 12 80 184 263 263 907 190 88 82 
4 9 217 90 306 90 888 194 64 85 
4 9 217 90 306 91 888 195 64 82 
4 9 217 90 306 92 890 195 64 82 
4 9 217 90 306 93 892 195 64 82 
4 9 217 90 306 94 894 195 64 82 
4 9 217 90 306 95 896 195 64 82 
4 9 217 90 306 96 896 195 64 82 
4 9 217 90 306 97 897 195 64 82 
4 9 217 90 306 98 899 195 64 82 
4 9 217 90 306 99 901 195 64 82 
4 9 217 90 306 100 903 195 64 82 
4 9 217 90 306 101 903 195 64 82 
4 9 217 90 306 102 904 195 64 82 
4 9 217 90 306 103 906 195 64 82 
4 9 217 90 306 104 908 195 64 82 
4 9 217 90 306 105 910 195 64 82 
4 9 217 90 306 106 909 195 68 82 
4 9 217 90 306 107 911 195 66 82 
4 9 217 90 306 108 912 195 68 82 
4 9 217 90 306 109 914 195 68 82 
4 9 217 90 306 110 916 194 68 85 
4 9 217 90 306 111 919 194 64 85 
4 9 217 90 306 112 920 194 64 85 
4 9 217 90 306 113 922 194 64 85 
4 9 217 90 306 114 924 194 64 88 
4 9 217 90 306 115 926 194 64 88 
4 9 217 90 306 116 928 194 64 88 
4 9 217 90 306 117 929 193 64 91 
4 9 217 90 306 118 931 193 64 91 
4 9 217 90 306 119 933 193 64 91 
4 9 217 90 306 120 935 193 64 94 
4 9 217 90 306 121 935 192 64 93 
4 9 217 90 306 122 936 192 64 93 
4 9 217 90 306 123 938 192 64 93 
4 9 217 90 306 124 940 192 64 93 
4 9 217 90 306 125 942 192 64 93 
4 9 217 90 306 126 944 192 64 93 
4 9 217 90 306 127 945 192 64 93 
4 9 217 90 306 128 947 192 64 93 
4 9 217 90 306 129 949 192 64 93 
4 9 217 90 306 130 951 192 64 93 
4 9 217 90 306 131 951 192 64 93 
4 9 217 90 306 132 952 192 64 93 
4 9 217 90 306 133 954 192 64 93 
4 9 217 90 306 134 956 192 64 93 
4 9 217 90 306 135 958 192 64 93 
4 9 217 90 306 136 957 192 68 93 
4 9 217 90 306 137 959 192 66 93 
4 9 217 90 306 138 960 192 68 93 
4 9 217 90 306 139 962 192 68 93 
4 9 217 90 306 140 964 192 68 93 
4 9 217 90 306 141 964 193 68 90 
4 9 217 90 306 142 966 193 66 90 
4 9 217 90 306 143 968 193 64 90 
4 9 217 90 306 144 970 193 64 90 
4 9 217 90 306 145 972 193 64 90 
4 9 217 90 306 146 972 193 64 90 
4 9 217 90 306 147 974 193 64 90 
4 9 217 90 306 148 977 193 60 90 
4 9 217 90 306 149 977 193 62 90 
4 9 217 90 306 150 980 193 60 90 
4 9 217 90 306 151 982 193 60 90 
4 9 217 90 306 152 984 193 60 90 
4 9 217 90 306 153 984 193 62 90 
4 9 217 90 306 154 987 193 60 90 
4 9 217 90 306 155 989 193 60 90 
4 9 217 90 306 156 991 193 60 90 
4 9 217 90 306 157 993 193 60 90 
4 9 217 90 306 158 993 193 62 90 
4 9 217 90 306 159 996 193 60 90 
4 9 217 90 306 160 998 193 60 90 
4 9 217 90 306 161 1000 193 60 90 
4 9 217 90 306 162 1000 193 62 90 
4 9 217 90 306 163 1003 193 60 90 
4 9 217 90 306 164 1005 193 60 90 
4 9 217 90 306 165 1007 193 60 90 
4 9 217 90 306 166 1009 193 60 90 
4 9 217 90 306 167 1009 193 62 90 
4 9 217 90 306 168 1012 193 60 90 
4 9 217 90 306 169 1014 193 60 90 
4 9 217 90 306 170 1016 193 60 90 
4 9 217 90 306 171 1016 193 62 90 
4 9 217 90 306 172 1019 193 60 90 
4 9 217 90 306 173 1021 193 60 90 
4 9 217 90 306 174 1023 193 60 90 
4 9 217 90 306 175 1025 193 60 90 
4 9 217 90 306 176 1025 193 62 90 
4 9 217 90 306 177 1028 193 60 90 
4 9 217 90 306 178 1030 193 60 90 
4 9 217 90 306 179 1032 193 60 90 
4 9 217 90 306 180 1032 193 62 90 
4 9 217 90 306 181 1035 193 60 90 
4 9 217 90 306 182 1037 193 60 90 
4 9 217 90 306 183 1039 193 60 90 
4 9 217 90 306 184 1041 193 60 90 
4 9 217 90 306 185 1041 193 62 90 
4 9 217 90 306 186 1044 193 60 90 
4 9 217 90 306 187 1046 193 60 90 
4 9 217 90 306 188 1048 193 60 90 
4 9 217 90 306 189 1048 193 62 90 
4 9 217 90 306 190 1051 193 60 90 
4 9 217 90 306 191 1053 193 60 90 
4 9 217 90 306 192 1055 193 60 90 
4 9 217 90 306 193 1057 193 60 90 
4 9 217 90 306 194 1057 193 62 90 
4 9 217 90 306 195 1060 193 60 90 
4 9 217 90 306 196 1062 193 60 90 
4 9 217 90 306 197 1064 193 60 90 
4 9 217 90 306 198 1064 193 62 90 
4 9 217 90 306 199 1067 193 60 90 
4 9 217 90 306 200 1071 193 60 90 
4 9 217 90 306 201 1071 193 60 90 
4 9 217 90 306 202 1073 193 60 90 
4 9 217 90 306 203 1073 193 62 90 
4 9 217 90 306 204 1076 193 60 90 
4 9 217 90 306 205 1078 193 60 90 
4 9 217 90 306 206 1078 193 60 90 
4 9 217 90 306 207 1080 193 60 90 
4 9 217 90 306 208 1080 193 62 90 
4 9 217 90 306 209 1083 193 60 90 
4 9 217 90 306 210 1085 193 60 90 
4 9 217 90 306 211 1084 191 64 90 
4 9 217 90 306 212 1086 191 64 90 
4 9 217 90 306 213 1088 191 64 90 
4 9 217 90 306 214 1089 191 64 90 
4 9 217 90 306 215 1091 191 64 90 
4 9 217 90 306 216 1093 191 64 90 
4 9 217 90 306 217 1092 191 68 90 
4 9 217 90 306 218 1094 191 66 90 
4 9 217 90 306 219 1095 191 68 90 
4 9 217 90 306 220 1097 191 68 90 
4 9 217 90 306 221 1099 189 68 90 
4 9 217 90 306 222 1101 189 68 90 
4 9 217 90 306 223 1103 189 66 90 
4 9 217 90 306 224 1102 189 70 90 
4 9 217 90 306 225 1103 189 72 90 
4 9 217 90 306 226 1105 189 72 90 
4 9 217 90 306 227 1107 189 70 90 
4 9 217 90 306 228 1109 189 70 90 
4 9 217 90 306 229 1110 189 72 90 
4 9 217 90 306 230 1111 189 76 90 
4 9 217 90 306 231 1113 189 74 90 
4 9 217 90 306 232 1115 189 74 90 
4 9 217 90 306 233 1117 189 74 90 
4 9 217 90 306 234 1118 189 76 90 
4 9 217 90 306 235 1119 189 78 90 
4 9 217 90 306 236 1121 189 78 90 
4 9 217 90 306 237 1123 189 78 90 
4 9 217 90 306 238 1124 189 80 90 
4 9 217 90 306 239 1126 189 78 90 
4 9 217 90 306 240 1130 188 78 93 
4 9 217 90 306 241 1132 186 78 93 
4 9 217 90 306 242 1133 186 78 93 
4 9 217 90 306 243 1135 186 78 93 
4 9 217 90 306 244 1137 186 78 93 
4 9 217 90 306 245 1139 186 78 93 
4 9 217 90 306 246 1140 186 80 93 
4 9 217 90 306 247 1142 186 78 93 
4 9 217 90 306 248 1144 186 78 93 
4 9 217 90 306 249 1146 186 78 93 
4 9 217 90 306 250 1149 186 78 93 
4 9 217 90 306 251 1151 187 78 88 
4 9 217 90 306 252 1153 187 78 85 
4 9 217 90 306 253 1155 188 78 81 
4 9 217 90 306 254 1156 189 80 78 
4 9 217 90 306 255 1158 189 78 75 
4 9 217 90 306 256 1160 190 78 69 
4 9 217 90 306 257 1162 190 78 67 
4 9 217 90 306 258 1164 191 78 61 
4 9 217 90 306 259 1165 192 78 58 
4 9 217 90 306 260 1169 192 78 57 
4 9 217 90 306 261 1171 189 78 61 
4 9 217 90 306 262 1172 189 80 64 
4 9 217 90 306 263 1174 188 78 67 
4 9 217 90 306 264 1176 188 78 70 
4 9 217 90 306 265 1178 188 78 72 
4 9 217 90 306 266 1180 187 78 75 
4 9 217 90 306 267 1181 187 78 78 
4 9 217 90 306 268 1183 186 78 81 
4 9 217 90 306 269 1185 186 78 84 
4 9 217 90 306 270 1187 185 78 88 
4 9 217 90 306 271 1188 184 80 87 
4 9 217 90 306 272 1190 184 78 87 
4 9 217 90 306 273 1192 184 78 87 
4 9 217 90 306 274 1194 184 78 87 
4 9 217 90 306 275 1196 184 78 87 
4 9 217 90 306 276 1197 182 78 88 
4 9 217 90 306 277 1199 182 78 88 
4 9 217 90 306 278 1201 182 77 88 
4 9 217 90 306 279 1203 182 75 88 
4 9 217 90 306 280 1206 182 72 88 
4 9 217 90 306 281 1209 182 69 88 
4 9 217 90 306 282 1211 182 67 88 
4 9 217 90 306 283 1213 182 65 88 
4 9 217 90 306 284 1215 182 64 88 
4 9 217 90 306 285 1217 184 62 87 
4 9 217 90 306 286 1219 184 59 87 
4 9 217 90 306 287 1222 184 56 87 
4 9 217 90 306 288 1223 184 56 87 
4 9 217 90 306 289 1225 184 54 87 
4 9 217 90 306 290 1230 185 49 88 
4 9 217 90 306 291 1233 184 46 87 
4 9 217 90 306 292 1234 184 44 87 
4 9 217 90 306 293 1237 184 41 87 
4 9 217 90 306 294 1240 182 38 88 
4 9 217 90 306 295 1245 182 34 88 
4 9 217 90 306 296 1248 182 31 88 
4 9 217 90 306 297 1251 180 28 88 
4 9 217 90 306 298 1254 180 25 88 
4 9 217 90 306 299 1257 180 22 88 
4 9 217 90 306 300 1261 180 17 88 
4 9 217 90 306 301 1261 180 17 88 
4 9 217 90 306 302 1261 180 17 88 
4 9 217 90 306 303 1261 180 17 88 
4 9 217 90 306 304 1261 180 17 88 
4 9 217 90 306 305 1261 180 17 88 
4 9 217 90 306 306 1261 180 17 88 
5 9 351 156 506 156 0 402 54 144 
5 9 351 156 506 157 0 402 56 144 
5 9 351 156 506 158 0 402 56 144 
5 9 351 156 506 159 0 400 56 144 
5 9 351 156 506 160 0 400 56 144 
5 9 351 156 506 161 0 400 59 144 
5 9 351 156 506 162 0 400 61 144 
5 9 351 156 506 163 0 399 61 144 
5 9 351 156 506 164 0 399 63 144 
5 9 351 156 506 165 0 399 66 144 
5 9 351 156 506 166 0 399 66 144 
5 9 351 156 506 167 0 399 69 144 
5 9 351 156 506 168 0 397 68 144 
5 9 351 156 506 169 0 397 71 144 
5 9 351 156 506 170 0 397 74 144 
5 9 351 156 506 171 0 397 75 144 
5 9 351 156 506 172 0 397 77 144 
5 9 351 156 506 173 0 395 77 144 
5 9 351 156 506 174 1 395 78 144 
5 9 351 156 506 175 1 395 78 144 
5 9 351 156 506 176 3 395 78 144 
5 9 351 156 506 177 4 395 80 144 
5 9 351 156 506 178 4 395 80 144 
5 9 351 156 506 179 6 395 78 144 
5 9 351 156 506 180 6 395 78 144 
5 9 351 156 506 181 8 395 78 144 
5 9 351 156 506 182 10 395 78 144 
5 9 351 156 506 183 10 393 78 144 
5 9 351 156 506 184 12 393 78 144 
5 9 351 156 506 185 12 393 78 144 
5 9 351 156 506 186 13 393 78 144 
5 9 351 156 506 187 15 393 78 144 
5 9 351 156 506 188 15 393 78 144 
5 9 351 156 506 189 17 393 78 144 
5 9 351 156 506 190 17 393 78 144 
5 9 351 156 506 191 19 393 78 144 
5 9 351 156 506 192 20 393 80 144 
5 9 351 156 506 193 19 392 82 144 
5 9 351 156 506 194 21 392 82 144 
5 9 351 156 506 195 23 392 82 144 
5 9 351 156 506 196 25 390 82 144 
5 9 351 156 506 197 28 390 80 144 
5 9 351 156 506 198 27 390 84 144 
5 9 351 156 506 199 27 388 86 144 
5 9 351 156 506 200 29 388 86 144 
5 9 351 156 506 201 31 388 86 144 
5 9 351 156 506 202 33 388 88 144 
5 9 351 156 506 203 33 386 88 144 
5 9 351 156 506 204 33 386 90 144 
5 9 351 156 506 205 35 384 90 144 
5 9 351 156 506 206 38 384 88 144 
5 9 351 156 506 207 40 383 88 144 
5 9 351 156 506 208 40 383 88 144 
5 9 351 156 506 209 42 381 88 144 
5 9 351 156 506 210 42 381 90 144 
5 9 351 156 506 211 44 379 90 144 
5 9 351 156 506 212 47 379 88 144 
5 9 351 156 506 213 47 379 88 141 
5 9 351 156 506 214 50 379 84 141 
5 9 351 156 506 215 50 379 84 139 
5 9 351 156 506 216 51 379 82 139 
5 9 351 156 506 217 50 379 86 139 
5 9 351 156 506 218 53 380 82 136 
5 9 351 156 506 219 53 380 82 136 
5 9 351 156 506 220 56 380 78 133 
5 9 351 156 506 221 56 380 78 133 
5 9 351 156 506 222 58 380 78 133 
5 9 351 156 506 223 59 381 74 127 
5 9 351 156 506 224 62 382 70 126 
5 9 351 156 506 225 64 385 68 120 
5 9 351 156 506 226 64 385 68 117 
5 9 351 156 506 227 67 388 64 111 
5 9 351 156 506 228 71 389 56 106 
5 9 351 156 506 229 71 389 56 103 
5 9 351 156 506 230 74 391 52 99 
5 9 351 156 506 231 75 392 50 96 
5 9 351 156 506 232 78 394 46 91 
5 9 351 156 506 233 80 392 46 91 
5 9 351 156 506 234 81 391 50 93 
5 9 351 156 506 235 84 389 48 96 
5 9 351 156 506 236 86 389 50 96 
5 9 351 156 506 237 87 386 54 99 
5 9 351 156 506 238 90 384 52 102 
5 9 351 156 506 239 92 384 54 102 
5 9 351 156 506 240 94 382 54 103 
5 9 351 156 506 241 96 380 56 106 
5 9 351 156 506 242 98 380 58 106 
5 9 351 156 506 243 98 378 58 106 
5 9 351 156 506 244 97 378 62 106 
5 9 351 156 506 245 97 378 62 106 
5 9 351 156 506 246 97 376 64 106 
5 9 351 156 506 247 96 376 68 106 
5 9 351 156 506 248 96 376 68 106 
5 9 351 156 506 249 95 374 72 108 
5 9 351 156 506 250 95 374 72 108 
5 9 351 156 506 251 94 374 76 108 
5 9 351 156 506 252 96 374 74 108 
5 9 351 156 506 253 96 373 74 106 
5 9 351 156 506 254 98 373 74 106 
5 9 351 156 506 255 101 373 70 106 
5 9 351 156 506 256 100 373 74 106 
5 9 351 156 506 257 101 373 76 106 
5 9 351 156 506 258 104 373 72 106 
5 9 351 156 506 259 103 373 76 106 
5 9 351 156 506 260 106 373 72 106 
5 9 351 156 506 261 108 373 70 106 
5 9 351 156 506 262 110 373 70 106 
5 9 351 156 506 263 110 371 70 106 
5 9 351 156 506 264 111 371 72 106 
5 9 351 156 506 265 111 371 72 106 
5 9 351 156 506 266 113 371 72 106 
5 9 351 156 506 267 115 371 70 106 
5 9 351 156 506 268 115 369 70 106 
5 9 351 156 506 269 117 369 70 106 
5 9 351 156 506 270 117 369 70 106 
5 9 351 156 506 271 118 369 72 106 
5 9 351 156 506 272 120 369 72 106 
5 9 351 156 506 273 120 367 72 106 
5 9 351 156 506 274 122 367 72 106 
5 9 351 156 506 275 122 366 72 106 
5 9 351 156 506 276 124 366 70 106 
5 9 351 156 506 277 126 366 70 106 
5 9 351 156 506 278 126 364 70 106 
5 9 351 156 506 279 127 364 72 106 
5 9 351 156 506 280 127 362 72 106 
5 9 351 156 506 281 129 362 72 106 
5 9 351 156 506 282 131 362 70 106 
5 9 351 156 506 283 131 360 70 106 
5 9 351 156 506 284 131 360 70 106 
5 9 351 156 506 285 131 360 70 106 
5 9 351 156 506 286 131 358 70 108 
5 9 351 156 506 287 133 358 70 108 
5 9 351 156 506 288 133 358 70 108 
5 9 351 156 506 289 133 357 70 106 
5 9 351 156 506 290 133 357 70 106 
5 9 351 156 506 291 133 357 70 106 
5 9 351 156 506 292 134 357 72 106 
5 9 351 156 506 293 134 354 72 109 
5 9 351 156 506 294 134 354 72 109 
5 9 351 156 506 295 134 352 72 112 
5 9 351 156 506 296 136 352 72 112 
5 9 351 156 506 297 136 349 72 115 
5 9 351 156 506 298 136 349 72 115 
5 9 351 156 506 299 136 348 72 117 
5 9 351 156 506 300 138 348 72 117 
5 9 351 156 506 301 138 346 72 117 
5 9 351 156 506 302 138 346 72 117 
5 9 351 156 506 303 138 346 72 117 
5 9 351 156 506 304 140 347 70 114 
5 9 351 156 506 305 140 344 70 117 
5 9 351 156 506 306 140 344 70 117 
5 9 351 156 506 307 142 345 70 114 
5 9 351 156 506 308 142 345 70 114 
5 9 351 156 506 309 142 342 70 117 
5 9 351 156 506 310 143 342 72 117 
5 9 351 156 506 311 143 342 72 115 
5 9 351 156 506 312 143 342 72 115 
5 9 351 156 506 313 145 340 72 118 
5 9 351 156 506 314 145 340 72 115 
5 9 351 156 506 315 145 340 72 115 
5 9 351 156 506 316 147 340 70 115 
5 9 351 156 506 317 147 339 70 117 
5 9 351 156 506 318 147 340 70 114 
5 9 351 156 506 319 149 340 70 114 
5 9 351 156 506 320 149 340 70 114 
5 9 351 156 506 321 149 338 70 114 
5 9 351 156 506 322 151 338 68 114 
5 9 351 156 506 323 150 338 72 114 
5 9 351 156 506 324 150 338 72 112 
5 9 351 156 506 325 153 335 68 115 
5 9 351 156 506 326 152 335 72 115 
5 9 351 156 506 327 152 335 72 115 
5 9 351 156 506 328 155 336 68 112 
5 9 351 156 506 329 154 333 72 115 
5 9 351 156 506 330 154 333 72 115 
5 9 351 156 506 331 157 334 68 112 
5 9 351 156 506 332 156 334 70 112 
5 9 351 156 506 333 156 333 70 114 
5 9 351 156 506 334 159 333 66 114 
5 9 351 156 506 335 158 333 70 111 
5 9 351 156 506 336 158 333 70 111 
5 9 351 156 506 337 158 333 70 111 
5 9 351 156 506 338 159 331 72 111 
5 9 351 156 506 339 159 331 72 111 
5 9 351 156 506 340 159 331 72 111 
5 9 351 156 506 341 162 331 68 109 
5 9 351 156 506 342 161 329 72 112 
5 9 351 156 506 343 161 329 72 112 
5 9 351 156 506 344 164 329 68 112 
5 9 351 156 506 345 163 329 70 109 
5 9 351 156 506 346 163 327 70 112 
5 9 351 156 506 347 166 327 66 112 
5 9 351 156 506 348 165 327 70 109 
5 9 351 156 506 349 165 327 70 109 
5 9 351 156 506 350 167 325 68 112 
5 9 351 156 506 351 166 325 72 112 
5 9 351 156 506 352 166 325 72 109 
5 9 351 156 506 353 169 325 68 109 
5 9 351 156 506 354 168 324 72 111 
5 9 351 156 506 355 168 324 72 109 
5 9 351 156 506 356 171 324 68 109 
5 9 351 156 506 357 170 324 72 109 
5 9 351 156 506 358 170 322 72 109 
5 9 351 156 506 359 173 322 68 109 
5 9 351 156 506 360 173 322 68 109 
5 9 351 156 506 361 172 322 70 109 
5 9 351 156 506 362 175 320 66 109 
5 9 351 156 506 363 175 320 66 109 
5 9 351 156 506 364 174 320 70 109 
5 9 351 156 506 365 176 321 68 106 
5 9 351 156 506 366 176 318 68 109 
5 9 351 156 506 367 175 318 72 109 
5 9 351 156 506 368 178 318 68 109 
5 9 351 156 506 369 178 319 68 106 
5 9 351 156 506 370 177 319 72 106 
5 9 351 156 506 371 177 318 72 108 
5 9 351 156 506 372 180 318 68 106 
5 9 351 156 506 373 179 318 70 106 
5 9 351 156 506 374 179 318 70 106 
5 9 351 156 506 375 182 316 66 106 
5 9 351 156 506 376 181 316 70 106 
5 9 351 156 506 377 181 316 70 106 
5 9 351 156 506 378 183 316 68 106 
5 9 351 156 506 379 183 314 68 106 
5 9 351 156 506 380 182 314 72 106 
5 9 351 156 506 381 185 314 68 106 
5 9 351 156 506 382 185 314 68 103 
5 9 351 156 506 383 184 312 72 106 
5 9 351 156 506 384 187 312 68 106 
5 9 351 156 506 385 187 312 68 106 
5 9 351 156 506 386 186 312 72 105 
5 9 351 156 506 387 189 310 68 108 
5 9 351 156 506 388 189 310 68 108 
5 9 351 156 506 389 188 310 70 105 
5 9 351 156 506 390 191 310 66 105 
5 9 351 156 506 391 191 309 66 106 
5 9 351 156 506 392 190 309 70 103 
5 9 351 156 506 393 192 309 68 103 
5 9 351 156 506 394 192 309 68 103 
5 9 351 156 506 395 191 307 72 106 
5 9 351 156 506 396 194 307 68 103 
5 9 351 156 506 397 194 307 68 103 
5 9 351 156 506 398 194 307 68 103 
5 9 351 156 506 399 196 305 68 103 
5 9 351 156 506 400 196 305 68 103 
5 9 351 156 506 401 196 305 68 103 
5 9 351 156 506 402 198 305 66 103 
5 9 351 156 506 403 198 306 66 102 
5 9 351 156 506 404 198 303 66 105 
5 9 351 156 506 405 197 303 70 105 
5 9 351 156 506 406 199 304 68 102 
5 9 351 156 506 407 199 304 68 102 
5 9 351 156 506 408 198 302 72 103 
5 9 351 156 506 409 201 303 68 100 
5 9 351 156 506 410 201 303 68 100 
5 9 351 156 506 411 200 303 72 100 
5 9 351 156 506 412 203 300 68 103 
5 9 351 156 506 413 203 301 68 100 
5 9 351 156 506 414 202 301 72 100 
5 9 351 156 506 415 205 301 68 100 
5 9 351 156 506 416 205 299 68 102 
5 9 351 156 506 417 205 299 68 102 
5 9 351 156 506 418 207 299 66 102 
5 9 351 156 506 419 207 299 66 102 
5 9 351 156 506 420 207 297 66 102 
5 9 351 156 506 421 208 297 68 102 
5 9 351 156 506 422 208 297 68 102 
5 9 351 156 506 423 208 297 68 99 
5 9 351 156 506 424 210 295 68 102 
5 9 351 156 506 425 210 295 68 102 
5 9 351 156 506 426 210 295 68 99 
5 9 351 156 506 427 212 295 68 99 
5 9 351 156 506 428 212 294 68 100 
5 9 351 156 506 429 212 294 68 100 
5 9 351 156 506 430 214 294 66 97 
5 9 351 156 506 431 214 294 66 97 
5 9 351 156 506 432 214 292 66 100 
5 9 351 156 506 433 215 292 68 99 
5 9 351 156 506 434 215 292 68 99 
5 9 351 156 506 435 215 292 68 99 
5 9 351 156 506 436 217 292 68 99 
5 9 351 156 506 437 217 290 68 99 
5 9 351 156 506 438 217 290 68 99 
5 9 351 156 506 439 217 290 68 99 
5 9 351 156 506 440 219 290 68 99 
5 9 351 156 506 441 219 290 68 99 
5 9 351 156 506 442 219 290 68 99 
5 9 351 156 506 443 222 291 64 96 
5 9 351 156 506 444 221 288 68 99 
5 9 351 156 506 445 221 288 68 99 
5 9 351 156 506 446 221 288 68 99 
5 9 351 156 506 447 224 288 64 99 
5 9 351 156 506 448 223 288 66 99 
5 9 351 156 506 449 223 289 66 96 
5 9 351 156 506 450 225 289 64 96 
5 9 351 156 506 451 224 287 68 97 
5 9 351 156 506 452 224 287 68 97 
5 9 351 156 506 453 224 287 68 97 
5 9 351 156 506 454 227 287 64 97 
5 9 351 156 506 455 226 287 68 97 
5 9 351 156 506 456 226 288 68 96 
5 9 351 156 506 457 229 288 64 96 
5 9 351 156 506 458 229 285 64 99 
5 9 351 156 506 459 228 285 68 99 
5 9 351 156 506 460 228 285 68 99 
5 9 351 156 506 461 231 285 64 99 
5 9 351 156 506 462 230 286 66 96 
5 9 351 156 506 463 230 286 66 96 
5 9 351 156 506 464 232 286 64 96 
5 9 351 156 506 465 232 283 64 99 
5 9 351 156 506 466 231 283 68 99 
5 9 351 156 506 467 231 283 68 99 
5 9 351 156 506 468 234 284 64 96 
5 9 351 156 506 469 234 284 64 96 
5 9 351 156 506 470 233 284 68 96 
5 9 351 156 506 471 236 284 64 96 
5 9 351 156 506 472 236 281 64 99 
5 9 351 156 506 473 235 281 68 99 
5 9 351 156 506 474 235 281 68 99 
5 9 351 156 506 475 238 282 64 96 
5 9 351 156 506 476 238 282 64 96 
5 9 351 156 506 477 237 282 68 96 
5 9 351 156 506 478 240 282 64 96 
5 9 351 156 506 479 240 279 64 99 
5 9 351 156 506 480 240 279 64 99 
5 9 351 156 506 481 239 280 66 96 
5 9 351 156 506 482 241 280 64 96 
5 9 351 156 506 483 241 280 64 96 
5 9 351 156 506 484 240 280 68 96 
5 9 351 156 506 485 243 280 64 96 
5 9 351 156 506 486 243 278 64 97 
5 9 351 156 506 487 243 279 64 96 
5 9 351 156 506 488 242 279 68 96 
5 9 351 156 506 489 245 279 64 96 
5 9 351 156 506 490 245 279 64 96 
5 9 351 156 506 491 245 279 64 96 
5 9 351 156 506 492 247 279 64 96 
5 9 351 156 506 493 247 276 64 99 
5 9 351 156 506 494 247 277 64 96 
5 9 351 156 506 495 246 277 66 96 
5 9 351 156 506 496 248 277 64 96 
5 9 351 156 506 497 248 277 64 96 
5 9 351 156 506 498 248 277 64 96 
5 9 351 156 506 499 250 277 64 96 
5 9 351 156 506 500 250 275 64 96 
5 9 351 156 506 501 250 275 64 96 
5 9 351 156 506 502 250 275 64 96 
5 9 351 156 506 503 252 275 64 96 
5 9 351 156 506 504 252 275 64 96 
5 9 351 156 506 505 252 275 64 96 
5 9 351 156 506 506 254 275 64 96 
