1 11 47 292 338 292 907 192 280 93 
1 11 47 292 338 293 907 192 280 93 
1 11 47 292 338 294 907 192 280 93 
1 11 47 292 338 295 907 192 280 93 
1 11 47 292 338 296 907 192 280 93 
1 11 47 292 338 297 907 192 280 93 
1 11 47 292 338 298 907 192 280 93 
1 11 47 292 338 299 907 192 280 93 
1 11 47 292 338 300 907 192 280 93 
1 11 47 292 338 301 907 192 280 93 
1 11 47 292 338 302 907 192 280 93 
1 11 47 292 338 303 907 192 280 93 
1 11 47 292 338 304 907 192 280 93 
1 11 47 292 338 305 907 192 280 93 
1 11 47 292 338 306 907 192 280 93 
1 11 47 292 338 307 907 192 280 93 
1 11 47 292 338 308 907 192 280 93 
1 11 47 292 338 309 907 192 280 93 
1 11 47 292 338 310 907 192 280 93 
1 11 47 292 338 311 907 192 280 93 
1 11 47 292 338 312 907 192 280 93 
1 11 47 292 338 313 907 192 280 93 
1 11 47 292 338 314 907 192 280 93 
1 11 47 292 338 315 907 192 280 93 
1 11 47 292 338 316 907 192 280 93 
1 11 47 292 338 317 907 192 280 93 
1 11 47 292 338 318 907 192 280 93 
1 11 47 292 338 319 907 192 280 93 
1 11 47 292 338 320 907 192 280 93 
1 11 47 292 338 321 907 192 280 93 
1 11 47 292 338 322 907 192 280 93 
1 11 47 292 338 323 907 192 280 93 
1 11 47 292 338 324 907 192 280 93 
1 11 47 292 338 325 907 192 280 93 
1 11 47 292 338 326 907 192 280 93 
1 11 47 292 338 327 907 192 280 93 
1 11 47 292 338 328 907 192 280 93 
1 11 47 292 338 329 907 192 280 93 
1 11 47 292 338 330 907 192 280 93 
1 11 47 292 338 331 907 192 280 93 
1 11 47 292 338 332 907 192 280 93 
1 11 47 292 338 333 907 192 280 93 
1 11 47 292 338 334 907 192 280 93 
1 11 47 292 338 335 907 192 280 93 
1 11 47 292 338 336 907 192 280 93 
1 11 47 292 338 337 907 192 280 93 
1 11 47 292 338 338 907 192 280 93 
2 12 47 579 625 579 893 193 103 87 
2 12 47 579 625 580 893 193 103 87 
2 12 47 579 625 581 893 193 103 87 
2 12 47 579 625 582 893 193 103 87 
2 12 47 579 625 583 893 193 103 87 
2 12 47 579 625 584 893 193 103 87 
2 12 47 579 625 585 893 193 103 87 
2 12 47 579 625 586 893 193 103 87 
2 12 47 579 625 587 893 193 103 87 
2 12 47 579 625 588 893 193 103 87 
2 12 47 579 625 589 893 193 103 87 
2 12 47 579 625 590 893 193 103 87 
2 12 47 579 625 591 893 193 103 87 
2 12 47 579 625 592 893 193 103 87 
2 12 47 579 625 593 893 193 103 87 
2 12 47 579 625 594 893 193 103 87 
2 12 47 579 625 595 893 193 103 87 
2 12 47 579 625 596 893 193 103 87 
2 12 47 579 625 597 893 193 103 87 
2 12 47 579 625 598 893 193 103 87 
2 12 47 579 625 599 893 193 103 87 
2 12 47 579 625 600 893 193 103 87 
2 12 47 579 625 601 893 193 103 87 
2 12 47 579 625 602 893 193 103 87 
2 12 47 579 625 603 893 193 103 87 
2 12 47 579 625 604 893 193 103 87 
2 12 47 579 625 605 893 193 103 87 
2 12 47 579 625 606 893 193 103 87 
2 12 47 579 625 607 893 193 103 87 
2 12 47 579 625 608 893 193 103 87 
2 12 47 579 625 609 893 193 103 87 
2 12 47 579 625 610 893 193 103 87 
2 12 47 579 625 611 893 193 103 87 
2 12 47 579 625 612 893 193 103 87 
2 12 47 579 625 613 893 193 103 87 
2 12 47 579 625 614 893 193 103 87 
2 12 47 579 625 615 893 193 103 87 
2 12 47 579 625 616 893 193 103 87 
2 12 47 579 625 617 893 193 103 87 
2 12 47 579 625 618 893 193 103 87 
2 12 47 579 625 619 893 193 103 87 
2 12 47 579 625 620 893 193 103 87 
2 12 47 579 625 621 893 193 103 87 
2 12 47 579 625 622 893 193 103 87 
2 12 47 579 625 623 893 193 103 87 
2 12 47 579 625 624 893 193 103 87 
2 12 47 579 625 625 893 193 103 87 
3 9 723 167 889 167 10 377 52 114 
3 9 723 167 889 168 10 377 52 112 
3 9 723 167 889 169 10 374 54 115 
3 9 723 167 889 170 10 374 54 115 
3 9 723 167 889 171 12 375 54 112 
3 9 723 167 889 172 12 372 54 115 
3 9 723 167 889 173 14 373 54 112 
3 9 723 167 889 174 14 372 54 114 
3 9 723 167 889 175 17 372 52 111 
3 9 723 167 889 176 17 372 52 111 
3 9 723 167 889 177 19 370 52 112 
3 9 723 167 889 178 19 370 52 112 
3 9 723 167 889 179 19 367 54 115 
3 9 723 167 889 180 19 368 54 112 
3 9 723 167 889 181 21 368 54 112 
3 9 723 167 889 182 21 366 54 112 
3 9 723 167 889 183 23 366 54 112 
3 9 723 167 889 184 23 365 54 111 
3 9 723 167 889 185 26 365 52 111 
3 9 723 167 889 186 26 366 52 108 
3 9 723 167 889 187 26 363 54 111 
3 9 723 167 889 188 26 363 54 111 
3 9 723 167 889 189 28 361 54 112 
3 9 723 167 889 190 28 361 54 112 
3 9 723 167 889 191 30 361 54 109 
3 9 723 167 889 192 30 359 54 112 
3 9 723 167 889 193 33 359 52 109 
3 9 723 167 889 194 33 357 52 112 
3 9 723 167 889 195 35 357 52 109 
3 9 723 167 889 196 35 357 54 109 
3 9 723 167 889 197 35 356 54 111 
3 9 723 167 889 198 37 356 54 109 
3 9 723 167 889 199 37 354 54 112 
3 9 723 167 889 200 39 354 54 109 
3 9 723 167 889 201 39 352 54 112 
3 9 723 167 889 202 42 352 52 109 
3 9 723 167 889 203 42 352 52 109 
3 9 723 167 889 204 42 350 54 109 
3 9 723 167 889 205 42 350 54 109 
3 9 723 167 889 206 44 349 54 111 
3 9 723 167 889 207 44 350 54 108 
3 9 723 167 889 208 46 350 54 108 
3 9 723 167 889 209 46 347 54 109 
3 9 723 167 889 210 49 347 52 109 
3 9 723 167 889 211 49 345 52 109 
3 9 723 167 889 212 51 345 52 109 
3 9 723 167 889 213 51 346 52 106 
3 9 723 167 889 214 51 343 54 109 
3 9 723 167 889 215 51 343 54 109 
3 9 723 167 889 216 53 341 54 109 
3 9 723 167 889 217 53 341 54 109 
3 9 723 167 889 218 55 342 54 108 
3 9 723 167 889 219 55 340 54 109 
3 9 723 167 889 220 58 341 52 106 
3 9 723 167 889 221 58 338 52 109 
3 9 723 167 889 222 58 339 54 106 
3 9 723 167 889 223 58 339 54 106 
3 9 723 167 889 224 60 336 54 109 
3 9 723 167 889 225 60 337 54 106 
3 9 723 167 889 226 62 334 54 109 
3 9 723 167 889 227 62 335 54 106 
3 9 723 167 889 228 65 335 52 106 
3 9 723 167 889 229 65 334 52 106 
3 9 723 167 889 230 67 334 52 106 
3 9 723 167 889 231 67 332 52 106 
3 9 723 167 889 232 67 332 54 106 
3 9 723 167 889 233 69 332 54 106 
3 9 723 167 889 234 69 330 54 106 
3 9 723 167 889 235 71 330 54 106 
3 9 723 167 889 236 74 330 52 103 
3 9 723 167 889 237 74 328 52 106 
3 9 723 167 889 238 74 328 54 106 
3 9 723 167 889 239 76 328 54 105 
3 9 723 167 889 240 78 326 54 108 
3 9 723 167 889 241 78 326 54 105 
3 9 723 167 889 242 81 326 52 105 
3 9 723 167 889 243 83 325 52 106 
3 9 723 167 889 244 83 325 52 103 
3 9 723 167 889 245 83 325 54 103 
3 9 723 167 889 246 85 323 54 106 
3 9 723 167 889 247 87 323 54 103 
3 9 723 167 889 248 87 323 54 103 
3 9 723 167 889 249 90 321 52 103 
3 9 723 167 889 250 90 321 54 103 
3 9 723 167 889 251 90 321 54 103 
3 9 723 167 889 252 92 319 54 105 
3 9 723 167 889 253 94 319 54 105 
3 9 723 167 889 254 97 320 52 102 
3 9 723 167 889 255 97 318 52 103 
3 9 723 167 889 256 99 318 52 103 
3 9 723 167 889 257 99 319 54 100 
3 9 723 167 889 258 99 316 54 103 
3 9 723 167 889 259 101 316 54 103 
3 9 723 167 889 260 103 317 54 100 
3 9 723 167 889 261 106 314 52 103 
3 9 723 167 889 262 106 315 52 102 
3 9 723 167 889 263 106 315 54 102 
3 9 723 167 889 264 108 312 54 105 
3 9 723 167 889 265 108 313 54 102 
3 9 723 167 889 266 110 313 54 102 
3 9 723 167 889 267 113 311 52 102 
3 9 723 167 889 268 115 311 52 102 
3 9 723 167 889 269 115 311 52 102 
3 9 723 167 889 270 115 310 54 100 
3 9 723 167 889 271 117 310 54 100 
3 9 723 167 889 272 119 310 54 100 
3 9 723 167 889 273 119 308 54 100 
3 9 723 167 889 274 122 308 52 100 
3 9 723 167 889 275 122 306 52 102 
3 9 723 167 889 276 122 306 54 102 
3 9 723 167 889 277 122 304 54 102 
3 9 723 167 889 278 124 304 54 102 
3 9 723 167 889 279 124 304 54 99 
3 9 723 167 889 280 126 303 54 100 
3 9 723 167 889 281 126 303 54 97 
3 9 723 167 889 282 129 301 52 100 
3 9 723 167 889 283 129 301 52 99 
3 9 723 167 889 284 131 299 52 102 
3 9 723 167 889 285 131 299 52 99 
3 9 723 167 889 286 131 299 54 99 
3 9 723 167 889 287 131 297 54 99 
3 9 723 167 889 288 133 297 54 99 
3 9 723 167 889 289 133 295 54 99 
3 9 723 167 889 290 135 295 54 99 
3 9 723 167 889 291 138 295 52 99 
3 9 723 167 889 292 138 294 52 97 
3 9 723 167 889 293 138 294 54 97 
3 9 723 167 889 294 140 294 54 97 
3 9 723 167 889 295 140 292 54 99 
3 9 723 167 889 296 142 292 54 99 
3 9 723 167 889 297 145 292 52 99 
3 9 723 167 889 298 145 290 52 99 
3 9 723 167 889 299 147 290 52 99 
3 9 723 167 889 300 147 290 54 99 
3 9 723 167 889 301 147 288 54 99 
3 9 723 167 889 302 149 288 54 99 
3 9 723 167 889 303 151 289 54 96 
3 9 723 167 889 304 154 289 52 96 
3 9 723 167 889 305 154 289 54 96 
3 9 723 167 889 306 156 289 54 94 
3 9 723 167 889 307 158 289 54 94 
3 9 723 167 889 308 161 288 50 93 
3 9 723 167 889 309 164 288 48 93 
3 9 723 167 889 310 164 288 50 93 
3 9 723 167 889 311 163 289 54 90 
3 9 723 167 889 312 165 289 54 90 
3 9 723 167 889 313 167 289 54 87 
3 9 723 167 889 314 170 289 52 87 
3 9 723 167 889 315 170 289 54 87 
3 9 723 167 889 316 173 287 50 87 
3 9 723 167 889 317 175 287 50 87 
3 9 723 167 889 318 177 287 50 85 
3 9 723 167 889 319 180 287 48 85 
3 9 723 167 889 320 180 287 50 85 
3 9 723 167 889 321 179 288 54 82 
3 9 723 167 889 322 181 288 54 82 
3 9 723 167 889 323 184 286 50 82 
3 9 723 167 889 324 186 286 50 82 
3 9 723 167 889 325 187 286 50 82 
3 9 723 167 889 326 189 286 50 79 
3 9 723 167 889 327 191 286 50 79 
3 9 723 167 889 328 193 287 50 78 
3 9 723 167 889 329 196 287 48 78 
3 9 723 167 889 330 196 287 50 78 
3 9 723 167 889 331 196 285 50 78 
3 9 723 167 889 332 198 285 50 78 
3 9 723 167 889 333 200 283 50 78 
3 9 723 167 889 334 200 283 50 78 
3 9 723 167 889 335 202 282 50 76 
3 9 723 167 889 336 203 282 50 76 
3 9 723 167 889 337 205 280 50 76 
3 9 723 167 889 338 205 280 50 76 
3 9 723 167 889 339 207 278 50 78 
3 9 723 167 889 340 209 278 50 78 
3 9 723 167 889 341 212 276 48 78 
3 9 723 167 889 342 212 276 48 78 
3 9 723 167 889 343 212 275 50 76 
3 9 723 167 889 344 214 275 50 76 
3 9 723 167 889 345 216 273 50 76 
3 9 723 167 889 346 216 273 50 76 
3 9 723 167 889 347 218 271 50 78 
3 9 723 167 889 348 219 271 50 78 
3 9 723 167 889 349 219 269 50 78 
3 9 723 167 889 350 221 269 50 78 
3 9 723 167 889 351 223 267 50 78 
3 9 723 167 889 352 225 267 50 78 
3 9 723 167 889 353 225 266 50 76 
3 9 723 167 889 354 228 266 48 76 
3 9 723 167 889 355 228 264 50 76 
3 9 723 167 889 356 230 264 50 76 
3 9 723 167 889 357 230 262 50 78 
3 9 723 167 889 358 232 262 50 78 
3 9 723 167 889 359 234 260 50 78 
3 9 723 167 889 360 235 260 50 78 
3 9 723 167 889 361 235 259 50 76 
3 9 723 167 889 362 237 259 50 76 
3 9 723 167 889 363 239 259 50 76 
3 9 723 167 889 364 241 259 50 76 
3 9 723 167 889 365 241 259 50 76 
3 9 723 167 889 366 244 259 48 76 
3 9 723 167 889 367 244 257 50 76 
3 9 723 167 889 368 246 257 50 76 
3 9 723 167 889 369 246 257 50 76 
3 9 723 167 889 370 248 257 50 76 
3 9 723 167 889 371 250 257 50 76 
3 9 723 167 889 372 251 257 50 76 
3 9 723 167 889 373 253 257 50 76 
3 9 723 167 889 374 253 255 50 78 
3 9 723 167 889 375 255 255 50 78 
3 9 723 167 889 376 257 255 50 78 
3 9 723 167 889 377 260 255 48 78 
3 9 723 167 889 378 260 255 48 78 
3 9 723 167 889 379 260 255 50 78 
3 9 723 167 889 380 262 255 50 78 
3 9 723 167 889 381 264 253 50 78 
3 9 723 167 889 382 266 253 50 78 
3 9 723 167 889 383 266 253 50 78 
3 9 723 167 889 384 267 253 50 78 
3 9 723 167 889 385 269 253 50 78 
3 9 723 167 889 386 271 253 50 78 
3 9 723 167 889 387 271 251 50 78 
3 9 723 167 889 388 273 251 50 78 
3 9 723 167 889 389 276 251 48 78 
3 9 723 167 889 390 276 251 50 78 
3 9 723 167 889 391 278 251 50 78 
3 9 723 167 889 392 278 251 50 78 
3 9 723 167 889 393 280 251 50 78 
3 9 723 167 889 394 282 250 50 76 
3 9 723 167 889 395 283 250 50 76 
3 9 723 167 889 396 283 250 50 76 
3 9 723 167 889 397 285 250 50 76 
3 9 723 167 889 398 287 250 50 76 
3 9 723 167 889 399 289 250 50 76 
3 9 723 167 889 400 292 250 48 76 
3 9 723 167 889 401 292 248 48 76 
3 9 723 167 889 402 292 248 50 76 
3 9 723 167 889 403 292 248 50 76 
3 9 723 167 889 404 294 246 50 78 
3 9 723 167 889 405 296 246 50 78 
3 9 723 167 889 406 296 246 50 78 
3 9 723 167 889 407 298 244 50 78 
3 9 723 167 889 408 299 244 50 78 
3 9 723 167 889 409 299 244 50 78 
3 9 723 167 889 410 301 244 50 78 
3 9 723 167 889 411 301 243 50 76 
3 9 723 167 889 412 303 243 50 76 
3 9 723 167 889 413 305 243 50 76 
3 9 723 167 889 414 305 241 50 76 
3 9 723 167 889 415 308 241 48 76 
3 9 723 167 889 416 308 241 50 76 
3 9 723 167 889 417 308 239 50 78 
3 9 723 167 889 418 310 239 50 78 
3 9 723 167 889 419 312 239 50 78 
3 9 723 167 889 420 312 239 50 78 
3 9 723 167 889 421 314 237 50 78 
3 9 723 167 889 422 314 237 50 78 
3 9 723 167 889 423 315 237 50 78 
3 9 723 167 889 424 317 235 50 78 
3 9 723 167 889 425 317 235 50 78 
3 9 723 167 889 426 319 235 50 78 
3 9 723 167 889 427 321 234 50 76 
3 9 723 167 889 428 321 234 50 76 
3 9 723 167 889 429 324 234 48 76 
3 9 723 167 889 430 324 234 50 76 
3 9 723 167 889 431 324 232 50 76 
3 9 723 167 889 432 326 232 50 76 
3 9 723 167 889 433 328 232 50 76 
3 9 723 167 889 434 328 232 50 76 
3 9 723 167 889 435 330 232 50 76 
3 9 723 167 889 436 331 230 50 78 
3 9 723 167 889 437 331 230 50 78 
3 9 723 167 889 438 333 230 50 78 
3 9 723 167 889 439 335 230 50 78 
3 9 723 167 889 440 335 230 50 78 
3 9 723 167 889 441 337 228 50 78 
3 9 723 167 889 442 340 228 48 78 
3 9 723 167 889 443 340 228 48 78 
3 9 723 167 889 444 340 228 50 78 
3 9 723 167 889 445 342 228 50 78 
3 9 723 167 889 446 342 227 50 76 
3 9 723 167 889 447 344 227 50 76 
3 9 723 167 889 448 346 227 50 76 
3 9 723 167 889 449 346 227 50 76 
3 9 723 167 889 450 347 227 50 76 
3 9 723 167 889 451 349 225 50 76 
3 9 723 167 889 452 349 225 50 76 
3 9 723 167 889 453 351 225 50 76 
3 9 723 167 889 454 353 225 50 76 
3 9 723 167 889 455 353 225 50 76 
3 9 723 167 889 456 356 223 48 78 
3 9 723 167 889 457 356 223 50 78 
3 9 723 167 889 458 356 223 50 78 
3 9 723 167 889 459 358 223 50 78 
3 9 723 167 889 460 360 223 50 78 
3 9 723 167 889 461 360 221 50 78 
3 9 723 167 889 462 362 221 50 78 
3 9 723 167 889 463 363 221 50 78 
3 9 723 167 889 464 363 221 50 78 
3 9 723 167 889 465 365 221 50 78 
3 9 723 167 889 466 367 221 50 78 
3 9 723 167 889 467 369 221 50 78 
3 9 723 167 889 468 369 221 50 78 
3 9 723 167 889 469 372 221 48 78 
3 9 723 167 889 470 372 221 50 78 
3 9 723 167 889 471 374 221 50 78 
3 9 723 167 889 472 374 221 50 78 
3 9 723 167 889 473 376 221 50 78 
3 9 723 167 889 474 378 221 50 78 
3 9 723 167 889 475 379 221 50 78 
3 9 723 167 889 476 379 219 50 78 
3 9 723 167 889 477 381 219 50 78 
3 9 723 167 889 478 383 219 50 78 
3 9 723 167 889 479 383 219 50 78 
3 9 723 167 889 480 385 219 50 78 
3 9 723 167 889 481 388 219 48 78 
3 9 723 167 889 482 388 219 50 78 
3 9 723 167 889 483 388 219 50 78 
3 9 723 167 889 484 390 219 50 78 
3 9 723 167 889 485 392 219 50 78 
3 9 723 167 889 486 394 219 50 78 
3 9 723 167 889 487 394 219 50 78 
3 9 723 167 889 488 395 219 50 78 
3 9 723 167 889 489 397 219 50 78 
3 9 723 167 889 490 399 219 50 78 
3 9 723 167 889 491 399 219 50 78 
3 9 723 167 889 492 401 219 50 78 
3 9 723 167 889 493 401 219 50 78 
3 9 723 167 889 494 404 219 48 78 
3 9 723 167 889 495 404 219 48 78 
3 9 723 167 889 496 404 219 50 78 
3 9 723 167 889 497 404 219 50 78 
3 9 723 167 889 498 406 219 50 78 
3 9 723 167 889 499 406 219 50 78 
3 9 723 167 889 500 408 219 50 78 
3 9 723 167 889 501 408 219 50 78 
3 9 723 167 889 502 410 219 50 78 
3 9 723 167 889 503 410 219 50 78 
3 9 723 167 889 504 411 219 50 78 
3 9 723 167 889 505 411 219 50 78 
3 9 723 167 889 506 413 219 50 78 
3 9 723 167 889 507 413 219 50 78 
3 9 723 167 889 508 415 219 50 78 
3 9 723 167 889 509 415 219 50 78 
3 9 723 167 889 510 417 219 50 78 
3 9 723 167 889 511 417 219 50 78 
3 9 723 167 889 512 420 219 48 78 
3 9 723 167 889 513 420 219 48 78 
3 9 723 167 889 514 420 219 50 78 
3 9 723 167 889 515 420 219 50 78 
3 9 723 167 889 516 422 219 50 78 
3 9 723 167 889 517 422 219 50 78 
3 9 723 167 889 518 424 219 50 78 
3 9 723 167 889 519 424 219 50 78 
3 9 723 167 889 520 426 219 50 78 
3 9 723 167 889 521 426 219 50 78 
3 9 723 167 889 522 427 219 50 78 
3 9 723 167 889 523 427 219 50 78 
3 9 723 167 889 524 429 219 50 78 
3 9 723 167 889 525 429 219 50 78 
3 9 723 167 889 526 431 219 50 78 
3 9 723 167 889 527 431 219 50 78 
3 9 723 167 889 528 433 219 50 78 
3 9 723 167 889 529 433 219 50 78 
3 9 723 167 889 530 436 219 48 78 
3 9 723 167 889 531 436 218 48 76 
3 9 723 167 889 532 436 218 50 76 
3 9 723 167 889 533 436 218 50 76 
3 9 723 167 889 534 438 218 50 76 
3 9 723 167 889 535 440 218 50 73 
3 9 723 167 889 536 440 218 50 73 
3 9 723 167 889 537 442 218 50 73 
3 9 723 167 889 538 443 218 50 73 
3 9 723 167 889 539 443 218 50 73 
3 9 723 167 889 540 445 219 50 72 
3 9 723 167 889 541 447 219 50 72 
3 9 723 167 889 542 447 219 50 72 
3 9 723 167 889 543 449 219 50 72 
3 9 723 167 889 544 449 219 50 69 
3 9 723 167 889 545 452 219 48 69 
3 9 723 167 889 546 452 219 50 69 
3 9 723 167 889 547 452 219 50 69 
3 9 723 167 889 548 454 219 50 69 
3 9 723 167 889 549 456 220 50 66 
3 9 723 167 889 550 456 220 50 66 
3 9 723 167 889 551 458 220 50 66 
3 9 723 167 889 552 459 220 50 66 
3 9 723 167 889 553 459 220 50 63 
3 9 723 167 889 554 461 220 50 63 
3 9 723 167 889 555 463 220 50 63 
3 9 723 167 889 556 463 220 50 63 
3 9 723 167 889 557 465 220 50 63 
3 9 723 167 889 558 465 220 50 61 
3 9 723 167 889 559 468 220 48 61 
3 9 723 167 889 560 468 220 50 61 
3 9 723 167 889 561 468 220 50 61 
3 9 723 167 889 562 470 221 50 58 
3 9 723 167 889 563 472 221 50 58 
3 9 723 167 889 564 472 221 50 58 
3 9 723 167 889 565 474 221 50 58 
3 9 723 167 889 566 475 221 50 58 
3 9 723 167 889 567 475 221 50 55 
3 9 723 167 889 568 477 221 50 55 
3 9 723 167 889 569 477 221 50 55 
3 9 723 167 889 570 479 221 50 55 
3 9 723 167 889 571 481 222 50 52 
3 9 723 167 889 572 481 222 50 52 
3 9 723 167 889 573 484 222 48 52 
3 9 723 167 889 574 484 222 50 52 
3 9 723 167 889 575 484 222 50 52 
3 9 723 167 889 576 486 222 50 49 
3 9 723 167 889 577 488 222 50 49 
3 9 723 167 889 578 488 222 50 49 
3 9 723 167 889 579 490 222 50 49 
3 9 723 167 889 580 491 222 50 49 
3 9 723 167 889 581 491 222 50 49 
3 9 723 167 889 582 491 222 50 49 
3 9 723 167 889 583 493 222 50 49 
3 9 723 167 889 584 493 222 50 49 
3 9 723 167 889 585 495 222 50 49 
3 9 723 167 889 586 495 222 50 49 
3 9 723 167 889 587 497 222 50 49 
3 9 723 167 889 588 497 222 50 49 
3 9 723 167 889 589 500 222 48 49 
3 9 723 167 889 590 500 222 48 49 
3 9 723 167 889 591 500 222 48 49 
3 9 723 167 889 592 500 222 50 49 
3 9 723 167 889 593 500 222 50 49 
3 9 723 167 889 594 502 222 50 49 
3 9 723 167 889 595 502 222 50 49 
3 9 723 167 889 596 504 222 50 49 
3 9 723 167 889 597 504 222 50 49 
3 9 723 167 889 598 506 222 50 49 
3 9 723 167 889 599 506 222 50 49 
3 9 723 167 889 600 507 222 50 49 
3 9 723 167 889 601 507 220 50 52 
3 9 723 167 889 602 507 220 50 52 
3 9 723 167 889 603 509 220 50 52 
3 9 723 167 889 604 509 220 50 52 
3 9 723 167 889 605 511 220 50 52 
3 9 723 167 889 606 511 220 50 52 
3 9 723 167 889 607 513 220 50 52 
3 9 723 167 889 608 513 220 50 52 
3 9 723 167 889 609 516 220 48 52 
3 9 723 167 889 610 516 220 48 52 
3 9 723 167 889 611 516 220 50 52 
3 9 723 167 889 612 516 220 50 52 
3 9 723 167 889 613 519 217 46 55 
3 9 723 167 889 614 518 217 50 55 
3 9 723 167 889 615 521 217 46 55 
3 9 723 167 889 616 520 217 50 55 
3 9 723 167 889 617 523 217 46 58 
3 9 723 167 889 618 522 217 50 58 
3 9 723 167 889 619 524 217 48 58 
3 9 723 167 889 620 523 217 50 58 
3 9 723 167 889 621 526 217 46 58 
3 9 723 167 889 622 525 217 50 58 
3 9 723 167 889 623 528 217 46 58 
3 9 723 167 889 624 527 217 50 58 
3 9 723 167 889 625 530 217 46 58 
3 9 723 167 889 626 530 214 46 61 
3 9 723 167 889 627 529 214 50 61 
3 9 723 167 889 628 532 214 46 61 
3 9 723 167 889 629 532 214 48 61 
3 9 723 167 889 630 533 214 46 61 
3 9 723 167 889 631 532 214 50 61 
3 9 723 167 889 632 535 214 46 61 
3 9 723 167 889 633 534 214 50 61 
3 9 723 167 889 634 537 214 46 64 
3 9 723 167 889 635 536 214 50 64 
3 9 723 167 889 636 539 214 46 64 
3 9 723 167 889 637 538 214 50 64 
3 9 723 167 889 638 540 213 48 66 
3 9 723 167 889 639 540 213 48 66 
3 9 723 167 889 640 542 213 46 66 
3 9 723 167 889 641 542 213 46 66 
3 9 723 167 889 642 544 213 46 66 
3 9 723 167 889 643 544 213 46 66 
3 9 723 167 889 644 546 213 46 66 
3 9 723 167 889 645 546 213 46 66 
3 9 723 167 889 646 548 213 46 66 
3 9 723 167 889 647 548 213 46 66 
3 9 723 167 889 648 549 213 46 66 
3 9 723 167 889 649 549 213 46 66 
3 9 723 167 889 650 551 212 46 69 
3 9 723 167 889 651 551 210 46 69 
3 9 723 167 889 652 551 210 46 69 
3 9 723 167 889 653 551 210 46 69 
3 9 723 167 889 654 551 210 46 69 
3 9 723 167 889 655 551 210 46 69 
3 9 723 167 889 656 553 210 46 69 
3 9 723 167 889 657 553 210 46 69 
3 9 723 167 889 658 553 210 46 69 
3 9 723 167 889 659 553 210 46 69 
3 9 723 167 889 660 553 210 46 69 
3 9 723 167 889 661 555 210 46 69 
3 9 723 167 889 662 555 210 46 69 
3 9 723 167 889 663 555 210 46 69 
3 9 723 167 889 664 555 210 46 69 
3 9 723 167 889 665 555 210 46 69 
3 9 723 167 889 666 555 210 46 69 
3 9 723 167 889 667 556 210 48 69 
3 9 723 167 889 668 556 210 48 69 
3 9 723 167 889 669 556 210 48 69 
3 9 723 167 889 670 556 210 48 69 
3 9 723 167 889 671 556 210 48 69 
3 9 723 167 889 672 558 210 46 69 
3 9 723 167 889 673 558 210 46 69 
3 9 723 167 889 674 558 210 46 69 
3 9 723 167 889 675 558 210 46 69 
3 9 723 167 889 676 558 210 46 69 
3 9 723 167 889 677 560 210 46 69 
3 9 723 167 889 678 560 210 46 69 
3 9 723 167 889 679 560 210 46 69 
3 9 723 167 889 680 560 210 46 69 
3 9 723 167 889 681 560 210 46 69 
3 9 723 167 889 682 560 210 46 69 
3 9 723 167 889 683 562 210 46 69 
3 9 723 167 889 684 562 210 46 69 
3 9 723 167 889 685 562 210 46 69 
3 9 723 167 889 686 562 210 46 69 
3 9 723 167 889 687 562 210 46 69 
3 9 723 167 889 688 564 210 46 69 
3 9 723 167 889 689 564 210 46 69 
3 9 723 167 889 690 564 210 46 69 
3 9 723 167 889 691 564 210 46 69 
3 9 723 167 889 692 564 210 46 69 
3 9 723 167 889 693 564 210 46 69 
3 9 723 167 889 694 565 210 46 69 
3 9 723 167 889 695 565 210 46 69 
3 9 723 167 889 696 565 210 46 69 
3 9 723 167 889 697 565 210 46 69 
3 9 723 167 889 698 565 210 46 69 
3 9 723 167 889 699 567 210 46 69 
3 9 723 167 889 700 567 210 46 69 
3 9 723 167 889 701 567 210 46 69 
3 9 723 167 889 702 567 210 46 69 
3 9 723 167 889 703 567 210 46 69 
3 9 723 167 889 704 569 210 46 69 
3 9 723 167 889 705 569 210 46 69 
3 9 723 167 889 706 569 210 46 69 
3 9 723 167 889 707 569 210 46 69 
3 9 723 167 889 708 569 210 46 69 
3 9 723 167 889 709 569 210 46 69 
3 9 723 167 889 710 571 210 46 69 
3 9 723 167 889 711 571 210 46 69 
3 9 723 167 889 712 571 210 46 69 
3 9 723 167 889 713 571 210 46 69 
3 9 723 167 889 714 571 210 46 69 
3 9 723 167 889 715 572 210 48 69 
3 9 723 167 889 716 572 210 48 69 
3 9 723 167 889 717 572 210 48 69 
3 9 723 167 889 718 572 210 48 69 
3 9 723 167 889 719 572 210 48 69 
3 9 723 167 889 720 572 210 48 69 
3 9 723 167 889 721 574 210 46 69 
3 9 723 167 889 722 574 210 46 69 
3 9 723 167 889 723 574 210 46 69 
3 9 723 167 889 724 574 210 46 69 
3 9 723 167 889 725 574 210 46 69 
3 9 723 167 889 726 576 210 46 69 
3 9 723 167 889 727 576 210 46 69 
3 9 723 167 889 728 576 210 46 69 
3 9 723 167 889 729 576 210 46 69 
3 9 723 167 889 730 576 210 46 69 
3 9 723 167 889 731 578 210 46 69 
3 9 723 167 889 732 578 210 46 69 
3 9 723 167 889 733 578 210 46 69 
3 9 723 167 889 734 578 210 46 69 
3 9 723 167 889 735 578 210 46 69 
3 9 723 167 889 736 578 210 46 69 
3 9 723 167 889 737 580 210 46 69 
3 9 723 167 889 738 580 210 46 69 
3 9 723 167 889 739 580 210 46 69 
3 9 723 167 889 740 580 210 46 69 
3 9 723 167 889 741 580 210 46 69 
3 9 723 167 889 742 581 210 46 69 
3 9 723 167 889 743 581 210 46 69 
3 9 723 167 889 744 581 210 46 69 
3 9 723 167 889 745 581 210 46 69 
3 9 723 167 889 746 581 210 46 69 
3 9 723 167 889 747 583 210 46 69 
3 9 723 167 889 748 583 208 46 69 
3 9 723 167 889 749 583 208 46 69 
3 9 723 167 889 750 583 208 46 69 
3 9 723 167 889 751 583 208 46 69 
3 9 723 167 889 752 583 208 46 69 
3 9 723 167 889 753 583 208 46 69 
3 9 723 167 889 754 583 208 46 69 
3 9 723 167 889 755 583 208 46 69 
3 9 723 167 889 756 583 208 46 69 
3 9 723 167 889 757 583 208 46 69 
3 9 723 167 889 758 583 208 46 69 
3 9 723 167 889 759 583 208 46 69 
3 9 723 167 889 760 583 208 46 69 
3 9 723 167 889 761 583 208 46 69 
3 9 723 167 889 762 585 208 46 69 
3 9 723 167 889 763 585 208 46 69 
3 9 723 167 889 764 585 208 46 69 
3 9 723 167 889 765 585 208 46 69 
3 9 723 167 889 766 585 208 46 69 
3 9 723 167 889 767 585 208 46 69 
3 9 723 167 889 768 585 208 46 69 
3 9 723 167 889 769 585 208 46 69 
3 9 723 167 889 770 585 208 46 69 
3 9 723 167 889 771 585 208 46 69 
3 9 723 167 889 772 585 208 46 69 
3 9 723 167 889 773 585 208 46 69 
3 9 723 167 889 774 585 208 46 69 
3 9 723 167 889 775 585 208 46 69 
3 9 723 167 889 776 587 208 46 69 
3 9 723 167 889 777 587 208 46 69 
3 9 723 167 889 778 587 208 46 69 
3 9 723 167 889 779 587 208 46 69 
3 9 723 167 889 780 587 208 46 69 
3 9 723 167 889 781 587 208 46 69 
3 9 723 167 889 782 587 208 46 69 
3 9 723 167 889 783 587 208 46 69 
3 9 723 167 889 784 587 208 46 69 
3 9 723 167 889 785 587 208 46 69 
3 9 723 167 889 786 587 208 46 69 
3 9 723 167 889 787 587 208 46 69 
3 9 723 167 889 788 587 208 46 69 
3 9 723 167 889 789 587 208 46 69 
3 9 723 167 889 790 588 208 48 69 
3 9 723 167 889 791 588 208 48 69 
3 9 723 167 889 792 588 208 48 69 
3 9 723 167 889 793 588 208 48 69 
3 9 723 167 889 794 588 208 48 69 
3 9 723 167 889 795 588 208 48 69 
3 9 723 167 889 796 588 208 48 69 
3 9 723 167 889 797 588 208 48 69 
3 9 723 167 889 798 588 208 48 69 
3 9 723 167 889 799 588 208 48 69 
3 9 723 167 889 800 588 208 48 69 
3 9 723 167 889 801 588 208 48 69 
3 9 723 167 889 802 588 208 48 69 
3 9 723 167 889 803 588 208 48 69 
3 9 723 167 889 804 588 208 48 69 
3 9 723 167 889 805 588 208 48 69 
3 9 723 167 889 806 588 208 48 69 
3 9 723 167 889 807 588 208 48 69 
3 9 723 167 889 808 588 208 48 69 
3 9 723 167 889 809 588 208 48 69 
3 9 723 167 889 810 588 208 48 69 
3 9 723 167 889 811 588 208 48 69 
3 9 723 167 889 812 588 208 48 69 
3 9 723 167 889 813 588 208 48 69 
3 9 723 167 889 814 588 208 48 69 
3 9 723 167 889 815 588 208 48 69 
3 9 723 167 889 816 588 208 48 69 
3 9 723 167 889 817 588 208 48 69 
3 9 723 167 889 818 588 208 48 69 
3 9 723 167 889 819 588 208 48 69 
3 9 723 167 889 820 588 208 48 69 
3 9 723 167 889 821 588 208 48 69 
3 9 723 167 889 822 588 208 48 69 
3 9 723 167 889 823 588 208 48 69 
3 9 723 167 889 824 588 208 48 69 
3 9 723 167 889 825 588 208 48 69 
3 9 723 167 889 826 588 208 48 69 
3 9 723 167 889 827 588 208 48 69 
3 9 723 167 889 828 588 208 48 69 
3 9 723 167 889 829 588 208 48 69 
3 9 723 167 889 830 588 208 48 69 
3 9 723 167 889 831 588 208 48 69 
3 9 723 167 889 832 588 208 48 69 
3 9 723 167 889 833 588 208 48 69 
3 9 723 167 889 834 588 208 48 69 
3 9 723 167 889 835 588 208 48 69 
3 9 723 167 889 836 588 208 48 69 
3 9 723 167 889 837 588 208 48 69 
3 9 723 167 889 838 590 208 46 69 
3 9 723 167 889 839 590 208 46 69 
3 9 723 167 889 840 590 208 46 69 
3 9 723 167 889 841 590 208 46 69 
3 9 723 167 889 842 590 208 46 69 
3 9 723 167 889 843 590 208 46 69 
3 9 723 167 889 844 590 208 46 69 
3 9 723 167 889 845 590 208 46 69 
3 9 723 167 889 846 590 208 46 69 
3 9 723 167 889 847 590 208 46 69 
3 9 723 167 889 848 590 208 46 69 
3 9 723 167 889 849 590 208 46 69 
3 9 723 167 889 850 590 208 46 69 
3 9 723 167 889 851 590 208 46 69 
3 9 723 167 889 852 590 208 46 69 
3 9 723 167 889 853 590 208 46 69 
3 9 723 167 889 854 590 208 46 69 
3 9 723 167 889 855 590 208 46 69 
3 9 723 167 889 856 590 208 46 69 
3 9 723 167 889 857 590 208 46 69 
3 9 723 167 889 858 590 208 46 69 
3 9 723 167 889 859 590 208 46 69 
3 9 723 167 889 860 590 208 46 69 
3 9 723 167 889 861 590 208 46 69 
3 9 723 167 889 862 590 208 46 69 
3 9 723 167 889 863 590 208 46 69 
3 9 723 167 889 864 590 208 46 69 
3 9 723 167 889 865 590 208 46 69 
3 9 723 167 889 866 590 208 46 69 
3 9 723 167 889 867 590 208 46 69 
3 9 723 167 889 868 590 208 46 69 
3 9 723 167 889 869 590 208 46 69 
3 9 723 167 889 870 590 208 46 69 
3 9 723 167 889 871 590 208 46 69 
3 9 723 167 889 872 590 208 46 69 
3 9 723 167 889 873 590 208 46 69 
3 9 723 167 889 874 590 208 46 69 
3 9 723 167 889 875 590 208 46 69 
3 9 723 167 889 876 590 208 46 69 
3 9 723 167 889 877 590 208 46 69 
3 9 723 167 889 878 590 208 46 69 
3 9 723 167 889 879 590 208 46 69 
3 9 723 167 889 880 590 208 46 69 
3 9 723 167 889 881 590 208 46 69 
3 9 723 167 889 882 590 208 46 69 
3 9 723 167 889 883 590 208 46 69 
3 9 723 167 889 884 590 208 46 69 
3 9 723 167 889 885 590 208 46 69 
3 9 723 167 889 886 590 208 46 69 
3 9 723 167 889 887 590 208 46 69 
3 9 723 167 889 888 590 208 46 69 
3 9 723 167 889 889 590 208 46 69 
4 9 175 195 369 195 688 471 74 135 
4 9 175 195 369 196 692 471 74 135 
4 9 175 195 369 197 693 471 76 138 
4 9 175 195 369 198 697 473 74 138 
4 9 175 195 369 199 699 473 74 138 
4 9 175 195 369 200 702 472 76 141 
4 9 175 195 369 201 706 473 74 142 
4 9 175 195 369 202 709 472 76 141 
4 9 175 195 369 203 713 470 74 141 
4 9 175 195 369 204 718 468 76 141 
4 9 175 195 369 205 722 466 74 141 
4 9 175 195 369 206 725 464 76 142 
4 9 175 195 369 207 731 464 74 142 
4 9 175 195 369 208 733 464 74 142 
4 9 175 195 369 209 734 464 76 142 
4 9 175 195 369 210 738 464 74 142 
4 9 175 195 369 211 740 464 74 142 
4 9 175 195 369 212 743 466 76 141 
4 9 175 195 369 213 745 466 74 141 
4 9 175 195 369 214 747 466 74 141 
4 9 175 195 369 215 750 466 76 141 
4 9 175 195 369 216 752 466 74 141 
4 9 175 195 369 217 756 468 74 141 
4 9 175 195 369 218 757 466 76 141 
4 9 175 195 369 219 761 466 74 141 
4 9 175 195 369 220 765 466 74 141 
4 9 175 195 369 221 768 466 74 141 
4 9 175 195 369 222 770 464 74 142 
4 9 175 195 369 223 773 464 76 142 
4 9 175 195 369 224 777 464 74 142 
4 9 175 195 369 225 781 464 74 142 
4 9 175 195 369 226 784 464 74 142 
4 9 175 195 369 227 786 463 74 141 
4 9 175 195 369 228 789 463 76 141 
4 9 175 195 369 229 793 463 74 141 
4 9 175 195 369 230 797 463 74 141 
4 9 175 195 369 231 800 463 74 141 
4 9 175 195 369 232 802 461 74 141 
4 9 175 195 369 233 805 461 76 141 
4 9 175 195 369 234 809 461 74 141 
4 9 175 195 369 235 813 461 74 141 
4 9 175 195 369 236 816 461 74 141 
4 9 175 195 369 237 818 459 74 141 
4 9 175 195 369 238 821 459 76 141 
4 9 175 195 369 239 825 459 74 141 
4 9 175 195 369 240 829 459 74 141 
4 9 175 195 369 241 832 459 74 141 
4 9 175 195 369 242 834 457 74 142 
4 9 175 195 369 243 837 457 76 142 
4 9 175 195 369 244 841 457 74 142 
4 9 175 195 369 245 845 457 74 142 
4 9 175 195 369 246 848 457 74 142 
4 9 175 195 369 247 850 456 74 141 
4 9 175 195 369 248 853 456 76 141 
4 9 175 195 369 249 857 456 74 141 
4 9 175 195 369 250 861 456 74 141 
4 9 175 195 369 251 862 454 76 141 
4 9 175 195 369 252 866 454 74 141 
4 9 175 195 369 253 869 454 76 141 
4 9 175 195 369 254 873 454 74 141 
4 9 175 195 369 255 877 454 74 141 
4 9 175 195 369 256 878 452 76 141 
4 9 175 195 369 257 882 452 74 141 
4 9 175 195 369 258 885 452 76 141 
4 9 175 195 369 259 889 452 74 141 
4 9 175 195 369 260 893 452 74 141 
4 9 175 195 369 261 894 450 76 141 
4 9 175 195 369 262 898 450 74 141 
4 9 175 195 369 263 901 450 76 141 
4 9 175 195 369 264 905 450 74 141 
4 9 175 195 369 265 909 450 74 141 
4 9 175 195 369 266 910 448 76 142 
4 9 175 195 369 267 914 448 74 142 
4 9 175 195 369 268 917 448 76 142 
4 9 175 195 369 269 921 448 74 142 
4 9 175 195 369 270 925 448 74 142 
4 9 175 195 369 271 926 447 76 141 
4 9 175 195 369 272 930 447 74 141 
4 9 175 195 369 273 933 447 76 141 
4 9 175 195 369 274 937 447 74 141 
4 9 175 195 369 275 941 447 74 141 
4 9 175 195 369 276 942 445 76 141 
4 9 175 195 369 277 946 445 74 141 
4 9 175 195 369 278 949 445 76 141 
4 9 175 195 369 279 953 445 74 141 
4 9 175 195 369 280 957 445 74 141 
4 9 175 195 369 281 960 445 74 141 
4 9 175 195 369 282 962 445 74 141 
4 9 175 195 369 283 965 445 76 141 
4 9 175 195 369 284 969 445 74 141 
4 9 175 195 369 285 973 445 74 141 
4 9 175 195 369 286 976 445 74 141 
4 9 175 195 369 287 980 445 74 141 
4 9 175 195 369 288 981 443 76 141 
4 9 175 195 369 289 985 443 74 141 
4 9 175 195 369 290 989 443 74 141 
4 9 175 195 369 291 992 443 74 141 
4 9 175 195 369 292 996 443 74 141 
4 9 175 195 369 293 999 443 76 141 
4 9 175 195 369 294 1001 443 74 141 
4 9 175 195 369 295 1005 443 74 141 
4 9 175 195 369 296 1008 443 74 141 
4 9 175 195 369 297 1012 443 74 141 
4 9 175 195 369 298 1015 443 76 141 
4 9 175 195 369 299 1019 443 74 141 
4 9 175 195 369 300 1022 443 76 141 
4 9 175 195 369 301 1023 443 78 139 
4 9 175 195 369 302 1027 443 78 139 
4 9 175 195 369 303 1027 443 82 139 
4 9 175 195 369 304 1031 443 82 139 
4 9 175 195 369 305 1032 446 88 136 
4 9 175 195 369 306 1034 446 90 136 
4 9 175 195 369 307 1036 446 92 136 
4 9 175 195 369 308 1040 446 92 136 
4 9 175 195 369 309 1040 446 96 136 
4 9 175 195 369 310 1043 448 100 133 
4 9 175 195 369 311 1045 449 100 130 
4 9 175 195 369 312 1048 449 100 130 
4 9 175 195 369 313 1050 449 100 130 
4 9 175 195 369 314 1054 449 98 130 
4 9 175 195 369 315 1057 449 100 130 
4 9 175 195 369 316 1059 449 100 130 
4 9 175 195 369 317 1063 449 98 130 
4 9 175 195 369 318 1064 449 100 130 
4 9 175 195 369 319 1068 449 100 130 
4 9 175 195 369 320 1071 449 100 130 
4 9 175 195 369 321 1073 447 100 130 
4 9 175 195 369 322 1077 447 100 130 
4 9 175 195 369 323 1080 447 100 130 
4 9 175 195 369 324 1084 447 100 130 
4 9 175 195 369 325 1087 447 100 130 
4 9 175 195 369 326 1091 447 100 130 
4 9 175 195 369 327 1095 447 98 130 
4 9 175 195 369 328 1098 447 100 130 
4 9 175 195 369 329 1102 447 98 130 
4 9 175 195 369 330 1105 447 100 130 
4 9 175 195 369 331 1109 445 100 130 
4 9 175 195 369 332 1112 445 100 130 
4 9 175 195 369 333 1116 445 100 130 
4 9 175 195 369 334 1121 445 100 130 
4 9 175 195 369 335 1125 445 100 130 
4 9 175 195 369 336 1128 445 100 130 
4 9 175 195 369 337 1134 445 98 130 
4 9 175 195 369 338 1137 445 100 130 
4 9 175 195 369 339 1141 445 100 130 
4 9 175 195 369 340 1146 445 100 130 
4 9 175 195 369 341 1150 445 98 130 
4 9 175 195 369 342 1153 445 100 130 
4 9 175 195 369 343 1157 445 100 130 
4 9 175 195 369 344 1160 445 100 130 
4 9 175 195 369 345 1164 445 100 130 
4 9 175 195 369 346 1167 445 100 130 
4 9 175 195 369 347 1171 445 100 130 
4 9 175 195 369 348 1175 445 98 130 
4 9 175 195 369 349 1178 445 100 130 
4 9 175 195 369 350 1182 445 96 130 
4 9 175 195 369 351 1183 445 96 130 
4 9 175 195 369 352 1188 445 91 130 
4 9 175 195 369 353 1193 445 86 130 
4 9 175 195 369 354 1196 445 82 130 
4 9 175 195 369 355 1202 445 77 130 
4 9 175 195 369 356 1205 445 73 130 
4 9 175 195 369 357 1210 445 68 130 
4 9 175 195 369 358 1214 445 65 130 
4 9 175 195 369 359 1219 445 59 130 
4 9 175 195 369 360 1222 445 57 130 
4 9 175 195 369 361 1222 445 57 130 
4 9 175 195 369 362 1222 445 57 130 
4 9 175 195 369 363 1222 445 57 130 
4 9 175 195 369 364 1222 445 57 130 
4 9 175 195 369 365 1222 445 57 130 
4 9 175 195 369 366 1222 445 57 130 
4 9 175 195 369 367 1222 445 57 130 
4 9 175 195 369 368 1222 445 57 130 
4 9 175 195 369 369 1222 445 57 130 
5 9 626 0 625 0 179 291 52 117 
5 9 626 0 625 1 179 290 52 114 
5 9 626 0 625 2 179 287 52 115 
5 9 626 0 625 3 179 285 52 115 
5 9 626 0 625 4 179 285 52 114 
5 9 626 0 625 5 179 283 52 114 
5 9 626 0 625 6 179 281 52 114 
5 9 626 0 625 7 179 278 52 115 
5 9 626 0 625 8 179 279 52 112 
5 9 626 0 625 9 179 277 52 112 
5 9 626 0 625 10 179 277 54 112 
5 9 626 0 625 11 181 277 54 112 
5 9 626 0 625 12 183 277 54 109 
5 9 626 0 625 13 183 277 54 109 
5 9 626 0 625 14 186 277 52 109 
5 9 626 0 625 15 186 276 54 109 
5 9 626 0 625 16 188 276 54 109 
5 9 626 0 625 17 190 276 54 109 
5 9 626 0 625 18 190 277 54 106 
5 9 626 0 625 19 193 277 52 106 
5 9 626 0 625 20 195 277 52 106 
5 9 626 0 625 21 195 275 54 106 
5 9 626 0 625 22 195 275 54 106 
5 9 626 0 625 23 197 275 54 106 
5 9 626 0 625 24 199 275 54 103 
5 9 626 0 625 25 202 275 52 103 
5 9 626 0 625 26 202 275 54 103 
5 9 626 0 625 27 202 273 54 103 
5 9 626 0 625 28 204 273 54 103 
5 9 626 0 625 29 206 273 54 103 
5 9 626 0 625 30 209 273 52 103 
5 9 626 0 625 31 211 273 52 103 
5 9 626 0 625 32 211 273 54 103 
5 9 626 0 625 33 213 271 54 105 
5 9 626 0 625 34 215 271 54 105 
5 9 626 0 625 35 218 271 52 105 
5 9 626 0 625 36 218 271 54 105 
5 9 626 0 625 37 220 271 54 105 
5 9 626 0 625 38 220 271 54 105 
5 9 626 0 625 39 222 271 54 105 
5 9 626 0 625 40 225 270 52 103 
5 9 626 0 625 41 227 270 52 103 
5 9 626 0 625 42 227 270 54 103 
5 9 626 0 625 43 229 270 54 103 
5 9 626 0 625 44 231 270 54 103 
5 9 626 0 625 45 234 270 52 103 
5 9 626 0 625 46 234 270 54 103 
5 9 626 0 625 47 236 268 54 103 
5 9 626 0 625 48 238 268 54 103 
5 9 626 0 625 49 238 268 54 103 
5 9 626 0 625 50 241 268 52 103 
5 9 626 0 625 51 243 268 52 103 
5 9 626 0 625 52 243 268 54 103 
5 9 626 0 625 53 245 268 54 103 
5 9 626 0 625 54 247 266 54 103 
5 9 626 0 625 55 250 266 52 103 
5 9 626 0 625 56 250 266 54 103 
5 9 626 0 625 57 252 266 54 103 
5 9 626 0 625 58 254 266 54 103 
5 9 626 0 625 59 257 266 52 103 
5 9 626 0 625 60 259 266 52 103 
5 9 626 0 625 61 259 264 52 105 
5 9 626 0 625 62 259 265 54 102 
5 9 626 0 625 63 261 262 54 105 
5 9 626 0 625 64 261 263 54 102 
5 9 626 0 625 65 263 263 54 102 
5 9 626 0 625 66 266 262 52 100 
5 9 626 0 625 67 266 262 52 97 
5 9 626 0 625 68 266 262 54 97 
5 9 626 0 625 69 268 260 54 99 
5 9 626 0 625 70 270 260 54 99 
5 9 626 0 625 71 270 261 54 96 
5 9 626 0 625 72 273 259 52 96 
5 9 626 0 625 73 275 259 52 96 
5 9 626 0 625 74 275 259 52 93 
5 9 626 0 625 75 275 257 54 96 
5 9 626 0 625 76 277 257 54 94 
5 9 626 0 625 77 277 257 54 91 
5 9 626 0 625 78 279 256 54 93 
5 9 626 0 625 79 282 257 52 90 
5 9 626 0 625 80 282 257 54 90 
5 9 626 0 625 81 282 253 54 90 
5 9 626 0 625 82 284 248 54 91 
5 9 626 0 625 83 284 248 54 90 
5 9 626 0 625 84 286 248 54 90 
5 9 626 0 625 85 286 248 54 90 
5 9 626 0 625 86 289 248 52 90 
5 9 626 0 625 87 289 248 52 90 
5 9 626 0 625 88 291 248 52 90 
5 9 626 0 625 89 291 248 52 90 
5 9 626 0 625 90 291 248 54 90 
5 9 626 0 625 91 291 248 54 90 
5 9 626 0 625 92 293 248 54 90 
5 9 626 0 625 93 295 248 54 90 
5 9 626 0 625 94 295 246 54 90 
5 9 626 0 625 95 298 246 52 90 
5 9 626 0 625 96 298 246 52 90 
5 9 626 0 625 97 298 246 54 90 
5 9 626 0 625 98 298 246 54 90 
5 9 626 0 625 99 300 246 54 90 
5 9 626 0 625 100 300 246 54 90 
5 9 626 0 625 101 302 246 54 90 
5 9 626 0 625 102 302 246 54 90 
5 9 626 0 625 103 305 246 52 90 
5 9 626 0 625 104 307 246 52 90 
5 9 626 0 625 105 307 243 52 91 
5 9 626 0 625 106 307 243 54 91 
5 9 626 0 625 107 307 243 54 91 
5 9 626 0 625 108 309 243 54 91 
5 9 626 0 625 109 309 243 54 91 
5 9 626 0 625 110 311 243 54 91 
5 9 626 0 625 111 311 243 54 91 
5 9 626 0 625 112 314 243 52 91 
5 9 626 0 625 113 314 243 52 91 
5 9 626 0 625 114 314 243 54 91 
5 9 626 0 625 115 316 243 54 91 
5 9 626 0 625 116 316 241 54 91 
5 9 626 0 625 117 318 241 54 91 
5 9 626 0 625 118 321 241 52 91 
5 9 626 0 625 119 321 241 52 91 
5 9 626 0 625 120 323 241 52 90 
5 9 626 0 625 121 323 241 54 90 
5 9 626 0 625 122 325 241 54 90 
5 9 626 0 625 123 325 241 54 90 
5 9 626 0 625 124 327 241 54 90 
5 9 626 0 625 125 330 239 52 90 
5 9 626 0 625 126 330 239 54 90 
5 9 626 0 625 127 330 239 54 90 
5 9 626 0 625 128 332 239 54 90 
5 9 626 0 625 129 334 239 54 90 
5 9 626 0 625 130 337 237 52 90 
5 9 626 0 625 131 337 237 52 90 
5 9 626 0 625 132 339 237 52 90 
5 9 626 0 625 133 339 237 54 90 
5 9 626 0 625 134 341 237 54 90 
5 9 626 0 625 135 341 234 54 91 
5 9 626 0 625 136 343 232 54 91 
5 9 626 0 625 137 343 232 54 90 
5 9 626 0 625 138 346 230 52 90 
5 9 626 0 625 139 346 227 52 91 
5 9 626 0 625 140 346 227 54 91 
5 9 626 0 625 141 346 225 54 91 
5 9 626 0 625 142 348 225 54 91 
5 9 626 0 625 143 348 225 54 90 
5 9 626 0 625 144 350 225 54 90 
5 9 626 0 625 145 350 225 54 90 
5 9 626 0 625 146 353 223 52 90 
5 9 626 0 625 147 355 223 52 90 
5 9 626 0 625 148 355 223 52 90 
5 9 626 0 625 149 355 221 54 90 
5 9 626 0 625 150 355 221 54 90 
5 9 626 0 625 151 357 218 54 91 
5 9 626 0 625 152 359 218 54 91 
5 9 626 0 625 153 359 218 54 91 
5 9 626 0 625 154 362 216 52 91 
5 9 626 0 625 155 362 216 52 91 
5 9 626 0 625 156 362 216 54 91 
5 9 626 0 625 157 364 216 54 90 
5 9 626 0 625 158 364 216 54 90 
5 9 626 0 625 159 366 214 54 90 
5 9 626 0 625 160 366 214 54 90 
5 9 626 0 625 161 369 214 52 90 
5 9 626 0 625 162 371 211 52 91 
5 9 626 0 625 163 371 211 52 91 
5 9 626 0 625 164 371 211 54 91 
5 9 626 0 625 165 371 209 54 91 
5 9 626 0 625 166 373 209 54 91 
5 9 626 0 625 167 375 209 54 91 
5 9 626 0 625 168 375 209 54 90 
5 9 626 0 625 169 378 209 52 90 
5 9 626 0 625 170 378 209 54 90 
5 9 626 0 625 171 380 209 54 90 
5 9 626 0 625 172 382 209 54 90 
5 9 626 0 625 173 382 209 54 90 
5 9 626 0 625 174 385 209 52 90 
5 9 626 0 625 175 387 209 52 90 
5 9 626 0 625 176 387 209 54 90 
5 9 626 0 625 177 389 209 54 90 
5 9 626 0 625 178 389 209 54 90 
5 9 626 0 625 179 391 209 54 90 
5 9 626 0 625 180 394 207 52 90 
5 9 626 0 625 181 394 207 54 90 
5 9 626 0 625 182 396 207 54 90 
5 9 626 0 625 183 396 207 54 90 
5 9 626 0 625 184 398 207 54 90 
5 9 626 0 625 185 401 207 52 90 
5 9 626 0 625 186 403 207 52 90 
5 9 626 0 625 187 403 207 54 90 
5 9 626 0 625 188 403 207 54 90 
5 9 626 0 625 189 405 207 54 90 
5 9 626 0 625 190 407 207 54 90 
5 9 626 0 625 191 410 207 52 90 
5 9 626 0 625 192 410 205 54 90 
5 9 626 0 625 193 410 205 54 90 
5 9 626 0 625 194 412 205 54 90 
5 9 626 0 625 195 414 205 54 90 
5 9 626 0 625 196 417 205 52 90 
5 9 626 0 625 197 419 205 52 90 
5 9 626 0 625 198 419 205 52 90 
5 9 626 0 625 199 419 205 54 90 
5 9 626 0 625 200 421 205 54 90 
5 9 626 0 625 201 423 205 54 90 
5 9 626 0 625 202 426 205 52 90 
5 9 626 0 625 203 426 205 54 90 
5 9 626 0 625 204 428 205 54 90 
5 9 626 0 625 205 430 205 54 90 
5 9 626 0 625 206 433 205 52 90 
5 9 626 0 625 207 435 205 52 90 
5 9 626 0 625 208 435 205 54 90 
5 9 626 0 625 209 437 205 54 90 
5 9 626 0 625 210 439 205 54 90 
5 9 626 0 625 211 442 205 52 90 
5 9 626 0 625 212 442 205 54 90 
5 9 626 0 625 213 444 205 54 90 
5 9 626 0 625 214 446 205 54 90 
5 9 626 0 625 215 449 205 52 90 
5 9 626 0 625 216 451 205 52 90 
5 9 626 0 625 217 451 205 54 90 
5 9 626 0 625 218 455 205 54 90 
5 9 626 0 625 219 458 205 52 90 
5 9 626 0 625 220 458 205 54 90 
5 9 626 0 625 221 460 205 54 90 
5 9 626 0 625 222 462 205 54 90 
5 9 626 0 625 223 465 205 52 90 
5 9 626 0 625 224 467 205 52 90 
5 9 626 0 625 225 467 205 54 90 
5 9 626 0 625 226 469 205 54 90 
5 9 626 0 625 227 471 205 54 90 
5 9 626 0 625 228 474 205 52 90 
5 9 626 0 625 229 474 205 54 90 
5 9 626 0 625 230 476 205 54 90 
5 9 626 0 625 231 478 205 54 90 
5 9 626 0 625 232 483 207 52 90 
5 9 626 0 625 233 483 205 54 90 
5 9 626 0 625 234 485 205 54 90 
5 9 626 0 625 235 487 205 54 90 
5 9 626 0 625 236 490 205 52 90 
5 9 626 0 625 237 490 205 54 90 
5 9 626 0 625 238 492 205 54 90 
5 9 626 0 625 239 494 205 54 90 
5 9 626 0 625 240 497 205 52 90 
5 9 626 0 625 241 499 205 52 90 
5 9 626 0 625 242 499 205 54 90 
5 9 626 0 625 243 501 205 54 90 
5 9 626 0 625 244 503 205 54 90 
5 9 626 0 625 245 506 205 52 90 
5 9 626 0 625 246 506 205 54 90 
5 9 626 0 625 247 508 205 54 90 
5 9 626 0 625 248 510 205 54 90 
5 9 626 0 625 249 513 205 52 90 
5 9 626 0 625 250 515 205 52 88 
5 9 626 0 625 251 515 205 54 88 
5 9 626 0 625 252 517 205 54 88 
5 9 626 0 625 253 519 205 54 88 
5 9 626 0 625 254 522 205 52 88 
5 9 626 0 625 255 522 205 54 88 
5 9 626 0 625 256 524 205 54 88 
5 9 626 0 625 257 526 205 54 88 
5 9 626 0 625 258 529 205 52 88 
5 9 626 0 625 259 531 205 52 88 
5 9 626 0 625 260 531 205 54 88 
5 9 626 0 625 261 533 205 54 88 
5 9 626 0 625 262 535 205 54 88 
5 9 626 0 625 263 538 205 52 88 
5 9 626 0 625 264 538 205 54 88 
5 9 626 0 625 265 540 205 54 88 
5 9 626 0 625 266 542 205 54 88 
5 9 626 0 625 267 545 203 52 88 
5 9 626 0 625 268 547 203 52 88 
5 9 626 0 625 269 547 203 54 88 
5 9 626 0 625 270 549 203 54 88 
5 9 626 0 625 271 551 203 54 88 
5 9 626 0 625 272 554 203 52 88 
5 9 626 0 625 273 554 203 54 88 
5 9 626 0 625 274 556 203 54 88 
5 9 626 0 625 275 558 203 54 88 
5 9 626 0 625 276 561 203 52 88 
5 9 626 0 625 277 563 203 52 88 
5 9 626 0 625 278 563 203 54 88 
5 9 626 0 625 279 565 203 54 88 
5 9 626 0 625 280 567 203 54 88 
5 9 626 0 625 281 570 203 52 88 
5 9 626 0 625 282 570 203 54 88 
5 9 626 0 625 283 572 203 54 88 
5 9 626 0 625 284 574 203 54 85 
5 9 626 0 625 285 577 203 52 85 
5 9 626 0 625 286 579 203 52 85 
5 9 626 0 625 287 579 203 54 85 
5 9 626 0 625 288 581 203 54 85 
5 9 626 0 625 289 583 203 54 85 
5 9 626 0 625 290 586 203 52 85 
5 9 626 0 625 291 586 203 54 85 
5 9 626 0 625 292 588 203 54 85 
5 9 626 0 625 293 590 203 54 85 
5 9 626 0 625 294 593 203 52 85 
5 9 626 0 625 295 595 203 52 85 
5 9 626 0 625 296 595 203 54 85 
5 9 626 0 625 297 597 203 54 85 
5 9 626 0 625 298 599 203 54 85 
5 9 626 0 625 299 602 203 52 85 
5 9 626 0 625 300 602 203 54 85 
5 9 626 0 625 301 604 204 54 82 
5 9 626 0 625 302 606 204 54 82 
5 9 626 0 625 303 609 204 52 82 
5 9 626 0 625 304 611 204 52 82 
5 9 626 0 625 305 611 204 54 82 
5 9 626 0 625 306 613 204 54 82 
5 9 626 0 625 307 615 204 54 82 
5 9 626 0 625 308 618 204 52 82 
5 9 626 0 625 309 618 204 54 82 
5 9 626 0 625 310 620 204 54 82 
5 9 626 0 625 311 622 204 54 82 
5 9 626 0 625 312 625 204 52 82 
5 9 626 0 625 313 627 204 52 82 
5 9 626 0 625 314 630 204 50 81 
5 9 626 0 625 315 632 204 50 81 
5 9 626 0 625 316 634 204 50 81 
5 9 626 0 625 317 635 204 50 81 
5 9 626 0 625 318 637 204 50 81 
5 9 626 0 625 319 639 204 50 81 
5 9 626 0 625 320 641 204 52 81 
5 9 626 0 625 321 643 204 52 81 
5 9 626 0 625 322 643 204 54 81 
5 9 626 0 625 323 645 204 54 81 
5 9 626 0 625 324 647 204 54 81 
5 9 626 0 625 325 650 204 52 81 
5 9 626 0 625 326 650 204 54 81 
5 9 626 0 625 327 655 205 50 78 
5 9 626 0 625 328 657 205 50 78 
5 9 626 0 625 329 660 205 48 78 
5 9 626 0 625 330 660 205 50 78 
5 9 626 0 625 331 662 205 50 78 
5 9 626 0 625 332 664 205 50 78 
5 9 626 0 625 333 666 205 50 78 
5 9 626 0 625 334 667 205 50 78 
5 9 626 0 625 335 669 205 50 78 
5 9 626 0 625 336 671 205 50 78 
5 9 626 0 625 337 673 205 50 78 
5 9 626 0 625 338 676 205 48 78 
5 9 626 0 625 339 676 205 50 78 
5 9 626 0 625 340 680 205 50 78 
5 9 626 0 625 341 682 205 50 78 
5 9 626 0 625 342 683 205 50 78 
5 9 626 0 625 343 685 205 50 78 
5 9 626 0 625 344 687 205 50 78 
5 9 626 0 625 345 689 205 50 78 
5 9 626 0 625 346 692 205 48 78 
5 9 626 0 625 347 692 205 50 78 
5 9 626 0 625 348 694 205 50 78 
5 9 626 0 625 349 696 205 50 78 
5 9 626 0 625 350 698 205 50 78 
5 9 626 0 625 351 699 203 50 78 
5 9 626 0 625 352 701 203 50 78 
5 9 626 0 625 353 703 203 50 78 
5 9 626 0 625 354 705 203 50 78 
5 9 626 0 625 355 708 203 48 78 
5 9 626 0 625 356 708 203 50 78 
5 9 626 0 625 357 710 203 50 78 
5 9 626 0 625 358 712 203 50 78 
5 9 626 0 625 359 714 203 50 78 
5 9 626 0 625 360 715 203 50 78 
5 9 626 0 625 361 717 203 50 78 
5 9 626 0 625 362 719 203 50 78 
5 9 626 0 625 363 724 203 48 78 
5 9 626 0 625 364 724 203 50 78 
5 9 626 0 625 365 726 203 50 78 
5 9 626 0 625 366 728 203 50 78 
5 9 626 0 625 367 730 203 50 78 
5 9 626 0 625 368 731 203 50 78 
5 9 626 0 625 369 733 203 50 78 
5 9 626 0 625 370 735 203 50 78 
5 9 626 0 625 371 737 203 50 78 
5 9 626 0 625 372 740 203 48 78 
5 9 626 0 625 373 740 203 50 78 
5 9 626 0 625 374 742 203 50 78 
5 9 626 0 625 375 744 203 50 78 
5 9 626 0 625 376 747 203 50 78 
5 9 626 0 625 377 749 203 50 78 
5 9 626 0 625 378 751 203 50 78 
5 9 626 0 625 379 753 203 50 78 
5 9 626 0 625 380 756 203 48 78 
5 9 626 0 625 381 756 203 50 78 
5 9 626 0 625 382 758 203 50 78 
5 9 626 0 625 383 760 203 50 78 
5 9 626 0 625 384 762 203 50 78 
5 9 626 0 625 385 763 203 50 78 
5 9 626 0 625 386 765 203 50 78 
5 9 626 0 625 387 767 203 50 78 
5 9 626 0 625 388 769 203 50 78 
5 9 626 0 625 389 772 203 50 78 
5 9 626 0 625 390 774 203 50 78 
5 9 626 0 625 391 776 203 50 78 
5 9 626 0 625 392 778 203 50 78 
5 9 626 0 625 393 779 203 50 78 
5 9 626 0 625 394 781 203 50 78 
5 9 626 0 625 395 783 203 50 78 
5 9 626 0 625 396 785 203 50 78 
5 9 626 0 625 397 788 203 48 78 
5 9 626 0 625 398 788 203 50 78 
5 9 626 0 625 399 790 203 50 78 
5 9 626 0 625 400 792 203 50 78 
5 9 626 0 625 401 794 203 50 78 
5 9 626 0 625 402 797 203 50 78 
5 9 626 0 625 403 799 203 50 78 
5 9 626 0 625 404 801 203 50 78 
5 9 626 0 625 405 804 203 48 78 
5 9 626 0 625 406 804 203 50 78 
5 9 626 0 625 407 806 203 50 78 
5 9 626 0 625 408 808 203 50 78 
5 9 626 0 625 409 810 203 50 78 
5 9 626 0 625 410 811 203 50 78 
5 9 626 0 625 411 813 203 50 78 
5 9 626 0 625 412 815 203 50 78 
5 9 626 0 625 413 817 203 50 78 
5 9 626 0 625 414 820 203 48 78 
5 9 626 0 625 415 822 203 50 78 
5 9 626 0 625 416 824 203 50 78 
5 9 626 0 625 417 826 203 50 78 
5 9 626 0 625 418 827 203 50 78 
5 9 626 0 625 419 829 203 50 78 
5 9 626 0 625 420 831 203 50 78 
5 9 626 0 625 421 833 203 50 78 
5 9 626 0 625 422 836 203 48 78 
5 9 626 0 625 423 836 203 50 78 
5 9 626 0 625 424 838 203 50 78 
5 9 626 0 625 425 840 203 50 78 
5 9 626 0 625 426 842 203 50 78 
5 9 626 0 625 427 843 203 50 78 
5 9 626 0 625 428 847 203 50 78 
5 9 626 0 625 429 849 203 50 78 
5 9 626 0 625 430 852 203 48 78 
5 9 626 0 625 431 852 203 50 78 
5 9 626 0 625 432 854 203 50 78 
5 9 626 0 625 433 856 203 50 78 
5 9 626 0 625 434 858 203 50 78 
5 9 626 0 625 435 859 203 50 78 
5 9 626 0 625 436 861 203 50 78 
5 9 626 0 625 437 863 203 50 78 
5 9 626 0 625 438 865 203 50 78 
5 9 626 0 625 439 868 203 48 78 
5 9 626 0 625 440 870 203 50 78 
5 9 626 0 625 441 872 203 50 78 
5 9 626 0 625 442 874 203 50 78 
5 9 626 0 625 443 875 203 50 78 
5 9 626 0 625 444 877 203 50 78 
5 9 626 0 625 445 879 203 50 78 
5 9 626 0 625 446 881 203 50 78 
5 9 626 0 625 447 884 203 48 78 
5 9 626 0 625 448 884 203 50 78 
5 9 626 0 625 449 886 203 50 78 
5 9 626 0 625 450 890 203 50 78 
5 9 626 0 625 451 891 203 50 78 
5 9 626 0 625 452 893 203 50 78 
5 9 626 0 625 453 895 203 50 78 
5 9 626 0 625 454 897 203 50 78 
5 9 626 0 625 455 900 203 48 78 
5 9 626 0 625 456 900 203 50 78 
5 9 626 0 625 457 902 203 50 78 
5 9 626 0 625 458 904 203 50 78 
5 9 626 0 625 459 906 203 50 78 
5 9 626 0 625 460 909 203 50 78 
5 9 626 0 625 461 911 202 50 76 
5 9 626 0 625 462 913 202 50 76 
5 9 626 0 625 463 916 202 48 76 
5 9 626 0 625 464 916 202 50 76 
5 9 626 0 625 465 918 202 50 76 
5 9 626 0 625 466 920 202 50 76 
5 9 626 0 625 467 923 202 50 76 
5 9 626 0 625 468 925 202 50 76 
5 9 626 0 625 469 927 202 50 76 
5 9 626 0 625 470 929 202 50 76 
5 9 626 0 625 471 932 202 48 76 
5 9 626 0 625 472 932 202 50 76 
5 9 626 0 625 473 934 202 50 76 
5 9 626 0 625 474 938 202 50 76 
5 9 626 0 625 475 939 202 50 76 
5 9 626 0 625 476 941 202 50 76 
5 9 626 0 625 477 943 202 50 76 
5 9 626 0 625 478 945 202 50 76 
5 9 626 0 625 479 948 202 48 76 
5 9 626 0 625 480 948 202 50 76 
5 9 626 0 625 481 952 202 50 76 
5 9 626 0 625 482 954 202 50 76 
5 9 626 0 625 483 955 202 50 76 
5 9 626 0 625 484 957 200 50 76 
5 9 626 0 625 485 959 200 50 76 
5 9 626 0 625 486 961 200 50 76 
5 9 626 0 625 487 964 200 48 76 
5 9 626 0 625 488 966 200 50 76 
5 9 626 0 625 489 968 200 50 76 
5 9 626 0 625 490 970 200 50 76 
5 9 626 0 625 491 971 200 50 76 
5 9 626 0 625 492 973 200 50 76 
5 9 626 0 625 493 975 200 50 76 
5 9 626 0 625 494 977 200 50 76 
5 9 626 0 625 495 980 200 50 76 
5 9 626 0 625 496 982 200 50 76 
5 9 626 0 625 497 984 200 50 76 
5 9 626 0 625 498 986 200 50 76 
5 9 626 0 625 499 987 200 50 76 
5 9 626 0 625 500 989 200 50 76 
5 9 626 0 625 501 991 200 50 76 
5 9 626 0 625 502 996 200 48 76 
5 9 626 0 625 503 996 200 50 76 
5 9 626 0 625 504 998 200 50 76 
5 9 626 0 625 505 1000 200 50 76 
5 9 626 0 625 506 1002 200 50 76 
5 9 626 0 625 507 1003 198 50 78 
5 9 626 0 625 508 1005 198 50 78 
5 9 626 0 625 509 1009 198 50 78 
5 9 626 0 625 510 1012 198 48 78 
5 9 626 0 625 511 1012 198 50 78 
5 9 626 0 625 512 1014 198 50 78 
5 9 626 0 625 513 1016 198 50 78 
5 9 626 0 625 514 1018 198 50 78 
5 9 626 0 625 515 1019 198 50 78 
5 9 626 0 625 516 1023 198 50 78 
5 9 626 0 625 517 1025 198 50 78 
5 9 626 0 625 518 1028 198 48 78 
5 9 626 0 625 519 1028 198 50 78 
5 9 626 0 625 520 1030 198 50 78 
5 9 626 0 625 521 1032 198 50 78 
5 9 626 0 625 522 1034 198 50 78 
5 9 626 0 625 523 1037 198 50 78 
5 9 626 0 625 524 1039 198 50 78 
5 9 626 0 625 525 1041 198 50 78 
5 9 626 0 625 526 1044 198 48 78 
5 9 626 0 625 527 1044 198 50 78 
5 9 626 0 625 528 1046 198 50 78 
5 9 626 0 625 529 1048 198 50 78 
5 9 626 0 625 530 1051 198 50 78 
5 9 626 0 625 531 1053 198 50 78 
5 9 626 0 625 532 1055 198 50 78 
5 9 626 0 625 533 1057 198 50 78 
5 9 626 0 625 534 1059 198 52 78 
5 9 626 0 625 535 1059 198 54 78 
5 9 626 0 625 536 1061 198 54 78 
5 9 626 0 625 537 1066 198 50 78 
5 9 626 0 625 538 1066 198 54 78 
5 9 626 0 625 539 1068 198 54 78 
5 9 626 0 625 540 1070 198 54 78 
5 9 626 0 625 541 1073 198 52 78 
5 9 626 0 625 542 1074 198 56 78 
5 9 626 0 625 543 1074 198 58 78 
5 9 626 0 625 544 1079 198 54 78 
5 9 626 0 625 545 1082 198 52 78 
5 9 626 0 625 546 1081 198 58 78 
5 9 626 0 625 547 1083 198 58 78 
5 9 626 0 625 548 1086 198 56 78 
5 9 626 0 625 549 1088 198 56 78 
5 9 626 0 625 550 1090 198 58 78 
5 9 626 0 625 551 1092 198 58 78 
5 9 626 0 625 552 1095 198 56 78 
5 9 626 0 625 553 1097 198 56 78 
5 9 626 0 625 554 1096 198 62 78 
5 9 626 0 625 555 1099 198 60 78 
5 9 626 0 625 556 1101 198 60 78 
5 9 626 0 625 557 1106 198 56 78 
5 9 626 0 625 558 1105 198 62 78 
5 9 626 0 625 559 1108 198 60 78 
5 9 626 0 625 560 1110 198 60 78 
5 9 626 0 625 561 1112 198 60 78 
5 9 626 0 625 562 1112 198 64 78 
5 9 626 0 625 563 1114 198 64 78 
5 9 626 0 625 564 1119 198 60 78 
5 9 626 0 625 565 1121 198 60 78 
5 9 626 0 625 566 1121 198 64 78 
5 9 626 0 625 567 1123 198 64 78 
5 9 626 0 625 568 1125 198 64 78 
5 9 626 0 625 569 1127 198 64 78 
5 9 626 0 625 570 1130 198 64 78 
5 9 626 0 625 571 1132 196 64 78 
5 9 626 0 625 572 1134 196 64 78 
5 9 626 0 625 573 1136 196 64 78 
5 9 626 0 625 574 1139 196 64 78 
5 9 626 0 625 575 1141 196 64 78 
5 9 626 0 625 576 1143 196 64 78 
5 9 626 0 625 577 1144 195 64 76 
5 9 626 0 625 578 1148 195 64 76 
5 9 626 0 625 579 1150 195 64 76 
5 9 626 0 625 580 1152 195 64 76 
5 9 626 0 625 581 1153 195 64 76 
5 9 626 0 625 582 1157 195 64 76 
5 9 626 0 625 583 1159 195 64 76 
5 9 626 0 625 584 1160 193 64 76 
5 9 626 0 625 585 1162 193 64 76 
5 9 626 0 625 586 1166 193 64 76 
5 9 626 0 625 587 1168 193 64 76 
5 9 626 0 625 588 1169 193 64 76 
5 9 626 0 625 589 1171 193 64 76 
5 9 626 0 625 590 1175 193 64 76 
5 9 626 0 625 591 1176 193 64 76 
5 9 626 0 625 592 1178 193 64 76 
5 9 626 0 625 593 1180 193 64 76 
5 9 626 0 625 594 1182 193 64 76 
5 9 626 0 625 595 1185 193 64 76 
5 9 626 0 625 596 1187 193 64 76 
5 9 626 0 625 597 1189 193 64 76 
5 9 626 0 625 598 1191 193 64 76 
5 9 626 0 625 599 1192 193 64 76 
5 9 626 0 625 600 1196 195 64 76 
5 9 626 0 625 601 1198 193 64 76 
5 9 626 0 625 602 1200 193 64 76 
5 9 626 0 625 603 1204 193 60 76 
5 9 626 0 625 604 1206 190 60 79 
5 9 626 0 625 605 1209 190 58 79 
5 9 626 0 625 606 1211 190 58 79 
5 9 626 0 625 607 1217 188 52 82 
5 9 626 0 625 608 1219 188 52 82 
5 9 626 0 625 609 1222 188 50 82 
5 9 626 0 625 610 1224 185 50 85 
5 9 626 0 625 611 1226 185 50 85 
5 9 626 0 625 612 1230 185 46 85 
5 9 626 0 625 613 1232 184 46 87 
5 9 626 0 625 614 1237 184 41 87 
5 9 626 0 625 615 1238 184 41 87 
5 9 626 0 625 616 1243 182 35 90 
5 9 626 0 625 617 1245 182 33 90 
5 9 626 0 625 618 1248 182 31 90 
5 9 626 0 625 619 1248 182 31 90 
5 9 626 0 625 620 1248 182 31 90 
5 9 626 0 625 621 1248 182 31 90 
5 9 626 0 625 622 1248 182 31 90 
5 9 626 0 625 623 1248 182 31 90 
5 9 626 0 625 624 1248 182 31 90 
5 9 626 0 625 625 1248 182 31 90 
