2 12 47 14 60 14 988 187 80 87 
2 12 47 14 60 15 988 187 80 87 
2 12 47 14 60 16 988 187 80 87 
2 12 47 14 60 17 988 187 80 87 
2 12 47 14 60 18 988 187 80 87 
2 12 47 14 60 19 988 187 80 87 
2 12 47 14 60 20 988 187 80 87 
2 12 47 14 60 21 988 187 80 87 
2 12 47 14 60 22 988 187 80 87 
2 12 47 14 60 23 988 187 80 87 
2 12 47 14 60 24 988 187 80 87 
2 12 47 14 60 25 988 187 80 87 
2 12 47 14 60 26 988 187 80 87 
2 12 47 14 60 27 988 187 80 87 
2 12 47 14 60 28 988 187 80 87 
2 12 47 14 60 29 988 187 80 87 
2 12 47 14 60 30 988 187 80 87 
2 12 47 14 60 31 988 187 80 87 
2 12 47 14 60 32 988 187 80 87 
2 12 47 14 60 33 988 187 80 87 
2 12 47 14 60 34 988 187 80 87 
2 12 47 14 60 35 988 187 80 87 
2 12 47 14 60 36 988 187 80 87 
2 12 47 14 60 37 988 187 80 87 
2 12 47 14 60 38 988 187 80 87 
2 12 47 14 60 39 988 187 80 87 
2 12 47 14 60 40 988 187 80 87 
2 12 47 14 60 41 988 187 80 87 
2 12 47 14 60 42 988 187 80 87 
2 12 47 14 60 43 988 187 80 87 
2 12 47 14 60 44 988 187 80 87 
2 12 47 14 60 45 988 187 80 87 
2 12 47 14 60 46 988 187 80 87 
2 12 47 14 60 47 988 187 80 87 
2 12 47 14 60 48 988 187 80 87 
2 12 47 14 60 49 988 187 80 87 
2 12 47 14 60 50 988 187 80 87 
2 12 47 14 60 51 988 187 80 87 
2 12 47 14 60 52 988 187 80 87 
2 12 47 14 60 53 988 187 80 87 
2 12 47 14 60 54 988 187 80 87 
2 12 47 14 60 55 988 187 80 87 
2 12 47 14 60 56 988 187 80 87 
2 12 47 14 60 57 988 187 80 87 
2 12 47 14 60 58 988 187 80 87 
2 12 47 14 60 59 988 187 80 87 
2 12 47 14 60 60 988 187 80 87 
3 12 47 59 105 59 987 186 74 78 
3 12 47 59 105 60 987 186 74 78 
3 12 47 59 105 61 987 186 74 78 
3 12 47 59 105 62 987 186 74 78 
3 12 47 59 105 63 987 186 74 78 
3 12 47 59 105 64 987 186 74 78 
3 12 47 59 105 65 987 186 74 78 
3 12 47 59 105 66 987 186 74 78 
3 12 47 59 105 67 987 186 74 78 
3 12 47 59 105 68 987 186 74 78 
3 12 47 59 105 69 987 186 74 78 
3 12 47 59 105 70 987 186 74 78 
3 12 47 59 105 71 987 186 74 78 
3 12 47 59 105 72 987 186 74 78 
3 12 47 59 105 73 987 186 74 78 
3 12 47 59 105 74 987 186 74 78 
3 12 47 59 105 75 987 186 74 78 
3 12 47 59 105 76 987 186 74 78 
3 12 47 59 105 77 987 186 74 78 
3 12 47 59 105 78 987 186 74 78 
3 12 47 59 105 79 987 186 74 78 
3 12 47 59 105 80 987 186 74 78 
3 12 47 59 105 81 987 186 74 78 
3 12 47 59 105 82 987 186 74 78 
3 12 47 59 105 83 987 186 74 78 
3 12 47 59 105 84 987 186 74 78 
3 12 47 59 105 85 987 186 74 78 
3 12 47 59 105 86 987 186 74 78 
3 12 47 59 105 87 987 186 74 78 
3 12 47 59 105 88 987 186 74 78 
3 12 47 59 105 89 987 186 74 78 
3 12 47 59 105 90 987 186 74 78 
3 12 47 59 105 91 987 186 74 78 
3 12 47 59 105 92 987 186 74 78 
3 12 47 59 105 93 987 186 74 78 
3 12 47 59 105 94 987 186 74 78 
3 12 47 59 105 95 987 186 74 78 
3 12 47 59 105 96 987 186 74 78 
3 12 47 59 105 97 987 186 74 78 
3 12 47 59 105 98 987 186 74 78 
3 12 47 59 105 99 987 186 74 78 
3 12 47 59 105 100 987 186 74 78 
3 12 47 59 105 101 987 186 74 78 
3 12 47 59 105 102 987 186 74 78 
3 12 47 59 105 103 987 186 74 78 
3 12 47 59 105 104 987 186 74 78 
3 12 47 59 105 105 987 186 74 78 
