5 11 47 138 184 138 832 208 72 48 
5 11 47 138 184 139 832 208 72 48 
5 11 47 138 184 140 832 208 72 48 
5 11 47 138 184 141 832 208 72 48 
5 11 47 138 184 142 832 208 72 48 
5 11 47 138 184 143 832 208 72 48 
5 11 47 138 184 144 832 208 72 48 
5 11 47 138 184 145 832 208 72 48 
5 11 47 138 184 146 832 208 72 48 
5 11 47 138 184 147 832 208 72 48 
5 11 47 138 184 148 832 208 72 48 
5 11 47 138 184 149 832 208 72 48 
5 11 47 138 184 150 832 208 72 48 
5 11 47 138 184 151 832 208 72 48 
5 11 47 138 184 152 832 208 72 48 
5 11 47 138 184 153 832 208 72 48 
5 11 47 138 184 154 832 208 72 48 
5 11 47 138 184 155 832 208 72 48 
5 11 47 138 184 156 832 208 72 48 
5 11 47 138 184 157 832 208 72 48 
5 11 47 138 184 158 832 208 72 48 
5 11 47 138 184 159 832 208 72 48 
5 11 47 138 184 160 832 208 72 48 
5 11 47 138 184 161 832 208 72 48 
5 11 47 138 184 162 832 208 72 48 
5 11 47 138 184 163 832 208 72 48 
5 11 47 138 184 164 832 208 72 48 
5 11 47 138 184 165 832 208 72 48 
5 11 47 138 184 166 832 208 72 48 
5 11 47 138 184 167 832 208 72 48 
5 11 47 138 184 168 832 208 72 48 
5 11 47 138 184 169 832 208 72 48 
5 11 47 138 184 170 832 208 72 48 
5 11 47 138 184 171 832 208 72 48 
5 11 47 138 184 172 832 208 72 48 
5 11 47 138 184 173 832 208 72 48 
5 11 47 138 184 174 832 208 72 48 
5 11 47 138 184 175 832 208 72 48 
5 11 47 138 184 176 832 208 72 48 
5 11 47 138 184 177 832 208 72 48 
5 11 47 138 184 178 832 208 72 48 
5 11 47 138 184 179 832 208 72 48 
5 11 47 138 184 180 832 208 72 48 
5 11 47 138 184 181 832 208 72 48 
5 11 47 138 184 182 832 208 72 48 
5 11 47 138 184 183 832 208 72 48 
5 11 47 138 184 184 832 208 72 48 
6 11 83 195 277 195 824 203 83 55 
6 11 83 195 277 196 824 203 83 55 
6 11 83 195 277 197 824 203 83 55 
6 11 83 195 277 198 824 203 83 55 
6 11 83 195 277 199 824 203 83 55 
6 11 83 195 277 200 824 203 83 55 
6 11 83 195 277 201 824 203 83 55 
6 11 83 195 277 202 824 203 83 55 
6 11 83 195 277 203 824 203 83 55 
6 11 83 195 277 204 824 203 83 55 
6 11 83 195 277 205 824 203 83 55 
6 11 83 195 277 206 824 203 83 55 
6 11 83 195 277 207 824 203 83 55 
6 11 83 195 277 208 824 203 83 55 
6 11 83 195 277 209 824 203 83 55 
6 11 83 195 277 210 824 203 83 55 
6 11 83 195 277 211 824 203 83 55 
6 11 83 195 277 212 824 203 83 55 
6 11 83 195 277 213 824 203 83 55 
6 11 83 195 277 214 824 203 83 55 
6 11 83 195 277 215 824 203 83 55 
6 11 83 195 277 216 824 203 83 55 
6 11 83 195 277 217 824 203 83 55 
6 11 83 195 277 218 824 203 83 55 
6 11 83 195 277 219 824 203 83 55 
6 11 83 195 277 220 824 203 83 55 
6 11 83 195 277 221 824 203 83 55 
6 11 83 195 277 222 824 203 83 55 
6 11 83 195 277 223 824 203 83 55 
6 11 83 195 277 224 824 203 83 55 
6 11 83 195 277 225 824 203 83 55 
6 11 83 195 277 226 824 203 83 55 
6 11 83 195 277 227 824 203 83 55 
6 11 83 195 277 228 824 203 83 55 
6 11 83 195 277 229 824 203 83 55 
6 11 83 195 277 230 824 203 83 55 
6 11 83 195 277 231 824 203 83 55 
6 11 83 195 277 232 824 203 83 55 
6 11 83 195 277 233 824 203 83 55 
6 11 83 195 277 234 824 203 83 55 
6 11 83 195 277 235 824 203 83 55 
6 11 83 195 277 236 824 203 83 55 
6 11 83 195 277 237 824 203 83 55 
6 11 83 195 277 238 824 203 83 55 
6 11 83 195 277 239 824 203 83 55 
6 11 83 195 277 240 824 203 83 55 
6 11 83 195 277 241 824 203 83 55 
6 11 83 195 277 242 824 203 83 55 
6 11 83 195 277 243 824 203 83 55 
6 11 83 195 277 244 824 203 83 55 
6 11 83 195 277 245 824 203 83 55 
6 11 83 195 277 246 824 203 83 55 
6 11 83 195 277 247 824 203 83 55 
6 11 83 195 277 248 824 203 83 55 
6 11 83 195 277 249 824 203 83 55 
6 11 83 195 277 250 824 203 83 55 
6 11 83 195 277 251 824 203 83 55 
6 11 83 195 277 252 824 203 83 55 
6 11 83 195 277 253 824 203 83 55 
6 11 83 195 277 254 824 203 83 55 
6 11 83 195 277 255 824 203 83 55 
6 11 83 195 277 256 824 203 83 55 
6 11 83 195 277 257 824 203 83 55 
6 11 83 195 277 258 824 203 83 55 
6 11 83 195 277 259 824 203 83 55 
6 11 83 195 277 260 824 203 83 55 
6 11 83 195 277 261 824 203 83 55 
6 11 83 195 277 262 824 203 83 55 
6 11 83 195 277 263 824 203 83 55 
6 11 83 195 277 264 824 203 83 55 
6 11 83 195 277 265 824 203 83 55 
6 11 83 195 277 266 824 203 83 55 
6 11 83 195 277 267 824 203 83 55 
6 11 83 195 277 268 824 203 83 55 
6 11 83 195 277 269 824 203 83 55 
6 11 83 195 277 270 824 203 83 55 
6 11 83 195 277 271 824 203 83 55 
6 11 83 195 277 272 824 203 83 55 
6 11 83 195 277 273 824 203 83 55 
6 11 83 195 277 274 824 203 83 55 
6 11 83 195 277 275 824 203 83 55 
6 11 83 195 277 276 824 203 83 55 
6 11 83 195 277 277 824 203 83 55 
7 11 47 245 291 245 825 190 72 72 
7 11 47 245 291 246 825 190 72 72 
7 11 47 245 291 247 825 190 72 72 
7 11 47 245 291 248 825 190 72 72 
7 11 47 245 291 249 825 190 72 72 
7 11 47 245 291 250 825 190 72 72 
7 11 47 245 291 251 825 190 72 72 
7 11 47 245 291 252 825 190 72 72 
7 11 47 245 291 253 825 190 72 72 
7 11 47 245 291 254 825 190 72 72 
7 11 47 245 291 255 825 190 72 72 
7 11 47 245 291 256 825 190 72 72 
7 11 47 245 291 257 825 190 72 72 
7 11 47 245 291 258 825 190 72 72 
7 11 47 245 291 259 825 190 72 72 
7 11 47 245 291 260 825 190 72 72 
7 11 47 245 291 261 825 190 72 72 
7 11 47 245 291 262 825 190 72 72 
7 11 47 245 291 263 825 190 72 72 
7 11 47 245 291 264 825 190 72 72 
7 11 47 245 291 265 825 190 72 72 
7 11 47 245 291 266 825 190 72 72 
7 11 47 245 291 267 825 190 72 72 
7 11 47 245 291 268 825 190 72 72 
7 11 47 245 291 269 825 190 72 72 
7 11 47 245 291 270 825 190 72 72 
7 11 47 245 291 271 825 190 72 72 
7 11 47 245 291 272 825 190 72 72 
7 11 47 245 291 273 825 190 72 72 
7 11 47 245 291 274 825 190 72 72 
7 11 47 245 291 275 825 190 72 72 
7 11 47 245 291 276 825 190 72 72 
7 11 47 245 291 277 825 190 72 72 
7 11 47 245 291 278 825 190 72 72 
7 11 47 245 291 279 825 190 72 72 
7 11 47 245 291 280 825 190 72 72 
7 11 47 245 291 281 825 190 72 72 
7 11 47 245 291 282 825 190 72 72 
7 11 47 245 291 283 825 190 72 72 
7 11 47 245 291 284 825 190 72 72 
7 11 47 245 291 285 825 190 72 72 
7 11 47 245 291 286 825 190 72 72 
7 11 47 245 291 287 825 190 72 72 
7 11 47 245 291 288 825 190 72 72 
7 11 47 245 291 289 825 190 72 72 
7 11 47 245 291 290 825 190 72 72 
7 11 47 245 291 291 825 190 72 72 
