45 9 224 969 1192 969 0 423 67 163 
45 9 224 969 1192 970 0 423 67 163 
45 9 224 969 1192 971 0 421 69 163 
45 9 224 969 1192 972 0 421 69 163 
45 9 224 969 1192 973 0 422 71 160 
45 9 224 969 1192 974 0 421 71 162 
45 9 224 969 1192 975 0 421 74 159 
45 9 224 969 1192 976 0 421 74 159 
45 9 224 969 1192 977 0 419 74 159 
45 9 224 969 1192 978 0 419 74 159 
45 9 224 969 1192 979 2 419 74 159 
45 9 224 969 1192 980 4 417 74 160 
45 9 224 969 1192 981 4 417 74 160 
45 9 224 969 1192 982 5 417 76 157 
45 9 224 969 1192 983 5 415 76 160 
45 9 224 969 1192 984 7 415 76 157 
45 9 224 969 1192 985 7 415 76 157 
45 9 224 969 1192 986 9 413 74 157 
45 9 224 969 1192 987 9 413 74 157 
45 9 224 969 1192 988 11 414 74 156 
45 9 224 969 1192 989 11 412 74 157 
45 9 224 969 1192 990 13 413 74 154 
45 9 224 969 1192 991 13 413 74 154 
45 9 224 969 1192 992 14 410 76 157 
45 9 224 969 1192 993 14 411 76 154 
45 9 224 969 1192 994 16 411 74 154 
45 9 224 969 1192 995 16 409 74 154 
45 9 224 969 1192 996 18 409 74 154 
45 9 224 969 1192 997 18 409 74 151 
45 9 224 969 1192 998 20 407 74 154 
45 9 224 969 1192 999 20 407 74 153 
45 9 224 969 1192 1000 21 407 76 153 
45 9 224 969 1192 1001 21 406 76 151 
45 9 224 969 1192 1002 23 406 76 151 
45 9 224 969 1192 1003 25 406 74 151 
45 9 224 969 1192 1004 25 404 74 151 
45 9 224 969 1192 1005 27 404 74 151 
45 9 224 969 1192 1006 29 405 74 148 
45 9 224 969 1192 1007 30 402 76 151 
45 9 224 969 1192 1008 30 402 76 151 
45 9 224 969 1192 1009 32 403 74 150 
45 9 224 969 1192 1010 34 403 74 150 
45 9 224 969 1192 1011 36 400 74 153 
45 9 224 969 1192 1012 36 401 74 150 
45 9 224 969 1192 1013 37 401 76 150 
45 9 224 969 1192 1014 39 401 76 147 
45 9 224 969 1192 1015 41 399 74 150 
45 9 224 969 1192 1016 41 399 74 150 
45 9 224 969 1192 1017 43 399 74 147 
45 9 224 969 1192 1018 45 399 74 147 
45 9 224 969 1192 1019 46 398 76 148 
45 9 224 969 1192 1020 46 398 76 145 
45 9 224 969 1192 1021 48 398 74 145 
45 9 224 969 1192 1022 50 399 74 144 
45 9 224 969 1192 1023 52 396 74 147 
45 9 224 969 1192 1024 52 396 74 147 
45 9 224 969 1192 1025 53 397 76 144 
45 9 224 969 1192 1026 55 397 76 144 
45 9 224 969 1192 1027 57 394 74 147 
45 9 224 969 1192 1028 57 395 74 144 
45 9 224 969 1192 1029 59 395 74 144 
45 9 224 969 1192 1030 61 395 74 144 
45 9 224 969 1192 1031 62 393 76 144 
45 9 224 969 1192 1032 64 393 74 144 
45 9 224 969 1192 1033 64 393 74 142 
45 9 224 969 1192 1034 66 392 74 144 
45 9 224 969 1192 1035 68 392 74 144 
45 9 224 969 1192 1036 69 392 76 141 
45 9 224 969 1192 1037 69 392 76 141 
45 9 224 969 1192 1038 71 390 76 144 
45 9 224 969 1192 1039 73 390 74 141 
45 9 224 969 1192 1040 75 390 74 141 
45 9 224 969 1192 1041 75 391 74 138 
45 9 224 969 1192 1042 77 388 74 141 
45 9 224 969 1192 1043 78 388 76 141 
45 9 224 969 1192 1044 80 389 74 138 
45 9 224 969 1192 1045 80 389 74 138 
45 9 224 969 1192 1046 82 386 74 141 
45 9 224 969 1192 1047 84 386 74 139 
45 9 224 969 1192 1048 85 386 76 139 
45 9 224 969 1192 1049 85 387 76 136 
45 9 224 969 1192 1050 87 384 76 139 
45 9 224 969 1192 1051 89 384 74 139 
45 9 224 969 1192 1052 91 385 74 136 
45 9 224 969 1192 1053 91 385 74 136 
45 9 224 969 1192 1054 93 384 74 138 
45 9 224 969 1192 1055 94 384 76 135 
45 9 224 969 1192 1056 96 384 74 135 
45 9 224 969 1192 1057 98 384 74 135 
45 9 224 969 1192 1058 98 383 74 130 
45 9 224 969 1192 1059 97 384 78 124 
45 9 224 969 1192 1060 100 382 74 123 
45 9 224 969 1192 1061 99 383 78 117 
45 9 224 969 1192 1062 101 381 76 115 
45 9 224 969 1192 1063 100 382 80 109 
45 9 224 969 1192 1064 102 383 78 105 
45 9 224 969 1192 1065 102 382 78 103 
45 9 224 969 1192 1066 104 383 78 100 
45 9 224 969 1192 1067 106 381 78 100 
45 9 224 969 1192 1068 108 381 78 99 
45 9 224 969 1192 1069 108 382 78 96 
45 9 224 969 1192 1070 109 380 78 96 
45 9 224 969 1192 1071 111 380 78 93 
45 9 224 969 1192 1072 113 380 78 93 
45 9 224 969 1192 1073 116 380 74 93 
45 9 224 969 1192 1074 117 380 76 93 
45 9 224 969 1192 1075 122 380 72 93 
45 9 224 969 1192 1076 124 380 70 93 
45 9 224 969 1192 1077 128 380 68 93 
45 9 224 969 1192 1078 130 380 68 93 
45 9 224 969 1192 1079 135 380 64 93 
45 9 224 969 1192 1080 136 380 64 93 
45 9 224 969 1192 1081 141 380 60 93 
45 9 224 969 1192 1082 141 378 60 93 
45 9 224 969 1192 1083 143 378 60 93 
45 9 224 969 1192 1084 145 378 60 93 
45 9 224 969 1192 1085 144 376 64 94 
45 9 224 969 1192 1086 145 376 64 94 
45 9 224 969 1192 1087 147 376 64 94 
45 9 224 969 1192 1088 146 375 68 93 
45 9 224 969 1192 1089 148 375 68 93 
45 9 224 969 1192 1090 150 375 66 93 
45 9 224 969 1192 1091 149 373 70 93 
45 9 224 969 1192 1092 150 373 72 93 
45 9 224 969 1192 1093 152 373 72 93 
45 9 224 969 1192 1094 154 373 72 93 
45 9 224 969 1192 1095 154 368 72 99 
45 9 224 969 1192 1096 153 367 74 100 
45 9 224 969 1192 1097 156 364 70 103 
45 9 224 969 1192 1098 155 362 74 106 
45 9 224 969 1192 1099 157 359 74 112 
45 9 224 969 1192 1100 157 357 74 112 
45 9 224 969 1192 1101 158 356 76 111 
45 9 224 969 1192 1102 161 354 72 112 
45 9 224 969 1192 1103 160 351 74 115 
45 9 224 969 1192 1104 163 349 70 115 
45 9 224 969 1192 1105 165 349 70 114 
45 9 224 969 1192 1106 166 346 72 117 
45 9 224 969 1192 1107 166 344 72 117 
45 9 224 969 1192 1108 168 342 72 117 
45 9 224 969 1192 1109 171 340 68 118 
45 9 224 969 1192 1110 173 339 68 120 
45 9 224 969 1192 1111 172 337 70 120 
45 9 224 969 1192 1112 175 335 66 120 
45 9 224 969 1192 1113 176 332 68 123 
45 9 224 969 1192 1114 179 331 64 121 
45 9 224 969 1192 1115 178 329 68 123 
45 9 224 969 1192 1116 180 327 68 126 
45 9 224 969 1192 1117 183 325 64 126 
45 9 224 969 1192 1118 184 323 64 126 
45 9 224 969 1192 1119 184 322 64 124 
45 9 224 969 1192 1120 186 319 64 127 
45 9 224 969 1192 1121 188 317 64 127 
45 9 224 969 1192 1122 191 315 60 129 
45 9 224 969 1192 1123 190 314 64 130 
45 9 224 969 1192 1124 193 312 60 130 
45 9 224 969 1192 1125 193 310 62 130 
45 9 224 969 1192 1126 196 310 60 130 
45 9 224 969 1192 1127 196 310 60 127 
45 9 224 969 1192 1128 198 311 60 126 
45 9 224 969 1192 1129 200 311 60 126 
45 9 224 969 1192 1130 200 311 62 123 
45 9 224 969 1192 1131 200 311 62 123 
45 9 224 969 1192 1132 203 312 60 120 
45 9 224 969 1192 1133 205 312 60 120 
45 9 224 969 1192 1134 207 312 60 117 
45 9 224 969 1192 1135 207 312 60 117 
45 9 224 969 1192 1136 209 313 60 114 
45 9 224 969 1192 1137 209 313 62 114 
45 9 224 969 1192 1138 212 313 60 112 
45 9 224 969 1192 1139 212 313 60 112 
45 9 224 969 1192 1140 214 313 60 109 
45 9 224 969 1192 1141 216 313 60 109 
45 9 224 969 1192 1142 216 314 62 106 
45 9 224 969 1192 1143 216 314 62 106 
45 9 224 969 1192 1144 219 314 60 103 
45 9 224 969 1192 1145 221 314 60 103 
45 9 224 969 1192 1146 223 315 60 102 
45 9 224 969 1192 1147 225 315 60 102 
45 9 224 969 1192 1148 225 313 60 102 
45 9 224 969 1192 1149 225 311 62 102 
45 9 224 969 1192 1150 225 309 62 103 
45 9 224 969 1192 1151 228 307 60 103 
45 9 224 969 1192 1152 228 308 60 100 
45 9 224 969 1192 1153 230 305 60 103 
45 9 224 969 1192 1154 230 303 60 105 
45 9 224 969 1192 1155 232 302 60 103 
45 9 224 969 1192 1156 232 300 60 106 
45 9 224 969 1192 1157 232 300 62 103 
45 9 224 969 1192 1158 232 298 62 106 
45 9 224 969 1192 1159 235 296 60 106 
45 9 224 969 1192 1160 235 294 60 108 
45 9 224 969 1192 1161 237 292 60 109 
45 9 224 969 1192 1162 237 293 60 106 
45 9 224 969 1192 1163 239 291 60 106 
45 9 224 969 1192 1164 239 288 60 109 
45 9 224 969 1192 1165 241 286 60 109 
45 9 224 969 1192 1166 241 286 60 108 
45 9 224 969 1192 1167 241 286 62 108 
45 9 224 969 1192 1168 241 283 62 109 
45 9 224 969 1192 1169 244 281 60 112 
45 9 224 969 1192 1170 244 279 60 112 
45 9 224 969 1192 1171 246 277 60 112 
45 9 224 969 1192 1172 246 277 60 112 
45 9 224 969 1192 1173 248 276 60 111 
45 9 224 969 1192 1174 248 274 60 112 
45 9 224 969 1192 1175 248 271 62 115 
45 9 224 969 1192 1176 248 269 62 115 
45 9 224 969 1192 1177 251 269 60 115 
45 9 224 969 1192 1178 251 269 60 114 
45 9 224 969 1192 1179 251 269 60 114 
45 9 224 969 1192 1180 253 269 60 114 
45 9 224 969 1192 1181 253 269 60 114 
45 9 224 969 1192 1182 255 269 60 114 
45 9 224 969 1192 1183 255 269 60 114 
45 9 224 969 1192 1184 257 269 60 111 
45 9 224 969 1192 1185 257 269 60 111 
45 9 224 969 1192 1186 257 269 62 111 
45 9 224 969 1192 1187 257 269 62 111 
45 9 224 969 1192 1188 260 269 60 111 
45 9 224 969 1192 1189 260 269 60 111 
45 9 224 969 1192 1190 262 269 60 111 
45 9 224 969 1192 1191 259 267 64 111 
45 9 224 969 1192 1192 259 265 64 112 
46 9 293 900 1192 900 69 315 46 121 
46 9 293 900 1192 901 69 313 46 123 
46 9 293 900 1192 902 71 313 46 123 
46 9 293 900 1192 903 73 313 46 123 
46 9 293 900 1192 904 73 313 46 123 
46 9 293 900 1192 905 75 313 46 123 
46 9 293 900 1192 906 76 313 48 123 
46 9 293 900 1192 907 78 311 46 123 
46 9 293 900 1192 908 78 311 46 123 
46 9 293 900 1192 909 80 311 46 123 
46 9 293 900 1192 910 82 311 46 123 
46 9 293 900 1192 911 84 311 46 123 
46 9 293 900 1192 912 84 311 46 123 
46 9 293 900 1192 913 85 311 46 123 
46 9 293 900 1192 914 87 309 46 123 
46 9 293 900 1192 915 89 309 46 123 
46 9 293 900 1192 916 89 309 46 123 
46 9 293 900 1192 917 91 309 46 123 
46 9 293 900 1192 918 92 309 48 123 
46 9 293 900 1192 919 94 309 46 123 
46 9 293 900 1192 920 94 309 46 123 
46 9 293 900 1192 921 96 307 46 123 
46 9 293 900 1192 922 98 307 46 123 
46 9 293 900 1192 923 100 307 46 123 
46 9 293 900 1192 924 100 307 46 123 
46 9 293 900 1192 925 101 307 46 123 
46 9 293 900 1192 926 103 307 46 123 
46 9 293 900 1192 927 105 307 46 123 
46 9 293 900 1192 928 105 306 46 121 
46 9 293 900 1192 929 105 306 46 121 
46 9 293 900 1192 930 107 307 46 120 
46 9 293 900 1192 931 107 304 46 123 
46 9 293 900 1192 932 108 304 48 123 
46 9 293 900 1192 933 108 305 48 120 
46 9 293 900 1192 934 108 305 48 120 
46 9 293 900 1192 935 110 302 46 123 
46 9 293 900 1192 936 110 303 46 120 
46 9 293 900 1192 937 112 303 46 120 
46 9 293 900 1192 938 112 303 46 117 
46 9 293 900 1192 939 112 301 46 120 
46 9 293 900 1192 940 114 301 46 120 
46 9 293 900 1192 941 114 301 46 118 
46 9 293 900 1192 942 116 301 46 118 
46 9 293 900 1192 943 116 300 46 120 
46 9 293 900 1192 944 116 300 46 117 
46 9 293 900 1192 945 117 300 46 117 
46 9 293 900 1192 946 117 301 46 114 
46 9 293 900 1192 947 119 298 46 117 
46 9 293 900 1192 948 119 298 46 117 
46 9 293 900 1192 949 119 299 46 114 
46 9 293 900 1192 950 121 299 46 114 
46 9 293 900 1192 951 121 296 46 117 
46 9 293 900 1192 952 123 297 46 114 
46 9 293 900 1192 953 123 297 46 114 
46 9 293 900 1192 954 124 297 48 114 
46 9 293 900 1192 955 124 294 48 115 
46 9 293 900 1192 956 124 294 48 115 
46 9 293 900 1192 957 126 295 46 112 
46 9 293 900 1192 958 126 292 46 115 
46 9 293 900 1192 959 128 292 46 115 
46 9 293 900 1192 960 128 293 46 112 
46 9 293 900 1192 961 128 293 46 112 
46 9 293 900 1192 962 130 292 46 114 
46 9 293 900 1192 963 130 292 46 111 
46 9 293 900 1192 964 132 292 46 111 
46 9 293 900 1192 965 132 292 46 109 
46 9 293 900 1192 966 132 290 46 112 
46 9 293 900 1192 967 133 290 46 112 
46 9 293 900 1192 968 133 290 46 109 
46 9 293 900 1192 969 135 290 46 109 
46 9 293 900 1192 970 135 288 46 112 
46 9 293 900 1192 971 135 288 46 109 
46 9 293 900 1192 972 137 288 46 109 
46 9 293 900 1192 973 137 289 46 106 
46 9 293 900 1192 974 139 286 46 109 
46 9 293 900 1192 975 139 286 46 109 
46 9 293 900 1192 976 139 287 46 106 
46 9 293 900 1192 977 140 287 48 106 
46 9 293 900 1192 978 140 286 48 108 
46 9 293 900 1192 979 142 286 46 106 
46 9 293 900 1192 980 142 286 46 106 
46 9 293 900 1192 981 144 286 46 106 
46 9 293 900 1192 982 144 284 46 106 
46 9 293 900 1192 983 146 284 46 106 
46 9 293 900 1192 984 148 284 46 106 
46 9 293 900 1192 985 148 284 46 106 
46 9 293 900 1192 986 149 284 46 106 
46 9 293 900 1192 987 151 284 46 106 
46 9 293 900 1192 988 151 282 46 106 
46 9 293 900 1192 989 153 282 46 106 
46 9 293 900 1192 990 155 282 46 106 
46 9 293 900 1192 991 155 282 46 106 
46 9 293 900 1192 992 156 282 48 106 
46 9 293 900 1192 993 158 282 46 106 
46 9 293 900 1192 994 158 280 46 106 
46 9 293 900 1192 995 160 280 46 106 
46 9 293 900 1192 996 162 280 46 106 
46 9 293 900 1192 997 162 280 46 106 
46 9 293 900 1192 998 164 280 46 106 
46 9 293 900 1192 999 165 280 46 106 
46 9 293 900 1192 1000 165 278 46 108 
46 9 293 900 1192 1001 167 278 46 108 
46 9 293 900 1192 1002 169 278 46 108 
46 9 293 900 1192 1003 169 278 46 108 
46 9 293 900 1192 1004 171 278 46 108 
46 9 293 900 1192 1005 172 278 48 108 
46 9 293 900 1192 1006 172 277 48 106 
46 9 293 900 1192 1007 174 277 46 106 
46 9 293 900 1192 1008 176 277 46 106 
46 9 293 900 1192 1009 176 277 46 106 
46 9 293 900 1192 1010 178 277 46 106 
46 9 293 900 1192 1011 180 277 46 106 
46 9 293 900 1192 1012 180 275 46 106 
46 9 293 900 1192 1013 181 275 46 106 
46 9 293 900 1192 1014 183 275 46 106 
46 9 293 900 1192 1015 183 275 46 106 
46 9 293 900 1192 1016 185 275 46 106 
46 9 293 900 1192 1017 187 275 46 106 
46 9 293 900 1192 1018 187 273 46 106 
46 9 293 900 1192 1019 188 273 48 106 
46 9 293 900 1192 1020 190 273 46 106 
46 9 293 900 1192 1021 190 273 46 106 
46 9 293 900 1192 1022 192 273 46 106 
46 9 293 900 1192 1023 194 273 46 106 
46 9 293 900 1192 1024 194 271 46 106 
46 9 293 900 1192 1025 196 271 46 106 
46 9 293 900 1192 1026 197 271 46 106 
46 9 293 900 1192 1027 197 270 46 106 
46 9 293 900 1192 1028 199 270 46 106 
46 9 293 900 1192 1029 201 270 46 106 
46 9 293 900 1192 1030 203 268 46 106 
46 9 293 900 1192 1031 203 268 46 106 
46 9 293 900 1192 1032 204 268 48 106 
46 9 293 900 1192 1033 206 266 46 106 
46 9 293 900 1192 1034 206 266 46 106 
46 9 293 900 1192 1035 208 266 46 106 
46 9 293 900 1192 1036 210 264 46 106 
46 9 293 900 1192 1037 212 264 46 106 
46 9 293 900 1192 1038 212 264 46 106 
46 9 293 900 1192 1039 213 264 46 106 
46 9 293 900 1192 1040 215 262 46 108 
46 9 293 900 1192 1041 217 262 46 108 
46 9 293 900 1192 1042 217 262 46 108 
46 9 293 900 1192 1043 219 261 46 106 
46 9 293 900 1192 1044 220 261 48 106 
46 9 293 900 1192 1045 220 261 48 106 
46 9 293 900 1192 1046 222 259 46 106 
46 9 293 900 1192 1047 224 259 46 106 
46 9 293 900 1192 1048 226 259 46 106 
46 9 293 900 1192 1049 226 257 46 106 
46 9 293 900 1192 1050 228 257 46 106 
46 9 293 900 1192 1051 229 257 46 106 
46 9 293 900 1192 1052 231 257 46 106 
46 9 293 900 1192 1053 231 255 46 106 
46 9 293 900 1192 1054 231 255 46 106 
46 9 293 900 1192 1055 231 255 46 106 
46 9 293 900 1192 1056 233 254 46 106 
46 9 293 900 1192 1057 233 254 46 106 
46 9 293 900 1192 1058 233 254 46 106 
46 9 293 900 1192 1059 233 254 46 106 
46 9 293 900 1192 1060 235 252 46 106 
46 9 293 900 1192 1061 235 252 46 106 
46 9 293 900 1192 1062 235 252 46 106 
46 9 293 900 1192 1063 235 252 46 106 
46 9 293 900 1192 1064 236 250 48 106 
46 9 293 900 1192 1065 236 250 48 106 
46 9 293 900 1192 1066 236 250 48 106 
46 9 293 900 1192 1067 236 250 48 106 
46 9 293 900 1192 1068 238 248 46 106 
46 9 293 900 1192 1069 238 248 46 106 
46 9 293 900 1192 1070 238 248 46 106 
46 9 293 900 1192 1071 238 248 46 106 
46 9 293 900 1192 1072 240 246 46 108 
46 9 293 900 1192 1073 240 246 46 108 
46 9 293 900 1192 1074 240 246 46 108 
46 9 293 900 1192 1075 240 246 46 108 
46 9 293 900 1192 1076 242 245 46 106 
46 9 293 900 1192 1077 242 245 46 106 
46 9 293 900 1192 1078 242 245 46 106 
46 9 293 900 1192 1079 242 245 46 106 
46 9 293 900 1192 1080 244 243 46 106 
46 9 293 900 1192 1081 244 243 46 106 
46 9 293 900 1192 1082 244 243 46 106 
46 9 293 900 1192 1083 245 243 46 106 
46 9 293 900 1192 1084 245 241 46 106 
46 9 293 900 1192 1085 245 241 46 106 
46 9 293 900 1192 1086 247 241 46 106 
46 9 293 900 1192 1087 247 241 46 106 
46 9 293 900 1192 1088 249 241 46 106 
46 9 293 900 1192 1089 249 239 46 106 
46 9 293 900 1192 1090 251 239 46 106 
46 9 293 900 1192 1091 251 239 46 106 
46 9 293 900 1192 1092 252 239 48 106 
46 9 293 900 1192 1093 252 239 48 106 
46 9 293 900 1192 1094 252 239 48 105 
46 9 293 900 1192 1095 254 238 46 106 
46 9 293 900 1192 1096 254 238 46 106 
46 9 293 900 1192 1097 256 238 46 106 
46 9 293 900 1192 1098 256 238 46 106 
46 9 293 900 1192 1099 258 238 46 103 
46 9 293 900 1192 1100 258 238 46 103 
46 9 293 900 1192 1101 260 236 46 106 
46 9 293 900 1192 1102 260 236 46 106 
46 9 293 900 1192 1103 261 236 46 106 
46 9 293 900 1192 1104 261 236 46 103 
46 9 293 900 1192 1105 261 236 46 103 
46 9 293 900 1192 1106 263 234 46 106 
46 9 293 900 1192 1107 263 234 46 106 
46 9 293 900 1192 1108 265 234 46 106 
46 9 293 900 1192 1109 265 234 46 103 
46 9 293 900 1192 1110 267 234 46 103 
46 9 293 900 1192 1111 267 234 46 103 
46 9 293 900 1192 1112 268 232 48 106 
46 9 293 900 1192 1113 268 232 48 106 
46 9 293 900 1192 1114 268 232 48 105 
46 9 293 900 1192 1115 270 232 46 105 
46 9 293 900 1192 1116 270 232 46 105 
46 9 293 900 1192 1117 272 232 46 105 
46 9 293 900 1192 1118 272 230 46 108 
46 9 293 900 1192 1119 274 230 46 105 
46 9 293 900 1192 1120 274 230 46 105 
46 9 293 900 1192 1121 276 230 46 105 
46 9 293 900 1192 1122 276 230 46 105 
46 9 293 900 1192 1123 277 230 46 105 
46 9 293 900 1192 1124 277 231 46 102 
46 9 293 900 1192 1125 279 231 46 102 
46 9 293 900 1192 1126 279 231 46 102 
46 9 293 900 1192 1127 281 231 46 102 
46 9 293 900 1192 1128 281 231 46 102 
46 9 293 900 1192 1129 283 231 46 102 
46 9 293 900 1192 1130 283 231 46 102 
46 9 293 900 1192 1131 284 231 48 102 
46 9 293 900 1192 1132 284 231 48 102 
46 9 293 900 1192 1133 286 231 46 102 
46 9 293 900 1192 1134 286 231 46 99 
46 9 293 900 1192 1135 288 231 46 99 
46 9 293 900 1192 1136 288 231 46 99 
46 9 293 900 1192 1137 290 231 46 99 
46 9 293 900 1192 1138 290 231 46 99 
46 9 293 900 1192 1139 292 231 46 99 
46 9 293 900 1192 1140 292 231 46 99 
46 9 293 900 1192 1141 293 231 46 99 
46 9 293 900 1192 1142 293 231 46 99 
46 9 293 900 1192 1143 295 231 46 99 
46 9 293 900 1192 1144 295 232 46 96 
46 9 293 900 1192 1145 297 232 46 96 
46 9 293 900 1192 1146 297 232 46 96 
46 9 293 900 1192 1147 299 232 46 96 
46 9 293 900 1192 1148 299 232 46 96 
46 9 293 900 1192 1149 300 232 48 96 
46 9 293 900 1192 1150 300 232 48 96 
46 9 293 900 1192 1151 302 232 46 96 
46 9 293 900 1192 1152 302 232 46 96 
46 9 293 900 1192 1153 304 232 46 96 
46 9 293 900 1192 1154 306 232 46 96 
46 9 293 900 1192 1155 306 231 46 96 
46 9 293 900 1192 1156 306 231 46 96 
46 9 293 900 1192 1157 306 231 46 96 
46 9 293 900 1192 1158 306 229 46 96 
46 9 293 900 1192 1159 308 229 46 96 
46 9 293 900 1192 1160 308 229 46 96 
46 9 293 900 1192 1161 308 229 46 93 
46 9 293 900 1192 1162 308 227 46 96 
46 9 293 900 1192 1163 309 227 46 96 
46 9 293 900 1192 1164 309 227 46 93 
46 9 293 900 1192 1165 309 227 46 93 
46 9 293 900 1192 1166 309 225 46 96 
46 9 293 900 1192 1167 311 225 46 96 
46 9 293 900 1192 1168 311 225 46 94 
46 9 293 900 1192 1169 311 224 46 96 
46 9 293 900 1192 1170 311 224 46 96 
46 9 293 900 1192 1171 313 224 46 93 
46 9 293 900 1192 1172 313 224 46 93 
46 9 293 900 1192 1173 313 222 46 96 
46 9 293 900 1192 1174 313 222 46 93 
46 9 293 900 1192 1175 315 222 46 93 
46 9 293 900 1192 1176 315 222 46 93 
46 9 293 900 1192 1177 315 220 46 96 
46 9 293 900 1192 1178 315 220 46 93 
46 9 293 900 1192 1179 316 220 48 93 
46 9 293 900 1192 1180 316 218 48 96 
46 9 293 900 1192 1181 316 218 48 93 
46 9 293 900 1192 1182 316 218 48 93 
46 9 293 900 1192 1183 318 218 46 93 
46 9 293 900 1192 1184 318 216 46 94 
46 9 293 900 1192 1185 318 216 46 94 
46 9 293 900 1192 1186 318 216 46 94 
46 9 293 900 1192 1187 320 216 46 94 
46 9 293 900 1192 1188 284 231 48 96 
46 9 293 900 1192 1189 249 244 46 99 
46 9 293 900 1192 1190 213 258 46 102 
46 9 293 900 1192 1191 178 271 46 105 
46 9 293 900 1192 1192 144 286 46 106 
47 9 406 0 405 0 594 214 32 61 
47 9 406 0 405 1 594 214 32 60 
47 9 406 0 405 2 594 214 32 60 
47 9 406 0 405 3 596 214 32 60 
47 9 406 0 405 4 596 214 32 60 
47 9 406 0 405 5 596 214 32 60 
47 9 406 0 405 6 598 214 32 60 
47 9 406 0 405 7 598 214 32 60 
47 9 406 0 405 8 598 214 32 60 
47 9 406 0 405 9 600 214 32 60 
47 9 406 0 405 10 600 214 32 60 
47 9 406 0 405 11 600 214 32 60 
47 9 406 0 405 12 601 214 32 60 
47 9 406 0 405 13 601 214 32 60 
47 9 406 0 405 14 601 214 32 60 
47 9 406 0 405 15 603 214 32 60 
47 9 406 0 405 16 603 214 32 60 
47 9 406 0 405 17 605 214 32 60 
47 9 406 0 405 18 605 214 32 60 
47 9 406 0 405 19 605 214 32 60 
47 9 406 0 405 20 607 214 32 60 
47 9 406 0 405 21 607 214 32 60 
47 9 406 0 405 22 607 214 32 60 
47 9 406 0 405 23 608 214 32 60 
47 9 406 0 405 24 608 214 32 60 
47 9 406 0 405 25 608 214 32 60 
47 9 406 0 405 26 610 214 32 60 
47 9 406 0 405 27 610 214 32 60 
47 9 406 0 405 28 610 214 32 60 
47 9 406 0 405 29 612 214 32 60 
47 9 406 0 405 30 612 214 32 60 
47 9 406 0 405 31 614 214 32 60 
47 9 406 0 405 32 614 211 32 61 
47 9 406 0 405 33 614 211 32 61 
47 9 406 0 405 34 614 211 32 61 
47 9 406 0 405 35 616 211 32 61 
47 9 406 0 405 36 616 211 32 61 
47 9 406 0 405 37 616 211 32 61 
47 9 406 0 405 38 617 211 32 61 
47 9 406 0 405 39 617 211 32 61 
47 9 406 0 405 40 617 211 32 61 
47 9 406 0 405 41 619 211 32 61 
47 9 406 0 405 42 619 211 32 61 
47 9 406 0 405 43 619 211 32 61 
47 9 406 0 405 44 619 211 32 61 
47 9 406 0 405 45 621 211 32 61 
47 9 406 0 405 46 621 211 32 61 
47 9 406 0 405 47 621 211 32 61 
47 9 406 0 405 48 623 211 32 61 
47 9 406 0 405 49 623 211 32 61 
47 9 406 0 405 50 623 211 32 61 
47 9 406 0 405 51 624 211 32 61 
47 9 406 0 405 52 624 211 32 61 
47 9 406 0 405 53 624 211 32 61 
47 9 406 0 405 54 626 211 32 61 
47 9 406 0 405 55 626 211 32 61 
47 9 406 0 405 56 626 211 32 61 
47 9 406 0 405 57 626 211 32 61 
47 9 406 0 405 58 628 211 32 61 
47 9 406 0 405 59 628 211 32 61 
47 9 406 0 405 60 628 209 32 61 
47 9 406 0 405 61 630 209 32 61 
47 9 406 0 405 62 630 209 32 61 
47 9 406 0 405 63 630 209 32 61 
47 9 406 0 405 64 632 209 32 61 
47 9 406 0 405 65 632 209 32 61 
47 9 406 0 405 66 632 209 32 61 
47 9 406 0 405 67 633 209 32 61 
47 9 406 0 405 68 633 209 32 61 
47 9 406 0 405 69 633 209 32 61 
47 9 406 0 405 70 633 209 32 61 
47 9 406 0 405 71 635 209 32 61 
47 9 406 0 405 72 635 209 32 61 
47 9 406 0 405 73 635 209 32 61 
47 9 406 0 405 74 637 209 32 61 
47 9 406 0 405 75 637 209 32 61 
47 9 406 0 405 76 637 209 32 61 
47 9 406 0 405 77 639 209 32 61 
47 9 406 0 405 78 639 209 32 61 
47 9 406 0 405 79 639 209 32 61 
47 9 406 0 405 80 639 209 32 61 
47 9 406 0 405 81 640 209 32 61 
47 9 406 0 405 82 640 209 32 61 
47 9 406 0 405 83 640 209 32 61 
47 9 406 0 405 84 642 209 32 61 
47 9 406 0 405 85 642 209 32 61 
47 9 406 0 405 86 642 209 32 61 
47 9 406 0 405 87 644 209 32 61 
47 9 406 0 405 88 644 207 32 61 
47 9 406 0 405 89 644 207 32 61 
47 9 406 0 405 90 646 207 32 61 
47 9 406 0 405 91 646 207 32 61 
47 9 406 0 405 92 646 207 32 61 
47 9 406 0 405 93 646 207 32 61 
47 9 406 0 405 94 648 207 32 61 
47 9 406 0 405 95 648 207 32 61 
47 9 406 0 405 96 648 207 32 61 
47 9 406 0 405 97 649 207 32 61 
47 9 406 0 405 98 649 207 32 61 
47 9 406 0 405 99 649 207 32 61 
47 9 406 0 405 100 651 207 32 61 
47 9 406 0 405 101 651 207 32 61 
47 9 406 0 405 102 651 207 32 61 
47 9 406 0 405 103 653 207 32 61 
47 9 406 0 405 104 653 207 32 61 
47 9 406 0 405 105 653 207 32 61 
47 9 406 0 405 106 653 207 32 61 
47 9 406 0 405 107 655 207 32 61 
47 9 406 0 405 108 655 207 32 61 
47 9 406 0 405 109 655 207 32 61 
47 9 406 0 405 110 656 207 32 61 
47 9 406 0 405 111 656 207 32 61 
47 9 406 0 405 112 656 207 32 61 
47 9 406 0 405 113 658 207 32 61 
47 9 406 0 405 114 658 207 32 61 
47 9 406 0 405 115 658 207 32 61 
47 9 406 0 405 116 660 207 32 61 
47 9 406 0 405 117 660 207 32 61 
47 9 406 0 405 118 660 207 32 61 
47 9 406 0 405 119 660 207 32 61 
47 9 406 0 405 120 660 207 32 61 
47 9 406 0 405 121 660 207 32 61 
47 9 406 0 405 122 662 207 32 61 
47 9 406 0 405 123 662 207 32 61 
47 9 406 0 405 124 662 207 32 61 
47 9 406 0 405 125 662 207 32 61 
47 9 406 0 405 126 662 207 32 61 
47 9 406 0 405 127 664 207 32 61 
47 9 406 0 405 128 664 207 32 61 
47 9 406 0 405 129 664 207 32 61 
47 9 406 0 405 130 664 207 32 61 
47 9 406 0 405 131 664 207 32 61 
47 9 406 0 405 132 664 207 32 61 
47 9 406 0 405 133 665 207 32 61 
47 9 406 0 405 134 665 207 32 61 
47 9 406 0 405 135 665 207 32 61 
47 9 406 0 405 136 665 207 32 61 
47 9 406 0 405 137 665 207 32 61 
47 9 406 0 405 138 667 207 32 61 
47 9 406 0 405 139 667 207 32 61 
47 9 406 0 405 140 667 207 32 61 
47 9 406 0 405 141 667 207 32 61 
47 9 406 0 405 142 667 207 32 61 
47 9 406 0 405 143 667 207 32 61 
47 9 406 0 405 144 669 207 32 61 
47 9 406 0 405 145 669 207 32 61 
47 9 406 0 405 146 669 207 32 61 
47 9 406 0 405 147 669 207 32 61 
47 9 406 0 405 148 669 207 32 61 
47 9 406 0 405 149 671 207 32 61 
47 9 406 0 405 150 671 207 32 61 
47 9 406 0 405 151 671 207 32 61 
47 9 406 0 405 152 671 207 32 61 
47 9 406 0 405 153 671 207 32 61 
47 9 406 0 405 154 671 207 32 61 
47 9 406 0 405 155 672 207 32 61 
47 9 406 0 405 156 672 207 32 61 
47 9 406 0 405 157 672 207 32 61 
47 9 406 0 405 158 672 207 32 61 
47 9 406 0 405 159 672 207 32 61 
47 9 406 0 405 160 674 207 32 61 
47 9 406 0 405 161 674 207 32 61 
47 9 406 0 405 162 674 207 32 61 
47 9 406 0 405 163 674 207 32 61 
47 9 406 0 405 164 674 207 32 61 
47 9 406 0 405 165 674 207 32 61 
47 9 406 0 405 166 676 207 32 61 
47 9 406 0 405 167 676 207 32 61 
47 9 406 0 405 168 676 207 32 61 
47 9 406 0 405 169 676 207 32 61 
47 9 406 0 405 170 676 207 32 61 
47 9 406 0 405 171 678 207 32 61 
47 9 406 0 405 172 678 207 32 61 
47 9 406 0 405 173 678 207 32 61 
47 9 406 0 405 174 678 207 32 61 
47 9 406 0 405 175 678 207 32 61 
47 9 406 0 405 176 680 207 32 61 
47 9 406 0 405 177 680 207 32 61 
47 9 406 0 405 178 680 207 32 61 
47 9 406 0 405 179 680 207 32 61 
47 9 406 0 405 180 680 207 32 61 
47 9 406 0 405 181 680 207 32 61 
47 9 406 0 405 182 681 207 32 61 
47 9 406 0 405 183 681 207 32 61 
47 9 406 0 405 184 681 207 32 61 
47 9 406 0 405 185 681 207 32 61 
47 9 406 0 405 186 681 207 32 61 
47 9 406 0 405 187 683 207 32 61 
47 9 406 0 405 188 683 207 32 61 
47 9 406 0 405 189 683 207 32 61 
47 9 406 0 405 190 683 207 32 61 
47 9 406 0 405 191 683 207 32 61 
47 9 406 0 405 192 683 207 32 61 
47 9 406 0 405 193 685 207 32 61 
47 9 406 0 405 194 685 207 32 61 
47 9 406 0 405 195 685 207 32 61 
47 9 406 0 405 196 685 207 32 61 
47 9 406 0 405 197 685 207 32 61 
47 9 406 0 405 198 687 207 32 61 
47 9 406 0 405 199 687 207 32 61 
47 9 406 0 405 200 687 207 32 61 
47 9 406 0 405 201 687 207 32 61 
47 9 406 0 405 202 687 207 32 61 
47 9 406 0 405 203 687 207 32 61 
47 9 406 0 405 204 688 207 32 61 
47 9 406 0 405 205 688 207 32 61 
47 9 406 0 405 206 688 207 32 61 
47 9 406 0 405 207 688 207 32 61 
47 9 406 0 405 208 688 207 32 61 
47 9 406 0 405 209 690 207 32 61 
47 9 406 0 405 210 690 207 32 61 
47 9 406 0 405 211 690 207 32 61 
47 9 406 0 405 212 690 207 32 61 
47 9 406 0 405 213 690 207 32 61 
47 9 406 0 405 214 690 207 32 61 
47 9 406 0 405 215 692 207 32 61 
47 9 406 0 405 216 692 207 32 61 
47 9 406 0 405 217 692 207 32 61 
47 9 406 0 405 218 692 207 32 61 
47 9 406 0 405 219 692 207 32 61 
47 9 406 0 405 220 694 207 32 61 
47 9 406 0 405 221 694 207 32 61 
47 9 406 0 405 222 694 207 32 61 
47 9 406 0 405 223 694 207 32 61 
47 9 406 0 405 224 694 207 32 61 
47 9 406 0 405 225 694 207 32 61 
47 9 406 0 405 226 696 207 32 61 
47 9 406 0 405 227 696 207 32 61 
47 9 406 0 405 228 696 207 32 61 
47 9 406 0 405 229 696 207 32 61 
47 9 406 0 405 230 696 207 32 61 
47 9 406 0 405 231 697 207 32 61 
47 9 406 0 405 232 697 207 32 61 
47 9 406 0 405 233 697 207 32 61 
47 9 406 0 405 234 697 207 32 61 
47 9 406 0 405 235 697 207 32 61 
47 9 406 0 405 236 699 207 32 61 
47 9 406 0 405 237 699 207 32 61 
47 9 406 0 405 238 699 207 32 61 
47 9 406 0 405 239 699 207 32 61 
47 9 406 0 405 240 699 207 32 61 
47 9 406 0 405 241 699 207 32 61 
47 9 406 0 405 242 701 207 32 61 
47 9 406 0 405 243 701 207 32 61 
47 9 406 0 405 244 701 207 32 61 
47 9 406 0 405 245 701 207 32 61 
47 9 406 0 405 246 701 207 32 61 
47 9 406 0 405 247 703 207 32 61 
47 9 406 0 405 248 703 207 32 61 
47 9 406 0 405 249 703 207 32 61 
47 9 406 0 405 250 703 207 32 61 
47 9 406 0 405 251 703 207 32 61 
47 9 406 0 405 252 703 207 32 61 
47 9 406 0 405 253 704 207 32 61 
47 9 406 0 405 254 704 207 32 61 
47 9 406 0 405 255 704 207 32 61 
47 9 406 0 405 256 704 207 32 61 
47 9 406 0 405 257 704 207 32 61 
47 9 406 0 405 258 706 207 32 61 
47 9 406 0 405 259 706 207 32 61 
47 9 406 0 405 260 706 207 32 61 
47 9 406 0 405 261 706 207 32 61 
47 9 406 0 405 262 706 207 32 61 
47 9 406 0 405 263 706 207 32 61 
47 9 406 0 405 264 708 207 32 61 
47 9 406 0 405 265 708 207 32 61 
47 9 406 0 405 266 708 207 32 61 
47 9 406 0 405 267 708 207 32 61 
47 9 406 0 405 268 708 207 32 61 
47 9 406 0 405 269 710 207 32 61 
47 9 406 0 405 270 710 207 32 61 
47 9 406 0 405 271 710 207 32 61 
47 9 406 0 405 272 710 207 32 61 
47 9 406 0 405 273 710 207 32 61 
47 9 406 0 405 274 710 207 32 61 
47 9 406 0 405 275 712 207 32 61 
47 9 406 0 405 276 712 207 32 61 
47 9 406 0 405 277 712 207 32 61 
47 9 406 0 405 278 712 207 32 61 
47 9 406 0 405 279 712 207 32 61 
47 9 406 0 405 280 713 207 32 61 
47 9 406 0 405 281 713 207 32 61 
47 9 406 0 405 282 713 207 32 61 
47 9 406 0 405 283 713 207 32 61 
47 9 406 0 405 284 713 207 32 61 
47 9 406 0 405 285 713 207 32 61 
47 9 406 0 405 286 715 207 32 61 
47 9 406 0 405 287 715 207 32 61 
47 9 406 0 405 288 715 207 32 61 
47 9 406 0 405 289 715 207 32 61 
47 9 406 0 405 290 715 207 32 61 
47 9 406 0 405 291 717 207 32 61 
47 9 406 0 405 292 717 207 32 61 
47 9 406 0 405 293 717 207 32 61 
47 9 406 0 405 294 717 207 32 61 
47 9 406 0 405 295 717 207 32 61 
47 9 406 0 405 296 719 207 32 61 
47 9 406 0 405 297 719 205 32 61 
47 9 406 0 405 298 719 205 32 61 
47 9 406 0 405 299 719 205 32 61 
47 9 406 0 405 300 720 205 32 61 
47 9 406 0 405 301 720 204 32 61 
47 9 406 0 405 302 719 204 36 61 
47 9 406 0 405 303 721 204 36 61 
47 9 406 0 405 304 720 204 40 61 
47 9 406 0 405 305 722 202 40 61 
47 9 406 0 405 306 721 202 42 61 
47 9 406 0 405 307 723 202 42 61 
47 9 406 0 405 308 722 202 46 61 
47 9 406 0 405 309 724 202 46 61 
47 9 406 0 405 310 724 200 46 61 
47 9 406 0 405 311 724 200 46 61 
47 9 406 0 405 312 724 200 46 61 
47 9 406 0 405 313 724 200 46 61 
47 9 406 0 405 314 725 198 46 61 
47 9 406 0 405 315 725 198 46 61 
47 9 406 0 405 316 725 198 46 61 
47 9 406 0 405 317 725 198 46 61 
47 9 406 0 405 318 727 198 46 61 
47 9 406 0 405 319 727 198 46 61 
47 9 406 0 405 320 727 198 46 61 
47 9 406 0 405 321 729 198 46 61 
47 9 406 0 405 322 729 198 46 61 
47 9 406 0 405 323 731 200 46 61 
47 9 406 0 405 324 731 198 46 61 
47 9 406 0 405 325 732 198 48 61 
47 9 406 0 405 326 732 198 48 61 
47 9 406 0 405 327 734 198 46 61 
47 9 406 0 405 328 734 198 46 61 
47 9 406 0 405 329 736 198 46 61 
47 9 406 0 405 330 736 198 46 61 
47 9 406 0 405 331 738 198 46 61 
47 9 406 0 405 332 738 198 46 61 
47 9 406 0 405 333 738 198 46 61 
47 9 406 0 405 334 740 198 46 61 
47 9 406 0 405 335 740 198 46 61 
47 9 406 0 405 336 741 198 46 61 
47 9 406 0 405 337 741 198 46 61 
47 9 406 0 405 338 743 198 46 61 
47 9 406 0 405 339 743 198 46 60 
47 9 406 0 405 340 743 198 46 60 
47 9 406 0 405 341 745 198 46 60 
47 9 406 0 405 342 745 198 46 60 
47 9 406 0 405 343 747 198 46 60 
47 9 406 0 405 344 747 198 46 60 
47 9 406 0 405 345 748 198 48 60 
47 9 406 0 405 346 748 198 48 60 
47 9 406 0 405 347 750 198 46 60 
47 9 406 0 405 348 750 198 46 60 
47 9 406 0 405 349 750 198 46 60 
47 9 406 0 405 350 752 198 46 60 
47 9 406 0 405 351 752 198 46 60 
47 9 406 0 405 352 752 198 46 60 
47 9 406 0 405 353 754 198 46 60 
47 9 406 0 405 354 754 198 46 60 
47 9 406 0 405 355 754 198 46 60 
47 9 406 0 405 356 756 198 46 60 
47 9 406 0 405 357 756 198 46 60 
47 9 406 0 405 358 756 198 46 60 
47 9 406 0 405 359 756 198 46 60 
47 9 406 0 405 360 756 198 46 60 
47 9 406 0 405 361 756 198 46 60 
47 9 406 0 405 362 756 198 46 60 
47 9 406 0 405 363 756 198 46 60 
47 9 406 0 405 364 756 198 46 60 
47 9 406 0 405 365 756 198 46 60 
47 9 406 0 405 366 756 198 46 60 
47 9 406 0 405 367 756 195 46 61 
47 9 406 0 405 368 757 195 46 61 
47 9 406 0 405 369 759 195 46 61 
47 9 406 0 405 370 761 195 46 61 
47 9 406 0 405 371 763 195 46 61 
47 9 406 0 405 372 763 193 46 61 
47 9 406 0 405 373 764 193 48 61 
47 9 406 0 405 374 764 193 48 61 
47 9 406 0 405 375 766 193 46 61 
47 9 406 0 405 376 768 193 46 61 
47 9 406 0 405 377 768 193 46 61 
47 9 406 0 405 378 770 193 46 61 
47 9 406 0 405 379 770 193 46 61 
47 9 406 0 405 380 772 193 46 61 
47 9 406 0 405 381 772 193 46 61 
47 9 406 0 405 382 772 193 46 61 
47 9 406 0 405 383 772 193 46 61 
47 9 406 0 405 384 772 193 46 61 
47 9 406 0 405 385 772 193 46 61 
47 9 406 0 405 386 773 193 46 61 
47 9 406 0 405 387 773 193 46 61 
47 9 406 0 405 388 773 193 46 61 
47 9 406 0 405 389 773 193 46 61 
47 9 406 0 405 390 773 193 46 61 
47 9 406 0 405 391 775 193 46 61 
47 9 406 0 405 392 775 193 46 61 
47 9 406 0 405 393 775 193 46 61 
47 9 406 0 405 394 775 193 46 61 
47 9 406 0 405 395 775 193 46 61 
47 9 406 0 405 396 775 193 46 61 
47 9 406 0 405 397 775 193 46 61 
47 9 406 0 405 398 775 193 46 61 
47 9 406 0 405 399 775 193 46 61 
47 9 406 0 405 400 775 193 46 61 
47 9 406 0 405 401 775 193 46 61 
47 9 406 0 405 402 775 193 46 61 
47 9 406 0 405 403 775 193 46 61 
47 9 406 0 405 404 775 193 46 61 
47 9 406 0 405 405 775 193 46 61 
