26 11 47 1403 1449 1403 751 202 72 66 
26 11 47 1403 1449 1404 751 202 72 66 
26 11 47 1403 1449 1405 751 202 72 66 
26 11 47 1403 1449 1406 751 202 72 66 
26 11 47 1403 1449 1407 751 202 72 66 
26 11 47 1403 1449 1408 751 202 72 66 
26 11 47 1403 1449 1409 751 202 72 66 
26 11 47 1403 1449 1410 751 202 72 66 
26 11 47 1403 1449 1411 751 202 72 66 
26 11 47 1403 1449 1412 751 202 72 66 
26 11 47 1403 1449 1413 751 202 72 66 
26 11 47 1403 1449 1414 751 202 72 66 
26 11 47 1403 1449 1415 751 202 72 66 
26 11 47 1403 1449 1416 751 202 72 66 
26 11 47 1403 1449 1417 751 202 72 66 
26 11 47 1403 1449 1418 751 202 72 66 
26 11 47 1403 1449 1419 751 202 72 66 
26 11 47 1403 1449 1420 751 202 72 66 
26 11 47 1403 1449 1421 751 202 72 66 
26 11 47 1403 1449 1422 751 202 72 66 
26 11 47 1403 1449 1423 751 202 72 66 
26 11 47 1403 1449 1424 751 202 72 66 
26 11 47 1403 1449 1425 751 202 72 66 
26 11 47 1403 1449 1426 751 202 72 66 
26 11 47 1403 1449 1427 751 202 72 66 
26 11 47 1403 1449 1428 751 202 72 66 
26 11 47 1403 1449 1429 751 202 72 66 
26 11 47 1403 1449 1430 751 202 72 66 
26 11 47 1403 1449 1431 751 202 72 66 
26 11 47 1403 1449 1432 751 202 72 66 
26 11 47 1403 1449 1433 751 202 72 66 
26 11 47 1403 1449 1434 751 202 72 66 
26 11 47 1403 1449 1435 751 202 72 66 
26 11 47 1403 1449 1436 751 202 72 66 
26 11 47 1403 1449 1437 751 202 72 66 
26 11 47 1403 1449 1438 751 202 72 66 
26 11 47 1403 1449 1439 751 202 72 66 
26 11 47 1403 1449 1440 751 202 72 66 
26 11 47 1403 1449 1441 751 202 72 66 
26 11 47 1403 1449 1442 751 202 72 66 
26 11 47 1403 1449 1443 751 202 72 66 
26 11 47 1403 1449 1444 751 202 72 66 
26 11 47 1403 1449 1445 751 202 72 66 
26 11 47 1403 1449 1446 751 202 72 66 
26 11 47 1403 1449 1447 751 202 72 66 
26 11 47 1403 1449 1448 751 202 72 66 
26 11 47 1403 1449 1449 751 202 72 66 
27 11 47 1377 1423 1377 762 198 65 70 
27 11 47 1377 1423 1378 762 198 65 70 
27 11 47 1377 1423 1379 762 198 65 70 
27 11 47 1377 1423 1380 762 198 65 70 
27 11 47 1377 1423 1381 762 198 65 70 
27 11 47 1377 1423 1382 762 198 65 70 
27 11 47 1377 1423 1383 762 198 65 70 
27 11 47 1377 1423 1384 762 198 65 70 
27 11 47 1377 1423 1385 762 198 65 70 
27 11 47 1377 1423 1386 762 198 65 70 
27 11 47 1377 1423 1387 762 198 65 70 
27 11 47 1377 1423 1388 762 198 65 70 
27 11 47 1377 1423 1389 762 198 65 70 
27 11 47 1377 1423 1390 762 198 65 70 
27 11 47 1377 1423 1391 762 198 65 70 
27 11 47 1377 1423 1392 762 198 65 70 
27 11 47 1377 1423 1393 762 198 65 70 
27 11 47 1377 1423 1394 762 198 65 70 
27 11 47 1377 1423 1395 762 198 65 70 
27 11 47 1377 1423 1396 762 198 65 70 
27 11 47 1377 1423 1397 762 198 65 70 
27 11 47 1377 1423 1398 762 198 65 70 
27 11 47 1377 1423 1399 762 198 65 70 
27 11 47 1377 1423 1400 762 198 65 70 
27 11 47 1377 1423 1401 762 198 65 70 
27 11 47 1377 1423 1402 762 198 65 70 
27 11 47 1377 1423 1403 762 198 65 70 
27 11 47 1377 1423 1404 762 198 65 70 
27 11 47 1377 1423 1405 762 198 65 70 
27 11 47 1377 1423 1406 762 198 65 70 
27 11 47 1377 1423 1407 762 198 65 70 
27 11 47 1377 1423 1408 762 198 65 70 
27 11 47 1377 1423 1409 762 198 65 70 
27 11 47 1377 1423 1410 762 198 65 70 
27 11 47 1377 1423 1411 762 198 65 70 
27 11 47 1377 1423 1412 762 198 65 70 
27 11 47 1377 1423 1413 762 198 65 70 
27 11 47 1377 1423 1414 762 198 65 70 
27 11 47 1377 1423 1415 762 198 65 70 
27 11 47 1377 1423 1416 762 198 65 70 
27 11 47 1377 1423 1417 762 198 65 70 
27 11 47 1377 1423 1418 762 198 65 70 
27 11 47 1377 1423 1419 762 198 65 70 
27 11 47 1377 1423 1420 762 198 65 70 
27 11 47 1377 1423 1421 762 198 65 70 
27 11 47 1377 1423 1422 762 198 65 70 
27 11 47 1377 1423 1423 762 198 65 70 
28 11 47 1341 1387 1341 758 197 70 78 
28 11 47 1341 1387 1342 758 197 70 78 
28 11 47 1341 1387 1343 758 197 70 78 
28 11 47 1341 1387 1344 758 197 70 78 
28 11 47 1341 1387 1345 758 197 70 78 
28 11 47 1341 1387 1346 758 197 70 78 
28 11 47 1341 1387 1347 758 197 70 78 
28 11 47 1341 1387 1348 758 197 70 78 
28 11 47 1341 1387 1349 758 197 70 78 
28 11 47 1341 1387 1350 758 197 70 78 
28 11 47 1341 1387 1351 758 197 70 78 
28 11 47 1341 1387 1352 758 197 70 78 
28 11 47 1341 1387 1353 758 197 70 78 
28 11 47 1341 1387 1354 758 197 70 78 
28 11 47 1341 1387 1355 758 197 70 78 
28 11 47 1341 1387 1356 758 197 70 78 
28 11 47 1341 1387 1357 758 197 70 78 
28 11 47 1341 1387 1358 758 197 70 78 
28 11 47 1341 1387 1359 758 197 70 78 
28 11 47 1341 1387 1360 758 197 70 78 
28 11 47 1341 1387 1361 758 197 70 78 
28 11 47 1341 1387 1362 758 197 70 78 
28 11 47 1341 1387 1363 758 197 70 78 
28 11 47 1341 1387 1364 758 197 70 78 
28 11 47 1341 1387 1365 758 197 70 78 
28 11 47 1341 1387 1366 758 197 70 78 
28 11 47 1341 1387 1367 758 197 70 78 
28 11 47 1341 1387 1368 758 197 70 78 
28 11 47 1341 1387 1369 758 197 70 78 
28 11 47 1341 1387 1370 758 197 70 78 
28 11 47 1341 1387 1371 758 197 70 78 
28 11 47 1341 1387 1372 758 197 70 78 
28 11 47 1341 1387 1373 758 197 70 78 
28 11 47 1341 1387 1374 758 197 70 78 
28 11 47 1341 1387 1375 758 197 70 78 
28 11 47 1341 1387 1376 758 197 70 78 
28 11 47 1341 1387 1377 758 197 70 78 
28 11 47 1341 1387 1378 758 197 70 78 
28 11 47 1341 1387 1379 758 197 70 78 
28 11 47 1341 1387 1380 758 197 70 78 
28 11 47 1341 1387 1381 758 197 70 78 
28 11 47 1341 1387 1382 758 197 70 78 
28 11 47 1341 1387 1383 758 197 70 78 
28 11 47 1341 1387 1384 758 197 70 78 
28 11 47 1341 1387 1385 758 197 70 78 
28 11 47 1341 1387 1386 758 197 70 78 
28 11 47 1341 1387 1387 758 197 70 78 
29 11 51 1294 1344 1294 765 195 66 73 
29 11 51 1294 1344 1295 765 195 66 73 
29 11 51 1294 1344 1296 765 195 66 73 
29 11 51 1294 1344 1297 765 195 66 73 
29 11 51 1294 1344 1298 765 195 66 73 
29 11 51 1294 1344 1299 765 195 66 73 
29 11 51 1294 1344 1300 765 195 66 73 
29 11 51 1294 1344 1301 765 195 66 73 
29 11 51 1294 1344 1302 765 195 66 73 
29 11 51 1294 1344 1303 765 195 66 73 
29 11 51 1294 1344 1304 765 195 66 73 
29 11 51 1294 1344 1305 765 195 66 73 
29 11 51 1294 1344 1306 765 195 66 73 
29 11 51 1294 1344 1307 765 195 66 73 
29 11 51 1294 1344 1308 765 195 66 73 
29 11 51 1294 1344 1309 765 195 66 73 
29 11 51 1294 1344 1310 765 195 66 73 
29 11 51 1294 1344 1311 765 195 66 73 
29 11 51 1294 1344 1312 765 195 66 73 
29 11 51 1294 1344 1313 765 195 66 73 
29 11 51 1294 1344 1314 765 195 66 73 
29 11 51 1294 1344 1315 765 195 66 73 
29 11 51 1294 1344 1316 765 195 66 73 
29 11 51 1294 1344 1317 765 195 66 73 
29 11 51 1294 1344 1318 765 195 66 73 
29 11 51 1294 1344 1319 765 195 66 73 
29 11 51 1294 1344 1320 765 195 66 73 
29 11 51 1294 1344 1321 765 195 66 73 
29 11 51 1294 1344 1322 765 195 66 73 
29 11 51 1294 1344 1323 765 195 66 73 
29 11 51 1294 1344 1324 765 195 66 73 
29 11 51 1294 1344 1325 765 195 66 73 
29 11 51 1294 1344 1326 765 195 66 73 
29 11 51 1294 1344 1327 765 195 66 73 
29 11 51 1294 1344 1328 765 195 66 73 
29 11 51 1294 1344 1329 765 195 66 73 
29 11 51 1294 1344 1330 765 195 66 73 
29 11 51 1294 1344 1331 765 195 66 73 
29 11 51 1294 1344 1332 765 195 66 73 
29 11 51 1294 1344 1333 765 195 66 73 
29 11 51 1294 1344 1334 765 195 66 73 
29 11 51 1294 1344 1335 765 195 66 73 
29 11 51 1294 1344 1336 765 195 66 73 
29 11 51 1294 1344 1337 765 195 66 73 
29 11 51 1294 1344 1338 765 195 66 73 
29 11 51 1294 1344 1339 765 195 66 73 
29 11 51 1294 1344 1340 765 195 66 73 
29 11 51 1294 1344 1341 765 195 66 73 
29 11 51 1294 1344 1342 765 195 66 73 
29 11 51 1294 1344 1343 765 195 66 73 
29 11 51 1294 1344 1344 765 195 66 73 
30 9 1231 104 1334 104 180 587 132 131 
30 9 1231 104 1334 105 178 587 132 131 
30 9 1231 104 1334 106 178 584 132 134 
30 9 1231 104 1334 107 179 584 128 134 
30 9 1231 104 1334 108 179 582 128 136 
30 9 1231 104 1334 109 180 582 124 136 
30 9 1231 104 1334 110 177 581 126 138 
30 9 1231 104 1334 111 177 581 126 138 
30 9 1231 104 1334 112 178 578 122 140 
30 9 1231 104 1334 113 178 578 122 140 
30 9 1231 104 1334 114 178 576 120 143 
30 9 1231 104 1334 115 179 576 116 143 
30 9 1231 104 1334 116 179 573 116 145 
30 9 1231 104 1334 117 180 573 112 145 
30 9 1231 104 1334 118 180 571 112 148 
30 9 1231 104 1334 119 177 571 114 148 
30 9 1231 104 1334 120 178 569 110 149 
30 9 1231 104 1334 121 178 569 110 149 
30 9 1231 104 1334 122 179 567 106 151 
30 9 1231 104 1334 123 179 567 106 151 
30 9 1231 104 1334 124 177 565 106 153 
30 9 1231 104 1334 125 177 562 106 156 
30 9 1231 104 1334 126 175 562 108 156 
30 9 1231 104 1334 127 175 561 108 157 
30 9 1231 104 1334 128 175 561 108 157 
30 9 1231 104 1334 129 173 559 108 160 
30 9 1231 104 1334 130 173 559 108 160 
30 9 1231 104 1334 131 172 556 106 162 
30 9 1231 104 1334 132 172 554 106 165 
30 9 1231 104 1334 133 172 554 106 165 
30 9 1231 104 1334 134 170 551 106 167 
30 9 1231 104 1334 135 170 551 106 167 
30 9 1231 104 1334 136 168 550 106 168 
30 9 1231 104 1334 137 168 550 106 168 
30 9 1231 104 1334 138 168 547 106 171 
30 9 1231 104 1334 139 166 547 108 171 
30 9 1231 104 1334 140 166 545 108 173 
30 9 1231 104 1334 141 165 542 106 176 
30 9 1231 104 1334 142 165 542 106 176 
30 9 1231 104 1334 143 165 541 106 177 
30 9 1231 104 1334 144 163 541 106 177 
30 9 1231 104 1334 145 163 539 106 180 
30 9 1231 104 1334 146 161 539 106 180 
30 9 1231 104 1334 147 161 536 106 182 
30 9 1231 104 1334 148 161 536 106 182 
30 9 1231 104 1334 149 159 534 108 184 
30 9 1231 104 1334 150 159 534 108 184 
30 9 1231 104 1334 151 159 532 108 186 
30 9 1231 104 1334 152 159 532 108 186 
30 9 1231 104 1334 153 159 531 108 187 
30 9 1231 104 1334 154 156 531 112 187 
30 9 1231 104 1334 155 157 529 108 189 
30 9 1231 104 1334 156 157 529 108 189 
30 9 1231 104 1334 157 157 527 108 192 
30 9 1231 104 1334 158 157 527 108 191 
30 9 1231 104 1334 159 155 525 110 194 
30 9 1231 104 1334 160 155 525 110 193 
30 9 1231 104 1334 161 156 525 106 193 
30 9 1231 104 1334 162 156 524 106 194 
30 9 1231 104 1334 163 156 524 106 194 
30 9 1231 104 1334 164 153 522 110 197 
30 9 1231 104 1334 165 153 522 110 196 
30 9 1231 104 1334 166 153 520 110 199 
30 9 1231 104 1334 167 154 520 106 198 
30 9 1231 104 1334 168 154 518 106 201 
30 9 1231 104 1334 169 154 518 106 200 
30 9 1231 104 1334 170 151 516 110 203 
30 9 1231 104 1334 171 151 516 110 203 
30 9 1231 104 1334 172 151 515 110 204 
30 9 1231 104 1334 173 152 515 106 204 
30 9 1231 104 1334 174 152 515 106 203 
30 9 1231 104 1334 175 149 513 110 206 
30 9 1231 104 1334 176 149 513 110 205 
30 9 1231 104 1334 177 149 511 110 208 
30 9 1231 104 1334 178 149 511 110 208 
30 9 1231 104 1334 179 150 509 108 210 
30 9 1231 104 1334 180 148 509 110 210 
30 9 1231 104 1334 181 148 508 110 211 
30 9 1231 104 1334 182 148 508 110 211 
30 9 1231 104 1334 183 148 506 110 213 
30 9 1231 104 1334 184 148 506 110 213 
30 9 1231 104 1334 185 148 506 110 213 
30 9 1231 104 1334 186 148 504 110 215 
30 9 1231 104 1334 187 148 502 110 216 
30 9 1231 104 1334 188 150 502 108 216 
30 9 1231 104 1334 189 149 500 110 216 
30 9 1231 104 1334 190 149 499 110 216 
30 9 1231 104 1334 191 152 499 106 216 
30 9 1231 104 1334 192 151 497 110 216 
30 9 1231 104 1334 193 151 497 110 213 
30 9 1231 104 1334 194 154 495 106 216 
30 9 1231 104 1334 195 154 493 106 216 
30 9 1231 104 1334 196 153 493 110 214 
30 9 1231 104 1334 197 156 492 106 216 
30 9 1231 104 1334 198 156 490 106 216 
30 9 1231 104 1334 199 155 490 110 213 
30 9 1231 104 1334 200 157 488 108 216 
30 9 1231 104 1334 201 157 488 108 213 
30 9 1231 104 1334 202 157 486 108 213 
30 9 1231 104 1334 203 159 484 108 216 
30 9 1231 104 1334 204 159 484 108 214 
30 9 1231 104 1334 205 159 483 108 213 
30 9 1231 104 1334 206 161 481 106 216 
30 9 1231 104 1334 207 161 481 106 213 
30 9 1231 104 1334 208 161 479 106 213 
30 9 1231 104 1334 209 163 479 106 213 
30 9 1231 104 1334 210 165 477 106 214 
30 9 1231 104 1334 211 166 477 108 211 
30 9 1231 104 1334 212 168 477 106 210 
30 9 1231 104 1334 213 170 477 106 207 
30 9 1231 104 1334 214 172 478 106 204 
30 9 1231 104 1334 215 175 475 108 207 
30 9 1231 104 1334 216 177 475 106 205 
30 9 1231 104 1334 217 179 476 106 202 
30 9 1231 104 1334 218 181 474 106 202 
30 9 1231 104 1334 219 182 474 108 199 
30 9 1231 104 1334 220 186 474 106 199 
30 9 1231 104 1334 221 186 472 106 201 
30 9 1231 104 1334 222 186 473 106 198 
30 9 1231 104 1334 223 189 470 102 201 
30 9 1231 104 1334 224 189 471 102 198 
30 9 1231 104 1334 225 188 471 106 198 
30 9 1231 104 1334 226 190 470 104 196 
30 9 1231 104 1334 227 190 470 104 196 
30 9 1231 104 1334 228 193 470 100 193 
30 9 1231 104 1334 229 193 468 100 196 
30 9 1231 104 1334 230 192 468 104 195 
30 9 1231 104 1334 231 195 468 100 195 
30 9 1231 104 1334 232 195 466 100 195 
30 9 1231 104 1334 233 198 466 96 195 
30 9 1231 104 1334 234 197 467 100 192 
30 9 1231 104 1334 235 197 464 100 195 
30 9 1231 104 1334 236 200 465 96 192 
30 9 1231 104 1334 237 200 465 96 192 
30 9 1231 104 1334 238 201 464 94 192 
30 9 1231 104 1334 239 201 464 96 192 
30 9 1231 104 1334 240 201 464 96 189 
30 9 1231 104 1334 241 204 462 92 192 
30 9 1231 104 1334 242 204 462 92 189 
30 9 1231 104 1334 243 203 462 96 189 
30 9 1231 104 1334 244 206 460 92 189 
30 9 1231 104 1334 245 206 460 92 189 
30 9 1231 104 1334 246 209 461 88 186 
30 9 1231 104 1334 247 209 458 88 189 
30 9 1231 104 1334 248 208 458 92 187 
30 9 1231 104 1334 249 209 458 90 187 
30 9 1231 104 1334 250 209 456 90 187 
30 9 1231 104 1334 251 212 456 86 187 
30 9 1231 104 1334 252 211 457 90 184 
30 9 1231 104 1334 253 211 456 90 186 
30 9 1231 104 1334 254 214 456 86 183 
30 9 1231 104 1334 255 214 456 86 183 
30 9 1231 104 1334 256 217 454 82 184 
30 9 1231 104 1334 257 217 454 84 184 
30 9 1231 104 1334 258 217 454 84 181 
30 9 1231 104 1334 259 220 452 80 184 
30 9 1231 104 1334 260 220 452 80 181 
30 9 1231 104 1334 261 219 452 84 181 
30 9 1231 104 1334 262 220 450 82 181 
30 9 1231 104 1334 263 220 450 82 181 
30 9 1231 104 1334 264 223 451 78 178 
30 9 1231 104 1334 265 223 450 78 180 
30 9 1231 104 1334 266 222 450 82 178 
30 9 1231 104 1334 267 225 450 78 178 
30 9 1231 104 1334 268 225 448 78 178 
30 9 1231 104 1334 269 228 448 74 178 
30 9 1231 104 1334 270 227 448 78 175 
30 9 1231 104 1334 271 227 446 78 178 
30 9 1231 104 1334 272 229 446 76 175 
30 9 1231 104 1334 273 229 446 76 175 
30 9 1231 104 1334 274 232 444 72 177 
30 9 1231 104 1334 275 231 444 76 177 
30 9 1231 104 1334 276 231 445 76 174 
30 9 1231 104 1334 277 234 442 72 177 
30 9 1231 104 1334 278 234 443 72 174 
30 9 1231 104 1334 279 236 443 70 174 
30 9 1231 104 1334 280 234 442 72 172 
30 9 1231 104 1334 281 234 442 72 172 
30 9 1231 104 1334 282 234 440 72 172 
30 9 1231 104 1334 283 234 440 72 172 
30 9 1231 104 1334 284 232 438 72 174 
30 9 1231 104 1334 285 232 438 72 174 
30 9 1231 104 1334 286 232 438 72 174 
30 9 1231 104 1334 287 232 436 72 174 
30 9 1231 104 1334 288 230 436 72 174 
30 9 1231 104 1334 289 230 435 72 172 
30 9 1231 104 1334 290 230 435 72 172 
30 9 1231 104 1334 291 230 433 72 172 
30 9 1231 104 1334 292 229 433 70 172 
30 9 1231 104 1334 293 229 433 70 172 
30 9 1231 104 1334 294 229 431 70 174 
30 9 1231 104 1334 295 229 431 70 174 
30 9 1231 104 1334 296 227 429 70 174 
30 9 1231 104 1334 297 227 429 70 174 
30 9 1231 104 1334 298 227 427 70 174 
30 9 1231 104 1334 299 227 427 70 174 
30 9 1231 104 1334 300 227 427 70 174 
30 9 1231 104 1334 301 225 426 72 172 
30 9 1231 104 1334 302 225 426 72 172 
30 9 1231 104 1334 303 225 426 72 172 
30 9 1231 104 1334 304 222 426 76 169 
30 9 1231 104 1334 305 222 426 76 169 
30 9 1231 104 1334 306 222 426 76 169 
30 9 1231 104 1334 307 222 424 76 171 
30 9 1231 104 1334 308 220 424 78 171 
30 9 1231 104 1334 309 220 424 78 171 
30 9 1231 104 1334 310 221 425 74 168 
30 9 1231 104 1334 311 218 425 78 168 
30 9 1231 104 1334 312 218 425 78 168 
30 9 1231 104 1334 313 218 423 78 168 
30 9 1231 104 1334 314 218 423 78 168 
30 9 1231 104 1334 315 215 423 82 168 
30 9 1231 104 1334 316 215 423 82 165 
30 9 1231 104 1334 317 215 423 82 165 
30 9 1231 104 1334 318 215 423 82 165 
30 9 1231 104 1334 319 213 421 82 166 
30 9 1231 104 1334 320 213 421 82 166 
30 9 1231 104 1334 321 213 421 82 166 
30 9 1231 104 1334 322 211 420 82 165 
30 9 1231 104 1334 323 211 420 82 165 
30 9 1231 104 1334 324 211 420 82 165 
30 9 1231 104 1334 325 210 418 82 165 
30 9 1231 104 1334 326 210 418 82 165 
30 9 1231 104 1334 327 210 418 82 165 
30 9 1231 104 1334 328 208 416 82 165 
30 9 1231 104 1334 329 208 416 82 165 
30 9 1231 104 1334 330 208 416 82 165 
30 9 1231 104 1334 331 208 416 82 165 
30 9 1231 104 1334 332 206 414 82 165 
30 9 1231 104 1334 333 206 414 82 165 
30 9 1231 104 1334 334 206 414 82 163 
30 9 1231 104 1334 335 206 414 82 163 
30 9 1231 104 1334 336 206 412 82 163 
30 9 1231 104 1334 337 204 412 82 163 
30 9 1231 104 1334 338 204 412 82 163 
30 9 1231 104 1334 339 204 413 82 160 
30 9 1231 104 1334 340 204 412 82 162 
30 9 1231 104 1334 341 204 412 82 159 
30 9 1231 104 1334 342 204 412 82 159 
30 9 1231 104 1334 343 204 412 80 159 
30 9 1231 104 1334 344 204 410 80 160 
30 9 1231 104 1334 345 204 410 80 160 
30 9 1231 104 1334 346 204 410 80 157 
30 9 1231 104 1334 347 204 410 80 157 
30 9 1231 104 1334 348 204 408 80 157 
30 9 1231 104 1334 349 201 408 82 157 
30 9 1231 104 1334 350 201 408 82 157 
30 9 1231 104 1334 351 201 409 82 154 
30 9 1231 104 1334 352 201 406 82 157 
30 9 1231 104 1334 353 201 407 82 154 
30 9 1231 104 1334 354 201 407 82 154 
30 9 1231 104 1334 355 199 407 82 154 
30 9 1231 104 1334 356 199 406 82 154 
30 9 1231 104 1334 357 199 406 82 154 
30 9 1231 104 1334 358 199 406 82 151 
30 9 1231 104 1334 359 199 406 82 151 
30 9 1231 104 1334 360 199 406 82 151 
30 9 1231 104 1334 361 199 404 82 151 
30 9 1231 104 1334 362 199 404 82 151 
30 9 1231 104 1334 363 199 404 82 151 
30 9 1231 104 1334 364 199 404 82 151 
30 9 1231 104 1334 365 199 404 82 151 
30 9 1231 104 1334 366 199 404 82 151 
30 9 1231 104 1334 367 199 404 82 151 
30 9 1231 104 1334 368 199 404 82 151 
30 9 1231 104 1334 369 199 404 82 151 
30 9 1231 104 1334 370 199 404 82 151 
30 9 1231 104 1334 371 199 404 82 151 
30 9 1231 104 1334 372 199 404 82 151 
30 9 1231 104 1334 373 199 402 82 151 
30 9 1231 104 1334 374 199 402 82 151 
30 9 1231 104 1334 375 199 402 82 151 
30 9 1231 104 1334 376 199 402 82 151 
30 9 1231 104 1334 377 199 402 82 151 
30 9 1231 104 1334 378 199 402 82 151 
30 9 1231 104 1334 379 199 402 82 151 
30 9 1231 104 1334 380 199 402 82 151 
30 9 1231 104 1334 381 199 402 82 151 
30 9 1231 104 1334 382 199 402 82 151 
30 9 1231 104 1334 383 199 402 82 151 
30 9 1231 104 1334 384 199 402 82 151 
30 9 1231 104 1334 385 199 400 82 153 
30 9 1231 104 1334 386 199 400 82 153 
30 9 1231 104 1334 387 199 400 82 153 
30 9 1231 104 1334 388 199 400 82 153 
30 9 1231 104 1334 389 199 400 82 153 
30 9 1231 104 1334 390 199 400 82 153 
30 9 1231 104 1334 391 199 400 82 153 
30 9 1231 104 1334 392 199 400 82 153 
30 9 1231 104 1334 393 199 400 82 153 
30 9 1231 104 1334 394 199 400 82 153 
30 9 1231 104 1334 395 199 400 82 153 
30 9 1231 104 1334 396 201 400 82 153 
30 9 1231 104 1334 397 199 398 82 153 
30 9 1231 104 1334 398 199 398 82 153 
30 9 1231 104 1334 399 199 397 82 151 
30 9 1231 104 1334 400 196 397 86 151 
30 9 1231 104 1334 401 197 395 82 151 
30 9 1231 104 1334 402 197 395 82 151 
30 9 1231 104 1334 403 194 395 86 151 
30 9 1231 104 1334 404 194 393 86 151 
30 9 1231 104 1334 405 195 393 82 151 
30 9 1231 104 1334 406 194 391 84 153 
30 9 1231 104 1334 407 194 391 84 153 
30 9 1231 104 1334 408 194 391 84 153 
30 9 1231 104 1334 409 194 390 82 151 
30 9 1231 104 1334 410 195 390 78 151 
30 9 1231 104 1334 411 195 390 78 151 
30 9 1231 104 1334 412 196 388 74 151 
30 9 1231 104 1334 413 196 388 74 151 
30 9 1231 104 1334 414 197 388 70 151 
30 9 1231 104 1334 415 198 388 66 151 
30 9 1231 104 1334 416 198 386 66 151 
30 9 1231 104 1334 417 199 386 64 151 
30 9 1231 104 1334 418 199 386 64 151 
30 9 1231 104 1334 419 200 386 60 151 
30 9 1231 104 1334 420 201 384 56 153 
30 9 1231 104 1334 421 201 384 56 153 
30 9 1231 104 1334 422 202 384 52 153 
30 9 1231 104 1334 423 202 384 52 153 
30 9 1231 104 1334 424 199 385 54 150 
30 9 1231 104 1334 425 199 385 54 150 
30 9 1231 104 1334 426 199 385 54 150 
30 9 1231 104 1334 427 199 385 54 150 
30 9 1231 104 1334 428 199 385 54 147 
30 9 1231 104 1334 429 199 385 54 147 
30 9 1231 104 1334 430 199 385 54 147 
30 9 1231 104 1334 431 199 385 54 147 
30 9 1231 104 1334 432 199 385 54 147 
30 9 1231 104 1334 433 199 386 54 144 
30 9 1231 104 1334 434 199 386 54 144 
30 9 1231 104 1334 435 199 386 54 144 
30 9 1231 104 1334 436 199 386 54 144 
30 9 1231 104 1334 437 199 386 54 141 
30 9 1231 104 1334 438 199 386 54 141 
30 9 1231 104 1334 439 199 386 54 141 
30 9 1231 104 1334 440 199 386 54 141 
30 9 1231 104 1334 441 199 389 54 138 
30 9 1231 104 1334 442 199 387 54 136 
30 9 1231 104 1334 443 199 387 54 133 
30 9 1231 104 1334 444 197 385 54 133 
30 9 1231 104 1334 445 197 385 54 133 
30 9 1231 104 1334 446 197 385 54 133 
30 9 1231 104 1334 447 197 385 54 133 
30 9 1231 104 1334 448 195 384 54 135 
30 9 1231 104 1334 449 195 384 54 135 
30 9 1231 104 1334 450 195 384 54 135 
30 9 1231 104 1334 451 195 384 54 135 
30 9 1231 104 1334 452 195 382 54 136 
30 9 1231 104 1334 453 195 382 54 136 
30 9 1231 104 1334 454 194 380 58 136 
30 9 1231 104 1334 455 197 380 54 136 
30 9 1231 104 1334 456 197 377 54 139 
30 9 1231 104 1334 457 196 378 58 136 
30 9 1231 104 1334 458 196 377 58 138 
30 9 1231 104 1334 459 199 377 56 138 
30 9 1231 104 1334 460 199 375 56 138 
30 9 1231 104 1334 461 199 375 56 135 
30 9 1231 104 1334 462 199 375 56 133 
30 9 1231 104 1334 463 199 376 56 130 
30 9 1231 104 1334 464 199 374 56 130 
30 9 1231 104 1334 465 202 374 52 130 
30 9 1231 104 1334 466 202 374 52 127 
30 9 1231 104 1334 467 201 375 56 126 
30 9 1231 104 1334 468 201 373 56 126 
30 9 1231 104 1334 469 201 373 56 123 
30 9 1231 104 1334 470 202 373 54 123 
30 9 1231 104 1334 471 202 374 54 120 
30 9 1231 104 1334 472 202 374 54 117 
30 9 1231 104 1334 473 202 372 54 118 
30 9 1231 104 1334 474 201 372 58 115 
30 9 1231 104 1334 475 201 373 58 112 
30 9 1231 104 1334 476 204 373 54 112 
30 9 1231 104 1334 477 204 372 54 111 
30 9 1231 104 1334 478 204 372 54 109 
30 9 1231 104 1334 479 204 373 54 106 
30 9 1231 104 1334 480 204 373 54 103 
30 9 1231 104 1334 481 206 373 54 103 
30 9 1231 104 1334 482 206 371 54 120 
30 9 1231 104 1334 483 206 368 56 138 
30 9 1231 104 1334 484 206 370 54 124 
30 9 1231 104 1334 485 206 372 54 111 
30 9 1231 104 1334 486 206 374 54 97 
30 9 1231 104 1334 487 206 376 54 87 
30 9 1231 104 1334 488 206 376 54 87 
30 9 1231 104 1334 489 206 376 54 87 
30 9 1231 104 1334 490 206 376 54 87 
30 9 1231 104 1334 491 206 376 54 90 
30 9 1231 104 1334 492 206 376 54 90 
30 9 1231 104 1334 493 206 376 54 90 
30 9 1231 104 1334 494 206 375 54 93 
30 9 1231 104 1334 495 206 375 54 93 
30 9 1231 104 1334 496 206 375 54 93 
30 9 1231 104 1334 497 206 375 54 96 
30 9 1231 104 1334 498 206 375 54 96 
30 9 1231 104 1334 499 206 375 54 96 
30 9 1231 104 1334 500 206 376 54 96 
30 9 1231 104 1334 501 206 375 54 102 
30 9 1231 104 1334 502 206 374 54 108 
30 9 1231 104 1334 503 206 375 54 109 
30 9 1231 104 1334 504 206 373 54 109 
30 9 1231 104 1334 505 209 372 52 111 
30 9 1231 104 1334 506 209 370 52 112 
30 9 1231 104 1334 507 209 370 52 109 
30 9 1231 104 1334 508 211 370 52 109 
30 9 1231 104 1334 509 210 368 56 109 
30 9 1231 104 1334 510 211 366 54 112 
30 9 1231 104 1334 511 211 365 54 111 
30 9 1231 104 1334 512 210 366 58 108 
30 9 1231 104 1334 513 212 366 58 108 
30 9 1231 104 1334 514 212 363 58 111 
30 9 1231 104 1334 515 212 363 60 111 
30 9 1231 104 1334 516 212 361 60 114 
30 9 1231 104 1334 517 211 361 64 114 
30 9 1231 104 1334 518 210 358 68 117 
30 9 1231 104 1334 519 210 358 68 117 
30 9 1231 104 1334 520 209 356 72 120 
30 9 1231 104 1334 521 211 355 70 123 
30 9 1231 104 1334 522 211 355 70 123 
30 9 1231 104 1334 523 211 355 70 120 
30 9 1231 104 1334 524 211 356 70 114 
30 9 1231 104 1334 525 210 356 74 109 
30 9 1231 104 1334 526 210 354 74 112 
30 9 1231 104 1334 527 210 351 74 115 
30 9 1231 104 1334 528 210 351 74 115 
30 9 1231 104 1334 529 210 351 74 115 
30 9 1231 104 1334 530 210 351 74 115 
30 9 1231 104 1334 531 212 349 74 118 
30 9 1231 104 1334 532 212 349 74 118 
30 9 1231 104 1334 533 212 349 74 118 
30 9 1231 104 1334 534 212 349 74 118 
30 9 1231 104 1334 535 213 349 76 120 
30 9 1231 104 1334 536 215 348 68 120 
30 9 1231 104 1334 537 216 348 64 117 
30 9 1231 104 1334 538 219 348 58 117 
30 9 1231 104 1334 539 219 346 58 117 
30 9 1231 104 1334 540 219 347 58 114 
30 9 1231 104 1334 541 219 347 58 114 
30 9 1231 104 1334 542 219 345 58 114 
30 9 1231 104 1334 543 219 345 58 112 
30 9 1231 104 1334 544 219 345 60 112 
30 9 1231 104 1334 545 219 344 60 117 
30 9 1231 104 1334 546 219 343 60 123 
30 9 1231 104 1334 547 219 342 60 117 
30 9 1231 104 1334 548 219 340 60 118 
30 9 1231 104 1334 549 219 340 60 115 
30 9 1231 104 1334 550 219 340 60 115 
30 9 1231 104 1334 551 218 340 64 114 
30 9 1231 104 1334 552 218 340 64 114 
30 9 1231 104 1334 553 218 340 64 111 
30 9 1231 104 1334 554 217 338 68 112 
30 9 1231 104 1334 555 217 338 68 112 
30 9 1231 104 1334 556 217 338 68 109 
30 9 1231 104 1334 557 219 338 68 109 
30 9 1231 104 1334 558 219 336 68 109 
30 9 1231 104 1334 559 219 336 68 109 
30 9 1231 104 1334 560 219 336 68 109 
30 9 1231 104 1334 561 222 336 64 109 
30 9 1231 104 1334 562 221 334 68 109 
30 9 1231 104 1334 563 221 334 68 109 
30 9 1231 104 1334 564 224 334 64 109 
30 9 1231 104 1334 565 224 334 64 109 
30 9 1231 104 1334 566 224 334 64 109 
30 9 1231 104 1334 567 223 334 66 108 
30 9 1231 104 1334 568 225 334 64 108 
30 9 1231 104 1334 569 225 334 64 108 
30 9 1231 104 1334 570 225 334 64 108 
30 9 1231 104 1334 571 227 334 64 108 
30 9 1231 104 1334 572 227 331 64 109 
30 9 1231 104 1334 573 226 331 68 109 
30 9 1231 104 1334 574 227 329 64 109 
30 9 1231 104 1334 575 230 329 60 109 
30 9 1231 104 1334 576 231 329 56 109 
30 9 1231 104 1334 577 234 329 52 109 
30 9 1231 104 1334 578 233 327 56 109 
30 9 1231 104 1334 579 232 327 60 109 
30 9 1231 104 1334 580 231 327 64 109 
30 9 1231 104 1334 581 230 327 66 109 
30 9 1231 104 1334 582 232 325 64 112 
30 9 1231 104 1334 583 232 325 62 109 
30 9 1231 104 1334 584 232 324 62 109 
30 9 1231 104 1334 585 235 324 58 109 
30 9 1231 104 1334 586 235 322 58 109 
30 9 1231 104 1334 587 235 322 60 109 
30 9 1231 104 1334 588 235 322 60 109 
30 9 1231 104 1334 589 234 322 64 109 
30 9 1231 104 1334 590 234 322 64 109 
30 9 1231 104 1334 591 233 322 68 109 
30 9 1231 104 1334 592 233 320 68 109 
30 9 1231 104 1334 593 233 320 68 109 
30 9 1231 104 1334 594 236 318 64 109 
30 9 1231 104 1334 595 235 318 68 109 
30 9 1231 104 1334 596 238 318 64 108 
30 9 1231 104 1334 597 238 318 64 108 
30 9 1231 104 1334 598 240 318 64 108 
30 9 1231 104 1334 599 240 315 64 111 
30 9 1231 104 1334 600 239 315 66 111 
30 9 1231 104 1334 601 239 313 66 112 
30 9 1231 104 1334 602 239 313 66 112 
30 9 1231 104 1334 603 241 313 64 109 
30 9 1231 104 1334 604 240 311 68 112 
30 9 1231 104 1334 605 240 311 68 112 
30 9 1231 104 1334 606 243 311 64 109 
30 9 1231 104 1334 607 243 311 64 109 
30 9 1231 104 1334 608 242 309 68 112 
30 9 1231 104 1334 609 245 309 64 109 
30 9 1231 104 1334 610 245 309 64 109 
30 9 1231 104 1334 611 245 309 64 109 
30 9 1231 104 1334 612 247 308 64 109 
30 9 1231 104 1334 613 247 308 64 109 
30 9 1231 104 1334 614 247 308 64 109 
30 9 1231 104 1334 615 248 309 62 106 
30 9 1231 104 1334 616 248 306 64 109 
30 9 1231 104 1334 617 248 306 64 109 
30 9 1231 104 1334 618 251 307 60 106 
30 9 1231 104 1334 619 251 307 60 106 
30 9 1231 104 1334 620 250 304 64 109 
30 9 1231 104 1334 621 253 305 60 106 
30 9 1231 104 1334 622 253 305 60 106 
30 9 1231 104 1334 623 253 305 60 106 
30 9 1231 104 1334 624 255 303 60 106 
30 9 1231 104 1334 625 255 303 60 106 
30 9 1231 104 1334 626 255 303 60 106 
30 9 1231 104 1334 627 257 302 60 106 
30 9 1231 104 1334 628 257 302 60 106 
30 9 1231 104 1334 629 257 302 60 106 
30 9 1231 104 1334 630 258 302 58 103 
30 9 1231 104 1334 631 257 300 62 106 
30 9 1231 104 1334 632 257 300 62 106 
30 9 1231 104 1334 633 260 300 58 103 
30 9 1231 104 1334 634 260 300 58 103 
30 9 1231 104 1334 635 260 298 60 106 
30 9 1231 104 1334 636 263 298 56 103 
30 9 1231 104 1334 637 263 298 56 103 
30 9 1231 104 1334 638 263 298 56 103 
30 9 1231 104 1334 639 265 296 56 105 
30 9 1231 104 1334 640 265 296 56 105 
30 9 1231 104 1334 641 265 296 56 105 
30 9 1231 104 1334 642 266 297 54 102 
30 9 1231 104 1334 643 265 294 58 105 
30 9 1231 104 1334 644 265 294 58 105 
30 9 1231 104 1334 645 268 295 54 102 
30 9 1231 104 1334 646 268 295 54 102 
30 9 1231 104 1334 647 267 293 58 103 
30 9 1231 104 1334 648 270 294 54 100 
30 9 1231 104 1334 649 270 294 54 100 
30 9 1231 104 1334 650 273 294 52 100 
30 9 1231 104 1334 651 273 292 52 100 
30 9 1231 104 1334 652 273 292 52 100 
30 9 1231 104 1334 653 273 292 52 100 
30 9 1231 104 1334 654 273 292 52 100 
30 9 1231 104 1334 655 275 292 52 99 
30 9 1231 104 1334 656 275 290 52 102 
30 9 1231 104 1334 657 275 290 52 102 
30 9 1231 104 1334 658 275 290 52 102 
30 9 1231 104 1334 659 276 290 50 102 
30 9 1231 104 1334 660 275 290 54 99 
30 9 1231 104 1334 661 275 290 54 99 
30 9 1231 104 1334 662 275 288 54 102 
30 9 1231 104 1334 663 278 288 50 102 
30 9 1231 104 1334 664 278 288 50 102 
30 9 1231 104 1334 665 277 288 54 99 
30 9 1231 104 1334 666 277 288 54 99 
30 9 1231 104 1334 667 277 287 54 100 
30 9 1231 104 1334 668 280 287 50 100 
30 9 1231 104 1334 669 280 287 50 100 
30 9 1231 104 1334 670 279 287 54 97 
30 9 1231 104 1334 671 279 287 54 97 
30 9 1231 104 1334 672 282 287 50 97 
30 9 1231 104 1334 673 282 285 50 100 
30 9 1231 104 1334 674 282 285 50 100 
30 9 1231 104 1334 675 282 285 52 99 
30 9 1231 104 1334 676 283 285 50 99 
30 9 1231 104 1334 677 283 285 50 99 
30 9 1231 104 1334 678 283 283 50 102 
30 9 1231 104 1334 679 282 283 54 99 
30 9 1231 104 1334 680 285 283 50 99 
30 9 1231 104 1334 681 285 283 50 99 
30 9 1231 104 1334 682 285 283 50 99 
30 9 1231 104 1334 683 285 283 50 99 
30 9 1231 104 1334 684 284 281 54 99 
30 9 1231 104 1334 685 287 281 50 99 
30 9 1231 104 1334 686 287 281 50 99 
30 9 1231 104 1334 687 287 281 50 99 
30 9 1231 104 1334 688 287 281 50 99 
30 9 1231 104 1334 689 289 279 50 99 
30 9 1231 104 1334 690 289 279 50 99 
30 9 1231 104 1334 691 289 279 50 99 
30 9 1231 104 1334 692 289 279 50 99 
30 9 1231 104 1334 693 292 279 46 99 
30 9 1231 104 1334 694 292 280 48 96 
30 9 1231 104 1334 695 292 278 48 97 
30 9 1231 104 1334 696 292 278 48 97 
30 9 1231 104 1334 697 292 278 48 97 
30 9 1231 104 1334 698 293 278 46 97 
30 9 1231 104 1334 699 292 279 50 96 
30 9 1231 104 1334 700 292 276 50 99 
30 9 1231 104 1334 701 292 276 50 99 
30 9 1231 104 1334 702 295 276 46 99 
30 9 1231 104 1334 703 294 277 50 96 
30 9 1231 104 1334 704 294 277 50 96 
30 9 1231 104 1334 705 294 277 50 96 
30 9 1231 104 1334 706 297 274 46 99 
30 9 1231 104 1334 707 297 274 46 99 
30 9 1231 104 1334 708 296 275 50 96 
30 9 1231 104 1334 709 296 275 50 96 
30 9 1231 104 1334 710 299 275 46 96 
30 9 1231 104 1334 711 299 272 46 99 
30 9 1231 104 1334 712 299 272 46 99 
30 9 1231 104 1334 713 298 273 50 96 
30 9 1231 104 1334 714 298 273 50 96 
30 9 1231 104 1334 715 300 273 48 96 
30 9 1231 104 1334 716 300 273 48 96 
30 9 1231 104 1334 717 300 271 48 97 
30 9 1231 104 1334 718 299 272 50 96 
30 9 1231 104 1334 719 302 272 46 96 
30 9 1231 104 1334 720 302 272 46 96 
30 9 1231 104 1334 721 302 272 46 96 
30 9 1231 104 1334 722 302 269 46 99 
30 9 1231 104 1334 723 304 270 46 96 
30 9 1231 104 1334 724 304 270 46 96 
30 9 1231 104 1334 725 304 270 46 96 
30 9 1231 104 1334 726 304 270 46 96 
30 9 1231 104 1334 727 306 270 46 96 
30 9 1231 104 1334 728 306 268 46 96 
30 9 1231 104 1334 729 306 268 46 96 
30 9 1231 104 1334 730 306 268 46 96 
30 9 1231 104 1334 731 308 266 46 96 
30 9 1231 104 1334 732 308 266 46 96 
30 9 1231 104 1334 733 308 266 46 96 
30 9 1231 104 1334 734 309 266 46 96 
30 9 1231 104 1334 735 309 264 46 96 
30 9 1231 104 1334 736 309 264 46 96 
30 9 1231 104 1334 737 309 264 46 96 
30 9 1231 104 1334 738 311 263 46 96 
30 9 1231 104 1334 739 311 263 46 96 
30 9 1231 104 1334 740 311 263 46 96 
30 9 1231 104 1334 741 313 263 46 96 
30 9 1231 104 1334 742 313 261 46 96 
30 9 1231 104 1334 743 313 261 46 96 
30 9 1231 104 1334 744 313 261 46 96 
30 9 1231 104 1334 745 315 259 46 96 
30 9 1231 104 1334 746 315 259 46 96 
30 9 1231 104 1334 747 315 259 46 96 
30 9 1231 104 1334 748 316 259 48 96 
30 9 1231 104 1334 749 316 257 48 96 
30 9 1231 104 1334 750 316 257 48 96 
30 9 1231 104 1334 751 316 257 48 96 
30 9 1231 104 1334 752 318 256 46 96 
30 9 1231 104 1334 753 318 256 46 96 
30 9 1231 104 1334 754 318 256 46 96 
30 9 1231 104 1334 755 320 256 46 96 
30 9 1231 104 1334 756 320 254 46 96 
30 9 1231 104 1334 757 320 254 46 96 
30 9 1231 104 1334 758 320 254 46 96 
30 9 1231 104 1334 759 322 252 46 96 
30 9 1231 104 1334 760 322 252 46 96 
30 9 1231 104 1334 761 322 252 46 96 
30 9 1231 104 1334 762 324 252 46 96 
30 9 1231 104 1334 763 324 250 46 96 
30 9 1231 104 1334 764 324 250 46 96 
30 9 1231 104 1334 765 324 250 46 96 
30 9 1231 104 1334 766 325 248 46 96 
30 9 1231 104 1334 767 325 248 46 96 
30 9 1231 104 1334 768 325 248 46 96 
30 9 1231 104 1334 769 327 248 46 96 
30 9 1231 104 1334 770 327 247 46 96 
30 9 1231 104 1334 771 327 247 46 96 
30 9 1231 104 1334 772 327 247 46 96 
30 9 1231 104 1334 773 329 247 46 96 
30 9 1231 104 1334 774 329 247 46 96 
30 9 1231 104 1334 775 329 247 46 93 
30 9 1231 104 1334 776 329 245 46 96 
30 9 1231 104 1334 777 331 245 46 96 
30 9 1231 104 1334 778 331 245 46 96 
30 9 1231 104 1334 779 331 245 46 96 
30 9 1231 104 1334 780 331 245 46 93 
30 9 1231 104 1334 781 332 245 48 93 
30 9 1231 104 1334 782 332 245 48 93 
30 9 1231 104 1334 783 332 243 48 96 
30 9 1231 104 1334 784 332 243 48 96 
30 9 1231 104 1334 785 334 243 46 96 
30 9 1231 104 1334 786 334 243 46 93 
30 9 1231 104 1334 787 334 243 46 93 
30 9 1231 104 1334 788 334 243 46 93 
30 9 1231 104 1334 789 336 243 46 93 
30 9 1231 104 1334 790 336 241 46 96 
30 9 1231 104 1334 791 336 241 46 94 
30 9 1231 104 1334 792 336 241 46 94 
30 9 1231 104 1334 793 338 241 46 94 
30 9 1231 104 1334 794 338 241 46 94 
30 9 1231 104 1334 795 338 241 46 94 
30 9 1231 104 1334 796 340 241 46 94 
30 9 1231 104 1334 797 340 240 46 93 
30 9 1231 104 1334 798 340 240 46 93 
30 9 1231 104 1334 799 340 240 46 93 
30 9 1231 104 1334 800 341 240 46 93 
30 9 1231 104 1334 801 341 240 46 93 
30 9 1231 104 1334 802 341 241 46 90 
30 9 1231 104 1334 803 341 238 46 93 
30 9 1231 104 1334 804 343 238 46 93 
30 9 1231 104 1334 805 343 238 46 93 
30 9 1231 104 1334 806 343 238 46 93 
30 9 1231 104 1334 807 343 239 46 90 
30 9 1231 104 1334 808 345 239 46 90 
30 9 1231 104 1334 809 345 239 46 90 
30 9 1231 104 1334 810 345 236 46 93 
30 9 1231 104 1334 811 345 236 46 93 
30 9 1231 104 1334 812 347 236 46 93 
30 9 1231 104 1334 813 347 237 46 90 
30 9 1231 104 1334 814 347 237 46 90 
30 9 1231 104 1334 815 347 237 46 90 
30 9 1231 104 1334 816 348 237 48 90 
30 9 1231 104 1334 817 348 234 48 93 
30 9 1231 104 1334 818 348 234 48 91 
30 9 1231 104 1334 819 348 234 48 91 
30 9 1231 104 1334 820 350 234 46 91 
30 9 1231 104 1334 821 350 234 46 91 
30 9 1231 104 1334 822 350 234 46 91 
30 9 1231 104 1334 823 352 234 46 91 
30 9 1231 104 1334 824 352 232 46 91 
30 9 1231 104 1334 825 352 232 46 91 
30 9 1231 104 1334 826 352 232 46 91 
30 9 1231 104 1334 827 354 232 46 91 
30 9 1231 104 1334 828 354 232 46 91 
30 9 1231 104 1334 829 354 232 46 91 
30 9 1231 104 1334 830 354 232 46 91 
30 9 1231 104 1334 831 356 232 46 91 
30 9 1231 104 1334 832 356 232 46 91 
30 9 1231 104 1334 833 356 232 46 91 
30 9 1231 104 1334 834 356 233 46 88 
30 9 1231 104 1334 835 357 233 46 88 
30 9 1231 104 1334 836 357 233 46 88 
30 9 1231 104 1334 837 357 233 46 88 
30 9 1231 104 1334 838 357 233 46 88 
30 9 1231 104 1334 839 359 233 46 88 
30 9 1231 104 1334 840 359 233 46 88 
30 9 1231 104 1334 841 359 233 46 88 
30 9 1231 104 1334 842 359 233 46 88 
30 9 1231 104 1334 843 361 233 46 88 
30 9 1231 104 1334 844 361 233 46 88 
30 9 1231 104 1334 845 361 232 46 87 
30 9 1231 104 1334 846 363 232 46 87 
30 9 1231 104 1334 847 363 232 46 87 
30 9 1231 104 1334 848 363 232 46 87 
30 9 1231 104 1334 849 363 232 46 87 
30 9 1231 104 1334 850 364 232 48 87 
30 9 1231 104 1334 851 364 232 48 87 
30 9 1231 104 1334 852 364 232 48 87 
30 9 1231 104 1334 853 364 232 48 87 
30 9 1231 104 1334 854 366 232 46 87 
30 9 1231 104 1334 855 366 232 46 85 
30 9 1231 104 1334 856 366 232 46 85 
30 9 1231 104 1334 857 366 232 46 85 
30 9 1231 104 1334 858 368 232 46 85 
30 9 1231 104 1334 859 368 232 46 85 
30 9 1231 104 1334 860 368 232 46 85 
30 9 1231 104 1334 861 368 232 46 85 
30 9 1231 104 1334 862 370 232 46 85 
30 9 1231 104 1334 863 370 232 46 85 
30 9 1231 104 1334 864 370 232 46 85 
30 9 1231 104 1334 865 372 232 46 85 
30 9 1231 104 1334 866 372 230 46 85 
30 9 1231 104 1334 867 372 230 46 85 
30 9 1231 104 1334 868 372 230 46 85 
30 9 1231 104 1334 869 372 228 46 85 
30 9 1231 104 1334 870 373 228 46 85 
30 9 1231 104 1334 871 373 228 46 85 
30 9 1231 104 1334 872 373 228 46 85 
30 9 1231 104 1334 873 373 226 46 85 
30 9 1231 104 1334 874 375 226 46 85 
30 9 1231 104 1334 875 375 226 46 85 
30 9 1231 104 1334 876 375 226 46 85 
30 9 1231 104 1334 877 375 226 46 84 
30 9 1231 104 1334 878 375 226 46 84 
30 9 1231 104 1334 879 377 226 46 84 
30 9 1231 104 1334 880 377 226 46 84 
30 9 1231 104 1334 881 377 223 46 85 
30 9 1231 104 1334 882 377 223 46 85 
30 9 1231 104 1334 883 379 223 46 85 
30 9 1231 104 1334 884 379 223 46 85 
30 9 1231 104 1334 885 379 221 46 85 
30 9 1231 104 1334 886 379 221 46 85 
30 9 1231 104 1334 887 380 221 48 85 
30 9 1231 104 1334 888 380 221 48 85 
30 9 1231 104 1334 889 380 219 48 85 
30 9 1231 104 1334 890 380 219 48 85 
30 9 1231 104 1334 891 380 219 48 85 
30 9 1231 104 1334 892 382 219 46 85 
30 9 1231 104 1334 893 382 217 46 85 
30 9 1231 104 1334 894 382 217 46 85 
30 9 1231 104 1334 895 382 217 46 85 
30 9 1231 104 1334 896 384 217 46 85 
30 9 1231 104 1334 897 384 216 46 85 
30 9 1231 104 1334 898 384 216 46 85 
30 9 1231 104 1334 899 384 216 46 85 
30 9 1231 104 1334 900 386 216 46 85 
30 9 1231 104 1334 901 386 214 46 85 
30 9 1231 104 1334 902 389 214 42 85 
30 9 1231 104 1334 903 389 215 42 82 
30 9 1231 104 1334 904 390 215 44 82 
30 9 1231 104 1334 905 393 215 40 82 
30 9 1231 104 1334 906 393 213 40 82 
30 9 1231 104 1334 907 395 213 38 82 
30 9 1231 104 1334 908 395 213 38 79 
30 9 1231 104 1334 909 398 213 34 79 
30 9 1231 104 1334 910 399 213 36 79 
30 9 1231 104 1334 911 399 213 36 79 
30 9 1231 104 1334 912 399 213 36 79 
30 9 1231 104 1334 913 399 213 36 79 
30 9 1231 104 1334 914 399 213 36 79 
30 9 1231 104 1334 915 401 213 36 79 
30 9 1231 104 1334 916 401 213 36 79 
30 9 1231 104 1334 917 401 213 36 79 
30 9 1231 104 1334 918 401 213 36 79 
30 9 1231 104 1334 919 401 213 36 79 
30 9 1231 104 1334 920 403 213 36 79 
30 9 1231 104 1334 921 403 213 36 79 
30 9 1231 104 1334 922 403 213 36 79 
30 9 1231 104 1334 923 405 213 36 79 
30 9 1231 104 1334 924 405 213 36 79 
30 9 1231 104 1334 925 407 213 34 79 
30 9 1231 104 1334 926 407 213 34 79 
30 9 1231 104 1334 927 407 213 34 79 
30 9 1231 104 1334 928 408 213 36 79 
30 9 1231 104 1334 929 408 213 36 79 
30 9 1231 104 1334 930 410 213 36 79 
30 9 1231 104 1334 931 410 213 36 79 
30 9 1231 104 1334 932 410 213 36 79 
30 9 1231 104 1334 933 412 213 36 79 
30 9 1231 104 1334 934 412 213 36 79 
30 9 1231 104 1334 935 414 213 34 79 
30 9 1231 104 1334 936 414 213 34 79 
30 9 1231 104 1334 937 414 213 34 79 
30 9 1231 104 1334 938 415 213 36 79 
30 9 1231 104 1334 939 415 213 36 79 
30 9 1231 104 1334 940 417 213 36 79 
30 9 1231 104 1334 941 417 213 36 79 
30 9 1231 104 1334 942 417 213 36 79 
30 9 1231 104 1334 943 417 213 36 79 
30 9 1231 104 1334 944 419 213 36 79 
30 9 1231 104 1334 945 419 213 36 79 
30 9 1231 104 1334 946 419 213 36 79 
30 9 1231 104 1334 947 421 213 36 79 
30 9 1231 104 1334 948 421 213 36 79 
30 9 1231 104 1334 949 421 213 36 79 
30 9 1231 104 1334 950 423 213 34 79 
30 9 1231 104 1334 951 423 213 34 79 
30 9 1231 104 1334 952 423 213 34 79 
30 9 1231 104 1334 953 423 213 34 79 
30 9 1231 104 1334 954 424 213 36 79 
30 9 1231 104 1334 955 424 213 36 79 
30 9 1231 104 1334 956 424 213 36 79 
30 9 1231 104 1334 957 426 213 36 79 
30 9 1231 104 1334 958 426 213 36 79 
30 9 1231 104 1334 959 426 213 36 79 
30 9 1231 104 1334 960 428 213 36 79 
30 9 1231 104 1334 961 428 211 36 81 
30 9 1231 104 1334 962 428 211 36 81 
30 9 1231 104 1334 963 428 211 36 81 
30 9 1231 104 1334 964 430 211 34 81 
30 9 1231 104 1334 965 430 211 34 81 
30 9 1231 104 1334 966 430 210 34 79 
30 9 1231 104 1334 967 431 210 36 79 
30 9 1231 104 1334 968 431 210 36 79 
30 9 1231 104 1334 969 431 210 36 79 
30 9 1231 104 1334 970 433 210 36 79 
30 9 1231 104 1334 971 433 210 36 79 
30 9 1231 104 1334 972 435 210 36 79 
30 9 1231 104 1334 973 435 210 36 79 
30 9 1231 104 1334 974 437 210 36 79 
30 9 1231 104 1334 975 439 210 34 79 
30 9 1231 104 1334 976 439 210 34 79 
30 9 1231 104 1334 977 440 210 36 79 
30 9 1231 104 1334 978 440 210 36 79 
30 9 1231 104 1334 979 442 210 36 79 
30 9 1231 104 1334 980 444 210 36 79 
30 9 1231 104 1334 981 444 210 36 79 
30 9 1231 104 1334 982 446 210 34 79 
30 9 1231 104 1334 983 446 210 34 79 
30 9 1231 104 1334 984 447 210 36 79 
30 9 1231 104 1334 985 449 210 36 79 
30 9 1231 104 1334 986 449 210 36 79 
30 9 1231 104 1334 987 451 210 36 79 
30 9 1231 104 1334 988 451 210 36 79 
30 9 1231 104 1334 989 453 210 36 79 
30 9 1231 104 1334 990 455 210 34 79 
30 9 1231 104 1334 991 455 208 34 79 
30 9 1231 104 1334 992 456 208 36 79 
30 9 1231 104 1334 993 456 208 36 79 
30 9 1231 104 1334 994 458 208 36 79 
30 9 1231 104 1334 995 458 208 36 79 
30 9 1231 104 1334 996 460 208 36 79 
30 9 1231 104 1334 997 460 208 36 79 
30 9 1231 104 1334 998 462 208 34 79 
30 9 1231 104 1334 999 462 208 34 79 
30 9 1231 104 1334 1000 463 208 36 79 
30 9 1231 104 1334 1001 463 208 36 79 
30 9 1231 104 1334 1002 463 208 36 79 
30 9 1231 104 1334 1003 465 208 36 79 
30 9 1231 104 1334 1004 465 208 36 79 
30 9 1231 104 1334 1005 467 208 36 79 
30 9 1231 104 1334 1006 467 208 36 79 
30 9 1231 104 1334 1007 467 208 36 79 
30 9 1231 104 1334 1008 469 208 36 79 
30 9 1231 104 1334 1009 469 208 36 79 
30 9 1231 104 1334 1010 471 208 34 79 
30 9 1231 104 1334 1011 471 208 34 79 
30 9 1231 104 1334 1012 472 208 36 79 
30 9 1231 104 1334 1013 472 208 36 79 
30 9 1231 104 1334 1014 474 208 36 79 
30 9 1231 104 1334 1015 474 208 36 79 
30 9 1231 104 1334 1016 476 208 36 79 
30 9 1231 104 1334 1017 476 208 36 79 
30 9 1231 104 1334 1018 478 208 34 79 
30 9 1231 104 1334 1019 478 208 34 79 
30 9 1231 104 1334 1020 479 208 36 79 
30 9 1231 104 1334 1021 479 208 36 79 
30 9 1231 104 1334 1022 481 208 36 79 
30 9 1231 104 1334 1023 481 208 36 79 
30 9 1231 104 1334 1024 483 208 36 79 
30 9 1231 104 1334 1025 483 208 36 79 
30 9 1231 104 1334 1026 485 208 36 79 
30 9 1231 104 1334 1027 485 208 36 79 
30 9 1231 104 1334 1028 487 208 34 79 
30 9 1231 104 1334 1029 487 208 34 79 
30 9 1231 104 1334 1030 488 208 36 79 
30 9 1231 104 1334 1031 488 208 36 79 
30 9 1231 104 1334 1032 488 208 36 79 
30 9 1231 104 1334 1033 490 208 36 79 
30 9 1231 104 1334 1034 490 208 36 79 
30 9 1231 104 1334 1035 492 208 36 79 
30 9 1231 104 1334 1036 492 208 36 79 
30 9 1231 104 1334 1037 492 208 36 79 
30 9 1231 104 1334 1038 494 208 34 79 
30 9 1231 104 1334 1039 494 208 34 79 
30 9 1231 104 1334 1040 495 208 36 79 
30 9 1231 104 1334 1041 495 208 36 79 
30 9 1231 104 1334 1042 497 208 36 79 
30 9 1231 104 1334 1043 499 208 36 79 
30 9 1231 104 1334 1044 501 208 36 79 
30 9 1231 104 1334 1045 503 208 34 79 
30 9 1231 104 1334 1046 504 208 36 79 
30 9 1231 104 1334 1047 506 208 36 79 
30 9 1231 104 1334 1048 508 208 36 79 
30 9 1231 104 1334 1049 510 208 34 79 
30 9 1231 104 1334 1050 511 208 36 79 
30 9 1231 104 1334 1051 513 208 36 79 
30 9 1231 104 1334 1052 515 208 36 79 
30 9 1231 104 1334 1053 517 208 36 79 
30 9 1231 104 1334 1054 519 208 34 79 
30 9 1231 104 1334 1055 520 208 36 79 
30 9 1231 104 1334 1056 522 208 36 79 
30 9 1231 104 1334 1057 524 208 36 79 
30 9 1231 104 1334 1058 526 208 34 79 
30 9 1231 104 1334 1059 527 208 36 79 
30 9 1231 104 1334 1060 529 208 36 79 
30 9 1231 104 1334 1061 529 208 36 79 
30 9 1231 104 1334 1062 529 208 36 79 
30 9 1231 104 1334 1063 531 208 36 79 
30 9 1231 104 1334 1064 531 208 36 79 
30 9 1231 104 1334 1065 533 208 36 79 
30 9 1231 104 1334 1066 533 208 36 79 
30 9 1231 104 1334 1067 533 208 36 79 
30 9 1231 104 1334 1068 535 208 34 79 
30 9 1231 104 1334 1069 535 208 34 79 
30 9 1231 104 1334 1070 536 208 36 79 
30 9 1231 104 1334 1071 536 208 36 79 
30 9 1231 104 1334 1072 536 208 36 79 
30 9 1231 104 1334 1073 536 208 36 79 
30 9 1231 104 1334 1074 538 208 36 79 
30 9 1231 104 1334 1075 538 208 36 79 
30 9 1231 104 1334 1076 538 208 36 79 
30 9 1231 104 1334 1077 540 208 36 79 
30 9 1231 104 1334 1078 540 208 36 79 
30 9 1231 104 1334 1079 540 208 36 79 
30 9 1231 104 1334 1080 542 208 34 79 
30 9 1231 104 1334 1081 542 208 34 79 
30 9 1231 104 1334 1082 543 208 36 79 
30 9 1231 104 1334 1083 545 208 36 79 
30 9 1231 104 1334 1084 547 208 36 79 
30 9 1231 104 1334 1085 549 208 36 79 
30 9 1231 104 1334 1086 551 208 34 79 
30 9 1231 104 1334 1087 552 208 36 79 
30 9 1231 104 1334 1088 554 208 36 79 
30 9 1231 104 1334 1089 556 208 36 79 
30 9 1231 104 1334 1090 558 208 34 79 
30 9 1231 104 1334 1091 558 208 34 79 
30 9 1231 104 1334 1092 559 208 36 79 
30 9 1231 104 1334 1093 561 208 36 79 
30 9 1231 104 1334 1094 563 208 36 79 
30 9 1231 104 1334 1095 565 208 36 79 
30 9 1231 104 1334 1096 567 208 34 79 
30 9 1231 104 1334 1097 568 208 36 79 
30 9 1231 104 1334 1098 570 208 36 79 
30 9 1231 104 1334 1099 572 208 36 79 
30 9 1231 104 1334 1100 574 208 34 79 
30 9 1231 104 1334 1101 574 206 34 79 
30 9 1231 104 1334 1102 574 206 34 79 
30 9 1231 104 1334 1103 574 206 34 79 
30 9 1231 104 1334 1104 575 206 36 79 
30 9 1231 104 1334 1105 575 206 36 79 
30 9 1231 104 1334 1106 575 206 36 79 
30 9 1231 104 1334 1107 577 206 36 79 
30 9 1231 104 1334 1108 577 206 36 79 
30 9 1231 104 1334 1109 577 206 36 79 
30 9 1231 104 1334 1110 579 206 36 79 
30 9 1231 104 1334 1111 579 206 36 79 
30 9 1231 104 1334 1112 581 206 36 79 
30 9 1231 104 1334 1113 583 206 34 79 
30 9 1231 104 1334 1114 584 206 36 79 
30 9 1231 104 1334 1115 586 206 36 79 
30 9 1231 104 1334 1116 588 206 36 79 
30 9 1231 104 1334 1117 590 206 34 79 
30 9 1231 104 1334 1118 591 206 36 79 
30 9 1231 104 1334 1119 593 206 36 79 
30 9 1231 104 1334 1120 595 206 36 79 
30 9 1231 104 1334 1121 595 204 36 81 
30 9 1231 104 1334 1122 597 204 36 81 
30 9 1231 104 1334 1123 599 204 34 81 
30 9 1231 104 1334 1124 599 204 34 81 
30 9 1231 104 1334 1125 600 204 36 81 
30 9 1231 104 1334 1126 602 204 36 81 
30 9 1231 104 1334 1127 602 204 36 81 
30 9 1231 104 1334 1128 604 204 36 81 
30 9 1231 104 1334 1129 606 204 34 81 
30 9 1231 104 1334 1130 607 204 36 81 
30 9 1231 104 1334 1131 607 202 36 81 
30 9 1231 104 1334 1132 607 202 36 81 
30 9 1231 104 1334 1133 609 202 36 81 
30 9 1231 104 1334 1134 609 202 36 81 
30 9 1231 104 1334 1135 611 202 36 81 
30 9 1231 104 1334 1136 611 202 36 81 
30 9 1231 104 1334 1137 611 202 36 81 
30 9 1231 104 1334 1138 613 202 36 81 
30 9 1231 104 1334 1139 613 202 36 81 
30 9 1231 104 1334 1140 615 202 34 81 
30 9 1231 104 1334 1141 615 202 34 81 
30 9 1231 104 1334 1142 616 202 36 81 
30 9 1231 104 1334 1143 618 202 36 81 
30 9 1231 104 1334 1144 620 202 36 81 
30 9 1231 104 1334 1145 622 202 34 81 
30 9 1231 104 1334 1146 622 202 34 81 
30 9 1231 104 1334 1147 623 202 36 81 
30 9 1231 104 1334 1148 625 202 36 81 
30 9 1231 104 1334 1149 627 202 36 81 
30 9 1231 104 1334 1150 629 202 36 81 
30 9 1231 104 1334 1151 629 202 36 81 
30 9 1231 104 1334 1152 631 202 34 81 
30 9 1231 104 1334 1153 632 202 36 81 
30 9 1231 104 1334 1154 632 202 36 81 
30 9 1231 104 1334 1155 634 202 36 81 
30 9 1231 104 1334 1156 636 202 36 81 
30 9 1231 104 1334 1157 636 202 36 81 
30 9 1231 104 1334 1158 638 202 34 81 
30 9 1231 104 1334 1159 639 202 36 81 
30 9 1231 104 1334 1160 641 202 36 81 
30 9 1231 104 1334 1161 641 202 36 81 
30 9 1231 104 1334 1162 643 202 36 81 
30 9 1231 104 1334 1163 643 202 36 81 
30 9 1231 104 1334 1164 645 202 36 81 
30 9 1231 104 1334 1165 647 202 34 81 
30 9 1231 104 1334 1166 647 202 34 81 
30 9 1231 104 1334 1167 648 202 36 81 
30 9 1231 104 1334 1168 648 202 36 81 
30 9 1231 104 1334 1169 650 202 36 81 
30 9 1231 104 1334 1170 652 204 36 81 
30 9 1231 104 1334 1171 652 204 36 81 
30 9 1231 104 1334 1172 654 204 34 81 
30 9 1231 104 1334 1173 654 204 34 81 
30 9 1231 104 1334 1174 655 204 36 81 
30 9 1231 104 1334 1175 657 204 36 81 
30 9 1231 104 1334 1176 657 204 36 81 
30 9 1231 104 1334 1177 659 204 36 81 
30 9 1231 104 1334 1178 659 204 36 81 
30 9 1231 104 1334 1179 661 204 36 81 
30 9 1231 104 1334 1180 663 204 34 81 
30 9 1231 104 1334 1181 663 204 34 81 
30 9 1231 104 1334 1182 663 204 34 81 
30 9 1231 104 1334 1183 664 204 36 81 
30 9 1231 104 1334 1184 664 204 36 81 
30 9 1231 104 1334 1185 666 204 36 81 
30 9 1231 104 1334 1186 666 204 36 81 
30 9 1231 104 1334 1187 666 204 36 81 
30 9 1231 104 1334 1188 668 204 36 81 
30 9 1231 104 1334 1189 668 204 36 81 
30 9 1231 104 1334 1190 670 204 34 81 
30 9 1231 104 1334 1191 670 204 34 81 
30 9 1231 104 1334 1192 671 204 36 81 
30 9 1231 104 1334 1193 671 204 36 81 
30 9 1231 104 1334 1194 673 204 36 81 
30 9 1231 104 1334 1195 675 204 36 81 
30 9 1231 104 1334 1196 675 204 36 81 
30 9 1231 104 1334 1197 677 204 36 81 
30 9 1231 104 1334 1198 677 204 36 81 
30 9 1231 104 1334 1199 679 204 34 81 
30 9 1231 104 1334 1200 680 204 36 81 
30 9 1231 104 1334 1201 680 202 36 81 
30 9 1231 104 1334 1202 682 202 36 81 
30 9 1231 104 1334 1203 682 202 36 81 
30 9 1231 104 1334 1204 684 202 36 81 
30 9 1231 104 1334 1205 686 202 34 81 
30 9 1231 104 1334 1206 686 202 34 81 
30 9 1231 104 1334 1207 687 202 36 81 
30 9 1231 104 1334 1208 690 202 32 81 
30 9 1231 104 1334 1209 689 202 36 81 
30 9 1231 104 1334 1210 691 202 36 81 
30 9 1231 104 1334 1211 694 203 32 78 
30 9 1231 104 1334 1212 693 203 36 78 
30 9 1231 104 1334 1213 696 203 32 78 
30 9 1231 104 1334 1214 695 203 34 78 
30 9 1231 104 1334 1215 696 203 36 78 
30 9 1231 104 1334 1216 699 203 32 78 
30 9 1231 104 1334 1217 698 203 36 78 
30 9 1231 104 1334 1218 701 203 32 78 
30 9 1231 104 1334 1219 703 203 32 78 
30 9 1231 104 1334 1220 702 203 34 78 
30 9 1231 104 1334 1221 704 203 32 78 
30 9 1231 104 1334 1222 706 203 32 75 
30 9 1231 104 1334 1223 705 203 36 75 
30 9 1231 104 1334 1224 708 203 32 75 
30 9 1231 104 1334 1225 710 203 32 75 
30 9 1231 104 1334 1226 710 203 32 75 
30 9 1231 104 1334 1227 712 203 32 75 
30 9 1231 104 1334 1228 711 203 34 75 
30 9 1231 104 1334 1229 713 203 32 75 
30 9 1231 104 1334 1230 715 203 32 75 
30 9 1231 104 1334 1231 715 203 32 75 
30 9 1231 104 1334 1232 717 203 32 75 
30 9 1231 104 1334 1233 719 204 32 72 
30 9 1231 104 1334 1234 719 204 32 72 
30 9 1231 104 1334 1235 720 204 32 72 
30 9 1231 104 1334 1236 723 204 28 72 
30 9 1231 104 1334 1237 722 204 32 72 
30 9 1231 104 1334 1238 724 204 32 72 
30 9 1231 104 1334 1239 724 204 32 72 
30 9 1231 104 1334 1240 726 204 32 72 
30 9 1231 104 1334 1241 729 204 28 72 
30 9 1231 104 1334 1242 728 204 32 72 
30 9 1231 104 1334 1243 729 204 32 70 
30 9 1231 104 1334 1244 732 204 28 70 
30 9 1231 104 1334 1245 731 204 32 70 
30 9 1231 104 1334 1246 733 204 32 70 
30 9 1231 104 1334 1247 736 204 28 70 
30 9 1231 104 1334 1248 735 204 32 70 
30 9 1231 104 1334 1249 736 204 30 70 
30 9 1231 104 1334 1250 739 204 28 70 
30 9 1231 104 1334 1251 738 204 32 70 
30 9 1231 104 1334 1252 741 204 28 70 
30 9 1231 104 1334 1253 740 204 32 70 
30 9 1231 104 1334 1254 743 204 28 67 
30 9 1231 104 1334 1255 745 204 28 67 
30 9 1231 104 1334 1256 744 204 32 67 
30 9 1231 104 1334 1257 745 204 30 67 
30 9 1231 104 1334 1258 748 204 28 67 
30 9 1231 104 1334 1259 748 204 28 67 
30 9 1231 104 1334 1260 750 204 28 67 
30 9 1231 104 1334 1261 752 204 28 67 
30 9 1231 104 1334 1262 752 204 28 67 
30 9 1231 104 1334 1263 752 204 30 67 
30 9 1231 104 1334 1264 755 204 28 67 
30 9 1231 104 1334 1265 755 204 28 66 
30 9 1231 104 1334 1266 755 204 28 66 
30 9 1231 104 1334 1267 757 204 28 66 
30 9 1231 104 1334 1268 757 204 28 66 
30 9 1231 104 1334 1269 757 204 28 66 
30 9 1231 104 1334 1270 759 204 28 66 
30 9 1231 104 1334 1271 759 204 28 66 
30 9 1231 104 1334 1272 761 204 28 66 
30 9 1231 104 1334 1273 761 204 28 66 
30 9 1231 104 1334 1274 761 204 28 66 
30 9 1231 104 1334 1275 761 204 30 66 
30 9 1231 104 1334 1276 761 204 30 66 
30 9 1231 104 1334 1277 761 204 30 66 
30 9 1231 104 1334 1278 764 204 28 66 
30 9 1231 104 1334 1279 764 204 28 66 
30 9 1231 104 1334 1280 766 204 28 66 
30 9 1231 104 1334 1281 766 204 28 66 
30 9 1231 104 1334 1282 766 204 28 66 
30 9 1231 104 1334 1283 768 204 28 66 
30 9 1231 104 1334 1284 768 204 28 66 
30 9 1231 104 1334 1285 768 204 28 66 
30 9 1231 104 1334 1286 768 204 30 66 
30 9 1231 104 1334 1287 768 204 30 66 
30 9 1231 104 1334 1288 771 204 28 66 
30 9 1231 104 1334 1289 771 204 28 66 
30 9 1231 104 1334 1290 771 204 28 66 
30 9 1231 104 1334 1291 773 204 28 66 
30 9 1231 104 1334 1292 773 204 28 66 
30 9 1231 104 1334 1293 775 204 28 66 
30 9 1231 104 1334 1294 775 202 28 66 
30 9 1231 104 1334 1295 775 202 28 66 
30 9 1231 104 1334 1296 775 202 28 66 
30 9 1231 104 1334 1297 775 202 28 66 
30 9 1231 104 1334 1298 775 202 28 66 
30 9 1231 104 1334 1299 774 202 32 66 
30 9 1231 104 1334 1300 774 202 32 66 
30 9 1231 104 1334 1301 774 202 32 66 
30 9 1231 104 1334 1302 774 202 32 66 
30 9 1231 104 1334 1303 774 202 32 66 
30 9 1231 104 1334 1304 776 199 32 67 
30 9 1231 104 1334 1305 776 199 32 67 
30 9 1231 104 1334 1306 776 199 32 67 
30 9 1231 104 1334 1307 776 199 32 67 
30 9 1231 104 1334 1308 776 199 32 67 
30 9 1231 104 1334 1309 775 199 34 67 
30 9 1231 104 1334 1310 775 199 34 67 
30 9 1231 104 1334 1311 775 199 34 67 
30 9 1231 104 1334 1312 775 199 34 67 
30 9 1231 104 1334 1313 775 199 34 67 
30 9 1231 104 1334 1314 776 197 36 67 
30 9 1231 104 1334 1315 776 197 36 67 
30 9 1231 104 1334 1316 776 197 36 67 
30 9 1231 104 1334 1317 776 197 36 67 
30 9 1231 104 1334 1318 776 197 36 67 
30 9 1231 104 1334 1319 775 197 40 67 
30 9 1231 104 1334 1320 775 197 40 67 
30 9 1231 104 1334 1321 775 197 40 67 
30 9 1231 104 1334 1322 775 197 40 67 
30 9 1231 104 1334 1323 775 197 40 67 
30 9 1231 104 1334 1324 777 197 40 66 
30 9 1231 104 1334 1325 777 197 40 66 
30 9 1231 104 1334 1326 777 197 40 66 
30 9 1231 104 1334 1327 777 197 40 66 
30 9 1231 104 1334 1328 777 197 40 66 
30 9 1231 104 1334 1329 776 197 42 66 
30 9 1231 104 1334 1330 776 197 42 66 
30 9 1231 104 1334 1331 776 197 42 66 
30 9 1231 104 1334 1332 776 197 42 66 
30 9 1231 104 1334 1333 776 197 42 66 
30 9 1231 104 1334 1334 778 195 42 66 
