4 9 313 0 312 0 587 208 58 82 
4 9 313 0 312 1 590 206 54 82 
4 9 313 0 312 2 593 206 52 82 
4 9 313 0 312 3 595 206 52 82 
4 9 313 0 312 4 595 206 54 82 
4 9 313 0 312 5 597 206 54 79 
4 9 313 0 312 6 599 206 54 79 
4 9 313 0 312 7 603 206 50 79 
4 9 313 0 312 8 605 206 50 79 
4 9 313 0 312 9 607 206 50 79 
4 9 313 0 312 10 609 207 50 78 
4 9 313 0 312 11 612 207 48 78 
4 9 313 0 312 12 612 207 50 78 
4 9 313 0 312 13 614 207 50 78 
4 9 313 0 312 14 619 207 46 78 
4 9 313 0 312 15 619 205 46 78 
4 9 313 0 312 16 620 205 48 78 
4 9 313 0 312 17 622 205 46 78 
4 9 313 0 312 18 624 205 46 78 
4 9 313 0 312 19 626 205 46 78 
4 9 313 0 312 20 628 205 46 78 
4 9 313 0 312 21 629 205 46 78 
4 9 313 0 312 22 631 205 46 75 
4 9 313 0 312 23 633 205 46 75 
4 9 313 0 312 24 635 205 46 75 
4 9 313 0 312 25 636 205 48 75 
4 9 313 0 312 26 638 205 46 75 
4 9 313 0 312 27 640 205 46 75 
4 9 313 0 312 28 642 205 46 75 
4 9 313 0 312 29 644 206 46 72 
4 9 313 0 312 30 645 206 46 72 
4 9 313 0 312 31 647 206 46 72 
4 9 313 0 312 32 649 206 46 72 
4 9 313 0 312 33 651 206 46 72 
4 9 313 0 312 34 652 206 48 72 
4 9 313 0 312 35 654 206 46 72 
4 9 313 0 312 36 656 206 46 69 
4 9 313 0 312 37 658 206 46 69 
4 9 313 0 312 38 660 206 46 69 
4 9 313 0 312 39 661 206 46 69 
4 9 313 0 312 40 663 206 46 69 
4 9 313 0 312 41 665 206 46 69 
4 9 313 0 312 42 667 206 46 69 
4 9 313 0 312 43 668 206 48 67 
4 9 313 0 312 44 670 206 46 67 
4 9 313 0 312 45 672 206 46 67 
4 9 313 0 312 46 674 206 46 67 
4 9 313 0 312 47 676 206 46 67 
4 9 313 0 312 48 677 206 46 67 
4 9 313 0 312 49 679 206 46 67 
4 9 313 0 312 50 681 206 46 67 
4 9 313 0 312 51 681 206 46 67 
4 9 313 0 312 52 683 206 46 67 
4 9 313 0 312 53 684 206 48 67 
4 9 313 0 312 54 686 206 46 67 
4 9 313 0 312 55 688 206 46 67 
4 9 313 0 312 56 688 206 46 67 
4 9 313 0 312 57 690 206 46 67 
4 9 313 0 312 58 692 206 46 67 
4 9 313 0 312 59 693 206 46 67 
4 9 313 0 312 60 695 206 46 67 
4 9 313 0 312 61 695 206 46 67 
4 9 313 0 312 62 697 206 46 67 
4 9 313 0 312 63 699 206 46 67 
4 9 313 0 312 64 700 206 48 67 
4 9 313 0 312 65 702 206 46 67 
4 9 313 0 312 66 702 206 46 67 
4 9 313 0 312 67 704 206 46 67 
4 9 313 0 312 68 706 206 46 67 
4 9 313 0 312 69 708 206 46 67 
4 9 313 0 312 70 709 206 46 67 
4 9 313 0 312 71 709 206 46 67 
4 9 313 0 312 72 711 206 46 67 
4 9 313 0 312 73 713 206 46 67 
4 9 313 0 312 74 715 206 46 67 
4 9 313 0 312 75 716 206 48 67 
4 9 313 0 312 76 716 206 48 67 
4 9 313 0 312 77 718 206 46 67 
4 9 313 0 312 78 720 206 46 67 
4 9 313 0 312 79 722 206 46 67 
4 9 313 0 312 80 724 209 46 66 
4 9 313 0 312 81 724 206 46 67 
4 9 313 0 312 82 725 206 46 67 
4 9 313 0 312 83 727 206 46 67 
4 9 313 0 312 84 729 206 46 67 
4 9 313 0 312 85 731 206 46 67 
4 9 313 0 312 86 732 206 48 67 
4 9 313 0 312 87 734 206 46 67 
4 9 313 0 312 88 734 206 46 67 
4 9 313 0 312 89 736 206 46 67 
4 9 313 0 312 90 738 206 46 67 
4 9 313 0 312 91 740 206 46 67 
4 9 313 0 312 92 741 206 46 67 
4 9 313 0 312 93 743 206 46 67 
4 9 313 0 312 94 745 206 46 67 
4 9 313 0 312 95 747 206 46 67 
4 9 313 0 312 96 747 206 46 67 
4 9 313 0 312 97 748 206 48 67 
4 9 313 0 312 98 750 206 46 67 
4 9 313 0 312 99 752 206 46 67 
4 9 313 0 312 100 754 206 46 67 
4 9 313 0 312 101 756 206 46 67 
4 9 313 0 312 102 757 206 46 67 
4 9 313 0 312 103 759 206 46 67 
4 9 313 0 312 104 759 206 46 67 
4 9 313 0 312 105 761 206 46 67 
4 9 313 0 312 106 763 206 46 67 
4 9 313 0 312 107 764 206 48 67 
4 9 313 0 312 108 766 206 46 67 
4 9 313 0 312 109 768 206 46 67 
4 9 313 0 312 110 770 206 46 67 
4 9 313 0 312 111 772 206 46 67 
4 9 313 0 312 112 772 206 46 67 
4 9 313 0 312 113 773 206 46 67 
4 9 313 0 312 114 775 206 46 67 
4 9 313 0 312 115 777 206 46 67 
4 9 313 0 312 116 779 206 46 67 
4 9 313 0 312 117 780 206 48 67 
4 9 313 0 312 118 782 206 46 67 
4 9 313 0 312 119 782 206 46 67 
4 9 313 0 312 120 784 206 46 67 
4 9 313 0 312 121 786 206 46 67 
4 9 313 0 312 122 788 206 46 67 
4 9 313 0 312 123 789 206 46 67 
4 9 313 0 312 124 791 206 46 67 
4 9 313 0 312 125 793 206 46 67 
4 9 313 0 312 126 795 206 46 67 
4 9 313 0 312 127 795 206 46 67 
4 9 313 0 312 128 796 206 48 67 
4 9 313 0 312 129 798 206 46 67 
4 9 313 0 312 130 800 206 46 67 
4 9 313 0 312 131 802 206 46 67 
4 9 313 0 312 132 804 206 46 67 
4 9 313 0 312 133 805 206 46 67 
4 9 313 0 312 134 807 206 46 67 
4 9 313 0 312 135 807 206 46 67 
4 9 313 0 312 136 809 206 46 67 
4 9 313 0 312 137 811 206 46 67 
4 9 313 0 312 138 812 206 48 67 
4 9 313 0 312 139 814 206 46 67 
4 9 313 0 312 140 816 206 46 67 
4 9 313 0 312 141 818 206 46 67 
4 9 313 0 312 142 820 206 46 67 
4 9 313 0 312 143 820 204 46 67 
4 9 313 0 312 144 821 204 46 67 
4 9 313 0 312 145 823 204 46 67 
4 9 313 0 312 146 825 204 46 67 
4 9 313 0 312 147 827 204 46 67 
4 9 313 0 312 148 827 204 46 67 
4 9 313 0 312 149 828 204 48 67 
4 9 313 0 312 150 830 204 46 67 
4 9 313 0 312 151 832 204 46 67 
4 9 313 0 312 152 834 204 46 67 
4 9 313 0 312 153 834 204 46 67 
4 9 313 0 312 154 836 204 46 67 
4 9 313 0 312 155 837 204 46 67 
4 9 313 0 312 156 839 204 46 67 
4 9 313 0 312 157 841 204 46 67 
4 9 313 0 312 158 841 204 46 67 
4 9 313 0 312 159 843 204 46 67 
4 9 313 0 312 160 844 204 48 67 
4 9 313 0 312 161 846 204 46 67 
4 9 313 0 312 162 848 204 46 67 
4 9 313 0 312 163 848 204 46 67 
4 9 313 0 312 164 850 204 46 66 
4 9 313 0 312 165 852 204 46 66 
4 9 313 0 312 166 853 204 46 66 
4 9 313 0 312 167 855 204 46 66 
4 9 313 0 312 168 855 204 46 66 
4 9 313 0 312 169 857 204 46 66 
4 9 313 0 312 170 859 204 46 66 
4 9 313 0 312 171 860 204 48 66 
4 9 313 0 312 172 862 204 46 66 
4 9 313 0 312 173 862 204 46 66 
4 9 313 0 312 174 864 204 46 66 
4 9 313 0 312 175 866 204 46 66 
4 9 313 0 312 176 868 204 46 66 
4 9 313 0 312 177 869 204 46 66 
4 9 313 0 312 178 871 204 46 66 
4 9 313 0 312 179 871 204 46 66 
4 9 313 0 312 180 873 204 46 66 
4 9 313 0 312 181 875 204 46 66 
4 9 313 0 312 182 876 204 48 66 
4 9 313 0 312 183 878 204 46 66 
4 9 313 0 312 184 878 204 46 66 
4 9 313 0 312 185 880 204 46 66 
4 9 313 0 312 186 882 202 46 66 
4 9 313 0 312 187 884 202 46 66 
4 9 313 0 312 188 885 202 46 66 
4 9 313 0 312 189 885 202 46 66 
4 9 313 0 312 190 887 202 46 66 
4 9 313 0 312 191 889 202 46 66 
4 9 313 0 312 192 891 202 46 66 
4 9 313 0 312 193 892 202 48 66 
4 9 313 0 312 194 892 202 48 66 
4 9 313 0 312 195 894 202 46 66 
4 9 313 0 312 196 896 202 46 66 
4 9 313 0 312 197 898 202 46 66 
4 9 313 0 312 198 900 202 46 66 
4 9 313 0 312 199 900 202 46 66 
4 9 313 0 312 200 901 202 46 66 
4 9 313 0 312 201 903 202 46 66 
4 9 313 0 312 202 905 202 46 66 
4 9 313 0 312 203 907 202 46 66 
4 9 313 0 312 204 907 202 46 66 
4 9 313 0 312 205 908 202 48 66 
4 9 313 0 312 206 910 202 46 66 
4 9 313 0 312 207 912 199 46 67 
4 9 313 0 312 208 914 199 46 67 
4 9 313 0 312 209 914 199 46 67 
4 9 313 0 312 210 916 199 46 67 
4 9 313 0 312 211 917 199 46 67 
4 9 313 0 312 212 919 199 46 67 
4 9 313 0 312 213 921 199 46 67 
4 9 313 0 312 214 923 199 46 67 
4 9 313 0 312 215 923 199 46 67 
4 9 313 0 312 216 924 199 48 67 
4 9 313 0 312 217 926 199 46 67 
4 9 313 0 312 218 928 199 46 67 
4 9 313 0 312 219 930 199 46 67 
4 9 313 0 312 220 930 199 46 67 
4 9 313 0 312 221 932 199 46 67 
4 9 313 0 312 222 933 199 46 67 
4 9 313 0 312 223 935 199 46 67 
4 9 313 0 312 224 937 199 46 67 
4 9 313 0 312 225 937 199 46 67 
4 9 313 0 312 226 939 199 46 67 
4 9 313 0 312 227 940 199 48 67 
4 9 313 0 312 228 942 199 46 67 
4 9 313 0 312 229 944 197 46 67 
4 9 313 0 312 230 944 197 46 67 
4 9 313 0 312 231 946 197 46 67 
4 9 313 0 312 232 948 197 46 67 
4 9 313 0 312 233 949 197 46 67 
4 9 313 0 312 234 951 197 46 67 
4 9 313 0 312 235 951 197 46 67 
4 9 313 0 312 236 953 197 46 67 
4 9 313 0 312 237 955 197 46 67 
4 9 313 0 312 238 956 197 48 67 
4 9 313 0 312 239 958 197 46 67 
4 9 313 0 312 240 958 197 46 67 
4 9 313 0 312 241 960 197 46 67 
4 9 313 0 312 242 962 197 46 67 
4 9 313 0 312 243 964 197 46 67 
4 9 313 0 312 244 965 197 46 67 
4 9 313 0 312 245 965 197 46 67 
4 9 313 0 312 246 967 197 46 67 
4 9 313 0 312 247 969 197 46 67 
4 9 313 0 312 248 971 197 46 67 
4 9 313 0 312 249 972 197 48 67 
4 9 313 0 312 250 974 197 46 67 
4 9 313 0 312 251 974 197 46 67 
4 9 313 0 312 252 974 197 46 67 
4 9 313 0 312 253 976 197 46 67 
4 9 313 0 312 254 976 197 46 67 
4 9 313 0 312 255 976 197 46 67 
4 9 313 0 312 256 978 197 46 67 
4 9 313 0 312 257 978 197 46 67 
4 9 313 0 312 258 980 197 46 67 
4 9 313 0 312 259 980 197 46 67 
4 9 313 0 312 260 980 197 46 67 
4 9 313 0 312 261 981 197 46 67 
4 9 313 0 312 262 981 197 46 67 
4 9 313 0 312 263 983 197 46 67 
4 9 313 0 312 264 983 197 46 67 
4 9 313 0 312 265 983 197 46 67 
4 9 313 0 312 266 985 197 46 67 
4 9 313 0 312 267 985 197 46 67 
4 9 313 0 312 268 987 199 46 67 
4 9 313 0 312 269 987 199 46 67 
4 9 313 0 312 270 987 199 46 67 
4 9 313 0 312 271 988 199 48 67 
4 9 313 0 312 272 988 199 48 67 
4 9 313 0 312 273 988 199 48 67 
4 9 313 0 312 274 990 199 46 67 
4 9 313 0 312 275 990 199 46 67 
4 9 313 0 312 276 992 199 46 67 
4 9 313 0 312 277 992 199 46 67 
4 9 313 0 312 278 992 199 46 67 
4 9 313 0 312 279 994 199 46 67 
4 9 313 0 312 280 994 199 46 67 
4 9 313 0 312 281 996 199 46 67 
4 9 313 0 312 282 996 199 46 67 
4 9 313 0 312 283 996 199 46 67 
4 9 313 0 312 284 997 199 46 67 
4 9 313 0 312 285 997 199 46 67 
4 9 313 0 312 286 999 202 46 66 
4 9 313 0 312 287 999 202 46 66 
4 9 313 0 312 288 999 202 46 66 
4 9 313 0 312 289 999 202 46 66 
4 9 313 0 312 290 999 202 46 66 
4 9 313 0 312 291 999 202 46 66 
4 9 313 0 312 292 999 202 46 66 
4 9 313 0 312 293 999 202 46 66 
4 9 313 0 312 294 1001 202 46 66 
4 9 313 0 312 295 1001 202 46 66 
4 9 313 0 312 296 1001 202 46 66 
4 9 313 0 312 297 1001 202 46 66 
4 9 313 0 312 298 1001 202 46 66 
4 9 313 0 312 299 1001 202 46 66 
4 9 313 0 312 300 1001 202 46 66 
4 9 313 0 312 301 1003 202 46 66 
4 9 313 0 312 302 1003 202 46 66 
4 9 313 0 312 303 1003 202 46 66 
4 9 313 0 312 304 1003 202 46 66 
4 9 313 0 312 305 1003 202 46 66 
4 9 313 0 312 306 1003 202 46 66 
4 9 313 0 312 307 1003 202 46 66 
4 9 313 0 312 308 1004 202 48 66 
4 9 313 0 312 309 1004 202 48 66 
4 9 313 0 312 310 1004 202 48 66 
4 9 313 0 312 311 1004 202 48 66 
4 9 313 0 312 312 1004 202 48 66 
5 11 47 290 336 290 990 192 74 76 
5 11 47 290 336 291 990 192 74 76 
5 11 47 290 336 292 990 192 74 76 
5 11 47 290 336 293 990 192 74 76 
5 11 47 290 336 294 990 192 74 76 
5 11 47 290 336 295 990 192 74 76 
5 11 47 290 336 296 990 192 74 76 
5 11 47 290 336 297 990 192 74 76 
5 11 47 290 336 298 990 192 74 76 
5 11 47 290 336 299 990 192 74 76 
5 11 47 290 336 300 990 192 74 76 
5 11 47 290 336 301 990 192 74 76 
5 11 47 290 336 302 990 192 74 76 
5 11 47 290 336 303 990 192 74 76 
5 11 47 290 336 304 990 192 74 76 
5 11 47 290 336 305 990 192 74 76 
5 11 47 290 336 306 990 192 74 76 
5 11 47 290 336 307 990 192 74 76 
5 11 47 290 336 308 990 192 74 76 
5 11 47 290 336 309 990 192 74 76 
5 11 47 290 336 310 990 192 74 76 
5 11 47 290 336 311 990 192 74 76 
5 11 47 290 336 312 990 192 74 76 
5 11 47 290 336 313 990 192 74 76 
5 11 47 290 336 314 990 192 74 76 
5 11 47 290 336 315 990 192 74 76 
5 11 47 290 336 316 990 192 74 76 
5 11 47 290 336 317 990 192 74 76 
5 11 47 290 336 318 990 192 74 76 
5 11 47 290 336 319 990 192 74 76 
5 11 47 290 336 320 990 192 74 76 
5 11 47 290 336 321 990 192 74 76 
5 11 47 290 336 322 990 192 74 76 
5 11 47 290 336 323 990 192 74 76 
5 11 47 290 336 324 990 192 74 76 
5 11 47 290 336 325 990 192 74 76 
5 11 47 290 336 326 990 192 74 76 
5 11 47 290 336 327 990 192 74 76 
5 11 47 290 336 328 990 192 74 76 
5 11 47 290 336 329 990 192 74 76 
5 11 47 290 336 330 990 192 74 76 
5 11 47 290 336 331 990 192 74 76 
5 11 47 290 336 332 990 192 74 76 
5 11 47 290 336 333 990 192 74 76 
5 11 47 290 336 334 990 192 74 76 
5 11 47 290 336 335 990 192 74 76 
5 11 47 290 336 336 990 192 74 76 
6 9 615 0 614 0 959 203 50 69 
6 9 615 0 614 1 957 203 50 69 
6 9 615 0 614 2 955 203 50 69 
6 9 615 0 614 3 954 203 50 69 
6 9 615 0 614 4 952 203 50 69 
6 9 615 0 614 5 950 203 50 69 
6 9 615 0 614 6 948 203 50 69 
6 9 615 0 614 7 948 203 50 69 
6 9 615 0 614 8 948 203 48 69 
6 9 615 0 614 9 945 203 50 69 
6 9 615 0 614 10 943 203 50 69 
6 9 615 0 614 11 941 203 50 69 
6 9 615 0 614 12 939 203 50 69 
6 9 615 0 614 13 939 204 50 70 
6 9 615 0 614 14 938 204 50 70 
6 9 615 0 614 15 936 204 50 70 
6 9 615 0 614 16 934 204 50 70 
6 9 615 0 614 17 932 204 50 70 
6 9 615 0 614 18 932 204 48 70 
6 9 615 0 614 19 932 204 48 70 
6 9 615 0 614 20 929 204 50 70 
6 9 615 0 614 21 927 204 50 70 
6 9 615 0 614 22 925 204 50 70 
6 9 615 0 614 23 923 204 50 70 
6 9 615 0 614 24 922 204 50 70 
6 9 615 0 614 25 922 206 50 69 
6 9 615 0 614 26 920 204 50 72 
6 9 615 0 614 27 918 204 50 72 
6 9 615 0 614 28 916 204 50 72 
6 9 615 0 614 29 916 204 48 72 
6 9 615 0 614 30 913 204 50 72 
6 9 615 0 614 31 911 204 50 72 
6 9 615 0 614 32 909 204 50 72 
6 9 615 0 614 33 907 203 50 75 
6 9 615 0 614 34 906 203 50 75 
6 9 615 0 614 35 904 203 50 75 
6 9 615 0 614 36 902 203 50 75 
6 9 615 0 614 37 900 203 50 75 
6 9 615 0 614 38 900 203 48 75 
6 9 615 0 614 39 897 203 50 75 
6 9 615 0 614 40 895 203 50 75 
6 9 615 0 614 41 893 203 50 78 
6 9 615 0 614 42 891 203 50 78 
6 9 615 0 614 43 890 203 50 78 
6 9 615 0 614 44 888 203 50 78 
6 9 615 0 614 45 886 203 50 78 
6 9 615 0 614 46 884 203 50 78 
6 9 615 0 614 47 884 203 48 78 
6 9 615 0 614 48 881 203 50 78 
6 9 615 0 614 49 879 202 50 81 
6 9 615 0 614 50 877 202 50 81 
6 9 615 0 614 51 875 202 50 81 
6 9 615 0 614 52 874 202 50 81 
6 9 615 0 614 53 872 202 50 81 
6 9 615 0 614 54 870 202 50 81 
6 9 615 0 614 55 868 202 50 81 
6 9 615 0 614 56 868 202 48 81 
6 9 615 0 614 57 865 202 50 84 
6 9 615 0 614 58 863 202 50 84 
6 9 615 0 614 59 861 202 50 84 
6 9 615 0 614 60 859 202 50 84 
6 9 615 0 614 61 858 202 50 84 
6 9 615 0 614 62 856 202 50 84 
6 9 615 0 614 63 854 202 50 84 
6 9 615 0 614 64 852 202 50 84 
6 9 615 0 614 65 852 201 48 85 
6 9 615 0 614 66 849 201 50 85 
6 9 615 0 614 67 847 201 50 85 
6 9 615 0 614 68 845 201 50 85 
6 9 615 0 614 69 843 201 50 85 
6 9 615 0 614 70 842 201 50 85 
6 9 615 0 614 71 840 201 50 85 
6 9 615 0 614 72 838 201 50 85 
6 9 615 0 614 73 838 201 50 88 
6 9 615 0 614 74 836 201 50 88 
6 9 615 0 614 75 836 201 48 88 
6 9 615 0 614 76 833 201 50 88 
6 9 615 0 614 77 831 201 50 88 
6 9 615 0 614 78 829 201 50 88 
6 9 615 0 614 79 830 201 46 88 
6 9 615 0 614 80 827 201 50 88 
6 9 615 0 614 81 826 201 50 88 
6 9 615 0 614 82 824 201 50 88 
6 9 615 0 614 83 822 201 50 88 
6 9 615 0 614 84 820 201 50 88 
6 9 615 0 614 85 821 201 46 88 
6 9 615 0 614 86 820 201 48 88 
6 9 615 0 614 87 817 201 50 88 
6 9 615 0 614 88 815 201 50 88 
6 9 615 0 614 89 813 201 50 88 
6 9 615 0 614 90 814 201 46 88 
6 9 615 0 614 91 812 201 48 88 
6 9 615 0 614 92 811 201 46 88 
6 9 615 0 614 93 808 201 50 88 
6 9 615 0 614 94 806 201 50 88 
6 9 615 0 614 95 804 201 50 88 
6 9 615 0 614 96 805 201 46 88 
6 9 615 0 614 97 804 201 46 88 
6 9 615 0 614 98 802 201 46 88 
6 9 615 0 614 99 799 201 50 88 
6 9 615 0 614 100 797 201 50 88 
6 9 615 0 614 101 795 201 50 88 
6 9 615 0 614 102 796 201 48 88 
6 9 615 0 614 103 795 201 46 88 
6 9 615 0 614 104 793 201 46 88 
6 9 615 0 614 105 790 201 50 88 
6 9 615 0 614 106 788 201 50 88 
6 9 615 0 614 107 789 201 46 88 
6 9 615 0 614 108 788 201 46 88 
6 9 615 0 614 109 786 201 46 88 
6 9 615 0 614 110 784 201 46 88 
6 9 615 0 614 111 782 201 46 88 
6 9 615 0 614 112 779 201 50 88 
6 9 615 0 614 113 780 201 48 88 
6 9 615 0 614 114 779 201 46 88 
6 9 615 0 614 115 777 201 46 88 
6 9 615 0 614 116 775 201 46 88 
6 9 615 0 614 117 773 201 46 88 
6 9 615 0 614 118 772 201 48 88 
6 9 615 0 614 119 772 201 46 88 
6 9 615 0 614 120 770 201 46 88 
6 9 615 0 614 121 768 201 46 88 
6 9 615 0 614 122 766 201 46 88 
6 9 615 0 614 123 764 201 48 88 
6 9 615 0 614 124 764 201 48 88 
6 9 615 0 614 125 763 201 46 85 
6 9 615 0 614 126 761 201 46 85 
6 9 615 0 614 127 759 201 46 85 
6 9 615 0 614 128 757 201 46 85 
6 9 615 0 614 129 756 201 46 85 
6 9 615 0 614 130 754 201 46 85 
6 9 615 0 614 131 752 201 46 85 
6 9 615 0 614 132 750 201 46 85 
6 9 615 0 614 133 748 201 48 85 
6 9 615 0 614 134 747 201 46 85 
6 9 615 0 614 135 745 201 46 85 
6 9 615 0 614 136 743 201 46 85 
6 9 615 0 614 137 741 201 46 85 
6 9 615 0 614 138 740 201 46 85 
6 9 615 0 614 139 738 201 46 85 
6 9 615 0 614 140 736 201 46 85 
6 9 615 0 614 141 734 201 46 85 
6 9 615 0 614 142 732 201 48 85 
6 9 615 0 614 143 731 201 46 85 
6 9 615 0 614 144 729 201 46 85 
6 9 615 0 614 145 727 201 46 85 
6 9 615 0 614 146 725 201 46 85 
6 9 615 0 614 147 724 201 46 85 
6 9 615 0 614 148 722 204 46 82 
6 9 615 0 614 149 720 204 46 82 
6 9 615 0 614 150 718 204 46 82 
6 9 615 0 614 151 716 204 48 82 
6 9 615 0 614 152 715 204 46 82 
6 9 615 0 614 153 713 204 46 82 
6 9 615 0 614 154 711 204 46 82 
6 9 615 0 614 155 709 204 46 82 
6 9 615 0 614 156 708 204 46 82 
6 9 615 0 614 157 706 204 46 82 
6 9 615 0 614 158 704 204 46 82 
6 9 615 0 614 159 702 204 46 82 
6 9 615 0 614 160 700 204 48 82 
6 9 615 0 614 161 699 204 46 82 
6 9 615 0 614 162 697 204 46 82 
6 9 615 0 614 163 695 204 46 82 
6 9 615 0 614 164 693 204 46 82 
6 9 615 0 614 165 692 204 46 82 
6 9 615 0 614 166 690 204 46 82 
6 9 615 0 614 167 688 204 46 82 
6 9 615 0 614 168 686 204 46 82 
6 9 615 0 614 169 684 204 48 82 
6 9 615 0 614 170 683 204 46 82 
6 9 615 0 614 171 683 206 46 79 
6 9 615 0 614 172 681 204 46 81 
6 9 615 0 614 173 679 204 46 81 
6 9 615 0 614 174 679 204 46 81 
6 9 615 0 614 175 677 202 46 81 
6 9 615 0 614 176 677 202 46 81 
6 9 615 0 614 177 676 202 46 81 
6 9 615 0 614 178 676 202 46 81 
6 9 615 0 614 179 674 202 46 81 
6 9 615 0 614 180 672 202 46 81 
6 9 615 0 614 181 670 202 46 81 
6 9 615 0 614 182 668 202 48 81 
6 9 615 0 614 183 667 202 46 81 
6 9 615 0 614 184 665 202 46 81 
6 9 615 0 614 185 663 202 46 81 
6 9 615 0 614 186 661 202 46 81 
6 9 615 0 614 187 660 202 46 81 
6 9 615 0 614 188 658 202 46 81 
6 9 615 0 614 189 656 202 46 81 
6 9 615 0 614 190 654 202 46 81 
6 9 615 0 614 191 652 202 48 81 
6 9 615 0 614 192 650 202 50 81 
6 9 615 0 614 193 648 202 50 81 
6 9 615 0 614 194 646 202 50 81 
6 9 615 0 614 195 644 202 50 81 
6 9 615 0 614 196 644 202 48 81 
6 9 615 0 614 197 641 202 50 81 
6 9 615 0 614 198 639 202 50 81 
6 9 615 0 614 199 637 202 50 81 
6 9 615 0 614 200 635 202 50 81 
6 9 615 0 614 201 634 202 50 81 
6 9 615 0 614 202 632 202 50 81 
6 9 615 0 614 203 630 202 50 81 
6 9 615 0 614 204 628 202 50 81 
6 9 615 0 614 205 628 202 50 84 
6 9 615 0 614 206 628 202 48 84 
6 9 615 0 614 207 625 202 50 84 
6 9 615 0 614 208 623 202 50 84 
6 9 615 0 614 209 624 202 46 84 
6 9 615 0 614 210 621 202 50 84 
6 9 615 0 614 211 619 202 50 84 
6 9 615 0 614 212 620 202 48 84 
6 9 615 0 614 213 619 202 46 84 
6 9 615 0 614 214 616 202 50 84 
6 9 615 0 614 215 614 202 50 84 
6 9 615 0 614 216 615 202 46 84 
6 9 615 0 614 217 613 202 46 84 
6 9 615 0 614 218 612 202 48 84 
6 9 615 0 614 219 612 202 46 84 
6 9 615 0 614 220 610 202 46 84 
6 9 615 0 614 221 608 202 46 84 
6 9 615 0 614 222 605 202 50 84 
6 9 615 0 614 223 606 202 46 84 
6 9 615 0 614 224 604 202 48 84 
6 9 615 0 614 225 603 202 46 84 
6 9 615 0 614 226 603 204 46 81 
6 9 615 0 614 227 601 204 46 81 
6 9 615 0 614 228 599 204 46 81 
6 9 615 0 614 229 597 204 46 81 
6 9 615 0 614 230 596 204 46 81 
6 9 615 0 614 231 594 204 46 81 
6 9 615 0 614 232 592 204 46 81 
6 9 615 0 614 233 590 204 46 81 
6 9 615 0 614 234 588 204 48 81 
6 9 615 0 614 235 587 204 46 81 
6 9 615 0 614 236 585 204 46 81 
6 9 615 0 614 237 585 204 46 81 
6 9 615 0 614 238 583 204 46 81 
6 9 615 0 614 239 581 204 46 81 
6 9 615 0 614 240 580 204 46 81 
6 9 615 0 614 241 578 204 46 81 
6 9 615 0 614 242 576 204 46 81 
6 9 615 0 614 243 574 204 46 81 
6 9 615 0 614 244 572 204 48 81 
6 9 615 0 614 245 571 204 46 81 
6 9 615 0 614 246 569 204 46 81 
6 9 615 0 614 247 569 204 46 81 
6 9 615 0 614 248 567 204 46 81 
6 9 615 0 614 249 565 204 46 81 
6 9 615 0 614 250 564 204 46 81 
6 9 615 0 614 251 562 204 46 81 
6 9 615 0 614 252 560 204 46 81 
6 9 615 0 614 253 558 204 46 81 
6 9 615 0 614 254 556 204 48 81 
6 9 615 0 614 255 555 204 46 81 
6 9 615 0 614 256 553 204 46 81 
6 9 615 0 614 257 551 204 46 81 
6 9 615 0 614 258 551 204 46 81 
6 9 615 0 614 259 549 204 46 81 
6 9 615 0 614 260 548 204 46 81 
6 9 615 0 614 261 546 204 46 81 
6 9 615 0 614 262 544 204 46 81 
6 9 615 0 614 263 542 204 46 81 
6 9 615 0 614 264 540 204 48 81 
6 9 615 0 614 265 539 204 46 81 
6 9 615 0 614 266 537 204 46 81 
6 9 615 0 614 267 535 204 46 81 
6 9 615 0 614 268 535 204 46 81 
6 9 615 0 614 269 533 204 46 81 
6 9 615 0 614 270 532 204 46 81 
6 9 615 0 614 271 530 204 46 81 
6 9 615 0 614 272 528 204 46 81 
6 9 615 0 614 273 526 204 46 81 
6 9 615 0 614 274 524 204 48 81 
6 9 615 0 614 275 523 204 46 81 
6 9 615 0 614 276 521 204 46 81 
6 9 615 0 614 277 519 204 46 81 
6 9 615 0 614 278 519 206 46 79 
6 9 615 0 614 279 517 206 46 79 
6 9 615 0 614 280 516 206 46 79 
6 9 615 0 614 281 514 206 46 79 
6 9 615 0 614 282 512 206 46 79 
6 9 615 0 614 283 510 206 46 79 
6 9 615 0 614 284 508 206 48 79 
6 9 615 0 614 285 507 206 46 79 
6 9 615 0 614 286 505 206 46 79 
6 9 615 0 614 287 503 206 46 79 
6 9 615 0 614 288 501 206 46 79 
6 9 615 0 614 289 501 206 46 79 
6 9 615 0 614 290 500 206 46 79 
6 9 615 0 614 291 498 206 46 79 
6 9 615 0 614 292 496 206 46 79 
6 9 615 0 614 293 494 206 46 79 
6 9 615 0 614 294 492 206 48 79 
6 9 615 0 614 295 491 206 46 79 
6 9 615 0 614 296 489 206 46 79 
6 9 615 0 614 297 487 206 46 79 
6 9 615 0 614 298 485 206 46 79 
6 9 615 0 614 299 484 206 46 79 
6 9 615 0 614 300 484 206 46 79 
6 9 615 0 614 301 482 207 46 78 
6 9 615 0 614 302 480 207 46 78 
6 9 615 0 614 303 478 207 46 78 
6 9 615 0 614 304 476 207 48 78 
6 9 615 0 614 305 475 207 46 78 
6 9 615 0 614 306 476 207 42 75 
6 9 615 0 614 307 474 207 42 75 
6 9 615 0 614 308 472 207 42 75 
6 9 615 0 614 309 470 207 44 75 
6 9 615 0 614 310 469 207 42 75 
6 9 615 0 614 311 470 210 38 72 
6 9 615 0 614 312 468 210 38 72 
6 9 615 0 614 313 466 210 40 72 
6 9 615 0 614 314 464 210 40 72 
6 9 615 0 614 315 464 210 40 72 
6 9 615 0 614 316 462 210 40 72 
6 9 615 0 614 317 461 210 38 72 
6 9 615 0 614 318 459 210 38 72 
6 9 615 0 614 319 459 210 38 72 
6 9 615 0 614 320 457 212 40 72 
6 9 615 0 614 321 455 212 40 72 
6 9 615 0 614 322 454 212 38 72 
6 9 615 0 614 323 454 212 38 72 
6 9 615 0 614 324 452 212 38 72 
6 9 615 0 614 325 450 212 40 72 
6 9 615 0 614 326 450 212 40 72 
6 9 615 0 614 327 448 212 40 72 
6 9 615 0 614 328 446 212 40 72 
6 9 615 0 614 329 445 213 38 72 
6 9 615 0 614 330 445 213 38 72 
6 9 615 0 614 331 443 213 38 72 
6 9 615 0 614 332 441 213 40 72 
6 9 615 0 614 333 439 213 40 72 
6 9 615 0 614 334 439 213 40 72 
6 9 615 0 614 335 438 213 38 72 
6 9 615 0 614 336 436 213 38 72 
6 9 615 0 614 337 434 213 40 72 
6 9 615 0 614 338 434 215 40 72 
6 9 615 0 614 339 432 215 40 72 
6 9 615 0 614 340 430 215 40 72 
6 9 615 0 614 341 430 215 40 72 
6 9 615 0 614 342 429 215 38 72 
6 9 615 0 614 343 427 215 38 72 
6 9 615 0 614 344 425 215 40 72 
6 9 615 0 614 345 425 215 40 72 
6 9 615 0 614 346 423 215 40 72 
6 9 615 0 614 347 422 217 38 72 
6 9 615 0 614 348 420 217 38 72 
6 9 615 0 614 349 420 217 38 72 
6 9 615 0 614 350 418 217 40 72 
6 9 615 0 614 351 416 217 40 72 
6 9 615 0 614 352 414 217 40 72 
6 9 615 0 614 353 414 217 40 72 
6 9 615 0 614 354 413 217 38 72 
6 9 615 0 614 355 411 217 38 72 
6 9 615 0 614 356 411 219 38 72 
6 9 615 0 614 357 409 219 40 72 
6 9 615 0 614 358 409 219 40 72 
6 9 615 0 614 359 407 219 40 72 
6 9 615 0 614 360 407 219 40 72 
6 9 615 0 614 361 406 220 38 72 
6 9 615 0 614 362 406 220 38 72 
6 9 615 0 614 363 404 220 38 72 
6 9 615 0 614 364 404 220 38 72 
6 9 615 0 614 365 404 220 38 72 
6 9 615 0 614 366 402 222 40 72 
6 9 615 0 614 367 402 222 40 72 
6 9 615 0 614 368 400 222 40 72 
6 9 615 0 614 369 400 222 40 72 
6 9 615 0 614 370 398 222 40 72 
6 9 615 0 614 371 398 224 40 72 
6 9 615 0 614 372 397 224 38 72 
6 9 615 0 614 373 397 224 38 72 
6 9 615 0 614 374 397 224 38 72 
6 9 615 0 614 375 395 226 38 72 
6 9 615 0 614 376 395 226 38 72 
6 9 615 0 614 377 393 226 40 72 
6 9 615 0 614 378 393 226 40 72 
6 9 615 0 614 379 391 226 40 72 
6 9 615 0 614 380 391 228 40 72 
6 9 615 0 614 381 390 228 38 72 
6 9 615 0 614 382 390 228 38 72 
6 9 615 0 614 383 390 228 38 72 
6 9 615 0 614 384 388 228 38 72 
6 9 615 0 614 385 388 229 38 72 
6 9 615 0 614 386 386 229 40 72 
6 9 615 0 614 387 386 229 40 72 
6 9 615 0 614 388 384 229 40 72 
6 9 615 0 614 389 384 229 40 72 
6 9 615 0 614 390 382 231 40 72 
6 9 615 0 614 391 382 231 40 72 
6 9 615 0 614 392 382 231 40 72 
6 9 615 0 614 393 381 231 38 72 
6 9 615 0 614 394 381 233 38 72 
6 9 615 0 614 395 379 233 38 72 
6 9 615 0 614 396 379 233 38 72 
6 9 615 0 614 397 377 233 40 72 
6 9 615 0 614 398 377 233 40 72 
6 9 615 0 614 399 375 235 40 72 
6 9 615 0 614 400 375 235 40 72 
6 9 615 0 614 401 375 235 40 72 
6 9 615 0 614 402 374 235 38 72 
6 9 615 0 614 403 374 235 38 72 
6 9 615 0 614 404 372 236 38 72 
6 9 615 0 614 405 372 236 38 72 
6 9 615 0 614 406 370 236 40 72 
6 9 615 0 614 407 370 236 40 72 
6 9 615 0 614 408 370 238 40 72 
6 9 615 0 614 409 368 238 40 72 
6 9 615 0 614 410 366 238 40 72 
6 9 615 0 614 411 365 238 38 72 
6 9 615 0 614 412 363 238 38 72 
6 9 615 0 614 413 363 238 38 72 
6 9 615 0 614 414 361 238 40 72 
6 9 615 0 614 415 359 238 40 72 
6 9 615 0 614 416 358 240 38 72 
6 9 615 0 614 417 358 240 38 72 
6 9 615 0 614 418 356 240 38 72 
6 9 615 0 614 419 354 240 40 72 
6 9 615 0 614 420 352 240 40 72 
6 9 615 0 614 421 350 240 40 72 
6 9 615 0 614 422 350 240 40 72 
6 9 615 0 614 423 349 240 38 72 
6 9 615 0 614 424 347 242 38 72 
6 9 615 0 614 425 345 242 40 72 
6 9 615 0 614 426 345 242 40 72 
6 9 615 0 614 427 343 242 40 72 
6 9 615 0 614 428 342 242 38 72 
6 9 615 0 614 429 340 242 38 72 
6 9 615 0 614 430 338 242 40 72 
6 9 615 0 614 431 338 242 40 72 
6 9 615 0 614 432 336 244 40 72 
6 9 615 0 614 433 334 244 40 72 
6 9 615 0 614 434 333 244 38 72 
6 9 615 0 614 435 333 244 38 72 
6 9 615 0 614 436 331 244 38 72 
6 9 615 0 614 437 329 244 40 72 
6 9 615 0 614 438 327 244 40 72 
6 9 615 0 614 439 326 244 38 72 
6 9 615 0 614 440 326 245 38 72 
6 9 615 0 614 441 324 245 38 72 
6 9 615 0 614 442 322 245 40 72 
6 9 615 0 614 443 320 245 40 72 
6 9 615 0 614 444 320 245 40 72 
6 9 615 0 614 445 318 245 40 72 
6 9 615 0 614 446 317 245 38 72 
6 9 615 0 614 447 315 245 38 72 
6 9 615 0 614 448 315 247 38 72 
6 9 615 0 614 449 313 247 40 72 
6 9 615 0 614 450 313 247 40 72 
6 9 615 0 614 451 311 249 40 72 
6 9 615 0 614 452 311 249 40 72 
6 9 615 0 614 453 310 249 38 72 
6 9 615 0 614 454 310 251 38 72 
6 9 615 0 614 455 308 251 38 72 
6 9 615 0 614 456 308 250 38 73 
6 9 615 0 614 457 306 252 40 72 
6 9 615 0 614 458 306 252 40 72 
6 9 615 0 614 459 304 251 40 75 
6 9 615 0 614 460 304 254 40 72 
6 9 615 0 614 461 302 253 40 75 
6 9 615 0 614 462 302 256 40 72 
6 9 615 0 614 463 301 256 38 72 
6 9 615 0 614 464 301 255 38 75 
6 9 615 0 614 465 299 258 38 72 
6 9 615 0 614 466 299 257 38 75 
6 9 615 0 614 467 299 257 38 75 
6 9 615 0 614 468 297 260 40 72 
6 9 615 0 614 469 297 259 40 73 
6 9 615 0 614 470 295 259 40 73 
6 9 615 0 614 471 295 260 40 75 
6 9 615 0 614 472 294 260 38 75 
6 9 615 0 614 473 294 260 38 75 
6 9 615 0 614 474 292 262 38 75 
6 9 615 0 614 475 292 262 38 75 
6 9 615 0 614 476 290 264 40 75 
6 9 615 0 614 477 290 264 40 75 
6 9 615 0 614 478 288 264 40 75 
6 9 615 0 614 479 288 266 40 73 
6 9 615 0 614 480 286 266 40 73 
6 9 615 0 614 481 286 266 40 76 
6 9 615 0 614 482 285 267 38 75 
6 9 615 0 614 483 285 267 38 75 
6 9 615 0 614 484 285 267 38 78 
6 9 615 0 614 485 283 269 38 75 
6 9 615 0 614 486 283 269 38 78 
6 9 615 0 614 487 281 269 40 78 
6 9 615 0 614 488 281 271 40 75 
6 9 615 0 614 489 279 271 40 78 
6 9 615 0 614 490 279 273 40 75 
6 9 615 0 614 491 278 273 38 76 
6 9 615 0 614 492 278 273 38 76 
6 9 615 0 614 493 276 275 38 73 
6 9 615 0 614 494 276 275 38 76 
6 9 615 0 614 495 274 275 40 76 
6 9 615 0 614 496 274 276 40 78 
6 9 615 0 614 497 272 276 40 78 
6 9 615 0 614 498 272 276 40 78 
6 9 615 0 614 499 270 278 40 78 
6 9 615 0 614 500 270 278 40 78 
6 9 615 0 614 501 270 280 40 76 
6 9 615 0 614 502 269 277 38 79 
6 9 615 0 614 503 267 277 38 79 
6 9 615 0 614 504 265 277 40 79 
6 9 615 0 614 505 265 277 40 79 
6 9 615 0 614 506 263 277 40 79 
6 9 615 0 614 507 262 277 38 79 
6 9 615 0 614 508 260 275 38 82 
6 9 615 0 614 509 260 275 38 82 
6 9 615 0 614 510 258 275 40 82 
6 9 615 0 614 511 256 274 40 85 
6 9 615 0 614 512 254 274 40 85 
6 9 615 0 614 513 254 274 40 85 
6 9 615 0 614 514 253 273 38 87 
6 9 615 0 614 515 251 273 38 87 
6 9 615 0 614 516 249 273 40 87 
6 9 615 0 614 517 249 273 40 87 
6 9 615 0 614 518 247 273 40 87 
6 9 615 0 614 519 246 273 38 87 
6 9 615 0 614 520 246 273 38 90 
6 9 615 0 614 521 244 273 38 90 
6 9 615 0 614 522 244 273 38 90 
6 9 615 0 614 523 242 273 40 90 
6 9 615 0 614 524 242 273 40 91 
6 9 615 0 614 525 240 273 40 91 
6 9 615 0 614 526 240 273 40 91 
6 9 615 0 614 527 238 273 40 91 
6 9 615 0 614 528 238 275 40 91 
6 9 615 0 614 529 237 275 38 91 
6 9 615 0 614 530 237 275 38 91 
6 9 615 0 614 531 235 275 38 91 
6 9 615 0 614 532 235 278 38 90 
6 9 615 0 614 533 233 278 40 90 
6 9 615 0 614 534 233 278 40 90 
6 9 615 0 614 535 231 278 40 90 
6 9 615 0 614 536 231 280 40 90 
6 9 615 0 614 537 230 280 38 90 
6 9 615 0 614 538 230 280 38 90 
6 9 615 0 614 539 228 280 38 91 
6 9 615 0 614 540 228 280 38 91 
6 9 615 0 614 541 226 280 40 91 
6 9 615 0 614 542 226 280 40 91 
6 9 615 0 614 543 224 282 40 91 
6 9 615 0 614 544 224 282 40 91 
6 9 615 0 614 545 222 282 40 91 
6 9 615 0 614 546 222 282 40 91 
6 9 615 0 614 547 221 285 38 90 
6 9 615 0 614 548 221 285 38 90 
6 9 615 0 614 549 219 285 38 90 
6 9 615 0 614 550 219 285 38 90 
6 9 615 0 614 551 217 287 40 90 
6 9 615 0 614 552 217 287 40 90 
6 9 615 0 614 553 215 287 40 90 
6 9 615 0 614 554 215 289 40 90 
6 9 615 0 614 555 214 289 38 90 
6 9 615 0 614 556 214 289 38 90 
6 9 615 0 614 557 212 289 38 90 
6 9 615 0 614 558 212 289 38 91 
6 9 615 0 614 559 210 289 40 91 
6 9 615 0 614 560 210 289 40 91 
6 9 615 0 614 561 208 289 40 91 
6 9 615 0 614 562 208 291 40 91 
6 9 615 0 614 563 206 291 40 91 
6 9 615 0 614 564 206 291 40 91 
6 9 615 0 614 565 205 291 38 91 
6 9 615 0 614 566 205 294 38 90 
6 9 615 0 614 567 203 294 38 90 
6 9 615 0 614 568 203 294 38 90 
6 9 615 0 614 569 201 296 40 90 
6 9 615 0 614 570 201 296 40 90 
6 9 615 0 614 571 199 296 40 90 
6 9 615 0 614 572 199 296 40 90 
6 9 615 0 614 573 198 296 38 91 
6 9 615 0 614 574 198 296 38 91 
6 9 615 0 614 575 196 296 38 91 
6 9 615 0 614 576 196 296 38 91 
6 9 615 0 614 577 194 298 40 91 
6 9 615 0 614 578 194 298 40 91 
6 9 615 0 614 579 192 298 40 91 
6 9 615 0 614 580 192 298 40 91 
6 9 615 0 614 581 190 301 40 90 
6 9 615 0 614 582 190 301 40 90 
6 9 615 0 614 583 189 301 38 90 
6 9 615 0 614 584 189 303 38 90 
6 9 615 0 614 585 187 303 38 90 
6 9 615 0 614 586 185 303 40 90 
6 9 615 0 614 587 183 303 40 90 
6 9 615 0 614 588 183 303 40 90 
6 9 615 0 614 589 182 303 38 90 
6 9 615 0 614 590 180 303 38 90 
6 9 615 0 614 591 180 305 38 90 
6 9 615 0 614 592 178 305 40 90 
6 9 615 0 614 593 176 305 40 90 
6 9 615 0 614 594 174 305 40 91 
6 9 615 0 614 595 173 305 38 91 
6 9 615 0 614 596 171 307 38 91 
6 9 615 0 614 597 169 307 40 91 
6 9 615 0 614 598 167 310 40 90 
6 9 615 0 614 599 166 310 38 90 
6 9 615 0 614 600 166 312 38 90 
6 9 615 0 614 601 164 311 38 93 
6 9 615 0 614 602 161 311 42 96 
6 9 615 0 614 603 158 312 46 96 
6 9 615 0 614 604 156 311 48 99 
6 9 615 0 614 605 154 311 50 102 
6 9 615 0 614 606 151 313 54 102 
6 9 615 0 614 607 149 312 54 105 
6 9 615 0 614 608 146 312 58 106 
6 9 615 0 614 609 145 313 60 109 
6 9 615 0 614 610 143 313 60 109 
6 9 615 0 614 611 143 313 60 109 
6 9 615 0 614 612 141 313 60 109 
6 9 615 0 614 613 141 313 60 109 
6 9 615 0 614 614 141 313 60 109 
