2 12 47 214 260 214 735 193 97 75 
2 12 47 214 260 215 735 193 97 75 
2 12 47 214 260 216 735 193 97 75 
2 12 47 214 260 217 735 193 97 75 
2 12 47 214 260 218 735 193 97 75 
2 12 47 214 260 219 735 193 97 75 
2 12 47 214 260 220 735 193 97 75 
2 12 47 214 260 221 735 193 97 75 
2 12 47 214 260 222 735 193 97 75 
2 12 47 214 260 223 735 193 97 75 
2 12 47 214 260 224 735 193 97 75 
2 12 47 214 260 225 735 193 97 75 
2 12 47 214 260 226 735 193 97 75 
2 12 47 214 260 227 735 193 97 75 
2 12 47 214 260 228 735 193 97 75 
2 12 47 214 260 229 735 193 97 75 
2 12 47 214 260 230 735 193 97 75 
2 12 47 214 260 231 735 193 97 75 
2 12 47 214 260 232 735 193 97 75 
2 12 47 214 260 233 735 193 97 75 
2 12 47 214 260 234 735 193 97 75 
2 12 47 214 260 235 735 193 97 75 
2 12 47 214 260 236 735 193 97 75 
2 12 47 214 260 237 735 193 97 75 
2 12 47 214 260 238 735 193 97 75 
2 12 47 214 260 239 735 193 97 75 
2 12 47 214 260 240 735 193 97 75 
2 12 47 214 260 241 735 193 97 75 
2 12 47 214 260 242 735 193 97 75 
2 12 47 214 260 243 735 193 97 75 
2 12 47 214 260 244 735 193 97 75 
2 12 47 214 260 245 735 193 97 75 
2 12 47 214 260 246 735 193 97 75 
2 12 47 214 260 247 735 193 97 75 
2 12 47 214 260 248 735 193 97 75 
2 12 47 214 260 249 735 193 97 75 
2 12 47 214 260 250 735 193 97 75 
2 12 47 214 260 251 735 193 97 75 
2 12 47 214 260 252 735 193 97 75 
2 12 47 214 260 253 735 193 97 75 
2 12 47 214 260 254 735 193 97 75 
2 12 47 214 260 255 735 193 97 75 
2 12 47 214 260 256 735 193 97 75 
2 12 47 214 260 257 735 193 97 75 
2 12 47 214 260 258 735 193 97 75 
2 12 47 214 260 259 735 193 97 75 
2 12 47 214 260 260 735 193 97 75 
3 11 47 538 584 538 915 197 76 82 
3 11 47 538 584 539 915 197 76 82 
3 11 47 538 584 540 915 197 76 82 
3 11 47 538 584 541 915 197 76 82 
3 11 47 538 584 542 915 197 76 82 
3 11 47 538 584 543 915 197 76 82 
3 11 47 538 584 544 915 197 76 82 
3 11 47 538 584 545 915 197 76 82 
3 11 47 538 584 546 915 197 76 82 
3 11 47 538 584 547 915 197 76 82 
3 11 47 538 584 548 915 197 76 82 
3 11 47 538 584 549 915 197 76 82 
3 11 47 538 584 550 915 197 76 82 
3 11 47 538 584 551 915 197 76 82 
3 11 47 538 584 552 915 197 76 82 
3 11 47 538 584 553 915 197 76 82 
3 11 47 538 584 554 915 197 76 82 
3 11 47 538 584 555 915 197 76 82 
3 11 47 538 584 556 915 197 76 82 
3 11 47 538 584 557 915 197 76 82 
3 11 47 538 584 558 915 197 76 82 
3 11 47 538 584 559 915 197 76 82 
3 11 47 538 584 560 915 197 76 82 
3 11 47 538 584 561 915 197 76 82 
3 11 47 538 584 562 915 197 76 82 
3 11 47 538 584 563 915 197 76 82 
3 11 47 538 584 564 915 197 76 82 
3 11 47 538 584 565 915 197 76 82 
3 11 47 538 584 566 915 197 76 82 
3 11 47 538 584 567 915 197 76 82 
3 11 47 538 584 568 915 197 76 82 
3 11 47 538 584 569 915 197 76 82 
3 11 47 538 584 570 915 197 76 82 
3 11 47 538 584 571 915 197 76 82 
3 11 47 538 584 572 915 197 76 82 
3 11 47 538 584 573 915 197 76 82 
3 11 47 538 584 574 915 197 76 82 
3 11 47 538 584 575 915 197 76 82 
3 11 47 538 584 576 915 197 76 82 
3 11 47 538 584 577 915 197 76 82 
3 11 47 538 584 578 915 197 76 82 
3 11 47 538 584 579 915 197 76 82 
3 11 47 538 584 580 915 197 76 82 
3 11 47 538 584 581 915 197 76 82 
3 11 47 538 584 582 915 197 76 82 
3 11 47 538 584 583 915 197 76 82 
3 11 47 538 584 584 915 197 76 82 
4 11 47 552 598 552 770 208 53 59 
4 11 47 552 598 553 770 208 53 59 
4 11 47 552 598 554 770 208 53 59 
4 11 47 552 598 555 770 208 53 59 
4 11 47 552 598 556 770 208 53 59 
4 11 47 552 598 557 770 208 53 59 
4 11 47 552 598 558 770 208 53 59 
4 11 47 552 598 559 770 208 53 59 
4 11 47 552 598 560 770 208 53 59 
4 11 47 552 598 561 770 208 53 59 
4 11 47 552 598 562 770 208 53 59 
4 11 47 552 598 563 770 208 53 59 
4 11 47 552 598 564 770 208 53 59 
4 11 47 552 598 565 770 208 53 59 
4 11 47 552 598 566 770 208 53 59 
4 11 47 552 598 567 770 208 53 59 
4 11 47 552 598 568 770 208 53 59 
4 11 47 552 598 569 770 208 53 59 
4 11 47 552 598 570 770 208 53 59 
4 11 47 552 598 571 770 208 53 59 
4 11 47 552 598 572 770 208 53 59 
4 11 47 552 598 573 770 208 53 59 
4 11 47 552 598 574 770 208 53 59 
4 11 47 552 598 575 770 208 53 59 
4 11 47 552 598 576 770 208 53 59 
4 11 47 552 598 577 770 208 53 59 
4 11 47 552 598 578 770 208 53 59 
4 11 47 552 598 579 770 208 53 59 
4 11 47 552 598 580 770 208 53 59 
4 11 47 552 598 581 770 208 53 59 
4 11 47 552 598 582 770 208 53 59 
4 11 47 552 598 583 770 208 53 59 
4 11 47 552 598 584 770 208 53 59 
4 11 47 552 598 585 770 208 53 59 
4 11 47 552 598 586 770 208 53 59 
4 11 47 552 598 587 770 208 53 59 
4 11 47 552 598 588 770 208 53 59 
4 11 47 552 598 589 770 208 53 59 
4 11 47 552 598 590 770 208 53 59 
4 11 47 552 598 591 770 208 53 59 
4 11 47 552 598 592 770 208 53 59 
4 11 47 552 598 593 770 208 53 59 
4 11 47 552 598 594 770 208 53 59 
4 11 47 552 598 595 770 208 53 59 
4 11 47 552 598 596 770 208 53 59 
4 11 47 552 598 597 770 208 53 59 
4 11 47 552 598 598 770 208 53 59 
5 11 91 0 90 0 380 227 84 42 
5 11 91 0 90 1 380 227 84 42 
5 11 91 0 90 2 380 227 84 42 
5 11 91 0 90 3 380 227 84 42 
5 11 91 0 90 4 380 227 84 42 
5 11 91 0 90 5 380 227 84 42 
5 11 91 0 90 6 380 227 84 42 
5 11 91 0 90 7 380 227 84 42 
5 11 91 0 90 8 380 227 84 42 
5 11 91 0 90 9 380 227 84 42 
5 11 91 0 90 10 380 227 84 42 
5 11 91 0 90 11 380 227 84 42 
5 11 91 0 90 12 380 227 84 42 
5 11 91 0 90 13 380 227 84 42 
5 11 91 0 90 14 380 227 84 42 
5 11 91 0 90 15 380 227 84 42 
5 11 91 0 90 16 380 227 84 42 
5 11 91 0 90 17 380 227 84 42 
5 11 91 0 90 18 380 227 84 42 
5 11 91 0 90 19 380 227 84 42 
5 11 91 0 90 20 380 227 84 42 
5 11 91 0 90 21 380 227 84 42 
5 11 91 0 90 22 380 227 84 42 
5 11 91 0 90 23 380 227 84 42 
5 11 91 0 90 24 380 227 84 42 
5 11 91 0 90 25 380 227 84 42 
5 11 91 0 90 26 380 227 84 42 
5 11 91 0 90 27 380 227 84 42 
5 11 91 0 90 28 380 227 84 42 
5 11 91 0 90 29 380 227 84 42 
5 11 91 0 90 30 380 227 84 42 
5 11 91 0 90 31 380 227 84 42 
5 11 91 0 90 32 380 227 84 42 
5 11 91 0 90 33 380 227 84 42 
5 11 91 0 90 34 380 227 84 42 
5 11 91 0 90 35 380 227 84 42 
5 11 91 0 90 36 380 227 84 42 
5 11 91 0 90 37 380 227 84 42 
5 11 91 0 90 38 380 227 84 42 
5 11 91 0 90 39 380 227 84 42 
5 11 91 0 90 40 380 227 84 42 
5 11 91 0 90 41 380 227 84 42 
5 11 91 0 90 42 380 227 84 42 
5 11 91 0 90 43 380 227 84 42 
5 11 91 0 90 44 380 227 84 42 
5 11 91 0 90 45 380 227 84 42 
5 11 91 0 90 46 380 227 84 42 
5 11 91 0 90 47 380 227 84 42 
5 11 91 0 90 48 380 227 84 42 
5 11 91 0 90 49 380 227 84 42 
5 11 91 0 90 50 380 227 84 42 
5 11 91 0 90 51 380 227 84 42 
5 11 91 0 90 52 380 227 84 42 
5 11 91 0 90 53 380 227 84 42 
5 11 91 0 90 54 380 227 84 42 
5 11 91 0 90 55 380 227 84 42 
5 11 91 0 90 56 380 227 84 42 
5 11 91 0 90 57 380 227 84 42 
5 11 91 0 90 58 380 227 84 42 
5 11 91 0 90 59 380 227 84 42 
5 11 91 0 90 60 380 227 84 42 
5 11 91 0 90 61 380 227 84 42 
5 11 91 0 90 62 380 227 84 42 
5 11 91 0 90 63 380 227 84 42 
5 11 91 0 90 64 380 227 84 42 
5 11 91 0 90 65 380 227 84 42 
5 11 91 0 90 66 380 227 84 42 
5 11 91 0 90 67 380 227 84 42 
5 11 91 0 90 68 380 227 84 42 
5 11 91 0 90 69 380 227 84 42 
5 11 91 0 90 70 380 227 84 42 
5 11 91 0 90 71 380 227 84 42 
5 11 91 0 90 72 380 227 84 42 
5 11 91 0 90 73 380 227 84 42 
5 11 91 0 90 74 380 227 84 42 
5 11 91 0 90 75 380 227 84 42 
5 11 91 0 90 76 380 227 84 42 
5 11 91 0 90 77 380 227 84 42 
5 11 91 0 90 78 380 227 84 42 
5 11 91 0 90 79 380 227 84 42 
5 11 91 0 90 80 380 227 84 42 
5 11 91 0 90 81 380 227 84 42 
5 11 91 0 90 82 380 227 84 42 
5 11 91 0 90 83 380 227 84 42 
5 11 91 0 90 84 380 227 84 42 
5 11 91 0 90 85 380 227 84 42 
5 11 91 0 90 86 380 227 84 42 
5 11 91 0 90 87 380 227 84 42 
5 11 91 0 90 88 380 227 84 42 
5 11 91 0 90 89 380 227 84 42 
5 11 91 0 90 90 380 227 84 42 
6 9 842 0 841 0 48 379 74 111 
6 9 842 0 841 1 48 377 74 112 
6 9 842 0 841 2 51 377 70 112 
6 9 842 0 841 3 50 377 74 109 
6 9 842 0 841 4 53 375 70 112 
6 9 842 0 841 5 52 375 74 112 
6 9 842 0 841 6 54 375 72 109 
6 9 842 0 841 7 54 373 72 112 
6 9 842 0 841 8 56 373 72 112 
6 9 842 0 841 9 59 373 68 109 
6 9 842 0 841 10 58 373 72 109 
6 9 842 0 841 11 61 372 68 109 
6 9 842 0 841 12 61 372 68 109 
6 9 842 0 841 13 63 372 66 109 
6 9 842 0 841 14 63 370 66 109 
6 9 842 0 841 15 64 370 68 109 
6 9 842 0 841 16 67 370 64 109 
6 9 842 0 841 17 66 371 68 106 
6 9 842 0 841 18 69 368 64 109 
6 9 842 0 841 19 69 369 64 106 
6 9 842 0 841 20 71 369 64 106 
6 9 842 0 841 21 71 366 64 109 
6 9 842 0 841 22 72 367 64 106 
6 9 842 0 841 23 75 367 60 106 
6 9 842 0 841 24 75 366 60 108 
6 9 842 0 841 25 77 366 60 106 
6 9 842 0 841 26 77 366 60 106 
6 9 842 0 841 27 79 366 60 103 
6 9 842 0 841 28 79 364 60 106 
6 9 842 0 841 29 82 364 56 106 
6 9 842 0 841 30 82 364 58 103 
6 9 842 0 841 31 82 362 58 106 
6 9 842 0 841 32 84 362 58 106 
6 9 842 0 841 33 84 362 58 103 
6 9 842 0 841 34 87 362 56 103 
6 9 842 0 841 35 87 360 56 105 
6 9 842 0 841 36 90 360 52 105 
6 9 842 0 841 37 90 360 54 105 
6 9 842 0 841 38 90 358 54 105 
6 9 842 0 841 39 92 358 54 105 
6 9 842 0 841 40 92 358 54 105 
6 9 842 0 841 41 95 357 50 103 
6 9 842 0 841 42 94 357 54 103 
6 9 842 0 841 43 97 358 50 100 
6 9 842 0 841 44 100 358 48 100 
6 9 842 0 841 45 100 355 48 103 
6 9 842 0 841 46 101 356 46 100 
6 9 842 0 841 47 100 356 50 100 
6 9 842 0 841 48 103 353 46 103 
6 9 842 0 841 49 102 354 50 102 
6 9 842 0 841 50 105 354 46 102 
6 9 842 0 841 51 107 354 46 102 
6 9 842 0 841 52 107 352 46 102 
6 9 842 0 841 53 107 352 46 102 
6 9 842 0 841 54 107 352 46 102 
6 9 842 0 841 55 107 352 46 102 
6 9 842 0 841 56 108 351 48 100 
6 9 842 0 841 57 108 351 48 100 
6 9 842 0 841 58 108 351 48 100 
6 9 842 0 841 59 108 351 48 100 
6 9 842 0 841 60 107 351 50 100 
6 9 842 0 841 61 110 349 46 100 
6 9 842 0 841 62 110 349 46 100 
6 9 842 0 841 63 110 349 46 100 
6 9 842 0 841 64 109 349 50 100 
6 9 842 0 841 65 112 349 46 100 
6 9 842 0 841 66 112 347 46 102 
6 9 842 0 841 67 112 347 46 102 
6 9 842 0 841 68 111 347 50 102 
6 9 842 0 841 69 111 347 50 102 
6 9 842 0 841 70 114 345 46 102 
6 9 842 0 841 71 114 345 46 102 
6 9 842 0 841 72 113 345 50 102 
6 9 842 0 841 73 113 345 50 102 
6 9 842 0 841 74 113 345 50 102 
6 9 842 0 841 75 116 343 46 102 
6 9 842 0 841 76 116 343 46 102 
6 9 842 0 841 77 116 343 48 102 
6 9 842 0 841 78 116 343 48 102 
6 9 842 0 841 79 117 343 46 102 
6 9 842 0 841 80 117 342 46 100 
6 9 842 0 841 81 116 342 50 100 
6 9 842 0 841 82 116 342 50 100 
6 9 842 0 841 83 116 342 50 100 
6 9 842 0 841 84 119 340 46 100 
6 9 842 0 841 85 118 340 50 100 
6 9 842 0 841 86 118 340 50 100 
6 9 842 0 841 87 118 340 50 100 
6 9 842 0 841 88 118 340 50 100 
6 9 842 0 841 89 120 338 50 102 
6 9 842 0 841 90 120 338 50 102 
6 9 842 0 841 91 120 338 50 102 
6 9 842 0 841 92 120 338 50 102 
6 9 842 0 841 93 122 338 50 102 
6 9 842 0 841 94 122 336 50 102 
6 9 842 0 841 95 123 336 50 102 
6 9 842 0 841 96 123 336 50 102 
6 9 842 0 841 97 125 336 50 102 
6 9 842 0 841 98 125 335 50 100 
6 9 842 0 841 99 127 335 50 100 
6 9 842 0 841 100 130 335 46 100 
6 9 842 0 841 101 129 335 50 100 
6 9 842 0 841 102 132 335 46 100 
6 9 842 0 841 103 132 333 48 100 
6 9 842 0 841 104 132 333 50 100 
6 9 842 0 841 105 132 333 50 100 
6 9 842 0 841 106 134 333 50 100 
6 9 842 0 841 107 137 333 46 100 
6 9 842 0 841 108 136 331 50 102 
6 9 842 0 841 109 139 331 46 102 
6 9 842 0 841 110 138 331 50 102 
6 9 842 0 841 111 140 331 48 102 
6 9 842 0 841 112 139 329 50 102 
6 9 842 0 841 113 142 329 46 102 
6 9 842 0 841 114 144 329 46 102 
6 9 842 0 841 115 143 329 50 102 
6 9 842 0 841 116 146 329 46 102 
6 9 842 0 841 117 145 327 50 102 
6 9 842 0 841 118 148 327 46 102 
6 9 842 0 841 119 148 327 48 102 
6 9 842 0 841 120 149 327 46 102 
6 9 842 0 841 121 151 327 46 102 
6 9 842 0 841 122 151 326 46 100 
6 9 842 0 841 123 153 326 46 100 
6 9 842 0 841 124 153 326 46 100 
6 9 842 0 841 125 155 326 46 100 
6 9 842 0 841 126 154 324 50 100 
6 9 842 0 841 127 156 324 48 100 
6 9 842 0 841 128 158 324 46 100 
6 9 842 0 841 129 158 324 46 100 
6 9 842 0 841 130 160 324 46 100 
6 9 842 0 841 131 160 322 46 102 
6 9 842 0 841 132 162 322 46 102 
6 9 842 0 841 133 162 322 46 102 
6 9 842 0 841 134 164 322 46 102 
6 9 842 0 841 135 165 322 46 102 
6 9 842 0 841 136 165 320 46 102 
6 9 842 0 841 137 165 320 46 102 
6 9 842 0 841 138 165 320 46 102 
6 9 842 0 841 139 167 320 46 102 
6 9 842 0 841 140 167 319 46 100 
6 9 842 0 841 141 167 319 46 100 
6 9 842 0 841 142 169 319 46 100 
6 9 842 0 841 143 169 319 46 100 
6 9 842 0 841 144 169 317 46 100 
6 9 842 0 841 145 171 317 46 100 
6 9 842 0 841 146 171 317 46 100 
6 9 842 0 841 147 171 317 46 100 
6 9 842 0 841 148 172 315 48 102 
6 9 842 0 841 149 172 315 48 102 
6 9 842 0 841 150 172 315 48 102 
6 9 842 0 841 151 174 315 46 102 
6 9 842 0 841 152 174 313 46 102 
6 9 842 0 841 153 174 313 46 102 
6 9 842 0 841 154 176 313 46 102 
6 9 842 0 841 155 176 313 46 102 
6 9 842 0 841 156 176 311 46 102 
6 9 842 0 841 157 178 311 46 102 
6 9 842 0 841 158 178 311 46 102 
6 9 842 0 841 159 178 311 46 102 
6 9 842 0 841 160 180 310 46 100 
6 9 842 0 841 161 180 310 46 100 
6 9 842 0 841 162 180 310 46 100 
6 9 842 0 841 163 181 310 46 100 
6 9 842 0 841 164 181 308 46 100 
6 9 842 0 841 165 181 308 46 100 
6 9 842 0 841 166 183 308 46 100 
6 9 842 0 841 167 183 308 46 100 
6 9 842 0 841 168 183 306 46 102 
6 9 842 0 841 169 185 306 46 102 
6 9 842 0 841 170 185 306 46 102 
6 9 842 0 841 171 185 306 46 102 
6 9 842 0 841 172 185 304 46 102 
6 9 842 0 841 173 187 304 46 102 
6 9 842 0 841 174 187 304 46 102 
6 9 842 0 841 175 187 304 46 102 
6 9 842 0 841 176 188 303 48 100 
6 9 842 0 841 177 188 303 48 100 
6 9 842 0 841 178 188 303 48 100 
6 9 842 0 841 179 190 303 46 100 
6 9 842 0 841 180 190 301 46 100 
6 9 842 0 841 181 190 301 46 100 
6 9 842 0 841 182 192 301 46 100 
6 9 842 0 841 183 192 301 46 100 
6 9 842 0 841 184 192 299 46 102 
6 9 842 0 841 185 194 299 46 102 
6 9 842 0 841 186 194 299 46 102 
6 9 842 0 841 187 194 299 46 102 
6 9 842 0 841 188 196 299 46 102 
6 9 842 0 841 189 196 297 46 102 
6 9 842 0 841 190 196 297 46 102 
6 9 842 0 841 191 197 297 46 102 
6 9 842 0 841 192 197 297 46 102 
6 9 842 0 841 193 197 295 46 102 
6 9 842 0 841 194 199 295 46 102 
6 9 842 0 841 195 199 295 46 102 
6 9 842 0 841 196 199 295 46 102 
6 9 842 0 841 197 201 294 46 100 
6 9 842 0 841 198 201 294 46 100 
6 9 842 0 841 199 201 294 46 100 
6 9 842 0 841 200 203 294 46 100 
6 9 842 0 841 201 203 292 46 100 
6 9 842 0 841 202 203 292 46 100 
6 9 842 0 841 203 204 292 48 100 
6 9 842 0 841 204 204 292 48 100 
6 9 842 0 841 205 204 290 48 102 
6 9 842 0 841 206 204 290 48 102 
6 9 842 0 841 207 206 290 46 102 
6 9 842 0 841 208 206 290 46 102 
6 9 842 0 841 209 206 288 46 102 
6 9 842 0 841 210 208 288 46 102 
6 9 842 0 841 211 208 288 46 102 
6 9 842 0 841 212 208 288 46 102 
6 9 842 0 841 213 210 287 46 100 
6 9 842 0 841 214 210 287 46 100 
6 9 842 0 841 215 210 287 46 100 
6 9 842 0 841 216 212 287 46 100 
6 9 842 0 841 217 212 285 46 100 
6 9 842 0 841 218 212 285 46 100 
6 9 842 0 841 219 213 285 46 100 
6 9 842 0 841 220 213 285 46 100 
6 9 842 0 841 221 213 283 46 102 
6 9 842 0 841 222 215 283 46 102 
6 9 842 0 841 223 215 283 46 102 
6 9 842 0 841 224 215 283 46 102 
6 9 842 0 841 225 217 281 46 102 
6 9 842 0 841 226 217 281 46 102 
6 9 842 0 841 227 217 281 46 102 
6 9 842 0 841 228 219 281 46 102 
6 9 842 0 841 229 219 279 46 102 
6 9 842 0 841 230 219 279 46 102 
6 9 842 0 841 231 220 279 48 102 
6 9 842 0 841 232 220 279 48 102 
6 9 842 0 841 233 220 278 48 100 
6 9 842 0 841 234 222 278 46 100 
6 9 842 0 841 235 222 278 46 100 
6 9 842 0 841 236 222 278 46 100 
6 9 842 0 841 237 224 278 46 100 
6 9 842 0 841 238 224 276 46 100 
6 9 842 0 841 239 226 276 46 100 
6 9 842 0 841 240 228 276 46 100 
6 9 842 0 841 241 228 276 46 100 
6 9 842 0 841 242 229 276 46 100 
6 9 842 0 841 243 231 276 46 100 
6 9 842 0 841 244 231 276 46 100 
6 9 842 0 841 245 233 274 46 102 
6 9 842 0 841 246 235 274 46 102 
6 9 842 0 841 247 234 274 50 102 
6 9 842 0 841 248 236 274 48 102 
6 9 842 0 841 249 238 274 46 102 
6 9 842 0 841 250 237 274 50 102 
6 9 842 0 841 251 240 274 46 102 
6 9 842 0 841 252 242 272 46 102 
6 9 842 0 841 253 241 272 50 102 
6 9 842 0 841 254 244 272 46 102 
6 9 842 0 841 255 245 272 46 102 
6 9 842 0 841 256 244 272 50 102 
6 9 842 0 841 257 246 272 50 102 
6 9 842 0 841 258 249 272 46 102 
6 9 842 0 841 259 248 272 50 102 
6 9 842 0 841 260 250 271 50 100 
6 9 842 0 841 261 252 271 48 100 
6 9 842 0 841 262 251 271 50 100 
6 9 842 0 841 263 253 271 50 100 
6 9 842 0 841 264 256 271 46 100 
6 9 842 0 841 265 255 271 50 100 
6 9 842 0 841 266 257 271 50 100 
6 9 842 0 841 267 260 269 48 100 
6 9 842 0 841 268 260 269 48 100 
6 9 842 0 841 269 260 269 50 100 
6 9 842 0 841 270 262 269 50 100 
6 9 842 0 841 271 262 269 50 100 
6 9 842 0 841 272 264 269 50 100 
6 9 842 0 841 273 266 269 50 100 
6 9 842 0 841 274 267 269 50 100 
6 9 842 0 841 275 267 267 50 102 
6 9 842 0 841 276 267 267 50 102 
6 9 842 0 841 277 267 267 50 102 
6 9 842 0 841 278 269 267 50 102 
6 9 842 0 841 279 269 265 50 102 
6 9 842 0 841 280 269 265 50 102 
6 9 842 0 841 281 269 265 50 102 
6 9 842 0 841 282 271 265 50 102 
6 9 842 0 841 283 271 263 50 102 
6 9 842 0 841 284 271 263 50 102 
6 9 842 0 841 285 271 263 50 102 
6 9 842 0 841 286 273 263 50 102 
6 9 842 0 841 287 273 263 50 102 
6 9 842 0 841 288 273 262 50 100 
6 9 842 0 841 289 276 262 48 100 
6 9 842 0 841 290 276 262 48 100 
6 9 842 0 841 291 276 262 48 100 
6 9 842 0 841 292 276 260 48 100 
6 9 842 0 841 293 276 260 50 100 
6 9 842 0 841 294 276 260 50 100 
6 9 842 0 841 295 276 260 50 100 
6 9 842 0 841 296 276 258 50 102 
6 9 842 0 841 297 278 258 50 102 
6 9 842 0 841 298 278 258 50 102 
6 9 842 0 841 299 278 258 50 102 
6 9 842 0 841 300 280 258 50 102 
6 9 842 0 841 301 280 256 50 102 
6 9 842 0 841 302 280 256 50 102 
6 9 842 0 841 303 282 256 50 102 
6 9 842 0 841 304 282 256 50 99 
6 9 842 0 841 305 283 256 50 99 
6 9 842 0 841 306 283 256 50 99 
6 9 842 0 841 307 285 257 50 96 
6 9 842 0 841 308 285 257 50 96 
6 9 842 0 841 309 285 255 50 97 
6 9 842 0 841 310 287 255 50 97 
6 9 842 0 841 311 287 256 50 96 
6 9 842 0 841 312 289 256 50 96 
6 9 842 0 841 313 289 256 50 96 
6 9 842 0 841 314 292 256 48 93 
6 9 842 0 841 315 292 256 48 93 
6 9 842 0 841 316 293 256 46 93 
6 9 842 0 841 317 292 257 50 90 
6 9 842 0 841 318 292 254 50 93 
6 9 842 0 841 319 294 254 50 93 
6 9 842 0 841 320 294 254 50 93 
6 9 842 0 841 321 296 255 50 90 
6 9 842 0 841 322 296 255 50 90 
6 9 842 0 841 323 299 255 46 90 
6 9 842 0 841 324 298 255 50 87 
6 9 842 0 841 325 300 255 48 87 
6 9 842 0 841 326 299 255 50 87 
6 9 842 0 841 327 299 253 50 88 
6 9 842 0 841 328 301 253 50 88 
6 9 842 0 841 329 301 253 50 88 
6 9 842 0 841 330 304 253 46 88 
6 9 842 0 841 331 303 253 50 85 
6 9 842 0 841 332 306 253 46 85 
6 9 842 0 841 333 305 253 50 85 
6 9 842 0 841 334 308 254 46 82 
6 9 842 0 841 335 308 254 48 82 
6 9 842 0 841 336 308 251 48 85 
6 9 842 0 841 337 309 252 46 82 
6 9 842 0 841 338 308 252 50 82 
6 9 842 0 841 339 311 252 46 82 
6 9 842 0 841 340 310 252 50 82 
6 9 842 0 841 341 313 252 46 81 
6 9 842 0 841 342 312 252 50 81 
6 9 842 0 841 343 315 252 46 81 
6 9 842 0 841 344 315 250 46 81 
6 9 842 0 841 345 314 250 50 81 
6 9 842 0 841 346 316 250 48 81 
6 9 842 0 841 347 315 251 50 78 
6 9 842 0 841 348 318 251 46 78 
6 9 842 0 841 349 317 251 50 78 
6 9 842 0 841 350 320 251 46 78 
6 9 842 0 841 351 320 251 46 75 
6 9 842 0 841 352 322 251 46 75 
6 9 842 0 841 353 322 250 46 76 
6 9 842 0 841 354 321 250 50 73 
6 9 842 0 841 355 324 250 46 73 
6 9 842 0 841 356 324 250 48 73 
6 9 842 0 841 357 325 251 46 72 
6 9 842 0 841 358 325 251 46 72 
6 9 842 0 841 359 327 251 46 72 
6 9 842 0 841 360 327 251 46 72 
6 9 842 0 841 361 329 251 46 69 
6 9 842 0 841 362 329 249 46 72 
6 9 842 0 841 363 328 249 50 72 
6 9 842 0 841 364 331 249 46 69 
6 9 842 0 841 365 331 249 46 69 
6 9 842 0 841 366 332 249 48 69 
6 9 842 0 841 367 332 250 48 66 
6 9 842 0 841 368 334 250 46 66 
6 9 842 0 841 369 334 250 46 66 
6 9 842 0 841 370 336 250 46 66 
6 9 842 0 841 371 336 247 46 67 
6 9 842 0 841 372 336 247 46 67 
6 9 842 0 841 373 338 247 46 67 
6 9 842 0 841 374 338 247 46 67 
6 9 842 0 841 375 340 247 46 67 
6 9 842 0 841 376 340 247 46 67 
6 9 842 0 841 377 341 247 46 67 
6 9 842 0 841 378 341 247 46 67 
6 9 842 0 841 379 343 245 46 67 
6 9 842 0 841 380 343 245 46 67 
6 9 842 0 841 381 345 245 46 67 
6 9 842 0 841 382 345 245 46 67 
6 9 842 0 841 383 347 245 46 67 
6 9 842 0 841 384 347 245 46 67 
6 9 842 0 841 385 348 245 48 67 
6 9 842 0 841 386 348 245 48 67 
6 9 842 0 841 387 350 245 46 66 
6 9 842 0 841 388 350 245 46 66 
6 9 842 0 841 389 352 245 46 66 
6 9 842 0 841 390 352 245 46 66 
6 9 842 0 841 391 354 245 46 66 
6 9 842 0 841 392 354 245 46 66 
6 9 842 0 841 393 356 245 46 66 
6 9 842 0 841 394 356 245 46 66 
6 9 842 0 841 395 357 245 46 66 
6 9 842 0 841 396 357 243 46 66 
6 9 842 0 841 397 357 243 46 66 
6 9 842 0 841 398 359 243 46 66 
6 9 842 0 841 399 359 243 46 66 
6 9 842 0 841 400 361 243 46 66 
6 9 842 0 841 401 361 243 46 66 
6 9 842 0 841 402 363 243 46 66 
6 9 842 0 841 403 363 243 46 66 
6 9 842 0 841 404 364 241 48 66 
6 9 842 0 841 405 364 241 48 66 
6 9 842 0 841 406 366 241 46 66 
6 9 842 0 841 407 366 241 46 66 
6 9 842 0 841 408 368 241 46 66 
6 9 842 0 841 409 368 241 46 66 
6 9 842 0 841 410 370 241 46 66 
6 9 842 0 841 411 370 241 46 66 
6 9 842 0 841 412 372 238 46 67 
6 9 842 0 841 413 372 238 46 67 
6 9 842 0 841 414 373 238 46 67 
6 9 842 0 841 415 373 238 46 67 
6 9 842 0 841 416 375 238 46 67 
6 9 842 0 841 417 375 238 46 67 
6 9 842 0 841 418 377 238 46 67 
6 9 842 0 841 419 377 238 46 67 
6 9 842 0 841 420 379 238 46 67 
6 9 842 0 841 421 379 236 46 67 
6 9 842 0 841 422 379 236 46 67 
6 9 842 0 841 423 379 236 46 67 
6 9 842 0 841 424 379 236 46 67 
6 9 842 0 841 425 379 236 46 67 
6 9 842 0 841 426 380 236 48 66 
6 9 842 0 841 427 380 236 48 66 
6 9 842 0 841 428 380 236 48 66 
6 9 842 0 841 429 380 236 48 66 
6 9 842 0 841 430 380 236 48 66 
6 9 842 0 841 431 380 236 48 66 
6 9 842 0 841 432 382 234 46 66 
6 9 842 0 841 433 382 234 46 66 
6 9 842 0 841 434 382 234 46 66 
6 9 842 0 841 435 382 234 46 66 
6 9 842 0 841 436 382 234 46 66 
6 9 842 0 841 437 384 231 46 67 
6 9 842 0 841 438 384 231 46 67 
6 9 842 0 841 439 384 231 46 67 
6 9 842 0 841 440 384 231 46 67 
6 9 842 0 841 441 384 231 46 67 
6 9 842 0 841 442 384 231 46 67 
6 9 842 0 841 443 386 229 46 67 
6 9 842 0 841 444 386 229 46 67 
6 9 842 0 841 445 386 229 46 67 
6 9 842 0 841 446 386 229 46 67 
6 9 842 0 841 447 386 229 46 67 
6 9 842 0 841 448 388 229 46 66 
6 9 842 0 841 449 388 229 46 66 
6 9 842 0 841 450 388 229 46 66 
6 9 842 0 841 451 388 229 46 66 
6 9 842 0 841 452 388 229 46 66 
6 9 842 0 841 453 388 229 46 66 
6 9 842 0 841 454 389 227 46 66 
6 9 842 0 841 455 389 227 46 66 
6 9 842 0 841 456 389 227 46 66 
6 9 842 0 841 457 389 227 46 66 
6 9 842 0 841 458 389 227 46 66 
6 9 842 0 841 459 391 227 46 66 
6 9 842 0 841 460 391 225 46 66 
6 9 842 0 841 461 391 225 46 66 
6 9 842 0 841 462 391 225 46 66 
6 9 842 0 841 463 391 225 46 66 
6 9 842 0 841 464 391 225 46 66 
6 9 842 0 841 465 391 225 46 66 
6 9 842 0 841 466 391 225 46 66 
6 9 842 0 841 467 391 225 46 66 
6 9 842 0 841 468 393 225 46 66 
6 9 842 0 841 469 393 225 46 66 
6 9 842 0 841 470 393 225 46 66 
6 9 842 0 841 471 393 225 46 66 
6 9 842 0 841 472 393 222 46 67 
6 9 842 0 841 473 393 222 46 67 
6 9 842 0 841 474 393 222 46 67 
6 9 842 0 841 475 393 222 46 67 
6 9 842 0 841 476 393 222 46 67 
6 9 842 0 841 477 395 222 46 67 
6 9 842 0 841 478 395 222 46 67 
6 9 842 0 841 479 395 222 46 67 
6 9 842 0 841 480 395 222 46 67 
6 9 842 0 841 481 395 222 46 67 
6 9 842 0 841 482 395 222 46 67 
6 9 842 0 841 483 395 222 46 67 
6 9 842 0 841 484 395 220 46 67 
6 9 842 0 841 485 395 220 46 67 
6 9 842 0 841 486 396 220 48 67 
6 9 842 0 841 487 396 220 48 67 
6 9 842 0 841 488 396 220 48 67 
6 9 842 0 841 489 396 220 48 67 
6 9 842 0 841 490 396 220 48 67 
6 9 842 0 841 491 396 220 48 67 
6 9 842 0 841 492 396 220 48 67 
6 9 842 0 841 493 396 220 48 67 
6 9 842 0 841 494 396 220 48 67 
6 9 842 0 841 495 398 220 46 67 
6 9 842 0 841 496 398 220 46 66 
6 9 842 0 841 497 398 220 46 66 
6 9 842 0 841 498 398 220 46 66 
6 9 842 0 841 499 400 220 46 66 
6 9 842 0 841 500 400 220 46 66 
6 9 842 0 841 501 400 220 46 66 
6 9 842 0 841 502 402 220 46 66 
6 9 842 0 841 503 402 220 46 66 
6 9 842 0 841 504 402 220 46 66 
6 9 842 0 841 505 402 220 46 66 
6 9 842 0 841 506 404 220 46 66 
6 9 842 0 841 507 404 220 46 66 
6 9 842 0 841 508 404 220 46 66 
6 9 842 0 841 509 405 220 46 66 
6 9 842 0 841 510 405 220 46 66 
6 9 842 0 841 511 405 220 46 66 
6 9 842 0 841 512 407 220 46 66 
6 9 842 0 841 513 407 218 46 66 
6 9 842 0 841 514 407 218 46 66 
6 9 842 0 841 515 407 218 46 66 
6 9 842 0 841 516 409 218 46 66 
6 9 842 0 841 517 409 218 46 66 
6 9 842 0 841 518 409 218 46 66 
6 9 842 0 841 519 411 218 46 66 
6 9 842 0 841 520 411 218 46 66 
6 9 842 0 841 521 411 218 46 66 
6 9 842 0 841 522 411 218 46 66 
6 9 842 0 841 523 412 218 48 66 
6 9 842 0 841 524 412 218 48 66 
6 9 842 0 841 525 412 218 48 66 
6 9 842 0 841 526 414 218 46 66 
6 9 842 0 841 527 414 218 46 66 
6 9 842 0 841 528 414 218 46 66 
6 9 842 0 841 529 416 218 46 66 
6 9 842 0 841 530 416 218 46 66 
6 9 842 0 841 531 416 218 46 66 
6 9 842 0 841 532 418 218 46 66 
6 9 842 0 841 533 418 218 46 66 
6 9 842 0 841 534 420 218 46 66 
6 9 842 0 841 535 420 218 46 66 
6 9 842 0 841 536 421 218 46 66 
6 9 842 0 841 537 421 218 46 66 
6 9 842 0 841 538 421 218 46 66 
6 9 842 0 841 539 423 218 46 66 
6 9 842 0 841 540 423 218 46 66 
6 9 842 0 841 541 425 218 46 66 
6 9 842 0 841 542 425 218 46 66 
6 9 842 0 841 543 427 218 46 66 
6 9 842 0 841 544 427 218 46 66 
6 9 842 0 841 545 428 218 48 66 
6 9 842 0 841 546 428 218 48 66 
6 9 842 0 841 547 428 218 48 66 
6 9 842 0 841 548 430 218 46 66 
6 9 842 0 841 549 430 218 46 66 
6 9 842 0 841 550 432 218 46 66 
6 9 842 0 841 551 432 218 46 66 
6 9 842 0 841 552 434 218 46 66 
6 9 842 0 841 553 434 218 46 66 
6 9 842 0 841 554 434 218 46 66 
6 9 842 0 841 555 436 218 46 66 
6 9 842 0 841 556 436 218 46 66 
6 9 842 0 841 557 437 218 46 66 
6 9 842 0 841 558 437 218 46 66 
6 9 842 0 841 559 439 218 46 66 
6 9 842 0 841 560 439 218 46 66 
6 9 842 0 841 561 441 218 46 66 
6 9 842 0 841 562 441 218 46 66 
6 9 842 0 841 563 441 218 46 66 
6 9 842 0 841 564 443 218 46 66 
6 9 842 0 841 565 443 218 46 66 
6 9 842 0 841 566 444 218 48 66 
6 9 842 0 841 567 444 218 48 66 
6 9 842 0 841 568 446 218 46 66 
6 9 842 0 841 569 446 218 46 66 
6 9 842 0 841 570 448 218 46 66 
6 9 842 0 841 571 448 215 46 67 
6 9 842 0 841 572 450 215 46 67 
6 9 842 0 841 573 450 215 46 67 
6 9 842 0 841 574 452 215 46 67 
6 9 842 0 841 575 453 215 46 67 
6 9 842 0 841 576 453 215 46 67 
6 9 842 0 841 577 455 215 46 67 
6 9 842 0 841 578 457 215 46 67 
6 9 842 0 841 579 457 215 46 67 
6 9 842 0 841 580 459 215 46 67 
6 9 842 0 841 581 459 215 46 67 
6 9 842 0 841 582 460 215 48 67 
6 9 842 0 841 583 462 215 46 67 
6 9 842 0 841 584 462 215 46 67 
6 9 842 0 841 585 464 215 46 67 
6 9 842 0 841 586 466 215 46 67 
6 9 842 0 841 587 466 215 46 67 
6 9 842 0 841 588 468 215 46 67 
6 9 842 0 841 589 469 215 46 67 
6 9 842 0 841 590 469 215 46 67 
6 9 842 0 841 591 471 215 46 67 
6 9 842 0 841 592 471 215 46 67 
6 9 842 0 841 593 473 215 46 67 
6 9 842 0 841 594 475 215 46 67 
6 9 842 0 841 595 475 215 46 67 
6 9 842 0 841 596 476 215 48 67 
6 9 842 0 841 597 478 215 46 67 
6 9 842 0 841 598 478 215 46 67 
6 9 842 0 841 599 480 215 46 67 
6 9 842 0 841 600 482 215 46 67 
6 9 842 0 841 601 482 213 46 70 
6 9 842 0 841 602 484 213 46 70 
6 9 842 0 841 603 484 213 46 70 
6 9 842 0 841 604 485 213 46 70 
6 9 842 0 841 605 484 213 50 70 
6 9 842 0 841 606 487 213 46 70 
6 9 842 0 841 607 489 213 46 70 
6 9 842 0 841 608 488 213 50 70 
6 9 842 0 841 609 491 213 46 70 
6 9 842 0 841 610 490 213 50 70 
6 9 842 0 841 611 491 213 50 70 
6 9 842 0 841 612 494 213 46 70 
6 9 842 0 841 613 493 213 50 70 
6 9 842 0 841 614 495 213 50 70 
6 9 842 0 841 615 495 213 50 70 
6 9 842 0 841 616 497 213 50 70 
6 9 842 0 841 617 500 213 46 70 
6 9 842 0 841 618 500 213 48 70 
6 9 842 0 841 619 500 213 50 70 
6 9 842 0 841 620 500 213 50 70 
6 9 842 0 841 621 502 213 50 70 
6 9 842 0 841 622 504 213 50 70 
6 9 842 0 841 623 504 213 50 70 
6 9 842 0 841 624 506 213 50 70 
6 9 842 0 841 625 506 213 52 70 
6 9 842 0 841 626 507 213 50 70 
6 9 842 0 841 627 509 213 50 70 
6 9 842 0 841 628 508 213 54 70 
6 9 842 0 841 629 511 213 50 70 
6 9 842 0 841 630 510 213 54 70 
6 9 842 0 841 631 513 213 50 70 
6 9 842 0 841 632 516 213 48 70 
6 9 842 0 841 633 515 213 52 70 
6 9 842 0 841 634 516 213 50 70 
6 9 842 0 841 635 515 213 54 70 
6 9 842 0 841 636 517 213 54 70 
6 9 842 0 841 637 520 213 50 70 
6 9 842 0 841 638 519 213 54 70 
6 9 842 0 841 639 522 213 52 70 
6 9 842 0 841 640 522 213 52 70 
6 9 842 0 841 641 522 213 54 70 
6 9 842 0 841 642 524 213 54 72 
6 9 842 0 841 643 524 213 54 72 
6 9 842 0 841 644 526 213 54 72 
6 9 842 0 841 645 526 213 54 72 
6 9 842 0 841 646 529 213 52 72 
6 9 842 0 841 647 529 213 52 72 
6 9 842 0 841 648 531 213 52 72 
6 9 842 0 841 649 531 213 54 72 
6 9 842 0 841 650 531 213 54 72 
6 9 842 0 841 651 533 213 54 72 
6 9 842 0 841 652 533 213 54 72 
6 9 842 0 841 653 535 213 54 72 
6 9 842 0 841 654 535 213 54 72 
6 9 842 0 841 655 538 213 52 72 
6 9 842 0 841 656 538 213 54 72 
6 9 842 0 841 657 538 213 54 72 
6 9 842 0 841 658 540 213 54 72 
6 9 842 0 841 659 540 213 54 72 
6 9 842 0 841 660 542 213 54 72 
6 9 842 0 841 661 542 213 54 72 
6 9 842 0 841 662 545 213 52 72 
6 9 842 0 841 663 547 213 52 72 
6 9 842 0 841 664 547 213 52 72 
6 9 842 0 841 665 547 213 54 72 
6 9 842 0 841 666 547 213 54 72 
6 9 842 0 841 667 549 212 54 75 
6 9 842 0 841 668 549 212 54 75 
6 9 842 0 841 669 551 212 54 75 
6 9 842 0 841 670 554 212 52 75 
6 9 842 0 841 671 554 212 52 75 
6 9 842 0 841 672 554 212 54 75 
6 9 842 0 841 673 554 212 54 75 
6 9 842 0 841 674 556 212 54 75 
6 9 842 0 841 675 556 212 54 75 
6 9 842 0 841 676 558 212 54 75 
6 9 842 0 841 677 561 212 52 75 
6 9 842 0 841 678 561 212 52 75 
6 9 842 0 841 679 563 212 52 75 
6 9 842 0 841 680 563 212 52 75 
6 9 842 0 841 681 563 212 54 75 
6 9 842 0 841 682 563 212 54 75 
6 9 842 0 841 683 565 212 54 75 
6 9 842 0 841 684 567 212 54 75 
6 9 842 0 841 685 567 212 54 75 
6 9 842 0 841 686 570 212 52 75 
6 9 842 0 841 687 570 212 52 75 
6 9 842 0 841 688 570 212 54 75 
6 9 842 0 841 689 570 212 54 75 
6 9 842 0 841 690 572 212 54 75 
6 9 842 0 841 691 574 214 54 75 
6 9 842 0 841 692 574 212 54 78 
6 9 842 0 841 693 574 212 54 78 
6 9 842 0 841 694 574 212 54 78 
6 9 842 0 841 695 574 212 54 78 
6 9 842 0 841 696 574 212 54 78 
6 9 842 0 841 697 574 212 54 78 
6 9 842 0 841 698 574 212 54 78 
6 9 842 0 841 699 574 212 54 78 
6 9 842 0 841 700 574 212 54 78 
6 9 842 0 841 701 574 212 54 78 
6 9 842 0 841 702 574 212 54 78 
6 9 842 0 841 703 574 212 54 78 
6 9 842 0 841 704 574 212 54 78 
6 9 842 0 841 705 574 212 54 78 
6 9 842 0 841 706 574 212 54 78 
6 9 842 0 841 707 574 212 54 78 
6 9 842 0 841 708 574 212 54 78 
6 9 842 0 841 709 574 212 54 78 
6 9 842 0 841 710 574 212 54 78 
6 9 842 0 841 711 574 212 54 78 
6 9 842 0 841 712 574 212 54 78 
6 9 842 0 841 713 574 212 54 78 
6 9 842 0 841 714 574 212 54 78 
6 9 842 0 841 715 574 212 54 78 
6 9 842 0 841 716 574 212 54 78 
6 9 842 0 841 717 574 212 54 78 
6 9 842 0 841 718 574 212 54 78 
6 9 842 0 841 719 574 212 54 78 
6 9 842 0 841 720 574 212 54 78 
6 9 842 0 841 721 574 212 54 78 
6 9 842 0 841 722 574 212 54 78 
6 9 842 0 841 723 574 212 54 78 
6 9 842 0 841 724 574 212 54 78 
6 9 842 0 841 725 574 212 54 78 
6 9 842 0 841 726 574 212 54 78 
6 9 842 0 841 727 574 212 54 78 
6 9 842 0 841 728 574 212 54 78 
6 9 842 0 841 729 574 212 54 78 
6 9 842 0 841 730 574 212 54 78 
6 9 842 0 841 731 574 212 54 78 
6 9 842 0 841 732 574 212 54 78 
6 9 842 0 841 733 574 212 54 78 
6 9 842 0 841 734 574 212 54 78 
6 9 842 0 841 735 574 212 54 78 
6 9 842 0 841 736 574 212 54 78 
6 9 842 0 841 737 574 212 54 78 
6 9 842 0 841 738 574 212 54 78 
6 9 842 0 841 739 574 212 54 78 
6 9 842 0 841 740 574 212 54 78 
6 9 842 0 841 741 574 212 54 78 
6 9 842 0 841 742 577 212 50 78 
6 9 842 0 841 743 577 210 50 79 
6 9 842 0 841 744 577 210 50 79 
6 9 842 0 841 745 577 210 50 79 
6 9 842 0 841 746 577 210 50 79 
6 9 842 0 841 747 577 210 50 79 
6 9 842 0 841 748 577 210 50 79 
6 9 842 0 841 749 577 210 50 79 
6 9 842 0 841 750 577 210 50 79 
6 9 842 0 841 751 577 210 50 79 
6 9 842 0 841 752 577 210 50 79 
6 9 842 0 841 753 577 210 50 79 
6 9 842 0 841 754 577 210 50 79 
6 9 842 0 841 755 577 210 50 79 
6 9 842 0 841 756 577 210 50 79 
6 9 842 0 841 757 577 210 50 79 
6 9 842 0 841 758 577 210 50 79 
6 9 842 0 841 759 577 210 50 79 
6 9 842 0 841 760 577 210 50 79 
6 9 842 0 841 761 577 210 50 79 
6 9 842 0 841 762 577 210 50 79 
6 9 842 0 841 763 577 210 50 79 
6 9 842 0 841 764 577 210 50 79 
6 9 842 0 841 765 577 210 50 79 
6 9 842 0 841 766 577 210 50 79 
6 9 842 0 841 767 577 210 50 79 
6 9 842 0 841 768 577 210 50 79 
6 9 842 0 841 769 577 210 50 79 
6 9 842 0 841 770 577 210 50 79 
6 9 842 0 841 771 577 210 50 79 
6 9 842 0 841 772 577 210 50 79 
6 9 842 0 841 773 577 210 50 79 
6 9 842 0 841 774 577 210 50 79 
6 9 842 0 841 775 577 210 50 79 
6 9 842 0 841 776 577 210 50 79 
6 9 842 0 841 777 577 210 50 79 
6 9 842 0 841 778 577 210 50 79 
6 9 842 0 841 779 577 210 50 79 
6 9 842 0 841 780 577 210 50 79 
6 9 842 0 841 781 577 210 50 79 
6 9 842 0 841 782 577 210 50 79 
6 9 842 0 841 783 577 210 50 79 
6 9 842 0 841 784 577 210 50 79 
6 9 842 0 841 785 577 210 50 79 
6 9 842 0 841 786 577 210 50 79 
6 9 842 0 841 787 577 210 50 79 
6 9 842 0 841 788 577 210 50 79 
6 9 842 0 841 789 577 210 50 79 
6 9 842 0 841 790 577 210 50 79 
6 9 842 0 841 791 577 210 50 79 
6 9 842 0 841 792 577 210 50 79 
6 9 842 0 841 793 580 210 46 79 
6 9 842 0 841 794 577 210 50 79 
6 9 842 0 841 795 577 210 50 79 
6 9 842 0 841 796 577 210 50 79 
6 9 842 0 841 797 577 210 52 79 
6 9 842 0 841 798 577 210 52 79 
6 9 842 0 841 799 577 210 52 79 
6 9 842 0 841 800 577 210 52 79 
6 9 842 0 841 801 577 210 52 79 
6 9 842 0 841 802 577 210 52 79 
6 9 842 0 841 803 577 210 52 79 
6 9 842 0 841 804 577 210 52 79 
6 9 842 0 841 805 577 210 52 79 
6 9 842 0 841 806 577 210 52 79 
6 9 842 0 841 807 577 210 52 79 
6 9 842 0 841 808 577 210 52 79 
6 9 842 0 841 809 577 210 52 79 
6 9 842 0 841 810 577 210 52 79 
6 9 842 0 841 811 577 210 52 79 
6 9 842 0 841 812 577 210 52 79 
6 9 842 0 841 813 577 210 52 79 
6 9 842 0 841 814 577 210 52 79 
6 9 842 0 841 815 577 210 52 79 
6 9 842 0 841 816 577 210 52 79 
6 9 842 0 841 817 577 210 52 79 
6 9 842 0 841 818 577 210 52 79 
6 9 842 0 841 819 580 210 48 79 
6 9 842 0 841 820 580 210 48 79 
6 9 842 0 841 821 580 210 48 79 
6 9 842 0 841 822 580 210 48 79 
6 9 842 0 841 823 580 210 48 79 
6 9 842 0 841 824 580 210 48 79 
6 9 842 0 841 825 580 210 48 79 
6 9 842 0 841 826 580 210 48 79 
6 9 842 0 841 827 580 210 48 79 
6 9 842 0 841 828 580 210 48 79 
6 9 842 0 841 829 580 210 48 79 
6 9 842 0 841 830 580 210 48 79 
6 9 842 0 841 831 580 210 48 79 
6 9 842 0 841 832 580 210 48 79 
6 9 842 0 841 833 580 210 48 79 
6 9 842 0 841 834 580 210 48 79 
6 9 842 0 841 835 580 210 48 79 
6 9 842 0 841 836 580 210 48 79 
6 9 842 0 841 837 580 210 48 79 
6 9 842 0 841 838 580 210 48 79 
6 9 842 0 841 839 580 210 48 79 
6 9 842 0 841 840 580 210 48 79 
6 9 842 0 841 841 581 210 46 79 
7 9 450 169 618 169 433 213 50 63 
7 9 450 169 618 170 436 213 48 63 
7 9 450 169 618 171 437 213 46 63 
7 9 450 169 618 172 436 213 50 63 
7 9 450 169 618 173 438 213 50 63 
7 9 450 169 618 174 440 213 50 63 
7 9 450 169 618 175 442 213 50 63 
7 9 450 169 618 176 442 211 50 63 
7 9 450 169 618 177 442 211 50 63 
7 9 450 169 618 178 443 211 50 63 
7 9 450 169 618 179 443 211 50 63 
7 9 450 169 618 180 445 211 50 63 
7 9 450 169 618 181 445 211 50 63 
7 9 450 169 618 182 447 211 50 63 
7 9 450 169 618 183 447 211 50 63 
7 9 450 169 618 184 449 211 50 63 
7 9 450 169 618 185 449 211 50 63 
7 9 450 169 618 186 449 211 50 63 
7 9 450 169 618 187 452 211 48 63 
7 9 450 169 618 188 452 211 48 63 
7 9 450 169 618 189 452 211 50 63 
7 9 450 169 618 190 452 211 50 63 
7 9 450 169 618 191 454 211 50 63 
7 9 450 169 618 192 454 211 50 63 
7 9 450 169 618 193 456 211 50 63 
7 9 450 169 618 194 456 211 50 63 
7 9 450 169 618 195 456 211 50 63 
7 9 450 169 618 196 458 211 50 63 
7 9 450 169 618 197 458 211 50 63 
7 9 450 169 618 198 459 211 50 63 
7 9 450 169 618 199 459 211 50 63 
7 9 450 169 618 200 461 211 50 63 
7 9 450 169 618 201 461 211 50 63 
7 9 450 169 618 202 463 211 50 63 
7 9 450 169 618 203 463 211 50 63 
7 9 450 169 618 204 463 211 50 63 
7 9 450 169 618 205 465 211 50 63 
7 9 450 169 618 206 465 211 50 63 
7 9 450 169 618 207 468 211 48 63 
7 9 450 169 618 208 468 211 48 63 
7 9 450 169 618 209 468 211 50 63 
7 9 450 169 618 210 468 211 50 63 
7 9 450 169 618 211 470 211 50 63 
7 9 450 169 618 212 470 211 50 63 
7 9 450 169 618 213 470 211 50 63 
7 9 450 169 618 214 472 211 50 63 
7 9 450 169 618 215 472 211 50 63 
7 9 450 169 618 216 474 211 50 63 
7 9 450 169 618 217 474 211 50 63 
7 9 450 169 618 218 475 211 50 63 
7 9 450 169 618 219 475 211 50 63 
7 9 450 169 618 220 477 211 50 63 
7 9 450 169 618 221 477 211 50 61 
7 9 450 169 618 222 477 211 50 61 
7 9 450 169 618 223 477 211 50 61 
7 9 450 169 618 224 480 211 46 61 
7 9 450 169 618 225 479 211 50 61 
7 9 450 169 618 226 479 211 50 61 
7 9 450 169 618 227 479 211 50 61 
7 9 450 169 618 228 482 211 46 61 
7 9 450 169 618 229 481 211 50 61 
7 9 450 169 618 230 481 211 50 61 
7 9 450 169 618 231 481 211 50 61 
7 9 450 169 618 232 484 211 46 61 
7 9 450 169 618 233 484 211 46 61 
7 9 450 169 618 234 484 211 48 61 
7 9 450 169 618 235 484 211 48 61 
7 9 450 169 618 236 485 211 46 61 
7 9 450 169 618 237 485 211 46 61 
7 9 450 169 618 238 484 211 50 61 
7 9 450 169 618 239 484 211 50 61 
7 9 450 169 618 240 487 211 46 61 
7 9 450 169 618 241 487 211 46 61 
7 9 450 169 618 242 486 211 50 61 
7 9 450 169 618 243 486 211 50 61 
7 9 450 169 618 244 489 211 46 61 
7 9 450 169 618 245 489 211 46 61 
7 9 450 169 618 246 489 211 46 61 
7 9 450 169 618 247 488 211 50 61 
7 9 450 169 618 248 491 211 46 61 
7 9 450 169 618 249 491 211 46 61 
7 9 450 169 618 250 491 211 46 61 
7 9 450 169 618 251 490 211 50 61 
7 9 450 169 618 252 492 211 48 61 
7 9 450 169 618 253 492 211 48 61 
7 9 450 169 618 254 492 211 48 61 
7 9 450 169 618 255 492 211 48 61 
7 9 450 169 618 256 494 211 46 61 
7 9 450 169 618 257 494 211 46 61 
7 9 450 169 618 258 494 211 46 61 
7 9 450 169 618 259 494 211 46 61 
7 9 450 169 618 260 496 211 46 61 
7 9 450 169 618 261 496 211 46 61 
7 9 450 169 618 262 496 211 46 61 
7 9 450 169 618 263 496 211 46 61 
7 9 450 169 618 264 498 211 46 61 
7 9 450 169 618 265 498 209 46 64 
7 9 450 169 618 266 500 209 46 64 
7 9 450 169 618 267 500 209 46 64 
7 9 450 169 618 268 501 209 46 64 
7 9 450 169 618 269 501 209 46 66 
7 9 450 169 618 270 503 209 46 66 
7 9 450 169 618 271 503 209 46 66 
7 9 450 169 618 272 505 209 46 66 
7 9 450 169 618 273 507 209 46 66 
7 9 450 169 618 274 507 208 46 69 
7 9 450 169 618 275 508 208 48 69 
7 9 450 169 618 276 508 208 48 69 
7 9 450 169 618 277 510 208 46 69 
7 9 450 169 618 278 510 208 46 69 
7 9 450 169 618 279 512 208 46 72 
7 9 450 169 618 280 512 208 46 72 
7 9 450 169 618 281 514 208 46 72 
7 9 450 169 618 282 516 208 46 72 
7 9 450 169 618 283 516 208 46 72 
7 9 450 169 618 284 517 207 46 75 
7 9 450 169 618 285 517 207 46 75 
7 9 450 169 618 286 519 207 46 75 
7 9 450 169 618 287 519 207 46 75 
7 9 450 169 618 288 521 207 46 75 
7 9 450 169 618 289 523 207 46 78 
7 9 450 169 618 290 523 207 46 78 
7 9 450 169 618 291 523 207 46 78 
7 9 450 169 618 292 524 207 48 78 
7 9 450 169 618 293 524 207 48 78 
7 9 450 169 618 294 526 207 46 78 
7 9 450 169 618 295 526 207 46 78 
7 9 450 169 618 296 528 207 46 78 
7 9 450 169 618 297 528 207 46 78 
7 9 450 169 618 298 530 207 46 78 
7 9 450 169 618 299 530 207 46 78 
7 9 450 169 618 300 532 207 46 78 
7 9 450 169 618 301 532 207 46 75 
7 9 450 169 618 302 532 207 46 75 
7 9 450 169 618 303 533 207 46 75 
7 9 450 169 618 304 533 207 46 75 
7 9 450 169 618 305 536 207 42 75 
7 9 450 169 618 306 535 207 46 75 
7 9 450 169 618 307 535 207 46 75 
7 9 450 169 618 308 537 207 46 75 
7 9 450 169 618 309 537 207 46 75 
7 9 450 169 618 310 540 207 42 75 
7 9 450 169 618 311 539 207 46 75 
7 9 450 169 618 312 539 207 46 75 
7 9 450 169 618 313 540 207 48 75 
7 9 450 169 618 314 540 207 48 75 
7 9 450 169 618 315 543 207 44 75 
7 9 450 169 618 316 542 207 46 75 
7 9 450 169 618 317 542 207 46 75 
7 9 450 169 618 318 545 207 42 75 
7 9 450 169 618 319 544 207 46 75 
7 9 450 169 618 320 547 207 42 75 
7 9 450 169 618 321 546 207 46 75 
7 9 450 169 618 322 546 207 46 75 
7 9 450 169 618 323 549 207 42 75 
7 9 450 169 618 324 548 207 46 75 
7 9 450 169 618 325 550 207 44 75 
7 9 450 169 618 326 549 207 46 75 
7 9 450 169 618 327 549 207 46 75 
7 9 450 169 618 328 552 207 42 75 
7 9 450 169 618 329 551 207 46 75 
7 9 450 169 618 330 554 207 42 75 
7 9 450 169 618 331 554 207 42 75 
7 9 450 169 618 332 553 207 46 75 
7 9 450 169 618 333 556 207 42 75 
7 9 450 169 618 334 555 207 46 75 
7 9 450 169 618 335 557 207 44 75 
7 9 450 169 618 336 557 208 44 72 
7 9 450 169 618 337 556 208 48 72 
7 9 450 169 618 338 559 208 44 72 
7 9 450 169 618 339 558 208 46 72 
7 9 450 169 618 340 561 208 42 72 
7 9 450 169 618 341 561 208 42 72 
7 9 450 169 618 342 560 208 46 72 
7 9 450 169 618 343 563 208 42 72 
7 9 450 169 618 344 563 208 42 72 
7 9 450 169 618 345 565 208 42 72 
7 9 450 169 618 346 565 208 42 72 
7 9 450 169 618 347 564 208 46 72 
7 9 450 169 618 348 566 208 44 72 
7 9 450 169 618 349 566 208 44 72 
7 9 450 169 618 350 568 208 42 72 
7 9 450 169 618 351 568 208 42 72 
7 9 450 169 618 352 567 208 46 72 
7 9 450 169 618 353 570 208 42 72 
7 9 450 169 618 354 570 208 42 72 
7 9 450 169 618 355 572 208 42 72 
7 9 450 169 618 356 572 208 42 72 
7 9 450 169 618 357 572 208 42 72 
7 9 450 169 618 358 573 208 44 72 
7 9 450 169 618 359 573 208 44 72 
7 9 450 169 618 360 575 208 44 72 
7 9 450 169 618 361 575 208 44 72 
7 9 450 169 618 362 575 208 44 72 
7 9 450 169 618 363 577 208 42 72 
7 9 450 169 618 364 577 208 42 72 
7 9 450 169 618 365 579 208 42 72 
7 9 450 169 618 366 579 208 42 72 
7 9 450 169 618 367 579 208 42 72 
7 9 450 169 618 368 581 208 42 72 
7 9 450 169 618 369 581 208 42 72 
7 9 450 169 618 370 582 210 44 69 
7 9 450 169 618 371 582 210 44 69 
7 9 450 169 618 372 582 210 44 69 
7 9 450 169 618 373 584 210 42 69 
7 9 450 169 618 374 584 210 42 69 
7 9 450 169 618 375 584 210 42 69 
7 9 450 169 618 376 586 210 42 69 
7 9 450 169 618 377 586 210 42 69 
7 9 450 169 618 378 586 210 42 69 
7 9 450 169 618 379 588 210 42 69 
7 9 450 169 618 380 588 210 42 69 
7 9 450 169 618 381 588 210 42 69 
7 9 450 169 618 382 589 210 44 69 
7 9 450 169 618 383 589 210 44 69 
7 9 450 169 618 384 589 210 44 69 
7 9 450 169 618 385 591 210 44 69 
7 9 450 169 618 386 591 210 44 69 
7 9 450 169 618 387 591 210 44 69 
7 9 450 169 618 388 593 210 42 69 
7 9 450 169 618 389 593 210 42 69 
7 9 450 169 618 390 593 210 42 69 
7 9 450 169 618 391 595 210 42 69 
7 9 450 169 618 392 595 210 42 69 
7 9 450 169 618 393 595 210 42 69 
7 9 450 169 618 394 597 210 42 69 
7 9 450 169 618 395 597 210 42 69 
7 9 450 169 618 396 597 210 42 69 
7 9 450 169 618 397 598 210 44 69 
7 9 450 169 618 398 598 210 44 69 
7 9 450 169 618 399 598 210 44 69 
7 9 450 169 618 400 600 210 42 69 
7 9 450 169 618 401 600 210 42 69 
7 9 450 169 618 402 600 210 42 69 
7 9 450 169 618 403 602 210 42 69 
7 9 450 169 618 404 602 210 42 69 
7 9 450 169 618 405 602 210 42 69 
7 9 450 169 618 406 604 210 42 69 
7 9 450 169 618 407 604 210 42 69 
7 9 450 169 618 408 604 210 42 69 
7 9 450 169 618 409 605 210 44 69 
7 9 450 169 618 410 605 210 44 69 
7 9 450 169 618 411 605 210 44 69 
7 9 450 169 618 412 607 210 44 69 
7 9 450 169 618 413 607 210 44 69 
7 9 450 169 618 414 607 210 44 69 
7 9 450 169 618 415 609 210 42 69 
7 9 450 169 618 416 609 210 42 69 
7 9 450 169 618 417 609 210 42 69 
7 9 450 169 618 418 611 210 42 69 
7 9 450 169 618 419 611 210 42 69 
7 9 450 169 618 420 613 212 42 69 
7 9 450 169 618 421 613 212 42 69 
7 9 450 169 618 422 613 212 42 69 
7 9 450 169 618 423 614 212 44 69 
7 9 450 169 618 424 614 212 44 69 
7 9 450 169 618 425 614 212 44 69 
7 9 450 169 618 426 616 212 42 69 
7 9 450 169 618 427 616 212 42 69 
7 9 450 169 618 428 616 212 42 69 
7 9 450 169 618 429 618 212 42 69 
7 9 450 169 618 430 618 212 42 69 
7 9 450 169 618 431 620 212 42 69 
7 9 450 169 618 432 620 212 42 69 
7 9 450 169 618 433 620 212 42 69 
7 9 450 169 618 434 621 212 44 69 
7 9 450 169 618 435 621 212 44 69 
7 9 450 169 618 436 621 212 44 69 
7 9 450 169 618 437 623 212 44 69 
7 9 450 169 618 438 623 212 44 69 
7 9 450 169 618 439 623 212 44 69 
7 9 450 169 618 440 625 212 42 69 
7 9 450 169 618 441 625 212 42 69 
7 9 450 169 618 442 627 212 42 69 
7 9 450 169 618 443 627 212 42 69 
7 9 450 169 618 444 627 212 42 69 
7 9 450 169 618 445 629 212 42 69 
7 9 450 169 618 446 629 212 42 69 
7 9 450 169 618 447 629 212 42 69 
7 9 450 169 618 448 630 212 44 69 
7 9 450 169 618 449 630 212 44 69 
7 9 450 169 618 450 630 212 44 69 
7 9 450 169 618 451 632 212 42 69 
7 9 450 169 618 452 632 212 42 69 
7 9 450 169 618 453 634 212 42 69 
7 9 450 169 618 454 634 210 42 69 
7 9 450 169 618 455 634 210 42 69 
7 9 450 169 618 456 634 210 42 69 
7 9 450 169 618 457 636 210 42 69 
7 9 450 169 618 458 636 210 42 69 
7 9 450 169 618 459 636 210 42 69 
7 9 450 169 618 460 637 210 44 69 
7 9 450 169 618 461 637 210 44 69 
7 9 450 169 618 462 637 210 44 69 
7 9 450 169 618 463 637 210 44 69 
7 9 450 169 618 464 639 208 44 69 
7 9 450 169 618 465 639 208 44 69 
7 9 450 169 618 466 639 208 44 69 
7 9 450 169 618 467 641 208 42 69 
7 9 450 169 618 468 641 208 42 69 
7 9 450 169 618 469 641 208 42 69 
7 9 450 169 618 470 641 208 42 69 
7 9 450 169 618 471 643 208 42 69 
7 9 450 169 618 472 643 208 42 69 
7 9 450 169 618 473 643 208 42 69 
7 9 450 169 618 474 645 208 42 69 
7 9 450 169 618 475 645 206 42 69 
7 9 450 169 618 476 645 206 42 69 
7 9 450 169 618 477 645 206 42 69 
7 9 450 169 618 478 646 206 44 69 
7 9 450 169 618 479 646 206 44 69 
7 9 450 169 618 480 646 206 44 69 
7 9 450 169 618 481 648 206 42 69 
7 9 450 169 618 482 648 206 42 69 
7 9 450 169 618 483 648 206 42 69 
7 9 450 169 618 484 648 206 42 69 
7 9 450 169 618 485 650 204 42 70 
7 9 450 169 618 486 650 204 42 70 
7 9 450 169 618 487 650 204 42 70 
7 9 450 169 618 488 652 204 42 70 
7 9 450 169 618 489 652 204 42 70 
7 9 450 169 618 490 652 204 42 70 
7 9 450 169 618 491 652 204 42 70 
7 9 450 169 618 492 653 204 44 70 
7 9 450 169 618 493 653 204 44 70 
7 9 450 169 618 494 653 204 44 70 
7 9 450 169 618 495 655 204 44 70 
7 9 450 169 618 496 655 204 44 70 
7 9 450 169 618 497 655 204 44 70 
7 9 450 169 618 498 655 204 44 70 
7 9 450 169 618 499 657 204 42 70 
7 9 450 169 618 500 657 204 42 70 
7 9 450 169 618 501 657 204 42 70 
7 9 450 169 618 502 657 204 42 70 
7 9 450 169 618 503 659 204 42 70 
7 9 450 169 618 504 659 204 42 70 
7 9 450 169 618 505 659 204 42 70 
7 9 450 169 618 506 659 204 42 70 
7 9 450 169 618 507 661 204 42 70 
7 9 450 169 618 508 661 204 42 70 
7 9 450 169 618 509 661 204 42 70 
7 9 450 169 618 510 661 204 42 70 
7 9 450 169 618 511 662 204 44 70 
7 9 450 169 618 512 662 204 44 70 
7 9 450 169 618 513 662 204 44 70 
7 9 450 169 618 514 664 204 42 70 
7 9 450 169 618 515 664 204 42 70 
7 9 450 169 618 516 664 204 42 70 
7 9 450 169 618 517 664 204 42 70 
7 9 450 169 618 518 666 204 42 70 
7 9 450 169 618 519 666 204 42 70 
7 9 450 169 618 520 666 204 42 70 
7 9 450 169 618 521 666 204 42 70 
7 9 450 169 618 522 668 204 42 70 
7 9 450 169 618 523 668 204 42 70 
7 9 450 169 618 524 668 204 42 70 
7 9 450 169 618 525 668 204 42 70 
7 9 450 169 618 526 669 204 44 70 
7 9 450 169 618 527 669 204 44 70 
7 9 450 169 618 528 669 204 44 70 
7 9 450 169 618 529 671 204 44 70 
7 9 450 169 618 530 671 204 44 70 
7 9 450 169 618 531 671 204 44 70 
7 9 450 169 618 532 673 204 42 70 
7 9 450 169 618 533 673 204 42 70 
7 9 450 169 618 534 673 204 42 70 
7 9 450 169 618 535 675 204 42 70 
7 9 450 169 618 536 675 204 42 70 
7 9 450 169 618 537 677 204 42 70 
7 9 450 169 618 538 677 204 42 70 
7 9 450 169 618 539 677 204 42 70 
7 9 450 169 618 540 678 204 44 70 
7 9 450 169 618 541 678 204 44 70 
7 9 450 169 618 542 678 204 44 70 
7 9 450 169 618 543 680 204 42 70 
7 9 450 169 618 544 680 204 42 70 
7 9 450 169 618 545 682 204 42 70 
7 9 450 169 618 546 682 204 42 70 
7 9 450 169 618 547 682 204 42 70 
7 9 450 169 618 548 684 204 42 70 
7 9 450 169 618 549 684 204 42 70 
7 9 450 169 618 550 684 204 42 70 
7 9 450 169 618 551 685 204 44 70 
7 9 450 169 618 552 685 204 44 70 
7 9 450 169 618 553 687 204 44 70 
7 9 450 169 618 554 687 204 44 70 
7 9 450 169 618 555 687 204 44 70 
7 9 450 169 618 556 689 204 42 70 
7 9 450 169 618 557 689 204 42 70 
7 9 450 169 618 558 689 204 42 70 
7 9 450 169 618 559 691 204 42 70 
7 9 450 169 618 560 691 204 42 70 
7 9 450 169 618 561 693 204 42 70 
7 9 450 169 618 562 693 204 42 70 
7 9 450 169 618 563 693 204 42 70 
7 9 450 169 618 564 694 204 44 70 
7 9 450 169 618 565 694 204 44 70 
7 9 450 169 618 566 694 204 44 70 
7 9 450 169 618 567 696 204 42 70 
7 9 450 169 618 568 696 204 42 70 
7 9 450 169 618 569 698 204 42 70 
7 9 450 169 618 570 698 204 42 70 
7 9 450 169 618 571 698 204 42 70 
7 9 450 169 618 572 700 204 42 70 
7 9 450 169 618 573 700 204 42 70 
7 9 450 169 618 574 701 204 44 70 
7 9 450 169 618 575 701 203 44 69 
7 9 450 169 618 576 701 203 44 69 
7 9 450 169 618 577 703 203 44 69 
7 9 450 169 618 578 703 203 44 69 
7 9 450 169 618 579 703 203 44 69 
7 9 450 169 618 580 705 203 42 69 
7 9 450 169 618 581 705 203 42 69 
7 9 450 169 618 582 705 203 42 69 
7 9 450 169 618 583 707 203 42 69 
7 9 450 169 618 584 707 203 42 69 
7 9 450 169 618 585 707 203 42 69 
7 9 450 169 618 586 709 203 42 69 
7 9 450 169 618 587 709 203 42 69 
7 9 450 169 618 588 710 203 44 69 
7 9 450 169 618 589 710 203 44 69 
7 9 450 169 618 590 710 203 44 69 
7 9 450 169 618 591 712 203 42 69 
7 9 450 169 618 592 712 203 42 69 
7 9 450 169 618 593 712 203 42 69 
7 9 450 169 618 594 714 203 42 69 
7 9 450 169 618 595 714 203 42 69 
7 9 450 169 618 596 714 203 42 69 
7 9 450 169 618 597 716 203 42 69 
7 9 450 169 618 598 716 203 42 69 
7 9 450 169 618 599 717 203 44 69 
7 9 450 169 618 600 717 203 44 69 
7 9 450 169 618 601 717 203 44 69 
7 9 450 169 618 602 719 203 44 69 
7 9 450 169 618 603 719 203 44 69 
7 9 450 169 618 604 719 203 44 69 
7 9 450 169 618 605 721 203 42 69 
7 9 450 169 618 606 721 203 42 69 
7 9 450 169 618 607 721 203 42 69 
7 9 450 169 618 608 723 203 42 69 
7 9 450 169 618 609 723 203 42 69 
7 9 450 169 618 610 725 203 42 69 
7 9 450 169 618 611 725 203 42 69 
7 9 450 169 618 612 725 203 42 69 
7 9 450 169 618 613 726 203 44 69 
7 9 450 169 618 614 726 203 44 69 
7 9 450 169 618 615 726 203 44 69 
7 9 450 169 618 616 728 203 42 69 
7 9 450 169 618 617 728 203 42 69 
7 9 450 169 618 618 728 203 42 69 
8 9 595 247 841 247 751 202 50 66 
8 9 595 247 841 248 752 202 46 66 
8 9 595 247 841 249 749 202 50 66 
8 9 595 247 841 250 750 204 46 63 
8 9 595 247 841 251 750 204 46 63 
8 9 595 247 841 252 747 204 50 63 
8 9 595 247 841 253 748 204 48 63 
8 9 595 247 841 254 748 204 48 63 
8 9 595 247 841 255 747 204 46 63 
8 9 595 247 841 256 747 205 46 61 
8 9 595 247 841 257 744 205 50 61 
8 9 595 247 841 258 745 205 46 61 
8 9 595 247 841 259 745 205 46 61 
8 9 595 247 841 260 743 205 46 61 
8 9 595 247 841 261 743 205 46 61 
8 9 595 247 841 262 743 207 46 61 
8 9 595 247 841 263 741 207 46 61 
8 9 595 247 841 264 741 207 46 61 
8 9 595 247 841 265 740 207 46 61 
8 9 595 247 841 266 740 207 46 61 
8 9 595 247 841 267 738 207 46 61 
8 9 595 247 841 268 738 207 46 61 
8 9 595 247 841 269 736 207 46 61 
8 9 595 247 841 270 736 207 46 61 
8 9 595 247 841 271 734 207 46 61 
8 9 595 247 841 272 734 207 46 61 
8 9 595 247 841 273 732 207 48 61 
8 9 595 247 841 274 732 207 48 61 
8 9 595 247 841 275 731 207 46 61 
8 9 595 247 841 276 731 207 46 61 
8 9 595 247 841 277 729 207 46 61 
8 9 595 247 841 278 729 207 46 61 
8 9 595 247 841 279 727 207 46 61 
8 9 595 247 841 280 727 207 46 61 
8 9 595 247 841 281 725 207 46 61 
8 9 595 247 841 282 725 207 46 61 
8 9 595 247 841 283 724 207 46 61 
8 9 595 247 841 284 724 207 46 61 
8 9 595 247 841 285 722 207 46 61 
8 9 595 247 841 286 722 207 46 61 
8 9 595 247 841 287 720 207 46 61 
8 9 595 247 841 288 720 207 46 61 
8 9 595 247 841 289 718 207 46 61 
8 9 595 247 841 290 718 207 46 61 
8 9 595 247 841 291 716 207 48 61 
8 9 595 247 841 292 716 207 48 61 
8 9 595 247 841 293 715 207 46 61 
8 9 595 247 841 294 715 207 46 61 
8 9 595 247 841 295 713 207 46 61 
8 9 595 247 841 296 713 207 46 61 
8 9 595 247 841 297 711 207 46 61 
8 9 595 247 841 298 711 207 46 61 
8 9 595 247 841 299 709 207 46 61 
8 9 595 247 841 300 709 207 46 61 
8 9 595 247 841 301 708 207 46 61 
8 9 595 247 841 302 708 207 46 61 
8 9 595 247 841 303 706 207 46 61 
8 9 595 247 841 304 706 207 46 61 
8 9 595 247 841 305 704 207 46 61 
8 9 595 247 841 306 704 207 46 61 
8 9 595 247 841 307 702 207 46 61 
8 9 595 247 841 308 702 207 46 61 
8 9 595 247 841 309 703 207 44 61 
8 9 595 247 841 310 700 207 48 61 
8 9 595 247 841 311 701 207 44 61 
8 9 595 247 841 312 699 207 46 61 
8 9 595 247 841 313 700 207 42 61 
8 9 595 247 841 314 697 207 46 64 
8 9 595 247 841 315 698 207 42 64 
8 9 595 247 841 316 695 207 46 64 
8 9 595 247 841 317 696 207 42 64 
8 9 595 247 841 318 696 209 42 61 
8 9 595 247 841 319 694 209 44 61 
8 9 595 247 841 320 694 209 44 61 
8 9 595 247 841 321 693 209 42 61 
8 9 595 247 841 322 693 209 42 61 
8 9 595 247 841 323 691 209 42 61 
8 9 595 247 841 324 691 209 42 61 
8 9 595 247 841 325 689 209 42 61 
8 9 595 247 841 326 689 209 42 61 
8 9 595 247 841 327 690 209 40 61 
8 9 595 247 841 328 687 209 44 64 
8 9 595 247 841 329 688 209 40 64 
8 9 595 247 841 330 685 209 44 64 
8 9 595 247 841 331 686 209 40 64 
8 9 595 247 841 332 684 209 42 64 
8 9 595 247 841 333 685 209 38 64 
8 9 595 247 841 334 682 209 42 64 
8 9 595 247 841 335 683 211 38 61 
8 9 595 247 841 336 683 211 38 61 
8 9 595 247 841 337 681 211 40 61 
8 9 595 247 841 338 681 211 40 61 
8 9 595 247 841 339 679 211 40 61 
8 9 595 247 841 340 679 211 40 61 
8 9 595 247 841 341 678 211 38 61 
8 9 595 247 841 342 678 211 38 63 
8 9 595 247 841 343 676 211 38 63 
8 9 595 247 841 344 676 211 38 63 
8 9 595 247 841 345 677 211 36 63 
8 9 595 247 841 346 674 211 40 63 
8 9 595 247 841 347 675 211 36 63 
8 9 595 247 841 348 672 211 40 63 
8 9 595 247 841 349 673 211 36 63 
8 9 595 247 841 350 670 211 40 63 
8 9 595 247 841 351 671 211 36 63 
8 9 595 247 841 352 669 211 38 63 
8 9 595 247 841 353 670 214 34 60 
8 9 595 247 841 354 670 214 34 60 
8 9 595 247 841 355 668 214 36 60 
8 9 595 247 841 356 668 213 36 63 
8 9 595 247 841 357 666 213 36 63 
8 9 595 247 841 358 666 213 36 63 
8 9 595 247 841 359 664 213 36 63 
8 9 595 247 841 360 664 213 36 63 
8 9 595 247 841 361 663 213 34 63 
8 9 595 247 841 362 663 213 34 63 
8 9 595 247 841 363 664 213 32 63 
8 9 595 247 841 364 661 213 36 63 
8 9 595 247 841 365 662 213 32 63 
8 9 595 247 841 366 659 213 36 63 
8 9 595 247 841 367 660 213 32 63 
8 9 595 247 841 368 657 213 36 63 
8 9 595 247 841 369 658 213 32 63 
8 9 595 247 841 370 658 214 32 64 
8 9 595 247 841 371 656 213 32 63 
8 9 595 247 841 372 656 213 32 63 
8 9 595 247 841 373 655 213 32 63 
8 9 595 247 841 374 655 213 32 63 
8 9 595 247 841 375 653 213 32 63 
8 9 595 247 841 376 653 213 32 63 
8 9 595 247 841 377 651 213 32 63 
8 9 595 247 841 378 651 213 32 63 
8 9 595 247 841 379 649 213 32 63 
8 9 595 247 841 380 649 213 32 63 
8 9 595 247 841 381 649 213 32 63 
8 9 595 247 841 382 648 213 32 63 
8 9 595 247 841 383 648 213 32 63 
8 9 595 247 841 384 646 213 32 63 
8 9 595 247 841 385 646 213 32 63 
8 9 595 247 841 386 644 213 32 63 
8 9 595 247 841 387 644 213 32 63 
8 9 595 247 841 388 642 213 32 63 
8 9 595 247 841 389 642 213 32 63 
8 9 595 247 841 390 642 213 32 63 
8 9 595 247 841 391 640 213 32 63 
8 9 595 247 841 392 640 213 32 63 
8 9 595 247 841 393 639 213 32 63 
8 9 595 247 841 394 639 213 32 63 
8 9 595 247 841 395 637 213 32 63 
8 9 595 247 841 396 637 213 32 63 
8 9 595 247 841 397 635 213 32 63 
8 9 595 247 841 398 635 213 32 63 
8 9 595 247 841 399 633 213 32 63 
8 9 595 247 841 400 633 213 32 63 
8 9 595 247 841 401 633 213 32 63 
8 9 595 247 841 402 632 213 32 63 
8 9 595 247 841 403 632 213 32 63 
8 9 595 247 841 404 630 213 32 63 
8 9 595 247 841 405 630 213 32 63 
8 9 595 247 841 406 628 213 32 63 
8 9 595 247 841 407 628 213 32 63 
8 9 595 247 841 408 626 213 32 63 
8 9 595 247 841 409 626 213 32 63 
8 9 595 247 841 410 626 213 32 63 
8 9 595 247 841 411 624 213 32 63 
8 9 595 247 841 412 624 213 32 63 
8 9 595 247 841 413 623 213 32 63 
8 9 595 247 841 414 623 213 32 63 
8 9 595 247 841 415 621 213 32 63 
8 9 595 247 841 416 621 213 32 63 
8 9 595 247 841 417 619 213 32 63 
8 9 595 247 841 418 619 213 32 63 
8 9 595 247 841 419 619 213 32 63 
8 9 595 247 841 420 617 213 32 63 
8 9 595 247 841 421 617 213 32 63 
8 9 595 247 841 422 616 213 32 63 
8 9 595 247 841 423 616 213 32 63 
8 9 595 247 841 424 614 213 32 63 
8 9 595 247 841 425 614 213 32 63 
8 9 595 247 841 426 614 213 32 63 
8 9 595 247 841 427 612 213 32 63 
8 9 595 247 841 428 612 213 32 63 
8 9 595 247 841 429 610 213 32 63 
8 9 595 247 841 430 610 213 32 63 
8 9 595 247 841 431 610 213 32 63 
8 9 595 247 841 432 608 213 32 63 
8 9 595 247 841 433 608 213 32 63 
8 9 595 247 841 434 607 213 32 63 
8 9 595 247 841 435 607 213 32 63 
8 9 595 247 841 436 607 213 32 63 
8 9 595 247 841 437 605 213 32 63 
8 9 595 247 841 438 605 213 32 63 
8 9 595 247 841 439 603 213 32 63 
8 9 595 247 841 440 603 213 32 63 
8 9 595 247 841 441 601 213 32 63 
8 9 595 247 841 442 601 213 32 63 
8 9 595 247 841 443 601 213 32 63 
8 9 595 247 841 444 600 213 32 63 
8 9 595 247 841 445 600 213 32 63 
8 9 595 247 841 446 598 213 32 63 
8 9 595 247 841 447 598 213 32 63 
8 9 595 247 841 448 598 213 32 63 
8 9 595 247 841 449 596 213 32 63 
8 9 595 247 841 450 596 213 32 63 
8 9 595 247 841 451 594 213 32 63 
8 9 595 247 841 452 594 213 32 63 
8 9 595 247 841 453 594 214 32 64 
8 9 595 247 841 454 592 214 32 64 
8 9 595 247 841 455 592 214 32 64 
8 9 595 247 841 456 591 214 32 64 
8 9 595 247 841 457 591 214 32 64 
8 9 595 247 841 458 589 214 32 64 
8 9 595 247 841 459 589 214 32 64 
8 9 595 247 841 460 587 214 32 64 
8 9 595 247 841 461 587 214 32 64 
8 9 595 247 841 462 585 214 32 64 
8 9 595 247 841 463 585 214 32 64 
8 9 595 247 841 464 584 214 32 64 
8 9 595 247 841 465 584 214 32 64 
8 9 595 247 841 466 582 214 32 64 
8 9 595 247 841 467 582 214 32 64 
8 9 595 247 841 468 580 214 32 64 
8 9 595 247 841 469 580 214 32 64 
8 9 595 247 841 470 578 214 32 64 
8 9 595 247 841 471 578 214 32 64 
8 9 595 247 841 472 576 214 32 64 
8 9 595 247 841 473 576 214 32 64 
8 9 595 247 841 474 575 214 32 64 
8 9 595 247 841 475 575 214 32 64 
8 9 595 247 841 476 573 214 32 64 
8 9 595 247 841 477 573 214 32 64 
8 9 595 247 841 478 571 214 32 64 
8 9 595 247 841 479 571 214 32 64 
8 9 595 247 841 480 569 214 32 64 
8 9 595 247 841 481 569 214 32 64 
8 9 595 247 841 482 568 214 32 64 
8 9 595 247 841 483 568 214 32 64 
8 9 595 247 841 484 566 214 32 64 
8 9 595 247 841 485 566 214 32 64 
8 9 595 247 841 486 564 214 32 64 
8 9 595 247 841 487 564 214 32 64 
8 9 595 247 841 488 562 214 32 64 
8 9 595 247 841 489 562 214 32 64 
8 9 595 247 841 490 560 214 32 64 
8 9 595 247 841 491 560 214 32 64 
8 9 595 247 841 492 559 214 32 64 
8 9 595 247 841 493 559 214 32 64 
8 9 595 247 841 494 557 214 32 64 
8 9 595 247 841 495 557 216 32 64 
8 9 595 247 841 496 555 214 32 64 
8 9 595 247 841 497 553 214 32 64 
8 9 595 247 841 498 551 214 34 64 
8 9 595 247 841 499 552 214 32 64 
8 9 595 247 841 500 549 214 36 64 
8 9 595 247 841 501 547 214 36 64 
8 9 595 247 841 502 547 214 36 64 
8 9 595 247 841 503 545 214 36 64 
8 9 595 247 841 504 543 214 36 64 
8 9 595 247 841 505 543 214 36 64 
8 9 595 247 841 506 542 214 34 64 
8 9 595 247 841 507 539 214 38 64 
8 9 595 247 841 508 540 214 36 64 
8 9 595 247 841 509 537 214 40 64 
8 9 595 247 841 510 535 214 40 64 
8 9 595 247 841 511 535 214 40 64 
8 9 595 247 841 512 534 214 38 64 
8 9 595 247 841 513 532 214 38 64 
8 9 595 247 841 514 532 214 38 64 
8 9 595 247 841 515 530 214 40 64 
8 9 595 247 841 516 527 214 44 64 
8 9 595 247 841 517 528 214 40 64 
8 9 595 247 841 518 525 214 44 64 
8 9 595 247 841 519 524 214 42 64 
8 9 595 247 841 520 524 214 42 64 
8 9 595 247 841 521 522 214 42 64 
8 9 595 247 841 522 520 214 42 64 
8 9 595 247 841 523 520 214 42 64 
8 9 595 247 841 524 518 214 44 64 
8 9 595 247 841 525 516 214 46 64 
8 9 595 247 841 526 517 214 42 64 
8 9 595 247 841 527 514 214 46 64 
8 9 595 247 841 528 512 214 46 64 
8 9 595 247 841 529 512 214 46 64 
8 9 595 247 841 530 510 214 46 64 
8 9 595 247 841 531 510 214 46 64 
8 9 595 247 841 532 508 214 48 64 
8 9 595 247 841 533 508 214 48 64 
8 9 595 247 841 534 507 214 46 64 
8 9 595 247 841 535 507 214 46 64 
8 9 595 247 841 536 505 214 46 64 
8 9 595 247 841 537 505 214 46 64 
8 9 595 247 841 538 503 214 46 64 
8 9 595 247 841 539 503 214 46 64 
8 9 595 247 841 540 501 214 46 64 
8 9 595 247 841 541 501 214 46 64 
8 9 595 247 841 542 500 214 46 64 
8 9 595 247 841 543 500 214 46 64 
8 9 595 247 841 544 500 214 46 64 
8 9 595 247 841 545 498 214 46 64 
8 9 595 247 841 546 498 214 46 64 
8 9 595 247 841 547 496 214 46 64 
8 9 595 247 841 548 496 214 46 64 
8 9 595 247 841 549 494 214 46 64 
8 9 595 247 841 550 494 216 46 64 
8 9 595 247 841 551 492 216 48 64 
8 9 595 247 841 552 492 216 48 64 
8 9 595 247 841 553 491 216 46 64 
8 9 595 247 841 554 491 216 46 64 
8 9 595 247 841 555 489 216 46 64 
8 9 595 247 841 556 489 216 46 64 
8 9 595 247 841 557 489 216 46 64 
8 9 595 247 841 558 487 216 46 64 
8 9 595 247 841 559 487 216 46 64 
8 9 595 247 841 560 485 216 46 64 
8 9 595 247 841 561 485 216 46 64 
8 9 595 247 841 562 484 216 46 64 
8 9 595 247 841 563 484 216 46 64 
8 9 595 247 841 564 482 216 46 64 
8 9 595 247 841 565 482 216 46 64 
8 9 595 247 841 566 480 216 46 64 
8 9 595 247 841 567 480 216 46 64 
8 9 595 247 841 568 478 216 46 64 
8 9 595 247 841 569 478 216 46 64 
8 9 595 247 841 570 478 218 46 64 
8 9 595 247 841 571 476 216 48 64 
8 9 595 247 841 572 475 216 46 64 
8 9 595 247 841 573 475 216 46 64 
8 9 595 247 841 574 473 216 46 64 
8 9 595 247 841 575 473 216 46 64 
8 9 595 247 841 576 471 216 46 64 
8 9 595 247 841 577 471 216 46 64 
8 9 595 247 841 578 469 216 46 64 
8 9 595 247 841 579 468 216 46 64 
8 9 595 247 841 580 468 216 46 64 
8 9 595 247 841 581 466 216 46 64 
8 9 595 247 841 582 466 216 46 64 
8 9 595 247 841 583 464 216 46 64 
8 9 595 247 841 584 464 216 46 64 
8 9 595 247 841 585 462 216 46 64 
8 9 595 247 841 586 460 216 48 64 
8 9 595 247 841 587 460 216 48 64 
8 9 595 247 841 588 459 216 46 64 
8 9 595 247 841 589 459 216 46 64 
8 9 595 247 841 590 457 216 46 64 
8 9 595 247 841 591 457 216 46 64 
8 9 595 247 841 592 455 216 46 64 
8 9 595 247 841 593 453 216 46 64 
8 9 595 247 841 594 453 216 46 64 
8 9 595 247 841 595 452 216 46 64 
8 9 595 247 841 596 452 216 46 64 
8 9 595 247 841 597 450 216 46 64 
8 9 595 247 841 598 450 216 46 64 
8 9 595 247 841 599 448 216 46 64 
8 9 595 247 841 600 448 216 46 64 
8 9 595 247 841 601 446 216 46 64 
8 9 595 247 841 602 446 216 46 64 
8 9 595 247 841 603 446 216 46 64 
8 9 595 247 841 604 444 216 48 64 
8 9 595 247 841 605 444 216 48 64 
8 9 595 247 841 606 444 216 48 64 
8 9 595 247 841 607 443 216 46 64 
8 9 595 247 841 608 443 216 46 64 
8 9 595 247 841 609 443 216 46 64 
8 9 595 247 841 610 441 216 46 64 
8 9 595 247 841 611 441 216 46 64 
8 9 595 247 841 612 441 216 46 64 
8 9 595 247 841 613 438 216 50 64 
8 9 595 247 841 614 439 216 46 64 
8 9 595 247 841 615 439 216 46 64 
8 9 595 247 841 616 436 216 50 64 
8 9 595 247 841 617 437 216 46 64 
8 9 595 247 841 618 437 216 46 64 
8 9 595 247 841 619 436 215 48 67 
8 9 595 247 841 620 436 215 46 67 
8 9 595 247 841 621 436 215 46 67 
8 9 595 247 841 622 433 215 50 67 
8 9 595 247 841 623 433 215 50 67 
8 9 595 247 841 624 434 215 46 67 
8 9 595 247 841 625 431 215 50 67 
8 9 595 247 841 626 431 215 50 67 
8 9 595 247 841 627 432 215 46 67 
8 9 595 247 841 628 429 215 50 67 
8 9 595 247 841 629 429 215 50 67 
8 9 595 247 841 630 430 215 46 67 
8 9 595 247 841 631 427 215 50 67 
8 9 595 247 841 632 427 215 50 67 
8 9 595 247 841 633 427 215 50 67 
8 9 595 247 841 634 426 215 50 67 
8 9 595 247 841 635 426 215 50 67 
8 9 595 247 841 636 426 215 50 67 
8 9 595 247 841 637 424 215 50 67 
8 9 595 247 841 638 424 215 50 69 
8 9 595 247 841 639 424 215 50 69 
8 9 595 247 841 640 422 215 50 69 
8 9 595 247 841 641 422 215 50 69 
8 9 595 247 841 642 422 215 50 69 
8 9 595 247 841 643 420 215 50 69 
8 9 595 247 841 644 420 215 50 69 
8 9 595 247 841 645 420 215 50 69 
8 9 595 247 841 646 419 215 52 69 
8 9 595 247 841 647 420 215 48 69 
8 9 595 247 841 648 420 215 48 69 
8 9 595 247 841 649 417 215 52 69 
8 9 595 247 841 650 417 215 50 69 
8 9 595 247 841 651 417 215 50 69 
8 9 595 247 841 652 414 215 54 69 
8 9 595 247 841 653 415 215 50 69 
8 9 595 247 841 654 415 215 50 69 
8 9 595 247 841 655 412 215 54 69 
8 9 595 247 841 656 412 215 54 69 
8 9 595 247 841 657 413 215 50 72 
8 9 595 247 841 658 410 215 54 72 
8 9 595 247 841 659 410 215 54 72 
8 9 595 247 841 660 411 215 50 72 
8 9 595 247 841 661 410 215 52 72 
8 9 595 247 841 662 410 215 52 72 
8 9 595 247 841 663 410 215 50 72 
8 9 595 247 841 664 407 215 54 72 
8 9 595 247 841 665 407 215 54 72 
8 9 595 247 841 666 407 215 54 72 
8 9 595 247 841 667 405 215 54 72 
8 9 595 247 841 668 405 215 54 72 
8 9 595 247 841 669 405 215 54 72 
8 9 595 247 841 670 403 215 54 72 
8 9 595 247 841 671 403 215 54 72 
8 9 595 247 841 672 403 215 54 72 
8 9 595 247 841 673 403 215 52 72 
8 9 595 247 841 674 403 215 52 72 
8 9 595 247 841 675 403 215 52 72 
8 9 595 247 841 676 403 214 52 75 
8 9 595 247 841 677 401 214 52 75 
8 9 595 247 841 678 401 214 52 75 
8 9 595 247 841 679 401 214 52 75 
8 9 595 247 841 680 398 214 54 75 
8 9 595 247 841 681 398 214 54 75 
8 9 595 247 841 682 398 214 54 75 
8 9 595 247 841 683 398 214 54 75 
8 9 595 247 841 684 396 214 54 75 
8 9 595 247 841 685 396 214 54 75 
8 9 595 247 841 686 396 214 54 75 
8 9 595 247 841 687 396 214 54 78 
8 9 595 247 841 688 394 214 54 78 
8 9 595 247 841 689 394 214 54 78 
8 9 595 247 841 690 394 216 54 75 
8 9 595 247 841 691 394 216 54 75 
8 9 595 247 841 692 394 216 52 75 
8 9 595 247 841 693 394 216 52 75 
8 9 595 247 841 694 394 216 52 75 
8 9 595 247 841 695 394 216 52 75 
8 9 595 247 841 696 391 216 54 75 
8 9 595 247 841 697 391 216 54 76 
8 9 595 247 841 698 391 216 54 76 
8 9 595 247 841 699 389 216 54 76 
8 9 595 247 841 700 389 216 54 76 
8 9 595 247 841 701 389 216 54 76 
8 9 595 247 841 702 389 216 54 76 
8 9 595 247 841 703 387 216 54 76 
8 9 595 247 841 704 387 218 54 73 
8 9 595 247 841 705 387 218 54 73 
8 9 595 247 841 706 387 218 54 73 
8 9 595 247 841 707 387 218 52 73 
8 9 595 247 841 708 387 218 52 76 
8 9 595 247 841 709 387 218 52 76 
8 9 595 247 841 710 387 218 52 76 
8 9 595 247 841 711 385 218 52 76 
8 9 595 247 841 712 385 218 52 76 
8 9 595 247 841 713 385 218 52 76 
8 9 595 247 841 714 385 218 52 76 
8 9 595 247 841 715 382 218 54 76 
8 9 595 247 841 716 382 218 54 76 
8 9 595 247 841 717 382 218 54 76 
8 9 595 247 841 718 382 219 54 78 
8 9 595 247 841 719 380 219 54 78 
8 9 595 247 841 720 380 219 54 78 
8 9 595 247 841 721 380 219 54 78 
8 9 595 247 841 722 378 221 54 78 
8 9 595 247 841 723 378 221 54 78 
8 9 595 247 841 724 378 221 54 78 
8 9 595 247 841 725 378 220 54 81 
8 9 595 247 841 726 378 223 52 78 
8 9 595 247 841 727 378 223 52 78 
8 9 595 247 841 728 378 222 52 79 
8 9 595 247 841 729 375 222 54 79 
8 9 595 247 841 730 375 225 54 76 
8 9 595 247 841 731 375 225 54 76 
8 9 595 247 841 732 375 224 54 79 
8 9 595 247 841 733 373 224 54 79 
8 9 595 247 841 734 373 227 54 76 
8 9 595 247 841 735 373 226 54 79 
8 9 595 247 841 736 371 226 54 79 
8 9 595 247 841 737 371 226 54 79 
8 9 595 247 841 738 371 227 54 81 
8 9 595 247 841 739 371 227 54 81 
8 9 595 247 841 740 371 227 52 81 
8 9 595 247 841 741 371 227 52 81 
8 9 595 247 841 742 371 229 52 79 
8 9 595 247 841 743 371 229 52 79 
8 9 595 247 841 744 369 229 52 79 
8 9 595 247 841 745 369 231 52 79 
8 9 595 247 841 746 369 231 52 79 
8 9 595 247 841 747 366 231 54 79 
8 9 595 247 841 748 366 231 54 82 
8 9 595 247 841 749 366 233 54 79 
8 9 595 247 841 750 366 233 54 79 
8 9 595 247 841 751 364 233 54 79 
8 9 595 247 841 752 364 233 54 82 
8 9 595 247 841 753 364 234 54 81 
8 9 595 247 841 754 362 234 54 81 
8 9 595 247 841 755 362 234 54 84 
8 9 595 247 841 756 362 234 54 84 
8 9 595 247 841 757 362 236 54 81 
8 9 595 247 841 758 362 236 52 82 
8 9 595 247 841 759 362 236 52 82 
8 9 595 247 841 760 362 236 52 82 
8 9 595 247 841 761 359 238 54 79 
8 9 595 247 841 762 359 238 54 82 
8 9 595 247 841 763 359 238 54 82 
8 9 595 247 841 764 359 238 54 82 
8 9 595 247 841 765 357 240 54 82 
8 9 595 247 841 766 357 240 54 82 
8 9 595 247 841 767 357 240 54 82 
8 9 595 247 841 768 357 242 54 82 
8 9 595 247 841 769 355 242 54 82 
8 9 595 247 841 770 355 242 54 82 
8 9 595 247 841 771 355 242 54 82 
8 9 595 247 841 772 355 242 52 82 
8 9 595 247 841 773 355 242 52 82 
8 9 595 247 841 774 355 242 52 84 
8 9 595 247 841 775 353 242 52 84 
8 9 595 247 841 776 353 242 52 84 
8 9 595 247 841 777 353 242 52 84 
8 9 595 247 841 778 350 242 54 84 
8 9 595 247 841 779 350 243 54 82 
8 9 595 247 841 780 350 242 54 85 
8 9 595 247 841 781 348 242 54 85 
8 9 595 247 841 782 348 242 54 85 
8 9 595 247 841 783 348 242 54 85 
8 9 595 247 841 784 346 242 54 85 
8 9 595 247 841 785 346 242 54 88 
8 9 595 247 841 786 346 242 54 88 
8 9 595 247 841 787 346 242 54 88 
8 9 595 247 841 788 346 242 52 88 
8 9 595 247 841 789 346 244 52 85 
8 9 595 247 841 790 346 244 52 85 
8 9 595 247 841 791 343 244 54 88 
8 9 595 247 841 792 343 244 54 88 
8 9 595 247 841 793 343 244 54 88 
8 9 595 247 841 794 341 244 54 88 
8 9 595 247 841 795 341 244 54 88 
8 9 595 247 841 796 341 244 54 88 
8 9 595 247 841 797 339 243 54 91 
8 9 595 247 841 798 339 243 54 91 
8 9 595 247 841 799 339 243 54 91 
8 9 595 247 841 800 339 246 52 88 
8 9 595 247 841 801 339 246 52 88 
8 9 595 247 841 802 339 246 52 90 
8 9 595 247 841 803 337 246 52 90 
8 9 595 247 841 804 337 246 52 90 
8 9 595 247 841 805 337 246 52 90 
8 9 595 247 841 806 337 246 52 90 
8 9 595 247 841 807 334 246 54 90 
8 9 595 247 841 808 334 245 54 93 
8 9 595 247 841 809 334 245 54 93 
8 9 595 247 841 810 332 248 54 90 
8 9 595 247 841 811 332 248 54 90 
8 9 595 247 841 812 332 248 54 90 
8 9 595 247 841 813 330 247 54 93 
8 9 595 247 841 814 330 247 54 93 
8 9 595 247 841 815 330 247 54 93 
8 9 595 247 841 816 330 247 52 93 
8 9 595 247 841 817 330 247 52 93 
8 9 595 247 841 818 330 247 52 93 
8 9 595 247 841 819 327 247 54 96 
8 9 595 247 841 820 327 247 54 96 
8 9 595 247 841 821 327 248 54 94 
8 9 595 247 841 822 325 248 54 94 
8 9 595 247 841 823 325 248 54 94 
8 9 595 247 841 824 325 248 54 94 
8 9 595 247 841 825 325 248 54 96 
8 9 595 247 841 826 323 248 54 96 
8 9 595 247 841 827 323 248 54 96 
8 9 595 247 841 828 323 248 54 96 
8 9 595 247 841 829 323 248 52 96 
8 9 595 247 841 830 323 247 52 99 
8 9 595 247 841 831 323 250 52 96 
8 9 595 247 841 832 321 250 52 96 
8 9 595 247 841 833 321 250 52 96 
8 9 595 247 841 834 321 250 52 96 
8 9 595 247 841 835 318 250 54 96 
8 9 595 247 841 836 318 249 54 99 
8 9 595 247 841 837 318 249 54 99 
8 9 595 247 841 838 316 249 54 99 
8 9 595 247 841 839 316 249 54 99 
8 9 595 247 841 840 316 249 54 99 
8 9 595 247 841 841 316 251 54 99 
9 9 184 354 537 354 1149 199 44 79 
9 9 184 354 537 355 1148 199 42 82 
9 9 184 354 537 356 1145 199 46 82 
9 9 184 354 537 357 1143 199 46 82 
9 9 184 354 537 358 1141 199 46 82 
9 9 184 354 537 359 1140 199 46 82 
9 9 184 354 537 360 1138 201 46 79 
9 9 184 354 537 361 1136 201 46 79 
9 9 184 354 537 362 1134 201 46 79 
9 9 184 354 537 363 1132 201 48 82 
9 9 184 354 537 364 1131 201 46 82 
9 9 184 354 537 365 1129 201 46 82 
9 9 184 354 537 366 1127 201 46 82 
9 9 184 354 537 367 1125 201 46 82 
9 9 184 354 537 368 1124 201 46 82 
9 9 184 354 537 369 1122 201 46 82 
9 9 184 354 537 370 1122 202 46 84 
9 9 184 354 537 371 1120 201 46 82 
9 9 184 354 537 372 1118 201 46 82 
9 9 184 354 537 373 1116 201 48 82 
9 9 184 354 537 374 1115 201 46 82 
9 9 184 354 537 375 1113 201 46 82 
9 9 184 354 537 376 1111 201 46 82 
9 9 184 354 537 377 1109 201 46 82 
9 9 184 354 537 378 1108 201 46 82 
9 9 184 354 537 379 1106 201 46 82 
9 9 184 354 537 380 1104 201 46 82 
9 9 184 354 537 381 1102 201 46 82 
9 9 184 354 537 382 1100 201 48 82 
9 9 184 354 537 383 1099 201 46 82 
9 9 184 354 537 384 1097 201 46 82 
9 9 184 354 537 385 1095 201 46 82 
9 9 184 354 537 386 1093 201 46 82 
9 9 184 354 537 387 1093 199 46 82 
9 9 184 354 537 388 1092 199 46 82 
9 9 184 354 537 389 1090 199 46 82 
9 9 184 354 537 390 1088 199 46 82 
9 9 184 354 537 391 1086 199 46 82 
9 9 184 354 537 392 1084 199 48 82 
9 9 184 354 537 393 1083 199 46 82 
9 9 184 354 537 394 1081 199 46 82 
9 9 184 354 537 395 1079 199 46 82 
9 9 184 354 537 396 1077 199 46 82 
9 9 184 354 537 397 1076 199 46 82 
9 9 184 354 537 398 1074 199 46 82 
9 9 184 354 537 399 1072 199 46 82 
9 9 184 354 537 400 1070 199 46 82 
9 9 184 354 537 401 1068 199 48 82 
9 9 184 354 537 402 1067 199 46 82 
9 9 184 354 537 403 1065 199 46 82 
9 9 184 354 537 404 1065 197 46 82 
9 9 184 354 537 405 1063 197 46 82 
9 9 184 354 537 406 1061 197 46 82 
9 9 184 354 537 407 1060 197 46 82 
9 9 184 354 537 408 1058 197 46 82 
9 9 184 354 537 409 1056 197 46 82 
9 9 184 354 537 410 1054 197 46 82 
9 9 184 354 537 411 1052 197 48 82 
9 9 184 354 537 412 1051 197 46 82 
9 9 184 354 537 413 1049 197 46 82 
9 9 184 354 537 414 1047 197 46 82 
9 9 184 354 537 415 1045 197 46 82 
9 9 184 354 537 416 1044 197 46 82 
9 9 184 354 537 417 1042 197 46 82 
9 9 184 354 537 418 1040 197 46 82 
9 9 184 354 537 419 1038 197 46 82 
9 9 184 354 537 420 1038 197 46 82 
9 9 184 354 537 421 1036 197 48 82 
9 9 184 354 537 422 1035 197 46 82 
9 9 184 354 537 423 1033 197 46 82 
9 9 184 354 537 424 1031 197 46 82 
9 9 184 354 537 425 1031 197 46 82 
9 9 184 354 537 426 1029 197 46 82 
9 9 184 354 537 427 1028 197 46 82 
9 9 184 354 537 428 1026 197 46 82 
9 9 184 354 537 429 1024 197 46 82 
9 9 184 354 537 430 1024 197 46 82 
9 9 184 354 537 431 1022 197 46 82 
9 9 184 354 537 432 1020 197 48 82 
9 9 184 354 537 433 1019 197 46 82 
9 9 184 354 537 434 1017 197 46 82 
9 9 184 354 537 435 1017 197 46 82 
9 9 184 354 537 436 1015 197 46 82 
9 9 184 354 537 437 1013 199 46 82 
9 9 184 354 537 438 1012 199 46 82 
9 9 184 354 537 439 1012 199 46 82 
9 9 184 354 537 440 1010 199 46 82 
9 9 184 354 537 441 1008 199 46 82 
9 9 184 354 537 442 1006 199 46 82 
9 9 184 354 537 443 1004 199 48 82 
9 9 184 354 537 444 1004 199 48 82 
9 9 184 354 537 445 1003 199 46 82 
9 9 184 354 537 446 1001 199 46 82 
9 9 184 354 537 447 999 199 46 82 
9 9 184 354 537 448 997 199 46 82 
9 9 184 354 537 449 997 199 46 82 
9 9 184 354 537 450 996 199 46 82 
9 9 184 354 537 451 994 199 46 82 
9 9 184 354 537 452 992 199 46 82 
9 9 184 354 537 453 992 201 46 82 
9 9 184 354 537 454 990 199 46 82 
9 9 184 354 537 455 988 199 48 82 
9 9 184 354 537 456 988 199 48 82 
9 9 184 354 537 457 987 199 46 82 
9 9 184 354 537 458 985 199 46 82 
9 9 184 354 537 459 985 199 46 82 
9 9 184 354 537 460 983 199 46 82 
9 9 184 354 537 461 981 199 46 82 
9 9 184 354 537 462 981 199 46 82 
9 9 184 354 537 463 980 199 46 82 
9 9 184 354 537 464 978 199 46 82 
9 9 184 354 537 465 978 199 46 82 
9 9 184 354 537 466 976 199 46 82 
9 9 184 354 537 467 974 199 46 82 
9 9 184 354 537 468 974 199 46 82 
9 9 184 354 537 469 972 199 48 82 
9 9 184 354 537 470 971 199 46 82 
9 9 184 354 537 471 971 199 46 82 
9 9 184 354 537 472 969 199 46 82 
9 9 184 354 537 473 967 199 46 82 
9 9 184 354 537 474 967 199 46 82 
9 9 184 354 537 475 965 197 46 82 
9 9 184 354 537 476 964 197 46 82 
9 9 184 354 537 477 964 197 46 82 
9 9 184 354 537 478 962 197 46 82 
9 9 184 354 537 479 960 197 46 82 
9 9 184 354 537 480 960 197 46 82 
9 9 184 354 537 481 958 197 46 82 
9 9 184 354 537 482 956 197 48 82 
9 9 184 354 537 483 956 197 48 82 
9 9 184 354 537 484 955 197 46 82 
9 9 184 354 537 485 953 197 46 82 
9 9 184 354 537 486 953 197 46 82 
9 9 184 354 537 487 951 197 46 82 
9 9 184 354 537 488 949 197 46 82 
9 9 184 354 537 489 949 197 46 82 
9 9 184 354 537 490 948 197 46 82 
9 9 184 354 537 491 946 197 46 82 
9 9 184 354 537 492 946 197 46 82 
9 9 184 354 537 493 944 197 46 82 
9 9 184 354 537 494 942 197 46 82 
9 9 184 354 537 495 942 197 46 82 
9 9 184 354 537 496 940 197 48 82 
9 9 184 354 537 497 940 197 48 82 
9 9 184 354 537 498 940 197 48 82 
9 9 184 354 537 499 939 197 46 82 
9 9 184 354 537 500 939 197 46 82 
9 9 184 354 537 501 939 197 46 82 
9 9 184 354 537 502 937 197 46 82 
9 9 184 354 537 503 937 197 46 82 
9 9 184 354 537 504 937 197 46 82 
9 9 184 354 537 505 937 197 46 82 
9 9 184 354 537 506 935 197 46 82 
9 9 184 354 537 507 935 197 46 82 
9 9 184 354 537 508 935 197 46 82 
9 9 184 354 537 509 933 197 46 82 
9 9 184 354 537 510 933 197 46 82 
9 9 184 354 537 511 933 197 46 82 
9 9 184 354 537 512 933 197 46 82 
9 9 184 354 537 513 932 197 46 82 
9 9 184 354 537 514 932 197 46 82 
9 9 184 354 537 515 932 197 46 82 
9 9 184 354 537 516 930 197 46 82 
9 9 184 354 537 517 930 197 46 82 
9 9 184 354 537 518 930 197 46 82 
9 9 184 354 537 519 928 197 46 82 
9 9 184 354 537 520 928 197 46 82 
9 9 184 354 537 521 928 197 46 82 
9 9 184 354 537 522 928 197 46 82 
9 9 184 354 537 523 926 197 46 82 
9 9 184 354 537 524 926 197 46 82 
9 9 184 354 537 525 926 197 46 82 
9 9 184 354 537 526 924 197 48 82 
9 9 184 354 537 527 924 197 48 82 
9 9 184 354 537 528 924 197 48 82 
9 9 184 354 537 529 924 197 48 82 
9 9 184 354 537 530 924 197 48 82 
9 9 184 354 537 531 924 197 48 82 
9 9 184 354 537 532 924 197 48 82 
9 9 184 354 537 533 924 197 48 82 
9 9 184 354 537 534 924 197 48 82 
9 9 184 354 537 535 924 197 48 82 
9 9 184 354 537 536 924 197 48 82 
9 9 184 354 537 537 926 197 46 82 
