17 9 201 0 200 0 816 195 68 81 
17 9 201 0 200 1 818 195 68 81 
17 9 201 0 200 2 820 195 68 81 
17 9 201 0 200 3 822 195 66 81 
17 9 201 0 200 4 823 195 68 81 
17 9 201 0 200 5 825 195 68 81 
17 9 201 0 200 6 827 195 68 81 
17 9 201 0 200 7 829 195 68 81 
17 9 201 0 200 8 831 195 66 81 
17 9 201 0 200 9 832 195 68 81 
17 9 201 0 200 10 834 195 68 81 
17 9 201 0 200 11 836 195 68 81 
17 9 201 0 200 12 838 195 66 81 
17 9 201 0 200 13 839 195 68 81 
17 9 201 0 200 14 841 197 68 79 
17 9 201 0 200 15 843 197 68 79 
17 9 201 0 200 16 845 197 68 79 
17 9 201 0 200 17 847 197 66 79 
17 9 201 0 200 18 848 197 68 79 
17 9 201 0 200 19 850 197 68 79 
17 9 201 0 200 20 852 197 68 79 
17 9 201 0 200 21 854 197 66 79 
17 9 201 0 200 22 855 197 68 79 
17 9 201 0 200 23 857 197 68 79 
17 9 201 0 200 24 859 197 68 79 
17 9 201 0 200 25 861 197 68 79 
17 9 201 0 200 26 863 197 66 79 
17 9 201 0 200 27 864 199 68 79 
17 9 201 0 200 28 866 199 68 79 
17 9 201 0 200 29 868 199 68 79 
17 9 201 0 200 30 870 199 66 79 
17 9 201 0 200 31 871 199 68 79 
17 9 201 0 200 32 873 199 68 79 
17 9 201 0 200 33 875 199 68 79 
17 9 201 0 200 34 877 199 68 79 
17 9 201 0 200 35 879 199 66 79 
17 9 201 0 200 36 880 199 68 79 
17 9 201 0 200 37 882 199 68 79 
17 9 201 0 200 38 884 199 68 79 
17 9 201 0 200 39 886 199 66 79 
17 9 201 0 200 40 887 201 68 79 
17 9 201 0 200 41 889 201 68 79 
17 9 201 0 200 42 891 201 68 79 
17 9 201 0 200 43 893 201 68 79 
17 9 201 0 200 44 895 201 66 79 
17 9 201 0 200 45 896 201 68 79 
17 9 201 0 200 46 898 201 68 79 
17 9 201 0 200 47 900 201 68 79 
17 9 201 0 200 48 902 201 66 79 
17 9 201 0 200 49 903 201 68 79 
17 9 201 0 200 50 905 201 68 79 
17 9 201 0 200 51 907 201 68 79 
17 9 201 0 200 52 909 201 68 79 
17 9 201 0 200 53 911 202 66 81 
17 9 201 0 200 54 912 202 68 81 
17 9 201 0 200 55 914 202 68 81 
17 9 201 0 200 56 916 202 68 81 
17 9 201 0 200 57 918 202 66 81 
17 9 201 0 200 58 919 202 68 81 
17 9 201 0 200 59 921 202 68 81 
17 9 201 0 200 60 923 202 68 81 
17 9 201 0 200 61 925 202 68 81 
17 9 201 0 200 62 927 202 66 81 
17 9 201 0 200 63 928 202 68 81 
17 9 201 0 200 64 930 202 68 81 
17 9 201 0 200 65 932 202 68 81 
17 9 201 0 200 66 936 204 64 81 
17 9 201 0 200 67 938 204 64 81 
17 9 201 0 200 68 940 204 64 81 
17 9 201 0 200 69 942 204 64 81 
17 9 201 0 200 70 944 204 64 81 
17 9 201 0 200 71 945 204 64 81 
17 9 201 0 200 72 949 204 64 81 
17 9 201 0 200 73 951 204 64 81 
17 9 201 0 200 74 952 204 64 81 
17 9 201 0 200 75 954 204 64 81 
17 9 201 0 200 76 956 204 64 81 
17 9 201 0 200 77 960 204 64 82 
17 9 201 0 200 78 961 204 64 82 
17 9 201 0 200 79 963 204 64 82 
17 9 201 0 200 80 965 204 64 82 
17 9 201 0 200 81 967 204 64 82 
17 9 201 0 200 82 970 204 64 82 
17 9 201 0 200 83 972 204 64 82 
17 9 201 0 200 84 974 204 64 82 
17 9 201 0 200 85 976 204 64 82 
17 9 201 0 200 86 977 204 64 82 
17 9 201 0 200 87 979 204 64 82 
17 9 201 0 200 88 983 203 64 85 
17 9 201 0 200 89 984 203 64 85 
17 9 201 0 200 90 986 203 64 85 
17 9 201 0 200 91 988 203 64 85 
17 9 201 0 200 92 990 203 64 85 
17 9 201 0 200 93 993 203 64 85 
17 9 201 0 200 94 995 203 64 85 
17 9 201 0 200 95 997 203 64 85 
17 9 201 0 200 96 999 203 64 85 
17 9 201 0 200 97 1000 203 64 85 
17 9 201 0 200 98 1004 203 64 88 
17 9 201 0 200 99 1006 203 64 88 
17 9 201 0 200 100 1008 203 64 88 
17 9 201 0 200 101 1009 203 64 88 
17 9 201 0 200 102 1011 203 64 88 
17 9 201 0 200 103 1013 203 64 88 
17 9 201 0 200 104 1016 203 64 88 
17 9 201 0 200 105 1018 203 64 88 
17 9 201 0 200 106 1020 203 64 88 
17 9 201 0 200 107 1022 203 64 88 
17 9 201 0 200 108 1024 203 64 88 
17 9 201 0 200 109 1027 202 64 91 
17 9 201 0 200 110 1029 202 64 91 
17 9 201 0 200 111 1031 202 64 91 
17 9 201 0 200 112 1032 205 64 88 
17 9 201 0 200 113 1034 205 64 88 
17 9 201 0 200 114 1038 205 64 88 
17 9 201 0 200 115 1040 205 64 88 
17 9 201 0 200 116 1041 205 64 88 
17 9 201 0 200 117 1043 205 64 88 
17 9 201 0 200 118 1045 205 64 88 
17 9 201 0 200 119 1047 205 64 88 
17 9 201 0 200 120 1050 205 64 90 
17 9 201 0 200 121 1052 205 64 90 
17 9 201 0 200 122 1054 205 64 90 
17 9 201 0 200 123 1056 205 64 90 
17 9 201 0 200 124 1057 205 64 90 
17 9 201 0 200 125 1061 205 64 90 
17 9 201 0 200 126 1063 205 64 90 
17 9 201 0 200 127 1064 205 64 90 
17 9 201 0 200 128 1066 205 64 90 
17 9 201 0 200 129 1068 205 64 90 
17 9 201 0 200 130 1072 204 64 93 
17 9 201 0 200 131 1073 204 64 93 
17 9 201 0 200 132 1075 204 64 93 
17 9 201 0 200 133 1077 204 64 93 
17 9 201 0 200 134 1079 204 64 93 
17 9 201 0 200 135 1082 204 64 93 
17 9 201 0 200 136 1084 204 64 93 
17 9 201 0 200 137 1086 204 64 93 
17 9 201 0 200 138 1088 204 64 93 
17 9 201 0 200 139 1089 204 64 93 
17 9 201 0 200 140 1091 204 64 93 
17 9 201 0 200 141 1095 204 64 96 
17 9 201 0 200 142 1096 204 64 96 
17 9 201 0 200 143 1098 204 64 96 
17 9 201 0 200 144 1100 204 64 96 
17 9 201 0 200 145 1102 204 64 96 
17 9 201 0 200 146 1105 204 64 96 
17 9 201 0 200 147 1107 204 64 96 
17 9 201 0 200 148 1109 204 64 96 
17 9 201 0 200 149 1111 204 64 96 
17 9 201 0 200 150 1112 204 64 96 
17 9 201 0 200 151 1116 203 64 99 
17 9 201 0 200 152 1118 203 64 99 
17 9 201 0 200 153 1120 203 64 99 
17 9 201 0 200 154 1121 203 64 99 
17 9 201 0 200 155 1123 203 64 99 
17 9 201 0 200 156 1125 203 64 99 
17 9 201 0 200 157 1128 203 64 99 
17 9 201 0 200 158 1130 206 64 96 
17 9 201 0 200 159 1132 206 64 96 
17 9 201 0 200 160 1134 206 64 96 
17 9 201 0 200 161 1136 206 64 96 
17 9 201 0 200 162 1139 205 64 99 
17 9 201 0 200 163 1141 205 64 99 
17 9 201 0 200 164 1143 205 64 99 
17 9 201 0 200 165 1144 205 64 99 
17 9 201 0 200 166 1146 205 64 99 
17 9 201 0 200 167 1150 205 64 99 
17 9 201 0 200 168 1152 205 64 99 
17 9 201 0 200 169 1153 205 64 99 
17 9 201 0 200 170 1155 205 64 99 
17 9 201 0 200 171 1157 205 64 99 
17 9 201 0 200 172 1159 205 64 99 
17 9 201 0 200 173 1162 205 64 100 
17 9 201 0 200 174 1164 205 64 100 
17 9 201 0 200 175 1166 205 64 100 
17 9 201 0 200 176 1168 205 64 100 
17 9 201 0 200 177 1169 205 64 100 
17 9 201 0 200 178 1173 205 64 100 
17 9 201 0 200 179 1175 205 64 100 
17 9 201 0 200 180 1176 205 64 100 
17 9 201 0 200 181 1178 205 64 100 
17 9 201 0 200 182 1180 205 64 100 
17 9 201 0 200 183 1184 204 64 103 
17 9 201 0 200 184 1185 204 64 103 
17 9 201 0 200 185 1187 204 64 103 
17 9 201 0 200 186 1189 204 64 103 
17 9 201 0 200 187 1191 204 64 103 
17 9 201 0 200 188 1192 204 64 103 
17 9 201 0 200 189 1196 204 64 103 
17 9 201 0 200 190 1198 204 64 103 
17 9 201 0 200 191 1200 204 64 103 
17 9 201 0 200 192 1201 204 64 103 
17 9 201 0 200 193 1203 204 64 103 
17 9 201 0 200 194 1207 204 64 106 
17 9 201 0 200 195 1208 204 64 106 
17 9 201 0 200 196 1210 204 64 106 
17 9 201 0 200 197 1212 204 64 106 
17 9 201 0 200 198 1214 204 64 106 
17 9 201 0 200 199 1217 204 62 106 
17 9 201 0 200 200 1219 204 60 106 
18 12 47 795 841 795 920 188 92 91 
18 12 47 795 841 796 920 188 92 91 
18 12 47 795 841 797 920 188 92 91 
18 12 47 795 841 798 920 188 92 91 
18 12 47 795 841 799 920 188 92 91 
18 12 47 795 841 800 920 188 92 91 
18 12 47 795 841 801 920 188 92 91 
18 12 47 795 841 802 920 188 92 91 
18 12 47 795 841 803 920 188 92 91 
18 12 47 795 841 804 920 188 92 91 
18 12 47 795 841 805 920 188 92 91 
18 12 47 795 841 806 920 188 92 91 
18 12 47 795 841 807 920 188 92 91 
18 12 47 795 841 808 920 188 92 91 
18 12 47 795 841 809 920 188 92 91 
18 12 47 795 841 810 920 188 92 91 
18 12 47 795 841 811 920 188 92 91 
18 12 47 795 841 812 920 188 92 91 
18 12 47 795 841 813 920 188 92 91 
18 12 47 795 841 814 920 188 92 91 
18 12 47 795 841 815 920 188 92 91 
18 12 47 795 841 816 920 188 92 91 
18 12 47 795 841 817 920 188 92 91 
18 12 47 795 841 818 920 188 92 91 
18 12 47 795 841 819 920 188 92 91 
18 12 47 795 841 820 920 188 92 91 
18 12 47 795 841 821 920 188 92 91 
18 12 47 795 841 822 920 188 92 91 
18 12 47 795 841 823 920 188 92 91 
18 12 47 795 841 824 920 188 92 91 
18 12 47 795 841 825 920 188 92 91 
18 12 47 795 841 826 920 188 92 91 
18 12 47 795 841 827 920 188 92 91 
18 12 47 795 841 828 920 188 92 91 
18 12 47 795 841 829 920 188 92 91 
18 12 47 795 841 830 920 188 92 91 
18 12 47 795 841 831 920 188 92 91 
18 12 47 795 841 832 920 188 92 91 
18 12 47 795 841 833 920 188 92 91 
18 12 47 795 841 834 920 188 92 91 
18 12 47 795 841 835 920 188 92 91 
18 12 47 795 841 836 920 188 92 91 
18 12 47 795 841 837 920 188 92 91 
18 12 47 795 841 838 920 188 92 91 
18 12 47 795 841 839 920 188 92 91 
18 12 47 795 841 840 920 188 92 91 
18 12 47 795 841 841 920 188 92 91 
19 9 393 481 873 481 674 205 32 78 
19 9 393 481 873 482 676 205 32 78 
19 9 393 481 873 483 676 205 32 78 
19 9 393 481 873 484 678 205 32 78 
19 9 393 481 873 485 680 205 32 78 
19 9 393 481 873 486 680 205 32 78 
19 9 393 481 873 487 681 205 32 78 
19 9 393 481 873 488 681 205 32 78 
19 9 393 481 873 489 683 205 32 78 
19 9 393 481 873 490 685 205 32 78 
19 9 393 481 873 491 685 205 32 78 
19 9 393 481 873 492 687 205 32 78 
19 9 393 481 873 493 688 205 32 78 
19 9 393 481 873 494 688 205 32 78 
19 9 393 481 873 495 690 205 32 78 
19 9 393 481 873 496 690 205 32 78 
19 9 393 481 873 497 692 205 32 78 
19 9 393 481 873 498 694 205 32 78 
19 9 393 481 873 499 694 205 32 78 
19 9 393 481 873 500 696 205 32 78 
19 9 393 481 873 501 697 205 32 78 
19 9 393 481 873 502 697 205 32 78 
19 9 393 481 873 503 699 205 32 78 
19 9 393 481 873 504 699 205 32 78 
19 9 393 481 873 505 701 205 32 78 
19 9 393 481 873 506 703 205 32 78 
19 9 393 481 873 507 703 205 32 78 
19 9 393 481 873 508 704 205 32 78 
19 9 393 481 873 509 706 205 32 78 
19 9 393 481 873 510 706 205 32 78 
19 9 393 481 873 511 708 205 32 78 
19 9 393 481 873 512 708 205 32 78 
19 9 393 481 873 513 710 205 32 78 
19 9 393 481 873 514 712 205 32 78 
19 9 393 481 873 515 712 205 32 78 
19 9 393 481 873 516 713 205 32 78 
19 9 393 481 873 517 715 205 32 78 
19 9 393 481 873 518 715 205 32 78 
19 9 393 481 873 519 717 205 32 78 
19 9 393 481 873 520 717 205 32 78 
19 9 393 481 873 521 719 205 32 78 
19 9 393 481 873 522 720 205 32 78 
19 9 393 481 873 523 720 205 32 78 
19 9 393 481 873 524 722 205 32 78 
19 9 393 481 873 525 724 205 32 78 
19 9 393 481 873 526 724 205 32 78 
19 9 393 481 873 527 726 205 32 78 
19 9 393 481 873 528 726 205 32 78 
19 9 393 481 873 529 728 205 32 78 
19 9 393 481 873 530 729 205 32 78 
19 9 393 481 873 531 729 205 32 78 
19 9 393 481 873 532 731 205 32 78 
19 9 393 481 873 533 731 205 32 78 
19 9 393 481 873 534 733 205 32 78 
19 9 393 481 873 535 735 205 32 78 
19 9 393 481 873 536 735 205 32 78 
19 9 393 481 873 537 736 205 32 78 
19 9 393 481 873 538 738 205 32 78 
19 9 393 481 873 539 738 205 32 78 
19 9 393 481 873 540 740 205 32 78 
19 9 393 481 873 541 740 205 32 78 
19 9 393 481 873 542 742 205 32 78 
19 9 393 481 873 543 744 205 32 78 
19 9 393 481 873 544 744 205 32 78 
19 9 393 481 873 545 745 205 32 78 
19 9 393 481 873 546 747 205 32 78 
19 9 393 481 873 547 747 205 32 78 
19 9 393 481 873 548 749 205 32 78 
19 9 393 481 873 549 749 205 32 78 
19 9 393 481 873 550 751 205 32 78 
19 9 393 481 873 551 752 205 32 78 
19 9 393 481 873 552 752 205 32 78 
19 9 393 481 873 553 754 205 32 78 
19 9 393 481 873 554 756 205 32 78 
19 9 393 481 873 555 756 205 32 78 
19 9 393 481 873 556 758 205 32 78 
19 9 393 481 873 557 758 205 32 78 
19 9 393 481 873 558 760 205 32 78 
19 9 393 481 873 559 761 205 32 78 
19 9 393 481 873 560 761 205 32 78 
19 9 393 481 873 561 763 205 32 78 
19 9 393 481 873 562 765 205 32 78 
19 9 393 481 873 563 765 205 32 78 
19 9 393 481 873 564 767 205 32 78 
19 9 393 481 873 565 767 205 32 78 
19 9 393 481 873 566 768 205 32 78 
19 9 393 481 873 567 770 205 32 78 
19 9 393 481 873 568 770 205 32 78 
19 9 393 481 873 569 772 205 32 78 
19 9 393 481 873 570 774 207 32 78 
19 9 393 481 873 571 774 207 32 78 
19 9 393 481 873 572 776 207 32 78 
19 9 393 481 873 573 777 207 32 78 
19 9 393 481 873 574 777 207 32 78 
19 9 393 481 873 575 779 207 32 78 
19 9 393 481 873 576 781 207 32 78 
19 9 393 481 873 577 781 207 32 78 
19 9 393 481 873 578 783 207 32 78 
19 9 393 481 873 579 784 207 32 78 
19 9 393 481 873 580 784 207 32 78 
19 9 393 481 873 581 786 207 32 78 
19 9 393 481 873 582 788 207 32 78 
19 9 393 481 873 583 788 207 32 78 
19 9 393 481 873 584 790 207 32 78 
19 9 393 481 873 585 792 207 32 78 
19 9 393 481 873 586 792 207 32 78 
19 9 393 481 873 587 793 207 32 78 
19 9 393 481 873 588 795 207 32 78 
19 9 393 481 873 589 795 207 32 78 
19 9 393 481 873 590 797 207 32 78 
19 9 393 481 873 591 799 207 32 78 
19 9 393 481 873 592 799 207 32 78 
19 9 393 481 873 593 800 207 32 78 
19 9 393 481 873 594 802 207 32 78 
19 9 393 481 873 595 802 207 32 78 
19 9 393 481 873 596 804 207 32 78 
19 9 393 481 873 597 806 207 32 78 
19 9 393 481 873 598 806 207 32 78 
19 9 393 481 873 599 808 207 32 78 
19 9 393 481 873 600 809 207 32 78 
19 9 393 481 873 601 809 207 32 75 
19 9 393 481 873 602 811 207 32 75 
19 9 393 481 873 603 810 207 36 75 
19 9 393 481 873 604 813 207 32 75 
19 9 393 481 873 605 812 207 36 75 
19 9 393 481 873 606 814 207 34 75 
19 9 393 481 873 607 816 207 32 75 
19 9 393 481 873 608 815 207 36 75 
19 9 393 481 873 609 817 207 36 75 
19 9 393 481 873 610 816 208 40 72 
19 9 393 481 873 611 819 208 36 72 
19 9 393 481 873 612 821 208 36 72 
19 9 393 481 873 613 820 208 38 72 
19 9 393 481 873 614 823 208 34 72 
19 9 393 481 873 615 822 208 38 72 
19 9 393 481 873 616 823 208 40 72 
19 9 393 481 873 617 826 208 36 72 
19 9 393 481 873 618 825 208 40 72 
19 9 393 481 873 619 827 211 38 66 
19 9 393 481 873 620 826 211 42 66 
19 9 393 481 873 621 829 211 38 66 
19 9 393 481 873 622 830 211 40 66 
19 9 393 481 873 623 829 211 44 66 
19 9 393 481 873 624 832 211 40 66 
19 9 393 481 873 625 831 211 44 66 
19 9 393 481 873 626 833 211 42 66 
19 9 393 481 873 627 836 211 38 66 
19 9 393 481 873 628 835 211 42 63 
19 9 393 481 873 629 837 211 42 63 
19 9 393 481 873 630 836 211 46 63 
19 9 393 481 873 631 838 211 44 63 
19 9 393 481 873 632 840 211 42 63 
19 9 393 481 873 633 839 211 46 63 
19 9 393 481 873 634 842 211 42 63 
19 9 393 481 873 635 841 211 46 63 
19 9 393 481 873 636 843 211 46 63 
19 9 393 481 873 637 844 214 48 60 
19 9 393 481 873 638 844 211 48 63 
19 9 393 481 873 639 846 211 46 63 
19 9 393 481 873 640 848 211 46 63 
19 9 393 481 873 641 850 211 46 63 
19 9 393 481 873 642 852 211 46 63 
19 9 393 481 873 643 853 211 46 66 
19 9 393 481 873 644 853 211 46 66 
19 9 393 481 873 645 855 211 46 66 
19 9 393 481 873 646 857 211 46 66 
19 9 393 481 873 647 859 211 46 66 
19 9 393 481 873 648 860 211 48 66 
19 9 393 481 873 649 862 210 46 69 
19 9 393 481 873 650 862 210 46 69 
19 9 393 481 873 651 864 210 46 69 
19 9 393 481 873 652 866 210 46 69 
19 9 393 481 873 653 868 210 46 69 
19 9 393 481 873 654 869 210 46 69 
19 9 393 481 873 655 871 210 46 72 
19 9 393 481 873 656 871 210 46 72 
19 9 393 481 873 657 873 210 46 72 
19 9 393 481 873 658 875 210 46 72 
19 9 393 481 873 659 876 210 48 72 
19 9 393 481 873 660 878 210 46 72 
19 9 393 481 873 661 880 209 46 75 
19 9 393 481 873 662 880 207 46 78 
19 9 393 481 873 663 882 207 46 78 
19 9 393 481 873 664 884 207 46 78 
19 9 393 481 873 665 885 207 46 78 
19 9 393 481 873 666 887 207 46 78 
19 9 393 481 873 667 889 206 46 79 
19 9 393 481 873 668 889 206 46 79 
19 9 393 481 873 669 891 206 46 79 
19 9 393 481 873 670 892 206 48 79 
19 9 393 481 873 671 894 206 46 79 
19 9 393 481 873 672 896 206 46 79 
19 9 393 481 873 673 898 206 46 82 
19 9 393 481 873 674 898 206 46 82 
19 9 393 481 873 675 900 206 46 82 
19 9 393 481 873 676 901 206 46 82 
19 9 393 481 873 677 903 206 46 82 
19 9 393 481 873 678 905 206 46 82 
19 9 393 481 873 679 907 205 46 85 
19 9 393 481 873 680 907 205 46 85 
19 9 393 481 873 681 908 205 48 85 
19 9 393 481 873 682 910 205 46 85 
19 9 393 481 873 683 912 205 46 85 
19 9 393 481 873 684 914 205 46 85 
19 9 393 481 873 685 916 205 46 88 
19 9 393 481 873 686 916 205 46 88 
19 9 393 481 873 687 917 205 46 88 
19 9 393 481 873 688 919 205 46 88 
19 9 393 481 873 689 921 205 46 88 
19 9 393 481 873 690 923 205 46 88 
19 9 393 481 873 691 924 205 48 88 
19 9 393 481 873 692 926 205 46 88 
19 9 393 481 873 693 928 205 46 88 
19 9 393 481 873 694 930 205 46 88 
19 9 393 481 873 695 932 205 46 88 
19 9 393 481 873 696 933 205 46 88 
19 9 393 481 873 697 933 205 46 88 
19 9 393 481 873 698 935 205 46 88 
19 9 393 481 873 699 937 205 46 88 
19 9 393 481 873 700 939 205 46 88 
19 9 393 481 873 701 940 205 48 88 
19 9 393 481 873 702 942 205 46 88 
19 9 393 481 873 703 944 205 46 88 
19 9 393 481 873 704 946 205 46 88 
19 9 393 481 873 705 948 205 46 88 
19 9 393 481 873 706 949 205 46 88 
19 9 393 481 873 707 951 205 46 88 
19 9 393 481 873 708 951 205 46 88 
19 9 393 481 873 709 953 205 46 88 
19 9 393 481 873 710 955 205 46 88 
19 9 393 481 873 711 956 205 48 88 
19 9 393 481 873 712 958 205 46 88 
19 9 393 481 873 713 960 205 46 88 
19 9 393 481 873 714 962 205 46 88 
19 9 393 481 873 715 964 205 46 88 
19 9 393 481 873 716 965 205 46 88 
19 9 393 481 873 717 967 205 46 88 
19 9 393 481 873 718 969 207 46 87 
19 9 393 481 873 719 971 207 46 87 
19 9 393 481 873 720 972 207 48 87 
19 9 393 481 873 721 974 207 46 87 
19 9 393 481 873 722 976 207 46 87 
19 9 393 481 873 723 978 207 46 87 
19 9 393 481 873 724 980 207 46 87 
19 9 393 481 873 725 981 207 46 87 
19 9 393 481 873 726 983 207 46 87 
19 9 393 481 873 727 985 207 46 87 
19 9 393 481 873 728 987 207 46 87 
19 9 393 481 873 729 988 207 48 87 
19 9 393 481 873 730 990 207 46 87 
19 9 393 481 873 731 992 207 46 87 
19 9 393 481 873 732 994 207 46 87 
19 9 393 481 873 733 996 207 46 87 
19 9 393 481 873 734 997 207 46 87 
19 9 393 481 873 735 999 207 46 87 
19 9 393 481 873 736 1001 207 46 87 
19 9 393 481 873 737 1003 207 46 87 
19 9 393 481 873 738 1006 207 46 87 
19 9 393 481 873 739 1008 207 46 87 
19 9 393 481 873 740 1010 207 46 87 
19 9 393 481 873 741 1012 207 46 87 
19 9 393 481 873 742 1013 207 46 87 
19 9 393 481 873 743 1015 207 46 87 
19 9 393 481 873 744 1017 207 46 87 
19 9 393 481 873 745 1019 207 46 87 
19 9 393 481 873 746 1020 207 48 87 
19 9 393 481 873 747 1022 207 46 87 
19 9 393 481 873 748 1024 207 46 87 
19 9 393 481 873 749 1026 207 46 87 
19 9 393 481 873 750 1028 207 46 87 
19 9 393 481 873 751 1029 207 46 87 
19 9 393 481 873 752 1031 207 46 87 
19 9 393 481 873 753 1033 207 46 87 
19 9 393 481 873 754 1035 207 46 87 
19 9 393 481 873 755 1036 207 48 87 
19 9 393 481 873 756 1038 207 46 87 
19 9 393 481 873 757 1040 207 46 87 
19 9 393 481 873 758 1044 207 46 87 
19 9 393 481 873 759 1045 207 46 87 
19 9 393 481 873 760 1047 207 46 87 
19 9 393 481 873 761 1049 207 46 87 
19 9 393 481 873 762 1051 207 46 87 
19 9 393 481 873 763 1052 207 48 87 
19 9 393 481 873 764 1054 207 46 87 
19 9 393 481 873 765 1056 207 46 87 
19 9 393 481 873 766 1058 207 46 87 
19 9 393 481 873 767 1060 207 46 87 
19 9 393 481 873 768 1061 207 46 87 
19 9 393 481 873 769 1063 207 46 87 
19 9 393 481 873 770 1065 207 46 87 
19 9 393 481 873 771 1067 207 46 87 
19 9 393 481 873 772 1068 207 48 87 
19 9 393 481 873 773 1070 207 46 87 
19 9 393 481 873 774 1072 207 46 87 
19 9 393 481 873 775 1074 207 46 87 
19 9 393 481 873 776 1076 207 46 87 
19 9 393 481 873 777 1079 207 46 87 
19 9 393 481 873 778 1081 207 46 87 
19 9 393 481 873 779 1083 207 46 87 
19 9 393 481 873 780 1084 207 48 87 
19 9 393 481 873 781 1086 207 46 90 
19 9 393 481 873 782 1088 207 46 90 
19 9 393 481 873 783 1090 207 46 90 
19 9 393 481 873 784 1092 206 46 93 
19 9 393 481 873 785 1093 206 46 93 
19 9 393 481 873 786 1095 206 46 93 
19 9 393 481 873 787 1097 206 46 96 
19 9 393 481 873 788 1099 206 46 96 
19 9 393 481 873 789 1100 206 48 96 
19 9 393 481 873 790 1102 205 46 99 
19 9 393 481 873 791 1104 205 46 99 
19 9 393 481 873 792 1106 205 46 99 
19 9 393 481 873 793 1108 205 46 100 
19 9 393 481 873 794 1109 207 46 97 
19 9 393 481 873 795 1111 207 46 97 
19 9 393 481 873 796 1113 207 46 100 
19 9 393 481 873 797 1115 207 46 100 
19 9 393 481 873 798 1116 207 48 100 
19 9 393 481 873 799 1118 206 46 103 
19 9 393 481 873 800 1120 206 46 103 
19 9 393 481 873 801 1122 206 46 103 
19 9 393 481 873 802 1124 206 46 106 
19 9 393 481 873 803 1125 206 46 106 
19 9 393 481 873 804 1127 206 46 106 
19 9 393 481 873 805 1129 206 46 108 
19 9 393 481 873 806 1131 206 46 108 
19 9 393 481 873 807 1132 206 48 108 
19 9 393 481 873 808 1134 205 46 111 
19 9 393 481 873 809 1136 205 46 111 
19 9 393 481 873 810 1138 205 46 111 
19 9 393 481 873 811 1141 206 46 112 
19 9 393 481 873 812 1143 206 46 112 
19 9 393 481 873 813 1145 206 46 112 
19 9 393 481 873 814 1147 206 46 112 
19 9 393 481 873 815 1148 206 48 112 
19 9 393 481 873 816 1150 206 46 112 
19 9 393 481 873 817 1154 206 46 112 
19 9 393 481 873 818 1156 206 46 112 
19 9 393 481 873 819 1157 206 46 112 
19 9 393 481 873 820 1159 206 46 112 
19 9 393 481 873 821 1161 206 46 112 
19 9 393 481 873 822 1165 206 44 112 
19 9 393 481 873 823 1166 206 46 112 
19 9 393 481 873 824 1168 206 46 112 
19 9 393 481 873 825 1170 206 46 112 
19 9 393 481 873 826 1172 206 46 112 
19 9 393 481 873 827 1176 208 42 112 
19 9 393 481 873 828 1178 208 42 112 
19 9 393 481 873 829 1179 208 46 112 
19 9 393 481 873 830 1180 208 48 112 
19 9 393 481 873 831 1182 208 46 112 
19 9 393 481 873 832 1184 208 46 112 
19 9 393 481 873 833 1189 208 42 112 
19 9 393 481 873 834 1190 208 44 112 
19 9 393 481 873 835 1191 208 46 112 
19 9 393 481 873 836 1193 208 46 112 
19 9 393 481 873 837 1195 208 46 112 
19 9 393 481 873 838 1199 208 44 112 
19 9 393 481 873 839 1201 208 42 112 
19 9 393 481 873 840 1203 208 42 112 
19 9 393 481 873 841 1204 208 46 112 
19 9 393 481 873 842 1205 208 46 112 
19 9 393 481 873 843 1210 210 42 112 
19 9 393 481 873 844 1212 210 42 112 
19 9 393 481 873 845 1213 210 44 112 
19 9 393 481 873 846 1215 210 44 112 
19 9 393 481 873 847 1216 210 46 112 
19 9 393 481 873 848 1218 210 46 112 
19 9 393 481 873 849 1222 210 44 112 
19 9 393 481 873 850 1224 210 42 112 
19 9 393 481 873 851 1226 210 42 112 
19 9 393 481 873 852 1228 210 42 112 
19 9 393 481 873 853 1228 210 48 112 
19 9 393 481 873 854 1233 210 42 112 
19 9 393 481 873 855 1235 210 42 112 
19 9 393 481 873 856 1237 210 41 112 
19 9 393 481 873 857 1238 210 41 112 
19 9 393 481 873 858 1240 210 38 112 
19 9 393 481 873 859 1244 212 34 111 
19 9 393 481 873 860 1246 212 33 111 
19 9 393 481 873 861 1249 212 30 111 
19 9 393 481 873 862 1252 212 27 111 
19 9 393 481 873 863 1255 212 24 111 
19 9 393 481 873 864 1258 212 21 111 
19 9 393 481 873 865 1259 212 19 111 
19 9 393 481 873 866 1259 212 19 111 
19 9 393 481 873 867 1259 212 19 111 
19 9 393 481 873 868 1259 212 19 111 
19 9 393 481 873 869 1259 212 19 111 
19 9 393 481 873 870 1259 212 19 111 
19 9 393 481 873 871 1259 212 19 111 
19 9 393 481 873 872 1259 212 19 111 
19 9 393 481 873 873 1259 212 19 111 
20 9 522 753 1274 753 7 366 46 103 
20 9 522 753 1274 754 9 364 46 103 
20 9 522 753 1274 755 9 364 46 103 
20 9 522 753 1274 756 11 362 46 103 
20 9 522 753 1274 757 12 363 48 102 
20 9 522 753 1274 758 14 361 46 102 
20 9 522 753 1274 759 16 361 46 102 
20 9 522 753 1274 760 16 359 46 102 
20 9 522 753 1274 761 18 359 46 102 
20 9 522 753 1274 762 18 358 46 100 
20 9 522 753 1274 763 20 358 46 100 
20 9 522 753 1274 764 21 358 46 100 
20 9 522 753 1274 765 21 356 46 100 
20 9 522 753 1274 766 23 356 46 100 
20 9 522 753 1274 767 25 356 46 100 
20 9 522 753 1274 768 25 354 46 102 
20 9 522 753 1274 769 27 354 46 102 
20 9 522 753 1274 770 28 354 48 102 
20 9 522 753 1274 771 28 352 48 102 
20 9 522 753 1274 772 30 352 46 102 
20 9 522 753 1274 773 30 352 46 102 
20 9 522 753 1274 774 32 351 46 100 
20 9 522 753 1274 775 34 351 46 100 
20 9 522 753 1274 776 34 351 46 100 
20 9 522 753 1274 777 36 349 46 100 
20 9 522 753 1274 778 37 349 46 100 
20 9 522 753 1274 779 37 349 46 100 
20 9 522 753 1274 780 39 347 46 102 
20 9 522 753 1274 781 41 347 46 102 
20 9 522 753 1274 782 41 347 46 102 
20 9 522 753 1274 783 43 345 46 102 
20 9 522 753 1274 784 44 345 48 102 
20 9 522 753 1274 785 44 345 48 102 
20 9 522 753 1274 786 46 343 46 102 
20 9 522 753 1274 787 46 343 46 102 
20 9 522 753 1274 788 48 343 46 102 
20 9 522 753 1274 789 50 342 46 100 
20 9 522 753 1274 790 50 342 46 100 
20 9 522 753 1274 791 52 342 46 100 
20 9 522 753 1274 792 53 340 46 100 
20 9 522 753 1274 793 53 340 46 100 
20 9 522 753 1274 794 55 340 46 100 
20 9 522 753 1274 795 57 338 46 102 
20 9 522 753 1274 796 57 338 46 102 
20 9 522 753 1274 797 59 338 46 102 
20 9 522 753 1274 798 60 336 48 102 
20 9 522 753 1274 799 60 336 48 102 
20 9 522 753 1274 800 62 336 46 102 
20 9 522 753 1274 801 62 335 46 100 
20 9 522 753 1274 802 64 335 46 100 
20 9 522 753 1274 803 66 335 46 100 
20 9 522 753 1274 804 66 333 46 100 
20 9 522 753 1274 805 68 333 46 100 
20 9 522 753 1274 806 69 333 46 100 
20 9 522 753 1274 807 69 331 46 102 
20 9 522 753 1274 808 71 331 46 102 
20 9 522 753 1274 809 73 331 46 102 
20 9 522 753 1274 810 73 329 46 102 
20 9 522 753 1274 811 75 329 46 102 
20 9 522 753 1274 812 76 329 48 102 
20 9 522 753 1274 813 76 327 48 102 
20 9 522 753 1274 814 78 327 46 102 
20 9 522 753 1274 815 80 326 46 100 
20 9 522 753 1274 816 80 326 46 100 
20 9 522 753 1274 817 82 324 46 100 
20 9 522 753 1274 818 84 324 46 100 
20 9 522 753 1274 819 85 324 46 100 
20 9 522 753 1274 820 85 322 46 102 
20 9 522 753 1274 821 87 322 46 102 
20 9 522 753 1274 822 89 320 46 102 
20 9 522 753 1274 823 91 320 46 102 
20 9 522 753 1274 824 91 320 46 102 
20 9 522 753 1274 825 92 319 48 100 
20 9 522 753 1274 826 94 319 46 100 
20 9 522 753 1274 827 94 317 46 100 
20 9 522 753 1274 828 96 317 46 100 
20 9 522 753 1274 829 98 317 46 100 
20 9 522 753 1274 830 100 315 46 102 
20 9 522 753 1274 831 100 315 46 102 
20 9 522 753 1274 832 101 313 46 102 
20 9 522 753 1274 833 103 313 46 102 
20 9 522 753 1274 834 105 313 46 102 
20 9 522 753 1274 835 105 311 46 102 
20 9 522 753 1274 836 107 311 46 102 
20 9 522 753 1274 837 108 310 48 100 
20 9 522 753 1274 838 108 310 48 100 
20 9 522 753 1274 839 110 310 46 100 
20 9 522 753 1274 840 112 308 46 100 
20 9 522 753 1274 841 114 308 46 100 
20 9 522 753 1274 842 114 306 46 102 
20 9 522 753 1274 843 116 306 46 102 
20 9 522 753 1274 844 117 306 46 102 
20 9 522 753 1274 845 119 304 46 102 
20 9 522 753 1274 846 119 304 46 102 
20 9 522 753 1274 847 121 303 46 100 
20 9 522 753 1274 848 123 303 46 100 
20 9 522 753 1274 849 124 303 48 100 
20 9 522 753 1274 850 124 301 48 100 
20 9 522 753 1274 851 126 301 46 100 
20 9 522 753 1274 852 128 299 46 102 
20 9 522 753 1274 853 128 299 46 102 
20 9 522 753 1274 854 130 297 46 102 
20 9 522 753 1274 855 132 297 46 102 
20 9 522 753 1274 856 133 297 46 102 
20 9 522 753 1274 857 133 295 46 102 
20 9 522 753 1274 858 135 295 46 102 
20 9 522 753 1274 859 137 294 46 100 
20 9 522 753 1274 860 139 294 46 100 
20 9 522 753 1274 861 139 294 46 100 
20 9 522 753 1274 862 140 292 48 100 
20 9 522 753 1274 863 142 292 46 100 
20 9 522 753 1274 864 142 290 46 102 
20 9 522 753 1274 865 144 290 46 102 
20 9 522 753 1274 866 146 290 46 102 
20 9 522 753 1274 867 148 288 46 102 
20 9 522 753 1274 868 148 288 46 102 
20 9 522 753 1274 869 149 287 46 100 
20 9 522 753 1274 870 151 287 46 100 
20 9 522 753 1274 871 153 287 46 100 
20 9 522 753 1274 872 153 285 46 100 
20 9 522 753 1274 873 155 285 46 100 
20 9 522 753 1274 874 156 283 48 102 
20 9 522 753 1274 875 156 283 48 102 
20 9 522 753 1274 876 158 283 46 102 
20 9 522 753 1274 877 160 281 46 102 
20 9 522 753 1274 878 162 281 46 102 
20 9 522 753 1274 879 162 279 46 102 
20 9 522 753 1274 880 164 279 46 102 
20 9 522 753 1274 881 165 279 46 102 
20 9 522 753 1274 882 167 278 46 100 
20 9 522 753 1274 883 167 278 46 100 
20 9 522 753 1274 884 169 276 46 100 
20 9 522 753 1274 885 171 276 46 100 
20 9 522 753 1274 886 172 276 48 100 
20 9 522 753 1274 887 172 274 48 102 
20 9 522 753 1274 888 174 274 46 102 
20 9 522 753 1274 889 176 274 46 102 
20 9 522 753 1274 890 176 274 46 102 
20 9 522 753 1274 891 178 272 46 102 
20 9 522 753 1274 892 180 272 46 102 
20 9 522 753 1274 893 181 272 46 102 
20 9 522 753 1274 894 181 272 46 102 
20 9 522 753 1274 895 183 272 46 102 
20 9 522 753 1274 896 185 271 46 100 
20 9 522 753 1274 897 185 271 46 100 
20 9 522 753 1274 898 187 271 46 100 
20 9 522 753 1274 899 188 271 48 100 
20 9 522 753 1274 900 190 271 46 100 
20 9 522 753 1274 901 190 269 46 100 
20 9 522 753 1274 902 192 269 46 100 
20 9 522 753 1274 903 192 269 46 100 
20 9 522 753 1274 904 194 269 46 100 
20 9 522 753 1274 905 194 267 46 102 
20 9 522 753 1274 906 196 267 46 102 
20 9 522 753 1274 907 196 267 48 102 
20 9 522 753 1274 908 197 267 46 102 
20 9 522 753 1274 909 199 267 46 99 
20 9 522 753 1274 910 199 265 46 102 
20 9 522 753 1274 911 201 265 46 102 
20 9 522 753 1274 912 200 265 50 102 
20 9 522 753 1274 913 203 265 46 102 
20 9 522 753 1274 914 202 265 50 99 
20 9 522 753 1274 915 204 263 48 102 
20 9 522 753 1274 916 206 263 46 102 
20 9 522 753 1274 917 206 263 46 102 
20 9 522 753 1274 918 208 263 46 99 
20 9 522 753 1274 919 207 262 50 100 
20 9 522 753 1274 920 210 262 46 100 
20 9 522 753 1274 921 209 262 50 100 
20 9 522 753 1274 922 212 262 46 100 
20 9 522 753 1274 923 213 262 46 97 
20 9 522 753 1274 924 212 260 50 100 
20 9 522 753 1274 925 215 260 46 100 
20 9 522 753 1274 926 214 260 50 100 
20 9 522 753 1274 927 217 260 46 99 
20 9 522 753 1274 928 216 260 50 99 
20 9 522 753 1274 929 218 258 50 102 
20 9 522 753 1274 930 220 258 48 102 
20 9 522 753 1274 931 219 258 50 102 
20 9 522 753 1274 932 222 258 46 99 
20 9 522 753 1274 933 221 256 50 102 
20 9 522 753 1274 934 224 256 46 102 
20 9 522 753 1274 935 223 256 50 102 
20 9 522 753 1274 936 225 256 50 99 
20 9 522 753 1274 937 228 256 46 99 
20 9 522 753 1274 938 228 255 48 100 
20 9 522 753 1274 939 229 255 46 100 
20 9 522 753 1274 940 228 255 50 97 
20 9 522 753 1274 941 230 255 50 97 
20 9 522 753 1274 942 230 255 50 97 
20 9 522 753 1274 943 232 253 50 100 
20 9 522 753 1274 944 232 253 50 100 
20 9 522 753 1274 945 234 253 50 99 
20 9 522 753 1274 946 235 253 50 99 
20 9 522 753 1274 947 235 251 50 102 
20 9 522 753 1274 948 237 251 50 102 
20 9 522 753 1274 949 237 251 50 99 
20 9 522 753 1274 950 239 251 50 99 
20 9 522 753 1274 951 239 251 50 99 
20 9 522 753 1274 952 241 249 50 102 
20 9 522 753 1274 953 244 249 48 102 
20 9 522 753 1274 954 244 249 48 99 
20 9 522 753 1274 955 244 249 50 99 
20 9 522 753 1274 956 244 249 50 99 
20 9 522 753 1274 957 246 247 50 102 
20 9 522 753 1274 958 245 247 54 99 
20 9 522 753 1274 959 248 247 50 99 
20 9 522 753 1274 960 250 247 50 99 
20 9 522 753 1274 961 250 247 50 99 
20 9 522 753 1274 962 251 246 50 100 
20 9 522 753 1274 963 251 246 50 97 
20 9 522 753 1274 964 253 246 50 97 
20 9 522 753 1274 965 252 246 54 97 
20 9 522 753 1274 966 255 244 50 100 
20 9 522 753 1274 967 257 244 50 99 
20 9 522 753 1274 968 257 244 50 99 
20 9 522 753 1274 969 260 244 48 99 
20 9 522 753 1274 970 259 244 52 99 
20 9 522 753 1274 971 260 242 50 99 
20 9 522 753 1274 972 259 242 54 99 
20 9 522 753 1274 973 262 242 50 99 
20 9 522 753 1274 974 264 242 50 99 
20 9 522 753 1274 975 263 242 54 99 
20 9 522 753 1274 976 266 240 50 99 
20 9 522 753 1274 977 266 240 52 99 
20 9 522 753 1274 978 267 240 50 99 
20 9 522 753 1274 979 266 240 54 99 
20 9 522 753 1274 980 269 239 50 97 
20 9 522 753 1274 981 268 239 54 97 
20 9 522 753 1274 982 270 239 54 97 
20 9 522 753 1274 983 273 239 50 97 
20 9 522 753 1274 984 273 239 52 97 
20 9 522 753 1274 985 276 237 48 99 
20 9 522 753 1274 986 275 237 52 99 
20 9 522 753 1274 987 275 237 54 99 
20 9 522 753 1274 988 275 237 54 99 
20 9 522 753 1274 989 277 238 54 96 
20 9 522 753 1274 990 280 235 50 99 
20 9 522 753 1274 991 279 235 54 99 
20 9 522 753 1274 992 282 235 52 99 
20 9 522 753 1274 993 282 235 52 99 
20 9 522 753 1274 994 282 233 54 99 
20 9 522 753 1274 995 282 233 54 99 
20 9 522 753 1274 996 284 233 54 99 
20 9 522 753 1274 997 287 233 50 99 
20 9 522 753 1274 998 286 234 54 96 
20 9 522 753 1274 999 289 231 52 99 
20 9 522 753 1274 1000 289 231 52 99 
20 9 522 753 1274 1001 291 231 52 99 
20 9 522 753 1274 1002 291 232 52 96 
20 9 522 753 1274 1003 291 232 54 96 
20 9 522 753 1274 1004 293 230 54 97 
20 9 522 753 1274 1005 293 230 54 97 
20 9 522 753 1274 1006 295 230 54 97 
20 9 522 753 1274 1007 295 231 54 96 
20 9 522 753 1274 1008 298 231 52 96 
20 9 522 753 1274 1009 298 228 52 99 
20 9 522 753 1274 1010 298 228 54 99 
20 9 522 753 1274 1011 300 229 54 96 
20 9 522 753 1274 1012 300 229 54 96 
20 9 522 753 1274 1013 302 226 54 99 
20 9 522 753 1274 1014 302 226 54 99 
20 9 522 753 1274 1015 305 226 52 99 
20 9 522 753 1274 1016 304 227 56 96 
20 9 522 753 1274 1017 307 227 52 96 
20 9 522 753 1274 1018 306 224 56 99 
20 9 522 753 1274 1019 307 224 54 99 
20 9 522 753 1274 1020 309 225 54 96 
20 9 522 753 1274 1021 308 225 58 96 
20 9 522 753 1274 1022 311 225 54 96 
20 9 522 753 1274 1023 311 223 56 97 
20 9 522 753 1274 1024 314 223 52 97 
20 9 522 753 1274 1025 313 224 56 96 
20 9 522 753 1274 1026 314 224 54 96 
20 9 522 753 1274 1027 316 221 54 99 
20 9 522 753 1274 1028 315 221 58 99 
20 9 522 753 1274 1029 318 222 54 96 
20 9 522 753 1274 1030 318 222 56 96 
20 9 522 753 1274 1031 321 222 52 96 
20 9 522 753 1274 1032 320 219 56 99 
20 9 522 753 1274 1033 322 220 56 96 
20 9 522 753 1274 1034 323 220 54 96 
20 9 522 753 1274 1035 322 220 58 96 
20 9 522 753 1274 1036 325 220 54 96 
20 9 522 753 1274 1037 324 217 58 99 
20 9 522 753 1274 1038 327 218 56 96 
20 9 522 753 1274 1039 327 218 56 96 
20 9 522 753 1274 1040 329 218 56 96 
20 9 522 753 1274 1041 330 215 54 99 
20 9 522 753 1274 1042 329 216 58 96 
20 9 522 753 1274 1043 332 216 54 96 
20 9 522 753 1274 1044 331 216 58 96 
20 9 522 753 1274 1045 334 216 56 96 
20 9 522 753 1274 1046 334 214 56 97 
20 9 522 753 1274 1047 336 215 56 96 
20 9 522 753 1274 1048 339 215 52 96 
20 9 522 753 1274 1049 338 215 56 96 
20 9 522 753 1274 1050 338 215 58 96 
20 9 522 753 1274 1051 338 213 58 96 
20 9 522 753 1274 1052 340 213 58 96 
20 9 522 753 1274 1053 340 213 58 96 
20 9 522 753 1274 1054 343 213 56 96 
20 9 522 753 1274 1055 345 213 56 96 
20 9 522 753 1274 1056 345 211 56 96 
20 9 522 753 1274 1057 345 211 58 96 
20 9 522 753 1274 1058 345 211 58 96 
20 9 522 753 1274 1059 347 211 58 96 
20 9 522 753 1274 1060 347 211 58 96 
20 9 522 753 1274 1061 350 211 56 96 
20 9 522 753 1274 1062 352 211 56 96 
20 9 522 753 1274 1063 352 211 56 93 
20 9 522 753 1274 1064 354 211 56 93 
20 9 522 753 1274 1065 354 211 56 93 
20 9 522 753 1274 1066 354 211 58 93 
20 9 522 753 1274 1067 354 211 58 93 
20 9 522 753 1274 1068 356 211 58 93 
20 9 522 753 1274 1069 359 211 56 93 
20 9 522 753 1274 1070 359 211 56 91 
20 9 522 753 1274 1071 361 211 56 91 
20 9 522 753 1274 1072 361 211 56 91 
20 9 522 753 1274 1073 361 211 58 91 
20 9 522 753 1274 1074 361 211 58 91 
20 9 522 753 1274 1075 363 211 58 91 
20 9 522 753 1274 1076 366 211 56 91 
20 9 522 753 1274 1077 366 212 56 88 
20 9 522 753 1274 1078 368 212 56 88 
20 9 522 753 1274 1079 368 212 56 88 
20 9 522 753 1274 1080 370 212 56 88 
20 9 522 753 1274 1081 370 212 56 88 
20 9 522 753 1274 1082 370 212 58 88 
20 9 522 753 1274 1083 372 212 58 88 
20 9 522 753 1274 1084 372 212 58 85 
20 9 522 753 1274 1085 375 212 56 85 
20 9 522 753 1274 1086 375 212 56 85 
20 9 522 753 1274 1087 377 212 56 85 
20 9 522 753 1274 1088 377 212 56 85 
20 9 522 753 1274 1089 377 212 58 85 
20 9 522 753 1274 1090 379 212 58 85 
20 9 522 753 1274 1091 379 212 58 85 
20 9 522 753 1274 1092 382 213 56 82 
20 9 522 753 1274 1093 382 213 56 82 
20 9 522 753 1274 1094 384 213 56 82 
20 9 522 753 1274 1095 384 213 56 82 
20 9 522 753 1274 1096 386 213 56 82 
20 9 522 753 1274 1097 386 213 58 82 
20 9 522 753 1274 1098 386 213 58 82 
20 9 522 753 1274 1099 388 213 58 79 
20 9 522 753 1274 1100 388 213 58 79 
20 9 522 753 1274 1101 391 213 56 79 
20 9 522 753 1274 1102 391 213 56 79 
20 9 522 753 1274 1103 393 213 56 79 
20 9 522 753 1274 1104 393 213 58 79 
20 9 522 753 1274 1105 393 213 58 79 
20 9 522 753 1274 1106 395 214 58 78 
20 9 522 753 1274 1107 395 214 58 78 
20 9 522 753 1274 1108 398 214 56 78 
20 9 522 753 1274 1109 400 214 56 78 
20 9 522 753 1274 1110 400 214 56 78 
20 9 522 753 1274 1111 402 214 56 78 
20 9 522 753 1274 1112 402 214 56 78 
20 9 522 753 1274 1113 402 214 58 75 
20 9 522 753 1274 1114 402 214 58 75 
20 9 522 753 1274 1115 404 214 58 75 
20 9 522 753 1274 1116 407 214 56 75 
20 9 522 753 1274 1117 407 214 56 75 
20 9 522 753 1274 1118 409 214 56 75 
20 9 522 753 1274 1119 409 214 56 75 
20 9 522 753 1274 1120 409 215 58 72 
20 9 522 753 1274 1121 409 215 58 72 
20 9 522 753 1274 1122 411 215 58 72 
20 9 522 753 1274 1123 414 215 56 72 
20 9 522 753 1274 1124 414 215 56 72 
20 9 522 753 1274 1125 416 215 56 72 
20 9 522 753 1274 1126 416 215 56 72 
20 9 522 753 1274 1127 418 215 56 72 
20 9 522 753 1274 1128 418 215 56 69 
20 9 522 753 1274 1129 418 215 58 69 
20 9 522 753 1274 1130 420 215 58 69 
20 9 522 753 1274 1131 420 215 58 69 
20 9 522 753 1274 1132 423 215 56 69 
20 9 522 753 1274 1133 423 215 56 69 
20 9 522 753 1274 1134 425 215 56 69 
20 9 522 753 1274 1135 425 215 56 67 
20 9 522 753 1274 1136 425 215 58 67 
20 9 522 753 1274 1137 427 215 58 67 
20 9 522 753 1274 1138 427 215 58 67 
20 9 522 753 1274 1139 430 215 56 67 
20 9 522 753 1274 1140 430 215 56 67 
20 9 522 753 1274 1141 432 215 56 67 
20 9 522 753 1274 1142 432 216 56 64 
20 9 522 753 1274 1143 434 216 56 64 
20 9 522 753 1274 1144 434 216 58 64 
20 9 522 753 1274 1145 434 216 58 64 
20 9 522 753 1274 1146 436 216 58 64 
20 9 522 753 1274 1147 436 216 58 64 
20 9 522 753 1274 1148 439 216 56 64 
20 9 522 753 1274 1149 439 216 56 61 
20 9 522 753 1274 1150 441 216 56 61 
20 9 522 753 1274 1151 441 216 58 61 
20 9 522 753 1274 1152 441 216 58 61 
20 9 522 753 1274 1153 443 216 58 61 
20 9 522 753 1274 1154 443 216 58 61 
20 9 522 753 1274 1155 446 216 56 61 
20 9 522 753 1274 1156 448 216 56 61 
20 9 522 753 1274 1157 448 216 56 61 
20 9 522 753 1274 1158 450 216 56 61 
20 9 522 753 1274 1159 450 216 56 61 
20 9 522 753 1274 1160 450 216 58 61 
20 9 522 753 1274 1161 450 216 58 61 
20 9 522 753 1274 1162 452 216 58 61 
20 9 522 753 1274 1163 452 216 58 61 
20 9 522 753 1274 1164 455 216 56 61 
20 9 522 753 1274 1165 457 216 56 61 
20 9 522 753 1274 1166 457 216 56 61 
20 9 522 753 1274 1167 457 216 58 61 
20 9 522 753 1274 1168 457 216 58 61 
20 9 522 753 1274 1169 459 216 58 61 
20 9 522 753 1274 1170 459 216 58 61 
20 9 522 753 1274 1171 462 216 56 61 
20 9 522 753 1274 1172 464 216 56 61 
20 9 522 753 1274 1173 464 216 56 61 
20 9 522 753 1274 1174 466 216 56 61 
20 9 522 753 1274 1175 466 216 56 61 
20 9 522 753 1274 1176 466 216 58 61 
20 9 522 753 1274 1177 466 216 58 61 
20 9 522 753 1274 1178 468 216 58 61 
20 9 522 753 1274 1179 471 216 56 61 
20 9 522 753 1274 1180 471 216 56 61 
20 9 522 753 1274 1181 473 216 56 61 
20 9 522 753 1274 1182 473 216 56 61 
20 9 522 753 1274 1183 473 216 58 61 
20 9 522 753 1274 1184 473 216 58 61 
20 9 522 753 1274 1185 475 216 58 61 
20 9 522 753 1274 1186 478 216 56 61 
20 9 522 753 1274 1187 478 216 56 61 
20 9 522 753 1274 1188 480 216 56 61 
20 9 522 753 1274 1189 480 216 56 61 
20 9 522 753 1274 1190 482 216 56 61 
20 9 522 753 1274 1191 482 216 56 61 
20 9 522 753 1274 1192 482 216 58 61 
20 9 522 753 1274 1193 484 216 58 61 
20 9 522 753 1274 1194 484 216 58 61 
20 9 522 753 1274 1195 487 216 56 61 
20 9 522 753 1274 1196 487 216 56 61 
20 9 522 753 1274 1197 489 216 56 61 
20 9 522 753 1274 1198 489 216 56 61 
20 9 522 753 1274 1199 489 216 58 61 
20 9 522 753 1274 1200 491 216 58 61 
20 9 522 753 1274 1201 491 216 58 61 
20 9 522 753 1274 1202 494 216 54 61 
20 9 522 753 1274 1203 494 216 56 61 
20 9 522 753 1274 1204 497 216 52 61 
20 9 522 753 1274 1205 499 216 52 61 
20 9 522 753 1274 1206 499 216 52 61 
20 9 522 753 1274 1207 499 216 54 61 
20 9 522 753 1274 1208 502 216 50 61 
20 9 522 753 1274 1209 501 216 54 61 
20 9 522 753 1274 1210 504 216 50 64 
20 9 522 753 1274 1211 506 216 50 64 
20 9 522 753 1274 1212 506 216 50 64 
20 9 522 753 1274 1213 507 216 50 64 
20 9 522 753 1274 1214 510 216 46 64 
20 9 522 753 1274 1215 509 216 50 64 
20 9 522 753 1274 1216 512 216 46 64 
20 9 522 753 1274 1217 514 216 46 64 
20 9 522 753 1274 1218 514 216 46 64 
20 9 522 753 1274 1219 516 216 46 64 
20 9 522 753 1274 1220 518 215 44 67 
20 9 522 753 1274 1221 518 215 44 67 
20 9 522 753 1274 1222 520 215 42 67 
20 9 522 753 1274 1223 520 215 42 67 
20 9 522 753 1274 1224 522 215 42 67 
20 9 522 753 1274 1225 525 215 38 67 
20 9 522 753 1274 1226 524 215 42 67 
20 9 522 753 1274 1227 526 215 40 67 
20 9 522 753 1274 1228 528 215 40 67 
20 9 522 753 1274 1229 528 215 40 67 
20 9 522 753 1274 1230 530 215 40 69 
20 9 522 753 1274 1231 533 215 36 69 
20 9 522 753 1274 1232 532 215 38 69 
20 9 522 753 1274 1233 535 215 34 69 
20 9 522 753 1274 1234 536 215 36 69 
20 9 522 753 1274 1235 536 215 36 69 
20 9 522 753 1274 1236 538 215 36 69 
20 9 522 753 1274 1237 541 215 32 69 
20 9 522 753 1274 1238 540 215 36 69 
20 9 522 753 1274 1239 543 215 32 69 
20 9 522 753 1274 1240 544 215 32 72 
20 9 522 753 1274 1241 544 213 32 72 
20 9 522 753 1274 1242 546 213 32 72 
20 9 522 753 1274 1243 546 213 32 72 
20 9 522 753 1274 1244 548 213 32 72 
20 9 522 753 1274 1245 548 213 32 72 
20 9 522 753 1274 1246 550 213 32 72 
20 9 522 753 1274 1247 550 213 32 72 
20 9 522 753 1274 1248 552 213 32 72 
20 9 522 753 1274 1249 552 213 32 72 
20 9 522 753 1274 1250 553 213 32 72 
20 9 522 753 1274 1251 553 213 32 72 
20 9 522 753 1274 1252 555 213 32 72 
20 9 522 753 1274 1253 555 213 32 72 
20 9 522 753 1274 1254 557 213 32 72 
20 9 522 753 1274 1255 557 213 32 72 
20 9 522 753 1274 1256 559 213 32 72 
20 9 522 753 1274 1257 559 213 32 72 
20 9 522 753 1274 1258 560 213 32 72 
20 9 522 753 1274 1259 560 213 32 72 
20 9 522 753 1274 1260 562 213 32 72 
20 9 522 753 1274 1261 562 213 32 72 
20 9 522 753 1274 1262 564 213 32 72 
20 9 522 753 1274 1263 564 213 32 72 
20 9 522 753 1274 1264 566 213 32 72 
20 9 522 753 1274 1265 566 213 32 72 
20 9 522 753 1274 1266 568 213 32 72 
20 9 522 753 1274 1267 568 213 32 72 
20 9 522 753 1274 1268 569 213 32 72 
20 9 522 753 1274 1269 569 212 32 72 
20 9 522 753 1274 1270 569 212 32 72 
20 9 522 753 1274 1271 571 212 32 72 
20 9 522 753 1274 1272 571 212 32 72 
20 9 522 753 1274 1273 571 212 32 72 
20 9 522 753 1274 1274 573 212 32 72 
