15 12 172 83 254 83 980 187 72 80 
15 12 172 83 254 84 980 187 72 80 
15 12 172 83 254 85 980 187 72 80 
15 12 172 83 254 86 980 187 72 80 
15 12 172 83 254 87 980 187 72 80 
15 12 172 83 254 88 980 187 72 80 
15 12 172 83 254 89 980 187 72 80 
15 12 172 83 254 90 980 187 72 80 
15 12 172 83 254 91 980 187 72 80 
15 12 172 83 254 92 980 187 72 80 
15 12 172 83 254 93 980 187 72 80 
15 12 172 83 254 94 980 187 72 80 
15 12 172 83 254 95 980 187 72 80 
15 12 172 83 254 96 980 187 72 80 
15 12 172 83 254 97 980 187 72 80 
15 12 172 83 254 98 980 187 72 80 
15 12 172 83 254 99 980 187 72 80 
15 12 172 83 254 100 980 187 72 80 
15 12 172 83 254 101 980 187 72 80 
15 12 172 83 254 102 980 187 72 80 
15 12 172 83 254 103 980 187 72 80 
15 12 172 83 254 104 980 187 72 80 
15 12 172 83 254 105 980 187 72 80 
15 12 172 83 254 106 980 187 72 80 
15 12 172 83 254 107 980 187 72 80 
15 12 172 83 254 108 980 187 72 80 
15 12 172 83 254 109 980 187 72 80 
15 12 172 83 254 110 980 187 72 80 
15 12 172 83 254 111 980 187 72 80 
15 12 172 83 254 112 980 187 72 80 
15 12 172 83 254 113 980 187 72 80 
15 12 172 83 254 114 980 187 72 80 
15 12 172 83 254 115 980 187 72 80 
15 12 172 83 254 116 980 187 72 80 
15 12 172 83 254 117 980 187 72 80 
15 12 172 83 254 118 980 187 72 80 
15 12 172 83 254 119 980 187 72 80 
15 12 172 83 254 120 980 187 72 80 
15 12 172 83 254 121 980 187 72 80 
15 12 172 83 254 122 980 187 72 80 
15 12 172 83 254 123 980 187 72 80 
15 12 172 83 254 124 980 187 72 80 
15 12 172 83 254 125 980 187 72 80 
15 12 172 83 254 126 980 187 72 80 
15 12 172 83 254 127 980 187 72 80 
15 12 172 83 254 128 980 187 72 80 
15 12 172 83 254 129 980 187 72 80 
15 12 172 83 254 130 980 187 72 80 
15 12 172 83 254 131 980 187 72 80 
15 12 172 83 254 132 980 187 72 80 
15 12 172 83 254 133 980 187 72 80 
15 12 172 83 254 134 980 187 72 80 
15 12 172 83 254 135 980 187 72 80 
15 12 172 83 254 136 980 187 72 80 
15 12 172 83 254 137 980 187 72 80 
15 12 172 83 254 138 980 187 72 80 
15 12 172 83 254 139 980 187 72 80 
15 12 172 83 254 140 980 187 72 80 
15 12 172 83 254 141 980 187 72 80 
15 12 172 83 254 142 980 187 72 80 
15 12 172 83 254 143 980 187 72 80 
15 12 172 83 254 144 980 187 72 80 
15 12 172 83 254 145 980 187 72 80 
15 12 172 83 254 146 980 187 72 80 
15 12 172 83 254 147 980 187 72 80 
15 12 172 83 254 148 980 187 72 80 
15 12 172 83 254 149 980 187 72 80 
15 12 172 83 254 150 980 187 72 80 
15 12 172 83 254 151 980 187 72 80 
15 12 172 83 254 152 980 187 72 80 
15 12 172 83 254 153 980 187 72 80 
15 12 172 83 254 154 980 187 72 80 
15 12 172 83 254 155 980 187 72 80 
15 12 172 83 254 156 980 187 72 80 
15 12 172 83 254 157 980 187 72 80 
15 12 172 83 254 158 980 187 72 80 
15 12 172 83 254 159 980 187 72 80 
15 12 172 83 254 160 980 187 72 80 
15 12 172 83 254 161 980 187 72 80 
15 12 172 83 254 162 980 187 72 80 
15 12 172 83 254 163 980 187 72 80 
15 12 172 83 254 164 980 187 72 80 
15 12 172 83 254 165 980 187 72 80 
15 12 172 83 254 166 980 187 72 80 
15 12 172 83 254 167 980 187 72 80 
15 12 172 83 254 168 980 187 72 80 
15 12 172 83 254 169 980 187 72 80 
15 12 172 83 254 170 980 187 72 80 
15 12 172 83 254 171 980 187 72 80 
15 12 172 83 254 172 980 187 72 80 
15 12 172 83 254 173 980 187 72 80 
15 12 172 83 254 174 980 187 72 80 
15 12 172 83 254 175 980 187 72 80 
15 12 172 83 254 176 980 187 72 80 
15 12 172 83 254 177 980 187 72 80 
15 12 172 83 254 178 980 187 72 80 
15 12 172 83 254 179 980 187 72 80 
15 12 172 83 254 180 980 187 72 80 
15 12 172 83 254 181 980 187 72 80 
15 12 172 83 254 182 980 187 72 80 
15 12 172 83 254 183 980 187 72 80 
15 12 172 83 254 184 980 187 72 80 
15 12 172 83 254 185 980 187 72 80 
15 12 172 83 254 186 980 187 72 80 
15 12 172 83 254 187 980 187 72 80 
15 12 172 83 254 188 980 187 72 80 
15 12 172 83 254 189 980 187 72 80 
15 12 172 83 254 190 980 187 72 80 
15 12 172 83 254 191 980 187 72 80 
15 12 172 83 254 192 980 187 72 80 
15 12 172 83 254 193 980 187 72 80 
15 12 172 83 254 194 980 187 72 80 
15 12 172 83 254 195 980 187 72 80 
15 12 172 83 254 196 980 187 72 80 
15 12 172 83 254 197 980 187 72 80 
15 12 172 83 254 198 980 187 72 80 
15 12 172 83 254 199 980 187 72 80 
15 12 172 83 254 200 980 187 72 80 
15 12 172 83 254 201 980 187 72 80 
15 12 172 83 254 202 980 187 72 80 
15 12 172 83 254 203 980 187 72 80 
15 12 172 83 254 204 980 187 72 80 
15 12 172 83 254 205 980 187 72 80 
15 12 172 83 254 206 980 187 72 80 
15 12 172 83 254 207 980 187 72 80 
15 12 172 83 254 208 980 187 72 80 
15 12 172 83 254 209 980 187 72 80 
15 12 172 83 254 210 980 187 72 80 
15 12 172 83 254 211 980 187 72 80 
15 12 172 83 254 212 980 187 72 80 
15 12 172 83 254 213 980 187 72 80 
15 12 172 83 254 214 980 187 72 80 
15 12 172 83 254 215 980 187 72 80 
15 12 172 83 254 216 980 187 72 80 
15 12 172 83 254 217 980 187 72 80 
15 12 172 83 254 218 980 187 72 80 
15 12 172 83 254 219 980 187 72 80 
15 12 172 83 254 220 980 187 72 80 
15 12 172 83 254 221 980 187 72 80 
15 12 172 83 254 222 980 187 72 80 
15 12 172 83 254 223 980 187 72 80 
15 12 172 83 254 224 980 187 72 80 
15 12 172 83 254 225 980 187 72 80 
15 12 172 83 254 226 980 187 72 80 
15 12 172 83 254 227 980 187 72 80 
15 12 172 83 254 228 980 187 72 80 
15 12 172 83 254 229 980 187 72 80 
15 12 172 83 254 230 980 187 72 80 
15 12 172 83 254 231 980 187 72 80 
15 12 172 83 254 232 980 187 72 80 
15 12 172 83 254 233 980 187 72 80 
15 12 172 83 254 234 980 187 72 80 
15 12 172 83 254 235 980 187 72 80 
15 12 172 83 254 236 980 187 72 80 
15 12 172 83 254 237 980 187 72 80 
15 12 172 83 254 238 980 187 72 80 
15 12 172 83 254 239 980 187 72 80 
15 12 172 83 254 240 980 187 72 80 
15 12 172 83 254 241 980 187 72 80 
15 12 172 83 254 242 980 187 72 80 
15 12 172 83 254 243 980 187 72 80 
15 12 172 83 254 244 980 187 72 80 
15 12 172 83 254 245 980 187 72 80 
15 12 172 83 254 246 980 187 72 80 
15 12 172 83 254 247 980 187 72 80 
15 12 172 83 254 248 980 187 72 80 
15 12 172 83 254 249 980 187 72 80 
15 12 172 83 254 250 980 187 72 80 
15 12 172 83 254 251 980 187 72 80 
15 12 172 83 254 252 980 187 72 80 
15 12 172 83 254 253 980 187 72 80 
15 12 172 83 254 254 980 187 72 80 
16 12 77 262 338 262 975 191 78 78 
16 12 77 262 338 263 975 191 78 78 
16 12 77 262 338 264 975 191 78 78 
16 12 77 262 338 265 975 191 78 78 
16 12 77 262 338 266 975 191 78 78 
16 12 77 262 338 267 975 191 78 78 
16 12 77 262 338 268 975 191 78 78 
16 12 77 262 338 269 975 191 78 78 
16 12 77 262 338 270 975 191 78 78 
16 12 77 262 338 271 975 191 78 78 
16 12 77 262 338 272 975 191 78 78 
16 12 77 262 338 273 975 191 78 78 
16 12 77 262 338 274 975 191 78 78 
16 12 77 262 338 275 975 191 78 78 
16 12 77 262 338 276 975 191 78 78 
16 12 77 262 338 277 975 191 78 78 
16 12 77 262 338 278 975 191 78 78 
16 12 77 262 338 279 975 191 78 78 
16 12 77 262 338 280 975 191 78 78 
16 12 77 262 338 281 975 191 78 78 
16 12 77 262 338 282 975 191 78 78 
16 12 77 262 338 283 975 191 78 78 
16 12 77 262 338 284 975 191 78 78 
16 12 77 262 338 285 975 191 78 78 
16 12 77 262 338 286 975 191 78 78 
16 12 77 262 338 287 975 191 78 78 
16 12 77 262 338 288 975 191 78 78 
16 12 77 262 338 289 975 191 78 78 
16 12 77 262 338 290 975 191 78 78 
16 12 77 262 338 291 975 191 78 78 
16 12 77 262 338 292 975 191 78 78 
16 12 77 262 338 293 975 191 78 78 
16 12 77 262 338 294 975 191 78 78 
16 12 77 262 338 295 975 191 78 78 
16 12 77 262 338 296 975 191 78 78 
16 12 77 262 338 297 975 191 78 78 
16 12 77 262 338 298 975 191 78 78 
16 12 77 262 338 299 975 191 78 78 
16 12 77 262 338 300 975 191 78 78 
16 12 77 262 338 301 975 191 78 78 
16 12 77 262 338 302 975 191 78 78 
16 12 77 262 338 303 975 191 78 78 
16 12 77 262 338 304 975 191 78 78 
16 12 77 262 338 305 975 191 78 78 
16 12 77 262 338 306 975 191 78 78 
16 12 77 262 338 307 975 191 78 78 
16 12 77 262 338 308 975 191 78 78 
16 12 77 262 338 309 975 191 78 78 
16 12 77 262 338 310 975 191 78 78 
16 12 77 262 338 311 975 191 78 78 
16 12 77 262 338 312 975 191 78 78 
16 12 77 262 338 313 975 191 78 78 
16 12 77 262 338 314 975 191 78 78 
16 12 77 262 338 315 975 191 78 78 
16 12 77 262 338 316 975 191 78 78 
16 12 77 262 338 317 975 191 78 78 
16 12 77 262 338 318 975 191 78 78 
16 12 77 262 338 319 975 191 78 78 
16 12 77 262 338 320 975 191 78 78 
16 12 77 262 338 321 975 191 78 78 
16 12 77 262 338 322 975 191 78 78 
16 12 77 262 338 323 975 191 78 78 
16 12 77 262 338 324 975 191 78 78 
16 12 77 262 338 325 975 191 78 78 
16 12 77 262 338 326 975 191 78 78 
16 12 77 262 338 327 975 191 78 78 
16 12 77 262 338 328 975 191 78 78 
16 12 77 262 338 329 975 191 78 78 
16 12 77 262 338 330 975 191 78 78 
16 12 77 262 338 331 975 191 78 78 
16 12 77 262 338 332 975 191 78 78 
16 12 77 262 338 333 975 191 78 78 
16 12 77 262 338 334 975 191 78 78 
16 12 77 262 338 335 975 191 78 78 
16 12 77 262 338 336 975 191 78 78 
16 12 77 262 338 337 975 191 78 78 
16 12 77 262 338 338 975 191 78 78 
17 11 72 1319 1390 1319 820 195 82 75 
17 11 72 1319 1390 1320 820 195 82 75 
17 11 72 1319 1390 1321 820 195 82 75 
17 11 72 1319 1390 1322 820 195 82 75 
17 11 72 1319 1390 1323 820 195 82 75 
17 11 72 1319 1390 1324 820 195 82 75 
17 11 72 1319 1390 1325 820 195 82 75 
17 11 72 1319 1390 1326 820 195 82 75 
17 11 72 1319 1390 1327 820 195 82 75 
17 11 72 1319 1390 1328 820 195 82 75 
17 11 72 1319 1390 1329 820 195 82 75 
17 11 72 1319 1390 1330 820 195 82 75 
17 11 72 1319 1390 1331 820 195 82 75 
17 11 72 1319 1390 1332 820 195 82 75 
17 11 72 1319 1390 1333 820 195 82 75 
17 11 72 1319 1390 1334 820 195 82 75 
17 11 72 1319 1390 1335 820 195 82 75 
17 11 72 1319 1390 1336 820 195 82 75 
17 11 72 1319 1390 1337 820 195 82 75 
17 11 72 1319 1390 1338 820 195 82 75 
17 11 72 1319 1390 1339 820 195 82 75 
17 11 72 1319 1390 1340 820 195 82 75 
17 11 72 1319 1390 1341 820 195 82 75 
17 11 72 1319 1390 1342 820 195 82 75 
17 11 72 1319 1390 1343 820 195 82 75 
17 11 72 1319 1390 1344 820 195 82 75 
17 11 72 1319 1390 1345 820 195 82 75 
17 11 72 1319 1390 1346 820 195 82 75 
17 11 72 1319 1390 1347 820 195 82 75 
17 11 72 1319 1390 1348 820 195 82 75 
17 11 72 1319 1390 1349 820 195 82 75 
17 11 72 1319 1390 1350 820 195 82 75 
17 11 72 1319 1390 1351 820 195 82 75 
17 11 72 1319 1390 1352 820 195 82 75 
17 11 72 1319 1390 1353 820 195 82 75 
17 11 72 1319 1390 1354 820 195 82 75 
17 11 72 1319 1390 1355 820 195 82 75 
17 11 72 1319 1390 1356 820 195 82 75 
17 11 72 1319 1390 1357 820 195 82 75 
17 11 72 1319 1390 1358 820 195 82 75 
17 11 72 1319 1390 1359 820 195 82 75 
17 11 72 1319 1390 1360 820 195 82 75 
17 11 72 1319 1390 1361 820 195 82 75 
17 11 72 1319 1390 1362 820 195 82 75 
17 11 72 1319 1390 1363 820 195 82 75 
17 11 72 1319 1390 1364 820 195 82 75 
17 11 72 1319 1390 1365 820 195 82 75 
17 11 72 1319 1390 1366 820 195 82 75 
17 11 72 1319 1390 1367 820 195 82 75 
17 11 72 1319 1390 1368 820 195 82 75 
17 11 72 1319 1390 1369 820 195 82 75 
17 11 72 1319 1390 1370 820 195 82 75 
17 11 72 1319 1390 1371 820 195 82 75 
17 11 72 1319 1390 1372 820 195 82 75 
17 11 72 1319 1390 1373 820 195 82 75 
17 11 72 1319 1390 1374 820 195 82 75 
17 11 72 1319 1390 1375 820 195 82 75 
17 11 72 1319 1390 1376 820 195 82 75 
17 11 72 1319 1390 1377 820 195 82 75 
17 11 72 1319 1390 1378 820 195 82 75 
17 11 72 1319 1390 1379 820 195 82 75 
17 11 72 1319 1390 1380 820 195 82 75 
17 11 72 1319 1390 1381 820 195 82 75 
17 11 72 1319 1390 1382 820 195 82 75 
17 11 72 1319 1390 1383 820 195 82 75 
17 11 72 1319 1390 1384 820 195 82 75 
17 11 72 1319 1390 1385 820 195 82 75 
17 11 72 1319 1390 1386 820 195 82 75 
17 11 72 1319 1390 1387 820 195 82 75 
17 11 72 1319 1390 1388 820 195 82 75 
17 11 72 1319 1390 1389 820 195 82 75 
17 11 72 1319 1390 1390 820 195 82 75 
18 11 47 1328 1374 1328 820 193 81 73 
18 11 47 1328 1374 1329 820 193 81 73 
18 11 47 1328 1374 1330 820 193 81 73 
18 11 47 1328 1374 1331 820 193 81 73 
18 11 47 1328 1374 1332 820 193 81 73 
18 11 47 1328 1374 1333 820 193 81 73 
18 11 47 1328 1374 1334 820 193 81 73 
18 11 47 1328 1374 1335 820 193 81 73 
18 11 47 1328 1374 1336 820 193 81 73 
18 11 47 1328 1374 1337 820 193 81 73 
18 11 47 1328 1374 1338 820 193 81 73 
18 11 47 1328 1374 1339 820 193 81 73 
18 11 47 1328 1374 1340 820 193 81 73 
18 11 47 1328 1374 1341 820 193 81 73 
18 11 47 1328 1374 1342 820 193 81 73 
18 11 47 1328 1374 1343 820 193 81 73 
18 11 47 1328 1374 1344 820 193 81 73 
18 11 47 1328 1374 1345 820 193 81 73 
18 11 47 1328 1374 1346 820 193 81 73 
18 11 47 1328 1374 1347 820 193 81 73 
18 11 47 1328 1374 1348 820 193 81 73 
18 11 47 1328 1374 1349 820 193 81 73 
18 11 47 1328 1374 1350 820 193 81 73 
18 11 47 1328 1374 1351 820 193 81 73 
18 11 47 1328 1374 1352 820 193 81 73 
18 11 47 1328 1374 1353 820 193 81 73 
18 11 47 1328 1374 1354 820 193 81 73 
18 11 47 1328 1374 1355 820 193 81 73 
18 11 47 1328 1374 1356 820 193 81 73 
18 11 47 1328 1374 1357 820 193 81 73 
18 11 47 1328 1374 1358 820 193 81 73 
18 11 47 1328 1374 1359 820 193 81 73 
18 11 47 1328 1374 1360 820 193 81 73 
18 11 47 1328 1374 1361 820 193 81 73 
18 11 47 1328 1374 1362 820 193 81 73 
18 11 47 1328 1374 1363 820 193 81 73 
18 11 47 1328 1374 1364 820 193 81 73 
18 11 47 1328 1374 1365 820 193 81 73 
18 11 47 1328 1374 1366 820 193 81 73 
18 11 47 1328 1374 1367 820 193 81 73 
18 11 47 1328 1374 1368 820 193 81 73 
18 11 47 1328 1374 1369 820 193 81 73 
18 11 47 1328 1374 1370 820 193 81 73 
18 11 47 1328 1374 1371 820 193 81 73 
18 11 47 1328 1374 1372 820 193 81 73 
18 11 47 1328 1374 1373 820 193 81 73 
18 11 47 1328 1374 1374 820 193 81 73 
