21 11 56 194 249 194 918 194 63 84 
21 11 56 194 249 195 918 194 63 84 
21 11 56 194 249 196 918 194 63 84 
21 11 56 194 249 197 918 194 63 84 
21 11 56 194 249 198 918 194 63 84 
21 11 56 194 249 199 918 194 63 84 
21 11 56 194 249 200 918 194 63 84 
21 11 56 194 249 201 918 194 63 84 
21 11 56 194 249 202 918 194 63 84 
21 11 56 194 249 203 918 194 63 84 
21 11 56 194 249 204 918 194 63 84 
21 11 56 194 249 205 918 194 63 84 
21 11 56 194 249 206 918 194 63 84 
21 11 56 194 249 207 918 194 63 84 
21 11 56 194 249 208 918 194 63 84 
21 11 56 194 249 209 918 194 63 84 
21 11 56 194 249 210 918 194 63 84 
21 11 56 194 249 211 918 194 63 84 
21 11 56 194 249 212 918 194 63 84 
21 11 56 194 249 213 918 194 63 84 
21 11 56 194 249 214 918 194 63 84 
21 11 56 194 249 215 918 194 63 84 
21 11 56 194 249 216 918 194 63 84 
21 11 56 194 249 217 918 194 63 84 
21 11 56 194 249 218 918 194 63 84 
21 11 56 194 249 219 918 194 63 84 
21 11 56 194 249 220 918 194 63 84 
21 11 56 194 249 221 918 194 63 84 
21 11 56 194 249 222 918 194 63 84 
21 11 56 194 249 223 918 194 63 84 
21 11 56 194 249 224 918 194 63 84 
21 11 56 194 249 225 918 194 63 84 
21 11 56 194 249 226 918 194 63 84 
21 11 56 194 249 227 918 194 63 84 
21 11 56 194 249 228 918 194 63 84 
21 11 56 194 249 229 918 194 63 84 
21 11 56 194 249 230 918 194 63 84 
21 11 56 194 249 231 918 194 63 84 
21 11 56 194 249 232 918 194 63 84 
21 11 56 194 249 233 918 194 63 84 
21 11 56 194 249 234 918 194 63 84 
21 11 56 194 249 235 918 194 63 84 
21 11 56 194 249 236 918 194 63 84 
21 11 56 194 249 237 918 194 63 84 
21 11 56 194 249 238 918 194 63 84 
21 11 56 194 249 239 918 194 63 84 
21 11 56 194 249 240 918 194 63 84 
21 11 56 194 249 241 918 194 63 84 
21 11 56 194 249 242 918 194 63 84 
21 11 56 194 249 243 918 194 63 84 
21 11 56 194 249 244 918 194 63 84 
21 11 56 194 249 245 918 194 63 84 
21 11 56 194 249 246 918 194 63 84 
21 11 56 194 249 247 918 194 63 84 
21 11 56 194 249 248 918 194 63 84 
21 11 56 194 249 249 918 194 63 84 
22 11 64 223 286 223 923 204 118 68 
22 11 64 223 286 224 923 204 118 68 
22 11 64 223 286 225 923 204 118 68 
22 11 64 223 286 226 923 204 118 68 
22 11 64 223 286 227 923 204 118 68 
22 11 64 223 286 228 923 204 118 68 
22 11 64 223 286 229 923 204 118 68 
22 11 64 223 286 230 923 204 118 68 
22 11 64 223 286 231 923 204 118 68 
22 11 64 223 286 232 923 204 118 68 
22 11 64 223 286 233 923 204 118 68 
22 11 64 223 286 234 923 204 118 68 
22 11 64 223 286 235 923 204 118 68 
22 11 64 223 286 236 923 204 118 68 
22 11 64 223 286 237 923 204 118 68 
22 11 64 223 286 238 923 204 118 68 
22 11 64 223 286 239 923 204 118 68 
22 11 64 223 286 240 923 204 118 68 
22 11 64 223 286 241 923 204 118 68 
22 11 64 223 286 242 923 204 118 68 
22 11 64 223 286 243 923 204 118 68 
22 11 64 223 286 244 923 204 118 68 
22 11 64 223 286 245 923 204 118 68 
22 11 64 223 286 246 923 204 118 68 
22 11 64 223 286 247 923 204 118 68 
22 11 64 223 286 248 923 204 118 68 
22 11 64 223 286 249 923 204 118 68 
22 11 64 223 286 250 923 204 118 68 
22 11 64 223 286 251 923 204 118 68 
22 11 64 223 286 252 923 204 118 68 
22 11 64 223 286 253 923 204 118 68 
22 11 64 223 286 254 923 204 118 68 
22 11 64 223 286 255 923 204 118 68 
22 11 64 223 286 256 923 204 118 68 
22 11 64 223 286 257 923 204 118 68 
22 11 64 223 286 258 923 204 118 68 
22 11 64 223 286 259 923 204 118 68 
22 11 64 223 286 260 923 204 118 68 
22 11 64 223 286 261 923 204 118 68 
22 11 64 223 286 262 923 204 118 68 
22 11 64 223 286 263 923 204 118 68 
22 11 64 223 286 264 923 204 118 68 
22 11 64 223 286 265 923 204 118 68 
22 11 64 223 286 266 923 204 118 68 
22 11 64 223 286 267 923 204 118 68 
22 11 64 223 286 268 923 204 118 68 
22 11 64 223 286 269 923 204 118 68 
22 11 64 223 286 270 923 204 118 68 
22 11 64 223 286 271 923 204 118 68 
22 11 64 223 286 272 923 204 118 68 
22 11 64 223 286 273 923 204 118 68 
22 11 64 223 286 274 923 204 118 68 
22 11 64 223 286 275 923 204 118 68 
22 11 64 223 286 276 923 204 118 68 
22 11 64 223 286 277 923 204 118 68 
22 11 64 223 286 278 923 204 118 68 
22 11 64 223 286 279 923 204 118 68 
22 11 64 223 286 280 923 204 118 68 
22 11 64 223 286 281 923 204 118 68 
22 11 64 223 286 282 923 204 118 68 
22 11 64 223 286 283 923 204 118 68 
22 11 64 223 286 284 923 204 118 68 
22 11 64 223 286 285 923 204 118 68 
22 11 64 223 286 286 923 204 118 68 
23 12 88 307 394 307 902 195 85 78 
23 12 88 307 394 308 902 195 85 78 
23 12 88 307 394 309 902 195 85 78 
23 12 88 307 394 310 902 195 85 78 
23 12 88 307 394 311 902 195 85 78 
23 12 88 307 394 312 902 195 85 78 
23 12 88 307 394 313 902 195 85 78 
23 12 88 307 394 314 902 195 85 78 
23 12 88 307 394 315 902 195 85 78 
23 12 88 307 394 316 902 195 85 78 
23 12 88 307 394 317 902 195 85 78 
23 12 88 307 394 318 902 195 85 78 
23 12 88 307 394 319 902 195 85 78 
23 12 88 307 394 320 902 195 85 78 
23 12 88 307 394 321 902 195 85 78 
23 12 88 307 394 322 902 195 85 78 
23 12 88 307 394 323 902 195 85 78 
23 12 88 307 394 324 902 195 85 78 
23 12 88 307 394 325 902 195 85 78 
23 12 88 307 394 326 902 195 85 78 
23 12 88 307 394 327 902 195 85 78 
23 12 88 307 394 328 902 195 85 78 
23 12 88 307 394 329 902 195 85 78 
23 12 88 307 394 330 902 195 85 78 
23 12 88 307 394 331 902 195 85 78 
23 12 88 307 394 332 902 195 85 78 
23 12 88 307 394 333 902 195 85 78 
23 12 88 307 394 334 902 195 85 78 
23 12 88 307 394 335 902 195 85 78 
23 12 88 307 394 336 902 195 85 78 
23 12 88 307 394 337 902 195 85 78 
23 12 88 307 394 338 902 195 85 78 
23 12 88 307 394 339 902 195 85 78 
23 12 88 307 394 340 902 195 85 78 
23 12 88 307 394 341 902 195 85 78 
23 12 88 307 394 342 902 195 85 78 
23 12 88 307 394 343 902 195 85 78 
23 12 88 307 394 344 902 195 85 78 
23 12 88 307 394 345 902 195 85 78 
23 12 88 307 394 346 902 195 85 78 
23 12 88 307 394 347 902 195 85 78 
23 12 88 307 394 348 902 195 85 78 
23 12 88 307 394 349 902 195 85 78 
23 12 88 307 394 350 902 195 85 78 
23 12 88 307 394 351 902 195 85 78 
23 12 88 307 394 352 902 195 85 78 
23 12 88 307 394 353 902 195 85 78 
23 12 88 307 394 354 902 195 85 78 
23 12 88 307 394 355 902 195 85 78 
23 12 88 307 394 356 902 195 85 78 
23 12 88 307 394 357 902 195 85 78 
23 12 88 307 394 358 902 195 85 78 
23 12 88 307 394 359 902 195 85 78 
23 12 88 307 394 360 902 195 85 78 
23 12 88 307 394 361 902 195 85 78 
23 12 88 307 394 362 902 195 85 78 
23 12 88 307 394 363 902 195 85 78 
23 12 88 307 394 364 902 195 85 78 
23 12 88 307 394 365 902 195 85 78 
23 12 88 307 394 366 902 195 85 78 
23 12 88 307 394 367 902 195 85 78 
23 12 88 307 394 368 902 195 85 78 
23 12 88 307 394 369 902 195 85 78 
23 12 88 307 394 370 902 195 85 78 
23 12 88 307 394 371 902 195 85 78 
23 12 88 307 394 372 902 195 85 78 
23 12 88 307 394 373 902 195 85 78 
23 12 88 307 394 374 902 195 85 78 
23 12 88 307 394 375 902 195 85 78 
23 12 88 307 394 376 902 195 85 78 
23 12 88 307 394 377 902 195 85 78 
23 12 88 307 394 378 902 195 85 78 
23 12 88 307 394 379 902 195 85 78 
23 12 88 307 394 380 902 195 85 78 
23 12 88 307 394 381 902 195 85 78 
23 12 88 307 394 382 902 195 85 78 
23 12 88 307 394 383 902 195 85 78 
23 12 88 307 394 384 902 195 85 78 
23 12 88 307 394 385 902 195 85 78 
23 12 88 307 394 386 902 195 85 78 
23 12 88 307 394 387 902 195 85 78 
23 12 88 307 394 388 902 195 85 78 
23 12 88 307 394 389 902 195 85 78 
23 12 88 307 394 390 902 195 85 78 
23 12 88 307 394 391 902 195 85 78 
23 12 88 307 394 392 902 195 85 78 
23 12 88 307 394 393 902 195 85 78 
23 12 88 307 394 394 902 195 85 78 
24 12 110 307 416 307 928 194 81 83 
24 12 110 307 416 308 928 194 81 83 
24 12 110 307 416 309 928 194 81 83 
24 12 110 307 416 310 928 194 81 83 
24 12 110 307 416 311 928 194 81 83 
24 12 110 307 416 312 928 194 81 83 
24 12 110 307 416 313 928 194 81 83 
24 12 110 307 416 314 928 194 81 83 
24 12 110 307 416 315 928 194 81 83 
24 12 110 307 416 316 928 194 81 83 
24 12 110 307 416 317 928 194 81 83 
24 12 110 307 416 318 928 194 81 83 
24 12 110 307 416 319 928 194 81 83 
24 12 110 307 416 320 928 194 81 83 
24 12 110 307 416 321 928 194 81 83 
24 12 110 307 416 322 928 194 81 83 
24 12 110 307 416 323 928 194 81 83 
24 12 110 307 416 324 928 194 81 83 
24 12 110 307 416 325 928 194 81 83 
24 12 110 307 416 326 928 194 81 83 
24 12 110 307 416 327 928 194 81 83 
24 12 110 307 416 328 928 194 81 83 
24 12 110 307 416 329 928 194 81 83 
24 12 110 307 416 330 928 194 81 83 
24 12 110 307 416 331 928 194 81 83 
24 12 110 307 416 332 928 194 81 83 
24 12 110 307 416 333 928 194 81 83 
24 12 110 307 416 334 928 194 81 83 
24 12 110 307 416 335 928 194 81 83 
24 12 110 307 416 336 928 194 81 83 
24 12 110 307 416 337 928 194 81 83 
24 12 110 307 416 338 928 194 81 83 
24 12 110 307 416 339 928 194 81 83 
24 12 110 307 416 340 928 194 81 83 
24 12 110 307 416 341 928 194 81 83 
24 12 110 307 416 342 928 194 81 83 
24 12 110 307 416 343 928 194 81 83 
24 12 110 307 416 344 928 194 81 83 
24 12 110 307 416 345 928 194 81 83 
24 12 110 307 416 346 928 194 81 83 
24 12 110 307 416 347 928 194 81 83 
24 12 110 307 416 348 928 194 81 83 
24 12 110 307 416 349 928 194 81 83 
24 12 110 307 416 350 928 194 81 83 
24 12 110 307 416 351 928 194 81 83 
24 12 110 307 416 352 928 194 81 83 
24 12 110 307 416 353 928 194 81 83 
24 12 110 307 416 354 928 194 81 83 
24 12 110 307 416 355 928 194 81 83 
24 12 110 307 416 356 928 194 81 83 
24 12 110 307 416 357 928 194 81 83 
24 12 110 307 416 358 928 194 81 83 
24 12 110 307 416 359 928 194 81 83 
24 12 110 307 416 360 928 194 81 83 
24 12 110 307 416 361 928 194 81 83 
24 12 110 307 416 362 928 194 81 83 
24 12 110 307 416 363 928 194 81 83 
24 12 110 307 416 364 928 194 81 83 
24 12 110 307 416 365 928 194 81 83 
24 12 110 307 416 366 928 194 81 83 
24 12 110 307 416 367 928 194 81 83 
24 12 110 307 416 368 928 194 81 83 
24 12 110 307 416 369 928 194 81 83 
24 12 110 307 416 370 928 194 81 83 
24 12 110 307 416 371 928 194 81 83 
24 12 110 307 416 372 928 194 81 83 
24 12 110 307 416 373 928 194 81 83 
24 12 110 307 416 374 928 194 81 83 
24 12 110 307 416 375 928 194 81 83 
24 12 110 307 416 376 928 194 81 83 
24 12 110 307 416 377 928 194 81 83 
24 12 110 307 416 378 928 194 81 83 
24 12 110 307 416 379 928 194 81 83 
24 12 110 307 416 380 928 194 81 83 
24 12 110 307 416 381 928 194 81 83 
24 12 110 307 416 382 928 194 81 83 
24 12 110 307 416 383 928 194 81 83 
24 12 110 307 416 384 928 194 81 83 
24 12 110 307 416 385 928 194 81 83 
24 12 110 307 416 386 928 194 81 83 
24 12 110 307 416 387 928 194 81 83 
24 12 110 307 416 388 928 194 81 83 
24 12 110 307 416 389 928 194 81 83 
24 12 110 307 416 390 928 194 81 83 
24 12 110 307 416 391 928 194 81 83 
24 12 110 307 416 392 928 194 81 83 
24 12 110 307 416 393 928 194 81 83 
24 12 110 307 416 394 928 194 81 83 
24 12 110 307 416 395 928 194 81 83 
24 12 110 307 416 396 928 194 81 83 
24 12 110 307 416 397 928 194 81 83 
24 12 110 307 416 398 928 194 81 83 
24 12 110 307 416 399 928 194 81 83 
24 12 110 307 416 400 928 194 81 83 
24 12 110 307 416 401 928 194 81 83 
24 12 110 307 416 402 928 194 81 83 
24 12 110 307 416 403 928 194 81 83 
24 12 110 307 416 404 928 194 81 83 
24 12 110 307 416 405 928 194 81 83 
24 12 110 307 416 406 928 194 81 83 
24 12 110 307 416 407 928 194 81 83 
24 12 110 307 416 408 928 194 81 83 
24 12 110 307 416 409 928 194 81 83 
24 12 110 307 416 410 928 194 81 83 
24 12 110 307 416 411 928 194 81 83 
24 12 110 307 416 412 928 194 81 83 
24 12 110 307 416 413 928 194 81 83 
24 12 110 307 416 414 928 194 81 83 
24 12 110 307 416 415 928 194 81 83 
24 12 110 307 416 416 928 194 81 83 
25 12 47 411 457 411 923 194 79 83 
25 12 47 411 457 412 923 194 79 83 
25 12 47 411 457 413 923 194 79 83 
25 12 47 411 457 414 923 194 79 83 
25 12 47 411 457 415 923 194 79 83 
25 12 47 411 457 416 923 194 79 83 
25 12 47 411 457 417 923 194 79 83 
25 12 47 411 457 418 923 194 79 83 
25 12 47 411 457 419 923 194 79 83 
25 12 47 411 457 420 923 194 79 83 
25 12 47 411 457 421 923 194 79 83 
25 12 47 411 457 422 923 194 79 83 
25 12 47 411 457 423 923 194 79 83 
25 12 47 411 457 424 923 194 79 83 
25 12 47 411 457 425 923 194 79 83 
25 12 47 411 457 426 923 194 79 83 
25 12 47 411 457 427 923 194 79 83 
25 12 47 411 457 428 923 194 79 83 
25 12 47 411 457 429 923 194 79 83 
25 12 47 411 457 430 923 194 79 83 
25 12 47 411 457 431 923 194 79 83 
25 12 47 411 457 432 923 194 79 83 
25 12 47 411 457 433 923 194 79 83 
25 12 47 411 457 434 923 194 79 83 
25 12 47 411 457 435 923 194 79 83 
25 12 47 411 457 436 923 194 79 83 
25 12 47 411 457 437 923 194 79 83 
25 12 47 411 457 438 923 194 79 83 
25 12 47 411 457 439 923 194 79 83 
25 12 47 411 457 440 923 194 79 83 
25 12 47 411 457 441 923 194 79 83 
25 12 47 411 457 442 923 194 79 83 
25 12 47 411 457 443 923 194 79 83 
25 12 47 411 457 444 923 194 79 83 
25 12 47 411 457 445 923 194 79 83 
25 12 47 411 457 446 923 194 79 83 
25 12 47 411 457 447 923 194 79 83 
25 12 47 411 457 448 923 194 79 83 
25 12 47 411 457 449 923 194 79 83 
25 12 47 411 457 450 923 194 79 83 
25 12 47 411 457 451 923 194 79 83 
25 12 47 411 457 452 923 194 79 83 
25 12 47 411 457 453 923 194 79 83 
25 12 47 411 457 454 923 194 79 83 
25 12 47 411 457 455 923 194 79 83 
25 12 47 411 457 456 923 194 79 83 
25 12 47 411 457 457 923 194 79 83 
26 12 47 437 483 437 931 200 70 82 
26 12 47 437 483 438 931 200 70 82 
26 12 47 437 483 439 931 200 70 82 
26 12 47 437 483 440 931 200 70 82 
26 12 47 437 483 441 931 200 70 82 
26 12 47 437 483 442 931 200 70 82 
26 12 47 437 483 443 931 200 70 82 
26 12 47 437 483 444 931 200 70 82 
26 12 47 437 483 445 931 200 70 82 
26 12 47 437 483 446 931 200 70 82 
26 12 47 437 483 447 931 200 70 82 
26 12 47 437 483 448 931 200 70 82 
26 12 47 437 483 449 931 200 70 82 
26 12 47 437 483 450 931 200 70 82 
26 12 47 437 483 451 931 200 70 82 
26 12 47 437 483 452 931 200 70 82 
26 12 47 437 483 453 931 200 70 82 
26 12 47 437 483 454 931 200 70 82 
26 12 47 437 483 455 931 200 70 82 
26 12 47 437 483 456 931 200 70 82 
26 12 47 437 483 457 931 200 70 82 
26 12 47 437 483 458 931 200 70 82 
26 12 47 437 483 459 931 200 70 82 
26 12 47 437 483 460 931 200 70 82 
26 12 47 437 483 461 931 200 70 82 
26 12 47 437 483 462 931 200 70 82 
26 12 47 437 483 463 931 200 70 82 
26 12 47 437 483 464 931 200 70 82 
26 12 47 437 483 465 931 200 70 82 
26 12 47 437 483 466 931 200 70 82 
26 12 47 437 483 467 931 200 70 82 
26 12 47 437 483 468 931 200 70 82 
26 12 47 437 483 469 931 200 70 82 
26 12 47 437 483 470 931 200 70 82 
26 12 47 437 483 471 931 200 70 82 
26 12 47 437 483 472 931 200 70 82 
26 12 47 437 483 473 931 200 70 82 
26 12 47 437 483 474 931 200 70 82 
26 12 47 437 483 475 931 200 70 82 
26 12 47 437 483 476 931 200 70 82 
26 12 47 437 483 477 931 200 70 82 
26 12 47 437 483 478 931 200 70 82 
26 12 47 437 483 479 931 200 70 82 
26 12 47 437 483 480 931 200 70 82 
26 12 47 437 483 481 931 200 70 82 
26 12 47 437 483 482 931 200 70 82 
26 12 47 437 483 483 931 200 70 82 
