3 12 47 52 98 52 527 212 65 48 
3 12 47 52 98 53 527 212 65 48 
3 12 47 52 98 54 527 212 65 48 
3 12 47 52 98 55 527 212 65 48 
3 12 47 52 98 56 527 212 65 48 
3 12 47 52 98 57 527 212 65 48 
3 12 47 52 98 58 527 212 65 48 
3 12 47 52 98 59 527 212 65 48 
3 12 47 52 98 60 527 212 65 48 
3 12 47 52 98 61 527 212 65 48 
3 12 47 52 98 62 527 212 65 48 
3 12 47 52 98 63 527 212 65 48 
3 12 47 52 98 64 527 212 65 48 
3 12 47 52 98 65 527 212 65 48 
3 12 47 52 98 66 527 212 65 48 
3 12 47 52 98 67 527 212 65 48 
3 12 47 52 98 68 527 212 65 48 
3 12 47 52 98 69 527 212 65 48 
3 12 47 52 98 70 527 212 65 48 
3 12 47 52 98 71 527 212 65 48 
3 12 47 52 98 72 527 212 65 48 
3 12 47 52 98 73 527 212 65 48 
3 12 47 52 98 74 527 212 65 48 
3 12 47 52 98 75 527 212 65 48 
3 12 47 52 98 76 527 212 65 48 
3 12 47 52 98 77 527 212 65 48 
3 12 47 52 98 78 527 212 65 48 
3 12 47 52 98 79 527 212 65 48 
3 12 47 52 98 80 527 212 65 48 
3 12 47 52 98 81 527 212 65 48 
3 12 47 52 98 82 527 212 65 48 
3 12 47 52 98 83 527 212 65 48 
3 12 47 52 98 84 527 212 65 48 
3 12 47 52 98 85 527 212 65 48 
3 12 47 52 98 86 527 212 65 48 
3 12 47 52 98 87 527 212 65 48 
3 12 47 52 98 88 527 212 65 48 
3 12 47 52 98 89 527 212 65 48 
3 12 47 52 98 90 527 212 65 48 
3 12 47 52 98 91 527 212 65 48 
3 12 47 52 98 92 527 212 65 48 
3 12 47 52 98 93 527 212 65 48 
3 12 47 52 98 94 527 212 65 48 
3 12 47 52 98 95 527 212 65 48 
3 12 47 52 98 96 527 212 65 48 
3 12 47 52 98 97 527 212 65 48 
3 12 47 52 98 98 527 212 65 48 
4 10 161 245 405 245 0 400 71 142 
4 10 161 245 405 246 0 402 74 139 
4 10 161 245 405 247 0 405 78 136 
4 10 161 245 405 248 0 405 82 136 
4 10 161 245 405 249 0 407 86 133 
4 10 161 245 405 250 0 410 89 130 
4 10 161 245 405 251 0 410 94 130 
4 10 161 245 405 252 0 411 96 129 
4 10 161 245 405 253 1 414 100 126 
4 10 161 245 405 254 5 416 100 123 
4 10 161 245 405 255 10 414 100 123 
4 10 161 245 405 256 18 414 96 123 
4 10 161 245 405 257 23 412 98 126 
4 10 161 245 405 258 31 412 96 126 
4 10 161 245 405 259 36 410 96 127 
4 10 161 245 405 260 43 410 96 127 
4 10 161 245 405 261 48 410 96 127 
4 10 161 245 405 262 57 408 92 130 
4 10 161 245 405 263 61 408 96 130 
4 10 161 245 405 264 69 405 92 133 
4 10 161 245 405 265 73 405 96 133 
4 10 161 245 405 266 80 403 94 136 
4 10 161 245 405 267 87 403 92 136 
4 10 161 245 405 268 94 403 92 136 
4 10 161 245 405 269 99 400 92 139 
4 10 161 245 405 270 106 400 90 139 
4 10 161 245 405 271 112 399 92 141 
4 10 161 245 405 272 120 399 88 141 
4 10 161 245 405 273 127 399 88 141 
4 10 161 245 405 274 134 397 88 141 
4 10 161 245 405 275 140 397 90 141 
4 10 161 245 405 276 150 397 88 141 
4 10 161 245 405 277 156 395 90 141 
4 10 161 245 405 278 163 395 92 141 
4 10 161 245 405 279 172 395 90 141 
4 10 161 245 405 280 179 393 92 142 
4 10 161 245 405 281 185 393 94 142 
4 10 161 245 405 282 195 393 92 142 
4 10 161 245 405 283 201 393 94 139 
4 10 161 245 405 284 208 392 94 141 
4 10 161 245 405 285 217 392 94 141 
4 10 161 245 405 286 224 393 94 138 
4 10 161 245 405 287 232 390 96 141 
4 10 161 245 405 288 240 390 94 141 
4 10 161 245 405 289 248 391 96 138 
4 10 161 245 405 290 255 388 96 141 
4 10 161 245 405 291 264 388 96 141 
4 10 161 245 405 292 271 389 96 138 
4 10 161 245 405 293 278 389 96 138 
4 10 161 245 405 294 287 386 96 141 
4 10 161 245 405 295 294 386 96 139 
4 10 161 245 405 296 300 386 100 139 
4 10 161 245 405 297 310 384 96 142 
4 10 161 245 405 298 316 384 100 139 
4 10 161 245 405 299 323 384 100 139 
4 10 161 245 405 300 332 384 100 139 
4 10 161 245 405 301 339 385 100 136 
4 10 161 245 405 302 349 385 96 136 
4 10 161 245 405 303 359 385 92 136 
4 10 161 245 405 304 366 385 92 136 
4 10 161 245 405 305 376 385 88 136 
4 10 161 245 405 306 386 385 84 136 
4 10 161 245 405 307 393 385 84 133 
4 10 161 245 405 308 402 385 82 133 
4 10 161 245 405 309 412 385 78 133 
4 10 161 245 405 310 419 385 78 133 
4 10 161 245 405 311 429 385 74 133 
4 10 161 245 405 312 438 385 72 133 
4 10 161 245 405 313 447 385 72 133 
4 10 161 245 405 314 456 384 72 133 
4 10 161 245 405 315 467 384 70 133 
4 10 161 245 405 316 476 384 70 133 
4 10 161 245 405 317 486 384 72 133 
4 10 161 245 405 318 495 384 72 133 
4 10 161 245 405 319 506 384 72 133 
4 10 161 245 405 320 517 384 70 133 
4 10 161 245 405 321 524 382 70 133 
4 10 161 245 405 322 531 382 70 133 
4 10 161 245 405 323 540 382 70 133 
4 10 161 245 405 324 547 382 70 133 
4 10 161 245 405 325 556 382 70 133 
4 10 161 245 405 326 563 382 70 133 
4 10 161 245 405 327 572 382 70 133 
4 10 161 245 405 328 579 382 70 133 
4 10 161 245 405 329 588 382 70 133 
4 10 161 245 405 330 595 382 70 133 
4 10 161 245 405 331 602 380 72 133 
4 10 161 245 405 332 611 380 70 133 
4 10 161 245 405 333 618 380 72 133 
4 10 161 245 405 334 627 380 70 133 
4 10 161 245 405 335 634 380 72 133 
4 10 161 245 405 336 643 380 70 133 
4 10 161 245 405 337 650 380 72 133 
4 10 161 245 405 338 659 380 70 133 
4 10 161 245 405 339 666 380 72 133 
4 10 161 245 405 340 675 380 70 133 
4 10 161 245 405 341 681 380 74 133 
4 10 161 245 405 342 690 380 74 133 
4 10 161 245 405 343 699 380 74 133 
4 10 161 245 405 344 708 382 74 133 
4 10 161 245 405 345 717 382 74 133 
4 10 161 245 405 346 725 382 76 133 
4 10 161 245 405 347 734 382 76 133 
4 10 161 245 405 348 742 384 78 133 
4 10 161 245 405 349 751 384 78 133 
4 10 161 245 405 350 760 384 78 133 
4 10 161 245 405 351 769 384 78 133 
4 10 161 245 405 352 778 385 78 133 
4 10 161 245 405 353 784 385 82 133 
4 10 161 245 405 354 793 385 82 133 
4 10 161 245 405 355 802 385 82 133 
4 10 161 245 405 356 811 387 84 133 
4 10 161 245 405 357 818 387 86 133 
4 10 161 245 405 358 827 387 86 133 
4 10 161 245 405 359 836 387 86 133 
4 10 161 245 405 360 845 389 86 133 
4 10 161 245 405 361 854 389 86 133 
4 10 161 245 405 362 863 389 86 133 
4 10 161 245 405 363 873 389 84 133 
4 10 161 245 405 364 881 391 88 133 
4 10 161 245 405 365 890 391 88 133 
4 10 161 245 405 366 897 391 90 135 
4 10 161 245 405 367 906 394 90 132 
4 10 161 245 405 368 915 393 90 135 
4 10 161 245 405 369 924 394 90 136 
4 10 161 245 405 370 934 394 88 136 
4 10 161 245 405 371 943 396 88 136 
4 10 161 245 405 372 952 395 88 139 
4 10 161 245 405 373 961 395 88 139 
4 10 161 245 405 374 970 398 88 138 
4 10 161 245 405 375 977 397 90 141 
4 10 161 245 405 376 986 400 90 138 
4 10 161 245 405 377 995 399 90 141 
4 10 161 245 405 378 1004 400 90 142 
4 10 161 245 405 379 1014 400 88 142 
4 10 161 245 405 380 1025 400 88 144 
4 10 161 245 405 381 1034 400 90 144 
4 10 161 245 405 382 1046 402 88 144 
4 10 161 245 405 383 1057 402 88 144 
4 10 161 245 405 384 1066 401 88 147 
4 10 161 245 405 385 1075 401 90 147 
4 10 161 245 405 386 1087 403 88 147 
4 10 161 245 405 387 1098 403 88 147 
4 10 161 245 405 388 1107 403 90 150 
4 10 161 245 405 389 1119 405 88 148 
4 10 161 245 405 390 1128 405 88 148 
4 10 161 245 405 391 1138 407 86 148 
4 10 161 245 405 392 1147 408 86 150 
4 10 161 245 405 393 1159 410 82 150 
4 10 161 245 405 394 1170 412 82 148 
4 10 161 245 405 395 1180 412 80 148 
4 10 161 245 405 396 1190 414 78 148 
4 10 161 245 405 397 1199 415 78 150 
4 10 161 245 405 398 1211 417 67 150 
4 10 161 245 405 399 1221 419 58 150 
4 10 161 245 405 400 1230 419 49 150 
4 10 161 245 405 401 1240 421 38 148 
4 10 161 245 405 402 1251 421 28 148 
4 10 161 245 405 403 1261 423 17 148 
4 10 161 245 405 404 1261 423 17 148 
4 10 161 245 405 405 1261 423 17 148 
