2 9 419 0 418 0 483 203 52 75 
2 9 419 0 418 1 483 203 52 75 
2 9 419 0 418 2 483 203 52 75 
2 9 419 0 418 3 483 203 54 75 
2 9 419 0 418 4 483 203 54 75 
2 9 419 0 418 5 485 203 54 75 
2 9 419 0 418 6 485 203 54 75 
2 9 419 0 418 7 487 203 54 75 
2 9 419 0 418 8 487 203 54 75 
2 9 419 0 418 9 487 203 54 75 
2 9 419 0 418 10 490 203 52 75 
2 9 419 0 418 11 490 203 52 75 
2 9 419 0 418 12 490 203 54 75 
2 9 419 0 418 13 490 203 54 75 
2 9 419 0 418 14 492 203 54 75 
2 9 419 0 418 15 492 203 54 75 
2 9 419 0 418 16 492 203 54 75 
2 9 419 0 418 17 494 203 54 75 
2 9 419 0 418 18 494 203 54 75 
2 9 419 0 418 19 497 203 52 75 
2 9 419 0 418 20 497 203 52 75 
2 9 419 0 418 21 499 203 52 75 
2 9 419 0 418 22 499 203 52 75 
2 9 419 0 418 23 499 203 54 75 
2 9 419 0 418 24 499 203 54 75 
2 9 419 0 418 25 501 203 54 75 
2 9 419 0 418 26 501 203 54 75 
2 9 419 0 418 27 503 203 54 75 
2 9 419 0 418 28 503 203 54 75 
2 9 419 0 418 29 506 203 52 75 
2 9 419 0 418 30 506 203 52 75 
2 9 419 0 418 31 506 203 54 75 
2 9 419 0 418 32 508 203 54 75 
2 9 419 0 418 33 508 203 54 75 
2 9 419 0 418 34 510 203 54 75 
2 9 419 0 418 35 510 203 54 75 
2 9 419 0 418 36 513 203 52 75 
2 9 419 0 418 37 513 203 52 75 
2 9 419 0 418 38 515 203 52 75 
2 9 419 0 418 39 515 203 54 75 
2 9 419 0 418 40 515 203 54 75 
2 9 419 0 418 41 517 203 54 75 
2 9 419 0 418 42 517 203 54 75 
2 9 419 0 418 43 519 203 54 75 
2 9 419 0 418 44 519 203 54 75 
2 9 419 0 418 45 522 203 52 75 
2 9 419 0 418 46 522 203 52 75 
2 9 419 0 418 47 522 203 54 75 
2 9 419 0 418 48 524 203 54 75 
2 9 419 0 418 49 524 203 54 75 
2 9 419 0 418 50 526 203 54 75 
2 9 419 0 418 51 526 203 54 75 
2 9 419 0 418 52 529 203 52 75 
2 9 419 0 418 53 529 203 52 75 
2 9 419 0 418 54 531 203 52 75 
2 9 419 0 418 55 531 205 54 75 
2 9 419 0 418 56 531 203 54 75 
2 9 419 0 418 57 531 203 54 75 
2 9 419 0 418 58 531 203 54 75 
2 9 419 0 418 59 531 203 54 75 
2 9 419 0 418 60 533 203 54 75 
2 9 419 0 418 61 533 203 54 75 
2 9 419 0 418 62 533 203 54 75 
2 9 419 0 418 63 533 202 54 73 
2 9 419 0 418 64 533 202 54 73 
2 9 419 0 418 65 535 202 54 73 
2 9 419 0 418 66 535 202 54 73 
2 9 419 0 418 67 535 202 54 73 
2 9 419 0 418 68 535 202 54 73 
2 9 419 0 418 69 538 202 52 73 
2 9 419 0 418 70 538 202 52 73 
2 9 419 0 418 71 538 202 52 73 
2 9 419 0 418 72 538 202 54 73 
2 9 419 0 418 73 538 202 54 73 
2 9 419 0 418 74 540 202 54 73 
2 9 419 0 418 75 540 202 54 73 
2 9 419 0 418 76 542 202 54 73 
2 9 419 0 418 77 542 202 54 73 
2 9 419 0 418 78 542 203 54 75 
2 9 419 0 418 79 545 203 52 75 
2 9 419 0 418 80 545 203 52 75 
2 9 419 0 418 81 547 203 52 75 
2 9 419 0 418 82 547 203 52 75 
2 9 419 0 418 83 547 203 54 75 
2 9 419 0 418 84 547 203 54 75 
2 9 419 0 418 85 549 203 54 75 
2 9 419 0 418 86 549 205 54 75 
2 9 419 0 418 87 549 205 54 75 
2 9 419 0 418 88 551 205 54 75 
2 9 419 0 418 89 551 205 54 75 
2 9 419 0 418 90 554 205 52 75 
2 9 419 0 418 91 554 205 52 75 
2 9 419 0 418 92 554 205 54 75 
2 9 419 0 418 93 554 205 54 75 
2 9 419 0 418 94 556 207 54 75 
2 9 419 0 418 95 556 205 54 75 
2 9 419 0 418 96 556 205 54 75 
2 9 419 0 418 97 558 205 54 75 
2 9 419 0 418 98 558 205 54 75 
2 9 419 0 418 99 561 205 52 75 
2 9 419 0 418 100 561 205 52 75 
2 9 419 0 418 101 561 205 52 75 
2 9 419 0 418 102 563 205 52 75 
2 9 419 0 418 103 563 205 52 75 
2 9 419 0 418 104 563 205 54 75 
2 9 419 0 418 105 563 205 54 75 
2 9 419 0 418 106 563 203 54 75 
2 9 419 0 418 107 565 203 54 75 
2 9 419 0 418 108 565 203 54 75 
2 9 419 0 418 109 567 203 54 75 
2 9 419 0 418 110 567 203 54 75 
2 9 419 0 418 111 570 203 52 75 
2 9 419 0 418 112 570 203 52 75 
2 9 419 0 418 113 570 203 52 75 
2 9 419 0 418 114 570 203 54 75 
2 9 419 0 418 115 570 203 54 75 
2 9 419 0 418 116 572 203 54 75 
2 9 419 0 418 117 572 203 54 75 
2 9 419 0 418 118 572 202 54 73 
2 9 419 0 418 119 574 202 54 73 
2 9 419 0 418 120 574 202 54 73 
2 9 419 0 418 121 577 202 52 73 
2 9 419 0 418 122 577 202 52 73 
2 9 419 0 418 123 577 202 52 73 
2 9 419 0 418 124 579 202 52 73 
2 9 419 0 418 125 579 202 52 73 
2 9 419 0 418 126 579 202 54 73 
2 9 419 0 418 127 579 202 54 73 
2 9 419 0 418 128 581 202 54 73 
2 9 419 0 418 129 581 200 54 75 
2 9 419 0 418 130 581 200 54 75 
2 9 419 0 418 131 583 200 54 75 
2 9 419 0 418 132 583 200 54 75 
2 9 419 0 418 133 586 200 52 75 
2 9 419 0 418 134 586 200 52 75 
2 9 419 0 418 135 586 200 52 75 
2 9 419 0 418 136 586 200 54 75 
2 9 419 0 418 137 586 200 54 75 
2 9 419 0 418 138 588 200 54 75 
2 9 419 0 418 139 588 200 54 75 
2 9 419 0 418 140 590 200 54 75 
2 9 419 0 418 141 590 198 54 75 
2 9 419 0 418 142 590 198 54 75 
2 9 419 0 418 143 593 198 52 75 
2 9 419 0 418 144 593 198 52 75 
2 9 419 0 418 145 593 198 52 75 
2 9 419 0 418 146 595 198 52 75 
2 9 419 0 418 147 595 198 52 75 
2 9 419 0 418 148 595 198 54 75 
2 9 419 0 418 149 595 198 54 75 
2 9 419 0 418 150 595 198 54 75 
2 9 419 0 418 151 597 198 54 75 
2 9 419 0 418 152 597 198 54 75 
2 9 419 0 418 153 599 198 54 75 
2 9 419 0 418 154 599 198 54 75 
2 9 419 0 418 155 599 198 54 75 
2 9 419 0 418 156 602 198 52 75 
2 9 419 0 418 157 602 198 52 75 
2 9 419 0 418 158 602 198 54 75 
2 9 419 0 418 159 602 198 54 75 
2 9 419 0 418 160 602 198 54 75 
2 9 419 0 418 161 604 198 54 75 
2 9 419 0 418 162 604 198 54 75 
2 9 419 0 418 163 606 198 54 75 
2 9 419 0 418 164 606 198 54 75 
2 9 419 0 418 165 606 198 54 75 
2 9 419 0 418 166 609 198 52 75 
2 9 419 0 418 167 609 198 52 75 
2 9 419 0 418 168 611 198 52 75 
2 9 419 0 418 169 611 198 52 75 
2 9 419 0 418 170 611 198 52 75 
2 9 419 0 418 171 611 198 54 75 
2 9 419 0 418 172 611 198 54 75 
2 9 419 0 418 173 613 198 54 75 
2 9 419 0 418 174 613 198 54 75 
2 9 419 0 418 175 613 198 54 75 
2 9 419 0 418 176 615 198 54 75 
2 9 419 0 418 177 615 198 54 75 
2 9 419 0 418 178 618 198 52 75 
2 9 419 0 418 179 618 196 52 75 
2 9 419 0 418 180 618 196 52 75 
2 9 419 0 418 181 618 196 54 75 
2 9 419 0 418 182 618 196 54 75 
2 9 419 0 418 183 618 196 54 75 
2 9 419 0 418 184 620 196 54 75 
2 9 419 0 418 185 620 196 54 75 
2 9 419 0 418 186 622 196 54 75 
2 9 419 0 418 187 622 196 54 75 
2 9 419 0 418 188 622 196 54 75 
2 9 419 0 418 189 625 196 52 75 
2 9 419 0 418 190 625 196 52 75 
2 9 419 0 418 191 627 196 52 75 
2 9 419 0 418 192 627 196 52 75 
2 9 419 0 418 193 627 196 52 75 
2 9 419 0 418 194 627 196 54 75 
2 9 419 0 418 195 627 196 54 75 
2 9 419 0 418 196 629 196 54 75 
2 9 419 0 418 197 629 196 54 75 
2 9 419 0 418 198 629 196 54 75 
2 9 419 0 418 199 631 196 54 75 
2 9 419 0 418 200 631 196 54 75 
2 9 419 0 418 201 634 196 52 75 
2 9 419 0 418 202 634 196 52 75 
2 9 419 0 418 203 634 196 52 75 
2 9 419 0 418 204 634 196 54 75 
2 9 419 0 418 205 634 196 54 75 
2 9 419 0 418 206 636 196 54 75 
2 9 419 0 418 207 636 196 54 75 
2 9 419 0 418 208 636 196 54 75 
2 9 419 0 418 209 638 196 54 75 
2 9 419 0 418 210 638 196 54 75 
2 9 419 0 418 211 641 196 52 75 
2 9 419 0 418 212 641 196 52 75 
2 9 419 0 418 213 641 196 52 75 
2 9 419 0 418 214 643 196 52 75 
2 9 419 0 418 215 643 196 52 75 
2 9 419 0 418 216 643 196 54 75 
2 9 419 0 418 217 643 195 54 73 
2 9 419 0 418 218 643 195 54 73 
2 9 419 0 418 219 645 195 54 73 
2 9 419 0 418 220 645 195 54 73 
2 9 419 0 418 221 645 195 54 73 
2 9 419 0 418 222 647 195 54 73 
2 9 419 0 418 223 647 195 54 73 
2 9 419 0 418 224 650 195 52 73 
2 9 419 0 418 225 650 195 52 73 
2 9 419 0 418 226 650 195 52 73 
2 9 419 0 418 227 650 195 54 73 
2 9 419 0 418 228 650 195 54 73 
2 9 419 0 418 229 652 195 54 73 
2 9 419 0 418 230 652 195 54 73 
2 9 419 0 418 231 652 195 54 73 
2 9 419 0 418 232 654 195 54 73 
2 9 419 0 418 233 654 195 54 73 
2 9 419 0 418 234 657 195 52 73 
2 9 419 0 418 235 657 195 52 73 
2 9 419 0 418 236 657 195 52 73 
2 9 419 0 418 237 659 195 52 73 
2 9 419 0 418 238 659 195 52 73 
2 9 419 0 418 239 659 195 54 73 
2 9 419 0 418 240 659 195 54 73 
2 9 419 0 418 241 659 195 54 73 
2 9 419 0 418 242 661 195 54 73 
2 9 419 0 418 243 661 195 54 73 
2 9 419 0 418 244 663 195 54 73 
2 9 419 0 418 245 663 195 54 73 
2 9 419 0 418 246 663 195 54 73 
2 9 419 0 418 247 666 195 52 73 
2 9 419 0 418 248 666 195 52 73 
2 9 419 0 418 249 666 195 54 73 
2 9 419 0 418 250 666 195 54 73 
2 9 419 0 418 251 666 195 54 73 
2 9 419 0 418 252 668 195 54 73 
2 9 419 0 418 253 668 195 54 73 
2 9 419 0 418 254 670 195 54 73 
2 9 419 0 418 255 670 193 54 75 
2 9 419 0 418 256 670 193 54 75 
2 9 419 0 418 257 673 193 52 75 
2 9 419 0 418 258 673 193 52 75 
2 9 419 0 418 259 673 193 52 75 
2 9 419 0 418 260 675 193 52 75 
2 9 419 0 418 261 675 193 52 75 
2 9 419 0 418 262 675 193 52 75 
2 9 419 0 418 263 675 193 54 75 
2 9 419 0 418 264 675 193 54 75 
2 9 419 0 418 265 675 193 54 75 
2 9 419 0 418 266 677 193 54 75 
2 9 419 0 418 267 677 193 54 75 
2 9 419 0 418 268 677 193 54 75 
2 9 419 0 418 269 679 193 54 75 
2 9 419 0 418 270 679 193 54 75 
2 9 419 0 418 271 679 193 54 75 
2 9 419 0 418 272 682 193 52 75 
2 9 419 0 418 273 682 193 52 75 
2 9 419 0 418 274 682 193 52 75 
2 9 419 0 418 275 682 193 54 75 
2 9 419 0 418 276 682 193 54 75 
2 9 419 0 418 277 684 193 54 75 
2 9 419 0 418 278 684 191 54 75 
2 9 419 0 418 279 684 191 54 75 
2 9 419 0 418 280 686 191 54 75 
2 9 419 0 418 281 686 191 54 75 
2 9 419 0 418 282 686 191 54 75 
2 9 419 0 418 283 689 191 52 75 
2 9 419 0 418 284 689 191 52 75 
2 9 419 0 418 285 689 191 52 75 
2 9 419 0 418 286 691 191 52 75 
2 9 419 0 418 287 691 191 52 75 
2 9 419 0 418 288 691 191 52 75 
2 9 419 0 418 289 691 191 54 75 
2 9 419 0 418 290 691 191 54 75 
2 9 419 0 418 291 691 191 54 75 
2 9 419 0 418 292 693 191 54 75 
2 9 419 0 418 293 693 191 54 75 
2 9 419 0 418 294 693 191 54 75 
2 9 419 0 418 295 695 191 54 75 
2 9 419 0 418 296 695 191 54 75 
2 9 419 0 418 297 695 191 54 75 
2 9 419 0 418 298 698 191 52 75 
2 9 419 0 418 299 698 191 52 75 
2 9 419 0 418 300 698 191 54 75 
2 9 419 0 418 301 698 192 54 72 
2 9 419 0 418 302 698 192 54 72 
2 9 419 0 418 303 698 192 54 72 
2 9 419 0 418 304 700 192 54 72 
2 9 419 0 418 305 700 192 54 72 
2 9 419 0 418 306 700 192 54 72 
2 9 419 0 418 307 703 192 50 72 
2 9 419 0 418 308 702 192 54 72 
2 9 419 0 418 309 702 192 54 72 
2 9 419 0 418 310 702 192 54 72 
2 9 419 0 418 311 705 192 50 72 
2 9 419 0 418 312 705 192 52 72 
2 9 419 0 418 313 705 192 52 72 
2 9 419 0 418 314 708 192 48 72 
2 9 419 0 418 315 708 192 48 72 
2 9 419 0 418 316 707 192 52 72 
2 9 419 0 418 317 707 192 52 72 
2 9 419 0 418 318 708 192 50 72 
2 9 419 0 418 319 708 195 50 66 
2 9 419 0 418 320 707 195 54 66 
2 9 419 0 418 321 710 195 50 66 
2 9 419 0 418 322 710 195 50 66 
2 9 419 0 418 323 710 195 50 66 
2 9 419 0 418 324 709 195 54 66 
2 9 419 0 418 325 712 195 50 66 
2 9 419 0 418 326 712 195 50 66 
2 9 419 0 418 327 712 195 50 66 
2 9 419 0 418 328 714 195 50 66 
2 9 419 0 418 329 714 195 50 66 
2 9 419 0 418 330 714 195 50 66 
2 9 419 0 418 331 716 195 48 66 
2 9 419 0 418 332 715 195 50 66 
2 9 419 0 418 333 715 195 50 66 
2 9 419 0 418 334 715 195 50 66 
2 9 419 0 418 335 718 195 46 66 
2 9 419 0 418 336 717 195 50 66 
2 9 419 0 418 337 717 198 50 60 
2 9 419 0 418 338 720 198 46 60 
2 9 419 0 418 339 720 198 46 60 
2 9 419 0 418 340 719 198 50 60 
2 9 419 0 418 341 719 198 50 60 
2 9 419 0 418 342 722 198 46 60 
2 9 419 0 418 343 722 198 46 60 
2 9 419 0 418 344 721 198 50 60 
2 9 419 0 418 345 724 198 46 60 
2 9 419 0 418 346 724 198 46 60 
2 9 419 0 418 347 724 198 46 60 
2 9 419 0 418 348 724 198 48 60 
2 9 419 0 418 349 725 198 46 60 
2 9 419 0 418 350 725 198 46 60 
2 9 419 0 418 351 725 198 46 60 
2 9 419 0 418 352 727 198 46 60 
2 9 419 0 418 353 727 198 46 60 
2 9 419 0 418 354 727 198 46 60 
2 9 419 0 418 355 729 199 46 58 
2 9 419 0 418 356 729 198 46 58 
2 9 419 0 418 357 731 198 44 58 
2 9 419 0 418 358 732 198 44 58 
2 9 419 0 418 359 732 198 44 58 
2 9 419 0 418 360 733 198 44 58 
2 9 419 0 418 361 734 198 42 58 
2 9 419 0 418 362 734 198 44 58 
2 9 419 0 418 363 735 198 42 58 
2 9 419 0 418 364 736 198 42 58 
2 9 419 0 418 365 736 198 42 58 
2 9 419 0 418 366 737 198 42 58 
2 9 419 0 418 367 739 198 40 58 
2 9 419 0 418 368 740 198 40 60 
2 9 419 0 418 369 740 198 40 60 
2 9 419 0 418 370 740 198 40 60 
2 9 419 0 418 371 739 198 42 60 
2 9 419 0 418 372 739 198 42 60 
2 9 419 0 418 373 739 199 44 58 
2 9 419 0 418 374 739 199 44 58 
2 9 419 0 418 375 740 199 42 60 
2 9 419 0 418 376 740 199 44 60 
2 9 419 0 418 377 740 200 44 58 
2 9 419 0 418 378 739 200 46 58 
2 9 419 0 418 379 739 200 46 58 
2 9 419 0 418 380 739 200 46 58 
2 9 419 0 418 381 740 199 46 58 
2 9 419 0 418 382 740 199 46 58 
2 9 419 0 418 383 740 199 46 58 
2 9 419 0 418 384 741 199 46 58 
2 9 419 0 418 385 741 199 46 58 
2 9 419 0 418 386 741 199 46 58 
2 9 419 0 418 387 741 199 46 58 
2 9 419 0 418 388 743 199 46 58 
2 9 419 0 418 389 743 199 46 58 
2 9 419 0 418 390 743 199 46 58 
2 9 419 0 418 391 743 199 46 58 
2 9 419 0 418 392 745 199 46 58 
2 9 419 0 418 393 745 199 46 58 
2 9 419 0 418 394 745 198 46 58 
2 9 419 0 418 395 747 198 46 58 
2 9 419 0 418 396 747 198 46 58 
2 9 419 0 418 397 747 198 46 58 
2 9 419 0 418 398 747 198 46 58 
2 9 419 0 418 399 748 198 48 58 
2 9 419 0 418 400 748 198 48 58 
2 9 419 0 418 401 748 198 48 58 
2 9 419 0 418 402 748 198 48 58 
2 9 419 0 418 403 750 198 46 58 
2 9 419 0 418 404 750 198 46 58 
2 9 419 0 418 405 750 198 46 58 
2 9 419 0 418 406 752 198 46 58 
2 9 419 0 418 407 754 198 44 57 
2 9 419 0 418 408 755 198 44 57 
2 9 419 0 418 409 756 198 42 55 
2 9 419 0 418 410 757 198 42 55 
2 9 419 0 418 411 759 198 40 55 
2 9 419 0 418 412 760 200 40 52 
2 9 419 0 418 413 761 200 40 52 
2 9 419 0 418 414 762 200 38 52 
2 9 419 0 418 415 763 200 38 51 
2 9 419 0 418 416 765 200 36 51 
2 9 419 0 418 417 766 200 36 51 
2 9 419 0 418 418 767 201 36 49 
3 11 63 223 285 223 905 199 79 72 
3 11 63 223 285 224 905 199 79 72 
3 11 63 223 285 225 905 199 79 72 
3 11 63 223 285 226 905 199 79 72 
3 11 63 223 285 227 905 199 79 72 
3 11 63 223 285 228 905 199 79 72 
3 11 63 223 285 229 905 199 79 72 
3 11 63 223 285 230 905 199 79 72 
3 11 63 223 285 231 905 199 79 72 
3 11 63 223 285 232 905 199 79 72 
3 11 63 223 285 233 905 199 79 72 
3 11 63 223 285 234 905 199 79 72 
3 11 63 223 285 235 905 199 79 72 
3 11 63 223 285 236 905 199 79 72 
3 11 63 223 285 237 905 199 79 72 
3 11 63 223 285 238 905 199 79 72 
3 11 63 223 285 239 905 199 79 72 
3 11 63 223 285 240 905 199 79 72 
3 11 63 223 285 241 905 199 79 72 
3 11 63 223 285 242 905 199 79 72 
3 11 63 223 285 243 905 199 79 72 
3 11 63 223 285 244 905 199 79 72 
3 11 63 223 285 245 905 199 79 72 
3 11 63 223 285 246 905 199 79 72 
3 11 63 223 285 247 905 199 79 72 
3 11 63 223 285 248 905 199 79 72 
3 11 63 223 285 249 905 199 79 72 
3 11 63 223 285 250 905 199 79 72 
3 11 63 223 285 251 905 199 79 72 
3 11 63 223 285 252 905 199 79 72 
3 11 63 223 285 253 905 199 79 72 
3 11 63 223 285 254 905 199 79 72 
3 11 63 223 285 255 905 199 79 72 
3 11 63 223 285 256 905 199 79 72 
3 11 63 223 285 257 905 199 79 72 
3 11 63 223 285 258 905 199 79 72 
3 11 63 223 285 259 905 199 79 72 
3 11 63 223 285 260 905 199 79 72 
3 11 63 223 285 261 905 199 79 72 
3 11 63 223 285 262 905 199 79 72 
3 11 63 223 285 263 905 199 79 72 
3 11 63 223 285 264 905 199 79 72 
3 11 63 223 285 265 905 199 79 72 
3 11 63 223 285 266 905 199 79 72 
3 11 63 223 285 267 905 199 79 72 
3 11 63 223 285 268 905 199 79 72 
3 11 63 223 285 269 905 199 79 72 
3 11 63 223 285 270 905 199 79 72 
3 11 63 223 285 271 905 199 79 72 
3 11 63 223 285 272 905 199 79 72 
3 11 63 223 285 273 905 199 79 72 
3 11 63 223 285 274 905 199 79 72 
3 11 63 223 285 275 905 199 79 72 
3 11 63 223 285 276 905 199 79 72 
3 11 63 223 285 277 905 199 79 72 
3 11 63 223 285 278 905 199 79 72 
3 11 63 223 285 279 905 199 79 72 
3 11 63 223 285 280 905 199 79 72 
3 11 63 223 285 281 905 199 79 72 
3 11 63 223 285 282 905 199 79 72 
3 11 63 223 285 283 905 199 79 72 
3 11 63 223 285 284 905 199 79 72 
3 11 63 223 285 285 905 199 79 72 
4 11 49 275 323 275 712 203 274 76 
4 11 49 275 323 276 712 203 274 76 
4 11 49 275 323 277 712 203 274 76 
4 11 49 275 323 278 712 203 274 76 
4 11 49 275 323 279 712 203 274 76 
4 11 49 275 323 280 712 203 274 76 
4 11 49 275 323 281 712 203 274 76 
4 11 49 275 323 282 712 203 274 76 
4 11 49 275 323 283 712 203 274 76 
4 11 49 275 323 284 712 203 274 76 
4 11 49 275 323 285 712 203 274 76 
4 11 49 275 323 286 712 203 274 76 
4 11 49 275 323 287 712 203 274 76 
4 11 49 275 323 288 712 203 274 76 
4 11 49 275 323 289 712 203 274 76 
4 11 49 275 323 290 712 203 274 76 
4 11 49 275 323 291 712 203 274 76 
4 11 49 275 323 292 712 203 274 76 
4 11 49 275 323 293 712 203 274 76 
4 11 49 275 323 294 712 203 274 76 
4 11 49 275 323 295 712 203 274 76 
4 11 49 275 323 296 712 203 274 76 
4 11 49 275 323 297 712 203 274 76 
4 11 49 275 323 298 712 203 274 76 
4 11 49 275 323 299 712 203 274 76 
4 11 49 275 323 300 712 203 274 76 
4 11 49 275 323 301 712 203 274 76 
4 11 49 275 323 302 712 203 274 76 
4 11 49 275 323 303 712 203 274 76 
4 11 49 275 323 304 712 203 274 76 
4 11 49 275 323 305 712 203 274 76 
4 11 49 275 323 306 712 203 274 76 
4 11 49 275 323 307 712 203 274 76 
4 11 49 275 323 308 712 203 274 76 
4 11 49 275 323 309 712 203 274 76 
4 11 49 275 323 310 712 203 274 76 
4 11 49 275 323 311 712 203 274 76 
4 11 49 275 323 312 712 203 274 76 
4 11 49 275 323 313 712 203 274 76 
4 11 49 275 323 314 712 203 274 76 
4 11 49 275 323 315 712 203 274 76 
4 11 49 275 323 316 712 203 274 76 
4 11 49 275 323 317 712 203 274 76 
4 11 49 275 323 318 712 203 274 76 
4 11 49 275 323 319 712 203 274 76 
4 11 49 275 323 320 712 203 274 76 
4 11 49 275 323 321 712 203 274 76 
4 11 49 275 323 322 712 203 274 76 
4 11 49 275 323 323 712 203 274 76 
5 12 47 564 610 564 901 204 84 65 
5 12 47 564 610 565 901 204 84 65 
5 12 47 564 610 566 901 204 84 65 
5 12 47 564 610 567 901 204 84 65 
5 12 47 564 610 568 901 204 84 65 
5 12 47 564 610 569 901 204 84 65 
5 12 47 564 610 570 901 204 84 65 
5 12 47 564 610 571 901 204 84 65 
5 12 47 564 610 572 901 204 84 65 
5 12 47 564 610 573 901 204 84 65 
5 12 47 564 610 574 901 204 84 65 
5 12 47 564 610 575 901 204 84 65 
5 12 47 564 610 576 901 204 84 65 
5 12 47 564 610 577 901 204 84 65 
5 12 47 564 610 578 901 204 84 65 
5 12 47 564 610 579 901 204 84 65 
5 12 47 564 610 580 901 204 84 65 
5 12 47 564 610 581 901 204 84 65 
5 12 47 564 610 582 901 204 84 65 
5 12 47 564 610 583 901 204 84 65 
5 12 47 564 610 584 901 204 84 65 
5 12 47 564 610 585 901 204 84 65 
5 12 47 564 610 586 901 204 84 65 
5 12 47 564 610 587 901 204 84 65 
5 12 47 564 610 588 901 204 84 65 
5 12 47 564 610 589 901 204 84 65 
5 12 47 564 610 590 901 204 84 65 
5 12 47 564 610 591 901 204 84 65 
5 12 47 564 610 592 901 204 84 65 
5 12 47 564 610 593 901 204 84 65 
5 12 47 564 610 594 901 204 84 65 
5 12 47 564 610 595 901 204 84 65 
5 12 47 564 610 596 901 204 84 65 
5 12 47 564 610 597 901 204 84 65 
5 12 47 564 610 598 901 204 84 65 
5 12 47 564 610 599 901 204 84 65 
5 12 47 564 610 600 901 204 84 65 
5 12 47 564 610 601 901 204 84 65 
5 12 47 564 610 602 901 204 84 65 
5 12 47 564 610 603 901 204 84 65 
5 12 47 564 610 604 901 204 84 65 
5 12 47 564 610 605 901 204 84 65 
5 12 47 564 610 606 901 204 84 65 
5 12 47 564 610 607 901 204 84 65 
5 12 47 564 610 608 901 204 84 65 
5 12 47 564 610 609 901 204 84 65 
5 12 47 564 610 610 901 204 84 65 
6 9 275 624 898 624 893 195 60 93 
6 9 275 624 898 625 893 195 60 93 
6 9 275 624 898 626 891 195 60 93 
6 9 275 624 898 627 891 195 60 93 
6 9 275 624 898 628 888 195 62 93 
6 9 275 624 898 629 888 195 62 93 
6 9 275 624 898 630 888 195 60 93 
6 9 275 624 898 631 888 195 60 93 
6 9 275 624 898 632 886 195 60 93 
6 9 275 624 898 633 886 195 60 93 
6 9 275 624 898 634 884 195 60 93 
6 9 275 624 898 635 884 195 60 93 
6 9 275 624 898 636 881 195 62 93 
6 9 275 624 898 637 881 195 62 93 
6 9 275 624 898 638 881 195 60 93 
6 9 275 624 898 639 881 195 60 93 
6 9 275 624 898 640 879 195 60 93 
6 9 275 624 898 641 879 195 60 93 
6 9 275 624 898 642 877 195 60 93 
6 9 275 624 898 643 877 195 60 93 
6 9 275 624 898 644 875 195 60 93 
6 9 275 624 898 645 875 195 60 93 
6 9 275 624 898 646 872 195 62 93 
6 9 275 624 898 647 872 195 62 93 
6 9 275 624 898 648 872 197 62 93 
6 9 275 624 898 649 872 197 60 93 
6 9 275 624 898 650 870 197 60 93 
6 9 275 624 898 651 870 197 60 93 
6 9 275 624 898 652 868 197 60 93 
6 9 275 624 898 653 865 197 62 93 
6 9 275 624 898 654 865 197 62 93 
6 9 275 624 898 655 865 197 60 93 
6 9 275 624 898 656 863 197 60 93 
6 9 275 624 898 657 863 197 60 93 
6 9 275 624 898 658 861 197 60 93 
6 9 275 624 898 659 859 197 60 93 
6 9 275 624 898 660 859 197 60 93 
6 9 275 624 898 661 856 197 62 93 
6 9 275 624 898 662 856 197 60 93 
6 9 275 624 898 663 856 197 60 93 
6 9 275 624 898 664 854 197 60 93 
6 9 275 624 898 665 854 197 60 93 
6 9 275 624 898 666 852 197 60 93 
6 9 275 624 898 667 849 197 62 93 
6 9 275 624 898 668 849 197 62 93 
6 9 275 624 898 669 849 197 60 93 
6 9 275 624 898 670 847 197 60 93 
6 9 275 624 898 671 847 197 60 93 
6 9 275 624 898 672 845 197 60 93 
6 9 275 624 898 673 843 197 60 93 
6 9 275 624 898 674 843 199 60 93 
6 9 275 624 898 675 840 199 62 93 
6 9 275 624 898 676 840 199 60 93 
6 9 275 624 898 677 840 199 60 93 
6 9 275 624 898 678 838 199 60 93 
6 9 275 624 898 679 838 199 60 93 
6 9 275 624 898 680 836 199 60 93 
6 9 275 624 898 681 833 199 62 93 
6 9 275 624 898 682 833 199 62 93 
6 9 275 624 898 683 833 199 60 93 
6 9 275 624 898 684 831 199 60 93 
6 9 275 624 898 685 831 199 60 93 
6 9 275 624 898 686 829 199 60 93 
6 9 275 624 898 687 827 199 60 93 
6 9 275 624 898 688 827 199 60 93 
6 9 275 624 898 689 824 199 62 93 
6 9 275 624 898 690 824 199 60 93 
6 9 275 624 898 691 824 199 60 93 
6 9 275 624 898 692 822 199 60 93 
6 9 275 624 898 693 820 199 60 93 
6 9 275 624 898 694 820 199 60 93 
6 9 275 624 898 695 817 199 62 93 
6 9 275 624 898 696 817 199 62 93 
6 9 275 624 898 697 817 199 60 93 
6 9 275 624 898 698 815 199 60 93 
6 9 275 624 898 699 815 200 60 94 
6 9 275 624 898 700 813 200 60 94 
6 9 275 624 898 701 811 200 60 94 
6 9 275 624 898 702 811 200 60 94 
6 9 275 624 898 703 808 200 62 94 
6 9 275 624 898 704 808 200 60 94 
6 9 275 624 898 705 808 200 60 94 
6 9 275 624 898 706 806 200 60 94 
6 9 275 624 898 707 804 200 60 94 
6 9 275 624 898 708 804 200 60 94 
6 9 275 624 898 709 801 200 62 94 
6 9 275 624 898 710 801 200 62 94 
6 9 275 624 898 711 801 200 60 94 
6 9 275 624 898 712 799 200 60 94 
6 9 275 624 898 713 799 200 60 94 
6 9 275 624 898 714 797 200 60 94 
6 9 275 624 898 715 795 200 60 94 
6 9 275 624 898 716 795 200 60 94 
6 9 275 624 898 717 792 200 62 94 
6 9 275 624 898 718 792 200 60 94 
6 9 275 624 898 719 792 200 60 94 
6 9 275 624 898 720 790 200 60 94 
6 9 275 624 898 721 788 200 60 94 
6 9 275 624 898 722 788 200 60 94 
6 9 275 624 898 723 785 200 62 94 
6 9 275 624 898 724 785 202 62 93 
6 9 275 624 898 725 785 200 60 94 
6 9 275 624 898 726 783 200 60 94 
6 9 275 624 898 727 781 200 60 94 
6 9 275 624 898 728 781 200 60 94 
6 9 275 624 898 729 779 200 60 94 
6 9 275 624 898 730 776 200 62 94 
6 9 275 624 898 731 776 200 62 94 
6 9 275 624 898 732 776 200 60 94 
6 9 275 624 898 733 774 200 60 94 
6 9 275 624 898 734 774 200 60 94 
6 9 275 624 898 735 772 200 60 94 
6 9 275 624 898 736 769 200 62 94 
6 9 275 624 898 737 769 200 62 94 
6 9 275 624 898 738 769 200 60 94 
6 9 275 624 898 739 767 200 60 94 
6 9 275 624 898 740 765 200 60 94 
6 9 275 624 898 741 765 200 60 94 
6 9 275 624 898 742 763 200 60 94 
6 9 275 624 898 743 760 200 62 94 
6 9 275 624 898 744 760 200 62 94 
6 9 275 624 898 745 760 200 60 94 
6 9 275 624 898 746 758 200 60 94 
6 9 275 624 898 747 758 200 60 94 
6 9 275 624 898 748 756 200 60 94 
6 9 275 624 898 749 753 200 62 94 
6 9 275 624 898 750 753 200 62 94 
6 9 275 624 898 751 753 199 60 93 
6 9 275 624 898 752 751 199 60 93 
6 9 275 624 898 753 749 199 60 93 
6 9 275 624 898 754 749 199 60 93 
6 9 275 624 898 755 747 199 60 93 
6 9 275 624 898 756 744 199 62 93 
6 9 275 624 898 757 744 199 62 93 
6 9 275 624 898 758 744 199 60 93 
6 9 275 624 898 759 742 199 60 93 
6 9 275 624 898 760 742 199 60 93 
6 9 275 624 898 761 740 199 60 93 
6 9 275 624 898 762 737 199 62 93 
6 9 275 624 898 763 737 199 62 93 
6 9 275 624 898 764 737 199 60 93 
6 9 275 624 898 765 735 199 60 93 
6 9 275 624 898 766 733 199 60 93 
6 9 275 624 898 767 733 199 60 93 
6 9 275 624 898 768 731 199 60 93 
6 9 275 624 898 769 728 199 62 93 
6 9 275 624 898 770 728 199 62 93 
6 9 275 624 898 771 728 199 60 93 
6 9 275 624 898 772 726 199 60 93 
6 9 275 624 898 773 726 199 60 93 
6 9 275 624 898 774 724 199 60 93 
6 9 275 624 898 775 721 199 62 93 
6 9 275 624 898 776 721 199 62 93 
6 9 275 624 898 777 721 197 60 93 
6 9 275 624 898 778 719 197 60 93 
6 9 275 624 898 779 719 197 60 93 
6 9 275 624 898 780 717 197 60 93 
6 9 275 624 898 781 715 197 60 93 
6 9 275 624 898 782 715 197 60 93 
6 9 275 624 898 783 712 197 62 93 
6 9 275 624 898 784 712 197 60 93 
6 9 275 624 898 785 712 197 60 93 
6 9 275 624 898 786 710 197 60 93 
6 9 275 624 898 787 708 197 60 93 
6 9 275 624 898 788 708 197 60 93 
6 9 275 624 898 789 705 197 62 93 
6 9 275 624 898 790 705 197 60 93 
6 9 275 624 898 791 705 197 60 93 
6 9 275 624 898 792 703 197 60 93 
6 9 275 624 898 793 703 197 60 93 
6 9 275 624 898 794 701 197 60 93 
6 9 275 624 898 795 699 197 60 93 
6 9 275 624 898 796 696 197 62 93 
6 9 275 624 898 797 696 197 60 93 
6 9 275 624 898 798 696 197 60 93 
6 9 275 624 898 799 694 197 60 93 
6 9 275 624 898 800 692 197 60 93 
6 9 275 624 898 801 689 197 62 93 
6 9 275 624 898 802 689 197 62 93 
6 9 275 624 898 803 689 197 60 93 
6 9 275 624 898 804 687 197 60 93 
6 9 275 624 898 805 685 197 60 93 
6 9 275 624 898 806 685 197 60 93 
6 9 275 624 898 807 683 197 60 93 
6 9 275 624 898 808 680 197 62 93 
6 9 275 624 898 809 680 197 60 93 
6 9 275 624 898 810 680 197 60 93 
6 9 275 624 898 811 678 197 60 93 
6 9 275 624 898 812 676 197 60 93 
6 9 275 624 898 813 673 197 62 93 
6 9 275 624 898 814 673 197 62 93 
6 9 275 624 898 815 673 197 60 93 
6 9 275 624 898 816 671 197 60 93 
6 9 275 624 898 817 669 197 60 93 
6 9 275 624 898 818 667 197 60 93 
6 9 275 624 898 819 667 197 60 93 
6 9 275 624 898 820 664 197 62 93 
6 9 275 624 898 821 664 197 60 93 
6 9 275 624 898 822 662 197 60 93 
6 9 275 624 898 823 662 197 60 93 
6 9 275 624 898 824 660 197 60 93 
6 9 275 624 898 825 657 197 62 93 
6 9 275 624 898 826 657 197 60 93 
6 9 275 624 898 827 657 197 60 93 
6 9 275 624 898 828 655 199 60 93 
6 9 275 624 898 829 653 199 60 93 
6 9 275 624 898 830 651 199 60 93 
6 9 275 624 898 831 651 199 60 93 
6 9 275 624 898 832 648 199 62 93 
6 9 275 624 898 833 648 199 60 93 
6 9 275 624 898 834 646 199 60 93 
6 9 275 624 898 835 646 199 60 93 
6 9 275 624 898 836 644 199 60 93 
6 9 275 624 898 837 641 199 62 93 
6 9 275 624 898 838 641 199 60 93 
6 9 275 624 898 839 639 199 60 93 
6 9 275 624 898 840 639 199 60 93 
6 9 275 624 898 841 637 199 60 93 
6 9 275 624 898 842 635 199 60 93 
6 9 275 624 898 843 632 199 62 93 
6 9 275 624 898 844 632 199 62 93 
6 9 275 624 898 845 632 199 60 93 
6 9 275 624 898 846 630 199 60 93 
6 9 275 624 898 847 628 199 60 93 
6 9 275 624 898 848 628 199 60 93 
6 9 275 624 898 849 625 199 62 93 
6 9 275 624 898 850 625 199 60 93 
6 9 275 624 898 851 623 199 60 93 
6 9 275 624 898 852 623 199 60 93 
6 9 275 624 898 853 621 199 60 93 
6 9 275 624 898 854 619 199 60 93 
6 9 275 624 898 855 616 199 62 93 
6 9 275 624 898 856 616 199 62 93 
6 9 275 624 898 857 616 199 60 93 
6 9 275 624 898 858 614 199 60 93 
6 9 275 624 898 859 612 199 60 93 
6 9 275 624 898 860 609 199 62 93 
6 9 275 624 898 861 609 199 62 93 
6 9 275 624 898 862 609 199 60 93 
6 9 275 624 898 863 607 200 60 94 
6 9 275 624 898 864 605 200 60 94 
6 9 275 624 898 865 605 200 60 94 
6 9 275 624 898 866 603 200 60 94 
6 9 275 624 898 867 600 200 62 94 
6 9 275 624 898 868 600 200 60 94 
6 9 275 624 898 869 600 200 60 94 
6 9 275 624 898 870 598 200 60 94 
6 9 275 624 898 871 596 200 60 94 
6 9 275 624 898 872 593 200 62 94 
6 9 275 624 898 873 593 200 62 94 
6 9 275 624 898 874 593 200 60 94 
6 9 275 624 898 875 591 200 60 94 
6 9 275 624 898 876 589 200 60 94 
6 9 275 624 898 877 589 200 60 94 
6 9 275 624 898 878 587 200 60 94 
6 9 275 624 898 879 584 200 62 94 
6 9 275 624 898 880 584 200 60 94 
6 9 275 624 898 881 582 200 60 94 
6 9 275 624 898 882 582 200 60 94 
6 9 275 624 898 883 580 200 60 94 
6 9 275 624 898 884 577 200 62 94 
6 9 275 624 898 885 577 200 60 94 
6 9 275 624 898 886 577 200 60 94 
6 9 275 624 898 887 575 200 60 94 
6 9 275 624 898 888 573 200 60 94 
6 9 275 624 898 889 571 200 60 94 
6 9 275 624 898 890 571 200 60 94 
6 9 275 624 898 891 568 200 62 94 
6 9 275 624 898 892 568 200 60 94 
6 9 275 624 898 893 566 200 60 94 
6 9 275 624 898 894 566 200 60 94 
6 9 275 624 898 895 564 200 60 94 
6 9 275 624 898 896 561 200 62 94 
6 9 275 624 898 897 561 200 60 94 
6 9 275 624 898 898 561 202 60 93 
