2 12 65 222 286 222 879 192 115 88 
2 12 65 222 286 223 879 192 115 88 
2 12 65 222 286 224 879 192 115 88 
2 12 65 222 286 225 879 192 115 88 
2 12 65 222 286 226 879 192 115 88 
2 12 65 222 286 227 879 192 115 88 
2 12 65 222 286 228 879 192 115 88 
2 12 65 222 286 229 879 192 115 88 
2 12 65 222 286 230 879 192 115 88 
2 12 65 222 286 231 879 192 115 88 
2 12 65 222 286 232 879 192 115 88 
2 12 65 222 286 233 879 192 115 88 
2 12 65 222 286 234 879 192 115 88 
2 12 65 222 286 235 879 192 115 88 
2 12 65 222 286 236 879 192 115 88 
2 12 65 222 286 237 879 192 115 88 
2 12 65 222 286 238 879 192 115 88 
2 12 65 222 286 239 879 192 115 88 
2 12 65 222 286 240 879 192 115 88 
2 12 65 222 286 241 879 192 115 88 
2 12 65 222 286 242 879 192 115 88 
2 12 65 222 286 243 879 192 115 88 
2 12 65 222 286 244 879 192 115 88 
2 12 65 222 286 245 879 192 115 88 
2 12 65 222 286 246 879 192 115 88 
2 12 65 222 286 247 879 192 115 88 
2 12 65 222 286 248 879 192 115 88 
2 12 65 222 286 249 879 192 115 88 
2 12 65 222 286 250 879 192 115 88 
2 12 65 222 286 251 879 192 115 88 
2 12 65 222 286 252 879 192 115 88 
2 12 65 222 286 253 879 192 115 88 
2 12 65 222 286 254 879 192 115 88 
2 12 65 222 286 255 879 192 115 88 
2 12 65 222 286 256 879 192 115 88 
2 12 65 222 286 257 879 192 115 88 
2 12 65 222 286 258 879 192 115 88 
2 12 65 222 286 259 879 192 115 88 
2 12 65 222 286 260 879 192 115 88 
2 12 65 222 286 261 879 192 115 88 
2 12 65 222 286 262 879 192 115 88 
2 12 65 222 286 263 879 192 115 88 
2 12 65 222 286 264 879 192 115 88 
2 12 65 222 286 265 879 192 115 88 
2 12 65 222 286 266 879 192 115 88 
2 12 65 222 286 267 879 192 115 88 
2 12 65 222 286 268 879 192 115 88 
2 12 65 222 286 269 879 192 115 88 
2 12 65 222 286 270 879 192 115 88 
2 12 65 222 286 271 879 192 115 88 
2 12 65 222 286 272 879 192 115 88 
2 12 65 222 286 273 879 192 115 88 
2 12 65 222 286 274 879 192 115 88 
2 12 65 222 286 275 879 192 115 88 
2 12 65 222 286 276 879 192 115 88 
2 12 65 222 286 277 879 192 115 88 
2 12 65 222 286 278 879 192 115 88 
2 12 65 222 286 279 879 192 115 88 
2 12 65 222 286 280 879 192 115 88 
2 12 65 222 286 281 879 192 115 88 
2 12 65 222 286 282 879 192 115 88 
2 12 65 222 286 283 879 192 115 88 
2 12 65 222 286 284 879 192 115 88 
2 12 65 222 286 285 879 192 115 88 
2 12 65 222 286 286 879 192 115 88 
