0 9 290 0 289 0 141 386 78 141 
0 9 290 0 289 1 141 386 78 141 
0 9 290 0 289 2 141 386 78 141 
0 9 290 0 289 3 143 386 78 144 
0 9 290 0 289 4 143 388 78 141 
0 9 290 0 289 5 142 388 82 144 
0 9 290 0 289 6 145 388 78 144 
0 9 290 0 289 7 145 387 78 147 
0 9 290 0 289 8 144 390 82 144 
0 9 290 0 289 9 147 390 78 144 
0 9 290 0 289 10 146 389 82 147 
0 9 290 0 289 11 148 389 80 147 
0 9 290 0 289 12 148 391 80 145 
0 9 290 0 289 13 147 391 82 145 
0 9 290 0 289 14 150 391 78 148 
0 9 290 0 289 15 149 391 82 148 
0 9 290 0 289 16 149 392 82 147 
0 9 290 0 289 17 152 392 78 150 
0 9 290 0 289 18 151 392 82 150 
0 9 290 0 289 19 154 391 78 153 
0 9 290 0 289 20 153 394 82 150 
0 9 290 0 289 21 153 393 82 151 
0 9 290 0 289 22 156 393 78 151 
0 9 290 0 289 23 156 393 80 154 
0 9 290 0 289 24 156 395 80 151 
0 9 290 0 289 25 156 395 82 151 
0 9 290 0 289 26 156 395 82 154 
0 9 290 0 289 27 158 395 82 154 
0 9 290 0 289 28 158 397 82 154 
0 9 290 0 289 29 158 397 82 154 
0 9 290 0 289 30 160 396 82 157 
0 9 290 0 289 31 160 396 82 157 
0 9 290 0 289 32 159 398 86 156 
0 9 290 0 289 33 162 397 82 157 
0 9 290 0 289 34 162 397 82 157 
0 9 290 0 289 35 162 397 84 160 
0 9 290 0 289 36 163 399 82 157 
0 9 290 0 289 37 162 399 86 160 
0 9 290 0 289 38 165 399 82 160 
0 9 290 0 289 39 165 399 82 160 
0 9 290 0 289 40 164 401 86 160 
0 9 290 0 289 41 167 401 82 160 
0 9 290 0 289 42 166 401 86 162 
0 9 290 0 289 43 166 401 86 162 
0 9 290 0 289 44 169 403 82 162 
0 9 290 0 289 45 169 403 84 162 
0 9 290 0 289 46 172 402 80 165 
0 9 290 0 289 47 171 402 84 165 
0 9 290 0 289 48 171 405 84 162 
0 9 290 0 289 49 172 404 82 165 
0 9 290 0 289 50 171 404 86 165 
0 9 290 0 289 51 171 404 86 168 
0 9 290 0 289 52 173 405 86 166 
0 9 290 0 289 53 173 405 86 168 
0 9 290 0 289 54 175 405 86 168 
0 9 290 0 289 55 175 405 86 168 
0 9 290 0 289 56 175 407 86 168 
0 9 290 0 289 57 178 407 84 168 
0 9 290 0 289 58 178 406 84 171 
0 9 290 0 289 59 177 406 88 171 
0 9 290 0 289 60 178 408 86 171 
0 9 290 0 289 61 178 408 86 171 
0 9 290 0 289 62 177 408 90 171 
0 9 290 0 289 63 180 408 86 172 
0 9 290 0 289 64 179 410 90 169 
0 9 290 0 289 65 182 410 86 172 
0 9 290 0 289 66 182 410 86 172 
0 9 290 0 289 67 182 409 88 175 
0 9 290 0 289 68 185 411 84 174 
0 9 290 0 289 69 184 410 88 177 
0 9 290 0 289 70 184 410 88 177 
0 9 290 0 289 71 187 410 84 177 
0 9 290 0 289 72 186 412 88 177 
0 9 290 0 289 73 187 412 86 177 
0 9 290 0 289 74 186 412 90 178 
0 9 290 0 289 75 186 412 90 178 
0 9 290 0 289 76 189 414 86 178 
0 9 290 0 289 77 188 414 90 178 
0 9 290 0 289 78 188 414 90 178 
0 9 290 0 289 79 191 413 88 181 
0 9 290 0 289 80 191 416 88 178 
0 9 290 0 289 81 193 415 88 181 
0 9 290 0 289 82 193 415 88 181 
0 9 290 0 289 83 193 415 88 183 
0 9 290 0 289 84 193 418 90 180 
0 9 290 0 289 85 193 418 90 180 
0 9 290 0 289 86 192 417 94 183 
0 9 290 0 289 87 195 417 90 183 
0 9 290 0 289 88 195 418 90 184 
0 9 290 0 289 89 195 418 92 184 
0 9 290 0 289 90 198 417 88 187 
0 9 290 0 289 91 197 417 92 187 
0 9 290 0 289 92 200 419 88 187 
0 9 290 0 289 93 200 419 88 187 
0 9 290 0 289 94 199 419 92 187 
0 9 290 0 289 95 202 419 88 189 
0 9 290 0 289 96 201 422 92 186 
0 9 290 0 289 97 201 421 92 189 
0 9 290 0 289 98 202 421 90 189 
0 9 290 0 289 99 201 421 94 192 
0 9 290 0 289 100 204 423 90 189 
0 9 290 0 289 101 204 423 92 189 
0 9 290 0 289 102 204 423 92 192 
0 9 290 0 289 103 207 423 88 192 
0 9 290 0 289 104 206 424 92 192 
0 9 290 0 289 105 206 424 92 192 
0 9 290 0 289 106 208 423 92 195 
0 9 290 0 289 107 208 423 92 195 
0 9 290 0 289 108 208 425 94 195 
0 9 290 0 289 109 208 425 92 195 
0 9 290 0 289 110 208 425 92 198 
0 9 290 0 289 111 208 427 92 195 
0 9 290 0 289 112 208 427 92 198 
0 9 290 0 289 113 208 429 92 195 
0 9 290 0 289 114 206 429 92 196 
0 9 290 0 289 115 206 431 92 193 
0 9 290 0 289 116 206 431 92 196 
0 9 290 0 289 117 206 431 92 196 
0 9 290 0 289 118 206 432 92 198 
0 9 290 0 289 119 206 432 92 198 
0 9 290 0 289 120 204 434 92 198 
0 9 290 0 289 121 204 434 92 198 
0 9 290 0 289 122 204 436 92 196 
0 9 290 0 289 123 204 436 92 196 
0 9 290 0 289 124 204 435 92 199 
0 9 290 0 289 125 204 438 92 196 
0 9 290 0 289 126 201 437 94 199 
0 9 290 0 289 127 201 439 94 198 
0 9 290 0 289 128 201 438 94 201 
0 9 290 0 289 129 201 441 94 198 
0 9 290 0 289 130 201 440 94 201 
0 9 290 0 289 131 201 440 94 201 
0 9 290 0 289 132 201 442 92 199 
0 9 290 0 289 133 201 442 92 199 
0 9 290 0 289 134 201 444 92 199 
0 9 290 0 289 135 201 444 92 199 
0 9 290 0 289 136 201 446 92 199 
0 9 290 0 289 137 201 446 92 199 
0 9 290 0 289 138 199 446 92 202 
0 9 290 0 289 139 199 447 92 201 
0 9 290 0 289 140 199 447 92 202 
0 9 290 0 289 141 199 449 92 199 
0 9 290 0 289 142 199 449 92 202 
0 9 290 0 289 143 199 451 92 199 
0 9 290 0 289 144 197 451 92 202 
0 9 290 0 289 145 197 451 92 202 
0 9 290 0 289 146 197 453 92 202 
0 9 290 0 289 147 197 453 92 202 
0 9 290 0 289 148 197 454 92 204 
0 9 290 0 289 149 197 454 92 204 
0 9 290 0 289 150 195 456 92 202 
0 9 290 0 289 151 195 456 92 202 
0 9 290 0 289 152 195 455 92 205 
0 9 290 0 289 153 195 458 92 202 
0 9 290 0 289 154 195 457 92 205 
0 9 290 0 289 155 195 460 92 202 
0 9 290 0 289 156 192 459 94 205 
0 9 290 0 289 157 192 462 94 202 
0 9 290 0 289 158 192 462 94 204 
0 9 290 0 289 159 192 462 94 204 
0 9 290 0 289 160 192 462 94 205 
0 9 290 0 289 161 192 462 94 205 
0 9 290 0 289 162 192 464 92 205 
0 9 290 0 289 163 192 464 92 205 
0 9 290 0 289 164 192 466 92 205 
0 9 290 0 289 165 192 466 92 205 
0 9 290 0 289 166 192 466 92 208 
0 9 290 0 289 167 192 468 92 205 
0 9 290 0 289 168 190 468 92 207 
0 9 290 0 289 169 190 469 92 205 
0 9 290 0 289 170 190 469 92 208 
0 9 290 0 289 171 190 471 92 205 
0 9 290 0 289 172 190 471 92 208 
0 9 290 0 289 173 190 473 92 208 
0 9 290 0 289 174 188 473 92 210 
0 9 290 0 289 175 185 475 96 210 
0 9 290 0 289 176 184 474 96 213 
0 9 290 0 289 177 181 476 100 213 
0 9 290 0 289 178 182 477 96 214 
0 9 290 0 289 179 179 476 100 219 
0 9 290 0 289 180 177 478 100 219 
0 9 290 0 289 181 174 478 104 222 
0 9 290 0 289 182 174 480 104 220 
0 9 290 0 289 183 173 482 102 220 
0 9 290 0 289 184 170 481 106 223 
0 9 290 0 289 185 168 482 106 228 
0 9 290 0 289 186 165 481 110 229 
0 9 290 0 289 187 166 483 108 229 
0 9 290 0 289 188 164 485 110 229 
0 9 290 0 289 189 162 485 110 232 
0 9 290 0 289 190 159 487 114 231 
0 9 290 0 289 191 159 489 114 230 
0 9 290 0 289 192 157 489 114 230 
0 9 290 0 289 193 157 490 114 228 
0 9 290 0 289 194 157 489 114 229 
0 9 290 0 289 195 158 492 110 226 
0 9 290 0 289 196 158 494 110 224 
0 9 290 0 289 197 158 494 110 224 
0 9 290 0 289 198 156 496 112 222 
0 9 290 0 289 199 156 496 112 222 
0 9 290 0 289 200 156 497 112 221 
0 9 290 0 289 201 157 499 108 219 
0 9 290 0 289 202 157 499 108 219 
0 9 290 0 289 203 157 501 108 217 
0 9 290 0 289 204 156 501 106 217 
0 9 290 0 289 205 156 503 106 215 
0 9 290 0 289 206 156 506 106 212 
0 9 290 0 289 207 157 506 102 213 
0 9 290 0 289 208 157 507 102 211 
0 9 290 0 289 209 157 509 102 209 
0 9 290 0 289 210 155 509 102 209 
0 9 290 0 289 211 155 511 102 207 
0 9 290 0 289 212 155 511 102 207 
0 9 290 0 289 213 156 513 100 205 
0 9 290 0 289 214 156 514 100 204 
0 9 290 0 289 215 156 514 100 204 
0 9 290 0 289 216 154 516 100 202 
0 9 290 0 289 217 154 516 100 202 
0 9 290 0 289 218 154 518 100 200 
0 9 290 0 289 219 155 521 96 197 
0 9 290 0 289 220 155 521 96 197 
0 9 290 0 289 221 155 523 96 195 
0 9 290 0 289 222 153 523 96 195 
0 9 290 0 289 223 153 524 96 195 
0 9 290 0 289 224 153 526 96 192 
0 9 290 0 289 225 153 526 94 193 
0 9 290 0 289 226 153 528 94 190 
0 9 290 0 289 227 153 530 94 188 
0 9 290 0 289 228 153 530 94 188 
0 9 290 0 289 229 153 532 96 187 
0 9 290 0 289 230 153 534 96 184 
0 9 290 0 289 231 152 534 100 184 
0 9 290 0 289 232 152 537 100 182 
0 9 290 0 289 233 154 539 100 179 
0 9 290 0 289 234 154 539 100 179 
0 9 290 0 289 235 153 542 104 177 
0 9 290 0 289 236 152 543 106 175 
0 9 290 0 289 237 152 543 106 175 
0 9 290 0 289 238 151 545 110 173 
0 9 290 0 289 239 154 548 106 170 
0 9 290 0 289 240 153 550 110 168 
0 9 290 0 289 241 153 550 110 168 
0 9 290 0 289 242 152 551 114 167 
0 9 290 0 289 243 151 554 118 165 
0 9 290 0 289 244 154 554 114 165 
0 9 290 0 289 245 154 556 116 162 
0 9 290 0 289 246 154 559 116 160 
0 9 290 0 289 247 153 559 120 160 
0 9 290 0 289 248 153 561 120 157 
0 9 290 0 289 249 152 562 124 156 
0 9 290 0 289 250 153 562 122 156 
0 9 290 0 289 251 152 565 126 153 
0 9 290 0 289 252 152 567 128 151 
0 9 290 0 289 253 152 569 128 149 
0 9 290 0 289 254 151 569 132 149 
0 9 290 0 289 255 154 571 128 148 
0 9 290 0 289 256 153 573 132 145 
0 9 290 0 289 257 153 573 132 145 
0 9 290 0 289 258 152 576 136 143 
0 9 290 0 289 259 151 578 140 140 
0 9 290 0 289 260 151 578 140 140 
0 9 290 0 289 261 153 581 138 138 
0 9 290 0 289 262 153 582 138 136 
0 9 290 0 289 263 152 582 142 136 
0 9 290 0 289 264 152 584 142 134 
0 9 290 0 289 265 151 587 146 131 
0 9 290 0 289 266 153 589 146 129 
0 9 290 0 289 267 153 589 146 129 
0 9 290 0 289 268 156 590 144 128 
0 9 290 0 289 269 156 593 144 126 
0 9 290 0 289 270 156 595 146 123 
0 9 290 0 289 271 158 598 146 121 
0 9 290 0 289 272 158 598 146 121 
0 9 290 0 289 273 160 600 146 118 
0 9 290 0 289 274 162 601 146 117 
0 9 290 0 289 275 162 604 146 114 
0 9 290 0 289 276 163 606 146 112 
0 9 290 0 289 277 165 609 146 109 
0 9 290 0 289 278 165 609 146 109 
0 9 290 0 289 279 167 610 146 108 
0 9 290 0 289 280 167 613 146 106 
0 9 290 0 289 281 169 615 146 103 
0 9 290 0 289 282 172 618 144 101 
0 9 290 0 289 283 172 618 144 101 
0 9 290 0 289 284 172 620 146 98 
0 9 290 0 289 285 174 621 146 97 
0 9 290 0 289 286 174 624 146 94 
0 9 290 0 289 287 176 626 146 92 
0 9 290 0 289 288 178 629 146 89 
0 9 290 0 289 289 178 629 146 89 
1 9 537 0 536 0 506 211 50 81 
1 9 537 0 536 1 504 211 50 81 
1 9 537 0 536 2 502 211 50 81 
1 9 537 0 536 3 502 211 50 81 
1 9 537 0 536 4 500 211 50 81 
1 9 537 0 536 5 500 211 50 81 
1 9 537 0 536 6 500 211 48 81 
1 9 537 0 536 7 500 211 48 81 
1 9 537 0 536 8 497 211 50 81 
1 9 537 0 536 9 497 211 50 81 
1 9 537 0 536 10 495 211 50 81 
1 9 537 0 536 11 495 211 50 81 
1 9 537 0 536 12 493 211 50 81 
1 9 537 0 536 13 491 211 50 81 
1 9 537 0 536 14 491 211 50 81 
1 9 537 0 536 15 490 211 50 81 
1 9 537 0 536 16 490 211 50 81 
1 9 537 0 536 17 488 211 50 81 
1 9 537 0 536 18 488 211 50 81 
1 9 537 0 536 19 486 211 50 81 
1 9 537 0 536 20 486 211 50 81 
1 9 537 0 536 21 484 211 50 81 
1 9 537 0 536 22 484 211 50 81 
1 9 537 0 536 23 484 211 48 81 
1 9 537 0 536 24 481 211 50 81 
1 9 537 0 536 25 481 211 50 81 
1 9 537 0 536 26 479 211 50 81 
1 9 537 0 536 27 479 211 50 81 
1 9 537 0 536 28 477 211 50 81 
1 9 537 0 536 29 477 211 50 81 
1 9 537 0 536 30 475 211 50 81 
1 9 537 0 536 31 475 211 50 81 
1 9 537 0 536 32 474 211 50 81 
1 9 537 0 536 33 474 211 50 81 
1 9 537 0 536 34 472 211 50 81 
1 9 537 0 536 35 470 211 50 81 
1 9 537 0 536 36 470 211 50 81 
1 9 537 0 536 37 468 211 50 81 
1 9 537 0 536 38 468 211 50 81 
1 9 537 0 536 39 468 211 48 81 
1 9 537 0 536 40 468 211 48 81 
1 9 537 0 536 41 465 211 50 81 
1 9 537 0 536 42 465 211 50 81 
1 9 537 0 536 43 463 211 50 81 
1 9 537 0 536 44 463 211 50 81 
1 9 537 0 536 45 461 211 50 81 
1 9 537 0 536 46 459 211 50 81 
1 9 537 0 536 47 459 211 50 81 
1 9 537 0 536 48 458 211 50 81 
1 9 537 0 536 49 458 211 50 81 
1 9 537 0 536 50 456 211 50 81 
1 9 537 0 536 51 456 211 50 81 
1 9 537 0 536 52 454 211 50 81 
1 9 537 0 536 53 454 211 50 81 
1 9 537 0 536 54 452 211 50 81 
1 9 537 0 536 55 452 211 50 81 
1 9 537 0 536 56 452 211 48 81 
1 9 537 0 536 57 449 211 50 81 
1 9 537 0 536 58 449 211 50 81 
1 9 537 0 536 59 447 211 50 81 
1 9 537 0 536 60 447 211 50 81 
1 9 537 0 536 61 445 213 50 79 
1 9 537 0 536 62 445 213 50 79 
1 9 537 0 536 63 443 213 50 79 
1 9 537 0 536 64 443 213 50 79 
1 9 537 0 536 65 442 213 50 79 
1 9 537 0 536 66 442 213 50 79 
1 9 537 0 536 67 440 213 50 79 
1 9 537 0 536 68 438 213 50 79 
1 9 537 0 536 69 438 213 50 79 
1 9 537 0 536 70 436 213 50 79 
1 9 537 0 536 71 436 213 50 79 
1 9 537 0 536 72 436 213 48 79 
1 9 537 0 536 73 436 213 48 79 
1 9 537 0 536 74 433 213 50 79 
1 9 537 0 536 75 433 213 50 79 
1 9 537 0 536 76 431 213 50 79 
1 9 537 0 536 77 431 213 50 79 
1 9 537 0 536 78 429 213 50 79 
1 9 537 0 536 79 427 213 50 79 
1 9 537 0 536 80 427 213 50 79 
1 9 537 0 536 81 426 213 50 79 
1 9 537 0 536 82 426 213 50 79 
1 9 537 0 536 83 424 213 50 79 
1 9 537 0 536 84 424 213 50 79 
1 9 537 0 536 85 422 213 50 79 
1 9 537 0 536 86 422 213 50 79 
1 9 537 0 536 87 420 213 50 79 
1 9 537 0 536 88 420 213 50 79 
1 9 537 0 536 89 420 213 48 79 
1 9 537 0 536 90 417 213 50 79 
1 9 537 0 536 91 417 213 50 79 
1 9 537 0 536 92 415 213 50 79 
1 9 537 0 536 93 415 213 50 79 
1 9 537 0 536 94 413 213 50 79 
1 9 537 0 536 95 413 213 50 79 
1 9 537 0 536 96 411 213 50 79 
1 9 537 0 536 97 411 213 50 79 
1 9 537 0 536 98 410 213 50 79 
1 9 537 0 536 99 410 213 50 79 
1 9 537 0 536 100 408 213 50 79 
1 9 537 0 536 101 406 213 50 79 
1 9 537 0 536 102 406 213 50 79 
1 9 537 0 536 103 404 213 50 79 
1 9 537 0 536 104 404 213 50 79 
1 9 537 0 536 105 404 213 48 79 
1 9 537 0 536 106 404 213 48 79 
1 9 537 0 536 107 401 213 50 79 
1 9 537 0 536 108 401 213 50 79 
1 9 537 0 536 109 399 213 50 79 
1 9 537 0 536 110 399 213 50 79 
1 9 537 0 536 111 397 213 50 79 
1 9 537 0 536 112 395 213 50 79 
1 9 537 0 536 113 395 213 50 79 
1 9 537 0 536 114 394 213 50 79 
1 9 537 0 536 115 394 213 50 79 
1 9 537 0 536 116 392 213 50 79 
1 9 537 0 536 117 392 213 50 79 
1 9 537 0 536 118 390 213 50 79 
1 9 537 0 536 119 390 213 50 79 
1 9 537 0 536 120 388 213 50 79 
1 9 537 0 536 121 388 215 50 79 
1 9 537 0 536 122 388 213 48 79 
1 9 537 0 536 123 385 213 50 79 
1 9 537 0 536 124 383 213 50 79 
1 9 537 0 536 125 381 213 50 79 
1 9 537 0 536 126 379 211 50 81 
1 9 537 0 536 127 378 211 50 81 
1 9 537 0 536 128 376 211 50 81 
1 9 537 0 536 129 374 211 50 81 
1 9 537 0 536 130 374 211 50 81 
1 9 537 0 536 131 372 211 50 81 
1 9 537 0 536 132 372 211 50 81 
1 9 537 0 536 133 372 211 48 81 
1 9 537 0 536 134 372 211 48 81 
1 9 537 0 536 135 372 211 48 81 
1 9 537 0 536 136 369 211 50 81 
1 9 537 0 536 137 369 211 50 81 
1 9 537 0 536 138 369 211 50 82 
1 9 537 0 536 139 367 211 50 82 
1 9 537 0 536 140 367 211 50 82 
1 9 537 0 536 141 364 211 54 82 
1 9 537 0 536 142 365 213 50 79 
1 9 537 0 536 143 365 213 50 79 
1 9 537 0 536 144 362 213 54 79 
1 9 537 0 536 145 363 213 50 79 
1 9 537 0 536 146 363 213 50 82 
1 9 537 0 536 147 362 213 52 82 
1 9 537 0 536 148 362 213 50 82 
1 9 537 0 536 149 359 213 54 82 
1 9 537 0 536 150 359 213 54 82 
1 9 537 0 536 151 360 213 50 82 
1 9 537 0 536 152 357 213 54 82 
1 9 537 0 536 153 357 215 54 82 
1 9 537 0 536 154 358 215 50 82 
1 9 537 0 536 155 355 215 54 82 
1 9 537 0 536 156 356 215 50 82 
1 9 537 0 536 157 356 215 50 82 
1 9 537 0 536 158 355 215 52 82 
1 9 537 0 536 159 356 215 48 82 
1 9 537 0 536 160 353 215 52 82 
1 9 537 0 536 161 353 214 52 85 
1 9 537 0 536 162 353 214 50 85 
1 9 537 0 536 163 350 214 54 85 
1 9 537 0 536 164 350 214 54 85 
1 9 537 0 536 165 351 217 50 82 
1 9 537 0 536 166 348 217 54 82 
1 9 537 0 536 167 348 217 54 82 
1 9 537 0 536 168 346 217 54 82 
1 9 537 0 536 169 346 216 54 85 
1 9 537 0 536 170 346 216 54 85 
1 9 537 0 536 171 346 216 52 85 
1 9 537 0 536 172 346 216 52 85 
1 9 537 0 536 173 346 216 52 85 
1 9 537 0 536 174 343 216 54 85 
1 9 537 0 536 175 343 216 54 85 
1 9 537 0 536 176 343 217 54 85 
1 9 537 0 536 177 341 217 54 85 
1 9 537 0 536 178 341 217 54 85 
1 9 537 0 536 179 341 217 54 85 
1 9 537 0 536 180 339 217 54 88 
1 9 537 0 536 181 339 219 54 85 
1 9 537 0 536 182 339 219 54 85 
1 9 537 0 536 183 339 219 52 85 
1 9 537 0 536 184 339 219 52 88 
1 9 537 0 536 185 339 219 52 88 
1 9 537 0 536 186 337 221 52 85 
1 9 537 0 536 187 337 221 52 85 
1 9 537 0 536 188 337 221 52 88 
1 9 537 0 536 189 334 221 54 88 
1 9 537 0 536 190 334 223 54 85 
1 9 537 0 536 191 334 223 54 85 
1 9 537 0 536 192 332 223 54 87 
1 9 537 0 536 193 332 223 54 87 
1 9 537 0 536 194 332 223 54 87 
1 9 537 0 536 195 332 226 54 84 
1 9 537 0 536 196 330 225 54 87 
1 9 537 0 536 197 330 225 54 87 
1 9 537 0 536 198 330 225 54 87 
1 9 537 0 536 199 330 225 52 87 
1 9 537 0 536 200 330 226 52 88 
1 9 537 0 536 201 330 226 52 88 
1 9 537 0 536 202 327 226 54 88 
1 9 537 0 536 203 327 226 54 88 
1 9 537 0 536 204 327 228 54 88 
1 9 537 0 536 205 325 228 54 88 
1 9 537 0 536 206 325 228 54 88 
1 9 537 0 536 207 325 228 54 88 
1 9 537 0 536 208 323 227 54 91 
1 9 537 0 536 209 323 230 54 88 
1 9 537 0 536 210 323 230 54 88 
1 9 537 0 536 211 323 230 54 88 
1 9 537 0 536 212 323 230 52 90 
1 9 537 0 536 213 323 230 52 90 
1 9 537 0 536 214 323 232 52 87 
1 9 537 0 536 215 321 232 52 87 
1 9 537 0 536 216 321 232 52 90 
1 9 537 0 536 217 321 232 52 90 
1 9 537 0 536 218 318 233 54 88 
1 9 537 0 536 219 318 233 54 88 
1 9 537 0 536 220 318 232 54 91 
1 9 537 0 536 221 316 232 54 91 
1 9 537 0 536 222 316 232 54 91 
1 9 537 0 536 223 316 235 54 88 
1 9 537 0 536 224 314 234 54 91 
1 9 537 0 536 225 314 234 54 91 
1 9 537 0 536 226 314 234 54 91 
1 9 537 0 536 227 314 237 54 90 
1 9 537 0 536 228 314 237 52 90 
1 9 537 0 536 229 314 237 52 90 
1 9 537 0 536 230 311 237 54 90 
1 9 537 0 536 231 311 237 54 90 
1 9 537 0 536 232 309 237 54 90 
1 9 537 0 536 233 309 237 54 90 
1 9 537 0 536 234 307 237 54 90 
1 9 537 0 536 235 307 237 54 90 
1 9 537 0 536 236 307 237 52 90 
1 9 537 0 536 237 307 237 52 90 
1 9 537 0 536 238 305 236 52 93 
1 9 537 0 536 239 305 236 52 93 
1 9 537 0 536 240 302 236 54 93 
1 9 537 0 536 241 302 236 54 93 
1 9 537 0 536 242 300 239 54 90 
1 9 537 0 536 243 300 239 54 90 
1 9 537 0 536 244 298 239 54 90 
1 9 537 0 536 245 298 239 54 90 
1 9 537 0 536 246 298 239 52 90 
1 9 537 0 536 247 298 239 52 90 
1 9 537 0 536 248 295 239 54 90 
1 9 537 0 536 249 295 238 54 93 
1 9 537 0 536 250 292 238 58 93 
1 9 537 0 536 251 293 238 54 93 
1 9 537 0 536 252 290 238 58 93 
1 9 537 0 536 253 291 238 54 93 
1 9 537 0 536 254 290 238 56 93 
1 9 537 0 536 255 291 238 52 93 
1 9 537 0 536 256 288 238 56 93 
1 9 537 0 536 257 289 241 52 90 
1 9 537 0 536 258 286 241 56 90 
1 9 537 0 536 259 286 241 54 90 
1 9 537 0 536 260 283 240 58 93 
1 9 537 0 536 261 284 240 54 93 
1 9 537 0 536 262 281 240 58 93 
1 9 537 0 536 263 282 240 54 93 
1 9 537 0 536 264 281 240 56 93 
1 9 537 0 536 265 282 240 52 93 
1 9 537 0 536 266 279 240 56 93 
1 9 537 0 536 267 279 240 54 93 
1 9 537 0 536 268 276 240 58 93 
1 9 537 0 536 269 277 240 54 93 
1 9 537 0 536 270 274 240 58 93 
1 9 537 0 536 271 274 241 58 94 
1 9 537 0 536 272 274 241 56 94 
1 9 537 0 536 273 274 241 56 94 
1 9 537 0 536 274 274 241 56 94 
1 9 537 0 536 275 271 241 60 96 
1 9 537 0 536 276 272 243 56 93 
1 9 537 0 536 277 272 243 56 93 
1 9 537 0 536 278 272 243 56 93 
1 9 537 0 536 279 269 243 60 96 
1 9 537 0 536 280 270 245 56 93 
1 9 537 0 536 281 270 245 56 93 
1 9 537 0 536 282 267 245 60 96 
1 9 537 0 536 283 267 245 60 96 
1 9 537 0 536 284 267 247 58 93 
1 9 537 0 536 285 267 247 58 93 
1 9 537 0 536 286 264 247 62 96 
1 9 537 0 536 287 264 247 62 96 
1 9 537 0 536 288 265 248 58 94 
1 9 537 0 536 289 265 248 58 94 
1 9 537 0 536 290 264 248 60 96 
1 9 537 0 536 291 264 248 60 96 
1 9 537 0 536 292 265 250 56 93 
1 9 537 0 536 293 262 250 60 96 
1 9 537 0 536 294 262 250 60 96 
1 9 537 0 536 295 262 250 60 96 
1 9 537 0 536 296 263 252 56 93 
1 9 537 0 536 297 260 252 60 96 
1 9 537 0 536 298 260 252 60 96 
1 9 537 0 536 299 260 252 60 96 
1 9 537 0 536 300 260 254 60 96 
1 9 537 0 536 301 257 254 62 96 
1 9 537 0 536 302 257 254 62 96 
1 9 537 0 536 303 256 254 64 96 
1 9 537 0 536 304 257 256 60 96 
1 9 537 0 536 305 257 256 60 96 
1 9 537 0 536 306 254 256 64 96 
1 9 537 0 536 307 255 255 60 97 
1 9 537 0 536 308 255 257 60 96 
1 9 537 0 536 309 252 257 64 96 
1 9 537 0 536 310 253 256 60 99 
1 9 537 0 536 311 250 256 64 99 
1 9 537 0 536 312 250 259 64 96 
1 9 537 0 536 313 251 258 60 99 
1 9 537 0 536 314 248 258 64 99 
1 9 537 0 536 315 248 258 64 99 
1 9 537 0 536 316 248 260 62 99 
1 9 537 0 536 317 247 260 64 99 
1 9 537 0 536 318 247 260 64 99 
1 9 537 0 536 319 244 260 68 99 
1 9 537 0 536 320 245 262 64 97 
1 9 537 0 536 321 245 262 64 97 
1 9 537 0 536 322 242 262 68 97 
1 9 537 0 536 323 243 262 64 100 
1 9 537 0 536 324 243 263 64 99 
1 9 537 0 536 325 240 263 68 99 
1 9 537 0 536 326 241 263 64 102 
1 9 537 0 536 327 239 263 66 102 
1 9 537 0 536 328 239 265 66 99 
1 9 537 0 536 329 240 265 64 102 
1 9 537 0 536 330 237 265 68 102 
1 9 537 0 536 331 237 265 68 102 
1 9 537 0 536 332 238 267 64 102 
1 9 537 0 536 333 235 267 68 102 
1 9 537 0 536 334 235 267 68 102 
1 9 537 0 536 335 235 269 68 100 
1 9 537 0 536 336 235 269 68 100 
1 9 537 0 536 337 235 269 68 100 
1 9 537 0 536 338 235 271 68 97 
1 9 537 0 536 339 233 271 68 97 
1 9 537 0 536 340 234 271 64 97 
1 9 537 0 536 341 231 271 68 97 
1 9 537 0 536 342 232 271 64 97 
1 9 537 0 536 343 230 271 66 97 
1 9 537 0 536 344 231 271 64 97 
1 9 537 0 536 345 228 271 68 97 
1 9 537 0 536 346 229 271 64 100 
1 9 537 0 536 347 226 271 68 100 
1 9 537 0 536 348 227 271 64 100 
1 9 537 0 536 349 224 271 68 100 
1 9 537 0 536 350 225 271 64 100 
1 9 537 0 536 351 223 271 66 100 
1 9 537 0 536 352 224 271 64 100 
1 9 537 0 536 353 221 272 68 102 
1 9 537 0 536 354 222 272 64 102 
1 9 537 0 536 355 220 272 64 102 
1 9 537 0 536 356 220 272 64 102 
1 9 537 0 536 357 218 272 64 102 
1 9 537 0 536 358 218 272 64 102 
1 9 537 0 536 359 216 272 64 102 
1 9 537 0 536 360 216 272 64 102 
1 9 537 0 536 361 215 271 64 105 
1 9 537 0 536 362 215 271 64 105 
1 9 537 0 536 363 213 271 64 105 
1 9 537 0 536 364 213 271 64 105 
1 9 537 0 536 365 211 271 64 105 
1 9 537 0 536 366 211 271 64 105 
1 9 537 0 536 367 209 271 64 105 
1 9 537 0 536 368 209 273 64 103 
1 9 537 0 536 369 208 271 64 105 
1 9 537 0 536 370 205 271 68 105 
1 9 537 0 536 371 205 271 68 105 
1 9 537 0 536 372 202 271 72 105 
1 9 537 0 536 373 200 271 72 105 
1 9 537 0 536 374 200 271 72 105 
1 9 537 0 536 375 197 271 76 105 
1 9 537 0 536 376 195 271 78 105 
1 9 537 0 536 377 195 271 78 105 
1 9 537 0 536 378 193 271 78 105 
1 9 537 0 536 379 193 273 78 103 
1 9 537 0 536 380 193 275 78 103 
1 9 537 0 536 381 193 277 78 103 
1 9 537 0 536 382 191 277 78 103 
1 9 537 0 536 383 191 278 78 105 
1 9 537 0 536 384 191 280 78 105 
1 9 537 0 536 385 191 282 78 103 
1 9 537 0 536 386 191 284 78 103 
1 9 537 0 536 387 189 284 78 103 
1 9 537 0 536 388 189 284 78 103 
1 9 537 0 536 389 189 284 78 106 
1 9 537 0 536 390 188 286 78 103 
1 9 537 0 536 391 188 286 78 103 
1 9 537 0 536 392 188 286 78 106 
1 9 537 0 536 393 188 287 78 105 
1 9 537 0 536 394 186 287 78 105 
1 9 537 0 536 395 186 287 78 106 
1 9 537 0 536 396 186 289 78 103 
1 9 537 0 536 397 184 289 78 106 
1 9 537 0 536 398 184 289 78 106 
1 9 537 0 536 399 184 289 78 106 
1 9 537 0 536 400 184 291 78 106 
1 9 537 0 536 401 182 291 78 106 
1 9 537 0 536 402 182 291 78 106 
1 9 537 0 536 403 182 293 78 106 
1 9 537 0 536 404 180 293 80 106 
1 9 537 0 536 405 180 292 80 109 
1 9 537 0 536 406 180 294 80 108 
1 9 537 0 536 407 180 294 80 108 
1 9 537 0 536 408 179 293 78 109 
1 9 537 0 536 409 179 296 78 106 
1 9 537 0 536 410 179 296 78 106 
1 9 537 0 536 411 177 295 78 109 
1 9 537 0 536 412 177 295 78 109 
1 9 537 0 536 413 177 298 78 106 
1 9 537 0 536 414 177 297 78 109 
1 9 537 0 536 415 175 297 78 109 
1 9 537 0 536 416 175 299 78 109 
1 9 537 0 536 417 175 299 78 109 
1 9 537 0 536 418 173 299 78 109 
1 9 537 0 536 419 173 302 78 108 
1 9 537 0 536 420 173 302 78 108 
1 9 537 0 536 421 173 302 78 108 
1 9 537 0 536 422 172 301 78 111 
1 9 537 0 536 423 172 302 78 109 
1 9 537 0 536 424 172 302 78 112 
1 9 537 0 536 425 170 302 78 112 
1 9 537 0 536 426 170 304 78 109 
1 9 537 0 536 427 170 304 78 112 
1 9 537 0 536 428 170 304 78 112 
1 9 537 0 536 429 168 306 78 109 
1 9 537 0 536 430 168 306 78 112 
1 9 537 0 536 431 168 306 78 112 
1 9 537 0 536 432 168 308 78 111 
1 9 537 0 536 433 166 308 78 111 
1 9 537 0 536 434 164 308 80 111 
1 9 537 0 536 435 164 308 80 114 
1 9 537 0 536 436 163 309 78 112 
1 9 537 0 536 437 163 309 78 112 
1 9 537 0 536 438 161 308 78 115 
1 9 537 0 536 439 161 311 78 112 
1 9 537 0 536 440 159 311 78 112 
1 9 537 0 536 441 157 310 78 115 
1 9 537 0 536 442 157 310 78 115 
1 9 537 0 536 443 156 313 78 112 
1 9 537 0 536 444 156 313 78 114 
1 9 537 0 536 445 154 313 78 114 
1 9 537 0 536 446 154 315 78 114 
1 9 537 0 536 447 152 315 78 114 
1 9 537 0 536 448 152 315 78 114 
1 9 537 0 536 449 150 315 78 114 
1 9 537 0 536 450 150 315 78 114 
1 9 537 0 536 451 148 315 80 114 
1 9 537 0 536 452 148 317 80 114 
1 9 537 0 536 453 147 317 78 114 
1 9 537 0 536 454 147 317 78 114 
1 9 537 0 536 455 145 317 78 114 
1 9 537 0 536 456 145 317 78 114 
1 9 537 0 536 457 143 317 78 115 
1 9 537 0 536 458 143 317 78 115 
1 9 537 0 536 459 141 317 78 115 
1 9 537 0 536 460 141 317 78 115 
1 9 537 0 536 461 140 317 78 115 
1 9 537 0 536 462 140 317 78 115 
1 9 537 0 536 463 138 319 78 115 
1 9 537 0 536 464 138 319 78 115 
1 9 537 0 536 465 136 319 78 115 
1 9 537 0 536 466 136 319 78 115 
1 9 537 0 536 467 134 319 78 115 
1 9 537 0 536 468 134 322 78 114 
1 9 537 0 536 469 132 322 80 114 
1 9 537 0 536 470 132 322 80 114 
1 9 537 0 536 471 131 322 78 114 
1 9 537 0 536 472 131 322 78 114 
1 9 537 0 536 473 131 322 78 114 
1 9 537 0 536 474 129 322 78 114 
1 9 537 0 536 475 129 322 78 114 
1 9 537 0 536 476 127 322 78 114 
1 9 537 0 536 477 127 322 78 114 
1 9 537 0 536 478 127 322 78 114 
1 9 537 0 536 479 125 322 78 114 
1 9 537 0 536 480 125 322 78 114 
1 9 537 0 536 481 124 322 78 114 
1 9 537 0 536 482 124 322 78 114 
1 9 537 0 536 483 124 322 78 114 
1 9 537 0 536 484 122 322 78 114 
1 9 537 0 536 485 122 322 78 114 
1 9 537 0 536 486 120 322 78 114 
1 9 537 0 536 487 120 322 78 114 
1 9 537 0 536 488 120 322 78 114 
1 9 537 0 536 489 118 322 78 114 
1 9 537 0 536 490 118 322 78 114 
1 9 537 0 536 491 116 322 80 114 
1 9 537 0 536 492 116 322 80 114 
1 9 537 0 536 493 116 322 80 114 
1 9 537 0 536 494 115 322 78 114 
1 9 537 0 536 495 115 322 78 114 
1 9 537 0 536 496 113 322 78 114 
1 9 537 0 536 497 113 322 78 114 
1 9 537 0 536 498 113 322 78 114 
1 9 537 0 536 499 111 324 78 114 
1 9 537 0 536 500 111 324 78 115 
1 9 537 0 536 501 111 326 78 115 
1 9 537 0 536 502 109 329 78 114 
1 9 537 0 536 503 109 331 78 114 
1 9 537 0 536 504 109 333 78 114 
1 9 537 0 536 505 108 333 78 115 
1 9 537 0 536 506 108 335 78 115 
1 9 537 0 536 507 108 338 78 114 
1 9 537 0 536 508 108 340 78 115 
1 9 537 0 536 509 106 340 78 115 
1 9 537 0 536 510 106 340 78 115 
1 9 537 0 536 511 104 340 78 115 
1 9 537 0 536 512 104 342 78 115 
1 9 537 0 536 513 104 342 78 115 
1 9 537 0 536 514 102 342 78 115 
1 9 537 0 536 515 102 345 78 114 
1 9 537 0 536 516 100 345 80 114 
1 9 537 0 536 517 100 345 80 114 
1 9 537 0 536 518 100 347 80 114 
1 9 537 0 536 519 99 347 78 114 
1 9 537 0 536 520 99 349 78 114 
1 9 537 0 536 521 99 349 78 114 
1 9 537 0 536 522 97 349 78 115 
1 9 537 0 536 523 97 349 78 115 
1 9 537 0 536 524 97 351 78 115 
1 9 537 0 536 525 95 351 78 115 
1 9 537 0 536 526 95 354 78 114 
1 9 537 0 536 527 95 354 78 114 
1 9 537 0 536 528 95 356 78 114 
1 9 537 0 536 529 93 356 78 114 
1 9 537 0 536 530 93 356 78 114 
1 9 537 0 536 531 92 356 78 115 
1 9 537 0 536 532 92 356 78 115 
1 9 537 0 536 533 92 356 78 115 
1 9 537 0 536 534 90 358 78 115 
1 9 537 0 536 535 90 358 78 115 
1 9 537 0 536 536 90 361 78 114 
2 9 537 0 536 0 622 207 46 61 
2 9 537 0 536 1 622 207 46 61 
2 9 537 0 536 2 622 207 46 61 
2 9 537 0 536 3 622 207 46 61 
2 9 537 0 536 4 622 207 46 61 
2 9 537 0 536 5 622 207 46 61 
2 9 537 0 536 6 622 207 46 61 
2 9 537 0 536 7 622 207 46 61 
2 9 537 0 536 8 622 207 46 61 
2 9 537 0 536 9 622 207 46 61 
2 9 537 0 536 10 622 207 46 61 
2 9 537 0 536 11 622 207 46 61 
2 9 537 0 536 12 622 207 46 61 
2 9 537 0 536 13 622 207 46 61 
2 9 537 0 536 14 622 207 46 61 
2 9 537 0 536 15 622 207 46 61 
2 9 537 0 536 16 622 207 46 61 
2 9 537 0 536 17 622 207 46 61 
2 9 537 0 536 18 622 207 46 61 
2 9 537 0 536 19 622 207 46 61 
2 9 537 0 536 20 622 207 46 61 
2 9 537 0 536 21 622 207 46 61 
2 9 537 0 536 22 622 207 46 61 
2 9 537 0 536 23 622 207 46 61 
2 9 537 0 536 24 622 207 46 61 
2 9 537 0 536 25 622 207 46 61 
2 9 537 0 536 26 622 207 46 61 
2 9 537 0 536 27 622 207 46 61 
2 9 537 0 536 28 622 207 46 61 
2 9 537 0 536 29 622 207 46 61 
2 9 537 0 536 30 622 207 46 61 
2 9 537 0 536 31 622 207 46 61 
2 9 537 0 536 32 622 207 46 61 
2 9 537 0 536 33 622 207 46 61 
2 9 537 0 536 34 622 207 46 61 
2 9 537 0 536 35 622 207 46 61 
2 9 537 0 536 36 622 207 46 61 
2 9 537 0 536 37 622 207 46 61 
2 9 537 0 536 38 622 207 46 61 
2 9 537 0 536 39 622 207 46 61 
2 9 537 0 536 40 622 207 46 61 
2 9 537 0 536 41 622 207 46 61 
2 9 537 0 536 42 622 207 46 61 
2 9 537 0 536 43 622 207 46 61 
2 9 537 0 536 44 622 207 46 61 
2 9 537 0 536 45 622 207 46 61 
2 9 537 0 536 46 622 207 46 61 
2 9 537 0 536 47 622 207 46 61 
2 9 537 0 536 48 622 207 46 61 
2 9 537 0 536 49 622 207 46 61 
2 9 537 0 536 50 622 207 46 61 
2 9 537 0 536 51 622 207 46 61 
2 9 537 0 536 52 622 207 46 61 
2 9 537 0 536 53 622 207 46 61 
2 9 537 0 536 54 622 207 46 61 
2 9 537 0 536 55 622 207 46 61 
2 9 537 0 536 56 622 207 46 61 
2 9 537 0 536 57 622 207 46 61 
2 9 537 0 536 58 622 207 46 61 
2 9 537 0 536 59 622 207 46 61 
2 9 537 0 536 60 622 207 46 61 
2 9 537 0 536 61 622 207 46 61 
2 9 537 0 536 62 622 207 46 61 
2 9 537 0 536 63 622 207 46 61 
2 9 537 0 536 64 622 207 46 61 
2 9 537 0 536 65 622 207 46 61 
2 9 537 0 536 66 622 207 46 61 
2 9 537 0 536 67 622 207 46 61 
2 9 537 0 536 68 622 207 46 61 
2 9 537 0 536 69 622 207 46 61 
2 9 537 0 536 70 622 207 46 61 
2 9 537 0 536 71 622 207 46 61 
2 9 537 0 536 72 622 207 46 61 
2 9 537 0 536 73 622 207 46 61 
2 9 537 0 536 74 622 207 46 61 
2 9 537 0 536 75 622 207 46 61 
2 9 537 0 536 76 622 207 46 61 
2 9 537 0 536 77 622 207 46 61 
2 9 537 0 536 78 622 207 46 61 
2 9 537 0 536 79 622 207 46 61 
2 9 537 0 536 80 622 207 46 61 
2 9 537 0 536 81 622 207 46 61 
2 9 537 0 536 82 622 207 46 61 
2 9 537 0 536 83 622 207 46 61 
2 9 537 0 536 84 622 207 46 61 
2 9 537 0 536 85 622 207 46 61 
2 9 537 0 536 86 622 207 46 61 
2 9 537 0 536 87 622 207 46 61 
2 9 537 0 536 88 622 207 46 61 
2 9 537 0 536 89 622 207 46 61 
2 9 537 0 536 90 622 207 46 61 
2 9 537 0 536 91 622 207 46 61 
2 9 537 0 536 92 622 207 46 61 
2 9 537 0 536 93 622 207 46 61 
2 9 537 0 536 94 622 207 46 61 
2 9 537 0 536 95 622 207 46 61 
2 9 537 0 536 96 622 207 46 61 
2 9 537 0 536 97 622 207 46 61 
2 9 537 0 536 98 622 207 46 61 
2 9 537 0 536 99 622 207 46 61 
2 9 537 0 536 100 622 207 46 61 
2 9 537 0 536 101 622 207 46 61 
2 9 537 0 536 102 622 207 46 61 
2 9 537 0 536 103 622 207 46 61 
2 9 537 0 536 104 622 207 46 61 
2 9 537 0 536 105 622 207 46 61 
2 9 537 0 536 106 622 207 46 61 
2 9 537 0 536 107 622 207 46 61 
2 9 537 0 536 108 622 207 46 61 
2 9 537 0 536 109 622 207 46 61 
2 9 537 0 536 110 622 207 46 61 
2 9 537 0 536 111 622 207 46 61 
2 9 537 0 536 112 622 207 46 61 
2 9 537 0 536 113 622 207 46 61 
2 9 537 0 536 114 622 207 46 61 
2 9 537 0 536 115 622 207 46 61 
2 9 537 0 536 116 622 207 46 61 
2 9 537 0 536 117 622 207 46 61 
2 9 537 0 536 118 622 207 46 61 
2 9 537 0 536 119 622 207 46 61 
2 9 537 0 536 120 622 207 46 61 
2 9 537 0 536 121 622 207 46 61 
2 9 537 0 536 122 622 207 46 61 
2 9 537 0 536 123 622 207 46 61 
2 9 537 0 536 124 622 207 46 61 
2 9 537 0 536 125 622 207 46 61 
2 9 537 0 536 126 622 207 46 61 
2 9 537 0 536 127 622 207 46 61 
2 9 537 0 536 128 622 207 46 61 
2 9 537 0 536 129 622 207 46 61 
2 9 537 0 536 130 622 207 46 61 
2 9 537 0 536 131 622 207 46 61 
2 9 537 0 536 132 622 207 46 61 
2 9 537 0 536 133 622 207 46 61 
2 9 537 0 536 134 622 207 46 61 
2 9 537 0 536 135 622 207 46 61 
2 9 537 0 536 136 622 207 46 61 
2 9 537 0 536 137 622 207 46 61 
2 9 537 0 536 138 622 207 46 61 
2 9 537 0 536 139 622 207 46 61 
2 9 537 0 536 140 622 207 46 61 
2 9 537 0 536 141 622 207 46 61 
2 9 537 0 536 142 622 207 46 61 
2 9 537 0 536 143 622 207 46 61 
2 9 537 0 536 144 622 207 46 61 
2 9 537 0 536 145 622 207 46 61 
2 9 537 0 536 146 622 207 46 61 
2 9 537 0 536 147 622 207 46 61 
2 9 537 0 536 148 622 207 46 61 
2 9 537 0 536 149 622 207 46 61 
2 9 537 0 536 150 622 207 46 61 
2 9 537 0 536 151 622 207 46 61 
2 9 537 0 536 152 622 207 46 61 
2 9 537 0 536 153 622 207 46 61 
2 9 537 0 536 154 622 207 46 61 
2 9 537 0 536 155 622 207 46 61 
2 9 537 0 536 156 622 207 46 61 
2 9 537 0 536 157 622 207 46 61 
2 9 537 0 536 158 622 207 46 61 
2 9 537 0 536 159 622 207 46 61 
2 9 537 0 536 160 622 207 46 61 
2 9 537 0 536 161 622 207 46 61 
2 9 537 0 536 162 622 207 46 61 
2 9 537 0 536 163 622 207 46 61 
2 9 537 0 536 164 622 207 46 61 
2 9 537 0 536 165 622 207 46 61 
2 9 537 0 536 166 622 207 46 61 
2 9 537 0 536 167 622 207 46 61 
2 9 537 0 536 168 622 207 46 61 
2 9 537 0 536 169 622 207 46 61 
2 9 537 0 536 170 622 207 46 61 
2 9 537 0 536 171 622 207 46 61 
2 9 537 0 536 172 622 207 46 61 
2 9 537 0 536 173 622 207 46 61 
2 9 537 0 536 174 622 207 46 61 
2 9 537 0 536 175 622 207 46 61 
2 9 537 0 536 176 622 207 46 61 
2 9 537 0 536 177 622 207 46 61 
2 9 537 0 536 178 622 207 46 61 
2 9 537 0 536 179 622 207 46 61 
2 9 537 0 536 180 622 207 46 61 
2 9 537 0 536 181 622 207 46 61 
2 9 537 0 536 182 622 207 46 61 
2 9 537 0 536 183 622 207 46 61 
2 9 537 0 536 184 622 207 46 61 
2 9 537 0 536 185 622 207 46 61 
2 9 537 0 536 186 622 207 46 61 
2 9 537 0 536 187 622 207 46 61 
2 9 537 0 536 188 622 207 46 61 
2 9 537 0 536 189 622 207 46 61 
2 9 537 0 536 190 622 207 46 61 
2 9 537 0 536 191 622 207 46 61 
2 9 537 0 536 192 622 207 46 61 
2 9 537 0 536 193 622 207 46 61 
2 9 537 0 536 194 622 207 46 61 
2 9 537 0 536 195 622 207 46 61 
2 9 537 0 536 196 622 207 46 61 
2 9 537 0 536 197 622 207 46 61 
2 9 537 0 536 198 622 207 46 61 
2 9 537 0 536 199 622 207 46 61 
2 9 537 0 536 200 622 207 46 61 
2 9 537 0 536 201 622 207 46 61 
2 9 537 0 536 202 622 207 46 61 
2 9 537 0 536 203 622 207 46 61 
2 9 537 0 536 204 622 207 46 61 
2 9 537 0 536 205 622 207 46 61 
2 9 537 0 536 206 622 207 46 61 
2 9 537 0 536 207 622 207 46 61 
2 9 537 0 536 208 622 207 46 61 
2 9 537 0 536 209 622 207 46 61 
2 9 537 0 536 210 622 207 46 61 
2 9 537 0 536 211 622 207 46 61 
2 9 537 0 536 212 622 207 46 61 
2 9 537 0 536 213 622 207 46 61 
2 9 537 0 536 214 622 207 46 61 
2 9 537 0 536 215 622 207 46 61 
2 9 537 0 536 216 622 207 46 61 
2 9 537 0 536 217 622 207 46 61 
2 9 537 0 536 218 622 207 46 61 
2 9 537 0 536 219 622 207 46 61 
2 9 537 0 536 220 622 207 46 61 
2 9 537 0 536 221 622 207 46 61 
2 9 537 0 536 222 622 207 46 61 
2 9 537 0 536 223 622 207 46 61 
2 9 537 0 536 224 622 207 46 61 
2 9 537 0 536 225 622 207 46 61 
2 9 537 0 536 226 622 207 46 61 
2 9 537 0 536 227 622 207 46 61 
2 9 537 0 536 228 622 207 46 61 
2 9 537 0 536 229 622 207 46 61 
2 9 537 0 536 230 622 207 46 61 
2 9 537 0 536 231 622 207 46 61 
2 9 537 0 536 232 622 207 46 61 
2 9 537 0 536 233 622 207 46 61 
2 9 537 0 536 234 622 207 46 61 
2 9 537 0 536 235 622 207 46 61 
2 9 537 0 536 236 622 207 46 61 
2 9 537 0 536 237 622 207 46 61 
2 9 537 0 536 238 622 207 46 61 
2 9 537 0 536 239 622 207 46 61 
2 9 537 0 536 240 622 207 46 61 
2 9 537 0 536 241 622 207 46 61 
2 9 537 0 536 242 622 207 46 61 
2 9 537 0 536 243 622 207 46 61 
2 9 537 0 536 244 622 207 46 61 
2 9 537 0 536 245 622 207 46 61 
2 9 537 0 536 246 622 207 46 61 
2 9 537 0 536 247 622 207 46 61 
2 9 537 0 536 248 622 207 46 61 
2 9 537 0 536 249 622 207 46 61 
2 9 537 0 536 250 622 207 46 61 
2 9 537 0 536 251 622 207 46 61 
2 9 537 0 536 252 622 207 46 61 
2 9 537 0 536 253 622 207 46 61 
2 9 537 0 536 254 622 207 46 61 
2 9 537 0 536 255 622 207 46 61 
2 9 537 0 536 256 622 207 46 61 
2 9 537 0 536 257 622 207 46 61 
2 9 537 0 536 258 622 207 46 61 
2 9 537 0 536 259 622 207 46 61 
2 9 537 0 536 260 622 207 46 61 
2 9 537 0 536 261 622 207 46 61 
2 9 537 0 536 262 622 207 46 61 
2 9 537 0 536 263 622 207 46 61 
2 9 537 0 536 264 622 207 46 61 
2 9 537 0 536 265 622 207 46 61 
2 9 537 0 536 266 622 207 46 61 
2 9 537 0 536 267 622 207 46 61 
2 9 537 0 536 268 622 207 46 61 
2 9 537 0 536 269 622 207 46 61 
2 9 537 0 536 270 622 207 46 61 
2 9 537 0 536 271 622 207 46 61 
2 9 537 0 536 272 622 207 46 61 
2 9 537 0 536 273 622 207 46 61 
2 9 537 0 536 274 622 207 46 61 
2 9 537 0 536 275 622 207 46 61 
2 9 537 0 536 276 622 207 46 61 
2 9 537 0 536 277 622 207 46 61 
2 9 537 0 536 278 622 207 46 61 
2 9 537 0 536 279 622 207 46 61 
2 9 537 0 536 280 622 207 46 61 
2 9 537 0 536 281 622 207 46 61 
2 9 537 0 536 282 622 207 46 61 
2 9 537 0 536 283 622 207 46 61 
2 9 537 0 536 284 622 207 46 61 
2 9 537 0 536 285 622 207 46 61 
2 9 537 0 536 286 622 207 46 61 
2 9 537 0 536 287 622 207 46 61 
2 9 537 0 536 288 622 207 46 61 
2 9 537 0 536 289 622 207 46 61 
2 9 537 0 536 290 622 207 46 61 
2 9 537 0 536 291 622 207 46 61 
2 9 537 0 536 292 622 207 46 61 
2 9 537 0 536 293 622 207 46 61 
2 9 537 0 536 294 622 207 46 61 
2 9 537 0 536 295 622 207 46 61 
2 9 537 0 536 296 622 207 46 61 
2 9 537 0 536 297 622 207 46 61 
2 9 537 0 536 298 622 207 46 61 
2 9 537 0 536 299 622 207 46 61 
2 9 537 0 536 300 622 207 46 61 
2 9 537 0 536 301 622 207 46 61 
2 9 537 0 536 302 622 207 46 61 
2 9 537 0 536 303 622 207 46 61 
2 9 537 0 536 304 622 207 46 61 
2 9 537 0 536 305 622 207 46 61 
2 9 537 0 536 306 622 207 46 61 
2 9 537 0 536 307 622 207 46 61 
2 9 537 0 536 308 622 207 46 61 
2 9 537 0 536 309 622 207 46 61 
2 9 537 0 536 310 622 207 46 61 
2 9 537 0 536 311 622 207 46 61 
2 9 537 0 536 312 622 207 46 61 
2 9 537 0 536 313 621 207 50 61 
2 9 537 0 536 314 621 207 50 61 
2 9 537 0 536 315 624 207 46 64 
2 9 537 0 536 316 624 207 46 64 
2 9 537 0 536 317 624 207 46 64 
2 9 537 0 536 318 624 207 46 64 
2 9 537 0 536 319 624 207 46 64 
2 9 537 0 536 320 624 207 46 64 
2 9 537 0 536 321 624 207 46 64 
2 9 537 0 536 322 624 207 46 64 
2 9 537 0 536 323 624 207 46 64 
2 9 537 0 536 324 624 207 46 64 
2 9 537 0 536 325 624 207 46 64 
2 9 537 0 536 326 623 207 50 64 
2 9 537 0 536 327 623 207 50 64 
2 9 537 0 536 328 623 207 50 64 
2 9 537 0 536 329 623 207 50 64 
2 9 537 0 536 330 626 206 46 67 
2 9 537 0 536 331 626 206 46 67 
2 9 537 0 536 332 626 206 46 67 
2 9 537 0 536 333 626 206 46 67 
2 9 537 0 536 334 626 206 46 67 
2 9 537 0 536 335 626 206 46 67 
2 9 537 0 536 336 626 206 46 67 
2 9 537 0 536 337 626 206 46 67 
2 9 537 0 536 338 626 206 46 67 
2 9 537 0 536 339 625 206 50 67 
2 9 537 0 536 340 625 206 50 67 
2 9 537 0 536 341 625 206 50 67 
2 9 537 0 536 342 625 206 50 67 
2 9 537 0 536 343 625 206 50 67 
2 9 537 0 536 344 625 206 50 67 
2 9 537 0 536 345 628 209 46 66 
2 9 537 0 536 346 628 209 46 66 
2 9 537 0 536 347 628 209 46 66 
2 9 537 0 536 348 628 209 46 66 
2 9 537 0 536 349 628 209 46 66 
2 9 537 0 536 350 628 209 46 66 
2 9 537 0 536 351 628 209 46 66 
2 9 537 0 536 352 628 209 48 66 
2 9 537 0 536 353 628 209 48 66 
2 9 537 0 536 354 628 209 48 66 
2 9 537 0 536 355 628 209 48 66 
2 9 537 0 536 356 628 209 48 66 
2 9 537 0 536 357 628 209 48 66 
2 9 537 0 536 358 628 209 48 66 
2 9 537 0 536 359 628 209 48 66 
2 9 537 0 536 360 629 208 46 69 
2 9 537 0 536 361 629 208 46 69 
2 9 537 0 536 362 629 208 46 69 
2 9 537 0 536 363 629 208 46 69 
2 9 537 0 536 364 629 208 46 69 
2 9 537 0 536 365 628 208 50 69 
2 9 537 0 536 366 628 208 50 69 
2 9 537 0 536 367 628 208 50 69 
2 9 537 0 536 368 628 208 50 69 
2 9 537 0 536 369 628 208 50 69 
2 9 537 0 536 370 628 208 50 69 
2 9 537 0 536 371 628 208 50 69 
2 9 537 0 536 372 628 208 50 69 
2 9 537 0 536 373 628 208 50 69 
2 9 537 0 536 374 628 208 50 69 
2 9 537 0 536 375 631 208 46 72 
2 9 537 0 536 376 631 208 46 72 
2 9 537 0 536 377 631 208 46 72 
2 9 537 0 536 378 630 208 50 72 
2 9 537 0 536 379 630 208 50 72 
2 9 537 0 536 380 630 208 50 72 
2 9 537 0 536 381 630 208 50 72 
2 9 537 0 536 382 630 208 50 72 
2 9 537 0 536 383 630 208 50 72 
2 9 537 0 536 384 630 208 50 72 
2 9 537 0 536 385 630 208 50 72 
2 9 537 0 536 386 630 208 50 72 
2 9 537 0 536 387 630 208 50 72 
2 9 537 0 536 388 630 208 50 72 
2 9 537 0 536 389 630 208 50 72 
2 9 537 0 536 390 632 210 50 72 
2 9 537 0 536 391 630 208 50 72 
2 9 537 0 536 392 630 208 50 72 
2 9 537 0 536 393 630 208 50 72 
2 9 537 0 536 394 630 208 50 72 
2 9 537 0 536 395 630 208 50 72 
2 9 537 0 536 396 630 208 50 72 
2 9 537 0 536 397 630 208 50 72 
2 9 537 0 536 398 630 208 50 72 
2 9 537 0 536 399 630 208 50 72 
2 9 537 0 536 400 630 208 50 72 
2 9 537 0 536 401 630 208 50 72 
2 9 537 0 536 402 630 208 50 72 
2 9 537 0 536 403 630 208 50 72 
2 9 537 0 536 404 630 208 50 72 
2 9 537 0 536 405 630 208 50 72 
2 9 537 0 536 406 628 208 50 72 
2 9 537 0 536 407 628 208 50 72 
2 9 537 0 536 408 628 208 50 72 
2 9 537 0 536 409 628 208 50 72 
2 9 537 0 536 410 628 208 50 72 
2 9 537 0 536 411 628 208 50 72 
2 9 537 0 536 412 628 208 50 72 
2 9 537 0 536 413 628 208 50 72 
2 9 537 0 536 414 628 208 50 72 
2 9 537 0 536 415 628 208 50 72 
2 9 537 0 536 416 628 208 50 72 
2 9 537 0 536 417 628 206 50 72 
2 9 537 0 536 418 628 206 50 72 
2 9 537 0 536 419 628 206 50 72 
2 9 537 0 536 420 628 206 50 72 
2 9 537 0 536 421 628 206 50 72 
2 9 537 0 536 422 628 206 48 72 
2 9 537 0 536 423 628 206 48 72 
2 9 537 0 536 424 628 206 48 72 
2 9 537 0 536 425 628 206 48 72 
2 9 537 0 536 426 628 206 48 72 
2 9 537 0 536 427 628 206 48 72 
2 9 537 0 536 428 628 206 48 72 
2 9 537 0 536 429 628 206 48 72 
2 9 537 0 536 430 628 206 48 72 
2 9 537 0 536 431 628 206 48 72 
2 9 537 0 536 432 628 206 48 72 
2 9 537 0 536 433 628 206 48 72 
2 9 537 0 536 434 628 206 48 72 
2 9 537 0 536 435 628 206 48 72 
2 9 537 0 536 436 628 206 48 72 
2 9 537 0 536 437 625 206 50 72 
2 9 537 0 536 438 625 206 50 72 
2 9 537 0 536 439 625 206 50 72 
2 9 537 0 536 440 625 206 50 72 
2 9 537 0 536 441 625 206 50 72 
2 9 537 0 536 442 625 206 50 72 
2 9 537 0 536 443 625 204 50 72 
2 9 537 0 536 444 625 204 50 72 
2 9 537 0 536 445 625 204 50 72 
2 9 537 0 536 446 625 204 50 72 
2 9 537 0 536 447 625 204 50 72 
2 9 537 0 536 448 625 204 50 72 
2 9 537 0 536 449 625 204 50 72 
2 9 537 0 536 450 625 204 50 72 
2 9 537 0 536 451 625 204 50 72 
2 9 537 0 536 452 625 204 50 72 
2 9 537 0 536 453 623 204 50 72 
2 9 537 0 536 454 623 204 50 72 
2 9 537 0 536 455 623 204 50 72 
2 9 537 0 536 456 623 204 50 72 
2 9 537 0 536 457 623 204 50 72 
2 9 537 0 536 458 623 204 50 72 
2 9 537 0 536 459 623 204 50 72 
2 9 537 0 536 460 623 204 50 72 
2 9 537 0 536 461 623 204 50 72 
2 9 537 0 536 462 623 204 50 72 
2 9 537 0 536 463 623 204 50 72 
2 9 537 0 536 464 623 204 50 72 
2 9 537 0 536 465 623 204 50 72 
2 9 537 0 536 466 623 204 50 72 
2 9 537 0 536 467 623 204 50 72 
2 9 537 0 536 468 623 204 50 72 
2 9 537 0 536 469 623 204 50 72 
2 9 537 0 536 470 623 204 50 72 
2 9 537 0 536 471 623 204 50 72 
2 9 537 0 536 472 623 204 50 72 
2 9 537 0 536 473 623 204 50 72 
2 9 537 0 536 474 623 204 50 72 
2 9 537 0 536 475 623 204 50 72 
2 9 537 0 536 476 623 204 50 72 
2 9 537 0 536 477 623 204 50 72 
2 9 537 0 536 478 623 204 50 72 
2 9 537 0 536 479 623 204 50 72 
2 9 537 0 536 480 623 204 50 72 
2 9 537 0 536 481 623 204 50 72 
2 9 537 0 536 482 623 204 50 72 
2 9 537 0 536 483 623 204 50 72 
2 9 537 0 536 484 623 204 50 72 
2 9 537 0 536 485 623 204 50 72 
2 9 537 0 536 486 623 204 50 72 
2 9 537 0 536 487 623 204 50 72 
2 9 537 0 536 488 623 204 50 72 
2 9 537 0 536 489 623 204 50 72 
2 9 537 0 536 490 623 204 50 72 
2 9 537 0 536 491 623 204 50 72 
2 9 537 0 536 492 623 204 50 72 
2 9 537 0 536 493 623 204 50 72 
2 9 537 0 536 494 623 204 50 72 
2 9 537 0 536 495 623 204 50 72 
2 9 537 0 536 496 623 204 50 72 
2 9 537 0 536 497 623 204 50 72 
2 9 537 0 536 498 623 204 50 72 
2 9 537 0 536 499 623 204 50 72 
2 9 537 0 536 500 623 204 50 72 
2 9 537 0 536 501 623 204 50 72 
2 9 537 0 536 502 623 204 50 72 
2 9 537 0 536 503 623 204 50 72 
2 9 537 0 536 504 623 204 50 72 
2 9 537 0 536 505 623 204 50 72 
2 9 537 0 536 506 623 204 50 72 
2 9 537 0 536 507 623 204 50 72 
2 9 537 0 536 508 623 204 50 72 
2 9 537 0 536 509 623 204 50 72 
2 9 537 0 536 510 623 204 50 72 
2 9 537 0 536 511 623 204 50 72 
2 9 537 0 536 512 623 204 50 72 
2 9 537 0 536 513 623 204 50 72 
2 9 537 0 536 514 623 204 50 72 
2 9 537 0 536 515 623 204 50 72 
2 9 537 0 536 516 623 204 50 72 
2 9 537 0 536 517 623 204 50 72 
2 9 537 0 536 518 623 204 50 72 
2 9 537 0 536 519 623 204 50 72 
2 9 537 0 536 520 623 204 50 72 
2 9 537 0 536 521 623 204 50 72 
2 9 537 0 536 522 623 204 50 72 
2 9 537 0 536 523 623 204 50 72 
2 9 537 0 536 524 623 204 50 72 
2 9 537 0 536 525 623 204 50 72 
2 9 537 0 536 526 623 204 50 72 
2 9 537 0 536 527 623 204 50 72 
2 9 537 0 536 528 623 204 50 72 
2 9 537 0 536 529 623 204 50 72 
2 9 537 0 536 530 623 204 50 72 
2 9 537 0 536 531 623 204 50 72 
2 9 537 0 536 532 623 204 50 72 
2 9 537 0 536 533 623 204 50 72 
2 9 537 0 536 534 623 204 50 72 
2 9 537 0 536 535 623 204 50 72 
2 9 537 0 536 536 623 204 50 72 
