8 12 114 53 166 53 953 189 89 75 
8 12 114 53 166 54 953 189 89 75 
8 12 114 53 166 55 953 189 89 75 
8 12 114 53 166 56 953 189 89 75 
8 12 114 53 166 57 953 189 89 75 
8 12 114 53 166 58 953 189 89 75 
8 12 114 53 166 59 953 189 89 75 
8 12 114 53 166 60 953 189 89 75 
8 12 114 53 166 61 953 189 89 75 
8 12 114 53 166 62 953 189 89 75 
8 12 114 53 166 63 953 189 89 75 
8 12 114 53 166 64 953 189 89 75 
8 12 114 53 166 65 953 189 89 75 
8 12 114 53 166 66 953 189 89 75 
8 12 114 53 166 67 953 189 89 75 
8 12 114 53 166 68 953 189 89 75 
8 12 114 53 166 69 953 189 89 75 
8 12 114 53 166 70 953 189 89 75 
8 12 114 53 166 71 953 189 89 75 
8 12 114 53 166 72 953 189 89 75 
8 12 114 53 166 73 953 189 89 75 
8 12 114 53 166 74 953 189 89 75 
8 12 114 53 166 75 953 189 89 75 
8 12 114 53 166 76 953 189 89 75 
8 12 114 53 166 77 953 189 89 75 
8 12 114 53 166 78 953 189 89 75 
8 12 114 53 166 79 953 189 89 75 
8 12 114 53 166 80 953 189 89 75 
8 12 114 53 166 81 953 189 89 75 
8 12 114 53 166 82 953 189 89 75 
8 12 114 53 166 83 953 189 89 75 
8 12 114 53 166 84 953 189 89 75 
8 12 114 53 166 85 953 189 89 75 
8 12 114 53 166 86 953 189 89 75 
8 12 114 53 166 87 953 189 89 75 
8 12 114 53 166 88 953 189 89 75 
8 12 114 53 166 89 953 189 89 75 
8 12 114 53 166 90 953 189 89 75 
8 12 114 53 166 91 953 189 89 75 
8 12 114 53 166 92 953 189 89 75 
8 12 114 53 166 93 953 189 89 75 
8 12 114 53 166 94 953 189 89 75 
8 12 114 53 166 95 953 189 89 75 
8 12 114 53 166 96 953 189 89 75 
8 12 114 53 166 97 953 189 89 75 
8 12 114 53 166 98 953 189 89 75 
8 12 114 53 166 99 953 189 89 75 
8 12 114 53 166 100 953 189 89 75 
8 12 114 53 166 101 953 189 89 75 
8 12 114 53 166 102 953 189 89 75 
8 12 114 53 166 103 953 189 89 75 
8 12 114 53 166 104 953 189 89 75 
8 12 114 53 166 105 953 189 89 75 
8 12 114 53 166 106 953 189 89 75 
8 12 114 53 166 107 953 189 89 75 
8 12 114 53 166 108 953 189 89 75 
8 12 114 53 166 109 953 189 89 75 
8 12 114 53 166 110 953 189 89 75 
8 12 114 53 166 111 953 189 89 75 
8 12 114 53 166 112 953 189 89 75 
8 12 114 53 166 113 953 189 89 75 
8 12 114 53 166 114 953 189 89 75 
8 12 114 53 166 115 953 189 89 75 
8 12 114 53 166 116 953 189 89 75 
8 12 114 53 166 117 953 189 89 75 
8 12 114 53 166 118 953 189 89 75 
8 12 114 53 166 119 953 189 89 75 
8 12 114 53 166 120 953 189 89 75 
8 12 114 53 166 121 953 189 89 75 
8 12 114 53 166 122 953 189 89 75 
8 12 114 53 166 123 953 189 89 75 
8 12 114 53 166 124 953 189 89 75 
8 12 114 53 166 125 953 189 89 75 
8 12 114 53 166 126 953 189 89 75 
8 12 114 53 166 127 953 189 89 75 
8 12 114 53 166 128 953 189 89 75 
8 12 114 53 166 129 953 189 89 75 
8 12 114 53 166 130 953 189 89 75 
8 12 114 53 166 131 953 189 89 75 
8 12 114 53 166 132 953 189 89 75 
8 12 114 53 166 133 953 189 89 75 
8 12 114 53 166 134 953 189 89 75 
8 12 114 53 166 135 953 189 89 75 
8 12 114 53 166 136 953 189 89 75 
8 12 114 53 166 137 953 189 89 75 
8 12 114 53 166 138 953 189 89 75 
8 12 114 53 166 139 953 189 89 75 
8 12 114 53 166 140 953 189 89 75 
8 12 114 53 166 141 953 189 89 75 
8 12 114 53 166 142 953 189 89 75 
8 12 114 53 166 143 953 189 89 75 
8 12 114 53 166 144 953 189 89 75 
8 12 114 53 166 145 953 189 89 75 
8 12 114 53 166 146 953 189 89 75 
8 12 114 53 166 147 953 189 89 75 
8 12 114 53 166 148 953 189 89 75 
8 12 114 53 166 149 953 189 89 75 
8 12 114 53 166 150 953 189 89 75 
8 12 114 53 166 151 953 189 89 75 
8 12 114 53 166 152 953 189 89 75 
8 12 114 53 166 153 953 189 89 75 
8 12 114 53 166 154 953 189 89 75 
8 12 114 53 166 155 953 189 89 75 
8 12 114 53 166 156 953 189 89 75 
8 12 114 53 166 157 953 189 89 75 
8 12 114 53 166 158 953 189 89 75 
8 12 114 53 166 159 953 189 89 75 
8 12 114 53 166 160 953 189 89 75 
8 12 114 53 166 161 953 189 89 75 
8 12 114 53 166 162 953 189 89 75 
8 12 114 53 166 163 953 189 89 75 
8 12 114 53 166 164 953 189 89 75 
8 12 114 53 166 165 953 189 89 75 
8 12 114 53 166 166 953 189 89 75 
9 12 70 66 135 66 963 192 86 75 
9 12 70 66 135 67 963 192 86 75 
9 12 70 66 135 68 963 192 86 75 
9 12 70 66 135 69 963 192 86 75 
9 12 70 66 135 70 963 192 86 75 
9 12 70 66 135 71 963 192 86 75 
9 12 70 66 135 72 963 192 86 75 
9 12 70 66 135 73 963 192 86 75 
9 12 70 66 135 74 963 192 86 75 
9 12 70 66 135 75 963 192 86 75 
9 12 70 66 135 76 963 192 86 75 
9 12 70 66 135 77 963 192 86 75 
9 12 70 66 135 78 963 192 86 75 
9 12 70 66 135 79 963 192 86 75 
9 12 70 66 135 80 963 192 86 75 
9 12 70 66 135 81 963 192 86 75 
9 12 70 66 135 82 963 192 86 75 
9 12 70 66 135 83 963 192 86 75 
9 12 70 66 135 84 963 192 86 75 
9 12 70 66 135 85 963 192 86 75 
9 12 70 66 135 86 963 192 86 75 
9 12 70 66 135 87 963 192 86 75 
9 12 70 66 135 88 963 192 86 75 
9 12 70 66 135 89 963 192 86 75 
9 12 70 66 135 90 963 192 86 75 
9 12 70 66 135 91 963 192 86 75 
9 12 70 66 135 92 963 192 86 75 
9 12 70 66 135 93 963 192 86 75 
9 12 70 66 135 94 963 192 86 75 
9 12 70 66 135 95 963 192 86 75 
9 12 70 66 135 96 963 192 86 75 
9 12 70 66 135 97 963 192 86 75 
9 12 70 66 135 98 963 192 86 75 
9 12 70 66 135 99 963 192 86 75 
9 12 70 66 135 100 963 192 86 75 
9 12 70 66 135 101 963 192 86 75 
9 12 70 66 135 102 963 192 86 75 
9 12 70 66 135 103 963 192 86 75 
9 12 70 66 135 104 963 192 86 75 
9 12 70 66 135 105 963 192 86 75 
9 12 70 66 135 106 963 192 86 75 
9 12 70 66 135 107 963 192 86 75 
9 12 70 66 135 108 963 192 86 75 
9 12 70 66 135 109 963 192 86 75 
9 12 70 66 135 110 963 192 86 75 
9 12 70 66 135 111 963 192 86 75 
9 12 70 66 135 112 963 192 86 75 
9 12 70 66 135 113 963 192 86 75 
9 12 70 66 135 114 963 192 86 75 
9 12 70 66 135 115 963 192 86 75 
9 12 70 66 135 116 963 192 86 75 
9 12 70 66 135 117 963 192 86 75 
9 12 70 66 135 118 963 192 86 75 
9 12 70 66 135 119 963 192 86 75 
9 12 70 66 135 120 963 192 86 75 
9 12 70 66 135 121 963 192 86 75 
9 12 70 66 135 122 963 192 86 75 
9 12 70 66 135 123 963 192 86 75 
9 12 70 66 135 124 963 192 86 75 
9 12 70 66 135 125 963 192 86 75 
9 12 70 66 135 126 963 192 86 75 
9 12 70 66 135 127 963 192 86 75 
9 12 70 66 135 128 963 192 86 75 
9 12 70 66 135 129 963 192 86 75 
9 12 70 66 135 130 963 192 86 75 
9 12 70 66 135 131 963 192 86 75 
9 12 70 66 135 132 963 192 86 75 
9 12 70 66 135 133 963 192 86 75 
9 12 70 66 135 134 963 192 86 75 
9 12 70 66 135 135 963 192 86 75 
10 11 75 121 195 121 1001 186 72 84 
10 11 75 121 195 122 1001 186 72 84 
10 11 75 121 195 123 1001 186 72 84 
10 11 75 121 195 124 1001 186 72 84 
10 11 75 121 195 125 1001 186 72 84 
10 11 75 121 195 126 1001 186 72 84 
10 11 75 121 195 127 1001 186 72 84 
10 11 75 121 195 128 1001 186 72 84 
10 11 75 121 195 129 1001 186 72 84 
10 11 75 121 195 130 1001 186 72 84 
10 11 75 121 195 131 1001 186 72 84 
10 11 75 121 195 132 1001 186 72 84 
10 11 75 121 195 133 1001 186 72 84 
10 11 75 121 195 134 1001 186 72 84 
10 11 75 121 195 135 1001 186 72 84 
10 11 75 121 195 136 1001 186 72 84 
10 11 75 121 195 137 1001 186 72 84 
10 11 75 121 195 138 1001 186 72 84 
10 11 75 121 195 139 1001 186 72 84 
10 11 75 121 195 140 1001 186 72 84 
10 11 75 121 195 141 1001 186 72 84 
10 11 75 121 195 142 1001 186 72 84 
10 11 75 121 195 143 1001 186 72 84 
10 11 75 121 195 144 1001 186 72 84 
10 11 75 121 195 145 1001 186 72 84 
10 11 75 121 195 146 1001 186 72 84 
10 11 75 121 195 147 1001 186 72 84 
10 11 75 121 195 148 1001 186 72 84 
10 11 75 121 195 149 1001 186 72 84 
10 11 75 121 195 150 1001 186 72 84 
10 11 75 121 195 151 1001 186 72 84 
10 11 75 121 195 152 1001 186 72 84 
10 11 75 121 195 153 1001 186 72 84 
10 11 75 121 195 154 1001 186 72 84 
10 11 75 121 195 155 1001 186 72 84 
10 11 75 121 195 156 1001 186 72 84 
10 11 75 121 195 157 1001 186 72 84 
10 11 75 121 195 158 1001 186 72 84 
10 11 75 121 195 159 1001 186 72 84 
10 11 75 121 195 160 1001 186 72 84 
10 11 75 121 195 161 1001 186 72 84 
10 11 75 121 195 162 1001 186 72 84 
10 11 75 121 195 163 1001 186 72 84 
10 11 75 121 195 164 1001 186 72 84 
10 11 75 121 195 165 1001 186 72 84 
10 11 75 121 195 166 1001 186 72 84 
10 11 75 121 195 167 1001 186 72 84 
10 11 75 121 195 168 1001 186 72 84 
10 11 75 121 195 169 1001 186 72 84 
10 11 75 121 195 170 1001 186 72 84 
10 11 75 121 195 171 1001 186 72 84 
10 11 75 121 195 172 1001 186 72 84 
10 11 75 121 195 173 1001 186 72 84 
10 11 75 121 195 174 1001 186 72 84 
10 11 75 121 195 175 1001 186 72 84 
10 11 75 121 195 176 1001 186 72 84 
10 11 75 121 195 177 1001 186 72 84 
10 11 75 121 195 178 1001 186 72 84 
10 11 75 121 195 179 1001 186 72 84 
10 11 75 121 195 180 1001 186 72 84 
10 11 75 121 195 181 1001 186 72 84 
10 11 75 121 195 182 1001 186 72 84 
10 11 75 121 195 183 1001 186 72 84 
10 11 75 121 195 184 1001 186 72 84 
10 11 75 121 195 185 1001 186 72 84 
10 11 75 121 195 186 1001 186 72 84 
10 11 75 121 195 187 1001 186 72 84 
10 11 75 121 195 188 1001 186 72 84 
10 11 75 121 195 189 1001 186 72 84 
10 11 75 121 195 190 1001 186 72 84 
10 11 75 121 195 191 1001 186 72 84 
10 11 75 121 195 192 1001 186 72 84 
10 11 75 121 195 193 1001 186 72 84 
10 11 75 121 195 194 1001 186 72 84 
10 11 75 121 195 195 1001 186 72 84 
11 11 52 523 574 523 838 190 54 69 
11 11 52 523 574 524 838 190 54 69 
11 11 52 523 574 525 838 190 54 69 
11 11 52 523 574 526 838 190 54 69 
11 11 52 523 574 527 838 190 54 69 
11 11 52 523 574 528 838 190 54 69 
11 11 52 523 574 529 838 190 54 69 
11 11 52 523 574 530 838 190 54 69 
11 11 52 523 574 531 838 190 54 69 
11 11 52 523 574 532 838 190 54 69 
11 11 52 523 574 533 838 190 54 69 
11 11 52 523 574 534 838 190 54 69 
11 11 52 523 574 535 838 190 54 69 
11 11 52 523 574 536 838 190 54 69 
11 11 52 523 574 537 838 190 54 69 
11 11 52 523 574 538 838 190 54 69 
11 11 52 523 574 539 838 190 54 69 
11 11 52 523 574 540 838 190 54 69 
11 11 52 523 574 541 838 190 54 69 
11 11 52 523 574 542 838 190 54 69 
11 11 52 523 574 543 838 190 54 69 
11 11 52 523 574 544 838 190 54 69 
11 11 52 523 574 545 838 190 54 69 
11 11 52 523 574 546 838 190 54 69 
11 11 52 523 574 547 838 190 54 69 
11 11 52 523 574 548 838 190 54 69 
11 11 52 523 574 549 838 190 54 69 
11 11 52 523 574 550 838 190 54 69 
11 11 52 523 574 551 838 190 54 69 
11 11 52 523 574 552 838 190 54 69 
11 11 52 523 574 553 838 190 54 69 
11 11 52 523 574 554 838 190 54 69 
11 11 52 523 574 555 838 190 54 69 
11 11 52 523 574 556 838 190 54 69 
11 11 52 523 574 557 838 190 54 69 
11 11 52 523 574 558 838 190 54 69 
11 11 52 523 574 559 838 190 54 69 
11 11 52 523 574 560 838 190 54 69 
11 11 52 523 574 561 838 190 54 69 
11 11 52 523 574 562 838 190 54 69 
11 11 52 523 574 563 838 190 54 69 
11 11 52 523 574 564 838 190 54 69 
11 11 52 523 574 565 838 190 54 69 
11 11 52 523 574 566 838 190 54 69 
11 11 52 523 574 567 838 190 54 69 
11 11 52 523 574 568 838 190 54 69 
11 11 52 523 574 569 838 190 54 69 
11 11 52 523 574 570 838 190 54 69 
11 11 52 523 574 571 838 190 54 69 
11 11 52 523 574 572 838 190 54 69 
11 11 52 523 574 573 838 190 54 69 
11 11 52 523 574 574 838 190 54 69 
12 9 71 770 840 770 323 569 106 149 
12 9 71 770 840 771 321 567 106 151 
12 9 71 770 840 772 317 564 108 154 
12 9 71 770 840 773 314 564 106 154 
12 9 71 770 840 774 309 562 110 156 
12 9 71 770 840 775 309 562 106 156 
12 9 71 770 840 776 305 562 106 156 
12 9 71 770 840 777 300 561 112 158 
12 9 71 770 840 778 300 561 106 158 
12 9 71 770 840 779 295 561 110 158 
12 9 71 770 840 780 292 558 110 160 
12 9 71 770 840 781 291 558 106 160 
12 9 71 770 840 782 286 556 110 163 
12 9 71 770 840 783 283 556 110 163 
12 9 71 770 840 784 282 556 106 163 
12 9 71 770 840 785 277 553 110 165 
12 9 71 770 840 786 274 553 110 165 
12 9 71 770 840 787 272 553 110 166 
12 9 71 770 840 788 268 551 112 168 
12 9 71 770 840 789 267 551 110 167 
12 9 71 770 840 790 265 550 110 168 
12 9 71 770 840 791 264 550 106 168 
12 9 71 770 840 792 262 548 108 170 
12 9 71 770 840 793 261 548 106 170 
12 9 71 770 840 794 259 546 106 172 
12 9 71 770 840 795 255 546 108 172 
12 9 71 770 840 796 253 544 108 174 
12 9 71 770 840 797 252 544 106 174 
12 9 71 770 840 798 250 543 106 175 
12 9 71 770 840 799 249 544 104 175 
12 9 71 770 840 800 247 541 104 177 
12 9 71 770 840 801 246 542 102 177 
12 9 71 770 840 802 242 539 104 179 
12 9 71 770 840 803 240 540 104 179 
12 9 71 770 840 804 238 538 104 181 
12 9 71 770 840 805 237 538 102 181 
12 9 71 770 840 806 236 536 100 183 
12 9 71 770 840 807 234 536 100 183 
12 9 71 770 840 808 232 535 100 184 
12 9 71 770 840 809 231 535 98 183 
12 9 71 770 840 810 227 533 100 186 
12 9 71 770 840 811 225 533 100 185 
12 9 71 770 840 812 223 531 100 188 
12 9 71 770 840 813 222 531 98 187 
12 9 71 770 840 814 221 531 96 187 
12 9 71 770 840 815 219 529 96 189 
12 9 71 770 840 816 217 529 96 187 
12 9 71 770 840 817 214 528 96 189 
12 9 71 770 840 818 212 529 96 186 
12 9 71 770 840 819 210 527 96 186 
12 9 71 770 840 820 208 527 96 186 
12 9 71 770 840 821 208 525 92 186 
12 9 71 770 840 822 206 525 92 186 
12 9 71 770 840 823 204 522 92 187 
12 9 71 770 840 824 201 523 94 184 
12 9 71 770 840 825 199 520 92 187 
12 9 71 770 840 826 197 521 92 184 
12 9 71 770 840 827 195 520 92 186 
12 9 71 770 840 828 193 520 90 183 
12 9 71 770 840 829 193 518 88 184 
12 9 71 770 840 830 191 518 88 184 
12 9 71 770 840 831 188 516 90 184 
12 9 71 770 840 832 186 516 88 184 
12 9 71 770 840 833 184 514 88 184 
12 9 71 770 840 834 182 514 88 181 
12 9 71 770 840 835 179 513 90 183 
12 9 71 770 840 836 178 514 86 180 
12 9 71 770 840 837 178 511 84 183 
12 9 71 770 840 838 175 511 86 181 
12 9 71 770 840 839 173 511 86 181 
12 9 71 770 840 840 177 510 86 186 
13 9 688 152 839 152 979 190 42 72 
13 9 688 152 839 153 977 190 42 72 
13 9 688 152 839 154 977 190 42 72 
13 9 688 152 839 155 975 190 44 72 
13 9 688 152 839 156 972 190 48 72 
13 9 688 152 839 157 972 189 48 75 
13 9 688 152 839 158 971 189 46 75 
13 9 688 152 839 159 971 189 46 75 
13 9 688 152 839 160 969 189 46 75 
13 9 688 152 839 161 969 189 46 75 
13 9 688 152 839 162 967 189 46 75 
13 9 688 152 839 163 967 189 46 75 
13 9 688 152 839 164 965 189 46 75 
13 9 688 152 839 165 965 189 46 75 
13 9 688 152 839 166 964 189 46 75 
13 9 688 152 839 167 964 189 46 78 
13 9 688 152 839 168 962 189 46 78 
13 9 688 152 839 169 962 189 46 78 
13 9 688 152 839 170 962 189 46 78 
13 9 688 152 839 171 960 189 46 78 
13 9 688 152 839 172 960 189 46 78 
13 9 688 152 839 173 960 189 46 78 
13 9 688 152 839 174 958 189 46 78 
13 9 688 152 839 175 958 189 46 78 
13 9 688 152 839 176 958 189 46 78 
13 9 688 152 839 177 958 191 46 78 
13 9 688 152 839 178 956 191 48 78 
13 9 688 152 839 179 956 191 48 78 
13 9 688 152 839 180 955 191 46 78 
13 9 688 152 839 181 955 191 46 78 
13 9 688 152 839 182 953 191 46 78 
13 9 688 152 839 183 953 191 46 78 
13 9 688 152 839 184 951 191 46 78 
13 9 688 152 839 185 951 191 46 78 
13 9 688 152 839 186 949 191 46 78 
13 9 688 152 839 187 949 191 46 78 
13 9 688 152 839 188 948 191 46 78 
13 9 688 152 839 189 948 191 46 78 
13 9 688 152 839 190 948 191 46 78 
13 9 688 152 839 191 946 191 46 78 
13 9 688 152 839 192 946 191 46 78 
13 9 688 152 839 193 946 191 46 78 
13 9 688 152 839 194 944 191 46 78 
13 9 688 152 839 195 944 191 46 78 
13 9 688 152 839 196 944 191 46 78 
13 9 688 152 839 197 944 191 46 78 
13 9 688 152 839 198 942 191 46 78 
13 9 688 152 839 199 942 191 46 78 
13 9 688 152 839 200 940 191 48 78 
13 9 688 152 839 201 940 191 48 78 
13 9 688 152 839 202 940 191 48 78 
13 9 688 152 839 203 939 191 46 78 
13 9 688 152 839 204 939 191 46 78 
13 9 688 152 839 205 937 191 46 78 
13 9 688 152 839 206 937 191 46 78 
13 9 688 152 839 207 937 191 46 78 
13 9 688 152 839 208 935 191 46 78 
13 9 688 152 839 209 935 191 46 78 
13 9 688 152 839 210 933 191 46 78 
13 9 688 152 839 211 933 191 46 78 
13 9 688 152 839 212 932 191 46 78 
13 9 688 152 839 213 932 191 46 78 
13 9 688 152 839 214 930 191 46 78 
13 9 688 152 839 215 930 191 46 78 
13 9 688 152 839 216 928 191 46 78 
13 9 688 152 839 217 928 193 46 76 
13 9 688 152 839 218 926 193 46 76 
13 9 688 152 839 219 926 193 46 76 
13 9 688 152 839 220 926 193 46 76 
13 9 688 152 839 221 926 193 46 76 
13 9 688 152 839 222 926 193 46 76 
13 9 688 152 839 223 926 193 46 76 
13 9 688 152 839 224 926 193 46 76 
13 9 688 152 839 225 926 193 46 76 
13 9 688 152 839 226 926 193 46 76 
13 9 688 152 839 227 926 193 46 76 
13 9 688 152 839 228 924 193 48 76 
13 9 688 152 839 229 924 193 48 76 
13 9 688 152 839 230 924 193 48 76 
13 9 688 152 839 231 924 193 48 76 
13 9 688 152 839 232 924 193 48 76 
13 9 688 152 839 233 923 193 46 76 
13 9 688 152 839 234 923 193 46 76 
13 9 688 152 839 235 923 193 46 76 
13 9 688 152 839 236 923 193 46 76 
13 9 688 152 839 237 923 193 46 76 
13 9 688 152 839 238 921 193 46 76 
13 9 688 152 839 239 921 193 46 76 
13 9 688 152 839 240 921 193 46 76 
13 9 688 152 839 241 919 193 46 76 
13 9 688 152 839 242 919 193 46 76 
13 9 688 152 839 243 919 193 46 76 
13 9 688 152 839 244 917 193 46 76 
13 9 688 152 839 245 917 193 46 76 
13 9 688 152 839 246 917 193 46 76 
13 9 688 152 839 247 917 193 46 76 
13 9 688 152 839 248 917 193 46 76 
13 9 688 152 839 249 917 193 46 76 
13 9 688 152 839 250 917 193 46 76 
13 9 688 152 839 251 917 193 46 76 
13 9 688 152 839 252 917 193 46 76 
13 9 688 152 839 253 917 193 46 76 
13 9 688 152 839 254 917 193 46 76 
13 9 688 152 839 255 917 193 46 76 
13 9 688 152 839 256 917 193 46 76 
13 9 688 152 839 257 917 193 46 76 
13 9 688 152 839 258 917 193 46 76 
13 9 688 152 839 259 917 193 46 76 
13 9 688 152 839 260 917 193 46 76 
13 9 688 152 839 261 917 193 46 76 
13 9 688 152 839 262 917 193 46 76 
13 9 688 152 839 263 917 193 46 76 
13 9 688 152 839 264 917 193 46 76 
13 9 688 152 839 265 917 193 46 76 
13 9 688 152 839 266 917 193 46 76 
13 9 688 152 839 267 917 193 46 76 
13 9 688 152 839 268 917 193 46 76 
13 9 688 152 839 269 917 193 46 76 
13 9 688 152 839 270 917 193 46 76 
13 9 688 152 839 271 917 193 46 76 
13 9 688 152 839 272 917 193 46 76 
13 9 688 152 839 273 917 193 46 76 
13 9 688 152 839 274 917 193 46 76 
13 9 688 152 839 275 917 193 46 76 
13 9 688 152 839 276 917 193 46 76 
13 9 688 152 839 277 917 193 46 76 
13 9 688 152 839 278 917 193 46 76 
13 9 688 152 839 279 917 193 46 76 
13 9 688 152 839 280 917 193 46 76 
13 9 688 152 839 281 917 193 46 76 
13 9 688 152 839 282 917 193 46 76 
13 9 688 152 839 283 917 193 46 76 
13 9 688 152 839 284 917 193 46 76 
13 9 688 152 839 285 917 193 46 76 
13 9 688 152 839 286 917 193 46 76 
13 9 688 152 839 287 917 193 46 76 
13 9 688 152 839 288 917 193 46 76 
13 9 688 152 839 289 917 193 46 76 
13 9 688 152 839 290 917 193 46 76 
13 9 688 152 839 291 917 193 46 76 
13 9 688 152 839 292 917 193 46 76 
13 9 688 152 839 293 917 193 46 76 
13 9 688 152 839 294 917 193 46 76 
13 9 688 152 839 295 917 193 46 76 
13 9 688 152 839 296 917 193 46 76 
13 9 688 152 839 297 917 193 46 76 
13 9 688 152 839 298 917 193 46 76 
13 9 688 152 839 299 917 193 46 76 
13 9 688 152 839 300 917 193 46 76 
13 9 688 152 839 301 916 193 46 76 
13 9 688 152 839 302 916 193 46 76 
13 9 688 152 839 303 916 193 46 76 
13 9 688 152 839 304 916 193 46 76 
13 9 688 152 839 305 916 193 46 76 
13 9 688 152 839 306 916 193 46 76 
13 9 688 152 839 307 916 193 46 76 
13 9 688 152 839 308 916 193 46 76 
13 9 688 152 839 309 916 193 46 76 
13 9 688 152 839 310 916 193 46 76 
13 9 688 152 839 311 916 193 46 76 
13 9 688 152 839 312 916 193 46 76 
13 9 688 152 839 313 916 193 46 76 
13 9 688 152 839 314 916 193 46 76 
13 9 688 152 839 315 916 193 46 76 
13 9 688 152 839 316 916 193 46 76 
13 9 688 152 839 317 916 193 46 76 
13 9 688 152 839 318 916 193 46 76 
13 9 688 152 839 319 916 193 46 76 
13 9 688 152 839 320 916 193 46 76 
13 9 688 152 839 321 916 193 46 76 
13 9 688 152 839 322 916 193 46 76 
13 9 688 152 839 323 916 193 46 76 
13 9 688 152 839 324 916 193 46 76 
13 9 688 152 839 325 916 193 46 76 
13 9 688 152 839 326 916 193 46 76 
13 9 688 152 839 327 916 193 46 76 
13 9 688 152 839 328 916 193 46 76 
13 9 688 152 839 329 916 193 46 76 
13 9 688 152 839 330 916 193 46 76 
13 9 688 152 839 331 916 193 46 76 
13 9 688 152 839 332 916 193 46 76 
13 9 688 152 839 333 916 192 46 79 
13 9 688 152 839 334 916 192 46 79 
13 9 688 152 839 335 916 192 46 79 
13 9 688 152 839 336 916 192 46 79 
13 9 688 152 839 337 916 192 46 79 
13 9 688 152 839 338 916 192 46 79 
13 9 688 152 839 339 916 192 46 79 
13 9 688 152 839 340 916 192 46 79 
13 9 688 152 839 341 916 192 46 79 
13 9 688 152 839 342 916 192 46 79 
13 9 688 152 839 343 916 192 46 79 
13 9 688 152 839 344 916 192 46 79 
13 9 688 152 839 345 916 192 46 79 
13 9 688 152 839 346 916 192 46 79 
13 9 688 152 839 347 916 192 46 79 
13 9 688 152 839 348 916 192 46 79 
13 9 688 152 839 349 914 195 46 76 
13 9 688 152 839 350 914 195 46 76 
13 9 688 152 839 351 914 195 46 76 
13 9 688 152 839 352 914 195 46 76 
13 9 688 152 839 353 914 195 46 76 
13 9 688 152 839 354 914 195 46 76 
13 9 688 152 839 355 914 195 46 76 
13 9 688 152 839 356 914 195 46 76 
13 9 688 152 839 357 914 195 46 76 
13 9 688 152 839 358 914 195 46 76 
13 9 688 152 839 359 914 195 46 76 
13 9 688 152 839 360 914 195 46 76 
13 9 688 152 839 361 914 195 46 76 
13 9 688 152 839 362 914 195 46 76 
13 9 688 152 839 363 914 195 46 76 
13 9 688 152 839 364 914 195 46 76 
13 9 688 152 839 365 914 194 46 79 
13 9 688 152 839 366 914 194 46 79 
13 9 688 152 839 367 914 194 46 79 
13 9 688 152 839 368 914 194 46 79 
13 9 688 152 839 369 914 194 46 79 
13 9 688 152 839 370 914 194 46 79 
13 9 688 152 839 371 914 194 46 79 
13 9 688 152 839 372 914 194 46 79 
13 9 688 152 839 373 914 194 46 79 
13 9 688 152 839 374 914 194 46 79 
13 9 688 152 839 375 914 194 46 79 
13 9 688 152 839 376 914 194 46 79 
13 9 688 152 839 377 914 194 46 79 
13 9 688 152 839 378 914 194 46 79 
13 9 688 152 839 379 914 194 46 79 
13 9 688 152 839 380 914 194 46 79 
13 9 688 152 839 381 914 194 46 79 
13 9 688 152 839 382 914 194 46 79 
13 9 688 152 839 383 914 194 46 79 
13 9 688 152 839 384 914 194 46 79 
13 9 688 152 839 385 914 194 46 79 
13 9 688 152 839 386 914 194 46 79 
13 9 688 152 839 387 914 194 46 79 
13 9 688 152 839 388 914 194 46 79 
13 9 688 152 839 389 914 194 46 79 
13 9 688 152 839 390 914 194 46 79 
13 9 688 152 839 391 914 194 46 79 
13 9 688 152 839 392 914 194 46 79 
13 9 688 152 839 393 914 194 46 79 
13 9 688 152 839 394 914 194 46 79 
13 9 688 152 839 395 914 194 46 79 
13 9 688 152 839 396 914 194 46 79 
13 9 688 152 839 397 914 195 46 81 
13 9 688 152 839 398 912 194 46 79 
13 9 688 152 839 399 910 194 46 79 
13 9 688 152 839 400 910 194 46 79 
13 9 688 152 839 401 908 194 48 79 
13 9 688 152 839 402 908 194 48 79 
13 9 688 152 839 403 907 194 46 79 
13 9 688 152 839 404 907 194 46 79 
13 9 688 152 839 405 905 194 46 79 
13 9 688 152 839 406 905 194 46 79 
13 9 688 152 839 407 903 194 46 79 
13 9 688 152 839 408 903 194 46 79 
13 9 688 152 839 409 901 194 46 79 
13 9 688 152 839 410 901 194 46 79 
13 9 688 152 839 411 900 194 46 79 
13 9 688 152 839 412 900 194 46 79 
13 9 688 152 839 413 898 194 46 79 
13 9 688 152 839 414 898 192 46 79 
13 9 688 152 839 415 896 192 46 79 
13 9 688 152 839 416 896 192 46 79 
13 9 688 152 839 417 894 192 46 79 
13 9 688 152 839 418 894 192 46 79 
13 9 688 152 839 419 892 192 48 79 
13 9 688 152 839 420 892 192 48 79 
13 9 688 152 839 421 891 192 46 79 
13 9 688 152 839 422 891 192 46 79 
13 9 688 152 839 423 889 192 46 79 
13 9 688 152 839 424 889 192 46 79 
13 9 688 152 839 425 887 192 46 79 
13 9 688 152 839 426 887 192 46 79 
13 9 688 152 839 427 885 192 46 79 
13 9 688 152 839 428 885 192 46 79 
13 9 688 152 839 429 884 192 46 79 
13 9 688 152 839 430 884 192 46 79 
13 9 688 152 839 431 882 192 46 79 
13 9 688 152 839 432 880 192 46 79 
13 9 688 152 839 433 878 192 46 79 
13 9 688 152 839 434 876 192 48 79 
13 9 688 152 839 435 875 192 46 79 
13 9 688 152 839 436 873 192 46 79 
13 9 688 152 839 437 871 192 46 79 
13 9 688 152 839 438 871 192 46 79 
13 9 688 152 839 439 869 192 46 79 
13 9 688 152 839 440 868 192 46 79 
13 9 688 152 839 441 866 192 46 79 
13 9 688 152 839 442 864 192 46 79 
13 9 688 152 839 443 862 192 46 79 
13 9 688 152 839 444 860 192 48 79 
13 9 688 152 839 445 860 192 48 79 
13 9 688 152 839 446 859 192 46 79 
13 9 688 152 839 447 857 192 46 79 
13 9 688 152 839 448 855 192 46 79 
13 9 688 152 839 449 853 192 46 79 
13 9 688 152 839 450 852 192 46 79 
13 9 688 152 839 451 850 192 46 79 
13 9 688 152 839 452 850 192 46 79 
13 9 688 152 839 453 848 192 46 79 
13 9 688 152 839 454 846 192 46 79 
13 9 688 152 839 455 844 192 48 79 
13 9 688 152 839 456 843 192 46 79 
13 9 688 152 839 457 841 192 46 79 
13 9 688 152 839 458 839 192 46 79 
13 9 688 152 839 459 837 192 46 79 
13 9 688 152 839 460 837 192 46 79 
13 9 688 152 839 461 836 192 46 79 
13 9 688 152 839 462 834 192 46 79 
13 9 688 152 839 463 832 192 46 79 
13 9 688 152 839 464 830 192 46 79 
13 9 688 152 839 465 828 192 48 79 
13 9 688 152 839 466 827 192 46 79 
13 9 688 152 839 467 827 192 46 79 
13 9 688 152 839 468 825 192 46 79 
13 9 688 152 839 469 823 192 46 79 
13 9 688 152 839 470 821 192 46 79 
13 9 688 152 839 471 820 192 46 79 
13 9 688 152 839 472 818 192 46 79 
13 9 688 152 839 473 816 192 46 79 
13 9 688 152 839 474 816 192 46 79 
13 9 688 152 839 475 814 192 46 79 
13 9 688 152 839 476 812 192 48 79 
13 9 688 152 839 477 811 192 46 79 
13 9 688 152 839 478 809 192 46 79 
13 9 688 152 839 479 807 192 46 79 
13 9 688 152 839 480 805 192 46 79 
13 9 688 152 839 481 804 192 46 79 
13 9 688 152 839 482 804 192 46 79 
13 9 688 152 839 483 802 192 46 79 
13 9 688 152 839 484 800 192 46 79 
13 9 688 152 839 485 798 192 46 79 
13 9 688 152 839 486 796 192 48 79 
13 9 688 152 839 487 795 192 46 79 
13 9 688 152 839 488 793 192 46 79 
13 9 688 152 839 489 793 192 46 79 
13 9 688 152 839 490 791 192 46 79 
13 9 688 152 839 491 789 192 46 79 
13 9 688 152 839 492 788 194 46 79 
13 9 688 152 839 493 786 194 46 79 
13 9 688 152 839 494 784 194 46 79 
13 9 688 152 839 495 782 194 46 79 
13 9 688 152 839 496 782 194 46 79 
13 9 688 152 839 497 780 194 48 79 
13 9 688 152 839 498 779 194 46 79 
13 9 688 152 839 499 777 194 46 79 
13 9 688 152 839 500 775 194 46 79 
13 9 688 152 839 501 773 194 46 79 
13 9 688 152 839 502 772 194 46 79 
13 9 688 152 839 503 772 194 46 79 
13 9 688 152 839 504 770 194 46 79 
13 9 688 152 839 505 768 194 46 79 
13 9 688 152 839 506 766 194 46 79 
13 9 688 152 839 507 764 194 48 79 
13 9 688 152 839 508 763 194 46 79 
13 9 688 152 839 509 761 194 46 79 
13 9 688 152 839 510 759 194 46 79 
13 9 688 152 839 511 759 194 46 79 
13 9 688 152 839 512 757 194 46 79 
13 9 688 152 839 513 756 194 46 79 
13 9 688 152 839 514 754 194 46 79 
13 9 688 152 839 515 752 194 46 79 
13 9 688 152 839 516 750 194 46 79 
13 9 688 152 839 517 748 194 48 79 
13 9 688 152 839 518 748 194 48 79 
13 9 688 152 839 519 747 194 46 79 
13 9 688 152 839 520 745 194 46 79 
13 9 688 152 839 521 743 194 46 79 
13 9 688 152 839 522 741 194 46 79 
13 9 688 152 839 523 740 194 46 79 
13 9 688 152 839 524 738 194 46 79 
13 9 688 152 839 525 738 194 46 79 
13 9 688 152 839 526 736 194 46 79 
13 9 688 152 839 527 734 194 46 79 
13 9 688 152 839 528 732 194 48 79 
13 9 688 152 839 529 731 194 46 79 
13 9 688 152 839 530 729 194 46 79 
13 9 688 152 839 531 727 194 46 79 
13 9 688 152 839 532 725 194 46 79 
13 9 688 152 839 533 725 194 46 79 
13 9 688 152 839 534 724 194 46 79 
13 9 688 152 839 535 722 194 46 79 
13 9 688 152 839 536 720 194 46 79 
13 9 688 152 839 537 718 194 46 79 
13 9 688 152 839 538 716 194 48 79 
13 9 688 152 839 539 715 194 46 79 
13 9 688 152 839 540 715 194 46 79 
13 9 688 152 839 541 713 194 46 79 
13 9 688 152 839 542 711 194 46 79 
13 9 688 152 839 543 709 194 46 79 
13 9 688 152 839 544 708 194 46 79 
13 9 688 152 839 545 706 194 46 79 
13 9 688 152 839 546 704 194 46 79 
13 9 688 152 839 547 704 194 46 79 
13 9 688 152 839 548 702 194 46 79 
13 9 688 152 839 549 700 194 48 79 
13 9 688 152 839 550 699 194 46 79 
13 9 688 152 839 551 697 194 46 79 
13 9 688 152 839 552 695 194 46 79 
13 9 688 152 839 553 693 194 46 79 
13 9 688 152 839 554 693 195 46 81 
13 9 688 152 839 555 692 195 46 81 
13 9 688 152 839 556 690 195 46 81 
13 9 688 152 839 557 688 195 46 81 
13 9 688 152 839 558 686 195 46 81 
13 9 688 152 839 559 684 195 48 81 
13 9 688 152 839 560 684 195 48 81 
13 9 688 152 839 561 683 195 46 81 
13 9 688 152 839 562 681 195 46 81 
13 9 688 152 839 563 679 195 46 81 
13 9 688 152 839 564 677 195 46 81 
13 9 688 152 839 565 676 195 46 81 
13 9 688 152 839 566 676 195 46 81 
13 9 688 152 839 567 674 195 46 81 
13 9 688 152 839 568 672 195 46 81 
13 9 688 152 839 569 670 195 46 81 
13 9 688 152 839 570 668 195 48 81 
13 9 688 152 839 571 667 195 46 81 
13 9 688 152 839 572 667 195 46 81 
13 9 688 152 839 573 665 195 46 81 
13 9 688 152 839 574 663 195 46 81 
13 9 688 152 839 575 661 195 46 81 
13 9 688 152 839 576 660 195 46 81 
13 9 688 152 839 577 660 197 46 79 
13 9 688 152 839 578 658 197 46 79 
13 9 688 152 839 579 656 197 46 79 
13 9 688 152 839 580 654 197 46 79 
13 9 688 152 839 581 652 197 48 79 
13 9 688 152 839 582 651 197 46 79 
13 9 688 152 839 583 651 197 46 79 
13 9 688 152 839 584 649 197 46 79 
13 9 688 152 839 585 647 197 46 79 
13 9 688 152 839 586 645 197 46 79 
13 9 688 152 839 587 644 197 46 79 
13 9 688 152 839 588 642 197 46 79 
13 9 688 152 839 589 642 197 46 79 
13 9 688 152 839 590 640 197 46 79 
13 9 688 152 839 591 638 197 46 79 
13 9 688 152 839 592 636 197 48 79 
13 9 688 152 839 593 635 197 46 79 
13 9 688 152 839 594 633 197 46 79 
13 9 688 152 839 595 633 197 46 79 
13 9 688 152 839 596 631 197 46 79 
13 9 688 152 839 597 629 197 46 79 
13 9 688 152 839 598 628 197 46 79 
13 9 688 152 839 599 626 197 46 79 
13 9 688 152 839 600 626 199 46 79 
13 9 688 152 839 601 624 199 46 79 
13 9 688 152 839 602 622 199 46 79 
13 9 688 152 839 603 620 199 48 79 
13 9 688 152 839 604 619 199 46 79 
13 9 688 152 839 605 617 199 46 79 
13 9 688 152 839 606 615 199 46 79 
13 9 688 152 839 607 615 199 46 79 
13 9 688 152 839 608 613 199 46 79 
13 9 688 152 839 609 612 199 46 79 
13 9 688 152 839 610 610 199 46 79 
13 9 688 152 839 611 608 199 46 79 
13 9 688 152 839 612 606 199 46 79 
13 9 688 152 839 613 606 199 46 79 
13 9 688 152 839 614 604 199 48 79 
13 9 688 152 839 615 603 199 46 79 
13 9 688 152 839 616 601 199 46 79 
13 9 688 152 839 617 599 199 46 82 
13 9 688 152 839 618 597 199 46 82 
13 9 688 152 839 619 597 199 46 82 
13 9 688 152 839 620 596 199 46 82 
13 9 688 152 839 621 594 199 46 82 
13 9 688 152 839 622 592 199 46 82 
13 9 688 152 839 623 590 199 46 82 
13 9 688 152 839 624 588 199 48 82 
13 9 688 152 839 625 587 199 46 82 
13 9 688 152 839 626 587 199 46 82 
13 9 688 152 839 627 585 199 46 82 
13 9 688 152 839 628 583 201 46 79 
13 9 688 152 839 629 581 201 46 79 
13 9 688 152 839 630 580 201 46 79 
13 9 688 152 839 631 578 201 46 79 
13 9 688 152 839 632 578 201 46 79 
13 9 688 152 839 633 576 201 46 82 
13 9 688 152 839 634 574 201 46 82 
13 9 688 152 839 635 572 201 48 82 
13 9 688 152 839 636 571 201 46 82 
13 9 688 152 839 637 569 201 46 82 
13 9 688 152 839 638 569 201 46 82 
13 9 688 152 839 639 567 201 46 82 
13 9 688 152 839 640 565 201 46 82 
13 9 688 152 839 641 564 201 46 82 
13 9 688 152 839 642 562 201 46 82 
13 9 688 152 839 643 560 201 46 82 
13 9 688 152 839 644 558 201 46 82 
13 9 688 152 839 645 558 201 46 82 
13 9 688 152 839 646 556 201 48 82 
13 9 688 152 839 647 555 201 46 82 
13 9 688 152 839 648 553 201 46 82 
13 9 688 152 839 649 551 201 46 82 
13 9 688 152 839 650 549 200 46 85 
13 9 688 152 839 651 549 200 46 85 
13 9 688 152 839 652 548 200 46 85 
13 9 688 152 839 653 546 200 46 85 
13 9 688 152 839 654 544 200 46 85 
13 9 688 152 839 655 542 202 46 84 
13 9 688 152 839 656 540 202 48 84 
13 9 688 152 839 657 540 202 48 84 
13 9 688 152 839 658 539 202 46 84 
13 9 688 152 839 659 537 202 46 84 
13 9 688 152 839 660 535 202 46 84 
13 9 688 152 839 661 533 202 46 84 
13 9 688 152 839 662 532 202 46 84 
13 9 688 152 839 663 530 202 46 84 
13 9 688 152 839 664 530 202 46 84 
13 9 688 152 839 665 528 202 46 84 
13 9 688 152 839 666 526 201 46 85 
13 9 688 152 839 667 524 201 48 85 
13 9 688 152 839 668 523 201 46 85 
13 9 688 152 839 669 521 201 46 85 
13 9 688 152 839 670 521 201 46 85 
13 9 688 152 839 671 519 201 46 85 
13 9 688 152 839 672 517 201 46 85 
13 9 688 152 839 673 516 201 46 85 
13 9 688 152 839 674 514 201 46 85 
13 9 688 152 839 675 512 201 46 85 
13 9 688 152 839 676 512 201 46 85 
13 9 688 152 839 677 510 201 46 85 
13 9 688 152 839 678 508 201 48 85 
13 9 688 152 839 679 507 201 46 85 
13 9 688 152 839 680 505 201 46 85 
13 9 688 152 839 681 503 201 46 85 
13 9 688 152 839 682 503 203 46 85 
13 9 688 152 839 683 501 203 46 85 
13 9 688 152 839 684 500 203 46 85 
13 9 688 152 839 685 498 203 46 85 
13 9 688 152 839 686 498 203 46 85 
13 9 688 152 839 687 496 203 46 85 
13 9 688 152 839 688 494 203 46 85 
13 9 688 152 839 689 492 203 48 85 
13 9 688 152 839 690 492 203 48 85 
13 9 688 152 839 691 491 203 46 85 
13 9 688 152 839 692 489 203 46 85 
13 9 688 152 839 693 487 203 46 85 
13 9 688 152 839 694 487 203 46 85 
13 9 688 152 839 695 485 203 46 85 
13 9 688 152 839 696 484 203 46 85 
13 9 688 152 839 697 482 203 46 85 
13 9 688 152 839 698 482 203 46 85 
13 9 688 152 839 699 480 203 46 85 
13 9 688 152 839 700 478 203 46 85 
13 9 688 152 839 701 478 203 46 85 
13 9 688 152 839 702 476 203 48 85 
13 9 688 152 839 703 475 203 46 85 
13 9 688 152 839 704 473 203 46 85 
13 9 688 152 839 705 473 203 46 85 
13 9 688 152 839 706 471 203 46 85 
13 9 688 152 839 707 469 203 46 85 
13 9 688 152 839 708 468 203 46 85 
13 9 688 152 839 709 468 203 46 85 
13 9 688 152 839 710 466 203 46 85 
13 9 688 152 839 711 464 203 46 85 
13 9 688 152 839 712 462 203 46 85 
13 9 688 152 839 713 462 203 46 85 
13 9 688 152 839 714 460 203 48 85 
13 9 688 152 839 715 459 203 46 85 
13 9 688 152 839 716 457 203 46 85 
13 9 688 152 839 717 457 203 46 85 
13 9 688 152 839 718 455 203 46 85 
13 9 688 152 839 719 453 203 46 85 
13 9 688 152 839 720 453 203 46 85 
13 9 688 152 839 721 452 203 46 85 
13 9 688 152 839 722 452 203 46 85 
13 9 688 152 839 723 450 203 46 85 
13 9 688 152 839 724 450 203 46 85 
13 9 688 152 839 725 448 203 46 85 
13 9 688 152 839 726 448 203 46 85 
13 9 688 152 839 727 448 203 46 85 
13 9 688 152 839 728 446 203 46 85 
13 9 688 152 839 729 446 205 46 85 
13 9 688 152 839 730 444 205 48 85 
13 9 688 152 839 731 444 205 48 85 
13 9 688 152 839 732 444 205 48 85 
13 9 688 152 839 733 443 205 46 85 
13 9 688 152 839 734 443 205 46 85 
13 9 688 152 839 735 441 205 46 85 
13 9 688 152 839 736 441 205 46 85 
13 9 688 152 839 737 441 205 46 85 
13 9 688 152 839 738 439 207 46 85 
13 9 688 152 839 739 439 207 46 85 
13 9 688 152 839 740 437 207 46 85 
13 9 688 152 839 741 437 207 46 85 
13 9 688 152 839 742 437 207 46 85 
13 9 688 152 839 743 436 207 46 85 
13 9 688 152 839 744 436 207 46 85 
13 9 688 152 839 745 434 207 46 85 
13 9 688 152 839 746 434 210 46 84 
13 9 688 152 839 747 434 210 46 84 
13 9 688 152 839 748 432 210 46 84 
13 9 688 152 839 749 432 210 46 84 
13 9 688 152 839 750 430 210 46 84 
13 9 688 152 839 751 430 210 46 84 
13 9 688 152 839 752 430 210 46 84 
13 9 688 152 839 753 428 210 48 84 
13 9 688 152 839 754 428 210 48 84 
13 9 688 152 839 755 427 210 46 85 
13 9 688 152 839 756 427 210 46 85 
13 9 688 152 839 757 427 210 46 85 
13 9 688 152 839 758 425 210 46 85 
13 9 688 152 839 759 425 210 46 85 
13 9 688 152 839 760 423 210 46 85 
13 9 688 152 839 761 423 210 46 85 
13 9 688 152 839 762 423 210 46 85 
13 9 688 152 839 763 421 210 46 85 
13 9 688 152 839 764 421 212 46 85 
13 9 688 152 839 765 420 212 46 85 
13 9 688 152 839 766 420 212 46 85 
13 9 688 152 839 767 420 212 46 85 
13 9 688 152 839 768 418 212 46 85 
13 9 688 152 839 769 418 212 46 85 
13 9 688 152 839 770 416 212 46 85 
13 9 688 152 839 771 416 212 46 85 
13 9 688 152 839 772 416 214 46 85 
13 9 688 152 839 773 414 214 46 85 
13 9 688 152 839 774 412 214 48 85 
13 9 688 152 839 775 412 214 48 85 
13 9 688 152 839 776 411 214 46 85 
13 9 688 152 839 777 411 214 46 85 
13 9 688 152 839 778 409 214 46 85 
13 9 688 152 839 779 409 216 46 85 
13 9 688 152 839 780 407 216 46 85 
13 9 688 152 839 781 407 216 46 85 
13 9 688 152 839 782 405 216 46 85 
13 9 688 152 839 783 405 216 46 85 
13 9 688 152 839 784 404 216 46 85 
13 9 688 152 839 785 404 217 46 85 
13 9 688 152 839 786 402 217 46 85 
13 9 688 152 839 787 402 217 46 85 
13 9 688 152 839 788 400 217 46 85 
13 9 688 152 839 789 400 217 46 85 
13 9 688 152 839 790 398 217 46 85 
13 9 688 152 839 791 398 219 46 85 
13 9 688 152 839 792 396 219 48 85 
13 9 688 152 839 793 396 219 48 85 
13 9 688 152 839 794 395 219 46 85 
13 9 688 152 839 795 395 219 46 85 
13 9 688 152 839 796 393 219 46 85 
13 9 688 152 839 797 393 221 46 85 
13 9 688 152 839 798 391 221 46 85 
13 9 688 152 839 799 391 221 46 85 
13 9 688 152 839 800 389 221 46 85 
13 9 688 152 839 801 389 221 46 85 
13 9 688 152 839 802 388 221 46 85 
13 9 688 152 839 803 388 223 46 85 
13 9 688 152 839 804 386 223 46 85 
13 9 688 152 839 805 386 223 46 85 
13 9 688 152 839 806 384 223 46 85 
13 9 688 152 839 807 384 223 46 85 
13 9 688 152 839 808 382 223 46 85 
13 9 688 152 839 809 382 226 46 84 
13 9 688 152 839 810 380 226 48 84 
13 9 688 152 839 811 380 226 48 84 
13 9 688 152 839 812 379 226 46 84 
13 9 688 152 839 813 379 226 46 84 
13 9 688 152 839 814 377 226 46 84 
13 9 688 152 839 815 377 226 46 85 
13 9 688 152 839 816 375 226 46 85 
13 9 688 152 839 817 375 226 46 85 
13 9 688 152 839 818 373 226 46 85 
13 9 688 152 839 819 373 226 46 85 
13 9 688 152 839 820 372 226 46 85 
13 9 688 152 839 821 372 228 46 85 
13 9 688 152 839 822 370 228 46 85 
13 9 688 152 839 823 370 228 46 85 
13 9 688 152 839 824 368 228 46 85 
13 9 688 152 839 825 368 228 46 85 
13 9 688 152 839 826 366 228 46 85 
13 9 688 152 839 827 366 230 46 85 
13 9 688 152 839 828 364 230 48 85 
13 9 688 152 839 829 364 230 48 85 
13 9 688 152 839 830 363 230 46 85 
13 9 688 152 839 831 363 230 46 85 
13 9 688 152 839 832 361 230 46 85 
13 9 688 152 839 833 361 232 46 85 
13 9 688 152 839 834 359 232 46 85 
13 9 688 152 839 835 359 232 46 85 
13 9 688 152 839 836 357 232 46 85 
13 9 688 152 839 837 357 232 46 85 
13 9 688 152 839 838 356 232 46 85 
13 9 688 152 839 839 356 233 46 85 
14 9 540 300 839 300 899 201 42 69 
14 9 540 300 839 301 899 201 42 69 
14 9 540 300 839 302 899 201 42 69 
14 9 540 300 839 303 899 201 42 69 
14 9 540 300 839 304 899 201 42 69 
14 9 540 300 839 305 899 201 42 69 
14 9 540 300 839 306 899 201 42 69 
14 9 540 300 839 307 899 201 42 69 
14 9 540 300 839 308 899 201 42 69 
14 9 540 300 839 309 899 201 42 69 
14 9 540 300 839 310 897 201 42 69 
14 9 540 300 839 311 897 201 42 69 
14 9 540 300 839 312 897 201 42 69 
14 9 540 300 839 313 897 201 42 69 
14 9 540 300 839 314 897 201 42 69 
14 9 540 300 839 315 897 201 42 69 
14 9 540 300 839 316 897 201 42 69 
14 9 540 300 839 317 897 201 42 69 
14 9 540 300 839 318 897 201 42 69 
14 9 540 300 839 319 897 201 42 69 
14 9 540 300 839 320 897 201 42 69 
14 9 540 300 839 321 897 201 42 69 
14 9 540 300 839 322 897 201 42 69 
14 9 540 300 839 323 897 201 42 69 
14 9 540 300 839 324 897 201 42 69 
14 9 540 300 839 325 897 201 42 69 
14 9 540 300 839 326 897 201 42 69 
14 9 540 300 839 327 897 201 42 69 
14 9 540 300 839 328 897 201 42 69 
14 9 540 300 839 329 897 201 42 69 
14 9 540 300 839 330 897 201 42 69 
14 9 540 300 839 331 895 201 44 69 
14 9 540 300 839 332 895 201 44 69 
14 9 540 300 839 333 895 201 44 69 
14 9 540 300 839 334 895 201 44 69 
14 9 540 300 839 335 895 201 44 69 
14 9 540 300 839 336 895 201 44 69 
14 9 540 300 839 337 895 201 44 69 
14 9 540 300 839 338 895 201 44 69 
14 9 540 300 839 339 895 201 44 69 
14 9 540 300 839 340 895 201 44 69 
14 9 540 300 839 341 895 201 44 69 
14 9 540 300 839 342 895 201 44 69 
14 9 540 300 839 343 895 201 44 69 
14 9 540 300 839 344 895 201 44 69 
14 9 540 300 839 345 895 201 44 69 
14 9 540 300 839 346 895 201 44 69 
14 9 540 300 839 347 895 201 44 69 
14 9 540 300 839 348 895 201 44 69 
14 9 540 300 839 349 895 201 44 69 
14 9 540 300 839 350 895 201 44 69 
14 9 540 300 839 351 895 201 44 69 
14 9 540 300 839 352 895 201 44 69 
14 9 540 300 839 353 893 201 44 69 
14 9 540 300 839 354 893 201 44 69 
14 9 540 300 839 355 893 201 44 69 
14 9 540 300 839 356 893 201 44 69 
14 9 540 300 839 357 893 201 44 69 
14 9 540 300 839 358 893 201 44 69 
14 9 540 300 839 359 893 201 44 69 
14 9 540 300 839 360 893 201 44 69 
14 9 540 300 839 361 893 201 44 69 
14 9 540 300 839 362 893 201 44 69 
14 9 540 300 839 363 893 201 44 69 
14 9 540 300 839 364 893 201 44 69 
14 9 540 300 839 365 893 201 44 69 
14 9 540 300 839 366 893 201 44 69 
14 9 540 300 839 367 893 201 44 69 
14 9 540 300 839 368 893 201 44 69 
14 9 540 300 839 369 893 201 44 69 
14 9 540 300 839 370 893 201 44 69 
14 9 540 300 839 371 893 201 44 69 
14 9 540 300 839 372 893 201 44 69 
14 9 540 300 839 373 893 201 44 69 
14 9 540 300 839 374 893 201 44 69 
14 9 540 300 839 375 892 201 42 69 
14 9 540 300 839 376 892 201 42 69 
14 9 540 300 839 377 892 201 42 69 
14 9 540 300 839 378 892 201 42 69 
14 9 540 300 839 379 892 201 42 69 
14 9 540 300 839 380 892 201 42 69 
14 9 540 300 839 381 892 201 42 69 
14 9 540 300 839 382 892 201 42 69 
14 9 540 300 839 383 892 201 42 69 
14 9 540 300 839 384 892 201 42 69 
14 9 540 300 839 385 892 201 42 69 
14 9 540 300 839 386 892 201 42 69 
14 9 540 300 839 387 892 201 42 69 
14 9 540 300 839 388 892 201 42 69 
14 9 540 300 839 389 892 201 42 69 
14 9 540 300 839 390 892 201 42 69 
14 9 540 300 839 391 892 201 42 69 
14 9 540 300 839 392 892 201 42 69 
14 9 540 300 839 393 892 201 42 69 
14 9 540 300 839 394 892 201 42 69 
14 9 540 300 839 395 892 201 42 69 
14 9 540 300 839 396 892 201 42 69 
14 9 540 300 839 397 890 201 42 69 
14 9 540 300 839 398 888 201 42 69 
14 9 540 300 839 399 886 201 44 69 
14 9 540 300 839 400 886 201 44 69 
14 9 540 300 839 401 885 201 42 69 
14 9 540 300 839 402 883 201 42 69 
14 9 540 300 839 403 883 201 42 69 
14 9 540 300 839 404 881 201 42 69 
14 9 540 300 839 405 879 201 44 69 
14 9 540 300 839 406 879 201 44 69 
14 9 540 300 839 407 877 201 44 69 
14 9 540 300 839 408 876 201 42 69 
14 9 540 300 839 409 874 201 42 69 
14 9 540 300 839 410 874 201 42 69 
14 9 540 300 839 411 872 201 42 69 
14 9 540 300 839 412 870 201 44 69 
14 9 540 300 839 413 870 201 44 69 
14 9 540 300 839 414 869 201 42 69 
14 9 540 300 839 415 867 201 42 69 
14 9 540 300 839 416 867 201 42 69 
14 9 540 300 839 417 865 201 42 69 
14 9 540 300 839 418 863 201 44 69 
14 9 540 300 839 419 861 201 44 69 
14 9 540 300 839 420 861 201 44 69 
14 9 540 300 839 421 860 201 42 69 
14 9 540 300 839 422 858 201 42 69 
14 9 540 300 839 423 858 201 42 69 
14 9 540 300 839 424 856 201 42 69 
14 9 540 300 839 425 854 201 44 69 
14 9 540 300 839 426 854 203 44 69 
14 9 540 300 839 427 853 203 42 69 
14 9 540 300 839 428 851 203 42 69 
14 9 540 300 839 429 849 203 42 69 
14 9 540 300 839 430 847 203 44 69 
14 9 540 300 839 431 847 203 44 69 
14 9 540 300 839 432 845 203 44 69 
14 9 540 300 839 433 844 203 42 69 
14 9 540 300 839 434 842 203 42 69 
14 9 540 300 839 435 840 203 42 69 
14 9 540 300 839 436 840 203 42 69 
14 9 540 300 839 437 838 203 44 69 
14 9 540 300 839 438 837 203 42 69 
14 9 540 300 839 439 835 203 42 69 
14 9 540 300 839 440 833 203 42 69 
14 9 540 300 839 441 833 203 42 69 
14 9 540 300 839 442 831 203 44 69 
14 9 540 300 839 443 829 203 44 69 
14 9 540 300 839 444 828 203 42 69 
14 9 540 300 839 445 826 203 42 69 
14 9 540 300 839 446 826 203 42 69 
14 9 540 300 839 447 824 203 42 69 
14 9 540 300 839 448 822 203 44 69 
14 9 540 300 839 449 821 203 42 69 
14 9 540 300 839 450 819 203 42 69 
14 9 540 300 839 451 819 203 42 69 
14 9 540 300 839 452 817 203 42 69 
14 9 540 300 839 453 815 203 44 69 
14 9 540 300 839 454 813 203 44 69 
14 9 540 300 839 455 812 203 42 69 
14 9 540 300 839 456 812 203 42 69 
14 9 540 300 839 457 810 203 42 69 
14 9 540 300 839 458 808 203 42 69 
14 9 540 300 839 459 806 203 44 69 
14 9 540 300 839 460 805 203 42 69 
14 9 540 300 839 461 805 203 42 69 
14 9 540 300 839 462 803 203 42 69 
14 9 540 300 839 463 801 203 42 69 
14 9 540 300 839 464 799 203 44 69 
14 9 540 300 839 465 797 203 44 69 
14 9 540 300 839 466 797 203 44 69 
14 9 540 300 839 467 796 203 42 69 
14 9 540 300 839 468 794 203 42 69 
14 9 540 300 839 469 792 203 42 69 
14 9 540 300 839 470 790 203 44 69 
14 9 540 300 839 471 790 203 44 69 
14 9 540 300 839 472 789 203 42 69 
14 9 540 300 839 473 787 203 42 69 
14 9 540 300 839 474 785 203 42 69 
14 9 540 300 839 475 783 203 44 69 
14 9 540 300 839 476 783 203 44 69 
14 9 540 300 839 477 781 203 44 69 
14 9 540 300 839 478 780 203 42 69 
14 9 540 300 839 479 778 203 42 69 
14 9 540 300 839 480 776 203 42 69 
14 9 540 300 839 481 776 203 42 69 
14 9 540 300 839 482 774 203 44 69 
14 9 540 300 839 483 773 203 42 69 
14 9 540 300 839 484 771 203 42 69 
14 9 540 300 839 485 769 203 42 69 
14 9 540 300 839 486 769 203 42 69 
14 9 540 300 839 487 767 203 44 69 
14 9 540 300 839 488 765 203 44 69 
14 9 540 300 839 489 764 203 42 69 
14 9 540 300 839 490 762 203 42 69 
14 9 540 300 839 491 762 203 42 69 
14 9 540 300 839 492 760 203 42 69 
14 9 540 300 839 493 758 203 44 69 
14 9 540 300 839 494 757 203 42 69 
14 9 540 300 839 495 755 203 42 69 
14 9 540 300 839 496 755 203 42 69 
14 9 540 300 839 497 753 203 42 69 
14 9 540 300 839 498 751 203 44 69 
14 9 540 300 839 499 749 203 44 69 
14 9 540 300 839 500 748 203 42 69 
14 9 540 300 839 501 748 203 42 69 
14 9 540 300 839 502 746 203 42 69 
14 9 540 300 839 503 744 203 42 69 
14 9 540 300 839 504 742 203 44 69 
14 9 540 300 839 505 741 203 42 69 
14 9 540 300 839 506 741 203 42 69 
14 9 540 300 839 507 739 203 42 69 
14 9 540 300 839 508 737 203 42 69 
14 9 540 300 839 509 735 203 44 69 
14 9 540 300 839 510 733 203 44 69 
14 9 540 300 839 511 733 203 44 69 
14 9 540 300 839 512 732 203 42 69 
14 9 540 300 839 513 730 203 42 69 
14 9 540 300 839 514 728 203 42 69 
14 9 540 300 839 515 726 203 44 69 
14 9 540 300 839 516 726 203 44 69 
14 9 540 300 839 517 725 203 42 69 
14 9 540 300 839 518 723 203 42 69 
14 9 540 300 839 519 721 203 42 69 
14 9 540 300 839 520 719 203 44 69 
14 9 540 300 839 521 719 203 44 69 
14 9 540 300 839 522 717 203 44 69 
14 9 540 300 839 523 716 203 42 69 
14 9 540 300 839 524 714 203 42 69 
14 9 540 300 839 525 712 203 42 69 
14 9 540 300 839 526 712 203 42 69 
14 9 540 300 839 527 710 203 44 69 
14 9 540 300 839 528 709 203 42 69 
14 9 540 300 839 529 707 203 42 69 
14 9 540 300 839 530 707 204 42 70 
14 9 540 300 839 531 705 204 42 70 
14 9 540 300 839 532 703 204 44 70 
14 9 540 300 839 533 701 204 44 70 
14 9 540 300 839 534 700 204 42 70 
14 9 540 300 839 535 698 204 42 70 
14 9 540 300 839 536 698 204 42 70 
14 9 540 300 839 537 696 204 42 70 
14 9 540 300 839 538 694 204 44 70 
14 9 540 300 839 539 693 204 42 70 
14 9 540 300 839 540 691 204 42 70 
14 9 540 300 839 541 691 204 42 70 
14 9 540 300 839 542 689 204 42 70 
14 9 540 300 839 543 687 204 44 70 
14 9 540 300 839 544 685 204 44 70 
14 9 540 300 839 545 684 204 42 70 
14 9 540 300 839 546 682 204 42 70 
14 9 540 300 839 547 682 204 42 70 
14 9 540 300 839 548 680 206 42 69 
14 9 540 300 839 549 678 206 44 69 
14 9 540 300 839 550 677 206 42 69 
14 9 540 300 839 551 675 206 42 69 
14 9 540 300 839 552 675 206 42 69 
14 9 540 300 839 553 673 206 42 69 
14 9 540 300 839 554 671 206 44 69 
14 9 540 300 839 555 669 206 44 69 
14 9 540 300 839 556 668 206 42 69 
14 9 540 300 839 557 668 206 42 69 
14 9 540 300 839 558 666 206 42 69 
14 9 540 300 839 559 664 206 42 69 
14 9 540 300 839 560 662 206 44 69 
14 9 540 300 839 561 661 206 42 69 
14 9 540 300 839 562 659 206 42 69 
14 9 540 300 839 563 659 206 42 69 
14 9 540 300 839 564 657 206 42 69 
14 9 540 300 839 565 655 208 44 69 
14 9 540 300 839 566 653 208 44 69 
14 9 540 300 839 567 652 208 42 69 
14 9 540 300 839 568 652 208 42 69 
14 9 540 300 839 569 650 208 42 69 
14 9 540 300 839 570 648 208 42 69 
14 9 540 300 839 571 646 208 44 69 
14 9 540 300 839 572 645 208 42 69 
14 9 540 300 839 573 643 208 42 69 
14 9 540 300 839 574 643 208 42 69 
14 9 540 300 839 575 641 208 42 69 
14 9 540 300 839 576 639 208 44 69 
14 9 540 300 839 577 637 208 44 69 
14 9 540 300 839 578 636 208 42 69 
14 9 540 300 839 579 636 208 42 69 
14 9 540 300 839 580 634 208 42 69 
14 9 540 300 839 581 632 208 42 69 
14 9 540 300 839 582 630 208 44 69 
14 9 540 300 839 583 629 210 42 69 
14 9 540 300 839 584 629 210 42 69 
14 9 540 300 839 585 627 210 42 69 
14 9 540 300 839 586 625 210 42 69 
14 9 540 300 839 587 623 210 44 69 
14 9 540 300 839 588 621 210 44 69 
14 9 540 300 839 589 620 210 42 69 
14 9 540 300 839 590 620 210 42 69 
14 9 540 300 839 591 618 210 42 69 
14 9 540 300 839 592 616 210 42 69 
14 9 540 300 839 593 614 210 44 69 
14 9 540 300 839 594 613 210 42 69 
14 9 540 300 839 595 613 210 42 69 
14 9 540 300 839 596 611 210 42 69 
14 9 540 300 839 597 609 210 42 69 
14 9 540 300 839 598 607 210 44 69 
14 9 540 300 839 599 605 210 44 69 
14 9 540 300 839 600 605 212 44 69 
14 9 540 300 839 601 604 212 42 69 
14 9 540 300 839 602 602 212 42 69 
14 9 540 300 839 603 600 212 42 69 
14 9 540 300 839 604 598 212 44 69 
14 9 540 300 839 605 598 212 44 69 
14 9 540 300 839 606 597 212 42 69 
14 9 540 300 839 607 595 212 42 69 
14 9 540 300 839 608 593 212 42 69 
14 9 540 300 839 609 591 212 44 69 
14 9 540 300 839 610 591 212 44 69 
14 9 540 300 839 611 589 212 44 69 
14 9 540 300 839 612 588 212 42 69 
14 9 540 300 839 613 586 212 42 69 
14 9 540 300 839 614 584 212 42 69 
14 9 540 300 839 615 584 212 42 69 
14 9 540 300 839 616 582 212 44 69 
14 9 540 300 839 617 581 212 42 69 
14 9 540 300 839 618 579 212 42 69 
14 9 540 300 839 619 577 212 42 69 
14 9 540 300 839 620 577 212 42 69 
14 9 540 300 839 621 575 212 44 69 
14 9 540 300 839 622 573 212 44 69 
14 9 540 300 839 623 572 212 42 69 
14 9 540 300 839 624 570 212 42 69 
14 9 540 300 839 625 570 212 42 69 
14 9 540 300 839 626 568 212 42 69 
14 9 540 300 839 627 566 212 44 69 
14 9 540 300 839 628 565 212 42 69 
14 9 540 300 839 629 565 212 42 69 
14 9 540 300 839 630 563 212 42 69 
14 9 540 300 839 631 561 212 42 69 
14 9 540 300 839 632 559 212 44 69 
14 9 540 300 839 633 557 212 44 69 
14 9 540 300 839 634 557 212 44 69 
14 9 540 300 839 635 556 212 42 69 
14 9 540 300 839 636 554 212 42 69 
14 9 540 300 839 637 552 212 42 69 
14 9 540 300 839 638 550 212 44 69 
14 9 540 300 839 639 550 212 44 69 
14 9 540 300 839 640 549 212 42 69 
14 9 540 300 839 641 547 212 42 69 
14 9 540 300 839 642 545 212 42 69 
14 9 540 300 839 643 543 212 44 69 
14 9 540 300 839 644 543 212 44 69 
14 9 540 300 839 645 541 212 44 69 
14 9 540 300 839 646 540 212 42 69 
14 9 540 300 839 647 538 212 42 69 
14 9 540 300 839 648 536 212 42 69 
14 9 540 300 839 649 536 212 42 69 
14 9 540 300 839 650 534 212 44 69 
14 9 540 300 839 651 533 212 42 69 
14 9 540 300 839 652 531 212 42 69 
14 9 540 300 839 653 529 212 42 69 
14 9 540 300 839 654 529 212 42 69 
14 9 540 300 839 655 527 212 44 69 
14 9 540 300 839 656 525 212 44 69 
14 9 540 300 839 657 524 212 42 69 
14 9 540 300 839 658 524 212 42 69 
14 9 540 300 839 659 522 212 42 69 
14 9 540 300 839 660 520 212 42 69 
14 9 540 300 839 661 518 212 44 69 
14 9 540 300 839 662 517 212 42 69 
14 9 540 300 839 663 517 212 42 69 
14 9 540 300 839 664 515 212 42 69 
14 9 540 300 839 665 513 212 42 69 
14 9 540 300 839 666 511 212 44 69 
14 9 540 300 839 667 509 212 44 69 
14 9 540 300 839 668 509 212 44 69 
14 9 540 300 839 669 508 212 42 69 
14 9 540 300 839 670 506 212 42 69 
14 9 540 300 839 671 504 212 42 69 
14 9 540 300 839 672 502 212 44 69 
14 9 540 300 839 673 502 212 44 69 
14 9 540 300 839 674 501 212 42 69 
14 9 540 300 839 675 499 212 42 69 
14 9 540 300 839 676 497 212 42 69 
14 9 540 300 839 677 495 212 44 69 
14 9 540 300 839 678 495 212 44 69 
14 9 540 300 839 679 493 212 44 69 
14 9 540 300 839 680 492 212 42 69 
14 9 540 300 839 681 490 212 42 69 
14 9 540 300 839 682 488 212 42 69 
14 9 540 300 839 683 488 212 42 69 
14 9 540 300 839 684 486 212 44 69 
14 9 540 300 839 685 485 212 42 69 
14 9 540 300 839 686 483 212 42 69 
14 9 540 300 839 687 483 213 42 67 
14 9 540 300 839 688 481 212 42 69 
14 9 540 300 839 689 479 212 44 69 
14 9 540 300 839 690 477 212 44 69 
14 9 540 300 839 691 476 212 42 69 
14 9 540 300 839 692 474 212 42 69 
14 9 540 300 839 693 472 212 42 69 
14 9 540 300 839 694 470 212 44 69 
14 9 540 300 839 695 470 212 44 69 
14 9 540 300 839 696 469 212 42 69 
14 9 540 300 839 697 467 212 42 69 
14 9 540 300 839 698 465 212 42 69 
14 9 540 300 839 699 463 212 44 69 
14 9 540 300 839 700 461 212 44 69 
14 9 540 300 839 701 460 212 42 69 
14 9 540 300 839 702 458 212 42 69 
14 9 540 300 839 703 458 210 42 72 
14 9 540 300 839 704 456 210 42 72 
14 9 540 300 839 705 454 210 44 72 
14 9 540 300 839 706 453 210 42 72 
14 9 540 300 839 707 451 210 42 72 
14 9 540 300 839 708 449 210 42 72 
14 9 540 300 839 709 447 210 44 72 
14 9 540 300 839 710 445 210 44 72 
14 9 540 300 839 711 445 210 44 72 
14 9 540 300 839 712 444 210 42 72 
14 9 540 300 839 713 442 210 42 72 
14 9 540 300 839 714 440 210 42 72 
14 9 540 300 839 715 438 210 44 72 
14 9 540 300 839 716 437 210 42 72 
14 9 540 300 839 717 435 210 42 72 
14 9 540 300 839 718 435 210 42 72 
14 9 540 300 839 719 433 210 42 72 
14 9 540 300 839 720 431 210 44 72 
14 9 540 300 839 721 429 210 44 72 
14 9 540 300 839 722 429 210 44 72 
14 9 540 300 839 723 428 210 42 72 
14 9 540 300 839 724 426 210 42 72 
14 9 540 300 839 725 426 210 42 72 
14 9 540 300 839 726 424 209 42 75 
14 9 540 300 839 727 422 209 44 75 
14 9 540 300 839 728 422 209 44 75 
14 9 540 300 839 729 421 209 42 75 
14 9 540 300 839 730 419 209 42 75 
14 9 540 300 839 731 419 209 42 75 
14 9 540 300 839 732 417 212 42 72 
14 9 540 300 839 733 415 212 44 72 
14 9 540 300 839 734 415 211 44 73 
14 9 540 300 839 735 413 211 44 73 
14 9 540 300 839 736 412 211 42 73 
14 9 540 300 839 737 412 211 42 73 
14 9 540 300 839 738 410 211 42 73 
14 9 540 300 839 739 408 211 42 73 
14 9 540 300 839 740 408 211 42 73 
14 9 540 300 839 741 406 211 44 73 
14 9 540 300 839 742 405 211 42 76 
14 9 540 300 839 743 405 211 42 76 
14 9 540 300 839 744 403 211 42 76 
14 9 540 300 839 745 401 212 42 75 
14 9 540 300 839 746 401 212 42 75 
14 9 540 300 839 747 399 212 44 75 
14 9 540 300 839 748 397 212 44 75 
14 9 540 300 839 749 397 212 44 75 
14 9 540 300 839 750 396 212 42 78 
14 9 540 300 839 751 394 212 42 78 
14 9 540 300 839 752 394 212 42 78 
14 9 540 300 839 753 392 212 42 78 
14 9 540 300 839 754 390 212 44 78 
14 9 540 300 839 755 390 212 44 78 
14 9 540 300 839 756 389 212 42 78 
14 9 540 300 839 757 387 212 42 78 
14 9 540 300 839 758 387 214 42 78 
14 9 540 300 839 759 385 216 42 76 
14 9 540 300 839 760 385 218 42 76 
14 9 540 300 839 761 383 218 44 76 
14 9 540 300 839 762 383 218 44 76 
14 9 540 300 839 763 381 217 44 79 
14 9 540 300 839 764 381 219 44 78 
14 9 540 300 839 765 380 219 42 78 
14 9 540 300 839 766 380 218 42 81 
14 9 540 300 839 767 378 221 42 78 
14 9 540 300 839 768 378 221 42 78 
14 9 540 300 839 769 376 220 42 81 
14 9 540 300 839 770 376 220 42 81 
14 9 540 300 839 771 374 223 44 78 
14 9 540 300 839 772 374 222 44 79 
14 9 540 300 839 773 373 222 42 79 
14 9 540 300 839 774 373 225 42 76 
14 9 540 300 839 775 370 224 46 79 
14 9 540 300 839 776 371 224 42 79 
14 9 540 300 839 777 368 227 46 76 
14 9 540 300 839 778 369 226 42 79 
14 9 540 300 839 779 366 226 46 79 
14 9 540 300 839 780 367 226 44 82 
14 9 540 300 839 781 364 227 48 81 
14 9 540 300 839 782 365 227 44 81 
14 9 540 300 839 783 363 227 46 82 
14 9 540 300 839 784 364 229 42 79 
14 9 540 300 839 785 361 229 46 79 
14 9 540 300 839 786 362 229 42 82 
14 9 540 300 839 787 359 231 46 79 
14 9 540 300 839 788 359 231 46 79 
14 9 540 300 839 789 357 231 46 82 
14 9 540 300 839 790 357 231 46 82 
14 9 540 300 839 791 356 233 46 79 
14 9 540 300 839 792 356 233 46 82 
14 9 540 300 839 793 354 233 46 82 
14 9 540 300 839 794 354 234 46 81 
14 9 540 300 839 795 352 234 46 84 
14 9 540 300 839 796 352 234 46 84 
14 9 540 300 839 797 350 233 46 85 
14 9 540 300 839 798 350 236 46 82 
14 9 540 300 839 799 348 236 48 82 
14 9 540 300 839 800 348 235 48 85 
14 9 540 300 839 801 346 238 50 82 
14 9 540 300 839 802 347 238 46 82 
14 9 540 300 839 803 344 237 50 85 
14 9 540 300 839 804 345 240 46 82 
14 9 540 300 839 805 342 240 50 82 
14 9 540 300 839 806 343 239 46 85 
14 9 540 300 839 807 340 239 50 85 
14 9 540 300 839 808 341 242 46 82 
14 9 540 300 839 809 340 242 48 84 
14 9 540 300 839 810 340 242 46 84 
14 9 540 300 839 811 337 243 50 82 
14 9 540 300 839 812 338 242 46 85 
14 9 540 300 839 813 335 242 50 85 
14 9 540 300 839 814 335 244 50 85 
14 9 540 300 839 815 333 244 50 85 
14 9 540 300 839 816 331 244 50 85 
14 9 540 300 839 817 331 244 50 85 
14 9 540 300 839 818 330 244 50 85 
14 9 540 300 839 819 331 244 46 85 
14 9 540 300 839 820 328 244 50 85 
14 9 540 300 839 821 329 244 46 85 
14 9 540 300 839 822 327 244 46 85 
14 9 540 300 839 823 324 244 50 85 
14 9 540 300 839 824 325 244 46 85 
14 9 540 300 839 825 324 244 46 85 
14 9 540 300 839 826 324 244 46 85 
14 9 540 300 839 827 322 244 46 85 
14 9 540 300 839 828 322 244 46 85 
14 9 540 300 839 829 320 244 46 85 
14 9 540 300 839 830 321 244 42 85 
14 9 540 300 839 831 318 244 46 85 
14 9 540 300 839 832 316 244 48 85 
14 9 540 300 839 833 317 244 44 85 
14 9 540 300 839 834 315 244 46 85 
14 9 540 300 839 835 316 244 42 85 
14 9 540 300 839 836 314 244 42 85 
14 9 540 300 839 837 314 244 42 85 
14 9 540 300 839 838 312 244 42 85 
14 9 540 300 839 839 312 244 42 88 
15 9 274 194 467 194 587 209 50 66 
15 9 274 194 467 195 589 209 50 66 
15 9 274 194 467 196 589 209 50 66 
15 9 274 194 467 197 591 208 50 69 
15 9 274 194 467 198 591 208 50 69 
15 9 274 194 467 199 593 208 50 69 
15 9 274 194 467 200 596 208 48 72 
15 9 274 194 467 201 596 208 48 72 
15 9 274 194 467 202 596 208 48 72 
15 9 274 194 467 203 596 208 50 72 
15 9 274 194 467 204 596 208 50 72 
15 9 274 194 467 205 598 208 50 72 
15 9 274 194 467 206 598 208 50 72 
15 9 274 194 467 207 598 208 50 72 
15 9 274 194 467 208 600 208 50 72 
15 9 274 194 467 209 600 208 50 72 
15 9 274 194 467 210 602 208 50 72 
15 9 274 194 467 211 602 208 50 72 
15 9 274 194 467 212 603 208 50 72 
15 9 274 194 467 213 603 208 50 72 
15 9 274 194 467 214 605 208 50 72 
15 9 274 194 467 215 607 208 50 72 
15 9 274 194 467 216 607 208 50 72 
15 9 274 194 467 217 609 208 50 72 
15 9 274 194 467 218 609 208 50 72 
15 9 274 194 467 219 612 208 48 72 
15 9 274 194 467 220 612 208 50 72 
15 9 274 194 467 221 612 206 50 72 
15 9 274 194 467 222 614 206 50 72 
15 9 274 194 467 223 614 206 50 72 
15 9 274 194 467 224 616 206 50 72 
15 9 274 194 467 225 618 206 50 72 
15 9 274 194 467 226 618 206 50 72 
15 9 274 194 467 227 619 206 50 72 
15 9 274 194 467 228 619 206 50 72 
15 9 274 194 467 229 621 206 50 72 
15 9 274 194 467 230 623 206 50 72 
15 9 274 194 467 231 623 206 50 72 
15 9 274 194 467 232 623 206 50 72 
15 9 274 194 467 233 625 206 50 72 
15 9 274 194 467 234 625 206 50 72 
15 9 274 194 467 235 628 206 48 72 
15 9 274 194 467 236 628 206 48 72 
15 9 274 194 467 237 628 206 48 72 
15 9 274 194 467 238 628 206 50 72 
15 9 274 194 467 239 628 206 50 72 
15 9 274 194 467 240 630 206 50 72 
15 9 274 194 467 241 630 206 50 72 
15 9 274 194 467 242 632 206 50 72 
15 9 274 194 467 243 632 206 50 72 
15 9 274 194 467 244 634 206 50 72 
15 9 274 194 467 245 635 206 50 72 
15 9 274 194 467 246 635 206 50 72 
15 9 274 194 467 247 637 206 50 72 
15 9 274 194 467 248 637 206 50 72 
15 9 274 194 467 249 639 206 50 72 
15 9 274 194 467 250 641 206 50 72 
15 9 274 194 467 251 641 206 50 72 
15 9 274 194 467 252 641 206 50 72 
15 9 274 194 467 253 644 206 48 72 
15 9 274 194 467 254 644 206 48 72 
15 9 274 194 467 255 644 206 50 72 
15 9 274 194 467 256 644 206 50 72 
15 9 274 194 467 257 644 206 50 72 
15 9 274 194 467 258 646 206 50 72 
15 9 274 194 467 259 646 206 50 72 
15 9 274 194 467 260 648 206 50 72 
15 9 274 194 467 261 648 206 50 69 
15 9 274 194 467 262 650 206 50 69 
15 9 274 194 467 263 650 206 50 69 
15 9 274 194 467 264 651 206 50 69 
15 9 274 194 467 265 651 206 50 69 
15 9 274 194 467 266 653 206 50 67 
15 9 274 194 467 267 653 206 50 67 
15 9 274 194 467 268 655 206 50 67 
15 9 274 194 467 269 655 206 50 67 
15 9 274 194 467 270 657 206 50 67 
15 9 274 194 467 271 657 204 50 67 
15 9 274 194 467 272 660 204 48 67 
15 9 274 194 467 273 660 204 48 67 
15 9 274 194 467 274 660 204 50 67 
15 9 274 194 467 275 660 204 50 67 
15 9 274 194 467 276 662 204 50 67 
15 9 274 194 467 277 662 204 50 67 
15 9 274 194 467 278 664 204 50 67 
15 9 274 194 467 279 664 204 50 67 
15 9 274 194 467 280 666 204 50 67 
15 9 274 194 467 281 666 204 50 67 
15 9 274 194 467 282 667 204 50 67 
15 9 274 194 467 283 667 204 50 67 
15 9 274 194 467 284 669 204 50 67 
15 9 274 194 467 285 669 204 50 67 
15 9 274 194 467 286 671 204 50 67 
15 9 274 194 467 287 671 204 50 67 
15 9 274 194 467 288 673 204 50 67 
15 9 274 194 467 289 673 204 50 67 
15 9 274 194 467 290 676 204 48 67 
15 9 274 194 467 291 676 204 48 67 
15 9 274 194 467 292 676 204 48 67 
15 9 274 194 467 293 676 204 50 67 
15 9 274 194 467 294 676 204 50 67 
15 9 274 194 467 295 678 204 50 67 
15 9 274 194 467 296 678 204 50 67 
15 9 274 194 467 297 678 204 50 67 
15 9 274 194 467 298 680 204 50 67 
15 9 274 194 467 299 680 204 50 67 
15 9 274 194 467 300 682 204 50 67 
15 9 274 194 467 301 682 204 50 66 
15 9 274 194 467 302 682 204 50 66 
15 9 274 194 467 303 683 204 50 66 
15 9 274 194 467 304 683 204 50 66 
15 9 274 194 467 305 685 204 50 66 
15 9 274 194 467 306 685 204 50 66 
15 9 274 194 467 307 687 204 50 66 
15 9 274 194 467 308 687 204 50 66 
15 9 274 194 467 309 689 204 50 66 
15 9 274 194 467 310 689 204 50 66 
15 9 274 194 467 311 692 204 46 66 
15 9 274 194 467 312 692 204 48 66 
15 9 274 194 467 313 693 204 46 66 
15 9 274 194 467 314 692 204 50 66 
15 9 274 194 467 315 695 204 46 66 
15 9 274 194 467 316 694 204 50 66 
15 9 274 194 467 317 697 204 46 66 
15 9 274 194 467 318 696 204 50 66 
15 9 274 194 467 319 699 204 46 66 
15 9 274 194 467 320 698 204 50 66 
15 9 274 194 467 321 698 204 50 66 
15 9 274 194 467 322 700 204 48 66 
15 9 274 194 467 323 699 204 50 66 
15 9 274 194 467 324 702 204 46 66 
15 9 274 194 467 325 701 204 50 66 
15 9 274 194 467 326 704 204 46 66 
15 9 274 194 467 327 703 201 50 69 
15 9 274 194 467 328 706 201 46 69 
15 9 274 194 467 329 705 201 50 69 
15 9 274 194 467 330 708 201 46 69 
15 9 274 194 467 331 708 202 48 66 
15 9 274 194 467 332 709 202 46 66 
15 9 274 194 467 333 709 202 46 66 
15 9 274 194 467 334 711 202 46 66 
15 9 274 194 467 335 711 202 46 66 
15 9 274 194 467 336 713 202 46 66 
15 9 274 194 467 337 713 202 46 66 
15 9 274 194 467 338 715 202 46 66 
15 9 274 194 467 339 715 202 46 66 
15 9 274 194 467 340 716 202 48 66 
15 9 274 194 467 341 716 202 48 66 
15 9 274 194 467 342 715 202 50 66 
15 9 274 194 467 343 718 202 46 66 
15 9 274 194 467 344 718 202 46 66 
15 9 274 194 467 345 720 202 46 66 
15 9 274 194 467 346 720 202 46 66 
15 9 274 194 467 347 722 202 46 66 
15 9 274 194 467 348 722 202 46 66 
15 9 274 194 467 349 724 202 46 66 
15 9 274 194 467 350 724 202 46 66 
15 9 274 194 467 351 725 202 46 66 
15 9 274 194 467 352 725 202 46 66 
15 9 274 194 467 353 727 199 46 69 
15 9 274 194 467 354 727 199 46 69 
15 9 274 194 467 355 730 199 42 69 
15 9 274 194 467 356 729 199 46 69 
15 9 274 194 467 357 732 199 42 69 
15 9 274 194 467 358 731 199 46 69 
15 9 274 194 467 359 733 199 44 69 
15 9 274 194 467 360 732 199 48 69 
15 9 274 194 467 361 735 199 44 69 
15 9 274 194 467 362 734 199 46 67 
15 9 274 194 467 363 734 199 46 67 
15 9 274 194 467 364 736 199 46 67 
15 9 274 194 467 365 736 199 46 67 
15 9 274 194 467 366 739 199 42 67 
15 9 274 194 467 367 738 199 46 67 
15 9 274 194 467 368 741 199 42 67 
15 9 274 194 467 369 740 199 46 67 
15 9 274 194 467 370 742 199 44 67 
15 9 274 194 467 371 741 199 46 67 
15 9 274 194 467 372 744 199 42 67 
15 9 274 194 467 373 743 199 46 67 
15 9 274 194 467 374 746 199 42 67 
15 9 274 194 467 375 745 199 46 67 
15 9 274 194 467 376 748 199 42 67 
15 9 274 194 467 377 748 199 42 67 
15 9 274 194 467 378 749 199 44 67 
15 9 274 194 467 379 749 197 44 70 
15 9 274 194 467 380 751 197 44 70 
15 9 274 194 467 381 751 197 44 70 
15 9 274 194 467 382 750 197 46 70 
15 9 274 194 467 383 753 197 42 70 
15 9 274 194 467 384 752 197 46 70 
15 9 274 194 467 385 755 197 42 70 
15 9 274 194 467 386 754 197 46 70 
15 9 274 194 467 387 757 197 42 70 
15 9 274 194 467 388 757 197 42 70 
15 9 274 194 467 389 758 197 44 70 
15 9 274 194 467 390 758 197 44 70 
15 9 274 194 467 391 760 197 42 70 
15 9 274 194 467 392 760 197 42 67 
15 9 274 194 467 393 762 197 42 67 
15 9 274 194 467 394 762 197 42 67 
15 9 274 194 467 395 764 197 42 67 
15 9 274 194 467 396 764 197 42 67 
15 9 274 194 467 397 766 197 40 67 
15 9 274 194 467 398 765 197 44 67 
15 9 274 194 467 399 768 197 40 67 
15 9 274 194 467 400 767 197 44 67 
15 9 274 194 467 401 770 197 40 67 
15 9 274 194 467 402 769 197 42 67 
15 9 274 194 467 403 769 197 42 67 
15 9 274 194 467 404 771 197 42 67 
15 9 274 194 467 405 771 196 42 69 
15 9 274 194 467 406 773 196 42 69 
15 9 274 194 467 407 773 196 42 69 
15 9 274 194 467 408 775 196 40 69 
15 9 274 194 467 409 774 196 44 69 
15 9 274 194 467 410 777 196 40 69 
15 9 274 194 467 411 776 196 42 69 
15 9 274 194 467 412 779 196 38 69 
15 9 274 194 467 413 778 196 42 69 
15 9 274 194 467 414 781 196 38 69 
15 9 274 194 467 415 780 196 42 69 
15 9 274 194 467 416 782 196 40 69 
15 9 274 194 467 417 781 196 44 69 
15 9 274 194 467 418 784 196 40 69 
15 9 274 194 467 419 784 196 40 69 
15 9 274 194 467 420 786 196 40 69 
15 9 274 194 467 421 786 196 40 69 
15 9 274 194 467 422 788 196 38 69 
15 9 274 194 467 423 788 197 38 66 
15 9 274 194 467 424 787 197 42 66 
15 9 274 194 467 425 790 197 38 66 
15 9 274 194 467 426 789 197 42 66 
15 9 274 194 467 427 791 197 40 66 
15 9 274 194 467 428 790 197 44 66 
15 9 274 194 467 429 793 197 40 66 
15 9 274 194 467 430 793 197 40 66 
15 9 274 194 467 431 795 194 38 69 
15 9 274 194 467 432 795 194 38 69 
15 9 274 194 467 433 797 194 38 69 
15 9 274 194 467 434 797 194 38 69 
15 9 274 194 467 435 798 194 40 69 
15 9 274 194 467 436 798 194 40 69 
15 9 274 194 467 437 800 194 40 69 
15 9 274 194 467 438 800 194 40 69 
15 9 274 194 467 439 802 194 40 69 
15 9 274 194 467 440 802 194 40 69 
15 9 274 194 467 441 805 194 36 69 
15 9 274 194 467 442 804 194 38 69 
15 9 274 194 467 443 804 194 38 69 
15 9 274 194 467 444 806 194 38 69 
15 9 274 194 467 445 806 194 38 69 
15 9 274 194 467 446 807 194 40 69 
15 9 274 194 467 447 807 194 40 69 
15 9 274 194 467 448 809 194 40 69 
15 9 274 194 467 449 809 194 40 69 
15 9 274 194 467 450 811 194 38 69 
15 9 274 194 467 451 811 194 38 69 
15 9 274 194 467 452 814 194 34 69 
15 9 274 194 467 453 813 195 38 66 
15 9 274 194 467 454 815 195 36 66 
15 9 274 194 467 455 814 195 40 66 
15 9 274 194 467 456 817 195 36 66 
15 9 274 194 467 457 816 192 40 69 
15 9 274 194 467 458 819 192 36 69 
15 9 274 194 467 459 818 192 40 69 
15 9 274 194 467 460 821 192 36 69 
15 9 274 194 467 461 820 192 38 69 
15 9 274 194 467 462 823 192 34 69 
15 9 274 194 467 463 823 192 34 69 
15 9 274 194 467 464 822 192 38 69 
15 9 274 194 467 465 824 192 36 69 
15 9 274 194 467 466 823 192 40 69 
15 9 274 194 467 467 826 192 36 69 
16 9 197 125 321 125 979 194 36 69 
16 9 197 125 321 126 979 196 36 69 
16 9 197 125 321 127 977 196 36 69 
16 9 197 125 321 128 977 196 36 69 
16 9 197 125 321 129 975 196 36 69 
16 9 197 125 321 130 975 196 36 69 
16 9 197 125 321 131 975 197 36 70 
16 9 197 125 321 132 974 197 34 70 
16 9 197 125 321 133 974 197 34 70 
16 9 197 125 321 134 972 197 36 70 
16 9 197 125 321 135 972 197 36 70 
16 9 197 125 321 136 970 197 36 70 
16 9 197 125 321 137 970 197 36 70 
16 9 197 125 321 138 968 197 36 70 
16 9 197 125 321 139 968 197 36 70 
16 9 197 125 321 140 967 197 34 70 
16 9 197 125 321 141 967 197 34 70 
16 9 197 125 321 142 965 197 36 70 
16 9 197 125 321 143 963 197 36 70 
16 9 197 125 321 144 963 197 36 70 
16 9 197 125 321 145 961 197 36 70 
16 9 197 125 321 146 961 197 36 70 
16 9 197 125 321 147 959 197 36 70 
16 9 197 125 321 148 958 197 34 70 
16 9 197 125 321 149 958 197 34 70 
16 9 197 125 321 150 956 197 36 70 
16 9 197 125 321 151 956 197 36 70 
16 9 197 125 321 152 954 197 36 70 
16 9 197 125 321 153 954 197 36 70 
16 9 197 125 321 154 954 197 36 70 
16 9 197 125 321 155 954 197 36 70 
16 9 197 125 321 156 954 199 36 69 
16 9 197 125 321 157 952 199 36 69 
16 9 197 125 321 158 952 199 36 69 
16 9 197 125 321 159 952 199 36 69 
16 9 197 125 321 160 952 199 36 69 
16 9 197 125 321 161 952 201 36 69 
16 9 197 125 321 162 951 201 34 69 
16 9 197 125 321 163 951 201 34 69 
16 9 197 125 321 164 949 201 36 69 
16 9 197 125 321 165 949 201 36 69 
16 9 197 125 321 166 949 201 36 69 
16 9 197 125 321 167 947 201 36 69 
16 9 197 125 321 168 947 201 36 69 
16 9 197 125 321 169 945 201 36 69 
16 9 197 125 321 170 945 201 36 69 
16 9 197 125 321 171 945 201 36 69 
16 9 197 125 321 172 943 201 36 69 
16 9 197 125 321 173 943 201 36 69 
16 9 197 125 321 174 942 201 34 69 
16 9 197 125 321 175 942 201 34 69 
16 9 197 125 321 176 942 201 34 69 
16 9 197 125 321 177 940 201 36 69 
16 9 197 125 321 178 940 201 36 69 
16 9 197 125 321 179 938 201 36 69 
16 9 197 125 321 180 938 201 36 69 
16 9 197 125 321 181 938 201 36 69 
16 9 197 125 321 182 936 201 36 69 
16 9 197 125 321 183 936 201 36 69 
16 9 197 125 321 184 935 201 34 69 
16 9 197 125 321 185 935 201 34 69 
16 9 197 125 321 186 935 201 34 69 
16 9 197 125 321 187 933 201 36 69 
16 9 197 125 321 188 933 201 36 69 
16 9 197 125 321 189 933 201 36 69 
16 9 197 125 321 190 931 201 36 69 
16 9 197 125 321 191 931 201 36 69 
16 9 197 125 321 192 929 201 36 69 
16 9 197 125 321 193 929 201 36 69 
16 9 197 125 321 194 929 201 36 69 
16 9 197 125 321 195 927 201 36 69 
16 9 197 125 321 196 927 201 36 69 
16 9 197 125 321 197 927 201 36 69 
16 9 197 125 321 198 926 201 34 69 
16 9 197 125 321 199 926 201 34 69 
16 9 197 125 321 200 926 201 34 69 
16 9 197 125 321 201 926 201 34 69 
16 9 197 125 321 202 924 201 36 69 
16 9 197 125 321 203 924 201 36 69 
16 9 197 125 321 204 924 201 36 69 
16 9 197 125 321 205 922 201 36 69 
16 9 197 125 321 206 922 201 36 69 
16 9 197 125 321 207 922 201 36 69 
16 9 197 125 321 208 922 201 36 69 
16 9 197 125 321 209 922 201 36 69 
16 9 197 125 321 210 922 201 36 69 
16 9 197 125 321 211 922 201 36 69 
16 9 197 125 321 212 920 201 36 69 
16 9 197 125 321 213 920 201 36 69 
16 9 197 125 321 214 920 201 36 69 
16 9 197 125 321 215 919 201 34 69 
16 9 197 125 321 216 919 201 34 69 
16 9 197 125 321 217 919 201 34 69 
16 9 197 125 321 218 917 201 36 69 
16 9 197 125 321 219 917 201 36 69 
16 9 197 125 321 220 917 201 36 69 
16 9 197 125 321 221 917 201 36 69 
16 9 197 125 321 222 915 201 36 69 
16 9 197 125 321 223 915 201 36 69 
16 9 197 125 321 224 915 201 36 69 
16 9 197 125 321 225 913 201 36 69 
16 9 197 125 321 226 913 201 36 69 
16 9 197 125 321 227 913 201 36 69 
16 9 197 125 321 228 911 201 36 69 
16 9 197 125 321 229 911 201 36 69 
16 9 197 125 321 230 911 201 36 69 
16 9 197 125 321 231 911 201 36 69 
16 9 197 125 321 232 909 201 38 69 
16 9 197 125 321 233 909 201 38 69 
16 9 197 125 321 234 909 201 38 69 
16 9 197 125 321 235 906 201 42 69 
16 9 197 125 321 236 906 201 42 69 
16 9 197 125 321 237 906 201 42 69 
16 9 197 125 321 238 903 201 46 69 
16 9 197 125 321 239 903 201 46 69 
16 9 197 125 321 240 903 201 46 69 
16 9 197 125 321 241 903 201 46 69 
16 9 197 125 321 242 901 199 46 69 
16 9 197 125 321 243 901 199 46 69 
16 9 197 125 321 244 901 199 46 69 
16 9 197 125 321 245 901 199 46 69 
16 9 197 125 321 246 901 199 46 69 
16 9 197 125 321 247 901 199 46 69 
16 9 197 125 321 248 901 199 46 69 
16 9 197 125 321 249 901 199 46 69 
16 9 197 125 321 250 901 199 46 69 
16 9 197 125 321 251 901 199 46 69 
16 9 197 125 321 252 900 199 46 69 
16 9 197 125 321 253 900 199 46 69 
16 9 197 125 321 254 900 199 46 69 
16 9 197 125 321 255 900 199 46 69 
16 9 197 125 321 256 900 199 46 69 
16 9 197 125 321 257 898 199 46 69 
16 9 197 125 321 258 898 199 46 69 
16 9 197 125 321 259 898 199 46 69 
16 9 197 125 321 260 898 199 46 69 
16 9 197 125 321 261 898 199 46 69 
16 9 197 125 321 262 899 199 44 69 
16 9 197 125 321 263 899 199 44 69 
16 9 197 125 321 264 899 199 44 69 
16 9 197 125 321 265 899 199 44 69 
16 9 197 125 321 266 899 199 44 69 
16 9 197 125 321 267 899 199 44 69 
16 9 197 125 321 268 899 199 44 69 
16 9 197 125 321 269 899 199 44 69 
16 9 197 125 321 270 899 200 44 69 
16 9 197 125 321 271 899 200 44 69 
16 9 197 125 321 272 900 200 42 69 
16 9 197 125 321 273 900 200 42 69 
16 9 197 125 321 274 900 200 42 69 
16 9 197 125 321 275 900 200 42 69 
16 9 197 125 321 276 900 200 42 69 
16 9 197 125 321 277 900 200 42 69 
16 9 197 125 321 278 900 201 42 69 
16 9 197 125 321 279 900 201 42 69 
16 9 197 125 321 280 900 201 42 69 
16 9 197 125 321 281 900 201 42 69 
16 9 197 125 321 282 902 201 40 69 
16 9 197 125 321 283 902 201 40 69 
16 9 197 125 321 284 902 201 40 69 
16 9 197 125 321 285 902 201 40 69 
16 9 197 125 321 286 902 202 40 69 
16 9 197 125 321 287 902 202 40 69 
16 9 197 125 321 288 902 202 40 69 
16 9 197 125 321 289 902 202 40 69 
16 9 197 125 321 290 902 202 40 69 
16 9 197 125 321 291 902 202 40 69 
16 9 197 125 321 292 903 202 38 69 
16 9 197 125 321 293 903 202 38 69 
16 9 197 125 321 294 903 203 38 69 
16 9 197 125 321 295 903 203 38 69 
16 9 197 125 321 296 903 203 38 69 
16 9 197 125 321 297 903 203 38 69 
16 9 197 125 321 298 903 203 38 69 
16 9 197 125 321 299 903 203 38 69 
16 9 197 125 321 300 903 203 38 69 
16 9 197 125 321 301 903 203 38 69 
16 9 197 125 321 302 904 204 38 69 
16 9 197 125 321 303 908 203 38 69 
16 9 197 125 321 304 913 202 38 69 
16 9 197 125 321 305 918 202 38 69 
16 9 197 125 321 306 923 201 38 69 
16 9 197 125 321 307 929 200 36 70 
16 9 197 125 321 308 934 200 36 69 
16 9 197 125 321 309 937 199 38 70 
16 9 197 125 321 310 942 198 38 70 
16 9 197 125 321 311 947 198 38 70 
16 9 197 125 321 312 953 197 36 70 
16 9 197 125 321 313 958 197 36 70 
16 9 197 125 321 314 963 196 36 70 
16 9 197 125 321 315 966 195 38 72 
16 9 197 125 321 316 971 195 38 70 
16 9 197 125 321 317 977 194 36 72 
16 9 197 125 321 318 982 193 36 72 
16 9 197 125 321 319 987 193 36 72 
16 9 197 125 321 320 992 192 36 72 
16 9 197 125 321 321 996 191 36 72 
