2 11 85 175 259 175 924 193 70 75 
2 11 85 175 259 176 924 193 70 75 
2 11 85 175 259 177 924 193 70 75 
2 11 85 175 259 178 924 193 70 75 
2 11 85 175 259 179 924 193 70 75 
2 11 85 175 259 180 924 193 70 75 
2 11 85 175 259 181 924 193 70 75 
2 11 85 175 259 182 924 193 70 75 
2 11 85 175 259 183 924 193 70 75 
2 11 85 175 259 184 924 193 70 75 
2 11 85 175 259 185 924 193 70 75 
2 11 85 175 259 186 924 193 70 75 
2 11 85 175 259 187 924 193 70 75 
2 11 85 175 259 188 924 193 70 75 
2 11 85 175 259 189 924 193 70 75 
2 11 85 175 259 190 924 193 70 75 
2 11 85 175 259 191 924 193 70 75 
2 11 85 175 259 192 924 193 70 75 
2 11 85 175 259 193 924 193 70 75 
2 11 85 175 259 194 924 193 70 75 
2 11 85 175 259 195 924 193 70 75 
2 11 85 175 259 196 924 193 70 75 
2 11 85 175 259 197 924 193 70 75 
2 11 85 175 259 198 924 193 70 75 
2 11 85 175 259 199 924 193 70 75 
2 11 85 175 259 200 924 193 70 75 
2 11 85 175 259 201 924 193 70 75 
2 11 85 175 259 202 924 193 70 75 
2 11 85 175 259 203 924 193 70 75 
2 11 85 175 259 204 924 193 70 75 
2 11 85 175 259 205 924 193 70 75 
2 11 85 175 259 206 924 193 70 75 
2 11 85 175 259 207 924 193 70 75 
2 11 85 175 259 208 924 193 70 75 
2 11 85 175 259 209 924 193 70 75 
2 11 85 175 259 210 924 193 70 75 
2 11 85 175 259 211 924 193 70 75 
2 11 85 175 259 212 924 193 70 75 
2 11 85 175 259 213 924 193 70 75 
2 11 85 175 259 214 924 193 70 75 
2 11 85 175 259 215 924 193 70 75 
2 11 85 175 259 216 924 193 70 75 
2 11 85 175 259 217 924 193 70 75 
2 11 85 175 259 218 924 193 70 75 
2 11 85 175 259 219 924 193 70 75 
2 11 85 175 259 220 924 193 70 75 
2 11 85 175 259 221 924 193 70 75 
2 11 85 175 259 222 924 193 70 75 
2 11 85 175 259 223 924 193 70 75 
2 11 85 175 259 224 924 193 70 75 
2 11 85 175 259 225 924 193 70 75 
2 11 85 175 259 226 924 193 70 75 
2 11 85 175 259 227 924 193 70 75 
2 11 85 175 259 228 924 193 70 75 
2 11 85 175 259 229 924 193 70 75 
2 11 85 175 259 230 924 193 70 75 
2 11 85 175 259 231 924 193 70 75 
2 11 85 175 259 232 924 193 70 75 
2 11 85 175 259 233 924 193 70 75 
2 11 85 175 259 234 924 193 70 75 
2 11 85 175 259 235 924 193 70 75 
2 11 85 175 259 236 924 193 70 75 
2 11 85 175 259 237 924 193 70 75 
2 11 85 175 259 238 924 193 70 75 
2 11 85 175 259 239 924 193 70 75 
2 11 85 175 259 240 924 193 70 75 
2 11 85 175 259 241 924 193 70 75 
2 11 85 175 259 242 924 193 70 75 
2 11 85 175 259 243 924 193 70 75 
2 11 85 175 259 244 924 193 70 75 
2 11 85 175 259 245 924 193 70 75 
2 11 85 175 259 246 924 193 70 75 
2 11 85 175 259 247 924 193 70 75 
2 11 85 175 259 248 924 193 70 75 
2 11 85 175 259 249 924 193 70 75 
2 11 85 175 259 250 924 193 70 75 
2 11 85 175 259 251 924 193 70 75 
2 11 85 175 259 252 924 193 70 75 
2 11 85 175 259 253 924 193 70 75 
2 11 85 175 259 254 924 193 70 75 
2 11 85 175 259 255 924 193 70 75 
2 11 85 175 259 256 924 193 70 75 
2 11 85 175 259 257 924 193 70 75 
2 11 85 175 259 258 924 193 70 75 
2 11 85 175 259 259 924 193 70 75 
3 11 66 191 256 191 906 191 73 87 
3 11 66 191 256 192 906 191 73 87 
3 11 66 191 256 193 906 191 73 87 
3 11 66 191 256 194 906 191 73 87 
3 11 66 191 256 195 906 191 73 87 
3 11 66 191 256 196 906 191 73 87 
3 11 66 191 256 197 906 191 73 87 
3 11 66 191 256 198 906 191 73 87 
3 11 66 191 256 199 906 191 73 87 
3 11 66 191 256 200 906 191 73 87 
3 11 66 191 256 201 906 191 73 87 
3 11 66 191 256 202 906 191 73 87 
3 11 66 191 256 203 906 191 73 87 
3 11 66 191 256 204 906 191 73 87 
3 11 66 191 256 205 906 191 73 87 
3 11 66 191 256 206 906 191 73 87 
3 11 66 191 256 207 906 191 73 87 
3 11 66 191 256 208 906 191 73 87 
3 11 66 191 256 209 906 191 73 87 
3 11 66 191 256 210 906 191 73 87 
3 11 66 191 256 211 906 191 73 87 
3 11 66 191 256 212 906 191 73 87 
3 11 66 191 256 213 906 191 73 87 
3 11 66 191 256 214 906 191 73 87 
3 11 66 191 256 215 906 191 73 87 
3 11 66 191 256 216 906 191 73 87 
3 11 66 191 256 217 906 191 73 87 
3 11 66 191 256 218 906 191 73 87 
3 11 66 191 256 219 906 191 73 87 
3 11 66 191 256 220 906 191 73 87 
3 11 66 191 256 221 906 191 73 87 
3 11 66 191 256 222 906 191 73 87 
3 11 66 191 256 223 906 191 73 87 
3 11 66 191 256 224 906 191 73 87 
3 11 66 191 256 225 906 191 73 87 
3 11 66 191 256 226 906 191 73 87 
3 11 66 191 256 227 906 191 73 87 
3 11 66 191 256 228 906 191 73 87 
3 11 66 191 256 229 906 191 73 87 
3 11 66 191 256 230 906 191 73 87 
3 11 66 191 256 231 906 191 73 87 
3 11 66 191 256 232 906 191 73 87 
3 11 66 191 256 233 906 191 73 87 
3 11 66 191 256 234 906 191 73 87 
3 11 66 191 256 235 906 191 73 87 
3 11 66 191 256 236 906 191 73 87 
3 11 66 191 256 237 906 191 73 87 
3 11 66 191 256 238 906 191 73 87 
3 11 66 191 256 239 906 191 73 87 
3 11 66 191 256 240 906 191 73 87 
3 11 66 191 256 241 906 191 73 87 
3 11 66 191 256 242 906 191 73 87 
3 11 66 191 256 243 906 191 73 87 
3 11 66 191 256 244 906 191 73 87 
3 11 66 191 256 245 906 191 73 87 
3 11 66 191 256 246 906 191 73 87 
3 11 66 191 256 247 906 191 73 87 
3 11 66 191 256 248 906 191 73 87 
3 11 66 191 256 249 906 191 73 87 
3 11 66 191 256 250 906 191 73 87 
3 11 66 191 256 251 906 191 73 87 
3 11 66 191 256 252 906 191 73 87 
3 11 66 191 256 253 906 191 73 87 
3 11 66 191 256 254 906 191 73 87 
3 11 66 191 256 255 906 191 73 87 
3 11 66 191 256 256 906 191 73 87 
