36 9 616 0 615 0 154 318 52 108 
36 9 616 0 615 1 154 315 52 109 
36 9 616 0 615 2 154 315 52 109 
36 9 616 0 615 3 154 315 52 109 
36 9 616 0 615 4 154 313 54 109 
36 9 616 0 615 5 154 313 54 109 
36 9 616 0 615 6 154 313 54 109 
36 9 616 0 615 7 154 313 54 109 
36 9 616 0 615 8 156 311 54 109 
36 9 616 0 615 9 156 311 54 109 
36 9 616 0 615 10 156 311 54 109 
36 9 616 0 615 11 156 311 54 109 
36 9 616 0 615 12 158 309 54 109 
36 9 616 0 615 13 158 309 54 109 
36 9 616 0 615 14 158 309 54 109 
36 9 616 0 615 15 158 309 54 109 
36 9 616 0 615 16 161 308 52 109 
36 9 616 0 615 17 161 308 52 109 
36 9 616 0 615 18 161 308 52 109 
36 9 616 0 615 19 161 308 52 109 
36 9 616 0 615 20 163 306 52 109 
36 9 616 0 615 21 163 306 52 109 
36 9 616 0 615 22 163 306 52 109 
36 9 616 0 615 23 163 306 52 109 
36 9 616 0 615 24 163 304 54 109 
36 9 616 0 615 25 163 304 54 109 
36 9 616 0 615 26 163 304 54 109 
36 9 616 0 615 27 165 304 54 109 
36 9 616 0 615 28 165 302 54 109 
36 9 616 0 615 29 165 302 54 109 
36 9 616 0 615 30 165 302 54 109 
36 9 616 0 615 31 165 302 54 109 
36 9 616 0 615 32 167 302 54 109 
36 9 616 0 615 33 167 302 54 108 
36 9 616 0 615 34 167 302 54 108 
36 9 616 0 615 35 167 302 54 108 
36 9 616 0 615 36 167 302 54 108 
36 9 616 0 615 37 170 302 52 108 
36 9 616 0 615 38 170 299 52 109 
36 9 616 0 615 39 170 299 52 109 
36 9 616 0 615 40 170 299 52 109 
36 9 616 0 615 41 170 299 54 109 
36 9 616 0 615 42 170 299 54 109 
36 9 616 0 615 43 170 297 54 109 
36 9 616 0 615 44 170 297 54 109 
36 9 616 0 615 45 170 297 54 109 
36 9 616 0 615 46 172 297 54 109 
36 9 616 0 615 47 172 297 54 109 
36 9 616 0 615 48 172 295 54 109 
36 9 616 0 615 49 172 295 54 109 
36 9 616 0 615 50 174 295 54 109 
36 9 616 0 615 51 174 295 54 109 
36 9 616 0 615 52 174 295 54 109 
36 9 616 0 615 53 174 293 54 109 
36 9 616 0 615 54 174 293 54 109 
36 9 616 0 615 55 177 293 52 109 
36 9 616 0 615 56 177 293 52 109 
36 9 616 0 615 57 177 293 52 109 
36 9 616 0 615 58 177 292 52 109 
36 9 616 0 615 59 179 292 52 109 
36 9 616 0 615 60 179 292 52 109 
36 9 616 0 615 61 179 292 52 109 
36 9 616 0 615 62 179 292 52 109 
36 9 616 0 615 63 179 290 52 109 
36 9 616 0 615 64 179 290 54 109 
36 9 616 0 615 65 179 290 54 109 
36 9 616 0 615 66 179 290 54 109 
36 9 616 0 615 67 179 290 54 109 
36 9 616 0 615 68 181 288 54 109 
36 9 616 0 615 69 181 288 54 109 
36 9 616 0 615 70 181 288 54 109 
36 9 616 0 615 71 181 288 54 109 
36 9 616 0 615 72 181 288 54 109 
36 9 616 0 615 73 183 286 54 109 
36 9 616 0 615 74 183 286 54 109 
36 9 616 0 615 75 183 286 54 109 
36 9 616 0 615 76 183 286 54 109 
36 9 616 0 615 77 186 286 52 109 
36 9 616 0 615 78 186 286 52 108 
36 9 616 0 615 79 186 286 52 108 
36 9 616 0 615 80 186 286 52 108 
36 9 616 0 615 81 186 286 52 106 
36 9 616 0 615 82 186 286 54 106 
36 9 616 0 615 83 186 286 54 106 
36 9 616 0 615 84 186 286 54 106 
36 9 616 0 615 85 186 284 54 106 
36 9 616 0 615 86 188 284 54 106 
36 9 616 0 615 87 188 284 54 106 
36 9 616 0 615 88 188 284 54 106 
36 9 616 0 615 89 188 284 54 103 
36 9 616 0 615 90 190 284 54 103 
36 9 616 0 615 91 190 284 54 103 
36 9 616 0 615 92 190 282 54 103 
36 9 616 0 615 93 190 282 54 103 
36 9 616 0 615 94 190 282 54 103 
36 9 616 0 615 95 193 282 52 103 
36 9 616 0 615 96 193 283 52 102 
36 9 616 0 615 97 193 283 52 102 
36 9 616 0 615 98 193 283 52 102 
36 9 616 0 615 99 195 280 52 105 
36 9 616 0 615 100 195 281 52 102 
36 9 616 0 615 101 195 281 52 102 
36 9 616 0 615 102 195 281 52 102 
36 9 616 0 615 103 195 281 54 102 
36 9 616 0 615 104 195 281 54 99 
36 9 616 0 615 105 195 281 54 99 
36 9 616 0 615 106 195 279 54 102 
36 9 616 0 615 107 195 279 54 99 
36 9 616 0 615 108 197 279 54 99 
36 9 616 0 615 109 197 279 54 99 
36 9 616 0 615 110 197 279 54 99 
36 9 616 0 615 111 197 280 54 96 
36 9 616 0 615 112 199 280 54 96 
36 9 616 0 615 113 199 278 54 97 
36 9 616 0 615 114 199 278 54 97 
36 9 616 0 615 115 199 279 54 96 
36 9 616 0 615 116 202 279 52 96 
36 9 616 0 615 117 202 279 52 96 
36 9 616 0 615 118 202 279 52 96 
36 9 616 0 615 119 202 279 52 93 
36 9 616 0 615 120 202 277 52 96 
36 9 616 0 615 121 202 277 54 96 
36 9 616 0 615 122 202 277 54 93 
36 9 616 0 615 123 202 277 54 93 
36 9 616 0 615 124 202 277 54 93 
36 9 616 0 615 125 204 277 54 93 
36 9 616 0 615 126 204 278 54 90 
36 9 616 0 615 127 204 275 54 93 
36 9 616 0 615 128 204 275 54 93 
36 9 616 0 615 129 206 275 54 93 
36 9 616 0 615 130 206 275 54 91 
36 9 616 0 615 131 206 275 54 91 
36 9 616 0 615 132 206 275 54 91 
36 9 616 0 615 133 209 275 52 91 
36 9 616 0 615 134 209 273 52 91 
36 9 616 0 615 135 209 273 52 91 
36 9 616 0 615 136 209 273 52 91 
36 9 616 0 615 137 209 273 52 91 
36 9 616 0 615 138 211 273 52 90 
36 9 616 0 615 139 211 273 52 90 
36 9 616 0 615 140 211 273 52 90 
36 9 616 0 615 141 211 273 52 90 
36 9 616 0 615 142 211 271 54 90 
36 9 616 0 615 143 211 271 54 90 
36 9 616 0 615 144 211 271 54 90 
36 9 616 0 615 145 211 271 54 90 
36 9 616 0 615 146 211 269 54 90 
36 9 616 0 615 147 213 269 54 90 
36 9 616 0 615 148 213 269 54 90 
36 9 616 0 615 149 213 269 54 90 
36 9 616 0 615 150 213 266 54 91 
36 9 616 0 615 151 215 266 54 91 
36 9 616 0 615 152 215 266 54 91 
36 9 616 0 615 153 215 266 54 91 
36 9 616 0 615 154 215 264 54 91 
36 9 616 0 615 155 215 264 54 91 
36 9 616 0 615 156 218 264 52 91 
36 9 616 0 615 157 218 264 52 91 
36 9 616 0 615 158 218 264 52 90 
36 9 616 0 615 159 218 264 52 90 
36 9 616 0 615 160 218 264 54 90 
36 9 616 0 615 161 218 264 54 90 
36 9 616 0 615 162 218 262 54 90 
36 9 616 0 615 163 218 262 54 90 
36 9 616 0 615 164 218 262 54 90 
36 9 616 0 615 165 220 262 54 90 
36 9 616 0 615 166 220 259 54 91 
36 9 616 0 615 167 220 259 54 91 
36 9 616 0 615 168 220 259 54 91 
36 9 616 0 615 169 222 259 54 91 
36 9 616 0 615 170 222 257 54 91 
36 9 616 0 615 171 222 257 54 91 
36 9 616 0 615 172 222 257 54 91 
36 9 616 0 615 173 222 257 54 91 
36 9 616 0 615 174 225 257 52 91 
36 9 616 0 615 175 225 257 52 90 
36 9 616 0 615 176 225 257 52 90 
36 9 616 0 615 177 225 257 52 90 
36 9 616 0 615 178 225 257 52 90 
36 9 616 0 615 179 227 257 52 90 
36 9 616 0 615 180 227 257 52 90 
36 9 616 0 615 181 227 255 52 90 
36 9 616 0 615 182 227 255 52 90 
36 9 616 0 615 183 227 255 54 90 
36 9 616 0 615 184 227 255 54 90 
36 9 616 0 615 185 227 255 54 90 
36 9 616 0 615 186 227 255 54 90 
36 9 616 0 615 187 227 253 54 90 
36 9 616 0 615 188 229 253 54 90 
36 9 616 0 615 189 229 253 54 90 
36 9 616 0 615 190 229 253 54 90 
36 9 616 0 615 191 229 253 54 90 
36 9 616 0 615 192 231 253 54 90 
36 9 616 0 615 193 231 250 54 91 
36 9 616 0 615 194 231 250 54 91 
36 9 616 0 615 195 231 250 54 91 
36 9 616 0 615 196 231 250 54 91 
36 9 616 0 615 197 234 250 52 91 
36 9 616 0 615 198 234 248 52 91 
36 9 616 0 615 199 234 248 52 91 
36 9 616 0 615 200 234 248 52 91 
36 9 616 0 615 201 234 248 52 91 
36 9 616 0 615 202 234 248 54 91 
36 9 616 0 615 203 234 248 54 91 
36 9 616 0 615 204 234 248 54 90 
36 9 616 0 615 205 234 248 54 90 
36 9 616 0 615 206 236 248 54 90 
36 9 616 0 615 207 236 248 54 90 
36 9 616 0 615 208 236 248 54 90 
36 9 616 0 615 209 236 248 54 90 
36 9 616 0 615 210 236 246 54 90 
36 9 616 0 615 211 238 246 54 90 
36 9 616 0 615 212 238 246 54 90 
36 9 616 0 615 213 238 246 54 90 
36 9 616 0 615 214 238 246 54 90 
36 9 616 0 615 215 241 246 52 90 
36 9 616 0 615 216 241 243 52 91 
36 9 616 0 615 217 243 243 52 91 
36 9 616 0 615 218 243 243 52 91 
36 9 616 0 615 219 243 243 54 91 
36 9 616 0 615 220 243 243 54 91 
36 9 616 0 615 221 245 243 54 91 
36 9 616 0 615 222 245 243 54 91 
36 9 616 0 615 223 247 243 54 91 
36 9 616 0 615 224 247 243 54 91 
36 9 616 0 615 225 250 243 52 91 
36 9 616 0 615 226 250 243 52 91 
36 9 616 0 615 227 250 243 54 91 
36 9 616 0 615 228 250 243 54 91 
36 9 616 0 615 229 252 241 54 91 
36 9 616 0 615 230 252 241 54 91 
36 9 616 0 615 231 254 241 54 91 
36 9 616 0 615 232 254 241 54 91 
36 9 616 0 615 233 257 241 52 91 
36 9 616 0 615 234 257 241 52 91 
36 9 616 0 615 235 259 241 52 91 
36 9 616 0 615 236 259 241 52 91 
36 9 616 0 615 237 259 241 54 91 
36 9 616 0 615 238 259 241 54 91 
36 9 616 0 615 239 261 241 54 91 
36 9 616 0 615 240 261 241 54 91 
36 9 616 0 615 241 263 241 54 91 
36 9 616 0 615 242 263 241 54 90 
36 9 616 0 615 243 266 241 52 90 
36 9 616 0 615 244 266 241 52 90 
36 9 616 0 615 245 266 241 54 90 
36 9 616 0 615 246 266 241 54 90 
36 9 616 0 615 247 268 241 54 90 
36 9 616 0 615 248 268 241 54 90 
36 9 616 0 615 249 270 241 54 90 
36 9 616 0 615 250 270 241 54 90 
36 9 616 0 615 251 273 241 52 90 
36 9 616 0 615 252 273 241 52 90 
36 9 616 0 615 253 275 241 52 90 
36 9 616 0 615 254 275 241 52 90 
36 9 616 0 615 255 275 239 54 90 
36 9 616 0 615 256 275 239 54 90 
36 9 616 0 615 257 277 239 54 90 
36 9 616 0 615 258 277 239 54 90 
36 9 616 0 615 259 279 239 54 90 
36 9 616 0 615 260 279 239 54 90 
36 9 616 0 615 261 282 239 52 90 
36 9 616 0 615 262 282 239 52 90 
36 9 616 0 615 263 282 239 54 90 
36 9 616 0 615 264 282 239 54 90 
36 9 616 0 615 265 284 239 54 90 
36 9 616 0 615 266 284 239 54 90 
36 9 616 0 615 267 286 239 54 90 
36 9 616 0 615 268 289 239 52 90 
36 9 616 0 615 269 289 237 52 90 
36 9 616 0 615 270 289 237 52 90 
36 9 616 0 615 271 291 237 52 90 
36 9 616 0 615 272 291 234 52 91 
36 9 616 0 615 273 291 234 54 91 
36 9 616 0 615 274 291 234 54 91 
36 9 616 0 615 275 291 232 54 91 
36 9 616 0 615 276 293 232 54 91 
36 9 616 0 615 277 293 232 54 91 
36 9 616 0 615 278 295 232 54 91 
36 9 616 0 615 279 295 232 54 90 
36 9 616 0 615 280 298 232 52 90 
36 9 616 0 615 281 298 232 52 90 
36 9 616 0 615 282 298 230 52 90 
36 9 616 0 615 283 298 230 54 90 
36 9 616 0 615 284 298 230 54 90 
36 9 616 0 615 285 300 230 54 90 
36 9 616 0 615 286 300 227 54 91 
36 9 616 0 615 287 300 227 54 91 
36 9 616 0 615 288 302 227 54 91 
36 9 616 0 615 289 302 225 54 91 
36 9 616 0 615 290 305 225 52 91 
36 9 616 0 615 291 305 225 52 91 
36 9 616 0 615 292 307 225 52 91 
36 9 616 0 615 293 307 225 52 90 
36 9 616 0 615 294 307 225 52 90 
36 9 616 0 615 295 307 225 54 90 
36 9 616 0 615 296 307 223 54 90 
36 9 616 0 615 297 309 223 54 90 
36 9 616 0 615 298 309 223 54 90 
36 9 616 0 615 299 311 223 54 90 
36 9 616 0 615 300 311 221 54 90 
36 9 616 0 615 301 311 218 54 91 
36 9 616 0 615 302 314 218 52 91 
36 9 616 0 615 303 314 218 52 91 
36 9 616 0 615 304 314 218 54 91 
36 9 616 0 615 305 314 218 54 91 
36 9 616 0 615 306 316 219 54 88 
36 9 616 0 615 307 316 219 54 88 
36 9 616 0 615 308 318 219 54 88 
36 9 616 0 615 309 318 219 54 88 
36 9 616 0 615 310 321 219 52 88 
36 9 616 0 615 311 324 219 48 88 
36 9 616 0 615 312 323 219 52 85 
36 9 616 0 615 313 324 219 50 85 
36 9 616 0 615 314 323 219 54 85 
36 9 616 0 615 315 326 219 50 85 
36 9 616 0 615 316 325 219 54 85 
36 9 616 0 615 317 328 219 50 85 
36 9 616 0 615 318 327 220 54 82 
36 9 616 0 615 319 330 220 50 82 
36 9 616 0 615 320 331 220 50 82 
36 9 616 0 615 321 331 220 50 82 
36 9 616 0 615 322 333 220 50 82 
36 9 616 0 615 323 333 220 50 82 
36 9 616 0 615 324 335 220 50 81 
36 9 616 0 615 325 335 220 50 81 
36 9 616 0 615 326 337 220 50 81 
36 9 616 0 615 327 337 220 50 81 
36 9 616 0 615 328 340 220 48 81 
36 9 616 0 615 329 340 220 50 81 
36 9 616 0 615 330 340 218 50 81 
36 9 616 0 615 331 342 218 50 81 
36 9 616 0 615 332 342 218 50 81 
36 9 616 0 615 333 344 218 50 81 
36 9 616 0 615 334 344 218 50 81 
36 9 616 0 615 335 346 219 50 78 
36 9 616 0 615 336 346 219 50 78 
36 9 616 0 615 337 347 219 50 78 
36 9 616 0 615 338 347 219 50 78 
36 9 616 0 615 339 349 219 50 78 
36 9 616 0 615 340 352 219 46 78 
36 9 616 0 615 341 351 219 50 75 
36 9 616 0 615 342 354 219 46 75 
36 9 616 0 615 343 353 219 50 75 
36 9 616 0 615 344 356 219 46 75 
36 9 616 0 615 345 356 219 48 75 
36 9 616 0 615 346 357 219 46 75 
36 9 616 0 615 347 356 220 50 72 
36 9 616 0 615 348 359 220 46 72 
36 9 616 0 615 349 361 220 46 72 
36 9 616 0 615 350 361 220 46 72 
36 9 616 0 615 351 363 220 46 72 
36 9 616 0 615 352 363 220 46 72 
36 9 616 0 615 353 364 220 48 70 
36 9 616 0 615 354 364 220 48 70 
36 9 616 0 615 355 366 220 46 70 
36 9 616 0 615 356 366 220 46 70 
36 9 616 0 615 357 368 220 46 70 
36 9 616 0 615 358 370 220 46 70 
36 9 616 0 615 359 372 219 46 72 
36 9 616 0 615 360 373 219 46 72 
36 9 616 0 615 361 375 219 46 72 
36 9 616 0 615 362 377 219 46 72 
36 9 616 0 615 363 379 219 46 72 
36 9 616 0 615 364 380 219 48 72 
36 9 616 0 615 365 382 216 46 75 
36 9 616 0 615 366 384 216 46 75 
36 9 616 0 615 367 386 216 46 75 
36 9 616 0 615 368 388 216 46 75 
36 9 616 0 615 369 389 216 46 75 
36 9 616 0 615 370 391 216 46 75 
36 9 616 0 615 371 393 214 46 78 
36 9 616 0 615 372 395 214 46 78 
36 9 616 0 615 373 396 214 48 78 
36 9 616 0 615 374 398 214 46 78 
36 9 616 0 615 375 400 214 46 78 
36 9 616 0 615 376 404 214 46 78 
36 9 616 0 615 377 405 212 46 78 
36 9 616 0 615 378 407 212 46 78 
36 9 616 0 615 379 409 212 46 78 
36 9 616 0 615 380 411 212 46 78 
36 9 616 0 615 381 412 212 48 78 
36 9 616 0 615 382 414 212 46 78 
36 9 616 0 615 383 416 212 46 78 
36 9 616 0 615 384 418 212 46 78 
36 9 616 0 615 385 421 212 46 78 
36 9 616 0 615 386 423 212 46 78 
36 9 616 0 615 387 425 212 46 78 
36 9 616 0 615 388 427 212 46 78 
36 9 616 0 615 389 428 211 48 76 
36 9 616 0 615 390 430 211 46 76 
36 9 616 0 615 391 432 211 46 76 
36 9 616 0 615 392 434 211 46 76 
36 9 616 0 615 393 437 211 46 76 
36 9 616 0 615 394 439 211 46 76 
36 9 616 0 615 395 441 211 46 76 
36 9 616 0 615 396 443 211 46 76 
36 9 616 0 615 397 444 211 48 76 
36 9 616 0 615 398 446 211 46 76 
36 9 616 0 615 399 448 211 46 76 
36 9 616 0 615 400 450 211 46 76 
36 9 616 0 615 401 453 211 46 76 
36 9 616 0 615 402 455 209 46 76 
36 9 616 0 615 403 457 209 46 76 
36 9 616 0 615 404 459 209 46 76 
36 9 616 0 615 405 460 209 48 76 
36 9 616 0 615 406 462 209 46 76 
36 9 616 0 615 407 464 209 46 76 
36 9 616 0 615 408 466 209 46 76 
36 9 616 0 615 409 469 209 46 76 
36 9 616 0 615 410 471 209 46 76 
36 9 616 0 615 411 473 209 46 76 
36 9 616 0 615 412 475 209 46 76 
36 9 616 0 615 413 476 209 48 76 
36 9 616 0 615 414 478 209 46 76 
36 9 616 0 615 415 480 209 46 76 
36 9 616 0 615 416 484 207 46 78 
36 9 616 0 615 417 485 207 46 78 
36 9 616 0 615 418 487 207 46 78 
36 9 616 0 615 419 489 207 46 78 
36 9 616 0 615 420 491 207 46 78 
36 9 616 0 615 421 492 207 48 78 
36 9 616 0 615 422 494 207 46 78 
36 9 616 0 615 423 498 207 46 78 
36 9 616 0 615 424 500 207 46 78 
36 9 616 0 615 425 501 207 46 78 
36 9 616 0 615 426 503 207 46 78 
36 9 616 0 615 427 505 207 46 78 
36 9 616 0 615 428 507 207 46 78 
36 9 616 0 615 429 508 207 48 78 
36 9 616 0 615 430 512 205 46 78 
36 9 616 0 615 431 514 205 46 78 
36 9 616 0 615 432 516 205 46 78 
36 9 616 0 615 433 517 205 46 78 
36 9 616 0 615 434 519 205 46 78 
36 9 616 0 615 435 521 205 46 78 
36 9 616 0 615 436 523 205 46 78 
36 9 616 0 615 437 526 205 46 78 
36 9 616 0 615 438 528 205 46 78 
36 9 616 0 615 439 530 205 46 78 
36 9 616 0 615 440 532 205 46 78 
36 9 616 0 615 441 533 205 46 78 
36 9 616 0 615 442 535 205 46 78 
36 9 616 0 615 443 537 205 46 78 
36 9 616 0 615 444 540 205 48 78 
36 9 616 0 615 445 542 203 46 78 
36 9 616 0 615 446 544 203 46 78 
36 9 616 0 615 447 546 203 46 78 
36 9 616 0 615 448 548 203 46 78 
36 9 616 0 615 449 549 203 46 78 
36 9 616 0 615 450 551 203 46 78 
36 9 616 0 615 451 553 203 46 78 
36 9 616 0 615 452 555 203 46 78 
36 9 616 0 615 453 556 203 48 78 
36 9 616 0 615 454 558 203 46 78 
36 9 616 0 615 455 560 203 46 78 
36 9 616 0 615 456 562 203 46 78 
36 9 616 0 615 457 564 203 46 78 
36 9 616 0 615 458 567 203 46 75 
36 9 616 0 615 459 569 203 46 75 
36 9 616 0 615 460 571 203 46 75 
36 9 616 0 615 461 572 203 48 75 
36 9 616 0 615 462 574 203 46 75 
36 9 616 0 615 463 576 203 46 75 
36 9 616 0 615 464 578 203 46 75 
36 9 616 0 615 465 580 203 46 75 
36 9 616 0 615 466 581 203 46 75 
36 9 616 0 615 467 583 203 46 75 
36 9 616 0 615 468 585 203 46 75 
36 9 616 0 615 469 587 203 46 75 
36 9 616 0 615 470 588 203 48 75 
36 9 616 0 615 471 590 203 46 75 
36 9 616 0 615 472 594 202 46 73 
36 9 616 0 615 473 596 202 46 73 
36 9 616 0 615 474 597 202 46 73 
36 9 616 0 615 475 599 202 46 73 
36 9 616 0 615 476 601 202 46 73 
36 9 616 0 615 477 603 202 46 73 
36 9 616 0 615 478 604 202 48 73 
36 9 616 0 615 479 606 202 46 73 
36 9 616 0 615 480 608 202 46 73 
36 9 616 0 615 481 610 202 46 73 
36 9 616 0 615 482 612 202 46 73 
36 9 616 0 615 483 613 202 46 73 
36 9 616 0 615 484 615 202 46 73 
36 9 616 0 615 485 617 202 46 73 
36 9 616 0 615 486 620 203 48 72 
36 9 616 0 615 487 622 203 46 72 
36 9 616 0 615 488 624 203 46 72 
36 9 616 0 615 489 626 203 46 72 
36 9 616 0 615 490 628 203 46 72 
36 9 616 0 615 491 629 203 46 72 
36 9 616 0 615 492 631 203 46 72 
36 9 616 0 615 493 633 203 46 72 
36 9 616 0 615 494 635 203 46 72 
36 9 616 0 615 495 636 203 48 72 
36 9 616 0 615 496 638 203 46 72 
36 9 616 0 615 497 640 203 46 72 
36 9 616 0 615 498 642 203 46 72 
36 9 616 0 615 499 645 203 46 72 
36 9 616 0 615 500 645 203 46 69 
36 9 616 0 615 501 647 203 46 69 
36 9 616 0 615 502 649 203 46 69 
36 9 616 0 615 503 651 203 46 69 
36 9 616 0 615 504 652 203 48 69 
36 9 616 0 615 505 654 203 46 69 
36 9 616 0 615 506 656 203 46 69 
36 9 616 0 615 507 658 203 46 69 
36 9 616 0 615 508 660 203 46 69 
36 9 616 0 615 509 661 203 46 69 
36 9 616 0 615 510 661 203 46 69 
36 9 616 0 615 511 663 203 46 69 
36 9 616 0 615 512 665 203 46 69 
36 9 616 0 615 513 667 203 46 69 
36 9 616 0 615 514 668 203 48 69 
36 9 616 0 615 515 670 203 46 69 
36 9 616 0 615 516 672 203 46 69 
36 9 616 0 615 517 674 203 46 69 
36 9 616 0 615 518 676 203 46 69 
36 9 616 0 615 519 677 203 46 69 
36 9 616 0 615 520 677 203 46 69 
36 9 616 0 615 521 679 203 46 69 
36 9 616 0 615 522 681 203 46 69 
36 9 616 0 615 523 683 203 46 69 
36 9 616 0 615 524 684 203 48 69 
36 9 616 0 615 525 686 203 46 69 
36 9 616 0 615 526 688 203 46 69 
36 9 616 0 615 527 690 203 46 69 
36 9 616 0 615 528 692 203 46 69 
36 9 616 0 615 529 693 203 46 69 
36 9 616 0 615 530 693 201 46 69 
36 9 616 0 615 531 695 201 46 69 
36 9 616 0 615 532 695 201 46 69 
36 9 616 0 615 533 697 201 46 69 
36 9 616 0 615 534 697 201 46 69 
36 9 616 0 615 535 699 201 46 69 
36 9 616 0 615 536 699 201 46 69 
36 9 616 0 615 537 700 201 48 69 
36 9 616 0 615 538 700 201 48 69 
36 9 616 0 615 539 702 201 46 69 
36 9 616 0 615 540 702 201 46 69 
36 9 616 0 615 541 704 201 46 69 
36 9 616 0 615 542 704 201 46 69 
36 9 616 0 615 543 706 201 46 69 
36 9 616 0 615 544 706 201 46 69 
36 9 616 0 615 545 708 201 46 69 
36 9 616 0 615 546 708 201 46 69 
36 9 616 0 615 547 709 201 46 69 
36 9 616 0 615 548 709 201 46 69 
36 9 616 0 615 549 711 201 46 69 
36 9 616 0 615 550 713 201 46 69 
36 9 616 0 615 551 713 202 46 66 
36 9 616 0 615 552 715 202 46 66 
36 9 616 0 615 553 715 202 46 66 
36 9 616 0 615 554 716 202 48 66 
36 9 616 0 615 555 716 202 48 66 
36 9 616 0 615 556 718 202 46 66 
36 9 616 0 615 557 718 202 46 66 
36 9 616 0 615 558 720 202 46 66 
36 9 616 0 615 559 720 202 46 66 
36 9 616 0 615 560 722 202 46 66 
36 9 616 0 615 561 722 202 46 66 
36 9 616 0 615 562 724 202 46 66 
36 9 616 0 615 563 724 202 46 66 
36 9 616 0 615 564 725 202 46 66 
36 9 616 0 615 565 725 202 46 66 
36 9 616 0 615 566 727 202 46 66 
36 9 616 0 615 567 727 202 46 66 
36 9 616 0 615 568 729 202 46 66 
36 9 616 0 615 569 729 202 46 66 
36 9 616 0 615 570 731 202 46 66 
36 9 616 0 615 571 732 202 48 66 
36 9 616 0 615 572 732 202 48 64 
36 9 616 0 615 573 732 202 48 64 
36 9 616 0 615 574 734 202 46 64 
36 9 616 0 615 575 734 202 46 64 
36 9 616 0 615 576 736 202 46 64 
36 9 616 0 615 577 736 202 46 64 
36 9 616 0 615 578 736 202 46 64 
36 9 616 0 615 579 738 202 46 64 
36 9 616 0 615 580 738 202 46 64 
36 9 616 0 615 581 740 202 46 64 
36 9 616 0 615 582 740 202 46 64 
36 9 616 0 615 583 741 202 46 64 
36 9 616 0 615 584 741 202 46 64 
36 9 616 0 615 585 741 202 46 64 
36 9 616 0 615 586 743 202 46 64 
36 9 616 0 615 587 743 202 46 64 
36 9 616 0 615 588 745 202 46 64 
36 9 616 0 615 589 745 202 46 64 
36 9 616 0 615 590 745 202 46 64 
36 9 616 0 615 591 747 202 46 64 
36 9 616 0 615 592 747 202 46 64 
36 9 616 0 615 593 748 202 48 64 
36 9 616 0 615 594 748 202 48 64 
36 9 616 0 615 595 750 202 46 64 
36 9 616 0 615 596 750 202 46 64 
36 9 616 0 615 597 750 202 46 64 
36 9 616 0 615 598 750 202 46 64 
36 9 616 0 615 599 750 202 46 64 
36 9 616 0 615 600 750 202 46 64 
36 9 616 0 615 601 750 202 46 64 
36 9 616 0 615 602 750 202 46 64 
36 9 616 0 615 603 750 202 46 64 
36 9 616 0 615 604 750 202 46 64 
36 9 616 0 615 605 750 202 46 64 
36 9 616 0 615 606 750 202 46 64 
36 9 616 0 615 607 750 202 46 64 
36 9 616 0 615 608 750 202 46 64 
36 9 616 0 615 609 750 202 46 64 
36 9 616 0 615 610 750 202 46 64 
36 9 616 0 615 611 750 202 46 64 
36 9 616 0 615 612 750 202 46 64 
36 9 616 0 615 613 750 202 46 64 
36 9 616 0 615 614 750 202 46 64 
36 9 616 0 615 615 750 202 46 64 
37 12 66 217 282 217 908 194 73 83 
37 12 66 217 282 218 908 194 73 83 
37 12 66 217 282 219 908 194 73 83 
37 12 66 217 282 220 908 194 73 83 
37 12 66 217 282 221 908 194 73 83 
37 12 66 217 282 222 908 194 73 83 
37 12 66 217 282 223 908 194 73 83 
37 12 66 217 282 224 908 194 73 83 
37 12 66 217 282 225 908 194 73 83 
37 12 66 217 282 226 908 194 73 83 
37 12 66 217 282 227 908 194 73 83 
37 12 66 217 282 228 908 194 73 83 
37 12 66 217 282 229 908 194 73 83 
37 12 66 217 282 230 908 194 73 83 
37 12 66 217 282 231 908 194 73 83 
37 12 66 217 282 232 908 194 73 83 
37 12 66 217 282 233 908 194 73 83 
37 12 66 217 282 234 908 194 73 83 
37 12 66 217 282 235 908 194 73 83 
37 12 66 217 282 236 908 194 73 83 
37 12 66 217 282 237 908 194 73 83 
37 12 66 217 282 238 908 194 73 83 
37 12 66 217 282 239 908 194 73 83 
37 12 66 217 282 240 908 194 73 83 
37 12 66 217 282 241 908 194 73 83 
37 12 66 217 282 242 908 194 73 83 
37 12 66 217 282 243 908 194 73 83 
37 12 66 217 282 244 908 194 73 83 
37 12 66 217 282 245 908 194 73 83 
37 12 66 217 282 246 908 194 73 83 
37 12 66 217 282 247 908 194 73 83 
37 12 66 217 282 248 908 194 73 83 
37 12 66 217 282 249 908 194 73 83 
37 12 66 217 282 250 908 194 73 83 
37 12 66 217 282 251 908 194 73 83 
37 12 66 217 282 252 908 194 73 83 
37 12 66 217 282 253 908 194 73 83 
37 12 66 217 282 254 908 194 73 83 
37 12 66 217 282 255 908 194 73 83 
37 12 66 217 282 256 908 194 73 83 
37 12 66 217 282 257 908 194 73 83 
37 12 66 217 282 258 908 194 73 83 
37 12 66 217 282 259 908 194 73 83 
37 12 66 217 282 260 908 194 73 83 
37 12 66 217 282 261 908 194 73 83 
37 12 66 217 282 262 908 194 73 83 
37 12 66 217 282 263 908 194 73 83 
37 12 66 217 282 264 908 194 73 83 
37 12 66 217 282 265 908 194 73 83 
37 12 66 217 282 266 908 194 73 83 
37 12 66 217 282 267 908 194 73 83 
37 12 66 217 282 268 908 194 73 83 
37 12 66 217 282 269 908 194 73 83 
37 12 66 217 282 270 908 194 73 83 
37 12 66 217 282 271 908 194 73 83 
37 12 66 217 282 272 908 194 73 83 
37 12 66 217 282 273 908 194 73 83 
37 12 66 217 282 274 908 194 73 83 
37 12 66 217 282 275 908 194 73 83 
37 12 66 217 282 276 908 194 73 83 
37 12 66 217 282 277 908 194 73 83 
37 12 66 217 282 278 908 194 73 83 
37 12 66 217 282 279 908 194 73 83 
37 12 66 217 282 280 908 194 73 83 
37 12 66 217 282 281 908 194 73 83 
37 12 66 217 282 282 908 194 73 83 
38 12 65 225 289 225 920 194 82 83 
38 12 65 225 289 226 920 194 82 83 
38 12 65 225 289 227 920 194 82 83 
38 12 65 225 289 228 920 194 82 83 
38 12 65 225 289 229 920 194 82 83 
38 12 65 225 289 230 920 194 82 83 
38 12 65 225 289 231 920 194 82 83 
38 12 65 225 289 232 920 194 82 83 
38 12 65 225 289 233 920 194 82 83 
38 12 65 225 289 234 920 194 82 83 
38 12 65 225 289 235 920 194 82 83 
38 12 65 225 289 236 920 194 82 83 
38 12 65 225 289 237 920 194 82 83 
38 12 65 225 289 238 920 194 82 83 
38 12 65 225 289 239 920 194 82 83 
38 12 65 225 289 240 920 194 82 83 
38 12 65 225 289 241 920 194 82 83 
38 12 65 225 289 242 920 194 82 83 
38 12 65 225 289 243 920 194 82 83 
38 12 65 225 289 244 920 194 82 83 
38 12 65 225 289 245 920 194 82 83 
38 12 65 225 289 246 920 194 82 83 
38 12 65 225 289 247 920 194 82 83 
38 12 65 225 289 248 920 194 82 83 
38 12 65 225 289 249 920 194 82 83 
38 12 65 225 289 250 920 194 82 83 
38 12 65 225 289 251 920 194 82 83 
38 12 65 225 289 252 920 194 82 83 
38 12 65 225 289 253 920 194 82 83 
38 12 65 225 289 254 920 194 82 83 
38 12 65 225 289 255 920 194 82 83 
38 12 65 225 289 256 920 194 82 83 
38 12 65 225 289 257 920 194 82 83 
38 12 65 225 289 258 920 194 82 83 
38 12 65 225 289 259 920 194 82 83 
38 12 65 225 289 260 920 194 82 83 
38 12 65 225 289 261 920 194 82 83 
38 12 65 225 289 262 920 194 82 83 
38 12 65 225 289 263 920 194 82 83 
38 12 65 225 289 264 920 194 82 83 
38 12 65 225 289 265 920 194 82 83 
38 12 65 225 289 266 920 194 82 83 
38 12 65 225 289 267 920 194 82 83 
38 12 65 225 289 268 920 194 82 83 
38 12 65 225 289 269 920 194 82 83 
38 12 65 225 289 270 920 194 82 83 
38 12 65 225 289 271 920 194 82 83 
38 12 65 225 289 272 920 194 82 83 
38 12 65 225 289 273 920 194 82 83 
38 12 65 225 289 274 920 194 82 83 
38 12 65 225 289 275 920 194 82 83 
38 12 65 225 289 276 920 194 82 83 
38 12 65 225 289 277 920 194 82 83 
38 12 65 225 289 278 920 194 82 83 
38 12 65 225 289 279 920 194 82 83 
38 12 65 225 289 280 920 194 82 83 
38 12 65 225 289 281 920 194 82 83 
38 12 65 225 289 282 920 194 82 83 
38 12 65 225 289 283 920 194 82 83 
38 12 65 225 289 284 920 194 82 83 
38 12 65 225 289 285 920 194 82 83 
38 12 65 225 289 286 920 194 82 83 
38 12 65 225 289 287 920 194 82 83 
38 12 65 225 289 288 920 194 82 83 
38 12 65 225 289 289 920 194 82 83 
39 11 47 769 815 769 922 186 75 92 
39 11 47 769 815 770 922 186 75 92 
39 11 47 769 815 771 922 186 75 92 
39 11 47 769 815 772 922 186 75 92 
39 11 47 769 815 773 922 186 75 92 
39 11 47 769 815 774 922 186 75 92 
39 11 47 769 815 775 922 186 75 92 
39 11 47 769 815 776 922 186 75 92 
39 11 47 769 815 777 922 186 75 92 
39 11 47 769 815 778 922 186 75 92 
39 11 47 769 815 779 922 186 75 92 
39 11 47 769 815 780 922 186 75 92 
39 11 47 769 815 781 922 186 75 92 
39 11 47 769 815 782 922 186 75 92 
39 11 47 769 815 783 922 186 75 92 
39 11 47 769 815 784 922 186 75 92 
39 11 47 769 815 785 922 186 75 92 
39 11 47 769 815 786 922 186 75 92 
39 11 47 769 815 787 922 186 75 92 
39 11 47 769 815 788 922 186 75 92 
39 11 47 769 815 789 922 186 75 92 
39 11 47 769 815 790 922 186 75 92 
39 11 47 769 815 791 922 186 75 92 
39 11 47 769 815 792 922 186 75 92 
39 11 47 769 815 793 922 186 75 92 
39 11 47 769 815 794 922 186 75 92 
39 11 47 769 815 795 922 186 75 92 
39 11 47 769 815 796 922 186 75 92 
39 11 47 769 815 797 922 186 75 92 
39 11 47 769 815 798 922 186 75 92 
39 11 47 769 815 799 922 186 75 92 
39 11 47 769 815 800 922 186 75 92 
39 11 47 769 815 801 922 186 75 92 
39 11 47 769 815 802 922 186 75 92 
39 11 47 769 815 803 922 186 75 92 
39 11 47 769 815 804 922 186 75 92 
39 11 47 769 815 805 922 186 75 92 
39 11 47 769 815 806 922 186 75 92 
39 11 47 769 815 807 922 186 75 92 
39 11 47 769 815 808 922 186 75 92 
39 11 47 769 815 809 922 186 75 92 
39 11 47 769 815 810 922 186 75 92 
39 11 47 769 815 811 922 186 75 92 
39 11 47 769 815 812 922 186 75 92 
39 11 47 769 815 813 922 186 75 92 
39 11 47 769 815 814 922 186 75 92 
39 11 47 769 815 815 922 186 75 92 
40 9 309 778 1086 778 10 384 52 102 
40 9 309 778 1086 779 10 383 52 100 
40 9 309 778 1086 780 10 383 54 100 
40 9 309 778 1086 781 10 381 54 100 
40 9 309 778 1086 782 12 381 54 100 
40 9 309 778 1086 783 12 379 54 102 
40 9 309 778 1086 784 14 379 54 102 
40 9 309 778 1086 785 14 377 54 102 
40 9 309 778 1086 786 17 377 52 102 
40 9 309 778 1086 787 19 375 52 102 
40 9 309 778 1086 788 19 375 52 102 
40 9 309 778 1086 789 19 374 54 100 
40 9 309 778 1086 790 19 374 54 100 
40 9 309 778 1086 791 21 372 54 100 
40 9 309 778 1086 792 21 372 54 100 
40 9 309 778 1086 793 23 370 54 102 
40 9 309 778 1086 794 23 370 54 102 
40 9 309 778 1086 795 26 368 52 102 
40 9 309 778 1086 796 26 368 52 102 
40 9 309 778 1086 797 26 367 54 100 
40 9 309 778 1086 798 28 367 54 100 
40 9 309 778 1086 799 28 367 54 100 
40 9 309 778 1086 800 30 365 54 100 
40 9 309 778 1086 801 30 365 54 100 
40 9 309 778 1086 802 33 363 52 102 
40 9 309 778 1086 803 33 363 52 102 
40 9 309 778 1086 804 35 361 52 102 
40 9 309 778 1086 805 35 361 52 102 
40 9 309 778 1086 806 35 359 54 102 
40 9 309 778 1086 807 35 359 54 102 
40 9 309 778 1086 808 37 358 54 100 
40 9 309 778 1086 809 39 358 54 100 
40 9 309 778 1086 810 39 356 54 100 
40 9 309 778 1086 811 42 356 52 100 
40 9 309 778 1086 812 42 354 52 102 
40 9 309 778 1086 813 42 354 54 102 
40 9 309 778 1086 814 42 352 54 102 
40 9 309 778 1086 815 44 352 54 102 
40 9 309 778 1086 816 44 351 54 100 
40 9 309 778 1086 817 46 351 54 100 
40 9 309 778 1086 818 46 349 54 100 
40 9 309 778 1086 819 49 349 52 100 
40 9 309 778 1086 820 51 349 52 100 
40 9 309 778 1086 821 51 347 52 102 
40 9 309 778 1086 822 51 347 52 102 
40 9 309 778 1086 823 51 347 54 102 
40 9 309 778 1086 824 51 347 54 102 
40 9 309 778 1086 825 51 345 54 102 
40 9 309 778 1086 826 53 345 54 102 
40 9 309 778 1086 827 53 345 54 102 
40 9 309 778 1086 828 53 345 54 102 
40 9 309 778 1086 829 55 345 54 102 
40 9 309 778 1086 830 55 343 54 102 
40 9 309 778 1086 831 55 343 54 102 
40 9 309 778 1086 832 58 343 52 102 
40 9 309 778 1086 833 58 343 52 102 
40 9 309 778 1086 834 58 343 52 102 
40 9 309 778 1086 835 58 342 54 100 
40 9 309 778 1086 836 58 342 54 100 
40 9 309 778 1086 837 58 342 54 100 
40 9 309 778 1086 838 60 342 54 100 
40 9 309 778 1086 839 60 342 54 100 
40 9 309 778 1086 840 60 340 54 100 
40 9 309 778 1086 841 62 340 54 100 
40 9 309 778 1086 842 62 340 54 100 
40 9 309 778 1086 843 62 340 54 100 
40 9 309 778 1086 844 65 340 52 100 
40 9 309 778 1086 845 65 338 52 102 
40 9 309 778 1086 846 65 338 52 102 
40 9 309 778 1086 847 67 338 52 102 
40 9 309 778 1086 848 67 338 52 102 
40 9 309 778 1086 849 67 338 52 102 
40 9 309 778 1086 850 67 336 54 102 
40 9 309 778 1086 851 67 336 54 102 
40 9 309 778 1086 852 67 336 54 102 
40 9 309 778 1086 853 69 336 54 102 
40 9 309 778 1086 854 69 336 54 102 
40 9 309 778 1086 855 69 335 54 100 
40 9 309 778 1086 856 71 335 54 100 
40 9 309 778 1086 857 71 335 54 100 
40 9 309 778 1086 858 71 335 54 100 
40 9 309 778 1086 859 74 335 52 100 
40 9 309 778 1086 860 74 333 52 100 
40 9 309 778 1086 861 74 333 52 100 
40 9 309 778 1086 862 74 333 54 100 
40 9 309 778 1086 863 74 333 54 100 
40 9 309 778 1086 864 76 333 54 100 
40 9 309 778 1086 865 76 331 54 102 
40 9 309 778 1086 866 78 331 54 102 
40 9 309 778 1086 867 78 331 54 102 
40 9 309 778 1086 868 81 331 52 99 
40 9 309 778 1086 869 83 329 52 102 
40 9 309 778 1086 870 83 329 52 102 
40 9 309 778 1086 871 83 329 54 99 
40 9 309 778 1086 872 83 329 54 99 
40 9 309 778 1086 873 85 327 54 102 
40 9 309 778 1086 874 87 327 54 99 
40 9 309 778 1086 875 87 327 54 99 
40 9 309 778 1086 876 90 327 52 99 
40 9 309 778 1086 877 90 326 52 100 
40 9 309 778 1086 878 90 326 54 97 
40 9 309 778 1086 879 92 326 54 97 
40 9 309 778 1086 880 92 326 54 97 
40 9 309 778 1086 881 94 324 54 99 
40 9 309 778 1086 882 97 324 52 99 
40 9 309 778 1086 883 97 324 52 99 
40 9 309 778 1086 884 99 325 52 96 
40 9 309 778 1086 885 99 322 52 99 
40 9 309 778 1086 886 99 322 54 99 
40 9 309 778 1086 887 101 323 54 96 
40 9 309 778 1086 888 101 323 54 96 
40 9 309 778 1086 889 103 320 54 99 
40 9 309 778 1086 890 103 320 54 99 
40 9 309 778 1086 891 106 321 52 96 
40 9 309 778 1086 892 106 321 54 96 
40 9 309 778 1086 893 106 319 54 97 
40 9 309 778 1086 894 108 320 54 96 
40 9 309 778 1086 895 108 320 54 96 
40 9 309 778 1086 896 110 320 54 96 
40 9 309 778 1086 897 113 318 52 96 
40 9 309 778 1086 898 113 318 52 96 
40 9 309 778 1086 899 115 318 52 96 
40 9 309 778 1086 900 115 318 54 96 
40 9 309 778 1086 901 120 313 50 102 
40 9 309 778 1086 902 123 310 50 105 
40 9 309 778 1086 903 127 309 50 106 
40 9 309 778 1086 904 127 307 50 106 
40 9 309 778 1086 905 127 307 50 106 
40 9 309 778 1086 906 127 307 50 106 
40 9 309 778 1086 907 127 307 50 106 
40 9 309 778 1086 908 127 307 50 106 
40 9 309 778 1086 909 129 307 50 106 
40 9 309 778 1086 910 129 307 50 103 
40 9 309 778 1086 911 129 308 50 100 
40 9 309 778 1086 912 129 306 50 102 
40 9 309 778 1086 913 129 306 50 102 
40 9 309 778 1086 914 132 306 48 102 
40 9 309 778 1086 915 132 306 48 102 
40 9 309 778 1086 916 132 306 48 102 
40 9 309 778 1086 917 132 306 50 102 
40 9 309 778 1086 918 132 304 50 102 
40 9 309 778 1086 919 132 303 50 100 
40 9 309 778 1086 920 132 301 50 100 
40 9 309 778 1086 921 132 299 50 102 
40 9 309 778 1086 922 134 299 50 102 
40 9 309 778 1086 923 134 297 50 102 
40 9 309 778 1086 924 134 295 50 102 
40 9 309 778 1086 925 136 295 50 102 
40 9 309 778 1086 926 136 294 50 100 
40 9 309 778 1086 927 138 294 50 100 
40 9 309 778 1086 928 138 292 50 100 
40 9 309 778 1086 929 139 292 50 100 
40 9 309 778 1086 930 139 290 50 102 
40 9 309 778 1086 931 141 288 50 102 
40 9 309 778 1086 932 141 287 50 100 
40 9 309 778 1086 933 143 287 50 100 
40 9 309 778 1086 934 143 285 50 100 
40 9 309 778 1086 935 143 285 50 100 
40 9 309 778 1086 936 145 283 50 102 
40 9 309 778 1086 937 145 283 50 102 
40 9 309 778 1086 938 148 283 48 102 
40 9 309 778 1086 939 148 281 48 102 
40 9 309 778 1086 940 148 281 48 102 
40 9 309 778 1086 941 148 281 48 102 
40 9 309 778 1086 942 148 281 48 102 
40 9 309 778 1086 943 148 281 48 102 
40 9 309 778 1086 944 148 281 48 102 
40 9 309 778 1086 945 148 281 50 102 
40 9 309 778 1086 946 148 283 50 99 
40 9 309 778 1086 947 148 286 50 96 
40 9 309 778 1086 948 148 288 50 93 
40 9 309 778 1086 949 148 289 50 91 
40 9 309 778 1086 950 148 289 50 90 
40 9 309 778 1086 951 148 289 50 90 
40 9 309 778 1086 952 150 289 50 90 
40 9 309 778 1086 953 150 289 50 90 
40 9 309 778 1086 954 150 287 50 90 
40 9 309 778 1086 955 152 287 50 90 
40 9 309 778 1086 956 152 287 50 90 
40 9 309 778 1086 957 152 287 50 90 
40 9 309 778 1086 958 154 287 50 90 
40 9 309 778 1086 959 154 285 50 90 
40 9 309 778 1086 960 154 282 50 91 
40 9 309 778 1086 961 155 282 50 91 
40 9 309 778 1086 962 155 280 50 91 
40 9 309 778 1086 963 155 280 50 90 
40 9 309 778 1086 964 157 280 50 90 
40 9 309 778 1086 965 157 278 50 90 
40 9 309 778 1086 966 159 278 50 90 
40 9 309 778 1086 967 159 278 50 90 
40 9 309 778 1086 968 159 278 50 90 
40 9 309 778 1086 969 159 278 50 90 
40 9 309 778 1086 970 161 278 50 90 
40 9 309 778 1086 971 161 278 50 90 
40 9 309 778 1086 972 161 278 50 90 
40 9 309 778 1086 973 161 278 50 90 
40 9 309 778 1086 974 164 278 48 90 
40 9 309 778 1086 975 164 275 48 91 
40 9 309 778 1086 976 164 275 50 91 
40 9 309 778 1086 977 166 275 50 91 
40 9 309 778 1086 978 168 275 50 91 
40 9 309 778 1086 979 168 275 50 91 
40 9 309 778 1086 980 170 275 50 91 
40 9 309 778 1086 981 171 275 50 91 
40 9 309 778 1086 982 173 275 50 91 
40 9 309 778 1086 983 175 275 50 91 
40 9 309 778 1086 984 177 278 50 90 
40 9 309 778 1086 985 180 278 48 90 
40 9 309 778 1086 986 182 278 50 90 
40 9 309 778 1086 987 182 278 50 90 
40 9 309 778 1086 988 182 278 50 90 
40 9 309 778 1086 989 184 278 50 90 
40 9 309 778 1086 990 184 278 50 90 
40 9 309 778 1086 991 186 278 50 90 
40 9 309 778 1086 992 186 278 50 90 
40 9 309 778 1086 993 187 278 50 90 
40 9 309 778 1086 994 187 278 50 90 
40 9 309 778 1086 995 189 278 50 90 
40 9 309 778 1086 996 191 278 50 90 
40 9 309 778 1086 997 191 278 50 90 
40 9 309 778 1086 998 193 278 50 90 
40 9 309 778 1086 999 196 278 48 90 
40 9 309 778 1086 1000 196 278 48 90 
40 9 309 778 1086 1001 196 278 50 90 
40 9 309 778 1086 1002 196 278 50 90 
40 9 309 778 1086 1003 198 278 50 90 
40 9 309 778 1086 1004 198 278 50 90 
40 9 309 778 1086 1005 200 278 50 90 
40 9 309 778 1086 1006 202 275 50 91 
40 9 309 778 1086 1007 203 275 50 91 
40 9 309 778 1086 1008 205 275 50 91 
40 9 309 778 1086 1009 207 275 50 91 
40 9 309 778 1086 1010 212 275 48 91 
40 9 309 778 1086 1011 212 273 48 91 
40 9 309 778 1086 1012 212 273 48 91 
40 9 309 778 1086 1013 212 273 50 91 
40 9 309 778 1086 1014 212 273 50 91 
40 9 309 778 1086 1015 214 273 50 91 
40 9 309 778 1086 1016 214 273 50 90 
40 9 309 778 1086 1017 216 273 50 90 
40 9 309 778 1086 1018 216 271 50 90 
40 9 309 778 1086 1019 218 271 50 90 
40 9 309 778 1086 1020 219 271 50 90 
40 9 309 778 1086 1021 219 269 50 90 
40 9 309 778 1086 1022 221 269 50 90 
40 9 309 778 1086 1023 221 266 50 91 
40 9 309 778 1086 1024 223 266 50 91 
40 9 309 778 1086 1025 223 264 50 91 
40 9 309 778 1086 1026 223 264 50 91 
40 9 309 778 1086 1027 223 264 50 91 
40 9 309 778 1086 1028 223 264 50 91 
40 9 309 778 1086 1029 225 264 50 90 
40 9 309 778 1086 1030 225 264 50 90 
40 9 309 778 1086 1031 225 264 50 90 
40 9 309 778 1086 1032 225 264 50 90 
40 9 309 778 1086 1033 228 264 48 90 
40 9 309 778 1086 1034 228 262 48 90 
40 9 309 778 1086 1035 228 262 50 90 
40 9 309 778 1086 1036 228 262 50 90 
40 9 309 778 1086 1037 230 259 50 91 
40 9 309 778 1086 1038 230 259 50 91 
40 9 309 778 1086 1039 232 259 50 91 
40 9 309 778 1086 1040 232 257 50 91 
40 9 309 778 1086 1041 232 257 50 91 
40 9 309 778 1086 1042 232 257 50 91 
40 9 309 778 1086 1043 232 257 50 91 
40 9 309 778 1086 1044 232 257 50 91 
40 9 309 778 1086 1045 232 257 50 91 
40 9 309 778 1086 1046 232 257 50 91 
40 9 309 778 1086 1047 234 257 50 91 
40 9 309 778 1086 1048 234 257 50 90 
40 9 309 778 1086 1049 234 257 50 87 
40 9 309 778 1086 1050 234 255 50 87 
40 9 309 778 1086 1051 235 255 50 85 
40 9 309 778 1086 1052 235 253 50 85 
40 9 309 778 1086 1053 235 254 50 82 
40 9 309 778 1086 1054 237 254 50 79 
40 9 309 778 1086 1055 237 252 50 81 
40 9 309 778 1086 1056 237 252 50 81 
40 9 309 778 1086 1057 237 252 50 81 
40 9 309 778 1086 1058 237 252 50 81 
40 9 309 778 1086 1059 239 252 50 81 
40 9 309 778 1086 1060 239 252 50 81 
40 9 309 778 1086 1061 239 252 50 81 
40 9 309 778 1086 1062 239 252 50 81 
40 9 309 778 1086 1063 241 252 50 81 
40 9 309 778 1086 1064 241 252 50 81 
40 9 309 778 1086 1065 241 252 50 81 
40 9 309 778 1086 1066 241 252 50 81 
40 9 309 778 1086 1067 244 252 48 81 
40 9 309 778 1086 1068 244 250 48 81 
40 9 309 778 1086 1069 244 250 50 81 
40 9 309 778 1086 1070 246 250 50 81 
40 9 309 778 1086 1071 246 249 50 79 
40 9 309 778 1086 1072 246 249 50 79 
40 9 309 778 1086 1073 246 249 50 79 
40 9 309 778 1086 1074 248 249 50 79 
40 9 309 778 1086 1075 248 249 50 79 
40 9 309 778 1086 1076 248 249 50 79 
40 9 309 778 1086 1077 248 249 50 79 
40 9 309 778 1086 1078 250 249 50 79 
40 9 309 778 1086 1079 250 247 50 79 
40 9 309 778 1086 1080 250 247 50 79 
40 9 309 778 1086 1081 250 247 50 79 
40 9 309 778 1086 1082 251 247 50 79 
40 9 309 778 1086 1083 251 247 50 79 
40 9 309 778 1086 1084 251 247 50 79 
40 9 309 778 1086 1085 251 247 50 79 
40 9 309 778 1086 1086 253 247 50 79 
41 11 47 1053 1099 1053 515 210 68 58 
41 11 47 1053 1099 1054 515 210 68 58 
41 11 47 1053 1099 1055 515 210 68 58 
41 11 47 1053 1099 1056 515 210 68 58 
41 11 47 1053 1099 1057 515 210 68 58 
41 11 47 1053 1099 1058 515 210 68 58 
41 11 47 1053 1099 1059 515 210 68 58 
41 11 47 1053 1099 1060 515 210 68 58 
41 11 47 1053 1099 1061 515 210 68 58 
41 11 47 1053 1099 1062 515 210 68 58 
41 11 47 1053 1099 1063 515 210 68 58 
41 11 47 1053 1099 1064 515 210 68 58 
41 11 47 1053 1099 1065 515 210 68 58 
41 11 47 1053 1099 1066 515 210 68 58 
41 11 47 1053 1099 1067 515 210 68 58 
41 11 47 1053 1099 1068 515 210 68 58 
41 11 47 1053 1099 1069 515 210 68 58 
41 11 47 1053 1099 1070 515 210 68 58 
41 11 47 1053 1099 1071 515 210 68 58 
41 11 47 1053 1099 1072 515 210 68 58 
41 11 47 1053 1099 1073 515 210 68 58 
41 11 47 1053 1099 1074 515 210 68 58 
41 11 47 1053 1099 1075 515 210 68 58 
41 11 47 1053 1099 1076 515 210 68 58 
41 11 47 1053 1099 1077 515 210 68 58 
41 11 47 1053 1099 1078 515 210 68 58 
41 11 47 1053 1099 1079 515 210 68 58 
41 11 47 1053 1099 1080 515 210 68 58 
41 11 47 1053 1099 1081 515 210 68 58 
41 11 47 1053 1099 1082 515 210 68 58 
41 11 47 1053 1099 1083 515 210 68 58 
41 11 47 1053 1099 1084 515 210 68 58 
41 11 47 1053 1099 1085 515 210 68 58 
41 11 47 1053 1099 1086 515 210 68 58 
41 11 47 1053 1099 1087 515 210 68 58 
41 11 47 1053 1099 1088 515 210 68 58 
41 11 47 1053 1099 1089 515 210 68 58 
41 11 47 1053 1099 1090 515 210 68 58 
41 11 47 1053 1099 1091 515 210 68 58 
41 11 47 1053 1099 1092 515 210 68 58 
41 11 47 1053 1099 1093 515 210 68 58 
41 11 47 1053 1099 1094 515 210 68 58 
41 11 47 1053 1099 1095 515 210 68 58 
41 11 47 1053 1099 1096 515 210 68 58 
41 11 47 1053 1099 1097 515 210 68 58 
41 11 47 1053 1099 1098 515 210 68 58 
41 11 47 1053 1099 1099 515 210 68 58 
