1 12 47 152 198 152 960 178 111 92 
1 12 47 152 198 153 960 178 111 92 
1 12 47 152 198 154 960 178 111 92 
1 12 47 152 198 155 960 178 111 92 
1 12 47 152 198 156 960 178 111 92 
1 12 47 152 198 157 960 178 111 92 
1 12 47 152 198 158 960 178 111 92 
1 12 47 152 198 159 960 178 111 92 
1 12 47 152 198 160 960 178 111 92 
1 12 47 152 198 161 960 178 111 92 
1 12 47 152 198 162 960 178 111 92 
1 12 47 152 198 163 960 178 111 92 
1 12 47 152 198 164 960 178 111 92 
1 12 47 152 198 165 960 178 111 92 
1 12 47 152 198 166 960 178 111 92 
1 12 47 152 198 167 960 178 111 92 
1 12 47 152 198 168 960 178 111 92 
1 12 47 152 198 169 960 178 111 92 
1 12 47 152 198 170 960 178 111 92 
1 12 47 152 198 171 960 178 111 92 
1 12 47 152 198 172 960 178 111 92 
1 12 47 152 198 173 960 178 111 92 
1 12 47 152 198 174 960 178 111 92 
1 12 47 152 198 175 960 178 111 92 
1 12 47 152 198 176 960 178 111 92 
1 12 47 152 198 177 960 178 111 92 
1 12 47 152 198 178 960 178 111 92 
1 12 47 152 198 179 960 178 111 92 
1 12 47 152 198 180 960 178 111 92 
1 12 47 152 198 181 960 178 111 92 
1 12 47 152 198 182 960 178 111 92 
1 12 47 152 198 183 960 178 111 92 
1 12 47 152 198 184 960 178 111 92 
1 12 47 152 198 185 960 178 111 92 
1 12 47 152 198 186 960 178 111 92 
1 12 47 152 198 187 960 178 111 92 
1 12 47 152 198 188 960 178 111 92 
1 12 47 152 198 189 960 178 111 92 
1 12 47 152 198 190 960 178 111 92 
1 12 47 152 198 191 960 178 111 92 
1 12 47 152 198 192 960 178 111 92 
1 12 47 152 198 193 960 178 111 92 
1 12 47 152 198 194 960 178 111 92 
1 12 47 152 198 195 960 178 111 92 
1 12 47 152 198 196 960 178 111 92 
1 12 47 152 198 197 960 178 111 92 
1 12 47 152 198 198 960 178 111 92 
2 9 340 156 495 156 1011 179 48 87 
2 9 340 156 495 157 1010 179 48 87 
2 9 340 156 495 158 1008 179 50 87 
2 9 340 156 495 159 1008 179 50 87 
2 9 340 156 495 160 1007 179 50 87 
2 9 340 156 495 161 1007 179 50 87 
2 9 340 156 495 162 1006 179 52 88 
2 9 340 156 495 163 1005 179 52 88 
2 9 340 156 495 164 1005 179 52 88 
2 9 340 156 495 165 1003 179 54 88 
2 9 340 156 495 166 1002 179 54 88 
2 9 340 156 495 167 1002 179 54 90 
2 9 340 156 495 168 1001 179 56 90 
2 9 340 156 495 169 1001 179 56 90 
2 9 340 156 495 170 1000 179 56 90 
2 9 340 156 495 171 998 179 58 90 
2 9 340 156 495 172 998 178 58 91 
2 9 340 156 495 173 997 178 58 91 
2 9 340 156 495 174 997 178 58 91 
2 9 340 156 495 175 996 178 60 91 
2 9 340 156 495 176 995 178 60 91 
2 9 340 156 495 177 993 179 62 91 
2 9 340 156 495 178 993 179 60 91 
2 9 340 156 495 179 994 179 56 91 
2 9 340 156 495 180 991 179 60 91 
2 9 340 156 495 181 989 179 60 91 
2 9 340 156 495 182 990 179 56 91 
2 9 340 156 495 183 987 179 60 91 
2 9 340 156 495 184 984 179 62 91 
2 9 340 156 495 185 985 179 58 91 
2 9 340 156 495 186 984 179 60 91 
2 9 340 156 495 187 982 179 60 91 
2 9 340 156 495 188 983 179 56 91 
2 9 340 156 495 189 980 179 58 91 
2 9 340 156 495 190 977 179 62 91 
2 9 340 156 495 191 978 179 58 91 
2 9 340 156 495 192 978 179 56 91 
2 9 340 156 495 193 975 179 60 91 
2 9 340 156 495 194 976 179 56 91 
2 9 340 156 495 195 974 179 56 91 
2 9 340 156 495 196 971 179 60 91 
2 9 340 156 495 197 971 179 58 91 
2 9 340 156 495 198 969 179 58 91 
2 9 340 156 495 199 969 179 56 91 
2 9 340 156 495 200 969 179 56 91 
2 9 340 156 495 201 967 179 56 91 
2 9 340 156 495 202 964 179 58 91 
2 9 340 156 495 203 964 179 58 91 
2 9 340 156 495 204 962 182 58 90 
2 9 340 156 495 205 962 182 56 90 
2 9 340 156 495 206 962 182 56 90 
2 9 340 156 495 207 960 182 56 90 
2 9 340 156 495 208 958 182 56 90 
2 9 340 156 495 209 958 182 56 90 
2 9 340 156 495 210 955 182 58 90 
2 9 340 156 495 211 953 182 58 90 
2 9 340 156 495 212 954 182 54 90 
2 9 340 156 495 213 953 182 56 90 
2 9 340 156 495 214 951 182 56 90 
2 9 340 156 495 215 951 182 54 90 
2 9 340 156 495 216 948 182 58 90 
2 9 340 156 495 217 946 182 58 90 
2 9 340 156 495 218 947 182 54 90 
2 9 340 156 495 219 946 182 56 90 
2 9 340 156 495 220 944 182 56 90 
2 9 340 156 495 221 945 182 52 90 
2 9 340 156 495 222 942 182 54 90 
2 9 340 156 495 223 939 182 58 90 
2 9 340 156 495 224 940 182 54 90 
2 9 340 156 495 225 938 182 54 90 
2 9 340 156 495 226 937 182 56 90 
2 9 340 156 495 227 938 182 52 90 
2 9 340 156 495 228 935 182 54 90 
2 9 340 156 495 229 932 182 58 90 
2 9 340 156 495 230 933 182 54 90 
2 9 340 156 495 231 931 182 54 90 
2 9 340 156 495 232 931 184 54 90 
2 9 340 156 495 233 931 184 52 90 
2 9 340 156 495 234 931 184 52 90 
2 9 340 156 495 235 929 184 52 90 
2 9 340 156 495 236 929 184 52 90 
2 9 340 156 495 237 929 184 52 90 
2 9 340 156 495 238 926 184 54 90 
2 9 340 156 495 239 926 184 54 90 
2 9 340 156 495 240 926 184 54 90 
2 9 340 156 495 241 924 184 54 90 
2 9 340 156 495 242 924 184 54 90 
2 9 340 156 495 243 922 184 54 90 
2 9 340 156 495 244 922 184 54 90 
2 9 340 156 495 245 922 184 54 90 
2 9 340 156 495 246 922 184 52 90 
2 9 340 156 495 247 922 184 52 90 
2 9 340 156 495 248 922 184 52 90 
2 9 340 156 495 249 919 184 54 90 
2 9 340 156 495 250 919 184 54 90 
2 9 340 156 495 251 917 184 54 90 
2 9 340 156 495 252 917 184 54 90 
2 9 340 156 495 253 917 184 54 90 
2 9 340 156 495 254 915 184 54 90 
2 9 340 156 495 255 915 184 54 90 
2 9 340 156 495 256 915 184 54 90 
2 9 340 156 495 257 915 184 54 90 
2 9 340 156 495 258 915 184 54 90 
2 9 340 156 495 259 915 184 54 90 
2 9 340 156 495 260 915 184 54 90 
2 9 340 156 495 261 915 184 54 90 
2 9 340 156 495 262 915 184 54 90 
2 9 340 156 495 263 915 184 54 90 
2 9 340 156 495 264 915 184 54 90 
2 9 340 156 495 265 915 184 54 90 
2 9 340 156 495 266 917 184 54 90 
2 9 340 156 495 267 917 184 54 90 
2 9 340 156 495 268 917 184 54 90 
2 9 340 156 495 269 917 184 54 90 
2 9 340 156 495 270 917 184 54 91 
2 9 340 156 495 271 917 184 54 91 
2 9 340 156 495 272 917 184 54 91 
2 9 340 156 495 273 917 184 54 91 
2 9 340 156 495 274 917 184 54 91 
2 9 340 156 495 275 919 184 54 91 
2 9 340 156 495 276 919 184 54 91 
2 9 340 156 495 277 919 184 54 91 
2 9 340 156 495 278 919 184 54 91 
2 9 340 156 495 279 919 184 54 91 
2 9 340 156 495 280 919 184 54 91 
2 9 340 156 495 281 919 184 54 91 
2 9 340 156 495 282 919 184 54 91 
2 9 340 156 495 283 919 184 54 91 
2 9 340 156 495 284 922 186 52 91 
2 9 340 156 495 285 922 186 52 91 
2 9 340 156 495 286 922 186 54 91 
2 9 340 156 495 287 922 186 54 91 
2 9 340 156 495 288 924 186 54 91 
2 9 340 156 495 289 924 186 54 91 
2 9 340 156 495 290 926 186 54 91 
2 9 340 156 495 291 926 186 54 91 
2 9 340 156 495 292 929 186 52 91 
2 9 340 156 495 293 931 186 52 91 
2 9 340 156 495 294 931 186 52 91 
2 9 340 156 495 295 931 186 54 91 
2 9 340 156 495 296 931 186 54 91 
2 9 340 156 495 297 933 186 54 91 
2 9 340 156 495 298 933 186 54 91 
2 9 340 156 495 299 935 186 54 91 
2 9 340 156 495 300 938 186 52 91 
2 9 340 156 495 301 938 186 52 91 
2 9 340 156 495 302 938 186 54 91 
2 9 340 156 495 303 941 186 50 91 
2 9 340 156 495 304 940 186 54 91 
2 9 340 156 495 305 942 186 54 91 
2 9 340 156 495 306 945 186 50 91 
2 9 340 156 495 307 945 186 52 91 
2 9 340 156 495 308 948 186 48 91 
2 9 340 156 495 309 948 186 50 91 
2 9 340 156 495 310 947 186 54 91 
2 9 340 156 495 311 950 186 50 91 
2 9 340 156 495 312 952 186 50 91 
2 9 340 156 495 313 952 186 50 91 
2 9 340 156 495 314 954 186 50 91 
2 9 340 156 495 315 955 186 50 91 
2 9 340 156 495 316 955 186 50 91 
2 9 340 156 495 317 957 186 50 91 
2 9 340 156 495 318 960 186 46 91 
2 9 340 156 495 319 959 186 50 91 
2 9 340 156 495 320 961 186 50 91 
2 9 340 156 495 321 964 186 46 91 
2 9 340 156 495 322 964 186 48 91 
2 9 340 156 495 323 965 186 46 91 
2 9 340 156 495 324 967 186 46 91 
2 9 340 156 495 325 969 186 46 91 
2 9 340 156 495 326 969 186 46 91 
2 9 340 156 495 327 971 186 46 91 
2 9 340 156 495 328 972 186 48 91 
2 9 340 156 495 329 974 186 46 91 
2 9 340 156 495 330 974 186 46 91 
2 9 340 156 495 331 976 186 46 91 
2 9 340 156 495 332 978 186 46 91 
2 9 340 156 495 333 980 186 46 91 
2 9 340 156 495 334 980 186 46 91 
2 9 340 156 495 335 981 186 46 91 
2 9 340 156 495 336 983 186 46 91 
2 9 340 156 495 337 985 186 46 91 
2 9 340 156 495 338 987 186 46 91 
2 9 340 156 495 339 987 186 46 91 
2 9 340 156 495 340 988 186 48 91 
2 9 340 156 495 341 990 186 46 91 
2 9 340 156 495 342 992 186 46 91 
2 9 340 156 495 343 992 186 46 91 
2 9 340 156 495 344 994 186 46 91 
2 9 340 156 495 345 996 186 46 91 
2 9 340 156 495 346 997 186 46 91 
2 9 340 156 495 347 997 186 46 91 
2 9 340 156 495 348 999 186 46 91 
2 9 340 156 495 349 1001 186 46 91 
2 9 340 156 495 350 1003 186 46 91 
2 9 340 156 495 351 1004 186 48 91 
2 9 340 156 495 352 1004 186 48 91 
2 9 340 156 495 353 1006 186 46 91 
2 9 340 156 495 354 1008 186 46 91 
2 9 340 156 495 355 1010 186 46 91 
2 9 340 156 495 356 1010 186 46 91 
2 9 340 156 495 357 1012 186 46 91 
2 9 340 156 495 358 1013 186 46 91 
2 9 340 156 495 359 1015 186 46 91 
2 9 340 156 495 360 1015 186 46 91 
2 9 340 156 495 361 1017 186 46 91 
2 9 340 156 495 362 1019 186 46 91 
2 9 340 156 495 363 1020 186 48 91 
2 9 340 156 495 364 1022 186 46 91 
2 9 340 156 495 365 1022 186 46 91 
2 9 340 156 495 366 1024 186 46 91 
2 9 340 156 495 367 1026 186 46 91 
2 9 340 156 495 368 1028 186 46 91 
2 9 340 156 495 369 1028 186 46 91 
2 9 340 156 495 370 1029 186 46 91 
2 9 340 156 495 371 1031 186 46 91 
2 9 340 156 495 372 1033 186 46 91 
2 9 340 156 495 373 1035 189 46 90 
2 9 340 156 495 374 1035 186 46 91 
2 9 340 156 495 375 1036 186 48 91 
2 9 340 156 495 376 1038 186 46 91 
2 9 340 156 495 377 1040 186 46 91 
2 9 340 156 495 378 1040 186 46 91 
2 9 340 156 495 379 1042 186 46 91 
2 9 340 156 495 380 1044 186 46 91 
2 9 340 156 495 381 1045 186 46 91 
2 9 340 156 495 382 1044 186 50 91 
2 9 340 156 495 383 1047 186 46 91 
2 9 340 156 495 384 1049 186 46 91 
2 9 340 156 495 385 1051 186 46 91 
2 9 340 156 495 386 1050 186 50 91 
2 9 340 156 495 387 1052 186 48 91 
2 9 340 156 495 388 1054 186 46 91 
2 9 340 156 495 389 1056 186 46 91 
2 9 340 156 495 390 1055 186 50 91 
2 9 340 156 495 391 1057 186 50 91 
2 9 340 156 495 392 1060 184 46 94 
2 9 340 156 495 393 1061 184 46 94 
2 9 340 156 495 394 1060 184 50 94 
2 9 340 156 495 395 1062 184 50 94 
2 9 340 156 495 396 1065 184 46 94 
2 9 340 156 495 397 1067 184 46 94 
2 9 340 156 495 398 1066 184 50 94 
2 9 340 156 495 399 1067 184 50 94 
2 9 340 156 495 400 1069 184 50 94 
2 9 340 156 495 401 1072 184 46 94 
2 9 340 156 495 402 1071 184 50 94 
2 9 340 156 495 403 1073 184 50 94 
2 9 340 156 495 404 1076 184 48 94 
2 9 340 156 495 405 1077 184 46 94 
2 9 340 156 495 406 1076 184 50 94 
2 9 340 156 495 407 1078 184 50 94 
2 9 340 156 495 408 1080 184 50 94 
2 9 340 156 495 409 1082 184 50 94 
2 9 340 156 495 410 1082 183 50 93 
2 9 340 156 495 411 1083 183 50 93 
2 9 340 156 495 412 1085 183 50 93 
2 9 340 156 495 413 1087 183 50 93 
2 9 340 156 495 414 1089 183 50 93 
2 9 340 156 495 415 1092 183 48 93 
2 9 340 156 495 416 1093 183 46 93 
2 9 340 156 495 417 1092 183 50 93 
2 9 340 156 495 418 1094 183 50 93 
2 9 340 156 495 419 1096 183 50 93 
2 9 340 156 495 420 1098 183 50 93 
2 9 340 156 495 421 1099 183 50 93 
2 9 340 156 495 422 1102 183 46 93 
2 9 340 156 495 423 1104 183 46 93 
2 9 340 156 495 424 1103 183 50 93 
2 9 340 156 495 425 1105 183 50 93 
2 9 340 156 495 426 1108 183 48 93 
2 9 340 156 495 427 1108 183 50 93 
2 9 340 156 495 428 1111 184 46 90 
2 9 340 156 495 429 1113 184 46 90 
2 9 340 156 495 430 1115 184 46 90 
2 9 340 156 495 431 1114 184 50 90 
2 9 340 156 495 432 1115 184 50 90 
2 9 340 156 495 433 1117 184 50 90 
2 9 340 156 495 434 1120 184 46 90 
2 9 340 156 495 435 1122 184 46 90 
2 9 340 156 495 436 1124 184 46 90 
2 9 340 156 495 437 1125 184 46 90 
2 9 340 156 495 438 1124 181 50 93 
2 9 340 156 495 439 1126 181 50 93 
2 9 340 156 495 440 1128 181 50 93 
2 9 340 156 495 441 1131 181 46 93 
2 9 340 156 495 442 1132 181 48 93 
2 9 340 156 495 443 1134 181 46 93 
2 9 340 156 495 444 1136 181 46 93 
2 9 340 156 495 445 1135 181 50 93 
2 9 340 156 495 446 1137 181 50 93 
2 9 340 156 495 447 1140 182 46 90 
2 9 340 156 495 448 1141 182 46 90 
2 9 340 156 495 449 1143 182 46 90 
2 9 340 156 495 450 1145 182 46 90 
2 9 340 156 495 451 1147 182 46 90 
2 9 340 156 495 452 1146 182 50 90 
2 9 340 156 495 453 1148 182 48 90 
2 9 340 156 495 454 1150 182 46 90 
2 9 340 156 495 455 1152 182 46 90 
2 9 340 156 495 456 1154 182 46 90 
2 9 340 156 495 457 1156 182 46 90 
2 9 340 156 495 458 1157 182 46 90 
2 9 340 156 495 459 1157 182 46 90 
2 9 340 156 495 460 1159 182 46 90 
2 9 340 156 495 461 1161 182 46 90 
2 9 340 156 495 462 1163 182 46 90 
2 9 340 156 495 463 1164 182 48 90 
2 9 340 156 495 464 1166 182 46 90 
2 9 340 156 495 465 1168 182 46 90 
2 9 340 156 495 466 1170 179 46 91 
2 9 340 156 495 467 1172 179 46 91 
2 9 340 156 495 468 1173 179 46 91 
2 9 340 156 495 469 1175 179 46 91 
2 9 340 156 495 470 1177 179 46 91 
2 9 340 156 495 471 1179 179 46 91 
2 9 340 156 495 472 1180 179 48 91 
2 9 340 156 495 473 1182 179 46 91 
2 9 340 156 495 474 1184 179 46 91 
2 9 340 156 495 475 1186 179 46 91 
2 9 340 156 495 476 1188 179 46 91 
2 9 340 156 495 477 1189 179 46 91 
2 9 340 156 495 478 1191 179 46 91 
2 9 340 156 495 479 1193 179 46 91 
2 9 340 156 495 480 1195 179 46 91 
2 9 340 156 495 481 1196 179 48 91 
2 9 340 156 495 482 1198 179 46 91 
2 9 340 156 495 483 1200 179 46 91 
2 9 340 156 495 484 1202 179 46 91 
2 9 340 156 495 485 1204 179 46 91 
2 9 340 156 495 486 1205 179 46 91 
2 9 340 156 495 487 1207 179 46 91 
2 9 340 156 495 488 1209 179 46 91 
2 9 340 156 495 489 1211 179 46 91 
2 9 340 156 495 490 1212 179 48 91 
2 9 340 156 495 491 1214 179 46 91 
2 9 340 156 495 492 1216 179 46 91 
2 9 340 156 495 493 1218 179 46 91 
2 9 340 156 495 494 1220 179 46 91 
2 9 340 156 495 495 1221 179 46 91 
3 9 277 0 276 0 235 275 58 93 
3 9 277 0 276 1 233 275 58 93 
3 9 277 0 276 2 233 275 58 93 
3 9 277 0 276 3 233 275 58 93 
3 9 277 0 276 4 233 275 56 93 
3 9 277 0 276 5 233 277 56 93 
3 9 277 0 276 6 233 277 56 93 
3 9 277 0 276 7 231 277 56 93 
3 9 277 0 276 8 231 277 56 93 
3 9 277 0 276 9 231 279 56 93 
3 9 277 0 276 10 231 279 56 93 
3 9 277 0 276 11 228 279 58 93 
3 9 277 0 276 12 228 279 58 93 
3 9 277 0 276 13 228 280 58 94 
3 9 277 0 276 14 226 280 58 94 
3 9 277 0 276 15 226 280 58 94 
3 9 277 0 276 16 226 280 58 94 
3 9 277 0 276 17 226 280 56 94 
3 9 277 0 276 18 226 282 56 93 
3 9 277 0 276 19 226 282 56 93 
3 9 277 0 276 20 226 282 56 93 
3 9 277 0 276 21 224 282 56 93 
3 9 277 0 276 22 224 284 56 93 
3 9 277 0 276 23 224 284 56 93 
3 9 277 0 276 24 222 284 56 93 
3 9 277 0 276 25 222 284 56 93 
3 9 277 0 276 26 222 286 56 93 
3 9 277 0 276 27 219 286 58 93 
3 9 277 0 276 28 219 286 58 93 
3 9 277 0 276 29 219 286 58 93 
3 9 277 0 276 30 219 288 58 93 
3 9 277 0 276 31 217 288 58 93 
3 9 277 0 276 32 217 288 58 93 
3 9 277 0 276 33 217 288 58 93 
3 9 277 0 276 34 217 288 56 93 
3 9 277 0 276 35 217 289 56 94 
3 9 277 0 276 36 217 289 56 94 
3 9 277 0 276 37 215 289 56 94 
3 9 277 0 276 38 215 289 56 94 
3 9 277 0 276 39 215 291 56 93 
3 9 277 0 276 40 215 291 56 93 
3 9 277 0 276 41 212 291 58 93 
3 9 277 0 276 42 212 291 58 93 
3 9 277 0 276 43 212 293 58 93 
3 9 277 0 276 44 210 293 58 93 
3 9 277 0 276 45 210 293 58 93 
3 9 277 0 276 46 210 293 58 93 
3 9 277 0 276 47 210 295 58 93 
3 9 277 0 276 48 210 295 56 93 
3 9 277 0 276 49 210 295 56 93 
3 9 277 0 276 50 210 295 56 93 
3 9 277 0 276 51 208 295 56 93 
3 9 277 0 276 52 208 296 56 94 
3 9 277 0 276 53 208 296 56 94 
3 9 277 0 276 54 206 296 56 94 
3 9 277 0 276 55 206 296 56 94 
3 9 277 0 276 56 206 298 56 93 
3 9 277 0 276 57 206 298 56 93 
3 9 277 0 276 58 203 298 58 93 
3 9 277 0 276 59 203 298 58 93 
3 9 277 0 276 60 203 300 58 93 
3 9 277 0 276 61 201 300 58 93 
3 9 277 0 276 62 201 300 58 93 
3 9 277 0 276 63 201 300 58 93 
3 9 277 0 276 64 201 300 56 93 
3 9 277 0 276 65 201 302 56 93 
3 9 277 0 276 66 201 302 56 93 
3 9 277 0 276 67 201 302 56 93 
3 9 277 0 276 68 199 302 56 93 
3 9 277 0 276 69 199 304 56 93 
3 9 277 0 276 70 199 304 56 93 
3 9 277 0 276 71 196 304 58 93 
3 9 277 0 276 72 196 304 58 93 
3 9 277 0 276 73 196 305 58 94 
3 9 277 0 276 74 194 305 58 94 
3 9 277 0 276 75 194 305 58 94 
3 9 277 0 276 76 194 305 58 94 
3 9 277 0 276 77 194 307 58 93 
3 9 277 0 276 78 194 307 56 93 
3 9 277 0 276 79 194 307 56 93 
3 9 277 0 276 80 194 307 56 93 
3 9 277 0 276 81 192 307 56 93 
3 9 277 0 276 82 192 309 56 93 
3 9 277 0 276 83 192 309 56 93 
3 9 277 0 276 84 190 309 56 93 
3 9 277 0 276 85 190 309 56 93 
3 9 277 0 276 86 190 311 56 93 
3 9 277 0 276 87 190 311 56 93 
3 9 277 0 276 88 187 311 58 93 
3 9 277 0 276 89 187 311 58 93 
3 9 277 0 276 90 187 312 58 94 
3 9 277 0 276 91 185 312 58 94 
3 9 277 0 276 92 185 312 58 94 
3 9 277 0 276 93 185 312 58 94 
3 9 277 0 276 94 185 314 58 93 
3 9 277 0 276 95 185 314 56 93 
3 9 277 0 276 96 183 314 56 93 
3 9 277 0 276 97 183 314 56 93 
3 9 277 0 276 98 180 314 58 93 
3 9 277 0 276 99 178 314 58 93 
3 9 277 0 276 100 178 314 58 93 
3 9 277 0 276 101 178 314 56 93 
3 9 277 0 276 102 176 316 56 93 
3 9 277 0 276 103 176 316 56 93 
3 9 277 0 276 104 174 316 56 93 
3 9 277 0 276 105 171 316 58 93 
3 9 277 0 276 106 171 316 58 93 
3 9 277 0 276 107 169 316 58 93 
3 9 277 0 276 108 169 316 56 93 
3 9 277 0 276 109 169 316 56 93 
3 9 277 0 276 110 167 318 56 93 
3 9 277 0 276 111 167 318 56 93 
3 9 277 0 276 112 164 318 58 93 
3 9 277 0 276 113 162 318 58 93 
3 9 277 0 276 114 162 318 58 93 
3 9 277 0 276 115 162 318 56 93 
3 9 277 0 276 116 160 318 56 93 
3 9 277 0 276 117 160 318 56 93 
3 9 277 0 276 118 158 320 56 93 
3 9 277 0 276 119 155 320 58 93 
3 9 277 0 276 120 155 320 58 93 
3 9 277 0 276 121 153 320 58 93 
3 9 277 0 276 122 153 320 56 93 
3 9 277 0 276 123 153 320 56 93 
3 9 277 0 276 124 151 320 56 93 
3 9 277 0 276 125 151 321 56 94 
3 9 277 0 276 126 148 321 58 94 
3 9 277 0 276 127 148 321 58 94 
3 9 277 0 276 128 146 321 58 94 
3 9 277 0 276 129 146 323 58 93 
3 9 277 0 276 130 146 323 56 93 
3 9 277 0 276 131 146 323 56 93 
3 9 277 0 276 132 146 323 56 96 
3 9 277 0 276 133 144 325 56 93 
3 9 277 0 276 134 144 325 56 93 
3 9 277 0 276 135 142 325 56 96 
3 9 277 0 276 136 142 325 56 96 
3 9 277 0 276 137 142 327 56 93 
3 9 277 0 276 138 139 327 58 96 
3 9 277 0 276 139 139 327 58 96 
3 9 277 0 276 140 137 327 58 96 
3 9 277 0 276 141 137 328 58 96 
3 9 277 0 276 142 137 328 56 96 
3 9 277 0 276 143 137 328 56 96 
3 9 277 0 276 144 137 330 56 96 
3 9 277 0 276 145 135 330 56 96 
3 9 277 0 276 146 135 330 56 96 
3 9 277 0 276 147 132 329 58 99 
3 9 277 0 276 148 132 332 58 96 
3 9 277 0 276 149 132 332 58 96 
3 9 277 0 276 150 130 332 58 96 
3 9 277 0 276 151 130 331 58 99 
3 9 277 0 276 152 130 334 56 96 
3 9 277 0 276 153 130 334 56 96 
3 9 277 0 276 154 128 333 56 99 
3 9 277 0 276 155 128 333 56 99 
3 9 277 0 276 156 128 336 56 96 
3 9 277 0 276 157 126 335 56 97 
3 9 277 0 276 158 126 335 56 97 
3 9 277 0 276 159 123 337 58 96 
3 9 277 0 276 160 123 336 58 99 
3 9 277 0 276 161 123 336 58 99 
3 9 277 0 276 162 121 336 58 99 
3 9 277 0 276 163 121 338 58 99 
3 9 277 0 276 164 121 338 56 99 
3 9 277 0 276 165 121 338 56 99 
3 9 277 0 276 166 119 338 56 102 
3 9 277 0 276 167 119 340 56 99 
3 9 277 0 276 168 119 340 56 99 
3 9 277 0 276 169 116 340 58 100 
3 9 277 0 276 170 116 340 58 100 
3 9 277 0 276 171 114 342 58 97 
3 9 277 0 276 172 114 342 58 100 
3 9 277 0 276 173 114 342 58 100 
3 9 277 0 276 174 114 343 56 99 
3 9 277 0 276 175 114 343 56 99 
3 9 277 0 276 176 112 343 56 102 
3 9 277 0 276 177 112 343 56 102 
3 9 277 0 276 178 112 345 56 99 
3 9 277 0 276 179 110 345 56 102 
3 9 277 0 276 180 110 345 56 102 
3 9 277 0 276 181 107 345 58 102 
3 9 277 0 276 182 107 347 58 102 
3 9 277 0 276 183 105 347 58 102 
3 9 277 0 276 184 105 347 58 102 
3 9 277 0 276 185 105 346 58 103 
3 9 277 0 276 186 105 349 56 100 
3 9 277 0 276 187 105 349 56 100 
3 9 277 0 276 188 103 348 56 103 
3 9 277 0 276 189 103 351 56 100 
3 9 277 0 276 190 103 351 56 100 
3 9 277 0 276 191 100 350 58 103 
3 9 277 0 276 192 100 350 58 103 
3 9 277 0 276 193 98 352 58 102 
3 9 277 0 276 194 98 351 58 105 
3 9 277 0 276 195 98 351 56 105 
3 9 277 0 276 196 98 351 56 105 
3 9 277 0 276 197 98 354 56 102 
3 9 277 0 276 198 96 353 56 103 
3 9 277 0 276 199 96 353 56 103 
3 9 277 0 276 200 94 353 56 103 
3 9 277 0 276 201 94 355 56 103 
3 9 277 0 276 202 94 355 56 103 
3 9 277 0 276 203 91 355 58 103 
3 9 277 0 276 204 91 357 58 103 
3 9 277 0 276 205 89 357 58 103 
3 9 277 0 276 206 89 357 58 103 
3 9 277 0 276 207 89 357 56 106 
3 9 277 0 276 208 89 358 56 105 
3 9 277 0 276 209 89 358 56 105 
3 9 277 0 276 210 87 358 56 108 
3 9 277 0 276 211 87 358 56 108 
3 9 277 0 276 212 84 360 58 105 
3 9 277 0 276 213 84 360 58 106 
3 9 277 0 276 214 84 360 58 106 
3 9 277 0 276 215 82 360 58 106 
3 9 277 0 276 216 82 362 58 106 
3 9 277 0 276 217 82 362 56 106 
3 9 277 0 276 218 82 362 56 106 
3 9 277 0 276 219 82 364 56 106 
3 9 277 0 276 220 80 364 56 106 
3 9 277 0 276 221 80 364 56 106 
3 9 277 0 276 222 80 364 56 106 
3 9 277 0 276 223 80 364 56 106 
3 9 277 0 276 224 80 366 56 106 
3 9 277 0 276 225 78 366 56 106 
3 9 277 0 276 226 78 366 56 106 
3 9 277 0 276 227 78 366 56 106 
3 9 277 0 276 228 78 367 56 106 
3 9 277 0 276 229 78 367 56 106 
3 9 277 0 276 230 78 367 56 106 
3 9 277 0 276 231 75 367 58 106 
3 9 277 0 276 232 75 367 58 106 
3 9 277 0 276 233 75 369 58 106 
3 9 277 0 276 234 75 369 58 106 
3 9 277 0 276 235 75 369 58 106 
3 9 277 0 276 236 73 369 58 106 
3 9 277 0 276 237 73 371 58 106 
3 9 277 0 276 238 73 371 58 106 
3 9 277 0 276 239 73 371 58 106 
3 9 277 0 276 240 73 371 58 106 
3 9 277 0 276 241 73 371 58 106 
3 9 277 0 276 242 73 373 56 106 
3 9 277 0 276 243 73 373 56 106 
3 9 277 0 276 244 73 373 56 106 
3 9 277 0 276 245 73 373 56 106 
3 9 277 0 276 246 73 374 56 108 
3 9 277 0 276 247 71 374 56 108 
3 9 277 0 276 248 71 374 56 108 
3 9 277 0 276 249 71 374 56 108 
3 9 277 0 276 250 71 374 56 108 
3 9 277 0 276 251 71 376 56 106 
3 9 277 0 276 252 71 376 56 106 
3 9 277 0 276 253 68 376 58 106 
3 9 277 0 276 254 68 376 58 106 
3 9 277 0 276 255 68 378 58 106 
3 9 277 0 276 256 68 378 58 106 
3 9 277 0 276 257 68 378 58 106 
3 9 277 0 276 258 68 378 58 106 
3 9 277 0 276 259 66 378 58 106 
3 9 277 0 276 260 66 380 58 106 
3 9 277 0 276 261 66 380 58 106 
3 9 277 0 276 262 66 380 58 106 
3 9 277 0 276 263 66 380 58 106 
3 9 277 0 276 264 66 382 56 106 
3 9 277 0 276 265 66 382 56 106 
3 9 277 0 276 266 66 382 56 106 
3 9 277 0 276 267 66 382 56 106 
3 9 277 0 276 268 66 382 56 106 
3 9 277 0 276 269 66 383 56 106 
3 9 277 0 276 270 64 383 56 106 
3 9 277 0 276 271 64 383 56 106 
3 9 277 0 276 272 64 383 56 106 
3 9 277 0 276 273 64 385 56 106 
3 9 277 0 276 274 64 385 56 106 
3 9 277 0 276 275 62 385 56 106 
3 9 277 0 276 276 62 385 56 106 
