0 11 47 483 529 483 912 205 79 64 
0 11 47 483 529 484 912 205 79 64 
0 11 47 483 529 485 912 205 79 64 
0 11 47 483 529 486 912 205 79 64 
0 11 47 483 529 487 912 205 79 64 
0 11 47 483 529 488 912 205 79 64 
0 11 47 483 529 489 912 205 79 64 
0 11 47 483 529 490 912 205 79 64 
0 11 47 483 529 491 912 205 79 64 
0 11 47 483 529 492 912 205 79 64 
0 11 47 483 529 493 912 205 79 64 
0 11 47 483 529 494 912 205 79 64 
0 11 47 483 529 495 912 205 79 64 
0 11 47 483 529 496 912 205 79 64 
0 11 47 483 529 497 912 205 79 64 
0 11 47 483 529 498 912 205 79 64 
0 11 47 483 529 499 912 205 79 64 
0 11 47 483 529 500 912 205 79 64 
0 11 47 483 529 501 912 205 79 64 
0 11 47 483 529 502 912 205 79 64 
0 11 47 483 529 503 912 205 79 64 
0 11 47 483 529 504 912 205 79 64 
0 11 47 483 529 505 912 205 79 64 
0 11 47 483 529 506 912 205 79 64 
0 11 47 483 529 507 912 205 79 64 
0 11 47 483 529 508 912 205 79 64 
0 11 47 483 529 509 912 205 79 64 
0 11 47 483 529 510 912 205 79 64 
0 11 47 483 529 511 912 205 79 64 
0 11 47 483 529 512 912 205 79 64 
0 11 47 483 529 513 912 205 79 64 
0 11 47 483 529 514 912 205 79 64 
0 11 47 483 529 515 912 205 79 64 
0 11 47 483 529 516 912 205 79 64 
0 11 47 483 529 517 912 205 79 64 
0 11 47 483 529 518 912 205 79 64 
0 11 47 483 529 519 912 205 79 64 
0 11 47 483 529 520 912 205 79 64 
0 11 47 483 529 521 912 205 79 64 
0 11 47 483 529 522 912 205 79 64 
0 11 47 483 529 523 912 205 79 64 
0 11 47 483 529 524 912 205 79 64 
0 11 47 483 529 525 912 205 79 64 
0 11 47 483 529 526 912 205 79 64 
0 11 47 483 529 527 912 205 79 64 
0 11 47 483 529 528 912 205 79 64 
0 11 47 483 529 529 912 205 79 64 
1 11 83 504 586 504 912 204 85 70 
1 11 83 504 586 505 912 204 85 70 
1 11 83 504 586 506 912 204 85 70 
1 11 83 504 586 507 912 204 85 70 
1 11 83 504 586 508 912 204 85 70 
1 11 83 504 586 509 912 204 85 70 
1 11 83 504 586 510 912 204 85 70 
1 11 83 504 586 511 912 204 85 70 
1 11 83 504 586 512 912 204 85 70 
1 11 83 504 586 513 912 204 85 70 
1 11 83 504 586 514 912 204 85 70 
1 11 83 504 586 515 912 204 85 70 
1 11 83 504 586 516 912 204 85 70 
1 11 83 504 586 517 912 204 85 70 
1 11 83 504 586 518 912 204 85 70 
1 11 83 504 586 519 912 204 85 70 
1 11 83 504 586 520 912 204 85 70 
1 11 83 504 586 521 912 204 85 70 
1 11 83 504 586 522 912 204 85 70 
1 11 83 504 586 523 912 204 85 70 
1 11 83 504 586 524 912 204 85 70 
1 11 83 504 586 525 912 204 85 70 
1 11 83 504 586 526 912 204 85 70 
1 11 83 504 586 527 912 204 85 70 
1 11 83 504 586 528 912 204 85 70 
1 11 83 504 586 529 912 204 85 70 
1 11 83 504 586 530 912 204 85 70 
1 11 83 504 586 531 912 204 85 70 
1 11 83 504 586 532 912 204 85 70 
1 11 83 504 586 533 912 204 85 70 
1 11 83 504 586 534 912 204 85 70 
1 11 83 504 586 535 912 204 85 70 
1 11 83 504 586 536 912 204 85 70 
1 11 83 504 586 537 912 204 85 70 
1 11 83 504 586 538 912 204 85 70 
1 11 83 504 586 539 912 204 85 70 
1 11 83 504 586 540 912 204 85 70 
1 11 83 504 586 541 912 204 85 70 
1 11 83 504 586 542 912 204 85 70 
1 11 83 504 586 543 912 204 85 70 
1 11 83 504 586 544 912 204 85 70 
1 11 83 504 586 545 912 204 85 70 
1 11 83 504 586 546 912 204 85 70 
1 11 83 504 586 547 912 204 85 70 
1 11 83 504 586 548 912 204 85 70 
1 11 83 504 586 549 912 204 85 70 
1 11 83 504 586 550 912 204 85 70 
1 11 83 504 586 551 912 204 85 70 
1 11 83 504 586 552 912 204 85 70 
1 11 83 504 586 553 912 204 85 70 
1 11 83 504 586 554 912 204 85 70 
1 11 83 504 586 555 912 204 85 70 
1 11 83 504 586 556 912 204 85 70 
1 11 83 504 586 557 912 204 85 70 
1 11 83 504 586 558 912 204 85 70 
1 11 83 504 586 559 912 204 85 70 
1 11 83 504 586 560 912 204 85 70 
1 11 83 504 586 561 912 204 85 70 
1 11 83 504 586 562 912 204 85 70 
1 11 83 504 586 563 912 204 85 70 
1 11 83 504 586 564 912 204 85 70 
1 11 83 504 586 565 912 204 85 70 
1 11 83 504 586 566 912 204 85 70 
1 11 83 504 586 567 912 204 85 70 
1 11 83 504 586 568 912 204 85 70 
1 11 83 504 586 569 912 204 85 70 
1 11 83 504 586 570 912 204 85 70 
1 11 83 504 586 571 912 204 85 70 
1 11 83 504 586 572 912 204 85 70 
1 11 83 504 586 573 912 204 85 70 
1 11 83 504 586 574 912 204 85 70 
1 11 83 504 586 575 912 204 85 70 
1 11 83 504 586 576 912 204 85 70 
1 11 83 504 586 577 912 204 85 70 
1 11 83 504 586 578 912 204 85 70 
1 11 83 504 586 579 912 204 85 70 
1 11 83 504 586 580 912 204 85 70 
1 11 83 504 586 581 912 204 85 70 
1 11 83 504 586 582 912 204 85 70 
1 11 83 504 586 583 912 204 85 70 
1 11 83 504 586 584 912 204 85 70 
1 11 83 504 586 585 912 204 85 70 
1 11 83 504 586 586 912 204 85 70 
2 12 81 52 132 52 923 199 66 72 
2 12 81 52 132 53 923 199 66 72 
2 12 81 52 132 54 923 199 66 72 
2 12 81 52 132 55 923 199 66 72 
2 12 81 52 132 56 923 199 66 72 
2 12 81 52 132 57 923 199 66 72 
2 12 81 52 132 58 923 199 66 72 
2 12 81 52 132 59 923 199 66 72 
2 12 81 52 132 60 923 199 66 72 
2 12 81 52 132 61 923 199 66 72 
2 12 81 52 132 62 923 199 66 72 
2 12 81 52 132 63 923 199 66 72 
2 12 81 52 132 64 923 199 66 72 
2 12 81 52 132 65 923 199 66 72 
2 12 81 52 132 66 923 199 66 72 
2 12 81 52 132 67 923 199 66 72 
2 12 81 52 132 68 923 199 66 72 
2 12 81 52 132 69 923 199 66 72 
2 12 81 52 132 70 923 199 66 72 
2 12 81 52 132 71 923 199 66 72 
2 12 81 52 132 72 923 199 66 72 
2 12 81 52 132 73 923 199 66 72 
2 12 81 52 132 74 923 199 66 72 
2 12 81 52 132 75 923 199 66 72 
2 12 81 52 132 76 923 199 66 72 
2 12 81 52 132 77 923 199 66 72 
2 12 81 52 132 78 923 199 66 72 
2 12 81 52 132 79 923 199 66 72 
2 12 81 52 132 80 923 199 66 72 
2 12 81 52 132 81 923 199 66 72 
2 12 81 52 132 82 923 199 66 72 
2 12 81 52 132 83 923 199 66 72 
2 12 81 52 132 84 923 199 66 72 
2 12 81 52 132 85 923 199 66 72 
2 12 81 52 132 86 923 199 66 72 
2 12 81 52 132 87 923 199 66 72 
2 12 81 52 132 88 923 199 66 72 
2 12 81 52 132 89 923 199 66 72 
2 12 81 52 132 90 923 199 66 72 
2 12 81 52 132 91 923 199 66 72 
2 12 81 52 132 92 923 199 66 72 
2 12 81 52 132 93 923 199 66 72 
2 12 81 52 132 94 923 199 66 72 
2 12 81 52 132 95 923 199 66 72 
2 12 81 52 132 96 923 199 66 72 
2 12 81 52 132 97 923 199 66 72 
2 12 81 52 132 98 923 199 66 72 
2 12 81 52 132 99 923 199 66 72 
2 12 81 52 132 100 923 199 66 72 
2 12 81 52 132 101 923 199 66 72 
2 12 81 52 132 102 923 199 66 72 
2 12 81 52 132 103 923 199 66 72 
2 12 81 52 132 104 923 199 66 72 
2 12 81 52 132 105 923 199 66 72 
2 12 81 52 132 106 923 199 66 72 
2 12 81 52 132 107 923 199 66 72 
2 12 81 52 132 108 923 199 66 72 
2 12 81 52 132 109 923 199 66 72 
2 12 81 52 132 110 923 199 66 72 
2 12 81 52 132 111 923 199 66 72 
2 12 81 52 132 112 923 199 66 72 
2 12 81 52 132 113 923 199 66 72 
2 12 81 52 132 114 923 199 66 72 
2 12 81 52 132 115 923 199 66 72 
2 12 81 52 132 116 923 199 66 72 
2 12 81 52 132 117 923 199 66 72 
2 12 81 52 132 118 923 199 66 72 
2 12 81 52 132 119 923 199 66 72 
2 12 81 52 132 120 923 199 66 72 
2 12 81 52 132 121 923 199 66 72 
2 12 81 52 132 122 923 199 66 72 
2 12 81 52 132 123 923 199 66 72 
2 12 81 52 132 124 923 199 66 72 
2 12 81 52 132 125 923 199 66 72 
2 12 81 52 132 126 923 199 66 72 
2 12 81 52 132 127 923 199 66 72 
2 12 81 52 132 128 923 199 66 72 
2 12 81 52 132 129 923 199 66 72 
2 12 81 52 132 130 923 199 66 72 
2 12 81 52 132 131 923 199 66 72 
2 12 81 52 132 132 923 199 66 72 
3 11 50 803 852 803 768 204 54 57 
3 11 50 803 852 804 768 204 54 57 
3 11 50 803 852 805 768 204 54 57 
3 11 50 803 852 806 768 204 54 57 
3 11 50 803 852 807 768 204 54 57 
3 11 50 803 852 808 768 204 54 57 
3 11 50 803 852 809 768 204 54 57 
3 11 50 803 852 810 768 204 54 57 
3 11 50 803 852 811 768 204 54 57 
3 11 50 803 852 812 768 204 54 57 
3 11 50 803 852 813 768 204 54 57 
3 11 50 803 852 814 768 204 54 57 
3 11 50 803 852 815 768 204 54 57 
3 11 50 803 852 816 768 204 54 57 
3 11 50 803 852 817 768 204 54 57 
3 11 50 803 852 818 768 204 54 57 
3 11 50 803 852 819 768 204 54 57 
3 11 50 803 852 820 768 204 54 57 
3 11 50 803 852 821 768 204 54 57 
3 11 50 803 852 822 768 204 54 57 
3 11 50 803 852 823 768 204 54 57 
3 11 50 803 852 824 768 204 54 57 
3 11 50 803 852 825 768 204 54 57 
3 11 50 803 852 826 768 204 54 57 
3 11 50 803 852 827 768 204 54 57 
3 11 50 803 852 828 768 204 54 57 
3 11 50 803 852 829 768 204 54 57 
3 11 50 803 852 830 768 204 54 57 
3 11 50 803 852 831 768 204 54 57 
3 11 50 803 852 832 768 204 54 57 
3 11 50 803 852 833 768 204 54 57 
3 11 50 803 852 834 768 204 54 57 
3 11 50 803 852 835 768 204 54 57 
3 11 50 803 852 836 768 204 54 57 
3 11 50 803 852 837 768 204 54 57 
3 11 50 803 852 838 768 204 54 57 
3 11 50 803 852 839 768 204 54 57 
3 11 50 803 852 840 768 204 54 57 
3 11 50 803 852 841 768 204 54 57 
3 11 50 803 852 842 768 204 54 57 
3 11 50 803 852 843 768 204 54 57 
3 11 50 803 852 844 768 204 54 57 
3 11 50 803 852 845 768 204 54 57 
3 11 50 803 852 846 768 204 54 57 
3 11 50 803 852 847 768 204 54 57 
3 11 50 803 852 848 768 204 54 57 
3 11 50 803 852 849 768 204 54 57 
3 11 50 803 852 850 768 204 54 57 
3 11 50 803 852 851 768 204 54 57 
3 11 50 803 852 852 768 204 54 57 
