6 9 507 0 506 0 512 218 46 51 
6 9 507 0 506 1 512 216 46 51 
6 9 507 0 506 2 512 216 46 51 
6 9 507 0 506 3 514 216 46 51 
6 9 507 0 506 4 514 216 46 51 
6 9 507 0 506 5 514 216 46 51 
6 9 507 0 506 6 516 216 46 51 
6 9 507 0 506 7 516 216 46 51 
6 9 507 0 506 8 516 216 46 51 
6 9 507 0 506 9 517 216 46 51 
6 9 507 0 506 10 517 216 46 51 
6 9 507 0 506 11 517 216 46 51 
6 9 507 0 506 12 519 216 46 51 
6 9 507 0 506 13 519 216 46 51 
6 9 507 0 506 14 521 216 46 51 
6 9 507 0 506 15 521 216 46 51 
6 9 507 0 506 16 521 216 46 51 
6 9 507 0 506 17 523 216 46 51 
6 9 507 0 506 18 523 216 46 51 
6 9 507 0 506 19 523 215 46 49 
6 9 507 0 506 20 524 215 48 49 
6 9 507 0 506 21 524 215 48 49 
6 9 507 0 506 22 524 215 48 49 
6 9 507 0 506 23 526 215 46 49 
6 9 507 0 506 24 526 215 46 49 
6 9 507 0 506 25 528 215 46 49 
6 9 507 0 506 26 528 215 46 49 
6 9 507 0 506 27 528 215 46 49 
6 9 507 0 506 28 530 215 46 49 
6 9 507 0 506 29 530 215 46 49 
6 9 507 0 506 30 530 215 46 49 
6 9 507 0 506 31 532 215 46 49 
6 9 507 0 506 32 532 215 46 49 
6 9 507 0 506 33 532 215 46 49 
6 9 507 0 506 34 533 215 46 49 
6 9 507 0 506 35 533 215 46 49 
6 9 507 0 506 36 535 215 46 49 
6 9 507 0 506 37 535 213 46 52 
6 9 507 0 506 38 535 213 46 52 
6 9 507 0 506 39 535 213 46 52 
6 9 507 0 506 40 535 213 46 52 
6 9 507 0 506 41 537 213 46 52 
6 9 507 0 506 42 537 213 46 52 
6 9 507 0 506 43 537 213 46 52 
6 9 507 0 506 44 537 213 46 52 
6 9 507 0 506 45 539 213 46 52 
6 9 507 0 506 46 539 213 46 52 
6 9 507 0 506 47 539 213 46 52 
6 9 507 0 506 48 539 213 46 52 
6 9 507 0 506 49 539 213 46 52 
6 9 507 0 506 50 540 213 48 52 
6 9 507 0 506 51 540 213 48 52 
6 9 507 0 506 52 540 213 48 52 
6 9 507 0 506 53 540 213 48 52 
6 9 507 0 506 54 542 213 46 52 
6 9 507 0 506 55 542 213 46 52 
6 9 507 0 506 56 542 213 46 52 
6 9 507 0 506 57 542 213 46 52 
6 9 507 0 506 58 544 213 46 52 
6 9 507 0 506 59 544 213 46 52 
6 9 507 0 506 60 544 213 46 52 
6 9 507 0 506 61 544 213 46 52 
6 9 507 0 506 62 544 213 46 52 
6 9 507 0 506 63 546 213 46 52 
6 9 507 0 506 64 546 213 46 52 
6 9 507 0 506 65 546 213 46 52 
6 9 507 0 506 66 546 213 46 52 
6 9 507 0 506 67 548 213 46 52 
6 9 507 0 506 68 548 213 46 52 
6 9 507 0 506 69 548 213 46 52 
6 9 507 0 506 70 548 212 46 55 
6 9 507 0 506 71 548 212 46 55 
6 9 507 0 506 72 549 212 46 55 
6 9 507 0 506 73 549 212 46 55 
6 9 507 0 506 74 549 212 46 55 
6 9 507 0 506 75 549 212 46 55 
6 9 507 0 506 76 551 212 46 55 
6 9 507 0 506 77 551 212 46 55 
6 9 507 0 506 78 551 212 46 55 
6 9 507 0 506 79 551 212 46 55 
6 9 507 0 506 80 553 212 46 55 
6 9 507 0 506 81 553 212 46 55 
6 9 507 0 506 82 553 212 46 55 
6 9 507 0 506 83 553 212 46 55 
6 9 507 0 506 84 553 212 46 55 
6 9 507 0 506 85 555 212 46 55 
6 9 507 0 506 86 555 212 46 55 
6 9 507 0 506 87 555 212 46 55 
6 9 507 0 506 88 555 212 46 55 
6 9 507 0 506 89 556 212 48 55 
6 9 507 0 506 90 556 212 48 55 
6 9 507 0 506 91 556 212 48 55 
6 9 507 0 506 92 556 212 48 55 
6 9 507 0 506 93 556 212 48 55 
6 9 507 0 506 94 558 212 46 55 
6 9 507 0 506 95 558 212 46 55 
6 9 507 0 506 96 558 212 46 55 
6 9 507 0 506 97 558 212 46 55 
6 9 507 0 506 98 560 212 46 55 
6 9 507 0 506 99 560 212 46 55 
6 9 507 0 506 100 560 212 46 55 
6 9 507 0 506 101 560 212 46 55 
6 9 507 0 506 102 562 212 46 55 
6 9 507 0 506 103 562 212 46 55 
6 9 507 0 506 104 562 212 46 58 
6 9 507 0 506 105 562 212 46 58 
6 9 507 0 506 106 562 212 46 58 
6 9 507 0 506 107 564 212 46 58 
6 9 507 0 506 108 564 212 46 58 
6 9 507 0 506 109 564 212 46 58 
6 9 507 0 506 110 564 212 46 58 
6 9 507 0 506 111 565 212 46 58 
6 9 507 0 506 112 565 212 46 58 
6 9 507 0 506 113 565 212 46 58 
6 9 507 0 506 114 565 212 46 58 
6 9 507 0 506 115 567 212 46 58 
6 9 507 0 506 116 567 212 46 58 
6 9 507 0 506 117 567 212 46 58 
6 9 507 0 506 118 567 212 46 58 
6 9 507 0 506 119 567 212 46 58 
6 9 507 0 506 120 569 212 46 58 
6 9 507 0 506 121 569 212 46 58 
6 9 507 0 506 122 569 212 46 58 
6 9 507 0 506 123 569 212 46 58 
6 9 507 0 506 124 571 212 46 58 
6 9 507 0 506 125 571 212 46 58 
6 9 507 0 506 126 571 212 46 58 
6 9 507 0 506 127 571 212 46 58 
6 9 507 0 506 128 571 212 46 58 
6 9 507 0 506 129 572 212 48 58 
6 9 507 0 506 130 572 212 48 58 
6 9 507 0 506 131 572 212 48 58 
6 9 507 0 506 132 572 212 48 58 
6 9 507 0 506 133 574 212 46 58 
6 9 507 0 506 134 574 212 46 58 
6 9 507 0 506 135 574 212 46 58 
6 9 507 0 506 136 574 212 46 58 
6 9 507 0 506 137 576 212 46 58 
6 9 507 0 506 138 576 211 46 61 
6 9 507 0 506 139 576 211 46 61 
6 9 507 0 506 140 576 211 46 61 
6 9 507 0 506 141 576 211 46 61 
6 9 507 0 506 142 578 211 46 61 
6 9 507 0 506 143 578 211 46 61 
6 9 507 0 506 144 578 211 46 61 
6 9 507 0 506 145 578 211 46 61 
6 9 507 0 506 146 580 211 46 61 
6 9 507 0 506 147 580 211 46 61 
6 9 507 0 506 148 580 211 46 61 
6 9 507 0 506 149 580 211 46 61 
6 9 507 0 506 150 580 211 46 61 
6 9 507 0 506 151 581 211 46 61 
6 9 507 0 506 152 581 211 46 61 
6 9 507 0 506 153 581 211 46 61 
6 9 507 0 506 154 581 211 46 61 
6 9 507 0 506 155 583 211 46 61 
6 9 507 0 506 156 583 211 46 61 
6 9 507 0 506 157 583 211 46 61 
6 9 507 0 506 158 583 211 46 61 
6 9 507 0 506 159 585 211 46 61 
6 9 507 0 506 160 585 211 46 61 
6 9 507 0 506 161 585 211 46 61 
6 9 507 0 506 162 585 211 46 61 
6 9 507 0 506 163 585 211 46 61 
6 9 507 0 506 164 587 211 46 61 
6 9 507 0 506 165 587 211 46 61 
6 9 507 0 506 166 587 211 46 61 
6 9 507 0 506 167 587 211 46 61 
6 9 507 0 506 168 588 211 48 61 
6 9 507 0 506 169 588 211 48 61 
6 9 507 0 506 170 588 211 48 61 
6 9 507 0 506 171 588 211 48 61 
6 9 507 0 506 172 590 211 46 63 
6 9 507 0 506 173 590 211 46 63 
6 9 507 0 506 174 590 211 46 63 
6 9 507 0 506 175 592 211 46 63 
6 9 507 0 506 176 592 211 46 63 
6 9 507 0 506 177 594 211 46 66 
6 9 507 0 506 178 594 209 46 66 
6 9 507 0 506 179 594 209 46 66 
6 9 507 0 506 180 596 209 46 66 
6 9 507 0 506 181 596 209 46 66 
6 9 507 0 506 182 596 209 46 66 
6 9 507 0 506 183 597 209 46 66 
6 9 507 0 506 184 597 209 46 66 
6 9 507 0 506 185 599 209 46 66 
6 9 507 0 506 186 599 209 46 66 
6 9 507 0 506 187 599 209 46 66 
6 9 507 0 506 188 601 209 46 66 
6 9 507 0 506 189 601 209 46 66 
6 9 507 0 506 190 603 209 46 66 
6 9 507 0 506 191 603 209 46 66 
6 9 507 0 506 192 603 209 46 66 
6 9 507 0 506 193 604 209 48 66 
6 9 507 0 506 194 604 209 48 66 
6 9 507 0 506 195 606 209 46 66 
6 9 507 0 506 196 606 209 46 66 
6 9 507 0 506 197 608 209 46 66 
6 9 507 0 506 198 608 209 46 66 
6 9 507 0 506 199 608 209 46 66 
6 9 507 0 506 200 610 209 46 66 
6 9 507 0 506 201 610 209 46 66 
6 9 507 0 506 202 612 209 46 66 
6 9 507 0 506 203 612 209 46 66 
6 9 507 0 506 204 613 209 46 66 
6 9 507 0 506 205 613 206 46 67 
6 9 507 0 506 206 613 206 46 67 
6 9 507 0 506 207 613 206 46 67 
6 9 507 0 506 208 615 206 46 67 
6 9 507 0 506 209 615 206 46 67 
6 9 507 0 506 210 615 206 46 67 
6 9 507 0 506 211 615 206 46 67 
6 9 507 0 506 212 617 206 46 67 
6 9 507 0 506 213 617 206 46 67 
6 9 507 0 506 214 617 206 46 67 
6 9 507 0 506 215 617 206 46 67 
6 9 507 0 506 216 619 206 46 67 
6 9 507 0 506 217 619 206 46 67 
6 9 507 0 506 218 619 206 46 67 
6 9 507 0 506 219 620 206 48 67 
6 9 507 0 506 220 620 206 48 67 
6 9 507 0 506 221 620 206 48 67 
6 9 507 0 506 222 620 206 48 67 
6 9 507 0 506 223 622 206 46 67 
6 9 507 0 506 224 622 206 46 67 
6 9 507 0 506 225 622 206 46 67 
6 9 507 0 506 226 622 206 46 67 
6 9 507 0 506 227 624 206 46 67 
6 9 507 0 506 228 624 206 46 67 
6 9 507 0 506 229 624 206 46 67 
6 9 507 0 506 230 626 206 46 67 
6 9 507 0 506 231 626 206 46 67 
6 9 507 0 506 232 626 206 46 67 
6 9 507 0 506 233 626 206 46 67 
6 9 507 0 506 234 628 206 46 67 
6 9 507 0 506 235 628 206 46 67 
6 9 507 0 506 236 628 206 46 67 
6 9 507 0 506 237 628 206 46 67 
6 9 507 0 506 238 629 206 46 67 
6 9 507 0 506 239 629 206 46 67 
6 9 507 0 506 240 629 206 46 67 
6 9 507 0 506 241 631 206 46 67 
6 9 507 0 506 242 631 204 46 67 
6 9 507 0 506 243 631 204 46 67 
6 9 507 0 506 244 631 204 46 67 
6 9 507 0 506 245 633 204 46 67 
6 9 507 0 506 246 633 204 46 67 
6 9 507 0 506 247 633 204 46 67 
6 9 507 0 506 248 633 204 46 67 
6 9 507 0 506 249 635 204 46 67 
6 9 507 0 506 250 635 204 46 67 
6 9 507 0 506 251 635 204 46 67 
6 9 507 0 506 252 635 204 46 67 
6 9 507 0 506 253 636 204 48 67 
6 9 507 0 506 254 636 204 48 67 
6 9 507 0 506 255 636 204 48 67 
6 9 507 0 506 256 636 204 48 67 
6 9 507 0 506 257 638 204 46 67 
6 9 507 0 506 258 638 204 46 67 
6 9 507 0 506 259 638 204 46 67 
6 9 507 0 506 260 638 204 46 67 
6 9 507 0 506 261 640 204 46 67 
6 9 507 0 506 262 640 204 46 67 
6 9 507 0 506 263 640 204 46 67 
6 9 507 0 506 264 640 204 46 67 
6 9 507 0 506 265 642 204 46 67 
6 9 507 0 506 266 642 204 46 67 
6 9 507 0 506 267 642 204 46 67 
6 9 507 0 506 268 642 204 46 67 
6 9 507 0 506 269 644 204 46 67 
6 9 507 0 506 270 644 204 46 67 
6 9 507 0 506 271 644 204 46 67 
6 9 507 0 506 272 644 204 46 67 
6 9 507 0 506 273 645 204 46 67 
6 9 507 0 506 274 645 204 46 67 
6 9 507 0 506 275 645 204 46 67 
6 9 507 0 506 276 645 204 46 67 
6 9 507 0 506 277 647 204 46 67 
6 9 507 0 506 278 647 204 46 67 
6 9 507 0 506 279 647 204 46 67 
6 9 507 0 506 280 647 204 46 67 
6 9 507 0 506 281 649 204 46 67 
6 9 507 0 506 282 649 204 46 67 
6 9 507 0 506 283 649 204 46 67 
6 9 507 0 506 284 649 204 46 67 
6 9 507 0 506 285 651 204 46 67 
6 9 507 0 506 286 651 204 46 67 
6 9 507 0 506 287 651 204 46 67 
6 9 507 0 506 288 651 204 46 67 
6 9 507 0 506 289 652 204 48 67 
6 9 507 0 506 290 652 204 48 67 
6 9 507 0 506 291 652 204 48 67 
6 9 507 0 506 292 652 204 48 67 
6 9 507 0 506 293 654 204 46 67 
6 9 507 0 506 294 654 204 46 67 
6 9 507 0 506 295 654 204 46 67 
6 9 507 0 506 296 654 204 46 67 
6 9 507 0 506 297 656 204 46 67 
6 9 507 0 506 298 656 204 46 67 
6 9 507 0 506 299 656 204 46 67 
6 9 507 0 506 300 658 204 46 67 
6 9 507 0 506 301 658 203 46 69 
6 9 507 0 506 302 658 203 46 69 
6 9 507 0 506 303 658 203 46 69 
6 9 507 0 506 304 658 203 46 69 
6 9 507 0 506 305 660 203 46 69 
6 9 507 0 506 306 660 203 46 69 
6 9 507 0 506 307 660 203 46 69 
6 9 507 0 506 308 660 203 46 69 
6 9 507 0 506 309 661 203 46 69 
6 9 507 0 506 310 661 203 46 69 
6 9 507 0 506 311 661 203 46 69 
6 9 507 0 506 312 661 203 46 69 
6 9 507 0 506 313 664 203 42 69 
6 9 507 0 506 314 663 203 46 69 
6 9 507 0 506 315 663 203 46 69 
6 9 507 0 506 316 663 203 46 69 
6 9 507 0 506 317 663 203 46 69 
6 9 507 0 506 318 665 203 46 69 
6 9 507 0 506 319 665 203 46 69 
6 9 507 0 506 320 665 203 46 69 
6 9 507 0 506 321 665 203 46 69 
6 9 507 0 506 322 668 203 42 69 
6 9 507 0 506 323 667 203 46 69 
6 9 507 0 506 324 667 203 46 69 
6 9 507 0 506 325 667 203 46 69 
6 9 507 0 506 326 669 203 44 69 
6 9 507 0 506 327 668 203 48 69 
6 9 507 0 506 328 668 203 48 69 
6 9 507 0 506 329 668 203 48 69 
6 9 507 0 506 330 671 203 44 69 
6 9 507 0 506 331 671 203 44 69 
6 9 507 0 506 332 670 203 46 69 
6 9 507 0 506 333 670 203 46 69 
6 9 507 0 506 334 670 203 46 69 
6 9 507 0 506 335 673 203 42 69 
6 9 507 0 506 336 672 203 46 69 
6 9 507 0 506 337 672 203 46 69 
6 9 507 0 506 338 672 203 46 69 
6 9 507 0 506 339 675 203 42 69 
6 9 507 0 506 340 675 203 42 69 
6 9 507 0 506 341 674 203 46 69 
6 9 507 0 506 342 674 203 46 69 
6 9 507 0 506 343 677 203 42 69 
6 9 507 0 506 344 677 203 42 69 
6 9 507 0 506 345 676 203 46 69 
6 9 507 0 506 346 676 203 46 69 
6 9 507 0 506 347 676 203 46 69 
6 9 507 0 506 348 678 203 44 69 
6 9 507 0 506 349 678 203 44 69 
6 9 507 0 506 350 677 203 46 69 
6 9 507 0 506 351 677 203 46 69 
6 9 507 0 506 352 680 203 42 69 
6 9 507 0 506 353 680 203 42 69 
6 9 507 0 506 354 679 201 46 72 
6 9 507 0 506 355 679 201 46 72 
6 9 507 0 506 356 682 201 42 72 
6 9 507 0 506 357 682 201 42 72 
6 9 507 0 506 358 681 201 46 72 
6 9 507 0 506 359 681 201 46 72 
6 9 507 0 506 360 684 201 42 72 
6 9 507 0 506 361 684 201 42 72 
6 9 507 0 506 362 684 201 42 72 
6 9 507 0 506 363 683 201 46 72 
6 9 507 0 506 364 683 201 46 72 
6 9 507 0 506 365 685 201 44 72 
6 9 507 0 506 366 685 201 44 72 
6 9 507 0 506 367 684 201 48 72 
6 9 507 0 506 368 684 201 48 72 
6 9 507 0 506 369 687 201 44 72 
6 9 507 0 506 370 687 201 44 72 
6 9 507 0 506 371 687 201 44 72 
6 9 507 0 506 372 686 201 46 72 
6 9 507 0 506 373 689 201 42 72 
6 9 507 0 506 374 689 201 42 72 
6 9 507 0 506 375 689 201 42 72 
6 9 507 0 506 376 688 201 46 72 
6 9 507 0 506 377 688 201 46 72 
6 9 507 0 506 378 691 201 42 72 
6 9 507 0 506 379 691 201 42 72 
6 9 507 0 506 380 691 201 42 72 
6 9 507 0 506 381 690 201 46 72 
6 9 507 0 506 382 693 201 42 72 
6 9 507 0 506 383 693 201 42 72 
6 9 507 0 506 384 693 201 42 72 
6 9 507 0 506 385 692 201 46 72 
6 9 507 0 506 386 694 201 44 72 
6 9 507 0 506 387 694 201 44 72 
6 9 507 0 506 388 694 201 44 72 
6 9 507 0 506 389 694 201 44 72 
6 9 507 0 506 390 696 201 42 72 
6 9 507 0 506 391 696 201 42 72 
6 9 507 0 506 392 696 201 42 72 
6 9 507 0 506 393 696 201 42 72 
6 9 507 0 506 394 695 201 46 72 
6 9 507 0 506 395 698 201 42 72 
6 9 507 0 506 396 698 201 42 72 
6 9 507 0 506 397 698 201 42 72 
6 9 507 0 506 398 698 201 42 72 
6 9 507 0 506 399 700 201 42 72 
6 9 507 0 506 400 700 201 42 72 
6 9 507 0 506 401 700 201 42 72 
6 9 507 0 506 402 700 201 42 72 
6 9 507 0 506 403 701 201 44 72 
6 9 507 0 506 404 701 201 44 72 
6 9 507 0 506 405 701 201 44 72 
6 9 507 0 506 406 701 201 44 72 
6 9 507 0 506 407 703 201 44 72 
6 9 507 0 506 408 703 199 44 72 
6 9 507 0 506 409 703 199 44 72 
6 9 507 0 506 410 703 199 44 72 
6 9 507 0 506 411 703 199 44 72 
6 9 507 0 506 412 705 199 42 72 
6 9 507 0 506 413 705 199 42 72 
6 9 507 0 506 414 705 199 42 72 
6 9 507 0 506 415 705 199 42 72 
6 9 507 0 506 416 707 199 42 72 
6 9 507 0 506 417 707 199 42 72 
6 9 507 0 506 418 707 199 42 72 
6 9 507 0 506 419 707 199 42 72 
6 9 507 0 506 420 707 199 42 72 
6 9 507 0 506 421 709 199 42 72 
6 9 507 0 506 422 709 199 42 72 
6 9 507 0 506 423 709 199 42 72 
6 9 507 0 506 424 709 199 42 72 
6 9 507 0 506 425 710 199 44 72 
6 9 507 0 506 426 710 199 44 72 
6 9 507 0 506 427 710 199 44 72 
6 9 507 0 506 428 710 199 44 72 
6 9 507 0 506 429 710 199 44 72 
6 9 507 0 506 430 712 199 42 72 
6 9 507 0 506 431 712 199 42 72 
6 9 507 0 506 432 712 197 42 72 
6 9 507 0 506 433 712 197 42 72 
6 9 507 0 506 434 714 197 42 72 
6 9 507 0 506 435 714 197 42 72 
6 9 507 0 506 436 714 197 42 72 
6 9 507 0 506 437 714 197 42 72 
6 9 507 0 506 438 714 197 42 72 
6 9 507 0 506 439 716 197 42 72 
6 9 507 0 506 440 716 197 42 72 
6 9 507 0 506 441 716 197 42 72 
6 9 507 0 506 442 716 197 42 72 
6 9 507 0 506 443 717 197 44 72 
6 9 507 0 506 444 717 197 44 72 
6 9 507 0 506 445 717 197 44 72 
6 9 507 0 506 446 717 197 44 72 
6 9 507 0 506 447 717 197 44 72 
6 9 507 0 506 448 719 197 44 72 
6 9 507 0 506 449 719 197 44 72 
6 9 507 0 506 450 719 197 44 72 
6 9 507 0 506 451 719 197 44 72 
6 9 507 0 506 452 721 197 42 72 
6 9 507 0 506 453 721 197 42 72 
6 9 507 0 506 454 721 197 42 72 
6 9 507 0 506 455 721 197 42 72 
6 9 507 0 506 456 721 197 42 72 
6 9 507 0 506 457 723 196 42 72 
6 9 507 0 506 458 723 196 42 72 
6 9 507 0 506 459 723 196 42 72 
6 9 507 0 506 460 723 196 42 72 
6 9 507 0 506 461 725 196 42 72 
6 9 507 0 506 462 725 196 42 72 
6 9 507 0 506 463 725 196 42 72 
6 9 507 0 506 464 725 196 42 72 
6 9 507 0 506 465 725 196 42 72 
6 9 507 0 506 466 726 196 44 72 
6 9 507 0 506 467 726 196 44 72 
6 9 507 0 506 468 726 196 44 72 
6 9 507 0 506 469 726 196 44 72 
6 9 507 0 506 470 728 196 42 72 
6 9 507 0 506 471 728 196 42 72 
6 9 507 0 506 472 728 196 42 72 
6 9 507 0 506 473 728 196 42 72 
6 9 507 0 506 474 728 196 42 72 
6 9 507 0 506 475 730 196 42 72 
6 9 507 0 506 476 730 196 42 72 
6 9 507 0 506 477 730 196 42 72 
6 9 507 0 506 478 730 196 42 72 
6 9 507 0 506 479 732 196 42 72 
6 9 507 0 506 480 732 196 42 72 
6 9 507 0 506 481 732 196 42 72 
6 9 507 0 506 482 732 194 42 72 
6 9 507 0 506 483 732 194 42 72 
6 9 507 0 506 484 733 194 44 72 
6 9 507 0 506 485 733 194 44 72 
6 9 507 0 506 486 733 194 44 72 
6 9 507 0 506 487 733 194 44 72 
6 9 507 0 506 488 735 194 44 72 
6 9 507 0 506 489 735 194 44 72 
6 9 507 0 506 490 735 194 44 72 
6 9 507 0 506 491 735 194 44 72 
6 9 507 0 506 492 735 194 44 72 
6 9 507 0 506 493 737 194 42 72 
6 9 507 0 506 494 737 194 42 72 
6 9 507 0 506 495 737 194 42 72 
6 9 507 0 506 496 737 194 42 72 
6 9 507 0 506 497 739 194 42 72 
6 9 507 0 506 498 739 194 42 72 
6 9 507 0 506 499 739 194 42 72 
6 9 507 0 506 500 739 194 42 72 
6 9 507 0 506 501 739 194 42 72 
6 9 507 0 506 502 741 194 42 72 
6 9 507 0 506 503 741 194 42 72 
6 9 507 0 506 504 741 194 42 72 
6 9 507 0 506 505 741 194 42 72 
6 9 507 0 506 506 742 194 44 72 
7 12 50 173 222 173 985 186 84 92 
7 12 50 173 222 174 985 186 84 92 
7 12 50 173 222 175 985 186 84 92 
7 12 50 173 222 176 985 186 84 92 
7 12 50 173 222 177 985 186 84 92 
7 12 50 173 222 178 985 186 84 92 
7 12 50 173 222 179 985 186 84 92 
7 12 50 173 222 180 985 186 84 92 
7 12 50 173 222 181 985 186 84 92 
7 12 50 173 222 182 985 186 84 92 
7 12 50 173 222 183 985 186 84 92 
7 12 50 173 222 184 985 186 84 92 
7 12 50 173 222 185 985 186 84 92 
7 12 50 173 222 186 985 186 84 92 
7 12 50 173 222 187 985 186 84 92 
7 12 50 173 222 188 985 186 84 92 
7 12 50 173 222 189 985 186 84 92 
7 12 50 173 222 190 985 186 84 92 
7 12 50 173 222 191 985 186 84 92 
7 12 50 173 222 192 985 186 84 92 
7 12 50 173 222 193 985 186 84 92 
7 12 50 173 222 194 985 186 84 92 
7 12 50 173 222 195 985 186 84 92 
7 12 50 173 222 196 985 186 84 92 
7 12 50 173 222 197 985 186 84 92 
7 12 50 173 222 198 985 186 84 92 
7 12 50 173 222 199 985 186 84 92 
7 12 50 173 222 200 985 186 84 92 
7 12 50 173 222 201 985 186 84 92 
7 12 50 173 222 202 985 186 84 92 
7 12 50 173 222 203 985 186 84 92 
7 12 50 173 222 204 985 186 84 92 
7 12 50 173 222 205 985 186 84 92 
7 12 50 173 222 206 985 186 84 92 
7 12 50 173 222 207 985 186 84 92 
7 12 50 173 222 208 985 186 84 92 
7 12 50 173 222 209 985 186 84 92 
7 12 50 173 222 210 985 186 84 92 
7 12 50 173 222 211 985 186 84 92 
7 12 50 173 222 212 985 186 84 92 
7 12 50 173 222 213 985 186 84 92 
7 12 50 173 222 214 985 186 84 92 
7 12 50 173 222 215 985 186 84 92 
7 12 50 173 222 216 985 186 84 92 
7 12 50 173 222 217 985 186 84 92 
7 12 50 173 222 218 985 186 84 92 
7 12 50 173 222 219 985 186 84 92 
7 12 50 173 222 220 985 186 84 92 
7 12 50 173 222 221 985 186 84 92 
7 12 50 173 222 222 985 186 84 92 
