1 12 80 230 309 230 998 191 72 71 
1 12 80 230 309 231 998 191 72 71 
1 12 80 230 309 232 998 191 72 71 
1 12 80 230 309 233 998 191 72 71 
1 12 80 230 309 234 998 191 72 71 
1 12 80 230 309 235 998 191 72 71 
1 12 80 230 309 236 998 191 72 71 
1 12 80 230 309 237 998 191 72 71 
1 12 80 230 309 238 998 191 72 71 
1 12 80 230 309 239 998 191 72 71 
1 12 80 230 309 240 998 191 72 71 
1 12 80 230 309 241 998 191 72 71 
1 12 80 230 309 242 998 191 72 71 
1 12 80 230 309 243 998 191 72 71 
1 12 80 230 309 244 998 191 72 71 
1 12 80 230 309 245 998 191 72 71 
1 12 80 230 309 246 998 191 72 71 
1 12 80 230 309 247 998 191 72 71 
1 12 80 230 309 248 998 191 72 71 
1 12 80 230 309 249 998 191 72 71 
1 12 80 230 309 250 998 191 72 71 
1 12 80 230 309 251 998 191 72 71 
1 12 80 230 309 252 998 191 72 71 
1 12 80 230 309 253 998 191 72 71 
1 12 80 230 309 254 998 191 72 71 
1 12 80 230 309 255 998 191 72 71 
1 12 80 230 309 256 998 191 72 71 
1 12 80 230 309 257 998 191 72 71 
1 12 80 230 309 258 998 191 72 71 
1 12 80 230 309 259 998 191 72 71 
1 12 80 230 309 260 998 191 72 71 
1 12 80 230 309 261 998 191 72 71 
1 12 80 230 309 262 998 191 72 71 
1 12 80 230 309 263 998 191 72 71 
1 12 80 230 309 264 998 191 72 71 
1 12 80 230 309 265 998 191 72 71 
1 12 80 230 309 266 998 191 72 71 
1 12 80 230 309 267 998 191 72 71 
1 12 80 230 309 268 998 191 72 71 
1 12 80 230 309 269 998 191 72 71 
1 12 80 230 309 270 998 191 72 71 
1 12 80 230 309 271 998 191 72 71 
1 12 80 230 309 272 998 191 72 71 
1 12 80 230 309 273 998 191 72 71 
1 12 80 230 309 274 998 191 72 71 
1 12 80 230 309 275 998 191 72 71 
1 12 80 230 309 276 998 191 72 71 
1 12 80 230 309 277 998 191 72 71 
1 12 80 230 309 278 998 191 72 71 
1 12 80 230 309 279 998 191 72 71 
1 12 80 230 309 280 998 191 72 71 
1 12 80 230 309 281 998 191 72 71 
1 12 80 230 309 282 998 191 72 71 
1 12 80 230 309 283 998 191 72 71 
1 12 80 230 309 284 998 191 72 71 
1 12 80 230 309 285 998 191 72 71 
1 12 80 230 309 286 998 191 72 71 
1 12 80 230 309 287 998 191 72 71 
1 12 80 230 309 288 998 191 72 71 
1 12 80 230 309 289 998 191 72 71 
1 12 80 230 309 290 998 191 72 71 
1 12 80 230 309 291 998 191 72 71 
1 12 80 230 309 292 998 191 72 71 
1 12 80 230 309 293 998 191 72 71 
1 12 80 230 309 294 998 191 72 71 
1 12 80 230 309 295 998 191 72 71 
1 12 80 230 309 296 998 191 72 71 
1 12 80 230 309 297 998 191 72 71 
1 12 80 230 309 298 998 191 72 71 
1 12 80 230 309 299 998 191 72 71 
1 12 80 230 309 300 998 191 72 71 
1 12 80 230 309 301 998 191 72 71 
1 12 80 230 309 302 998 191 72 71 
1 12 80 230 309 303 998 191 72 71 
1 12 80 230 309 304 998 191 72 71 
1 12 80 230 309 305 998 191 72 71 
1 12 80 230 309 306 998 191 72 71 
1 12 80 230 309 307 998 191 72 71 
1 12 80 230 309 308 998 191 72 71 
1 12 80 230 309 309 998 191 72 71 
2 12 66 247 312 247 988 197 61 66 
2 12 66 247 312 248 988 197 61 66 
2 12 66 247 312 249 988 197 61 66 
2 12 66 247 312 250 988 197 61 66 
2 12 66 247 312 251 988 197 61 66 
2 12 66 247 312 252 988 197 61 66 
2 12 66 247 312 253 988 197 61 66 
2 12 66 247 312 254 988 197 61 66 
2 12 66 247 312 255 988 197 61 66 
2 12 66 247 312 256 988 197 61 66 
2 12 66 247 312 257 988 197 61 66 
2 12 66 247 312 258 988 197 61 66 
2 12 66 247 312 259 988 197 61 66 
2 12 66 247 312 260 988 197 61 66 
2 12 66 247 312 261 988 197 61 66 
2 12 66 247 312 262 988 197 61 66 
2 12 66 247 312 263 988 197 61 66 
2 12 66 247 312 264 988 197 61 66 
2 12 66 247 312 265 988 197 61 66 
2 12 66 247 312 266 988 197 61 66 
2 12 66 247 312 267 988 197 61 66 
2 12 66 247 312 268 988 197 61 66 
2 12 66 247 312 269 988 197 61 66 
2 12 66 247 312 270 988 197 61 66 
2 12 66 247 312 271 988 197 61 66 
2 12 66 247 312 272 988 197 61 66 
2 12 66 247 312 273 988 197 61 66 
2 12 66 247 312 274 988 197 61 66 
2 12 66 247 312 275 988 197 61 66 
2 12 66 247 312 276 988 197 61 66 
2 12 66 247 312 277 988 197 61 66 
2 12 66 247 312 278 988 197 61 66 
2 12 66 247 312 279 988 197 61 66 
2 12 66 247 312 280 988 197 61 66 
2 12 66 247 312 281 988 197 61 66 
2 12 66 247 312 282 988 197 61 66 
2 12 66 247 312 283 988 197 61 66 
2 12 66 247 312 284 988 197 61 66 
2 12 66 247 312 285 988 197 61 66 
2 12 66 247 312 286 988 197 61 66 
2 12 66 247 312 287 988 197 61 66 
2 12 66 247 312 288 988 197 61 66 
2 12 66 247 312 289 988 197 61 66 
2 12 66 247 312 290 988 197 61 66 
2 12 66 247 312 291 988 197 61 66 
2 12 66 247 312 292 988 197 61 66 
2 12 66 247 312 293 988 197 61 66 
2 12 66 247 312 294 988 197 61 66 
2 12 66 247 312 295 988 197 61 66 
2 12 66 247 312 296 988 197 61 66 
2 12 66 247 312 297 988 197 61 66 
2 12 66 247 312 298 988 197 61 66 
2 12 66 247 312 299 988 197 61 66 
2 12 66 247 312 300 988 197 61 66 
2 12 66 247 312 301 988 197 61 66 
2 12 66 247 312 302 988 197 61 66 
2 12 66 247 312 303 988 197 61 66 
2 12 66 247 312 304 988 197 61 66 
2 12 66 247 312 305 988 197 61 66 
2 12 66 247 312 306 988 197 61 66 
2 12 66 247 312 307 988 197 61 66 
2 12 66 247 312 308 988 197 61 66 
2 12 66 247 312 309 988 197 61 66 
2 12 66 247 312 310 988 197 61 66 
2 12 66 247 312 311 988 197 61 66 
2 12 66 247 312 312 988 197 61 66 
5 11 83 1225 1307 1225 830 198 67 57 
5 11 83 1225 1307 1226 830 198 67 57 
5 11 83 1225 1307 1227 830 198 67 57 
5 11 83 1225 1307 1228 830 198 67 57 
5 11 83 1225 1307 1229 830 198 67 57 
5 11 83 1225 1307 1230 830 198 67 57 
5 11 83 1225 1307 1231 830 198 67 57 
5 11 83 1225 1307 1232 830 198 67 57 
5 11 83 1225 1307 1233 830 198 67 57 
5 11 83 1225 1307 1234 830 198 67 57 
5 11 83 1225 1307 1235 830 198 67 57 
5 11 83 1225 1307 1236 830 198 67 57 
5 11 83 1225 1307 1237 830 198 67 57 
5 11 83 1225 1307 1238 830 198 67 57 
5 11 83 1225 1307 1239 830 198 67 57 
5 11 83 1225 1307 1240 830 198 67 57 
5 11 83 1225 1307 1241 830 198 67 57 
5 11 83 1225 1307 1242 830 198 67 57 
5 11 83 1225 1307 1243 830 198 67 57 
5 11 83 1225 1307 1244 830 198 67 57 
5 11 83 1225 1307 1245 830 198 67 57 
5 11 83 1225 1307 1246 830 198 67 57 
5 11 83 1225 1307 1247 830 198 67 57 
5 11 83 1225 1307 1248 830 198 67 57 
5 11 83 1225 1307 1249 830 198 67 57 
5 11 83 1225 1307 1250 830 198 67 57 
5 11 83 1225 1307 1251 830 198 67 57 
5 11 83 1225 1307 1252 830 198 67 57 
5 11 83 1225 1307 1253 830 198 67 57 
5 11 83 1225 1307 1254 830 198 67 57 
5 11 83 1225 1307 1255 830 198 67 57 
5 11 83 1225 1307 1256 830 198 67 57 
5 11 83 1225 1307 1257 830 198 67 57 
5 11 83 1225 1307 1258 830 198 67 57 
5 11 83 1225 1307 1259 830 198 67 57 
5 11 83 1225 1307 1260 830 198 67 57 
5 11 83 1225 1307 1261 830 198 67 57 
5 11 83 1225 1307 1262 830 198 67 57 
5 11 83 1225 1307 1263 830 198 67 57 
5 11 83 1225 1307 1264 830 198 67 57 
5 11 83 1225 1307 1265 830 198 67 57 
5 11 83 1225 1307 1266 830 198 67 57 
5 11 83 1225 1307 1267 830 198 67 57 
5 11 83 1225 1307 1268 830 198 67 57 
5 11 83 1225 1307 1269 830 198 67 57 
5 11 83 1225 1307 1270 830 198 67 57 
5 11 83 1225 1307 1271 830 198 67 57 
5 11 83 1225 1307 1272 830 198 67 57 
5 11 83 1225 1307 1273 830 198 67 57 
5 11 83 1225 1307 1274 830 198 67 57 
5 11 83 1225 1307 1275 830 198 67 57 
5 11 83 1225 1307 1276 830 198 67 57 
5 11 83 1225 1307 1277 830 198 67 57 
5 11 83 1225 1307 1278 830 198 67 57 
5 11 83 1225 1307 1279 830 198 67 57 
5 11 83 1225 1307 1280 830 198 67 57 
5 11 83 1225 1307 1281 830 198 67 57 
5 11 83 1225 1307 1282 830 198 67 57 
5 11 83 1225 1307 1283 830 198 67 57 
5 11 83 1225 1307 1284 830 198 67 57 
5 11 83 1225 1307 1285 830 198 67 57 
5 11 83 1225 1307 1286 830 198 67 57 
5 11 83 1225 1307 1287 830 198 67 57 
5 11 83 1225 1307 1288 830 198 67 57 
5 11 83 1225 1307 1289 830 198 67 57 
5 11 83 1225 1307 1290 830 198 67 57 
5 11 83 1225 1307 1291 830 198 67 57 
5 11 83 1225 1307 1292 830 198 67 57 
5 11 83 1225 1307 1293 830 198 67 57 
5 11 83 1225 1307 1294 830 198 67 57 
5 11 83 1225 1307 1295 830 198 67 57 
5 11 83 1225 1307 1296 830 198 67 57 
5 11 83 1225 1307 1297 830 198 67 57 
5 11 83 1225 1307 1298 830 198 67 57 
5 11 83 1225 1307 1299 830 198 67 57 
5 11 83 1225 1307 1300 830 198 67 57 
5 11 83 1225 1307 1301 830 198 67 57 
5 11 83 1225 1307 1302 830 198 67 57 
5 11 83 1225 1307 1303 830 198 67 57 
5 11 83 1225 1307 1304 830 198 67 57 
5 11 83 1225 1307 1305 830 198 67 57 
5 11 83 1225 1307 1306 830 198 67 57 
5 11 83 1225 1307 1307 830 198 67 57 
6 11 76 1228 1303 1228 827 199 72 59 
6 11 76 1228 1303 1229 827 199 72 59 
6 11 76 1228 1303 1230 827 199 72 59 
6 11 76 1228 1303 1231 827 199 72 59 
6 11 76 1228 1303 1232 827 199 72 59 
6 11 76 1228 1303 1233 827 199 72 59 
6 11 76 1228 1303 1234 827 199 72 59 
6 11 76 1228 1303 1235 827 199 72 59 
6 11 76 1228 1303 1236 827 199 72 59 
6 11 76 1228 1303 1237 827 199 72 59 
6 11 76 1228 1303 1238 827 199 72 59 
6 11 76 1228 1303 1239 827 199 72 59 
6 11 76 1228 1303 1240 827 199 72 59 
6 11 76 1228 1303 1241 827 199 72 59 
6 11 76 1228 1303 1242 827 199 72 59 
6 11 76 1228 1303 1243 827 199 72 59 
6 11 76 1228 1303 1244 827 199 72 59 
6 11 76 1228 1303 1245 827 199 72 59 
6 11 76 1228 1303 1246 827 199 72 59 
6 11 76 1228 1303 1247 827 199 72 59 
6 11 76 1228 1303 1248 827 199 72 59 
6 11 76 1228 1303 1249 827 199 72 59 
6 11 76 1228 1303 1250 827 199 72 59 
6 11 76 1228 1303 1251 827 199 72 59 
6 11 76 1228 1303 1252 827 199 72 59 
6 11 76 1228 1303 1253 827 199 72 59 
6 11 76 1228 1303 1254 827 199 72 59 
6 11 76 1228 1303 1255 827 199 72 59 
6 11 76 1228 1303 1256 827 199 72 59 
6 11 76 1228 1303 1257 827 199 72 59 
6 11 76 1228 1303 1258 827 199 72 59 
6 11 76 1228 1303 1259 827 199 72 59 
6 11 76 1228 1303 1260 827 199 72 59 
6 11 76 1228 1303 1261 827 199 72 59 
6 11 76 1228 1303 1262 827 199 72 59 
6 11 76 1228 1303 1263 827 199 72 59 
6 11 76 1228 1303 1264 827 199 72 59 
6 11 76 1228 1303 1265 827 199 72 59 
6 11 76 1228 1303 1266 827 199 72 59 
6 11 76 1228 1303 1267 827 199 72 59 
6 11 76 1228 1303 1268 827 199 72 59 
6 11 76 1228 1303 1269 827 199 72 59 
6 11 76 1228 1303 1270 827 199 72 59 
6 11 76 1228 1303 1271 827 199 72 59 
6 11 76 1228 1303 1272 827 199 72 59 
6 11 76 1228 1303 1273 827 199 72 59 
6 11 76 1228 1303 1274 827 199 72 59 
6 11 76 1228 1303 1275 827 199 72 59 
6 11 76 1228 1303 1276 827 199 72 59 
6 11 76 1228 1303 1277 827 199 72 59 
6 11 76 1228 1303 1278 827 199 72 59 
6 11 76 1228 1303 1279 827 199 72 59 
6 11 76 1228 1303 1280 827 199 72 59 
6 11 76 1228 1303 1281 827 199 72 59 
6 11 76 1228 1303 1282 827 199 72 59 
6 11 76 1228 1303 1283 827 199 72 59 
6 11 76 1228 1303 1284 827 199 72 59 
6 11 76 1228 1303 1285 827 199 72 59 
6 11 76 1228 1303 1286 827 199 72 59 
6 11 76 1228 1303 1287 827 199 72 59 
6 11 76 1228 1303 1288 827 199 72 59 
6 11 76 1228 1303 1289 827 199 72 59 
6 11 76 1228 1303 1290 827 199 72 59 
6 11 76 1228 1303 1291 827 199 72 59 
6 11 76 1228 1303 1292 827 199 72 59 
6 11 76 1228 1303 1293 827 199 72 59 
6 11 76 1228 1303 1294 827 199 72 59 
6 11 76 1228 1303 1295 827 199 72 59 
6 11 76 1228 1303 1296 827 199 72 59 
6 11 76 1228 1303 1297 827 199 72 59 
6 11 76 1228 1303 1298 827 199 72 59 
6 11 76 1228 1303 1299 827 199 72 59 
6 11 76 1228 1303 1300 827 199 72 59 
6 11 76 1228 1303 1301 827 199 72 59 
6 11 76 1228 1303 1302 827 199 72 59 
6 11 76 1228 1303 1303 827 199 72 59 
7 11 65 1393 1457 1393 825 191 74 78 
7 11 65 1393 1457 1394 825 191 74 78 
7 11 65 1393 1457 1395 825 191 74 78 
7 11 65 1393 1457 1396 825 191 74 78 
7 11 65 1393 1457 1397 825 191 74 78 
7 11 65 1393 1457 1398 825 191 74 78 
7 11 65 1393 1457 1399 825 191 74 78 
7 11 65 1393 1457 1400 825 191 74 78 
7 11 65 1393 1457 1401 825 191 74 78 
7 11 65 1393 1457 1402 825 191 74 78 
7 11 65 1393 1457 1403 825 191 74 78 
7 11 65 1393 1457 1404 825 191 74 78 
7 11 65 1393 1457 1405 825 191 74 78 
7 11 65 1393 1457 1406 825 191 74 78 
7 11 65 1393 1457 1407 825 191 74 78 
7 11 65 1393 1457 1408 825 191 74 78 
7 11 65 1393 1457 1409 825 191 74 78 
7 11 65 1393 1457 1410 825 191 74 78 
7 11 65 1393 1457 1411 825 191 74 78 
7 11 65 1393 1457 1412 825 191 74 78 
7 11 65 1393 1457 1413 825 191 74 78 
7 11 65 1393 1457 1414 825 191 74 78 
7 11 65 1393 1457 1415 825 191 74 78 
7 11 65 1393 1457 1416 825 191 74 78 
7 11 65 1393 1457 1417 825 191 74 78 
7 11 65 1393 1457 1418 825 191 74 78 
7 11 65 1393 1457 1419 825 191 74 78 
7 11 65 1393 1457 1420 825 191 74 78 
7 11 65 1393 1457 1421 825 191 74 78 
7 11 65 1393 1457 1422 825 191 74 78 
7 11 65 1393 1457 1423 825 191 74 78 
7 11 65 1393 1457 1424 825 191 74 78 
7 11 65 1393 1457 1425 825 191 74 78 
7 11 65 1393 1457 1426 825 191 74 78 
7 11 65 1393 1457 1427 825 191 74 78 
7 11 65 1393 1457 1428 825 191 74 78 
7 11 65 1393 1457 1429 825 191 74 78 
7 11 65 1393 1457 1430 825 191 74 78 
7 11 65 1393 1457 1431 825 191 74 78 
7 11 65 1393 1457 1432 825 191 74 78 
7 11 65 1393 1457 1433 825 191 74 78 
7 11 65 1393 1457 1434 825 191 74 78 
7 11 65 1393 1457 1435 825 191 74 78 
7 11 65 1393 1457 1436 825 191 74 78 
7 11 65 1393 1457 1437 825 191 74 78 
7 11 65 1393 1457 1438 825 191 74 78 
7 11 65 1393 1457 1439 825 191 74 78 
7 11 65 1393 1457 1440 825 191 74 78 
7 11 65 1393 1457 1441 825 191 74 78 
7 11 65 1393 1457 1442 825 191 74 78 
7 11 65 1393 1457 1443 825 191 74 78 
7 11 65 1393 1457 1444 825 191 74 78 
7 11 65 1393 1457 1445 825 191 74 78 
7 11 65 1393 1457 1446 825 191 74 78 
7 11 65 1393 1457 1447 825 191 74 78 
7 11 65 1393 1457 1448 825 191 74 78 
7 11 65 1393 1457 1449 825 191 74 78 
7 11 65 1393 1457 1450 825 191 74 78 
7 11 65 1393 1457 1451 825 191 74 78 
7 11 65 1393 1457 1452 825 191 74 78 
7 11 65 1393 1457 1453 825 191 74 78 
7 11 65 1393 1457 1454 825 191 74 78 
7 11 65 1393 1457 1455 825 191 74 78 
7 11 65 1393 1457 1456 825 191 74 78 
7 11 65 1393 1457 1457 825 191 74 78 
8 9 162 1590 1751 1590 0 381 52 118 
8 9 162 1590 1751 1591 0 381 54 118 
8 9 162 1590 1751 1592 0 381 54 118 
8 9 162 1590 1751 1593 0 381 55 118 
8 9 162 1590 1751 1594 0 381 55 118 
8 9 162 1590 1751 1595 0 381 57 118 
8 9 162 1590 1751 1596 0 381 57 118 
8 9 162 1590 1751 1597 0 381 59 118 
8 9 162 1590 1751 1598 0 381 59 118 
8 9 162 1590 1751 1599 1 381 60 118 
8 9 162 1590 1751 1600 1 381 60 118 
8 9 162 1590 1751 1601 1 381 62 118 
8 9 162 1590 1751 1602 1 381 62 118 
8 9 162 1590 1751 1603 4 381 60 118 
8 9 162 1590 1751 1604 4 381 60 118 
8 9 162 1590 1751 1605 6 381 60 118 
8 9 162 1590 1751 1606 6 381 60 118 
8 9 162 1590 1751 1607 8 381 60 118 
8 9 162 1590 1751 1608 8 381 60 118 
8 9 162 1590 1751 1609 8 381 62 118 
8 9 162 1590 1751 1610 8 381 62 118 
8 9 162 1590 1751 1611 11 383 60 117 
8 9 162 1590 1751 1612 11 383 60 117 
8 9 162 1590 1751 1613 11 383 60 117 
8 9 162 1590 1751 1614 13 383 60 120 
8 9 162 1590 1751 1615 13 383 60 120 
8 9 162 1590 1751 1616 15 385 60 117 
8 9 162 1590 1751 1617 15 385 60 120 
8 9 162 1590 1751 1618 17 385 60 120 
8 9 162 1590 1751 1619 17 384 60 123 
8 9 162 1590 1751 1620 17 387 62 120 
8 9 162 1590 1751 1621 17 387 62 120 
8 9 162 1590 1751 1622 17 386 64 121 
8 9 162 1590 1751 1623 20 386 60 121 
8 9 162 1590 1751 1624 19 387 64 123 
8 9 162 1590 1751 1625 22 387 60 123 
8 9 162 1590 1751 1626 21 387 64 123 
8 9 162 1590 1751 1627 24 387 60 126 
8 9 162 1590 1751 1628 23 387 64 126 
8 9 162 1590 1751 1629 24 389 62 126 
8 9 162 1590 1751 1630 24 389 64 126 
8 9 162 1590 1751 1631 24 389 64 126 
8 9 162 1590 1751 1632 26 388 64 129 
8 9 162 1590 1751 1633 26 391 64 126 
8 9 162 1590 1751 1634 28 390 64 127 
8 9 162 1590 1751 1635 28 390 64 127 
8 9 162 1590 1751 1636 30 390 64 127 
8 9 162 1590 1751 1637 30 392 64 127 
8 9 162 1590 1751 1638 32 392 64 127 
8 9 162 1590 1751 1639 32 392 64 130 
8 9 162 1590 1751 1640 33 392 64 130 
8 9 162 1590 1751 1641 33 392 64 130 
8 9 162 1590 1751 1642 32 394 68 130 
8 9 162 1590 1751 1643 35 394 64 130 
8 9 162 1590 1751 1644 34 394 68 132 
8 9 162 1590 1751 1645 37 394 64 132 
8 9 162 1590 1751 1646 36 395 68 130 
8 9 162 1590 1751 1647 39 394 64 133 
8 9 162 1590 1751 1648 38 394 66 133 
8 9 162 1590 1751 1649 40 394 64 136 
8 9 162 1590 1751 1650 39 396 68 133 
8 9 162 1590 1751 1651 39 396 68 133 
8 9 162 1590 1751 1652 42 396 64 136 
8 9 162 1590 1751 1653 41 396 68 136 
8 9 162 1590 1751 1654 44 395 64 139 
8 9 162 1590 1751 1655 43 398 68 136 
8 9 162 1590 1751 1656 46 398 64 136 
8 9 162 1590 1751 1657 45 398 68 138 
8 9 162 1590 1751 1658 48 398 64 138 
8 9 162 1590 1751 1659 47 400 66 138 
8 9 162 1590 1751 1660 47 400 66 138 
8 9 162 1590 1751 1661 48 400 68 138 
8 9 162 1590 1751 1662 48 399 68 141 
8 9 162 1590 1751 1663 50 400 68 139 
8 9 162 1590 1751 1664 50 400 68 142 
8 9 162 1590 1751 1665 52 400 68 142 
8 9 162 1590 1751 1666 52 400 68 142 
8 9 162 1590 1751 1667 54 400 66 144 
8 9 162 1590 1751 1668 54 402 66 141 
8 9 162 1590 1751 1669 55 402 68 144 
8 9 162 1590 1751 1670 55 402 68 144 
8 9 162 1590 1751 1671 54 402 72 144 
8 9 162 1590 1751 1672 57 404 68 144 
8 9 162 1590 1751 1673 56 404 72 144 
8 9 162 1590 1751 1674 59 403 68 147 
8 9 162 1590 1751 1675 58 403 72 147 
8 9 162 1590 1751 1676 61 406 68 144 
8 9 162 1590 1751 1677 60 405 70 147 
8 9 162 1590 1751 1678 63 405 66 147 
8 9 162 1590 1751 1679 62 405 70 148 
8 9 162 1590 1751 1680 62 405 70 148 
8 9 162 1590 1751 1681 63 407 72 145 
8 9 162 1590 1751 1682 63 407 72 148 
8 9 162 1590 1751 1683 65 407 72 148 
8 9 162 1590 1751 1684 65 406 72 151 
8 9 162 1590 1751 1685 67 408 70 150 
8 9 162 1590 1751 1686 67 408 70 150 
8 9 162 1590 1751 1687 69 407 70 153 
8 9 162 1590 1751 1688 69 407 70 153 
8 9 162 1590 1751 1689 70 409 72 151 
8 9 162 1590 1751 1690 70 409 72 151 
8 9 162 1590 1751 1691 70 409 72 151 
8 9 162 1590 1751 1692 72 409 72 154 
8 9 162 1590 1751 1693 72 409 72 154 
8 9 162 1590 1751 1694 72 411 72 151 
8 9 162 1590 1751 1695 74 411 72 154 
8 9 162 1590 1751 1696 74 411 72 154 
8 9 162 1590 1751 1697 74 411 72 154 
8 9 162 1590 1751 1698 76 413 70 154 
8 9 162 1590 1751 1699 76 413 70 154 
8 9 162 1590 1751 1700 76 412 70 157 
8 9 162 1590 1751 1701 78 412 70 157 
8 9 162 1590 1751 1702 78 412 70 157 
8 9 162 1590 1751 1703 78 413 70 157 
8 9 162 1590 1751 1704 79 413 72 157 
8 9 162 1590 1751 1705 79 413 72 157 
8 9 162 1590 1751 1706 81 413 72 160 
8 9 162 1590 1751 1707 81 415 72 157 
8 9 162 1590 1751 1708 81 415 72 160 
8 9 162 1590 1751 1709 83 415 70 160 
8 9 162 1590 1751 1710 83 415 70 160 
8 9 162 1590 1751 1711 83 414 70 163 
8 9 162 1590 1751 1712 85 417 70 160 
8 9 162 1590 1751 1713 85 417 70 160 
8 9 162 1590 1751 1714 85 417 70 162 
8 9 162 1590 1751 1715 86 417 72 162 
8 9 162 1590 1751 1716 86 419 72 162 
8 9 162 1590 1751 1717 86 419 72 162 
8 9 162 1590 1751 1718 88 419 72 162 
8 9 162 1590 1751 1719 88 418 72 165 
8 9 162 1590 1751 1720 90 421 72 162 
8 9 162 1590 1751 1721 90 421 72 162 
8 9 162 1590 1751 1722 90 420 72 165 
8 9 162 1590 1751 1723 92 420 70 165 
8 9 162 1590 1751 1724 92 420 70 165 
8 9 162 1590 1751 1725 92 421 70 166 
8 9 162 1590 1751 1726 94 421 70 166 
8 9 162 1590 1751 1727 94 421 70 168 
8 9 162 1590 1751 1728 94 421 70 168 
8 9 162 1590 1751 1729 95 423 72 165 
8 9 162 1590 1751 1730 95 423 72 168 
8 9 162 1590 1751 1731 95 423 72 168 
8 9 162 1590 1751 1732 97 423 72 168 
8 9 162 1590 1751 1733 97 422 72 171 
8 9 162 1590 1751 1734 97 425 72 168 
8 9 162 1590 1751 1735 99 424 70 171 
8 9 162 1590 1751 1736 99 424 70 171 
8 9 162 1590 1751 1737 101 424 70 171 
8 9 162 1590 1751 1738 101 426 70 169 
8 9 162 1590 1751 1739 101 426 70 169 
8 9 162 1590 1751 1740 102 426 72 169 
8 9 162 1590 1751 1741 102 426 72 172 
8 9 162 1590 1751 1742 102 426 72 172 
8 9 162 1590 1751 1743 104 427 72 174 
8 9 162 1590 1751 1744 104 427 72 174 
8 9 162 1590 1751 1745 104 427 72 174 
8 9 162 1590 1751 1746 106 426 72 177 
8 9 162 1590 1751 1747 106 429 72 174 
8 9 162 1590 1751 1748 106 429 72 174 
8 9 162 1590 1751 1749 108 428 70 177 
8 9 162 1590 1751 1750 108 428 70 177 
8 9 162 1590 1751 1751 110 430 70 175 
9 9 725 661 1385 661 84 372 46 109 
9 9 725 661 1385 662 85 370 46 109 
9 9 725 661 1385 663 87 370 46 109 
9 9 725 661 1385 664 87 368 46 109 
9 9 725 661 1385 665 89 368 46 109 
9 9 725 661 1385 666 91 366 46 109 
9 9 725 661 1385 667 92 366 48 108 
9 9 725 661 1385 668 92 366 48 108 
9 9 725 661 1385 669 94 363 46 109 
9 9 725 661 1385 670 96 363 46 109 
9 9 725 661 1385 671 96 361 46 109 
9 9 725 661 1385 672 98 361 46 109 
9 9 725 661 1385 673 100 359 46 109 
9 9 725 661 1385 674 101 357 46 109 
9 9 725 661 1385 675 101 357 46 109 
9 9 725 661 1385 676 103 356 46 109 
9 9 725 661 1385 677 105 356 46 109 
9 9 725 661 1385 678 107 354 46 109 
9 9 725 661 1385 679 107 354 46 109 
9 9 725 661 1385 680 108 352 48 109 
9 9 725 661 1385 681 110 350 46 109 
9 9 725 661 1385 682 110 350 46 109 
9 9 725 661 1385 683 112 350 46 108 
9 9 725 661 1385 684 114 350 46 108 
9 9 725 661 1385 685 116 347 46 109 
9 9 725 661 1385 686 116 347 46 109 
9 9 725 661 1385 687 117 345 46 109 
9 9 725 661 1385 688 119 343 46 109 
9 9 725 661 1385 689 121 343 46 109 
9 9 725 661 1385 690 121 341 46 109 
9 9 725 661 1385 691 123 341 46 109 
9 9 725 661 1385 692 124 340 48 109 
9 9 725 661 1385 693 124 340 48 109 
9 9 725 661 1385 694 126 338 46 109 
9 9 725 661 1385 695 128 336 46 109 
9 9 725 661 1385 696 130 336 46 109 
9 9 725 661 1385 697 130 334 46 109 
9 9 725 661 1385 698 132 334 46 109 
9 9 725 661 1385 699 133 334 46 108 
9 9 725 661 1385 700 135 334 46 108 
9 9 725 661 1385 701 135 331 46 109 
9 9 725 661 1385 702 137 331 46 109 
9 9 725 661 1385 703 139 331 46 109 
9 9 725 661 1385 704 140 332 48 106 
9 9 725 661 1385 705 142 329 46 109 
9 9 725 661 1385 706 142 329 46 109 
9 9 725 661 1385 707 144 329 46 109 
9 9 725 661 1385 708 146 330 46 106 
9 9 725 661 1385 709 148 327 46 109 
9 9 725 661 1385 710 149 327 46 109 
9 9 725 661 1385 711 149 327 46 109 
9 9 725 661 1385 712 151 328 46 106 
9 9 725 661 1385 713 153 325 46 109 
9 9 725 661 1385 714 155 325 46 109 
9 9 725 661 1385 715 156 326 48 108 
9 9 725 661 1385 716 156 326 48 108 
9 9 725 661 1385 717 158 324 46 109 
9 9 725 661 1385 718 160 324 46 109 
9 9 725 661 1385 719 162 325 46 106 
9 9 725 661 1385 720 164 325 46 106 
9 9 725 661 1385 721 164 322 46 109 
9 9 725 661 1385 722 165 322 46 109 
9 9 725 661 1385 723 167 323 46 106 
9 9 725 661 1385 724 169 323 46 106 
9 9 725 661 1385 725 171 320 46 109 
9 9 725 661 1385 726 171 320 46 109 
9 9 725 661 1385 727 172 321 48 106 
9 9 725 661 1385 728 174 321 46 106 
9 9 725 661 1385 729 176 318 46 109 
9 9 725 661 1385 730 178 319 46 106 
9 9 725 661 1385 731 178 319 46 106 
9 9 725 661 1385 732 180 319 46 106 
9 9 725 661 1385 733 181 318 46 108 
9 9 725 661 1385 734 183 318 46 106 
9 9 725 661 1385 735 185 318 46 106 
9 9 725 661 1385 736 185 318 46 106 
9 9 725 661 1385 737 187 315 46 109 
9 9 725 661 1385 738 188 316 48 106 
9 9 725 661 1385 739 190 316 46 106 
9 9 725 661 1385 740 192 316 46 106 
9 9 725 661 1385 741 194 316 46 106 
9 9 725 661 1385 742 194 314 46 106 
9 9 725 661 1385 743 196 312 46 106 
9 9 725 661 1385 744 196 312 46 106 
9 9 725 661 1385 745 197 310 46 108 
9 9 725 661 1385 746 197 309 46 106 
9 9 725 661 1385 747 199 309 46 106 
9 9 725 661 1385 748 199 307 46 106 
9 9 725 661 1385 749 201 307 46 106 
9 9 725 661 1385 750 201 305 46 106 
9 9 725 661 1385 751 203 303 46 106 
9 9 725 661 1385 752 203 303 46 106 
9 9 725 661 1385 753 204 302 48 106 
9 9 725 661 1385 754 204 302 48 106 
9 9 725 661 1385 755 206 300 46 106 
9 9 725 661 1385 756 206 298 46 106 
9 9 725 661 1385 757 208 298 46 106 
9 9 725 661 1385 758 208 296 46 106 
9 9 725 661 1385 759 210 296 46 106 
9 9 725 661 1385 760 210 294 46 108 
9 9 725 661 1385 761 212 293 46 106 
9 9 725 661 1385 762 212 293 46 106 
9 9 725 661 1385 763 213 291 46 106 
9 9 725 661 1385 764 215 291 46 106 
9 9 725 661 1385 765 215 289 46 106 
9 9 725 661 1385 766 215 289 46 106 
9 9 725 661 1385 767 217 289 46 106 
9 9 725 661 1385 768 217 287 46 106 
9 9 725 661 1385 769 219 287 46 106 
9 9 725 661 1385 770 219 287 46 106 
9 9 725 661 1385 771 219 287 46 106 
9 9 725 661 1385 772 220 286 48 106 
9 9 725 661 1385 773 220 286 48 106 
9 9 725 661 1385 774 222 286 46 106 
9 9 725 661 1385 775 222 284 46 106 
9 9 725 661 1385 776 222 284 46 106 
9 9 725 661 1385 777 224 284 46 106 
9 9 725 661 1385 778 224 284 46 106 
9 9 725 661 1385 779 226 282 46 106 
9 9 725 661 1385 780 226 282 46 106 
9 9 725 661 1385 781 228 282 46 106 
9 9 725 661 1385 782 228 282 46 106 
9 9 725 661 1385 783 228 280 46 106 
9 9 725 661 1385 784 229 280 46 106 
9 9 725 661 1385 785 229 280 46 106 
9 9 725 661 1385 786 231 278 46 108 
9 9 725 661 1385 787 231 278 46 108 
9 9 725 661 1385 788 231 278 46 108 
9 9 725 661 1385 789 233 278 46 108 
9 9 725 661 1385 790 233 277 46 106 
9 9 725 661 1385 791 235 277 46 106 
9 9 725 661 1385 792 235 277 46 106 
9 9 725 661 1385 793 236 277 48 106 
9 9 725 661 1385 794 236 275 48 106 
9 9 725 661 1385 795 238 275 46 106 
9 9 725 661 1385 796 240 275 46 106 
9 9 725 661 1385 797 240 275 46 106 
9 9 725 661 1385 798 242 275 46 106 
9 9 725 661 1385 799 244 275 46 103 
9 9 725 661 1385 800 245 275 46 103 
9 9 725 661 1385 801 245 273 46 106 
9 9 725 661 1385 802 247 273 46 106 
9 9 725 661 1385 803 249 273 46 106 
9 9 725 661 1385 804 251 273 46 106 
9 9 725 661 1385 805 251 273 46 103 
9 9 725 661 1385 806 252 273 48 103 
9 9 725 661 1385 807 254 273 46 103 
9 9 725 661 1385 808 256 273 46 103 
9 9 725 661 1385 809 256 271 46 106 
9 9 725 661 1385 810 258 271 46 106 
9 9 725 661 1385 811 260 271 46 105 
9 9 725 661 1385 812 261 271 46 105 
9 9 725 661 1385 813 261 271 46 105 
9 9 725 661 1385 814 263 271 46 105 
9 9 725 661 1385 815 265 271 46 105 
9 9 725 661 1385 816 267 271 46 105 
9 9 725 661 1385 817 267 270 46 103 
9 9 725 661 1385 818 267 270 46 103 
9 9 725 661 1385 819 268 271 48 100 
9 9 725 661 1385 820 268 268 48 103 
9 9 725 661 1385 821 270 268 46 103 
9 9 725 661 1385 822 270 269 46 100 
9 9 725 661 1385 823 272 266 46 103 
9 9 725 661 1385 824 272 266 46 103 
9 9 725 661 1385 825 274 267 46 102 
9 9 725 661 1385 826 274 267 46 102 
9 9 725 661 1385 827 276 264 46 105 
9 9 725 661 1385 828 276 265 46 102 
9 9 725 661 1385 829 277 265 46 102 
9 9 725 661 1385 830 277 263 46 102 
9 9 725 661 1385 831 277 263 46 102 
9 9 725 661 1385 832 279 263 46 102 
9 9 725 661 1385 833 279 263 46 99 
9 9 725 661 1385 834 281 262 46 100 
9 9 725 661 1385 835 281 262 46 100 
9 9 725 661 1385 836 283 262 46 97 
9 9 725 661 1385 837 283 260 46 100 
9 9 725 661 1385 838 284 260 48 100 
9 9 725 661 1385 839 284 260 48 99 
9 9 725 661 1385 840 286 258 46 102 
9 9 725 661 1385 841 286 258 46 99 
9 9 725 661 1385 842 288 258 46 99 
9 9 725 661 1385 843 288 258 46 99 
9 9 725 661 1385 844 290 256 46 99 
9 9 725 661 1385 845 290 256 46 99 
9 9 725 661 1385 846 290 256 46 99 
9 9 725 661 1385 847 292 255 46 97 
9 9 725 661 1385 848 292 255 46 97 
9 9 725 661 1385 849 293 255 46 97 
9 9 725 661 1385 850 293 256 46 96 
9 9 725 661 1385 851 295 253 46 99 
9 9 725 661 1385 852 295 254 46 96 
9 9 725 661 1385 853 297 254 46 96 
9 9 725 661 1385 854 297 251 46 99 
9 9 725 661 1385 855 299 252 46 96 
9 9 725 661 1385 856 299 252 46 96 
9 9 725 661 1385 857 300 249 48 99 
9 9 725 661 1385 858 300 250 48 96 
9 9 725 661 1385 859 302 250 46 96 
9 9 725 661 1385 860 302 250 46 96 
9 9 725 661 1385 861 302 248 46 96 
9 9 725 661 1385 862 304 248 46 96 
9 9 725 661 1385 863 304 248 46 94 
9 9 725 661 1385 864 306 247 46 96 
9 9 725 661 1385 865 306 247 46 96 
9 9 725 661 1385 866 308 247 46 93 
9 9 725 661 1385 867 308 247 46 93 
9 9 725 661 1385 868 309 245 46 96 
9 9 725 661 1385 869 309 245 46 93 
9 9 725 661 1385 870 311 245 46 93 
9 9 725 661 1385 871 311 243 46 96 
9 9 725 661 1385 872 313 243 46 93 
9 9 725 661 1385 873 313 243 46 93 
9 9 725 661 1385 874 315 243 46 93 
9 9 725 661 1385 875 315 241 46 94 
9 9 725 661 1385 876 316 241 48 94 
9 9 725 661 1385 877 316 241 48 94 
9 9 725 661 1385 878 318 241 46 94 
9 9 725 661 1385 879 318 241 46 94 
9 9 725 661 1385 880 320 241 46 94 
9 9 725 661 1385 881 322 241 46 94 
9 9 725 661 1385 882 322 241 46 94 
9 9 725 661 1385 883 324 241 46 91 
9 9 725 661 1385 884 324 241 46 91 
9 9 725 661 1385 885 325 241 46 91 
9 9 725 661 1385 886 325 241 46 91 
9 9 725 661 1385 887 327 241 46 91 
9 9 725 661 1385 888 329 240 46 93 
9 9 725 661 1385 889 329 240 46 93 
9 9 725 661 1385 890 331 240 46 93 
9 9 725 661 1385 891 331 240 46 93 
9 9 725 661 1385 892 332 241 48 90 
9 9 725 661 1385 893 332 241 48 90 
9 9 725 661 1385 894 334 241 46 90 
9 9 725 661 1385 895 336 241 46 90 
9 9 725 661 1385 896 336 241 46 90 
9 9 725 661 1385 897 338 241 46 90 
9 9 725 661 1385 898 338 241 46 90 
9 9 725 661 1385 899 340 241 46 90 
9 9 725 661 1385 900 341 241 46 90 
9 9 725 661 1385 901 341 239 46 90 
9 9 725 661 1385 902 344 239 42 90 
9 9 725 661 1385 903 343 239 46 90 
9 9 725 661 1385 904 346 239 42 90 
9 9 725 661 1385 905 345 239 46 90 
9 9 725 661 1385 906 348 239 42 87 
9 9 725 661 1385 907 347 239 46 87 
9 9 725 661 1385 908 349 239 44 87 
9 9 725 661 1385 909 348 237 48 90 
9 9 725 661 1385 910 351 237 44 90 
9 9 725 661 1385 911 350 237 46 90 
9 9 725 661 1385 912 353 237 42 88 
9 9 725 661 1385 913 352 237 46 88 
9 9 725 661 1385 914 355 237 42 88 
9 9 725 661 1385 915 354 237 46 88 
9 9 725 661 1385 916 357 237 42 88 
9 9 725 661 1385 917 356 237 46 85 
9 9 725 661 1385 918 358 235 44 88 
9 9 725 661 1385 919 357 235 46 88 
9 9 725 661 1385 920 360 235 42 88 
9 9 725 661 1385 921 360 235 42 88 
9 9 725 661 1385 922 362 235 42 88 
9 9 725 661 1385 923 362 235 42 85 
9 9 725 661 1385 924 364 235 42 85 
9 9 725 661 1385 925 364 235 42 85 
9 9 725 661 1385 926 365 235 44 85 
9 9 725 661 1385 927 365 233 44 88 
9 9 725 661 1385 928 367 233 44 85 
9 9 725 661 1385 929 367 233 44 85 
9 9 725 661 1385 930 369 233 42 85 
9 9 725 661 1385 931 369 233 42 85 
9 9 725 661 1385 932 371 233 42 85 
9 9 725 661 1385 933 371 233 42 85 
9 9 725 661 1385 934 373 234 42 84 
9 9 725 661 1385 935 373 232 42 85 
9 9 725 661 1385 936 374 232 44 85 
9 9 725 661 1385 937 374 232 44 85 
9 9 725 661 1385 938 376 232 42 85 
9 9 725 661 1385 939 376 233 42 82 
9 9 725 661 1385 940 378 233 42 82 
9 9 725 661 1385 941 378 233 42 82 
9 9 725 661 1385 942 381 233 38 82 
9 9 725 661 1385 943 380 233 42 82 
9 9 725 661 1385 944 382 230 40 85 
9 9 725 661 1385 945 381 231 44 82 
9 9 725 661 1385 946 384 231 40 82 
9 9 725 661 1385 947 383 231 44 82 
9 9 725 661 1385 948 386 231 40 82 
9 9 725 661 1385 949 385 231 42 82 
9 9 725 661 1385 950 388 231 38 79 
9 9 725 661 1385 951 387 231 42 79 
9 9 725 661 1385 952 390 231 38 79 
9 9 725 661 1385 953 389 229 42 82 
9 9 725 661 1385 954 391 229 40 82 
9 9 725 661 1385 955 390 229 44 82 
9 9 725 661 1385 956 393 229 40 79 
9 9 725 661 1385 957 392 229 42 79 
9 9 725 661 1385 958 395 229 38 79 
9 9 725 661 1385 959 394 229 42 79 
9 9 725 661 1385 960 397 229 38 79 
9 9 725 661 1385 961 398 229 40 79 
9 9 725 661 1385 962 398 227 40 81 
9 9 725 661 1385 963 398 227 40 81 
9 9 725 661 1385 964 397 226 44 79 
9 9 725 661 1385 965 400 226 40 79 
9 9 725 661 1385 966 400 226 40 79 
9 9 725 661 1385 967 399 224 44 79 
9 9 725 661 1385 968 402 224 40 79 
9 9 725 661 1385 969 402 225 40 76 
9 9 725 661 1385 970 401 222 42 79 
9 9 725 661 1385 971 404 222 38 79 
9 9 725 661 1385 972 404 223 38 78 
9 9 725 661 1385 973 403 220 42 81 
9 9 725 661 1385 974 403 221 42 78 
9 9 725 661 1385 975 406 221 38 78 
9 9 725 661 1385 976 405 218 42 81 
9 9 725 661 1385 977 405 219 42 78 
9 9 725 661 1385 978 407 219 40 78 
9 9 725 661 1385 979 406 218 44 76 
9 9 725 661 1385 980 406 218 44 76 
9 9 725 661 1385 981 409 218 40 76 
9 9 725 661 1385 982 408 216 42 76 
9 9 725 661 1385 983 408 216 42 76 
9 9 725 661 1385 984 410 216 42 76 
9 9 725 661 1385 985 410 214 42 78 
9 9 725 661 1385 986 412 214 42 78 
9 9 725 661 1385 987 412 214 42 78 
9 9 725 661 1385 988 413 214 44 78 
9 9 725 661 1385 989 415 214 44 78 
9 9 725 661 1385 990 415 214 44 78 
9 9 725 661 1385 991 417 211 42 81 
9 9 725 661 1385 992 420 211 38 81 
9 9 725 661 1385 993 419 212 42 78 
9 9 725 661 1385 994 421 212 42 78 
9 9 725 661 1385 995 423 212 40 78 
9 9 725 661 1385 996 422 212 44 78 
9 9 725 661 1385 997 424 212 42 78 
9 9 725 661 1385 998 427 210 38 79 
9 9 725 661 1385 999 426 210 42 79 
9 9 725 661 1385 1000 429 210 38 79 
9 9 725 661 1385 1001 430 210 40 79 
9 9 725 661 1385 1002 429 211 44 76 
9 9 725 661 1385 1003 432 211 40 76 
9 9 725 661 1385 1004 431 211 44 76 
9 9 725 661 1385 1005 434 208 40 79 
9 9 725 661 1385 1006 436 208 38 79 
9 9 725 661 1385 1007 435 208 42 79 
9 9 725 661 1385 1008 438 208 38 79 
9 9 725 661 1385 1009 439 208 40 79 
9 9 725 661 1385 1010 438 209 44 76 
9 9 725 661 1385 1011 441 209 40 76 
9 9 725 661 1385 1012 443 206 38 79 
9 9 725 661 1385 1013 443 206 38 79 
9 9 725 661 1385 1014 445 206 38 79 
9 9 725 661 1385 1015 446 206 40 79 
9 9 725 661 1385 1016 446 206 40 79 
9 9 725 661 1385 1017 448 206 40 79 
9 9 725 661 1385 1018 450 206 40 79 
9 9 725 661 1385 1019 450 204 40 81 
9 9 725 661 1385 1020 452 204 38 81 
9 9 725 661 1385 1021 454 204 38 81 
9 9 725 661 1385 1022 455 204 40 81 
9 9 725 661 1385 1023 457 204 40 81 
9 9 725 661 1385 1024 459 204 38 81 
9 9 725 661 1385 1025 461 204 38 81 
9 9 725 661 1385 1026 462 204 40 81 
9 9 725 661 1385 1027 464 204 40 81 
9 9 725 661 1385 1028 466 204 40 81 
9 9 725 661 1385 1029 466 204 40 81 
9 9 725 661 1385 1030 468 204 38 81 
9 9 725 661 1385 1031 470 204 38 81 
9 9 725 661 1385 1032 471 204 40 81 
9 9 725 661 1385 1033 473 204 40 81 
9 9 725 661 1385 1034 475 204 38 81 
9 9 725 661 1385 1035 477 204 38 81 
9 9 725 661 1385 1036 478 204 40 81 
9 9 725 661 1385 1037 480 204 40 81 
9 9 725 661 1385 1038 482 204 40 81 
9 9 725 661 1385 1039 484 204 38 81 
9 9 725 661 1385 1040 484 202 38 81 
9 9 725 661 1385 1041 486 202 38 81 
9 9 725 661 1385 1042 487 202 40 81 
9 9 725 661 1385 1043 489 202 40 81 
9 9 725 661 1385 1044 491 202 38 81 
9 9 725 661 1385 1045 493 202 38 81 
9 9 725 661 1385 1046 494 202 40 81 
9 9 725 661 1385 1047 496 202 40 81 
9 9 725 661 1385 1048 498 202 40 81 
9 9 725 661 1385 1049 500 202 38 81 
9 9 725 661 1385 1050 500 202 38 81 
9 9 725 661 1385 1051 502 202 38 81 
9 9 725 661 1385 1052 503 202 40 81 
9 9 725 661 1385 1053 505 202 40 81 
9 9 725 661 1385 1054 507 202 38 81 
9 9 725 661 1385 1055 509 202 38 81 
9 9 725 661 1385 1056 510 202 40 81 
9 9 725 661 1385 1057 512 202 40 81 
9 9 725 661 1385 1058 514 202 40 81 
9 9 725 661 1385 1059 516 202 38 81 
9 9 725 661 1385 1060 518 202 38 81 
9 9 725 661 1385 1061 518 201 38 79 
9 9 725 661 1385 1062 519 201 40 79 
9 9 725 661 1385 1063 521 201 40 79 
9 9 725 661 1385 1064 523 201 38 79 
9 9 725 661 1385 1065 525 201 38 79 
9 9 725 661 1385 1066 526 201 40 79 
9 9 725 661 1385 1067 528 201 40 79 
9 9 725 661 1385 1068 530 201 40 79 
9 9 725 661 1385 1069 532 201 38 79 
9 9 725 661 1385 1070 534 201 38 79 
9 9 725 661 1385 1071 534 201 38 79 
9 9 725 661 1385 1072 535 201 40 79 
9 9 725 661 1385 1073 537 201 40 79 
9 9 725 661 1385 1074 539 201 38 79 
9 9 725 661 1385 1075 541 201 38 79 
9 9 725 661 1385 1076 542 201 40 79 
9 9 725 661 1385 1077 544 201 40 79 
9 9 725 661 1385 1078 546 201 40 79 
9 9 725 661 1385 1079 548 201 38 79 
9 9 725 661 1385 1080 550 201 38 79 
9 9 725 661 1385 1081 551 201 40 79 
9 9 725 661 1385 1082 551 201 40 79 
9 9 725 661 1385 1083 553 201 40 79 
9 9 725 661 1385 1084 552 201 42 79 
9 9 725 661 1385 1085 555 201 38 79 
9 9 725 661 1385 1086 557 201 38 79 
9 9 725 661 1385 1087 556 201 42 79 
9 9 725 661 1385 1088 558 201 40 79 
9 9 725 661 1385 1089 560 201 40 79 
9 9 725 661 1385 1090 559 201 44 79 
9 9 725 661 1385 1091 562 201 40 79 
9 9 725 661 1385 1092 564 201 38 79 
9 9 725 661 1385 1093 563 201 42 79 
9 9 725 661 1385 1094 566 201 38 79 
9 9 725 661 1385 1095 567 202 40 81 
9 9 725 661 1385 1096 566 202 44 81 
9 9 725 661 1385 1097 569 202 40 81 
9 9 725 661 1385 1098 571 202 38 81 
9 9 725 661 1385 1099 570 202 42 81 
9 9 725 661 1385 1100 573 202 38 81 
9 9 725 661 1385 1101 574 202 40 81 
9 9 725 661 1385 1102 573 202 44 81 
9 9 725 661 1385 1103 575 202 44 81 
9 9 725 661 1385 1104 578 202 40 81 
9 9 725 661 1385 1105 577 202 42 81 
9 9 725 661 1385 1106 579 202 42 81 
9 9 725 661 1385 1107 582 202 38 81 
9 9 725 661 1385 1108 581 202 42 81 
9 9 725 661 1385 1109 582 204 44 81 
9 9 725 661 1385 1110 585 204 40 81 
9 9 725 661 1385 1111 584 204 42 81 
9 9 725 661 1385 1112 586 204 42 81 
9 9 725 661 1385 1113 589 204 38 81 
9 9 725 661 1385 1114 588 204 42 81 
9 9 725 661 1385 1115 589 204 44 81 
9 9 725 661 1385 1116 592 204 40 81 
9 9 725 661 1385 1117 591 204 44 81 
9 9 725 661 1385 1118 593 204 42 81 
9 9 725 661 1385 1119 596 204 38 81 
9 9 725 661 1385 1120 595 204 42 81 
9 9 725 661 1385 1121 597 204 42 81 
9 9 725 661 1385 1122 598 206 44 79 
9 9 725 661 1385 1123 598 206 44 79 
9 9 725 661 1385 1124 600 206 42 79 
9 9 725 661 1385 1125 600 206 42 79 
9 9 725 661 1385 1126 602 206 42 79 
9 9 725 661 1385 1127 602 206 42 79 
9 9 725 661 1385 1128 604 206 42 79 
9 9 725 661 1385 1129 605 206 44 79 
9 9 725 661 1385 1130 605 206 44 79 
9 9 725 661 1385 1131 607 206 44 79 
9 9 725 661 1385 1132 607 206 44 79 
9 9 725 661 1385 1133 609 206 42 79 
9 9 725 661 1385 1134 612 206 38 79 
9 9 725 661 1385 1135 611 206 42 79 
9 9 725 661 1385 1136 613 206 42 79 
9 9 725 661 1385 1137 613 206 42 79 
9 9 725 661 1385 1138 614 206 44 79 
9 9 725 661 1385 1139 617 206 40 79 
9 9 725 661 1385 1140 616 206 42 79 
9 9 725 661 1385 1141 619 206 38 79 
9 9 725 661 1385 1142 618 206 42 79 
9 9 725 661 1385 1143 620 206 42 79 
9 9 725 661 1385 1144 622 206 40 79 
9 9 725 661 1385 1145 621 206 44 79 
9 9 725 661 1385 1146 624 206 40 79 
9 9 725 661 1385 1147 623 206 44 79 
9 9 725 661 1385 1148 626 206 40 79 
9 9 725 661 1385 1149 628 206 38 79 
9 9 725 661 1385 1150 627 206 42 79 
9 9 725 661 1385 1151 630 206 38 79 
9 9 725 661 1385 1152 629 206 42 79 
9 9 725 661 1385 1153 631 206 40 79 
9 9 725 661 1385 1154 630 206 44 79 
9 9 725 661 1385 1155 633 206 40 79 
9 9 725 661 1385 1156 635 206 38 79 
9 9 725 661 1385 1157 634 206 42 79 
9 9 725 661 1385 1158 637 206 38 79 
9 9 725 661 1385 1159 636 206 42 79 
9 9 725 661 1385 1160 638 206 40 79 
9 9 725 661 1385 1161 640 206 40 79 
9 9 725 661 1385 1162 640 206 40 79 
9 9 725 661 1385 1163 642 206 40 79 
9 9 725 661 1385 1164 641 206 42 79 
9 9 725 661 1385 1165 644 206 38 79 
9 9 725 661 1385 1166 646 206 38 79 
9 9 725 661 1385 1167 646 206 38 79 
9 9 725 661 1385 1168 647 206 40 79 
9 9 725 661 1385 1169 647 206 40 79 
9 9 725 661 1385 1170 649 206 40 79 
9 9 725 661 1385 1171 651 206 38 79 
9 9 725 661 1385 1172 651 206 38 79 
9 9 725 661 1385 1173 653 206 38 79 
9 9 725 661 1385 1174 653 206 38 79 
9 9 725 661 1385 1175 654 206 40 79 
9 9 725 661 1385 1176 656 206 40 79 
9 9 725 661 1385 1177 656 204 40 81 
9 9 725 661 1385 1178 656 204 40 81 
9 9 725 661 1385 1179 658 204 40 81 
9 9 725 661 1385 1180 658 204 40 81 
9 9 725 661 1385 1181 660 204 38 81 
9 9 725 661 1385 1182 660 204 38 81 
9 9 725 661 1385 1183 660 204 38 81 
9 9 725 661 1385 1184 662 204 38 81 
9 9 725 661 1385 1185 662 202 38 81 
9 9 725 661 1385 1186 663 202 40 81 
9 9 725 661 1385 1187 663 202 40 81 
9 9 725 661 1385 1188 665 202 40 81 
9 9 725 661 1385 1189 665 202 40 81 
9 9 725 661 1385 1190 665 202 40 81 
9 9 725 661 1385 1191 667 202 38 81 
9 9 725 661 1385 1192 667 202 38 81 
9 9 725 661 1385 1193 669 201 38 79 
9 9 725 661 1385 1194 669 201 38 79 
9 9 725 661 1385 1195 669 201 38 79 
9 9 725 661 1385 1196 670 201 40 79 
9 9 725 661 1385 1197 670 201 40 79 
9 9 725 661 1385 1198 672 201 40 79 
9 9 725 661 1385 1199 672 201 40 79 
9 9 725 661 1385 1200 674 201 40 79 
9 9 725 661 1385 1201 674 199 40 79 
9 9 725 661 1385 1202 673 199 42 79 
9 9 725 661 1385 1203 676 199 38 79 
9 9 725 661 1385 1204 675 199 42 79 
9 9 725 661 1385 1205 678 199 38 79 
9 9 725 661 1385 1206 677 199 42 79 
9 9 725 661 1385 1207 679 199 40 79 
9 9 725 661 1385 1208 678 199 44 79 
9 9 725 661 1385 1209 681 199 40 79 
9 9 725 661 1385 1210 680 199 42 79 
9 9 725 661 1385 1211 683 199 38 79 
9 9 725 661 1385 1212 682 199 42 79 
9 9 725 661 1385 1213 685 199 38 79 
9 9 725 661 1385 1214 684 199 42 79 
9 9 725 661 1385 1215 686 199 40 79 
9 9 725 661 1385 1216 685 199 44 79 
9 9 725 661 1385 1217 688 199 40 79 
9 9 725 661 1385 1218 687 199 44 79 
9 9 725 661 1385 1219 690 199 40 79 
9 9 725 661 1385 1220 689 199 42 79 
9 9 725 661 1385 1221 692 199 38 79 
9 9 725 661 1385 1222 691 199 42 79 
9 9 725 661 1385 1223 694 199 38 79 
9 9 725 661 1385 1224 693 199 42 79 
9 9 725 661 1385 1225 695 199 40 79 
9 9 725 661 1385 1226 694 199 44 79 
9 9 725 661 1385 1227 697 199 40 79 
9 9 725 661 1385 1228 696 199 42 79 
9 9 725 661 1385 1229 699 199 38 79 
9 9 725 661 1385 1230 698 199 42 79 
9 9 725 661 1385 1231 701 199 38 79 
9 9 725 661 1385 1232 700 199 42 79 
9 9 725 661 1385 1233 702 199 40 79 
9 9 725 661 1385 1234 701 199 44 79 
9 9 725 661 1385 1235 704 199 40 79 
9 9 725 661 1385 1236 703 199 44 79 
9 9 725 661 1385 1237 706 199 40 79 
9 9 725 661 1385 1238 705 199 42 79 
9 9 725 661 1385 1239 708 199 38 79 
9 9 725 661 1385 1240 707 199 42 79 
9 9 725 661 1385 1241 710 199 38 79 
9 9 725 661 1385 1242 709 199 42 79 
9 9 725 661 1385 1243 711 199 40 79 
9 9 725 661 1385 1244 710 199 44 79 
9 9 725 661 1385 1245 710 200 44 76 
9 9 725 661 1385 1246 712 200 42 76 
9 9 725 661 1385 1247 712 200 42 76 
9 9 725 661 1385 1248 714 200 42 76 
9 9 725 661 1385 1249 714 200 42 76 
9 9 725 661 1385 1250 716 200 42 76 
9 9 725 661 1385 1251 716 200 42 76 
9 9 725 661 1385 1252 717 200 44 76 
9 9 725 661 1385 1253 717 200 44 76 
9 9 725 661 1385 1254 719 200 44 76 
9 9 725 661 1385 1255 719 200 44 76 
9 9 725 661 1385 1256 721 200 42 76 
9 9 725 661 1385 1257 721 200 42 76 
9 9 725 661 1385 1258 723 200 42 76 
9 9 725 661 1385 1259 723 200 42 76 
9 9 725 661 1385 1260 725 197 42 79 
9 9 725 661 1385 1261 725 197 42 79 
9 9 725 661 1385 1262 726 197 44 79 
9 9 725 661 1385 1263 726 197 44 79 
9 9 725 661 1385 1264 728 197 42 79 
9 9 725 661 1385 1265 728 197 42 79 
9 9 725 661 1385 1266 730 197 42 79 
9 9 725 661 1385 1267 730 197 42 79 
9 9 725 661 1385 1268 732 197 42 79 
9 9 725 661 1385 1269 732 197 42 79 
9 9 725 661 1385 1270 733 197 44 79 
9 9 725 661 1385 1271 733 197 44 79 
9 9 725 661 1385 1272 735 197 44 79 
9 9 725 661 1385 1273 735 197 44 79 
9 9 725 661 1385 1274 737 197 42 79 
9 9 725 661 1385 1275 737 197 42 79 
9 9 725 661 1385 1276 739 197 42 79 
9 9 725 661 1385 1277 739 197 42 79 
9 9 725 661 1385 1278 741 197 42 79 
9 9 725 661 1385 1279 741 197 42 79 
9 9 725 661 1385 1280 742 197 44 79 
9 9 725 661 1385 1281 742 197 44 79 
9 9 725 661 1385 1282 744 197 42 79 
9 9 725 661 1385 1283 744 197 42 79 
9 9 725 661 1385 1284 746 197 42 79 
9 9 725 661 1385 1285 746 197 42 79 
9 9 725 661 1385 1286 748 197 42 79 
9 9 725 661 1385 1287 748 197 42 79 
9 9 725 661 1385 1288 749 197 44 79 
9 9 725 661 1385 1289 749 197 44 79 
9 9 725 661 1385 1290 748 198 48 78 
9 9 725 661 1385 1291 751 198 44 78 
9 9 725 661 1385 1292 750 198 46 78 
9 9 725 661 1385 1293 753 198 42 78 
9 9 725 661 1385 1294 752 198 46 78 
9 9 725 661 1385 1295 755 198 42 78 
9 9 725 661 1385 1296 754 198 46 78 
9 9 725 661 1385 1297 757 198 42 78 
9 9 725 661 1385 1298 756 198 46 78 
9 9 725 661 1385 1299 758 198 44 78 
9 9 725 661 1385 1300 757 198 46 78 
9 9 725 661 1385 1301 760 198 42 78 
9 9 725 661 1385 1302 759 198 46 78 
9 9 725 661 1385 1303 762 198 42 78 
9 9 725 661 1385 1304 761 198 46 78 
9 9 725 661 1385 1305 764 198 42 78 
9 9 725 661 1385 1306 763 198 46 78 
9 9 725 661 1385 1307 765 198 44 78 
9 9 725 661 1385 1308 764 198 48 78 
9 9 725 661 1385 1309 767 198 44 78 
9 9 725 661 1385 1310 766 198 46 78 
9 9 725 661 1385 1311 769 198 42 78 
9 9 725 661 1385 1312 768 198 46 78 
9 9 725 661 1385 1313 771 198 42 78 
9 9 725 661 1385 1314 770 198 46 78 
9 9 725 661 1385 1315 773 198 42 78 
9 9 725 661 1385 1316 772 198 46 78 
9 9 725 661 1385 1317 774 198 44 78 
9 9 725 661 1385 1318 773 198 46 78 
9 9 725 661 1385 1319 776 195 42 81 
9 9 725 661 1385 1320 775 195 46 81 
9 9 725 661 1385 1321 778 195 42 81 
9 9 725 661 1385 1322 777 195 46 81 
9 9 725 661 1385 1323 780 195 42 81 
9 9 725 661 1385 1324 779 195 46 81 
9 9 725 661 1385 1325 781 195 44 81 
9 9 725 661 1385 1326 780 195 48 81 
9 9 725 661 1385 1327 783 195 44 81 
9 9 725 661 1385 1328 782 195 46 81 
9 9 725 661 1385 1329 785 195 42 81 
9 9 725 661 1385 1330 784 195 46 81 
9 9 725 661 1385 1331 787 195 42 81 
9 9 725 661 1385 1332 786 195 46 81 
9 9 725 661 1385 1333 789 195 42 81 
9 9 725 661 1385 1334 788 196 46 78 
9 9 725 661 1385 1335 788 196 46 78 
9 9 725 661 1385 1336 789 196 46 78 
9 9 725 661 1385 1337 789 196 46 78 
9 9 725 661 1385 1338 791 196 46 78 
9 9 725 661 1385 1339 791 196 46 78 
9 9 725 661 1385 1340 793 196 46 78 
9 9 725 661 1385 1341 793 196 46 78 
9 9 725 661 1385 1342 795 196 46 78 
9 9 725 661 1385 1343 795 196 46 78 
9 9 725 661 1385 1344 796 196 48 78 
9 9 725 661 1385 1345 796 196 48 78 
9 9 725 661 1385 1346 798 196 46 78 
9 9 725 661 1385 1347 798 196 46 78 
9 9 725 661 1385 1348 800 196 46 78 
9 9 725 661 1385 1349 800 196 46 78 
9 9 725 661 1385 1350 802 196 46 78 
9 9 725 661 1385 1351 802 196 46 78 
9 9 725 661 1385 1352 804 196 46 78 
9 9 725 661 1385 1353 804 196 46 78 
9 9 725 661 1385 1354 805 196 46 78 
9 9 725 661 1385 1355 805 196 46 78 
9 9 725 661 1385 1356 807 196 46 78 
9 9 725 661 1385 1357 807 196 46 78 
9 9 725 661 1385 1358 809 196 46 78 
9 9 725 661 1385 1359 809 196 46 78 
9 9 725 661 1385 1360 811 196 46 78 
9 9 725 661 1385 1361 811 196 46 78 
9 9 725 661 1385 1362 812 196 48 78 
9 9 725 661 1385 1363 812 196 48 78 
9 9 725 661 1385 1364 814 196 46 78 
9 9 725 661 1385 1365 814 196 46 78 
9 9 725 661 1385 1366 816 196 46 78 
9 9 725 661 1385 1367 816 196 46 78 
9 9 725 661 1385 1368 818 196 46 78 
9 9 725 661 1385 1369 818 196 46 78 
9 9 725 661 1385 1370 820 196 46 78 
9 9 725 661 1385 1371 820 196 46 78 
9 9 725 661 1385 1372 821 196 46 78 
9 9 725 661 1385 1373 821 196 46 78 
9 9 725 661 1385 1374 823 196 46 78 
9 9 725 661 1385 1375 823 196 46 78 
9 9 725 661 1385 1376 825 196 46 78 
9 9 725 661 1385 1377 825 196 46 78 
9 9 725 661 1385 1378 827 196 46 78 
9 9 725 661 1385 1379 827 195 46 76 
9 9 725 661 1385 1380 827 195 46 76 
9 9 725 661 1385 1381 828 195 48 76 
9 9 725 661 1385 1382 828 195 48 76 
9 9 725 661 1385 1383 828 195 48 76 
9 9 725 661 1385 1384 830 195 46 76 
9 9 725 661 1385 1385 830 195 46 76 
