14 9 647 0 646 0 19 386 82 112 
14 9 647 0 646 1 21 386 82 112 
14 9 647 0 646 2 23 386 82 112 
14 9 647 0 646 3 25 386 82 112 
14 9 647 0 646 4 27 386 84 112 
14 9 647 0 646 5 27 386 86 112 
14 9 647 0 646 6 29 386 86 112 
14 9 647 0 646 7 31 386 88 112 
14 9 647 0 646 8 33 386 88 112 
14 9 647 0 646 9 33 386 90 112 
14 9 647 0 646 10 35 386 90 112 
14 9 647 0 646 11 37 386 92 112 
14 9 647 0 646 12 39 386 92 112 
14 9 647 0 646 13 41 386 92 112 
14 9 647 0 646 14 44 388 92 111 
14 9 647 0 646 15 50 386 84 112 
14 9 647 0 646 16 53 386 82 112 
14 9 647 0 646 17 58 386 78 112 
14 9 647 0 646 18 62 384 76 112 
14 9 647 0 646 19 67 384 70 112 
14 9 647 0 646 20 74 384 64 112 
14 9 647 0 646 21 76 382 64 112 
14 9 647 0 646 22 78 382 64 109 
14 9 647 0 646 23 80 381 64 111 
14 9 647 0 646 24 83 382 64 108 
14 9 647 0 646 25 85 379 64 111 
14 9 647 0 646 26 87 379 64 109 
14 9 647 0 646 27 90 377 64 112 
14 9 647 0 646 28 92 377 64 109 
14 9 647 0 646 29 94 375 64 112 
14 9 647 0 646 30 97 375 64 109 
14 9 647 0 646 31 99 373 64 112 
14 9 647 0 646 32 101 373 64 109 
14 9 647 0 646 33 104 373 64 109 
14 9 647 0 646 34 101 372 76 109 
14 9 647 0 646 35 101 372 82 109 
14 9 647 0 646 36 102 372 88 109 
14 9 647 0 646 37 105 370 84 109 
14 9 647 0 646 38 107 370 84 109 
14 9 647 0 646 39 107 370 86 109 
14 9 647 0 646 40 113 371 78 106 
14 9 647 0 646 41 115 368 78 109 
14 9 647 0 646 42 116 368 80 109 
14 9 647 0 646 43 119 369 76 106 
14 9 647 0 646 44 124 369 70 106 
14 9 647 0 646 45 126 366 70 109 
14 9 647 0 646 46 128 367 68 106 
14 9 647 0 646 47 130 367 68 106 
14 9 647 0 646 48 135 367 64 106 
14 9 647 0 646 49 136 366 62 106 
14 9 647 0 646 50 139 366 60 106 
14 9 647 0 646 51 141 366 60 106 
14 9 647 0 646 52 146 366 56 106 
14 9 647 0 646 53 146 364 56 106 
14 9 647 0 646 54 146 364 58 106 
14 9 647 0 646 55 148 364 58 103 
14 9 647 0 646 56 148 362 60 106 
14 9 647 0 646 57 150 362 60 106 
14 9 647 0 646 58 153 362 56 103 
14 9 647 0 646 59 152 360 60 106 
14 9 647 0 646 60 152 360 62 105 
14 9 647 0 646 61 155 360 60 105 
14 9 647 0 646 62 157 360 60 105 
14 9 647 0 646 63 157 358 60 105 
14 9 647 0 646 64 157 358 60 105 
14 9 647 0 646 65 159 358 60 105 
14 9 647 0 646 66 159 359 60 102 
14 9 647 0 646 67 158 357 64 103 
14 9 647 0 646 68 161 357 60 103 
14 9 647 0 646 69 160 357 64 103 
14 9 647 0 646 70 161 358 62 100 
14 9 647 0 646 71 161 358 64 100 
14 9 647 0 646 72 161 355 64 103 
14 9 647 0 646 73 164 356 60 100 
14 9 647 0 646 74 163 356 64 100 
14 9 647 0 646 75 166 356 60 100 
14 9 647 0 646 76 165 353 64 103 
14 9 647 0 646 77 165 354 64 102 
14 9 647 0 646 78 167 354 64 102 
14 9 647 0 646 79 167 354 64 102 
14 9 647 0 646 80 168 354 64 102 
14 9 647 0 646 81 168 352 64 102 
14 9 647 0 646 82 170 352 64 102 
14 9 647 0 646 83 170 352 64 102 
14 9 647 0 646 84 172 352 64 102 
14 9 647 0 646 85 172 351 64 100 
14 9 647 0 646 86 174 351 64 100 
14 9 647 0 646 87 176 351 64 100 
14 9 647 0 646 88 176 351 64 100 
14 9 647 0 646 89 177 351 64 100 
14 9 647 0 646 90 177 349 64 100 
14 9 647 0 646 91 179 349 64 100 
14 9 647 0 646 92 179 349 64 100 
14 9 647 0 646 93 181 349 64 100 
14 9 647 0 646 94 183 349 64 100 
14 9 647 0 646 95 183 347 64 102 
14 9 647 0 646 96 184 347 64 102 
14 9 647 0 646 97 184 347 64 102 
14 9 647 0 646 98 186 347 64 102 
14 9 647 0 646 99 186 345 64 102 
14 9 647 0 646 100 188 345 64 102 
14 9 647 0 646 101 190 345 64 102 
14 9 647 0 646 102 190 345 64 102 
14 9 647 0 646 103 192 345 64 102 
14 9 647 0 646 104 192 343 64 102 
14 9 647 0 646 105 193 343 64 102 
14 9 647 0 646 106 195 343 64 102 
14 9 647 0 646 107 195 343 64 102 
14 9 647 0 646 108 197 343 64 102 
14 9 647 0 646 109 197 342 64 100 
14 9 647 0 646 110 199 342 64 100 
14 9 647 0 646 111 199 342 64 100 
14 9 647 0 646 112 200 342 64 100 
14 9 647 0 646 113 202 342 64 100 
14 9 647 0 646 114 202 340 64 100 
14 9 647 0 646 115 204 340 64 100 
14 9 647 0 646 116 204 340 64 100 
14 9 647 0 646 117 206 340 64 100 
14 9 647 0 646 118 206 338 64 102 
14 9 647 0 646 119 208 338 64 102 
14 9 647 0 646 120 209 338 64 102 
14 9 647 0 646 121 209 338 64 102 
14 9 647 0 646 122 211 338 64 102 
14 9 647 0 646 123 211 336 64 102 
14 9 647 0 646 124 213 336 64 102 
14 9 647 0 646 125 213 336 64 102 
14 9 647 0 646 126 215 336 64 102 
14 9 647 0 646 127 216 336 64 102 
14 9 647 0 646 128 216 335 64 100 
14 9 647 0 646 129 218 335 64 100 
14 9 647 0 646 130 218 335 64 100 
14 9 647 0 646 131 220 335 64 100 
14 9 647 0 646 132 222 335 64 100 
14 9 647 0 646 133 222 333 64 100 
14 9 647 0 646 134 224 333 64 100 
14 9 647 0 646 135 224 333 64 100 
14 9 647 0 646 136 225 333 64 100 
14 9 647 0 646 137 225 331 64 102 
14 9 647 0 646 138 227 331 64 102 
14 9 647 0 646 139 229 331 64 102 
14 9 647 0 646 140 229 331 64 102 
14 9 647 0 646 141 231 331 64 102 
14 9 647 0 646 142 231 329 64 102 
14 9 647 0 646 143 232 329 64 102 
14 9 647 0 646 144 232 329 64 102 
14 9 647 0 646 145 234 329 64 102 
14 9 647 0 646 146 236 329 64 102 
14 9 647 0 646 147 236 327 64 102 
14 9 647 0 646 148 238 327 64 102 
14 9 647 0 646 149 238 327 64 102 
14 9 647 0 646 150 240 327 64 102 
14 9 647 0 646 151 241 327 64 102 
14 9 647 0 646 152 241 326 64 100 
14 9 647 0 646 153 243 326 64 100 
14 9 647 0 646 154 243 324 64 100 
14 9 647 0 646 155 245 324 64 100 
14 9 647 0 646 156 245 324 64 100 
14 9 647 0 646 157 247 322 64 102 
14 9 647 0 646 158 247 322 64 102 
14 9 647 0 646 159 248 322 64 102 
14 9 647 0 646 160 248 320 64 102 
14 9 647 0 646 161 250 320 64 102 
14 9 647 0 646 162 252 320 64 102 
14 9 647 0 646 163 254 319 64 100 
14 9 647 0 646 164 254 319 64 100 
14 9 647 0 646 165 256 319 64 100 
14 9 647 0 646 166 257 317 64 100 
14 9 647 0 646 167 259 317 64 100 
14 9 647 0 646 168 261 317 64 100 
14 9 647 0 646 169 261 315 64 102 
14 9 647 0 646 170 261 315 64 102 
14 9 647 0 646 171 261 315 64 102 
14 9 647 0 646 172 263 315 64 99 
14 9 647 0 646 173 263 313 64 102 
14 9 647 0 646 174 263 313 64 102 
14 9 647 0 646 175 263 313 64 102 
14 9 647 0 646 176 264 313 64 99 
14 9 647 0 646 177 264 311 64 102 
14 9 647 0 646 178 264 311 64 102 
14 9 647 0 646 179 266 311 64 99 
14 9 647 0 646 180 266 311 64 99 
14 9 647 0 646 181 266 310 64 100 
14 9 647 0 646 182 266 310 64 100 
14 9 647 0 646 183 268 310 64 97 
14 9 647 0 646 184 268 310 64 97 
14 9 647 0 646 185 268 310 64 97 
14 9 647 0 646 186 270 308 64 99 
14 9 647 0 646 187 270 308 64 99 
14 9 647 0 646 188 270 308 64 99 
14 9 647 0 646 189 270 308 64 99 
14 9 647 0 646 190 272 306 64 99 
14 9 647 0 646 191 272 306 64 99 
14 9 647 0 646 192 272 306 64 99 
14 9 647 0 646 193 273 307 64 96 
14 9 647 0 646 194 273 304 64 99 
14 9 647 0 646 195 273 304 64 99 
14 9 647 0 646 196 273 304 64 99 
14 9 647 0 646 197 275 305 64 96 
14 9 647 0 646 198 275 303 64 97 
14 9 647 0 646 199 275 303 64 97 
14 9 647 0 646 200 277 304 64 96 
14 9 647 0 646 201 277 304 64 96 
14 9 647 0 646 202 277 304 64 96 
14 9 647 0 646 203 277 301 64 99 
14 9 647 0 646 204 279 302 64 96 
14 9 647 0 646 205 279 302 64 96 
14 9 647 0 646 206 279 302 64 96 
14 9 647 0 646 207 280 300 64 96 
14 9 647 0 646 208 280 300 64 96 
14 9 647 0 646 209 280 300 64 96 
14 9 647 0 646 210 280 300 64 96 
14 9 647 0 646 211 282 298 64 96 
14 9 647 0 646 212 282 298 64 96 
14 9 647 0 646 213 282 298 64 96 
14 9 647 0 646 214 282 298 64 96 
14 9 647 0 646 215 284 296 64 96 
14 9 647 0 646 216 284 296 64 96 
14 9 647 0 646 217 284 296 64 96 
14 9 647 0 646 218 286 296 64 94 
14 9 647 0 646 219 286 296 64 94 
14 9 647 0 646 220 286 295 64 96 
14 9 647 0 646 221 286 295 64 96 
14 9 647 0 646 222 288 295 64 93 
14 9 647 0 646 223 288 295 64 93 
14 9 647 0 646 224 288 293 64 96 
14 9 647 0 646 225 289 293 64 93 
14 9 647 0 646 226 289 293 64 93 
14 9 647 0 646 227 289 293 64 93 
14 9 647 0 646 228 289 291 64 96 
14 9 647 0 646 229 291 291 64 93 
14 9 647 0 646 230 291 291 64 93 
14 9 647 0 646 231 291 291 64 93 
14 9 647 0 646 232 293 289 64 94 
14 9 647 0 646 233 293 289 64 94 
14 9 647 0 646 234 293 289 64 94 
14 9 647 0 646 235 293 289 64 94 
14 9 647 0 646 236 295 289 64 91 
14 9 647 0 646 237 295 288 64 93 
14 9 647 0 646 238 295 288 64 93 
14 9 647 0 646 239 296 289 64 90 
14 9 647 0 646 240 296 289 64 90 
14 9 647 0 646 241 296 286 64 93 
14 9 647 0 646 242 296 286 64 93 
14 9 647 0 646 243 298 287 64 90 
14 9 647 0 646 244 298 287 64 90 
14 9 647 0 646 245 298 284 64 93 
14 9 647 0 646 246 300 285 64 90 
14 9 647 0 646 247 300 285 64 90 
14 9 647 0 646 248 300 285 64 90 
14 9 647 0 646 249 300 282 64 93 
14 9 647 0 646 250 302 282 64 91 
14 9 647 0 646 251 302 282 64 91 
14 9 647 0 646 252 302 282 64 91 
14 9 647 0 646 253 304 282 64 91 
14 9 647 0 646 254 304 280 64 91 
14 9 647 0 646 255 304 280 64 91 
14 9 647 0 646 256 304 281 64 88 
14 9 647 0 646 257 304 281 64 88 
14 9 647 0 646 258 305 280 64 90 
14 9 647 0 646 259 305 280 64 87 
14 9 647 0 646 260 305 280 64 87 
14 9 647 0 646 261 305 280 64 87 
14 9 647 0 646 262 307 280 64 85 
14 9 647 0 646 263 307 278 64 88 
14 9 647 0 646 264 307 278 64 88 
14 9 647 0 646 265 307 278 64 85 
14 9 647 0 646 266 309 278 64 85 
14 9 647 0 646 267 309 279 64 82 
14 9 647 0 646 268 309 276 64 85 
14 9 647 0 646 269 309 276 64 85 
14 9 647 0 646 270 309 277 64 82 
14 9 647 0 646 271 311 277 64 82 
14 9 647 0 646 272 311 274 64 85 
14 9 647 0 646 273 311 275 64 82 
14 9 647 0 646 274 311 275 64 82 
14 9 647 0 646 275 312 275 64 82 
14 9 647 0 646 276 312 275 64 81 
14 9 647 0 646 277 312 274 64 82 
14 9 647 0 646 278 312 274 64 79 
14 9 647 0 646 279 314 274 64 79 
14 9 647 0 646 280 314 274 64 79 
14 9 647 0 646 281 314 275 64 76 
14 9 647 0 646 282 314 272 64 79 
14 9 647 0 646 283 316 272 64 79 
14 9 647 0 646 284 316 273 64 76 
14 9 647 0 646 285 316 273 64 76 
14 9 647 0 646 286 316 270 64 79 
14 9 647 0 646 287 316 271 64 78 
14 9 647 0 646 288 318 271 64 78 
14 9 647 0 646 289 318 271 64 75 
14 9 647 0 646 290 318 271 64 75 
14 9 647 0 646 291 318 269 64 78 
14 9 647 0 646 292 320 269 64 75 
14 9 647 0 646 293 320 269 64 75 
14 9 647 0 646 294 320 269 64 75 
14 9 647 0 646 295 320 270 64 72 
14 9 647 0 646 296 321 267 64 75 
14 9 647 0 646 297 321 267 64 75 
14 9 647 0 646 298 321 268 64 72 
14 9 647 0 646 299 321 268 64 72 
14 9 647 0 646 300 323 268 64 72 
14 9 647 0 646 301 323 266 64 73 
14 9 647 0 646 302 323 266 64 73 
14 9 647 0 646 303 326 266 60 73 
14 9 647 0 646 304 326 266 60 73 
14 9 647 0 646 305 325 266 64 73 
14 9 647 0 646 306 328 266 60 73 
14 9 647 0 646 307 328 266 60 73 
14 9 647 0 646 308 329 266 58 73 
14 9 647 0 646 309 328 266 62 76 
14 9 647 0 646 310 328 263 62 79 
14 9 647 0 646 311 331 263 58 79 
14 9 647 0 646 312 331 263 58 79 
14 9 647 0 646 313 334 263 54 79 
14 9 647 0 646 314 334 263 56 79 
14 9 647 0 646 315 334 263 56 79 
14 9 647 0 646 316 337 263 52 79 
14 9 647 0 646 317 337 263 52 79 
14 9 647 0 646 318 339 263 52 82 
14 9 647 0 646 319 339 261 52 82 
14 9 647 0 646 320 339 261 52 82 
14 9 647 0 646 321 339 259 52 82 
14 9 647 0 646 322 339 259 52 82 
14 9 647 0 646 323 339 259 52 82 
14 9 647 0 646 324 339 258 54 82 
14 9 647 0 646 325 339 258 54 82 
14 9 647 0 646 326 339 258 54 82 
14 9 647 0 646 327 339 256 54 82 
14 9 647 0 646 328 339 256 54 82 
14 9 647 0 646 329 339 256 54 82 
14 9 647 0 646 330 341 254 54 82 
14 9 647 0 646 331 341 254 54 82 
14 9 647 0 646 332 341 254 54 82 
14 9 647 0 646 333 341 252 54 82 
14 9 647 0 646 334 341 252 54 82 
14 9 647 0 646 335 341 252 54 82 
14 9 647 0 646 336 343 250 54 84 
14 9 647 0 646 337 343 250 54 84 
14 9 647 0 646 338 343 250 54 84 
14 9 647 0 646 339 343 249 54 82 
14 9 647 0 646 340 343 249 54 82 
14 9 647 0 646 341 343 249 54 82 
14 9 647 0 646 342 346 247 52 82 
14 9 647 0 646 343 346 247 52 82 
14 9 647 0 646 344 346 247 52 82 
14 9 647 0 646 345 346 245 52 82 
14 9 647 0 646 346 346 245 52 82 
14 9 647 0 646 347 346 245 52 82 
14 9 647 0 646 348 346 243 54 82 
14 9 647 0 646 349 346 243 54 82 
14 9 647 0 646 350 346 243 54 82 
14 9 647 0 646 351 346 242 54 82 
14 9 647 0 646 352 346 242 54 82 
14 9 647 0 646 353 348 242 54 82 
14 9 647 0 646 354 348 240 54 82 
14 9 647 0 646 355 348 240 54 82 
14 9 647 0 646 356 350 240 54 82 
14 9 647 0 646 357 350 240 54 82 
14 9 647 0 646 358 350 240 54 82 
14 9 647 0 646 359 353 240 52 82 
14 9 647 0 646 360 353 240 52 79 
14 9 647 0 646 361 353 240 52 79 
14 9 647 0 646 362 355 240 52 79 
14 9 647 0 646 363 355 240 52 79 
14 9 647 0 646 364 355 240 52 79 
14 9 647 0 646 365 355 240 54 79 
14 9 647 0 646 366 355 241 54 76 
14 9 647 0 646 367 355 241 54 76 
14 9 647 0 646 368 357 241 54 76 
14 9 647 0 646 369 357 241 54 76 
14 9 647 0 646 370 357 238 54 79 
14 9 647 0 646 371 359 238 54 79 
14 9 647 0 646 372 359 239 54 78 
14 9 647 0 646 373 359 239 54 78 
14 9 647 0 646 374 362 239 52 78 
14 9 647 0 646 375 362 239 52 78 
14 9 647 0 646 376 362 239 52 78 
14 9 647 0 646 377 362 239 54 78 
14 9 647 0 646 378 362 239 54 75 
14 9 647 0 646 379 362 239 54 75 
14 9 647 0 646 380 364 239 54 75 
14 9 647 0 646 381 364 239 54 75 
14 9 647 0 646 382 364 239 54 75 
14 9 647 0 646 383 366 239 54 75 
14 9 647 0 646 384 366 240 54 72 
14 9 647 0 646 385 366 240 54 72 
14 9 647 0 646 386 369 240 52 72 
14 9 647 0 646 387 369 237 52 75 
14 9 647 0 646 388 371 237 52 75 
14 9 647 0 646 389 371 237 52 75 
14 9 647 0 646 390 371 238 52 72 
14 9 647 0 646 391 371 238 54 72 
14 9 647 0 646 392 371 238 54 72 
14 9 647 0 646 393 371 238 54 72 
14 9 647 0 646 394 373 238 54 72 
14 9 647 0 646 395 373 238 54 72 
14 9 647 0 646 396 373 238 54 69 
14 9 647 0 646 397 375 238 54 69 
14 9 647 0 646 398 375 238 54 69 
14 9 647 0 646 399 375 238 54 69 
14 9 647 0 646 400 378 238 52 69 
14 9 647 0 646 401 378 238 52 69 
14 9 647 0 646 402 378 238 52 67 
14 9 647 0 646 403 378 238 54 67 
14 9 647 0 646 404 378 236 54 70 
14 9 647 0 646 405 378 236 54 70 
14 9 647 0 646 406 380 236 54 70 
14 9 647 0 646 407 380 236 54 70 
14 9 647 0 646 408 380 236 54 67 
14 9 647 0 646 409 382 236 54 67 
14 9 647 0 646 410 382 236 54 67 
14 9 647 0 646 411 382 236 54 67 
14 9 647 0 646 412 385 236 52 67 
14 9 647 0 646 413 385 236 52 67 
14 9 647 0 646 414 385 237 52 64 
14 9 647 0 646 415 387 237 52 64 
14 9 647 0 646 416 387 237 52 64 
14 9 647 0 646 417 387 237 52 64 
14 9 647 0 646 418 387 237 54 64 
14 9 647 0 646 419 387 237 54 64 
14 9 647 0 646 420 389 237 54 64 
14 9 647 0 646 421 389 236 54 63 
14 9 647 0 646 422 389 236 54 63 
14 9 647 0 646 423 391 236 54 63 
14 9 647 0 646 424 391 236 54 63 
14 9 647 0 646 425 391 236 54 63 
14 9 647 0 646 426 394 236 52 63 
14 9 647 0 646 427 394 236 52 63 
14 9 647 0 646 428 394 236 54 63 
14 9 647 0 646 429 394 236 54 63 
14 9 647 0 646 430 394 234 54 64 
14 9 647 0 646 431 396 234 54 64 
14 9 647 0 646 432 396 234 54 64 
14 9 647 0 646 433 398 234 54 64 
14 9 647 0 646 434 398 234 54 64 
14 9 647 0 646 435 398 234 54 64 
14 9 647 0 646 436 401 234 52 64 
14 9 647 0 646 437 401 234 52 64 
14 9 647 0 646 438 403 234 52 64 
14 9 647 0 646 439 403 234 52 64 
14 9 647 0 646 440 403 232 52 64 
14 9 647 0 646 441 403 232 54 64 
14 9 647 0 646 442 403 232 54 64 
14 9 647 0 646 443 405 232 54 64 
14 9 647 0 646 444 405 232 54 64 
14 9 647 0 646 445 405 232 54 64 
14 9 647 0 646 446 407 232 54 64 
14 9 647 0 646 447 407 232 54 64 
14 9 647 0 646 448 410 232 52 64 
14 9 647 0 646 449 410 232 52 64 
14 9 647 0 646 450 410 230 52 64 
14 9 647 0 646 451 410 230 54 64 
14 9 647 0 646 452 410 230 54 64 
14 9 647 0 646 453 412 230 54 64 
14 9 647 0 646 454 412 230 54 64 
14 9 647 0 646 455 412 230 54 64 
14 9 647 0 646 456 414 230 54 64 
14 9 647 0 646 457 414 230 54 64 
14 9 647 0 646 458 414 230 54 64 
14 9 647 0 646 459 417 230 52 64 
14 9 647 0 646 460 417 229 52 63 
14 9 647 0 646 461 419 229 52 63 
14 9 647 0 646 462 419 229 52 63 
14 9 647 0 646 463 419 229 52 63 
14 9 647 0 646 464 419 229 54 63 
14 9 647 0 646 465 419 229 54 63 
14 9 647 0 646 466 421 229 54 63 
14 9 647 0 646 467 421 229 54 63 
14 9 647 0 646 468 421 229 54 63 
14 9 647 0 646 469 423 229 54 63 
14 9 647 0 646 470 423 227 54 63 
14 9 647 0 646 471 426 227 52 63 
14 9 647 0 646 472 426 227 52 63 
14 9 647 0 646 473 426 227 52 63 
14 9 647 0 646 474 426 227 54 63 
14 9 647 0 646 475 426 227 54 63 
14 9 647 0 646 476 428 227 54 63 
14 9 647 0 646 477 428 227 54 63 
14 9 647 0 646 478 428 227 54 63 
14 9 647 0 646 479 430 227 54 63 
14 9 647 0 646 480 430 225 54 64 
14 9 647 0 646 481 433 225 52 64 
14 9 647 0 646 482 433 225 52 64 
14 9 647 0 646 483 433 225 52 64 
14 9 647 0 646 484 435 225 52 64 
14 9 647 0 646 485 435 225 52 64 
14 9 647 0 646 486 435 225 54 64 
14 9 647 0 646 487 435 225 54 64 
14 9 647 0 646 488 435 225 54 64 
14 9 647 0 646 489 437 225 54 64 
14 9 647 0 646 490 437 223 54 64 
14 9 647 0 646 491 437 223 54 64 
14 9 647 0 646 492 439 223 54 64 
14 9 647 0 646 493 439 223 54 64 
14 9 647 0 646 494 442 223 52 64 
14 9 647 0 646 495 442 223 52 64 
14 9 647 0 646 496 442 223 52 64 
14 9 647 0 646 497 442 223 54 64 
14 9 647 0 646 498 442 223 54 64 
14 9 647 0 646 499 444 223 54 64 
14 9 647 0 646 500 444 221 54 64 
14 9 647 0 646 501 444 221 54 64 
14 9 647 0 646 502 446 221 54 64 
14 9 647 0 646 503 446 221 54 64 
14 9 647 0 646 504 449 221 52 64 
14 9 647 0 646 505 449 221 52 64 
14 9 647 0 646 506 449 221 52 64 
14 9 647 0 646 507 451 221 52 64 
14 9 647 0 646 508 451 221 52 64 
14 9 647 0 646 509 451 221 54 64 
14 9 647 0 646 510 451 220 54 63 
14 9 647 0 646 511 451 220 54 63 
14 9 647 0 646 512 453 220 54 63 
14 9 647 0 646 513 453 220 54 63 
14 9 647 0 646 514 455 220 54 63 
14 9 647 0 646 515 455 220 54 63 
14 9 647 0 646 516 455 220 54 63 
14 9 647 0 646 517 458 220 52 63 
14 9 647 0 646 518 458 220 52 63 
14 9 647 0 646 519 458 220 54 63 
14 9 647 0 646 520 458 220 54 63 
14 9 647 0 646 521 460 220 54 63 
14 9 647 0 646 522 462 220 54 63 
14 9 647 0 646 523 465 220 52 63 
14 9 647 0 646 524 465 220 52 63 
14 9 647 0 646 525 467 220 52 63 
14 9 647 0 646 526 467 220 54 63 
14 9 647 0 646 527 469 220 54 63 
14 9 647 0 646 528 469 220 54 63 
14 9 647 0 646 529 471 220 54 63 
14 9 647 0 646 530 474 220 52 63 
14 9 647 0 646 531 474 220 54 63 
14 9 647 0 646 532 476 220 54 63 
14 9 647 0 646 533 476 220 54 63 
14 9 647 0 646 534 478 220 54 63 
14 9 647 0 646 535 481 220 52 63 
14 9 647 0 646 536 483 220 52 63 
14 9 647 0 646 537 483 220 52 63 
14 9 647 0 646 538 483 220 54 63 
14 9 647 0 646 539 485 220 54 63 
14 9 647 0 646 540 487 220 54 63 
14 9 647 0 646 541 490 220 52 63 
14 9 647 0 646 542 490 220 52 63 
14 9 647 0 646 543 490 220 54 63 
14 9 647 0 646 544 492 220 54 63 
14 9 647 0 646 545 494 220 54 63 
14 9 647 0 646 546 494 220 54 63 
14 9 647 0 646 547 497 220 52 63 
14 9 647 0 646 548 499 220 52 63 
14 9 647 0 646 549 499 220 54 63 
14 9 647 0 646 550 501 220 54 63 
14 9 647 0 646 551 501 220 54 63 
14 9 647 0 646 552 503 220 54 63 
14 9 647 0 646 553 506 220 52 63 
14 9 647 0 646 554 506 220 54 63 
14 9 647 0 646 555 506 220 54 63 
14 9 647 0 646 556 508 220 54 63 
14 9 647 0 646 557 510 220 54 63 
14 9 647 0 646 558 513 220 52 63 
14 9 647 0 646 559 515 220 52 63 
14 9 647 0 646 560 515 218 52 64 
14 9 647 0 646 561 515 218 54 64 
14 9 647 0 646 562 517 218 54 64 
14 9 647 0 646 563 519 218 54 64 
14 9 647 0 646 564 519 218 54 64 
14 9 647 0 646 565 522 218 52 64 
14 9 647 0 646 566 522 218 54 64 
14 9 647 0 646 567 524 218 54 64 
14 9 647 0 646 568 526 218 54 64 
14 9 647 0 646 569 526 218 54 64 
14 9 647 0 646 570 529 218 52 64 
14 9 647 0 646 571 531 218 52 64 
14 9 647 0 646 572 531 218 54 64 
14 9 647 0 646 573 531 218 54 64 
14 9 647 0 646 574 533 218 54 64 
14 9 647 0 646 575 535 218 54 64 
14 9 647 0 646 576 538 218 52 64 
14 9 647 0 646 577 538 218 54 64 
14 9 647 0 646 578 538 218 54 64 
14 9 647 0 646 579 540 218 54 64 
14 9 647 0 646 580 542 216 54 64 
14 9 647 0 646 581 545 216 52 64 
14 9 647 0 646 582 545 216 52 64 
14 9 647 0 646 583 547 216 52 64 
14 9 647 0 646 584 547 216 54 64 
14 9 647 0 646 585 549 216 54 64 
14 9 647 0 646 586 551 216 54 64 
14 9 647 0 646 587 551 216 54 64 
14 9 647 0 646 588 554 216 52 64 
14 9 647 0 646 589 554 216 54 64 
14 9 647 0 646 590 556 216 54 64 
14 9 647 0 646 591 556 216 54 64 
14 9 647 0 646 592 558 216 54 64 
14 9 647 0 646 593 561 216 52 64 
14 9 647 0 646 594 563 216 52 64 
14 9 647 0 646 595 563 216 54 64 
14 9 647 0 646 596 563 216 54 64 
14 9 647 0 646 597 565 216 54 64 
14 9 647 0 646 598 567 216 54 64 
14 9 647 0 646 599 570 216 52 64 
14 9 647 0 646 600 570 216 54 64 
14 9 647 0 646 601 570 213 54 67 
14 9 647 0 646 602 572 212 54 72 
14 9 647 0 646 603 571 209 58 76 
14 9 647 0 646 604 574 206 56 82 
14 9 647 0 646 605 576 203 56 88 
14 9 647 0 646 606 576 200 56 91 
14 9 647 0 646 607 578 199 56 96 
14 9 647 0 646 608 577 196 60 100 
14 9 647 0 646 609 577 193 62 106 
14 9 647 0 646 610 580 192 60 109 
14 9 647 0 646 611 580 193 60 106 
14 9 647 0 646 612 582 195 60 103 
14 9 647 0 646 613 584 195 60 103 
14 9 647 0 646 614 585 198 58 100 
14 9 647 0 646 615 587 199 58 99 
14 9 647 0 646 616 590 199 56 99 
14 9 647 0 646 617 593 202 52 96 
14 9 647 0 646 618 595 202 52 96 
14 9 647 0 646 619 595 204 54 93 
14 9 647 0 646 620 597 207 54 90 
14 9 647 0 646 621 597 205 54 90 
14 9 647 0 646 622 599 205 54 90 
14 9 647 0 646 623 602 205 52 90 
14 9 647 0 646 624 602 205 52 90 
14 9 647 0 646 625 602 205 54 90 
14 9 647 0 646 626 604 202 54 91 
14 9 647 0 646 627 604 202 54 91 
14 9 647 0 646 628 606 202 54 91 
14 9 647 0 646 629 609 202 52 91 
14 9 647 0 646 630 611 202 52 91 
14 9 647 0 646 631 611 200 52 91 
14 9 647 0 646 632 611 200 52 91 
14 9 647 0 646 633 611 200 54 91 
14 9 647 0 646 634 611 200 54 91 
14 9 647 0 646 635 613 200 54 91 
14 9 647 0 646 636 613 200 54 90 
14 9 647 0 646 637 613 200 54 90 
14 9 647 0 646 638 615 200 54 90 
14 9 647 0 646 639 615 200 54 90 
14 9 647 0 646 640 618 200 52 90 
14 9 647 0 646 641 618 200 54 90 
14 9 647 0 646 642 622 200 54 90 
14 9 647 0 646 643 627 200 52 90 
14 9 647 0 646 644 627 200 54 90 
14 9 647 0 646 645 631 200 54 90 
14 9 647 0 646 646 634 200 54 91 
15 12 47 319 365 319 905 202 89 66 
15 12 47 319 365 320 905 202 89 66 
15 12 47 319 365 321 905 202 89 66 
15 12 47 319 365 322 905 202 89 66 
15 12 47 319 365 323 905 202 89 66 
15 12 47 319 365 324 905 202 89 66 
15 12 47 319 365 325 905 202 89 66 
15 12 47 319 365 326 905 202 89 66 
15 12 47 319 365 327 905 202 89 66 
15 12 47 319 365 328 905 202 89 66 
15 12 47 319 365 329 905 202 89 66 
15 12 47 319 365 330 905 202 89 66 
15 12 47 319 365 331 905 202 89 66 
15 12 47 319 365 332 905 202 89 66 
15 12 47 319 365 333 905 202 89 66 
15 12 47 319 365 334 905 202 89 66 
15 12 47 319 365 335 905 202 89 66 
15 12 47 319 365 336 905 202 89 66 
15 12 47 319 365 337 905 202 89 66 
15 12 47 319 365 338 905 202 89 66 
15 12 47 319 365 339 905 202 89 66 
15 12 47 319 365 340 905 202 89 66 
15 12 47 319 365 341 905 202 89 66 
15 12 47 319 365 342 905 202 89 66 
15 12 47 319 365 343 905 202 89 66 
15 12 47 319 365 344 905 202 89 66 
15 12 47 319 365 345 905 202 89 66 
15 12 47 319 365 346 905 202 89 66 
15 12 47 319 365 347 905 202 89 66 
15 12 47 319 365 348 905 202 89 66 
15 12 47 319 365 349 905 202 89 66 
15 12 47 319 365 350 905 202 89 66 
15 12 47 319 365 351 905 202 89 66 
15 12 47 319 365 352 905 202 89 66 
15 12 47 319 365 353 905 202 89 66 
15 12 47 319 365 354 905 202 89 66 
15 12 47 319 365 355 905 202 89 66 
15 12 47 319 365 356 905 202 89 66 
15 12 47 319 365 357 905 202 89 66 
15 12 47 319 365 358 905 202 89 66 
15 12 47 319 365 359 905 202 89 66 
15 12 47 319 365 360 905 202 89 66 
15 12 47 319 365 361 905 202 89 66 
15 12 47 319 365 362 905 202 89 66 
15 12 47 319 365 363 905 202 89 66 
15 12 47 319 365 364 905 202 89 66 
15 12 47 319 365 365 905 202 89 66 
16 12 47 323 369 323 918 199 80 67 
16 12 47 323 369 324 918 199 80 67 
16 12 47 323 369 325 918 199 80 67 
16 12 47 323 369 326 918 199 80 67 
16 12 47 323 369 327 918 199 80 67 
16 12 47 323 369 328 918 199 80 67 
16 12 47 323 369 329 918 199 80 67 
16 12 47 323 369 330 918 199 80 67 
16 12 47 323 369 331 918 199 80 67 
16 12 47 323 369 332 918 199 80 67 
16 12 47 323 369 333 918 199 80 67 
16 12 47 323 369 334 918 199 80 67 
16 12 47 323 369 335 918 199 80 67 
16 12 47 323 369 336 918 199 80 67 
16 12 47 323 369 337 918 199 80 67 
16 12 47 323 369 338 918 199 80 67 
16 12 47 323 369 339 918 199 80 67 
16 12 47 323 369 340 918 199 80 67 
16 12 47 323 369 341 918 199 80 67 
16 12 47 323 369 342 918 199 80 67 
16 12 47 323 369 343 918 199 80 67 
16 12 47 323 369 344 918 199 80 67 
16 12 47 323 369 345 918 199 80 67 
16 12 47 323 369 346 918 199 80 67 
16 12 47 323 369 347 918 199 80 67 
16 12 47 323 369 348 918 199 80 67 
16 12 47 323 369 349 918 199 80 67 
16 12 47 323 369 350 918 199 80 67 
16 12 47 323 369 351 918 199 80 67 
16 12 47 323 369 352 918 199 80 67 
16 12 47 323 369 353 918 199 80 67 
16 12 47 323 369 354 918 199 80 67 
16 12 47 323 369 355 918 199 80 67 
16 12 47 323 369 356 918 199 80 67 
16 12 47 323 369 357 918 199 80 67 
16 12 47 323 369 358 918 199 80 67 
16 12 47 323 369 359 918 199 80 67 
16 12 47 323 369 360 918 199 80 67 
16 12 47 323 369 361 918 199 80 67 
16 12 47 323 369 362 918 199 80 67 
16 12 47 323 369 363 918 199 80 67 
16 12 47 323 369 364 918 199 80 67 
16 12 47 323 369 365 918 199 80 67 
16 12 47 323 369 366 918 199 80 67 
16 12 47 323 369 367 918 199 80 67 
16 12 47 323 369 368 918 199 80 67 
16 12 47 323 369 369 918 199 80 67 
17 9 425 222 646 222 0 376 60 120 
17 9 425 222 646 223 0 376 62 120 
17 9 425 222 646 224 0 374 65 120 
17 9 425 222 646 225 0 374 67 120 
17 9 425 222 646 226 0 374 67 120 
17 9 425 222 646 227 0 372 69 120 
17 9 425 222 646 228 0 372 71 120 
17 9 425 222 646 229 0 371 74 120 
17 9 425 222 646 230 0 371 74 120 
17 9 425 222 646 231 2 371 74 120 
17 9 425 222 646 232 2 371 74 120 
17 9 425 222 646 233 2 371 74 120 
17 9 425 222 646 234 4 371 74 120 
17 9 425 222 646 235 4 371 74 120 
17 9 425 222 646 236 4 371 74 120 
17 9 425 222 646 237 5 371 76 120 
17 9 425 222 646 238 5 370 76 118 
17 9 425 222 646 239 6 369 76 118 
17 9 425 222 646 240 7 368 74 118 
17 9 425 222 646 241 8 368 74 117 
17 9 425 222 646 242 8 367 76 117 
17 9 425 222 646 243 9 366 74 117 
17 9 425 222 646 244 10 366 74 115 
17 9 425 222 646 245 11 365 74 115 
17 9 425 222 646 246 13 364 72 115 
17 9 425 222 646 247 12 363 74 115 
17 9 425 222 646 248 13 364 74 114 
17 9 425 222 646 249 15 363 72 114 
17 9 425 222 646 250 16 362 72 114 
17 9 425 222 646 251 15 361 74 114 
17 9 425 222 646 252 17 361 72 112 
17 9 425 222 646 253 18 360 72 112 
17 9 425 222 646 254 19 359 72 111 
17 9 425 222 646 255 20 359 70 109 
17 9 425 222 646 256 20 358 72 109 
17 9 425 222 646 257 21 357 72 109 
17 9 425 222 646 258 22 356 70 109 
17 9 425 222 646 259 23 357 70 108 
17 9 425 222 646 260 23 356 72 108 
17 9 425 222 646 261 24 355 70 108 
17 9 425 222 646 262 25 355 70 106 
17 9 425 222 646 263 26 354 70 106 
17 9 425 222 646 264 28 353 68 106 
17 9 425 222 646 265 27 352 70 106 
17 9 425 222 646 266 28 352 70 105 
17 9 425 222 646 267 30 351 68 105 
17 9 425 222 646 268 31 350 68 105 
17 9 425 222 646 269 30 349 70 105 
17 9 425 222 646 270 32 349 68 103 
17 9 425 222 646 271 33 348 68 103 
17 9 425 222 646 272 34 347 68 103 
17 9 425 222 646 273 35 348 68 102 
17 9 425 222 646 274 35 346 68 105 
17 9 425 222 646 275 34 346 70 106 
17 9 425 222 646 276 35 344 70 109 
17 9 425 222 646 277 35 344 72 112 
17 9 425 222 646 278 36 342 72 115 
17 9 425 222 646 279 35 342 74 117 
17 9 425 222 646 280 35 341 74 120 
17 9 425 222 646 281 36 340 74 120 
17 9 425 222 646 282 37 340 76 118 
17 9 425 222 646 283 37 339 76 120 
17 9 425 222 646 284 39 339 76 117 
17 9 425 222 646 285 39 339 76 117 
17 9 425 222 646 286 41 337 74 117 
17 9 425 222 646 287 41 337 74 117 
17 9 425 222 646 288 43 335 74 117 
17 9 425 222 646 289 43 335 74 117 
17 9 425 222 646 290 45 335 74 115 
17 9 425 222 646 291 45 333 74 118 
17 9 425 222 646 292 46 333 76 115 
17 9 425 222 646 293 48 333 74 115 
17 9 425 222 646 294 48 333 74 114 
17 9 425 222 646 295 50 333 74 114 
17 9 425 222 646 296 50 333 74 114 
17 9 425 222 646 297 52 331 74 114 
17 9 425 222 646 298 52 331 74 114 
17 9 425 222 646 299 53 331 76 114 
17 9 425 222 646 300 55 331 76 114 
17 9 425 222 646 301 55 329 76 114 
17 9 425 222 646 302 57 329 74 112 
17 9 425 222 646 303 60 329 70 109 
17 9 425 222 646 304 62 330 70 106 
17 9 425 222 646 305 64 330 68 106 
17 9 425 222 646 306 66 330 68 103 
17 9 425 222 646 307 66 331 68 102 
17 9 425 222 646 308 68 331 68 99 
17 9 425 222 646 309 71 331 64 99 
17 9 425 222 646 310 72 329 64 99 
17 9 425 222 646 311 75 330 60 96 
17 9 425 222 646 312 77 330 60 93 
17 9 425 222 646 313 77 330 60 91 
17 9 425 222 646 314 79 330 60 91 
17 9 425 222 646 315 82 331 56 88 
17 9 425 222 646 316 82 331 58 85 
17 9 425 222 646 317 85 332 54 82 
17 9 425 222 646 318 87 332 54 82 
17 9 425 222 646 319 88 331 54 82 
17 9 425 222 646 320 89 331 54 82 
17 9 425 222 646 321 90 330 54 82 
17 9 425 222 646 322 91 330 54 82 
17 9 425 222 646 323 92 329 54 82 
17 9 425 222 646 324 93 329 54 82 
17 9 425 222 646 325 96 329 52 82 
17 9 425 222 646 326 97 328 52 82 
17 9 425 222 646 327 97 328 54 82 
17 9 425 222 646 328 98 327 54 82 
17 9 425 222 646 329 99 327 54 82 
17 9 425 222 646 330 100 326 54 84 
17 9 425 222 646 331 101 326 54 82 
17 9 425 222 646 332 104 326 52 82 
17 9 425 222 646 333 105 325 52 82 
17 9 425 222 646 334 106 325 52 82 
17 9 425 222 646 335 107 324 52 84 
17 9 425 222 646 336 107 324 54 82 
17 9 425 222 646 337 108 323 54 84 
17 9 425 222 646 338 109 323 54 82 
17 9 425 222 646 339 112 323 52 82 
17 9 425 222 646 340 113 322 52 84 
17 9 425 222 646 341 114 322 52 82 
17 9 425 222 646 342 115 321 52 84 
17 9 425 222 646 343 116 321 52 82 
17 9 425 222 646 344 117 320 52 84 
17 9 425 222 646 345 117 320 54 84 
17 9 425 222 646 346 120 320 52 82 
17 9 425 222 646 347 121 319 52 84 
17 9 425 222 646 348 122 319 52 82 
17 9 425 222 646 349 123 318 52 84 
17 9 425 222 646 350 124 318 52 84 
17 9 425 222 646 351 125 317 52 84 
17 9 425 222 646 352 126 317 52 84 
17 9 425 222 646 353 128 317 52 84 
17 9 425 222 646 354 128 316 52 84 
17 9 425 222 646 355 129 315 52 84 
17 9 425 222 646 356 129 315 52 84 
17 9 425 222 646 357 130 314 52 84 
17 9 425 222 646 358 130 314 52 84 
17 9 425 222 646 359 131 313 52 84 
17 9 425 222 646 360 131 313 52 84 
17 9 425 222 646 361 132 312 52 84 
17 9 425 222 646 362 131 312 54 84 
17 9 425 222 646 363 133 311 52 84 
17 9 425 222 646 364 132 311 54 84 
17 9 425 222 646 365 134 310 52 84 
17 9 425 222 646 366 135 310 52 84 
17 9 425 222 646 367 135 309 52 84 
17 9 425 222 646 368 136 309 52 84 
17 9 425 222 646 369 135 308 54 84 
17 9 425 222 646 370 137 308 52 84 
17 9 425 222 646 371 136 307 54 84 
17 9 425 222 646 372 138 307 52 84 
17 9 425 222 646 373 137 306 54 84 
17 9 425 222 646 374 139 306 52 84 
17 9 425 222 646 375 138 305 54 84 
17 9 425 222 646 376 139 305 54 82 
17 9 425 222 646 377 141 304 52 84 
17 9 425 222 646 378 140 304 54 82 
17 9 425 222 646 379 142 303 52 84 
17 9 425 222 646 380 141 303 54 82 
17 9 425 222 646 381 143 302 52 84 
17 9 425 222 646 382 142 302 54 82 
17 9 425 222 646 383 143 301 54 84 
17 9 425 222 646 384 143 301 54 82 
17 9 425 222 646 385 144 300 54 84 
17 9 425 222 646 386 144 300 54 82 
17 9 425 222 646 387 145 299 54 84 
17 9 425 222 646 388 147 299 52 82 
17 9 425 222 646 389 146 298 54 84 
17 9 425 222 646 390 147 298 54 82 
17 9 425 222 646 391 147 297 54 84 
17 9 425 222 646 392 148 297 54 82 
17 9 425 222 646 393 148 296 54 84 
17 9 425 222 646 394 149 296 54 82 
17 9 425 222 646 395 149 295 54 84 
17 9 425 222 646 396 150 295 54 82 
17 9 425 222 646 397 150 294 54 82 
17 9 425 222 646 398 151 293 54 82 
17 9 425 222 646 399 151 293 54 82 
17 9 425 222 646 400 154 293 52 82 
17 9 425 222 646 401 154 293 52 82 
17 9 425 222 646 402 154 291 54 82 
17 9 425 222 646 403 154 291 54 82 
17 9 425 222 646 404 156 291 54 82 
17 9 425 222 646 405 156 291 54 82 
17 9 425 222 646 406 158 290 54 82 
17 9 425 222 646 407 158 290 54 82 
17 9 425 222 646 408 161 290 52 82 
17 9 425 222 646 409 161 290 52 82 
17 9 425 222 646 410 163 290 52 82 
17 9 425 222 646 411 163 288 52 82 
17 9 425 222 646 412 163 288 54 82 
17 9 425 222 646 413 163 288 54 82 
17 9 425 222 646 414 165 288 54 82 
17 9 425 222 646 415 165 286 54 82 
17 9 425 222 646 416 167 286 54 82 
17 9 425 222 646 417 167 286 54 82 
17 9 425 222 646 418 167 286 54 82 
17 9 425 222 646 419 170 284 52 82 
17 9 425 222 646 420 170 284 52 82 
17 9 425 222 646 421 170 284 54 82 
17 9 425 222 646 422 170 284 54 82 
17 9 425 222 646 423 172 284 54 82 
17 9 425 222 646 424 172 282 54 84 
17 9 425 222 646 425 174 282 54 84 
17 9 425 222 646 426 174 282 54 84 
17 9 425 222 646 427 177 282 52 84 
17 9 425 222 646 428 177 281 52 82 
17 9 425 222 646 429 179 281 52 82 
17 9 425 222 646 430 179 281 52 82 
17 9 425 222 646 431 179 281 54 82 
17 9 425 222 646 432 179 279 54 82 
17 9 425 222 646 433 181 279 54 82 
17 9 425 222 646 434 181 279 54 82 
17 9 425 222 646 435 183 279 54 82 
17 9 425 222 646 436 183 279 54 82 
17 9 425 222 646 437 186 277 52 82 
17 9 425 222 646 438 186 277 52 82 
17 9 425 222 646 439 186 277 52 82 
17 9 425 222 646 440 186 277 54 82 
17 9 425 222 646 441 186 275 54 82 
17 9 425 222 646 442 188 275 54 82 
17 9 425 222 646 443 188 275 54 82 
17 9 425 222 646 444 190 275 54 82 
17 9 425 222 646 445 190 274 54 82 
17 9 425 222 646 446 193 274 52 82 
17 9 425 222 646 447 193 274 52 82 
17 9 425 222 646 448 195 274 52 82 
17 9 425 222 646 449 195 274 52 82 
17 9 425 222 646 450 195 272 54 82 
17 9 425 222 646 451 195 272 54 82 
17 9 425 222 646 452 197 272 54 82 
17 9 425 222 646 453 197 272 54 82 
17 9 425 222 646 454 199 270 54 82 
17 9 425 222 646 455 199 270 54 82 
17 9 425 222 646 456 202 270 52 82 
17 9 425 222 646 457 202 270 52 82 
17 9 425 222 646 458 202 270 54 82 
17 9 425 222 646 459 202 268 54 82 
17 9 425 222 646 460 202 268 54 82 
17 9 425 222 646 461 204 268 54 82 
17 9 425 222 646 462 204 268 54 82 
17 9 425 222 646 463 204 266 54 84 
17 9 425 222 646 464 206 266 54 84 
17 9 425 222 646 465 206 266 54 84 
17 9 425 222 646 466 206 266 54 84 
17 9 425 222 646 467 209 266 52 84 
17 9 425 222 646 468 209 265 52 82 
17 9 425 222 646 469 211 265 52 82 
17 9 425 222 646 470 211 265 52 82 
17 9 425 222 646 471 211 265 52 82 
17 9 425 222 646 472 211 265 54 82 
17 9 425 222 646 473 211 263 54 82 
17 9 425 222 646 474 211 263 54 82 
17 9 425 222 646 475 213 263 54 82 
17 9 425 222 646 476 213 263 54 82 
17 9 425 222 646 477 215 263 54 82 
17 9 425 222 646 478 215 261 54 82 
17 9 425 222 646 479 215 261 54 82 
17 9 425 222 646 480 218 261 52 82 
17 9 425 222 646 481 218 261 52 82 
17 9 425 222 646 482 218 259 52 82 
17 9 425 222 646 483 218 259 54 82 
17 9 425 222 646 484 218 259 54 82 
17 9 425 222 646 485 218 259 54 82 
17 9 425 222 646 486 220 259 54 82 
17 9 425 222 646 487 220 258 54 82 
17 9 425 222 646 488 222 258 54 82 
17 9 425 222 646 489 222 258 54 82 
17 9 425 222 646 490 222 258 54 82 
17 9 425 222 646 491 225 258 52 82 
17 9 425 222 646 492 225 256 52 82 
17 9 425 222 646 493 225 256 52 82 
17 9 425 222 646 494 227 256 52 82 
17 9 425 222 646 495 227 256 52 82 
17 9 425 222 646 496 227 256 54 82 
17 9 425 222 646 497 227 255 54 82 
17 9 425 222 646 498 228 255 54 82 
17 9 425 222 646 499 229 255 54 82 
17 9 425 222 646 500 230 255 54 82 
17 9 425 222 646 501 231 254 54 82 
17 9 425 222 646 502 232 254 54 82 
17 9 425 222 646 503 233 254 54 82 
17 9 425 222 646 504 234 254 54 82 
17 9 425 222 646 505 235 254 54 82 
17 9 425 222 646 506 236 253 54 82 
17 9 425 222 646 507 237 253 54 82 
17 9 425 222 646 508 238 253 54 82 
17 9 425 222 646 509 239 253 54 82 
17 9 425 222 646 510 239 253 54 82 
17 9 425 222 646 511 240 252 54 82 
17 9 425 222 646 512 241 252 54 82 
17 9 425 222 646 513 242 252 54 82 
17 9 425 222 646 514 243 252 54 82 
17 9 425 222 646 515 244 252 54 82 
17 9 425 222 646 516 245 251 54 82 
17 9 425 222 646 517 246 251 54 82 
17 9 425 222 646 518 247 251 54 82 
17 9 425 222 646 519 248 251 54 82 
17 9 425 222 646 520 249 251 54 82 
17 9 425 222 646 521 250 250 54 82 
17 9 425 222 646 522 251 250 54 82 
17 9 425 222 646 523 251 250 54 82 
17 9 425 222 646 524 252 250 54 82 
17 9 425 222 646 525 253 250 54 82 
17 9 425 222 646 526 254 249 54 82 
17 9 425 222 646 527 255 249 54 82 
17 9 425 222 646 528 256 249 54 82 
17 9 425 222 646 529 257 249 54 82 
17 9 425 222 646 530 258 249 54 82 
17 9 425 222 646 531 259 248 54 82 
17 9 425 222 646 532 260 248 54 82 
17 9 425 222 646 533 261 248 54 82 
17 9 425 222 646 534 262 248 54 82 
17 9 425 222 646 535 263 248 54 82 
17 9 425 222 646 536 264 247 54 82 
17 9 425 222 646 537 265 247 54 82 
17 9 425 222 646 538 267 246 54 82 
17 9 425 222 646 539 268 246 54 82 
17 9 425 222 646 540 270 246 54 82 
17 9 425 222 646 541 271 245 54 82 
17 9 425 222 646 542 273 245 54 82 
17 9 425 222 646 543 274 245 54 82 
17 9 425 222 646 544 276 244 54 82 
17 9 425 222 646 545 277 244 54 82 
17 9 425 222 646 546 279 244 54 82 
17 9 425 222 646 547 280 243 54 82 
17 9 425 222 646 548 281 243 54 82 
17 9 425 222 646 549 283 243 54 82 
17 9 425 222 646 550 284 242 54 82 
17 9 425 222 646 551 286 242 54 82 
17 9 425 222 646 552 287 242 54 82 
17 9 425 222 646 553 289 241 54 82 
17 9 425 222 646 554 290 241 54 82 
17 9 425 222 646 555 292 241 54 82 
17 9 425 222 646 556 293 240 54 82 
17 9 425 222 646 557 295 240 54 82 
17 9 425 222 646 558 296 240 54 82 
17 9 425 222 646 559 298 239 54 82 
17 9 425 222 646 560 299 239 54 82 
17 9 425 222 646 561 300 239 54 82 
17 9 425 222 646 562 302 238 54 82 
17 9 425 222 646 563 303 238 54 82 
17 9 425 222 646 564 305 238 54 82 
17 9 425 222 646 565 306 237 54 82 
17 9 425 222 646 566 308 237 54 82 
17 9 425 222 646 567 309 237 54 82 
17 9 425 222 646 568 311 236 54 82 
17 9 425 222 646 569 312 236 54 82 
17 9 425 222 646 570 314 236 54 82 
17 9 425 222 646 571 315 235 54 82 
17 9 425 222 646 572 317 235 54 82 
17 9 425 222 646 573 318 235 54 82 
17 9 425 222 646 574 319 234 54 82 
17 9 425 222 646 575 321 234 54 82 
17 9 425 222 646 576 322 234 54 82 
17 9 425 222 646 577 324 233 54 82 
17 9 425 222 646 578 325 233 54 82 
17 9 425 222 646 579 327 233 54 82 
17 9 425 222 646 580 328 232 54 82 
17 9 425 222 646 581 330 232 54 82 
17 9 425 222 646 582 331 232 54 82 
17 9 425 222 646 583 333 231 54 82 
17 9 425 222 646 584 334 231 54 82 
17 9 425 222 646 585 336 231 54 82 
17 9 425 222 646 586 335 230 54 82 
17 9 425 222 646 587 335 230 54 82 
17 9 425 222 646 588 335 229 54 82 
17 9 425 222 646 589 335 229 54 82 
17 9 425 222 646 590 335 228 54 82 
17 9 425 222 646 591 335 228 54 82 
17 9 425 222 646 592 335 227 54 82 
17 9 425 222 646 593 334 227 54 82 
17 9 425 222 646 594 334 226 54 82 
17 9 425 222 646 595 334 226 54 82 
17 9 425 222 646 596 334 225 54 82 
17 9 425 222 646 597 334 225 54 82 
17 9 425 222 646 598 334 224 54 82 
17 9 425 222 646 599 334 224 54 82 
17 9 425 222 646 600 334 224 54 82 
17 9 425 222 646 601 334 221 56 85 
17 9 425 222 646 602 336 221 56 85 
17 9 425 222 646 603 335 221 60 88 
17 9 425 222 646 604 337 221 60 88 
17 9 425 222 646 605 337 221 62 90 
17 9 425 222 646 606 337 218 64 93 
17 9 425 222 646 607 339 218 64 93 
17 9 425 222 646 608 338 218 68 96 
17 9 425 222 646 609 340 218 68 96 
17 9 425 222 646 610 342 217 66 99 
17 9 425 222 646 611 342 215 66 99 
17 9 425 222 646 612 342 215 66 99 
17 9 425 222 646 613 343 215 68 99 
17 9 425 222 646 614 343 214 68 97 
17 9 425 222 646 615 345 214 68 97 
17 9 425 222 646 616 345 214 68 97 
17 9 425 222 646 617 345 212 68 99 
17 9 425 222 646 618 347 212 68 99 
17 9 425 222 646 619 347 212 68 99 
17 9 425 222 646 620 349 212 68 99 
17 9 425 222 646 621 349 212 68 99 
17 9 425 222 646 622 349 212 68 99 
17 9 425 222 646 623 351 212 66 99 
17 9 425 222 646 624 351 212 66 99 
17 9 425 222 646 625 352 212 68 99 
17 9 425 222 646 626 352 212 68 99 
17 9 425 222 646 627 352 212 68 99 
17 9 425 222 646 628 354 212 68 99 
17 9 425 222 646 629 354 212 68 99 
17 9 425 222 646 630 356 212 68 99 
17 9 425 222 646 631 356 210 68 99 
17 9 425 222 646 632 356 208 68 99 
17 9 425 222 646 633 358 208 66 99 
17 9 425 222 646 634 358 207 66 97 
17 9 425 222 646 635 359 207 68 97 
17 9 425 222 646 636 359 205 68 99 
17 9 425 222 646 637 359 203 68 99 
17 9 425 222 646 638 361 203 68 99 
17 9 425 222 646 639 361 201 68 99 
17 9 425 222 646 640 363 201 68 99 
17 9 425 222 646 641 363 201 68 99 
17 9 425 222 646 642 365 201 68 99 
17 9 425 222 646 643 365 201 68 99 
17 9 425 222 646 644 367 201 66 99 
17 9 425 222 646 645 367 201 66 99 
17 9 425 222 646 646 368 203 68 99 
18 9 298 324 621 324 0 392 39 90 
18 9 298 324 621 325 0 390 39 90 
18 9 298 324 621 326 0 390 41 90 
18 9 298 324 621 327 0 387 41 91 
18 9 298 324 621 328 0 387 44 91 
18 9 298 324 621 329 0 385 44 91 
18 9 298 324 621 330 0 385 44 91 
18 9 298 324 621 331 0 385 44 90 
18 9 298 324 621 332 0 385 46 90 
18 9 298 324 621 333 0 383 46 90 
18 9 298 324 621 334 2 383 46 90 
18 9 298 324 621 335 2 381 46 90 
18 9 298 324 621 336 4 381 46 90 
18 9 298 324 621 337 4 378 46 91 
18 9 298 324 621 338 5 378 46 91 
18 9 298 324 621 339 5 376 46 91 
18 9 298 324 621 340 7 376 46 91 
18 9 298 324 621 341 7 376 46 90 
18 9 298 324 621 342 9 376 46 90 
18 9 298 324 621 343 9 374 46 90 
18 9 298 324 621 344 11 374 46 90 
18 9 298 324 621 345 11 371 46 91 
18 9 298 324 621 346 12 371 48 91 
18 9 298 324 621 347 12 369 48 91 
18 9 298 324 621 348 14 369 46 91 
18 9 298 324 621 349 14 369 46 90 
18 9 298 324 621 350 16 369 46 90 
18 9 298 324 621 351 16 367 46 90 
18 9 298 324 621 352 18 367 46 90 
18 9 298 324 621 353 18 365 46 90 
18 9 298 324 621 354 20 365 46 90 
18 9 298 324 621 355 20 362 46 91 
18 9 298 324 621 356 21 362 46 91 
18 9 298 324 621 357 21 360 46 91 
18 9 298 324 621 358 23 360 46 91 
18 9 298 324 621 359 23 360 46 90 
18 9 298 324 621 360 25 360 46 90 
18 9 298 324 621 361 25 358 46 90 
18 9 298 324 621 362 27 358 46 90 
18 9 298 324 621 363 27 355 46 91 
18 9 298 324 621 364 28 355 48 91 
18 9 298 324 621 365 28 353 48 91 
18 9 298 324 621 366 30 353 46 91 
18 9 298 324 621 367 30 353 46 90 
18 9 298 324 621 368 32 353 46 90 
18 9 298 324 621 369 32 351 46 90 
18 9 298 324 621 370 34 351 46 90 
18 9 298 324 621 371 34 349 46 90 
18 9 298 324 621 372 36 349 46 90 
18 9 298 324 621 373 36 346 46 91 
18 9 298 324 621 374 37 346 46 91 
18 9 298 324 621 375 37 344 46 91 
18 9 298 324 621 376 39 344 46 91 
18 9 298 324 621 377 39 344 46 90 
18 9 298 324 621 378 41 344 46 90 
18 9 298 324 621 379 41 342 46 90 
18 9 298 324 621 380 43 342 46 90 
18 9 298 324 621 381 43 339 46 91 
18 9 298 324 621 382 44 339 48 91 
18 9 298 324 621 383 44 337 48 91 
18 9 298 324 621 384 46 337 46 91 
18 9 298 324 621 385 46 337 46 90 
18 9 298 324 621 386 48 337 46 90 
18 9 298 324 621 387 48 335 46 90 
18 9 298 324 621 388 50 335 46 90 
18 9 298 324 621 389 50 333 46 90 
18 9 298 324 621 390 52 333 46 90 
18 9 298 324 621 391 52 330 46 91 
18 9 298 324 621 392 53 330 46 91 
18 9 298 324 621 393 53 328 46 91 
18 9 298 324 621 394 55 328 46 91 
18 9 298 324 621 395 55 328 46 90 
18 9 298 324 621 396 57 328 46 90 
18 9 298 324 621 397 59 328 46 90 
18 9 298 324 621 398 59 326 46 90 
18 9 298 324 621 399 60 326 48 90 
18 9 298 324 621 400 60 326 48 90 
18 9 298 324 621 401 62 323 46 91 
18 9 298 324 621 402 64 323 46 91 
18 9 298 324 621 403 64 323 46 91 
18 9 298 324 621 404 66 323 46 91 
18 9 298 324 621 405 66 321 46 91 
18 9 298 324 621 406 68 321 46 91 
18 9 298 324 621 407 69 321 46 91 
18 9 298 324 621 408 69 321 46 90 
18 9 298 324 621 409 71 321 46 90 
18 9 298 324 621 410 73 321 46 90 
18 9 298 324 621 411 73 321 46 90 
18 9 298 324 621 412 75 319 46 90 
18 9 298 324 621 413 75 319 46 90 
18 9 298 324 621 414 76 319 48 90 
18 9 298 324 621 415 78 317 46 90 
18 9 298 324 621 416 78 317 46 90 
18 9 298 324 621 417 80 317 46 90 
18 9 298 324 621 418 82 317 46 90 
18 9 298 324 621 419 82 314 46 91 
18 9 298 324 621 420 84 314 46 91 
18 9 298 324 621 421 84 314 46 91 
18 9 298 324 621 422 85 314 46 91 
18 9 298 324 621 423 87 312 46 91 
18 9 298 324 621 424 87 312 46 91 
18 9 298 324 621 425 89 312 46 91 
18 9 298 324 621 426 91 312 46 90 
18 9 298 324 621 427 91 312 46 90 
18 9 298 324 621 428 92 312 48 90 
18 9 298 324 621 429 92 312 48 90 
18 9 298 324 621 430 94 310 46 90 
18 9 298 324 621 431 96 310 46 90 
18 9 298 324 621 432 96 310 46 90 
18 9 298 324 621 433 98 307 46 91 
18 9 298 324 621 434 100 307 46 91 
18 9 298 324 621 435 100 307 46 91 
18 9 298 324 621 436 101 307 46 91 
18 9 298 324 621 437 101 305 46 91 
18 9 298 324 621 438 103 305 46 91 
18 9 298 324 621 439 105 305 46 91 
18 9 298 324 621 440 105 305 46 91 
18 9 298 324 621 441 107 305 46 90 
18 9 298 324 621 442 108 305 48 90 
18 9 298 324 621 443 108 305 48 90 
18 9 298 324 621 444 110 303 46 90 
18 9 298 324 621 445 110 303 46 90 
18 9 298 324 621 446 112 303 46 90 
18 9 298 324 621 447 114 303 46 90 
18 9 298 324 621 448 114 301 46 90 
18 9 298 324 621 449 116 301 46 90 
18 9 298 324 621 450 117 301 46 90 
18 9 298 324 621 451 117 298 46 91 
18 9 298 324 621 452 119 298 46 91 
18 9 298 324 621 453 119 298 46 91 
18 9 298 324 621 454 121 298 46 91 
18 9 298 324 621 455 123 296 46 91 
18 9 298 324 621 456 123 296 46 91 
18 9 298 324 621 457 124 296 48 91 
18 9 298 324 621 458 126 296 46 91 
18 9 298 324 621 459 126 296 46 90 
18 9 298 324 621 460 126 296 46 90 
18 9 298 324 621 461 128 296 46 90 
18 9 298 324 621 462 128 296 46 90 
18 9 298 324 621 463 130 294 46 90 
18 9 298 324 621 464 130 294 46 90 
18 9 298 324 621 465 130 294 46 90 
18 9 298 324 621 466 132 294 46 90 
18 9 298 324 621 467 132 291 46 91 
18 9 298 324 621 468 133 291 46 91 
18 9 298 324 621 469 133 291 46 91 
18 9 298 324 621 470 135 291 46 91 
18 9 298 324 621 471 135 289 46 91 
18 9 298 324 621 472 135 289 46 91 
18 9 298 324 621 473 137 289 46 91 
18 9 298 324 621 474 137 289 46 91 
18 9 298 324 621 475 139 289 46 90 
18 9 298 324 621 476 139 289 46 90 
18 9 298 324 621 477 140 289 48 90 
18 9 298 324 621 478 140 289 48 90 
18 9 298 324 621 479 140 289 48 90 
18 9 298 324 621 480 142 287 46 90 
18 9 298 324 621 481 142 287 46 90 
18 9 298 324 621 482 144 287 46 90 
18 9 298 324 621 483 144 287 46 90 
18 9 298 324 621 484 144 285 46 90 
18 9 298 324 621 485 146 285 46 90 
18 9 298 324 621 486 146 285 46 90 
18 9 298 324 621 487 148 285 46 90 
18 9 298 324 621 488 148 282 46 91 
18 9 298 324 621 489 149 282 46 91 
18 9 298 324 621 490 149 282 46 91 
18 9 298 324 621 491 149 282 46 91 
18 9 298 324 621 492 151 280 46 91 
18 9 298 324 621 493 151 280 46 91 
18 9 298 324 621 494 153 280 46 91 
18 9 298 324 621 495 153 280 46 91 
18 9 298 324 621 496 155 280 46 91 
18 9 298 324 621 497 155 280 46 90 
18 9 298 324 621 498 156 280 48 90 
18 9 298 324 621 499 156 280 48 90 
18 9 298 324 621 500 158 280 46 90 
18 9 298 324 621 501 160 280 46 90 
18 9 298 324 621 502 160 278 46 90 
18 9 298 324 621 503 162 278 46 90 
18 9 298 324 621 504 162 278 46 90 
18 9 298 324 621 505 164 278 46 90 
18 9 298 324 621 506 165 278 46 90 
18 9 298 324 621 507 165 275 46 91 
18 9 298 324 621 508 167 275 46 91 
18 9 298 324 621 509 169 275 46 91 
18 9 298 324 621 510 169 275 46 91 
18 9 298 324 621 511 171 275 46 91 
18 9 298 324 621 512 171 273 46 91 
18 9 298 324 621 513 172 273 48 91 
18 9 298 324 621 514 174 273 46 91 
18 9 298 324 621 515 174 273 46 91 
18 9 298 324 621 516 176 273 46 91 
18 9 298 324 621 517 176 273 46 90 
18 9 298 324 621 518 178 273 46 90 
18 9 298 324 621 519 180 273 46 90 
18 9 298 324 621 520 180 273 46 90 
18 9 298 324 621 521 181 273 46 90 
18 9 298 324 621 522 183 273 46 90 
18 9 298 324 621 523 183 271 46 90 
18 9 298 324 621 524 185 271 46 90 
18 9 298 324 621 525 185 271 46 90 
18 9 298 324 621 526 187 271 46 90 
18 9 298 324 621 527 188 271 48 90 
18 9 298 324 621 528 188 269 48 90 
18 9 298 324 621 529 190 269 46 90 
18 9 298 324 621 530 190 269 46 90 
18 9 298 324 621 531 192 269 46 90 
18 9 298 324 621 532 194 269 46 90 
18 9 298 324 621 533 194 266 46 91 
18 9 298 324 621 534 196 266 46 91 
18 9 298 324 621 535 197 266 46 91 
18 9 298 324 621 536 197 266 46 91 
18 9 298 324 621 537 199 266 46 91 
18 9 298 324 621 538 199 264 46 91 
18 9 298 324 621 539 201 264 46 91 
18 9 298 324 621 540 203 264 46 91 
18 9 298 324 621 541 203 264 46 91 
18 9 298 324 621 542 204 264 48 91 
18 9 298 324 621 543 204 264 48 90 
18 9 298 324 621 544 206 264 46 90 
18 9 298 324 621 545 208 264 46 90 
18 9 298 324 621 546 208 264 46 90 
18 9 298 324 621 547 210 264 46 90 
18 9 298 324 621 548 212 264 46 90 
18 9 298 324 621 549 212 262 46 90 
18 9 298 324 621 550 213 262 46 90 
18 9 298 324 621 551 213 262 46 90 
18 9 298 324 621 552 215 262 46 90 
18 9 298 324 621 553 217 262 46 90 
18 9 298 324 621 554 217 259 46 91 
18 9 298 324 621 555 219 259 46 91 
18 9 298 324 621 556 219 259 46 91 
18 9 298 324 621 557 220 259 48 91 
18 9 298 324 621 558 222 259 46 91 
18 9 298 324 621 559 222 257 46 91 
18 9 298 324 621 560 224 257 46 91 
18 9 298 324 621 561 226 257 46 91 
18 9 298 324 621 562 226 257 46 91 
18 9 298 324 621 563 228 257 46 91 
18 9 298 324 621 564 228 257 46 90 
18 9 298 324 621 565 229 257 46 90 
18 9 298 324 621 566 231 257 46 90 
18 9 298 324 621 567 231 257 46 90 
18 9 298 324 621 568 233 257 46 90 
18 9 298 324 621 569 233 255 46 90 
18 9 298 324 621 570 235 255 46 90 
18 9 298 324 621 571 236 255 48 90 
18 9 298 324 621 572 236 255 48 90 
18 9 298 324 621 573 238 255 46 90 
18 9 298 324 621 574 240 255 46 90 
18 9 298 324 621 575 240 253 46 90 
18 9 298 324 621 576 242 253 46 90 
18 9 298 324 621 577 242 253 46 90 
18 9 298 324 621 578 244 253 46 90 
18 9 298 324 621 579 245 253 46 90 
18 9 298 324 621 580 245 250 46 91 
18 9 298 324 621 581 247 250 46 91 
18 9 298 324 621 582 247 250 46 91 
18 9 298 324 621 583 249 250 46 91 
18 9 298 324 621 584 251 250 46 91 
18 9 298 324 621 585 251 248 46 91 
18 9 298 324 621 586 252 248 48 91 
18 9 298 324 621 587 254 248 46 91 
18 9 298 324 621 588 254 248 46 91 
18 9 298 324 621 589 256 248 46 91 
18 9 298 324 621 590 256 248 46 90 
18 9 298 324 621 591 258 248 46 90 
18 9 298 324 621 592 260 248 46 90 
18 9 298 324 621 593 260 248 46 90 
18 9 298 324 621 594 261 248 46 90 
18 9 298 324 621 595 261 246 46 90 
18 9 298 324 621 596 263 246 46 90 
18 9 298 324 621 597 265 246 46 90 
18 9 298 324 621 598 265 246 46 90 
18 9 298 324 621 599 267 246 46 90 
18 9 298 324 621 600 268 246 48 90 
18 9 298 324 621 601 268 243 48 91 
18 9 298 324 621 602 270 243 46 91 
18 9 298 324 621 603 270 243 46 91 
18 9 298 324 621 604 272 243 46 91 
18 9 298 324 621 605 274 243 46 91 
18 9 298 324 621 606 274 241 46 91 
18 9 298 324 621 607 276 241 46 91 
18 9 298 324 621 608 276 241 46 91 
18 9 298 324 621 609 277 241 46 91 
18 9 298 324 621 610 279 241 46 91 
18 9 298 324 621 611 279 241 46 90 
18 9 298 324 621 612 281 241 46 90 
18 9 298 324 621 613 283 241 46 90 
18 9 298 324 621 614 283 241 46 90 
18 9 298 324 621 615 284 241 48 90 
18 9 298 324 621 616 284 239 48 90 
18 9 298 324 621 617 286 239 46 90 
18 9 298 324 621 618 288 239 46 90 
18 9 298 324 621 619 288 239 46 90 
18 9 298 324 621 620 290 239 46 90 
18 9 298 324 621 621 292 239 46 90 
19 9 102 304 405 304 1 384 64 112 
19 9 102 304 405 305 3 384 64 109 
19 9 102 304 405 306 5 384 64 109 
19 9 102 304 405 307 8 382 60 109 
19 9 102 304 405 308 8 382 62 109 
19 9 102 304 405 309 11 383 60 106 
19 9 102 304 405 310 14 383 56 106 
19 9 102 304 405 311 16 383 56 105 
19 9 102 304 405 312 18 383 56 105 
19 9 102 304 405 313 19 382 54 103 
19 9 102 304 405 314 21 382 54 103 
19 9 102 304 405 315 23 383 54 100 
19 9 102 304 405 316 26 383 50 100 
19 9 102 304 405 317 27 383 50 97 
19 9 102 304 405 318 29 383 50 97 
19 9 102 304 405 319 29 383 50 97 
19 9 102 304 405 320 29 383 50 97 
19 9 102 304 405 321 31 383 50 97 
19 9 102 304 405 322 31 383 50 97 
19 9 102 304 405 323 31 383 50 97 
19 9 102 304 405 324 33 383 50 97 
19 9 102 304 405 325 33 383 50 97 
19 9 102 304 405 326 36 383 48 97 
19 9 102 304 405 327 36 383 48 97 
19 9 102 304 405 328 36 383 48 97 
19 9 102 304 405 329 36 383 50 97 
19 9 102 304 405 330 36 383 50 97 
19 9 102 304 405 331 36 383 50 97 
19 9 102 304 405 332 38 383 50 97 
19 9 102 304 405 333 38 383 50 97 
19 9 102 304 405 334 40 383 50 97 
19 9 102 304 405 335 40 383 50 97 
19 9 102 304 405 336 40 383 50 97 
19 9 102 304 405 337 42 383 50 97 
19 9 102 304 405 338 42 383 50 97 
19 9 102 304 405 339 42 383 50 97 
19 9 102 304 405 340 43 383 50 97 
19 9 102 304 405 341 43 383 50 97 
19 9 102 304 405 342 45 383 50 97 
19 9 102 304 405 343 43 383 50 97 
19 9 102 304 405 344 43 383 50 97 
19 9 102 304 405 345 42 383 50 97 
19 9 102 304 405 346 42 383 50 97 
19 9 102 304 405 347 42 383 50 97 
19 9 102 304 405 348 40 383 50 97 
19 9 102 304 405 349 40 383 50 97 
19 9 102 304 405 350 40 383 50 97 
19 9 102 304 405 351 38 383 50 97 
19 9 102 304 405 352 38 383 50 97 
19 9 102 304 405 353 38 383 50 97 
19 9 102 304 405 354 36 383 50 97 
19 9 102 304 405 355 36 383 50 97 
19 9 102 304 405 356 36 383 50 97 
19 9 102 304 405 357 36 383 48 97 
19 9 102 304 405 358 36 383 48 97 
19 9 102 304 405 359 33 383 50 97 
19 9 102 304 405 360 33 383 50 97 
19 9 102 304 405 361 33 383 50 97 
19 9 102 304 405 362 31 383 50 97 
19 9 102 304 405 363 31 383 50 97 
19 9 102 304 405 364 31 383 50 97 
19 9 102 304 405 365 29 383 50 97 
19 9 102 304 405 366 29 383 50 97 
19 9 102 304 405 367 29 383 50 97 
19 9 102 304 405 368 27 383 50 97 
19 9 102 304 405 369 27 383 50 97 
19 9 102 304 405 370 27 383 50 97 
19 9 102 304 405 371 26 383 50 97 
19 9 102 304 405 372 26 383 50 97 
19 9 102 304 405 373 26 384 50 99 
19 9 102 304 405 374 22 384 50 99 
19 9 102 304 405 375 20 384 50 99 
19 9 102 304 405 376 20 384 46 99 
19 9 102 304 405 377 18 384 46 99 
19 9 102 304 405 378 17 384 42 99 
19 9 102 304 405 379 15 384 44 99 
19 9 102 304 405 380 14 384 40 99 
19 9 102 304 405 381 13 384 38 99 
19 9 102 304 405 382 12 384 36 99 
19 9 102 304 405 383 10 384 36 99 
19 9 102 304 405 384 9 386 32 99 
19 9 102 304 405 385 8 386 32 99 
19 9 102 304 405 386 7 386 28 99 
19 9 102 304 405 387 5 386 28 99 
19 9 102 304 405 388 3 386 26 99 
19 9 102 304 405 389 1 386 26 99 
19 9 102 304 405 390 2 386 20 99 
19 9 102 304 405 391 0 386 21 99 
19 9 102 304 405 392 0 386 16 99 
19 9 102 304 405 393 0 386 14 99 
19 9 102 304 405 394 0 388 12 99 
19 9 102 304 405 395 0 388 12 99 
19 9 102 304 405 396 0 388 15 99 
19 9 102 304 405 397 0 388 15 99 
19 9 102 304 405 398 0 388 18 99 
19 9 102 304 405 399 0 388 21 99 
19 9 102 304 405 400 0 388 21 99 
19 9 102 304 405 401 0 388 21 99 
19 9 102 304 405 402 0 388 21 99 
19 9 102 304 405 403 0 388 21 99 
19 9 102 304 405 404 0 388 21 99 
19 9 102 304 405 405 0 388 21 99 
