8 11 91 136 226 136 835 194 55 55 
8 11 91 136 226 137 835 194 55 55 
8 11 91 136 226 138 835 194 55 55 
8 11 91 136 226 139 835 194 55 55 
8 11 91 136 226 140 835 194 55 55 
8 11 91 136 226 141 835 194 55 55 
8 11 91 136 226 142 835 194 55 55 
8 11 91 136 226 143 835 194 55 55 
8 11 91 136 226 144 835 194 55 55 
8 11 91 136 226 145 835 194 55 55 
8 11 91 136 226 146 835 194 55 55 
8 11 91 136 226 147 835 194 55 55 
8 11 91 136 226 148 835 194 55 55 
8 11 91 136 226 149 835 194 55 55 
8 11 91 136 226 150 835 194 55 55 
8 11 91 136 226 151 835 194 55 55 
8 11 91 136 226 152 835 194 55 55 
8 11 91 136 226 153 835 194 55 55 
8 11 91 136 226 154 835 194 55 55 
8 11 91 136 226 155 835 194 55 55 
8 11 91 136 226 156 835 194 55 55 
8 11 91 136 226 157 835 194 55 55 
8 11 91 136 226 158 835 194 55 55 
8 11 91 136 226 159 835 194 55 55 
8 11 91 136 226 160 835 194 55 55 
8 11 91 136 226 161 835 194 55 55 
8 11 91 136 226 162 835 194 55 55 
8 11 91 136 226 163 835 194 55 55 
8 11 91 136 226 164 835 194 55 55 
8 11 91 136 226 165 835 194 55 55 
8 11 91 136 226 166 835 194 55 55 
8 11 91 136 226 167 835 194 55 55 
8 11 91 136 226 168 835 194 55 55 
8 11 91 136 226 169 835 194 55 55 
8 11 91 136 226 170 835 194 55 55 
8 11 91 136 226 171 835 194 55 55 
8 11 91 136 226 172 835 194 55 55 
8 11 91 136 226 173 835 194 55 55 
8 11 91 136 226 174 835 194 55 55 
8 11 91 136 226 175 835 194 55 55 
8 11 91 136 226 176 835 194 55 55 
8 11 91 136 226 177 835 194 55 55 
8 11 91 136 226 178 835 194 55 55 
8 11 91 136 226 179 835 194 55 55 
8 11 91 136 226 180 835 194 55 55 
8 11 91 136 226 181 835 194 55 55 
8 11 91 136 226 182 835 194 55 55 
8 11 91 136 226 183 835 194 55 55 
8 11 91 136 226 184 835 194 55 55 
8 11 91 136 226 185 835 194 55 55 
8 11 91 136 226 186 835 194 55 55 
8 11 91 136 226 187 835 194 55 55 
8 11 91 136 226 188 835 194 55 55 
8 11 91 136 226 189 835 194 55 55 
8 11 91 136 226 190 835 194 55 55 
8 11 91 136 226 191 835 194 55 55 
8 11 91 136 226 192 835 194 55 55 
8 11 91 136 226 193 835 194 55 55 
8 11 91 136 226 194 835 194 55 55 
8 11 91 136 226 195 835 194 55 55 
8 11 91 136 226 196 835 194 55 55 
8 11 91 136 226 197 835 194 55 55 
8 11 91 136 226 198 835 194 55 55 
8 11 91 136 226 199 835 194 55 55 
8 11 91 136 226 200 835 194 55 55 
8 11 91 136 226 201 835 194 55 55 
8 11 91 136 226 202 835 194 55 55 
8 11 91 136 226 203 835 194 55 55 
8 11 91 136 226 204 835 194 55 55 
8 11 91 136 226 205 835 194 55 55 
8 11 91 136 226 206 835 194 55 55 
8 11 91 136 226 207 835 194 55 55 
8 11 91 136 226 208 835 194 55 55 
8 11 91 136 226 209 835 194 55 55 
8 11 91 136 226 210 835 194 55 55 
8 11 91 136 226 211 835 194 55 55 
8 11 91 136 226 212 835 194 55 55 
8 11 91 136 226 213 835 194 55 55 
8 11 91 136 226 214 835 194 55 55 
8 11 91 136 226 215 835 194 55 55 
8 11 91 136 226 216 835 194 55 55 
8 11 91 136 226 217 835 194 55 55 
8 11 91 136 226 218 835 194 55 55 
8 11 91 136 226 219 835 194 55 55 
8 11 91 136 226 220 835 194 55 55 
8 11 91 136 226 221 835 194 55 55 
8 11 91 136 226 222 835 194 55 55 
8 11 91 136 226 223 835 194 55 55 
8 11 91 136 226 224 835 194 55 55 
8 11 91 136 226 225 835 194 55 55 
8 11 91 136 226 226 835 194 55 55 
9 11 52 116 167 116 822 188 81 64 
9 11 52 116 167 117 822 188 81 64 
9 11 52 116 167 118 822 188 81 64 
9 11 52 116 167 119 822 188 81 64 
9 11 52 116 167 120 822 188 81 64 
9 11 52 116 167 121 822 188 81 64 
9 11 52 116 167 122 822 188 81 64 
9 11 52 116 167 123 822 188 81 64 
9 11 52 116 167 124 822 188 81 64 
9 11 52 116 167 125 822 188 81 64 
9 11 52 116 167 126 822 188 81 64 
9 11 52 116 167 127 822 188 81 64 
9 11 52 116 167 128 822 188 81 64 
9 11 52 116 167 129 822 188 81 64 
9 11 52 116 167 130 822 188 81 64 
9 11 52 116 167 131 822 188 81 64 
9 11 52 116 167 132 822 188 81 64 
9 11 52 116 167 133 822 188 81 64 
9 11 52 116 167 134 822 188 81 64 
9 11 52 116 167 135 822 188 81 64 
9 11 52 116 167 136 822 188 81 64 
9 11 52 116 167 137 822 188 81 64 
9 11 52 116 167 138 822 188 81 64 
9 11 52 116 167 139 822 188 81 64 
9 11 52 116 167 140 822 188 81 64 
9 11 52 116 167 141 822 188 81 64 
9 11 52 116 167 142 822 188 81 64 
9 11 52 116 167 143 822 188 81 64 
9 11 52 116 167 144 822 188 81 64 
9 11 52 116 167 145 822 188 81 64 
9 11 52 116 167 146 822 188 81 64 
9 11 52 116 167 147 822 188 81 64 
9 11 52 116 167 148 822 188 81 64 
9 11 52 116 167 149 822 188 81 64 
9 11 52 116 167 150 822 188 81 64 
9 11 52 116 167 151 822 188 81 64 
9 11 52 116 167 152 822 188 81 64 
9 11 52 116 167 153 822 188 81 64 
9 11 52 116 167 154 822 188 81 64 
9 11 52 116 167 155 822 188 81 64 
9 11 52 116 167 156 822 188 81 64 
9 11 52 116 167 157 822 188 81 64 
9 11 52 116 167 158 822 188 81 64 
9 11 52 116 167 159 822 188 81 64 
9 11 52 116 167 160 822 188 81 64 
9 11 52 116 167 161 822 188 81 64 
9 11 52 116 167 162 822 188 81 64 
9 11 52 116 167 163 822 188 81 64 
9 11 52 116 167 164 822 188 81 64 
9 11 52 116 167 165 822 188 81 64 
9 11 52 116 167 166 822 188 81 64 
9 11 52 116 167 167 822 188 81 64 
10 11 69 385 453 385 985 184 88 87 
10 11 69 385 453 386 985 184 88 87 
10 11 69 385 453 387 985 184 88 87 
10 11 69 385 453 388 985 184 88 87 
10 11 69 385 453 389 985 184 88 87 
10 11 69 385 453 390 985 184 88 87 
10 11 69 385 453 391 985 184 88 87 
10 11 69 385 453 392 985 184 88 87 
10 11 69 385 453 393 985 184 88 87 
10 11 69 385 453 394 985 184 88 87 
10 11 69 385 453 395 985 184 88 87 
10 11 69 385 453 396 985 184 88 87 
10 11 69 385 453 397 985 184 88 87 
10 11 69 385 453 398 985 184 88 87 
10 11 69 385 453 399 985 184 88 87 
10 11 69 385 453 400 985 184 88 87 
10 11 69 385 453 401 985 184 88 87 
10 11 69 385 453 402 985 184 88 87 
10 11 69 385 453 403 985 184 88 87 
10 11 69 385 453 404 985 184 88 87 
10 11 69 385 453 405 985 184 88 87 
10 11 69 385 453 406 985 184 88 87 
10 11 69 385 453 407 985 184 88 87 
10 11 69 385 453 408 985 184 88 87 
10 11 69 385 453 409 985 184 88 87 
10 11 69 385 453 410 985 184 88 87 
10 11 69 385 453 411 985 184 88 87 
10 11 69 385 453 412 985 184 88 87 
10 11 69 385 453 413 985 184 88 87 
10 11 69 385 453 414 985 184 88 87 
10 11 69 385 453 415 985 184 88 87 
10 11 69 385 453 416 985 184 88 87 
10 11 69 385 453 417 985 184 88 87 
10 11 69 385 453 418 985 184 88 87 
10 11 69 385 453 419 985 184 88 87 
10 11 69 385 453 420 985 184 88 87 
10 11 69 385 453 421 985 184 88 87 
10 11 69 385 453 422 985 184 88 87 
10 11 69 385 453 423 985 184 88 87 
10 11 69 385 453 424 985 184 88 87 
10 11 69 385 453 425 985 184 88 87 
10 11 69 385 453 426 985 184 88 87 
10 11 69 385 453 427 985 184 88 87 
10 11 69 385 453 428 985 184 88 87 
10 11 69 385 453 429 985 184 88 87 
10 11 69 385 453 430 985 184 88 87 
10 11 69 385 453 431 985 184 88 87 
10 11 69 385 453 432 985 184 88 87 
10 11 69 385 453 433 985 184 88 87 
10 11 69 385 453 434 985 184 88 87 
10 11 69 385 453 435 985 184 88 87 
10 11 69 385 453 436 985 184 88 87 
10 11 69 385 453 437 985 184 88 87 
10 11 69 385 453 438 985 184 88 87 
10 11 69 385 453 439 985 184 88 87 
10 11 69 385 453 440 985 184 88 87 
10 11 69 385 453 441 985 184 88 87 
10 11 69 385 453 442 985 184 88 87 
10 11 69 385 453 443 985 184 88 87 
10 11 69 385 453 444 985 184 88 87 
10 11 69 385 453 445 985 184 88 87 
10 11 69 385 453 446 985 184 88 87 
10 11 69 385 453 447 985 184 88 87 
10 11 69 385 453 448 985 184 88 87 
10 11 69 385 453 449 985 184 88 87 
10 11 69 385 453 450 985 184 88 87 
10 11 69 385 453 451 985 184 88 87 
10 11 69 385 453 452 985 184 88 87 
10 11 69 385 453 453 985 184 88 87 
11 12 47 805 851 805 832 190 72 57 
11 12 47 805 851 806 832 190 72 57 
11 12 47 805 851 807 832 190 72 57 
11 12 47 805 851 808 832 190 72 57 
11 12 47 805 851 809 832 190 72 57 
11 12 47 805 851 810 832 190 72 57 
11 12 47 805 851 811 832 190 72 57 
11 12 47 805 851 812 832 190 72 57 
11 12 47 805 851 813 832 190 72 57 
11 12 47 805 851 814 832 190 72 57 
11 12 47 805 851 815 832 190 72 57 
11 12 47 805 851 816 832 190 72 57 
11 12 47 805 851 817 832 190 72 57 
11 12 47 805 851 818 832 190 72 57 
11 12 47 805 851 819 832 190 72 57 
11 12 47 805 851 820 832 190 72 57 
11 12 47 805 851 821 832 190 72 57 
11 12 47 805 851 822 832 190 72 57 
11 12 47 805 851 823 832 190 72 57 
11 12 47 805 851 824 832 190 72 57 
11 12 47 805 851 825 832 190 72 57 
11 12 47 805 851 826 832 190 72 57 
11 12 47 805 851 827 832 190 72 57 
11 12 47 805 851 828 832 190 72 57 
11 12 47 805 851 829 832 190 72 57 
11 12 47 805 851 830 832 190 72 57 
11 12 47 805 851 831 832 190 72 57 
11 12 47 805 851 832 832 190 72 57 
11 12 47 805 851 833 832 190 72 57 
11 12 47 805 851 834 832 190 72 57 
11 12 47 805 851 835 832 190 72 57 
11 12 47 805 851 836 832 190 72 57 
11 12 47 805 851 837 832 190 72 57 
11 12 47 805 851 838 832 190 72 57 
11 12 47 805 851 839 832 190 72 57 
11 12 47 805 851 840 832 190 72 57 
11 12 47 805 851 841 832 190 72 57 
11 12 47 805 851 842 832 190 72 57 
11 12 47 805 851 843 832 190 72 57 
11 12 47 805 851 844 832 190 72 57 
11 12 47 805 851 845 832 190 72 57 
11 12 47 805 851 846 832 190 72 57 
11 12 47 805 851 847 832 190 72 57 
11 12 47 805 851 848 832 190 72 57 
11 12 47 805 851 849 832 190 72 57 
11 12 47 805 851 850 832 190 72 57 
11 12 47 805 851 851 832 190 72 57 
12 12 93 938 1030 938 821 187 91 61 
12 12 93 938 1030 939 821 187 91 61 
12 12 93 938 1030 940 821 187 91 61 
12 12 93 938 1030 941 821 187 91 61 
12 12 93 938 1030 942 821 187 91 61 
12 12 93 938 1030 943 821 187 91 61 
12 12 93 938 1030 944 821 187 91 61 
12 12 93 938 1030 945 821 187 91 61 
12 12 93 938 1030 946 821 187 91 61 
12 12 93 938 1030 947 821 187 91 61 
12 12 93 938 1030 948 821 187 91 61 
12 12 93 938 1030 949 821 187 91 61 
12 12 93 938 1030 950 821 187 91 61 
12 12 93 938 1030 951 821 187 91 61 
12 12 93 938 1030 952 821 187 91 61 
12 12 93 938 1030 953 821 187 91 61 
12 12 93 938 1030 954 821 187 91 61 
12 12 93 938 1030 955 821 187 91 61 
12 12 93 938 1030 956 821 187 91 61 
12 12 93 938 1030 957 821 187 91 61 
12 12 93 938 1030 958 821 187 91 61 
12 12 93 938 1030 959 821 187 91 61 
12 12 93 938 1030 960 821 187 91 61 
12 12 93 938 1030 961 821 187 91 61 
12 12 93 938 1030 962 821 187 91 61 
12 12 93 938 1030 963 821 187 91 61 
12 12 93 938 1030 964 821 187 91 61 
12 12 93 938 1030 965 821 187 91 61 
12 12 93 938 1030 966 821 187 91 61 
12 12 93 938 1030 967 821 187 91 61 
12 12 93 938 1030 968 821 187 91 61 
12 12 93 938 1030 969 821 187 91 61 
12 12 93 938 1030 970 821 187 91 61 
12 12 93 938 1030 971 821 187 91 61 
12 12 93 938 1030 972 821 187 91 61 
12 12 93 938 1030 973 821 187 91 61 
12 12 93 938 1030 974 821 187 91 61 
12 12 93 938 1030 975 821 187 91 61 
12 12 93 938 1030 976 821 187 91 61 
12 12 93 938 1030 977 821 187 91 61 
12 12 93 938 1030 978 821 187 91 61 
12 12 93 938 1030 979 821 187 91 61 
12 12 93 938 1030 980 821 187 91 61 
12 12 93 938 1030 981 821 187 91 61 
12 12 93 938 1030 982 821 187 91 61 
12 12 93 938 1030 983 821 187 91 61 
12 12 93 938 1030 984 821 187 91 61 
12 12 93 938 1030 985 821 187 91 61 
12 12 93 938 1030 986 821 187 91 61 
12 12 93 938 1030 987 821 187 91 61 
12 12 93 938 1030 988 821 187 91 61 
12 12 93 938 1030 989 821 187 91 61 
12 12 93 938 1030 990 821 187 91 61 
12 12 93 938 1030 991 821 187 91 61 
12 12 93 938 1030 992 821 187 91 61 
12 12 93 938 1030 993 821 187 91 61 
12 12 93 938 1030 994 821 187 91 61 
12 12 93 938 1030 995 821 187 91 61 
12 12 93 938 1030 996 821 187 91 61 
12 12 93 938 1030 997 821 187 91 61 
12 12 93 938 1030 998 821 187 91 61 
12 12 93 938 1030 999 821 187 91 61 
12 12 93 938 1030 1000 821 187 91 61 
12 12 93 938 1030 1001 821 187 91 61 
12 12 93 938 1030 1002 821 187 91 61 
12 12 93 938 1030 1003 821 187 91 61 
12 12 93 938 1030 1004 821 187 91 61 
12 12 93 938 1030 1005 821 187 91 61 
12 12 93 938 1030 1006 821 187 91 61 
12 12 93 938 1030 1007 821 187 91 61 
12 12 93 938 1030 1008 821 187 91 61 
12 12 93 938 1030 1009 821 187 91 61 
12 12 93 938 1030 1010 821 187 91 61 
12 12 93 938 1030 1011 821 187 91 61 
12 12 93 938 1030 1012 821 187 91 61 
12 12 93 938 1030 1013 821 187 91 61 
12 12 93 938 1030 1014 821 187 91 61 
12 12 93 938 1030 1015 821 187 91 61 
12 12 93 938 1030 1016 821 187 91 61 
12 12 93 938 1030 1017 821 187 91 61 
12 12 93 938 1030 1018 821 187 91 61 
12 12 93 938 1030 1019 821 187 91 61 
12 12 93 938 1030 1020 821 187 91 61 
12 12 93 938 1030 1021 821 187 91 61 
12 12 93 938 1030 1022 821 187 91 61 
12 12 93 938 1030 1023 821 187 91 61 
12 12 93 938 1030 1024 821 187 91 61 
12 12 93 938 1030 1025 821 187 91 61 
12 12 93 938 1030 1026 821 187 91 61 
12 12 93 938 1030 1027 821 187 91 61 
12 12 93 938 1030 1028 821 187 91 61 
12 12 93 938 1030 1029 821 187 91 61 
12 12 93 938 1030 1030 821 187 91 61 
13 11 47 1027 1073 1027 833 192 79 57 
13 11 47 1027 1073 1028 833 192 79 57 
13 11 47 1027 1073 1029 833 192 79 57 
13 11 47 1027 1073 1030 833 192 79 57 
13 11 47 1027 1073 1031 833 192 79 57 
13 11 47 1027 1073 1032 833 192 79 57 
13 11 47 1027 1073 1033 833 192 79 57 
13 11 47 1027 1073 1034 833 192 79 57 
13 11 47 1027 1073 1035 833 192 79 57 
13 11 47 1027 1073 1036 833 192 79 57 
13 11 47 1027 1073 1037 833 192 79 57 
13 11 47 1027 1073 1038 833 192 79 57 
13 11 47 1027 1073 1039 833 192 79 57 
13 11 47 1027 1073 1040 833 192 79 57 
13 11 47 1027 1073 1041 833 192 79 57 
13 11 47 1027 1073 1042 833 192 79 57 
13 11 47 1027 1073 1043 833 192 79 57 
13 11 47 1027 1073 1044 833 192 79 57 
13 11 47 1027 1073 1045 833 192 79 57 
13 11 47 1027 1073 1046 833 192 79 57 
13 11 47 1027 1073 1047 833 192 79 57 
13 11 47 1027 1073 1048 833 192 79 57 
13 11 47 1027 1073 1049 833 192 79 57 
13 11 47 1027 1073 1050 833 192 79 57 
13 11 47 1027 1073 1051 833 192 79 57 
13 11 47 1027 1073 1052 833 192 79 57 
13 11 47 1027 1073 1053 833 192 79 57 
13 11 47 1027 1073 1054 833 192 79 57 
13 11 47 1027 1073 1055 833 192 79 57 
13 11 47 1027 1073 1056 833 192 79 57 
13 11 47 1027 1073 1057 833 192 79 57 
13 11 47 1027 1073 1058 833 192 79 57 
13 11 47 1027 1073 1059 833 192 79 57 
13 11 47 1027 1073 1060 833 192 79 57 
13 11 47 1027 1073 1061 833 192 79 57 
13 11 47 1027 1073 1062 833 192 79 57 
13 11 47 1027 1073 1063 833 192 79 57 
13 11 47 1027 1073 1064 833 192 79 57 
13 11 47 1027 1073 1065 833 192 79 57 
13 11 47 1027 1073 1066 833 192 79 57 
13 11 47 1027 1073 1067 833 192 79 57 
13 11 47 1027 1073 1068 833 192 79 57 
13 11 47 1027 1073 1069 833 192 79 57 
13 11 47 1027 1073 1070 833 192 79 57 
13 11 47 1027 1073 1071 833 192 79 57 
13 11 47 1027 1073 1072 833 192 79 57 
13 11 47 1027 1073 1073 833 192 79 57 
14 11 47 1088 1134 1088 827 187 77 72 
14 11 47 1088 1134 1089 827 187 77 72 
14 11 47 1088 1134 1090 827 187 77 72 
14 11 47 1088 1134 1091 827 187 77 72 
14 11 47 1088 1134 1092 827 187 77 72 
14 11 47 1088 1134 1093 827 187 77 72 
14 11 47 1088 1134 1094 827 187 77 72 
14 11 47 1088 1134 1095 827 187 77 72 
14 11 47 1088 1134 1096 827 187 77 72 
14 11 47 1088 1134 1097 827 187 77 72 
14 11 47 1088 1134 1098 827 187 77 72 
14 11 47 1088 1134 1099 827 187 77 72 
14 11 47 1088 1134 1100 827 187 77 72 
14 11 47 1088 1134 1101 827 187 77 72 
14 11 47 1088 1134 1102 827 187 77 72 
14 11 47 1088 1134 1103 827 187 77 72 
14 11 47 1088 1134 1104 827 187 77 72 
14 11 47 1088 1134 1105 827 187 77 72 
14 11 47 1088 1134 1106 827 187 77 72 
14 11 47 1088 1134 1107 827 187 77 72 
14 11 47 1088 1134 1108 827 187 77 72 
14 11 47 1088 1134 1109 827 187 77 72 
14 11 47 1088 1134 1110 827 187 77 72 
14 11 47 1088 1134 1111 827 187 77 72 
14 11 47 1088 1134 1112 827 187 77 72 
14 11 47 1088 1134 1113 827 187 77 72 
14 11 47 1088 1134 1114 827 187 77 72 
14 11 47 1088 1134 1115 827 187 77 72 
14 11 47 1088 1134 1116 827 187 77 72 
14 11 47 1088 1134 1117 827 187 77 72 
14 11 47 1088 1134 1118 827 187 77 72 
14 11 47 1088 1134 1119 827 187 77 72 
14 11 47 1088 1134 1120 827 187 77 72 
14 11 47 1088 1134 1121 827 187 77 72 
14 11 47 1088 1134 1122 827 187 77 72 
14 11 47 1088 1134 1123 827 187 77 72 
14 11 47 1088 1134 1124 827 187 77 72 
14 11 47 1088 1134 1125 827 187 77 72 
14 11 47 1088 1134 1126 827 187 77 72 
14 11 47 1088 1134 1127 827 187 77 72 
14 11 47 1088 1134 1128 827 187 77 72 
14 11 47 1088 1134 1129 827 187 77 72 
14 11 47 1088 1134 1130 827 187 77 72 
14 11 47 1088 1134 1131 827 187 77 72 
14 11 47 1088 1134 1132 827 187 77 72 
14 11 47 1088 1134 1133 827 187 77 72 
14 11 47 1088 1134 1134 827 187 77 72 
15 9 272 144 415 144 1237 187 36 75 
15 9 272 144 415 145 1235 187 36 75 
15 9 272 144 415 146 1233 187 36 75 
15 9 272 144 415 147 1233 187 36 75 
15 9 272 144 415 148 1231 187 36 75 
15 9 272 144 415 149 1230 187 34 75 
15 9 272 144 415 150 1230 187 34 75 
15 9 272 144 415 151 1228 187 36 75 
15 9 272 144 415 152 1226 187 36 75 
15 9 272 144 415 153 1226 187 36 75 
15 9 272 144 415 154 1224 187 36 75 
15 9 272 144 415 155 1223 187 34 75 
15 9 272 144 415 156 1223 187 34 75 
15 9 272 144 415 157 1221 187 36 75 
15 9 272 144 415 158 1219 187 36 75 
15 9 272 144 415 159 1219 187 36 75 
15 9 272 144 415 160 1217 187 36 75 
15 9 272 144 415 161 1215 187 36 75 
15 9 272 144 415 162 1215 189 36 75 
15 9 272 144 415 163 1214 189 34 75 
15 9 272 144 415 164 1212 189 36 75 
15 9 272 144 415 165 1212 189 36 75 
15 9 272 144 415 166 1210 189 36 75 
15 9 272 144 415 167 1208 189 36 75 
15 9 272 144 415 168 1208 189 36 75 
15 9 272 144 415 169 1207 189 34 75 
15 9 272 144 415 170 1205 189 36 75 
15 9 272 144 415 171 1205 189 36 75 
15 9 272 144 415 172 1203 189 36 75 
15 9 272 144 415 173 1201 189 36 75 
15 9 272 144 415 174 1201 189 36 75 
15 9 272 144 415 175 1199 189 36 75 
15 9 272 144 415 176 1198 189 34 75 
15 9 272 144 415 177 1198 189 34 75 
15 9 272 144 415 178 1196 189 36 75 
15 9 272 144 415 179 1194 189 36 75 
15 9 272 144 415 180 1194 189 36 75 
15 9 272 144 415 181 1192 189 36 75 
15 9 272 144 415 182 1191 189 34 75 
15 9 272 144 415 183 1191 189 34 75 
15 9 272 144 415 184 1189 189 36 75 
15 9 272 144 415 185 1187 189 36 75 
15 9 272 144 415 186 1187 191 36 75 
15 9 272 144 415 187 1185 191 36 75 
15 9 272 144 415 188 1183 191 36 75 
15 9 272 144 415 189 1182 191 34 75 
15 9 272 144 415 190 1182 191 34 75 
15 9 272 144 415 191 1180 191 36 75 
15 9 272 144 415 192 1178 191 36 75 
15 9 272 144 415 193 1178 191 36 75 
15 9 272 144 415 194 1176 191 36 75 
15 9 272 144 415 195 1175 191 34 75 
15 9 272 144 415 196 1172 191 38 75 
15 9 272 144 415 197 1173 191 36 75 
15 9 272 144 415 198 1171 191 36 75 
15 9 272 144 415 199 1169 191 36 75 
15 9 272 144 415 200 1169 191 36 75 
15 9 272 144 415 201 1167 191 36 75 
15 9 272 144 415 202 1166 191 34 75 
15 9 272 144 415 203 1163 191 38 75 
15 9 272 144 415 204 1164 191 36 75 
15 9 272 144 415 205 1162 191 36 75 
15 9 272 144 415 206 1159 191 40 75 
15 9 272 144 415 207 1160 191 36 75 
15 9 272 144 415 208 1159 191 34 75 
15 9 272 144 415 209 1156 191 38 75 
15 9 272 144 415 210 1157 191 36 75 
15 9 272 144 415 211 1155 191 36 75 
15 9 272 144 415 212 1153 191 36 75 
15 9 272 144 415 213 1150 191 40 75 
15 9 272 144 415 214 1151 191 36 75 
15 9 272 144 415 215 1150 191 34 75 
15 9 272 144 415 216 1147 191 38 75 
15 9 272 144 415 217 1148 191 36 75 
15 9 272 144 415 218 1146 191 36 75 
15 9 272 144 415 219 1143 191 40 75 
15 9 272 144 415 220 1142 191 38 75 
15 9 272 144 415 221 1143 191 34 75 
15 9 272 144 415 222 1140 191 38 75 
15 9 272 144 415 223 1138 191 40 75 
15 9 272 144 415 224 1139 191 36 75 
15 9 272 144 415 225 1137 191 36 75 
15 9 272 144 415 226 1134 191 40 75 
15 9 272 144 415 227 1135 191 36 75 
15 9 272 144 415 228 1134 191 34 75 
15 9 272 144 415 229 1131 191 38 75 
15 9 272 144 415 230 1129 191 40 75 
15 9 272 144 415 231 1130 191 36 75 
15 9 272 144 415 232 1127 191 40 75 
15 9 272 144 415 233 1126 191 38 75 
15 9 272 144 415 234 1127 191 34 75 
15 9 272 144 415 235 1124 191 38 75 
15 9 272 144 415 236 1122 191 40 75 
15 9 272 144 415 237 1120 191 40 75 
15 9 272 144 415 238 1121 191 36 75 
15 9 272 144 415 239 1118 191 40 75 
15 9 272 144 415 240 1117 191 38 75 
15 9 272 144 415 241 1118 191 34 75 
15 9 272 144 415 242 1115 191 38 75 
15 9 272 144 415 243 1113 191 40 75 
15 9 272 144 415 244 1114 191 36 75 
15 9 272 144 415 245 1111 191 40 75 
15 9 272 144 415 246 1110 191 38 75 
15 9 272 144 415 247 1108 191 38 75 
15 9 272 144 415 248 1108 191 38 75 
15 9 272 144 415 249 1106 191 40 75 
15 9 272 144 415 250 1104 191 40 75 
15 9 272 144 415 251 1105 191 36 75 
15 9 272 144 415 252 1102 191 40 75 
15 9 272 144 415 253 1101 191 38 75 
15 9 272 144 415 254 1099 191 38 75 
15 9 272 144 415 255 1099 191 38 75 
15 9 272 144 415 256 1097 191 40 75 
15 9 272 144 415 257 1095 191 40 75 
15 9 272 144 415 258 1095 191 40 75 
15 9 272 144 415 259 1094 191 38 75 
15 9 272 144 415 260 1092 191 38 75 
15 9 272 144 415 261 1092 191 38 75 
15 9 272 144 415 262 1090 189 40 75 
15 9 272 144 415 263 1088 189 40 75 
15 9 272 144 415 264 1088 189 40 75 
15 9 272 144 415 265 1086 189 40 75 
15 9 272 144 415 266 1086 189 40 75 
15 9 272 144 415 267 1085 189 38 75 
15 9 272 144 415 268 1085 189 38 75 
15 9 272 144 415 269 1083 189 38 75 
15 9 272 144 415 270 1084 189 36 75 
15 9 272 144 415 271 1081 189 40 75 
15 9 272 144 415 272 1082 189 36 75 
15 9 272 144 415 273 1079 189 40 75 
15 9 272 144 415 274 1080 189 36 75 
15 9 272 144 415 275 1078 189 38 75 
15 9 272 144 415 276 1076 189 38 75 
15 9 272 144 415 277 1077 189 36 75 
15 9 272 144 415 278 1074 189 40 75 
15 9 272 144 415 279 1075 189 36 75 
15 9 272 144 415 280 1072 189 40 75 
15 9 272 144 415 281 1073 187 36 75 
15 9 272 144 415 282 1070 187 40 75 
15 9 272 144 415 283 1071 187 36 75 
15 9 272 144 415 284 1069 187 38 75 
15 9 272 144 415 285 1070 187 34 75 
15 9 272 144 415 286 1068 187 36 75 
15 9 272 144 415 287 1068 187 36 75 
15 9 272 144 415 288 1066 187 36 75 
15 9 272 144 415 289 1063 187 40 75 
15 9 272 144 415 290 1064 187 36 75 
15 9 272 144 415 291 1062 187 38 75 
15 9 272 144 415 292 1063 187 34 75 
15 9 272 144 415 293 1061 187 36 75 
15 9 272 144 415 294 1061 187 36 75 
15 9 272 144 415 295 1059 187 36 75 
15 9 272 144 415 296 1059 187 36 75 
15 9 272 144 415 297 1057 187 36 75 
15 9 272 144 415 298 1057 187 36 75 
15 9 272 144 415 299 1055 187 36 75 
15 9 272 144 415 300 1055 187 36 75 
15 9 272 144 415 301 1054 187 34 75 
15 9 272 144 415 302 1052 187 36 75 
15 9 272 144 415 303 1052 187 36 75 
15 9 272 144 415 304 1050 187 36 75 
15 9 272 144 415 305 1047 187 40 78 
15 9 272 144 415 306 1048 187 36 78 
15 9 272 144 415 307 1046 187 38 78 
15 9 272 144 415 308 1044 187 38 78 
15 9 272 144 415 309 1044 186 38 81 
15 9 272 144 415 310 1042 186 40 81 
15 9 272 144 415 311 1042 186 40 81 
15 9 272 144 415 312 1040 186 40 81 
15 9 272 144 415 313 1037 186 44 81 
15 9 272 144 415 314 1038 186 40 84 
15 9 272 144 415 315 1036 186 42 84 
15 9 272 144 415 316 1034 186 42 84 
15 9 272 144 415 317 1034 186 42 84 
15 9 272 144 415 318 1032 185 42 85 
15 9 272 144 415 319 1032 185 42 85 
15 9 272 144 415 320 1030 185 44 85 
15 9 272 144 415 321 1028 185 46 85 
15 9 272 144 415 322 1029 185 42 85 
15 9 272 144 415 323 1026 185 46 88 
15 9 272 144 415 324 1024 185 46 88 
15 9 272 144 415 325 1024 185 46 88 
15 9 272 144 415 326 1022 185 46 88 
15 9 272 144 415 327 1022 187 46 88 
15 9 272 144 415 328 1020 185 48 88 
15 9 272 144 415 329 1020 185 48 88 
15 9 272 144 415 330 1020 185 48 88 
15 9 272 144 415 331 1019 185 46 88 
15 9 272 144 415 332 1019 185 46 88 
15 9 272 144 415 333 1019 185 46 88 
15 9 272 144 415 334 1017 185 46 88 
15 9 272 144 415 335 1017 185 46 88 
15 9 272 144 415 336 1017 185 46 88 
15 9 272 144 415 337 1017 185 46 88 
15 9 272 144 415 338 1015 185 46 88 
15 9 272 144 415 339 1015 185 46 88 
15 9 272 144 415 340 1015 185 46 88 
15 9 272 144 415 341 1013 185 46 88 
15 9 272 144 415 342 1013 185 46 88 
15 9 272 144 415 343 1013 185 46 88 
15 9 272 144 415 344 1012 185 46 88 
15 9 272 144 415 345 1012 185 46 88 
15 9 272 144 415 346 1012 185 46 88 
15 9 272 144 415 347 1012 185 46 88 
15 9 272 144 415 348 1010 185 46 88 
15 9 272 144 415 349 1010 185 46 88 
15 9 272 144 415 350 1010 185 46 88 
15 9 272 144 415 351 1008 185 46 88 
15 9 272 144 415 352 1008 185 46 88 
15 9 272 144 415 353 1008 185 46 88 
15 9 272 144 415 354 1006 185 46 88 
15 9 272 144 415 355 1006 185 46 88 
15 9 272 144 415 356 1006 185 46 88 
15 9 272 144 415 357 1006 185 46 88 
15 9 272 144 415 358 1004 185 48 88 
15 9 272 144 415 359 1004 185 48 88 
15 9 272 144 415 360 1004 185 48 88 
15 9 272 144 415 361 1003 185 46 88 
15 9 272 144 415 362 1003 185 46 88 
15 9 272 144 415 363 1003 185 46 88 
15 9 272 144 415 364 1003 185 46 88 
15 9 272 144 415 365 1001 184 46 87 
15 9 272 144 415 366 1001 184 46 87 
15 9 272 144 415 367 1001 184 46 87 
15 9 272 144 415 368 1001 184 46 87 
15 9 272 144 415 369 1001 184 46 87 
15 9 272 144 415 370 1001 184 46 87 
15 9 272 144 415 371 1001 184 46 87 
15 9 272 144 415 372 1001 184 46 87 
15 9 272 144 415 373 999 184 46 87 
15 9 272 144 415 374 999 184 46 87 
15 9 272 144 415 375 999 184 46 87 
15 9 272 144 415 376 999 184 46 87 
15 9 272 144 415 377 999 184 46 87 
15 9 272 144 415 378 999 184 46 87 
15 9 272 144 415 379 999 184 46 87 
15 9 272 144 415 380 999 184 46 87 
15 9 272 144 415 381 999 184 46 87 
15 9 272 144 415 382 997 184 46 87 
15 9 272 144 415 383 997 184 46 87 
15 9 272 144 415 384 997 184 46 87 
15 9 272 144 415 385 997 184 46 87 
15 9 272 144 415 386 997 184 46 87 
15 9 272 144 415 387 997 184 46 87 
15 9 272 144 415 388 997 184 46 87 
15 9 272 144 415 389 997 184 46 87 
15 9 272 144 415 390 996 184 46 87 
15 9 272 144 415 391 996 184 46 87 
15 9 272 144 415 392 996 184 46 87 
15 9 272 144 415 393 996 184 46 87 
15 9 272 144 415 394 996 184 46 87 
15 9 272 144 415 395 996 184 46 87 
15 9 272 144 415 396 996 184 46 87 
15 9 272 144 415 397 996 184 46 87 
15 9 272 144 415 398 996 184 46 87 
15 9 272 144 415 399 996 184 46 87 
15 9 272 144 415 400 996 184 46 87 
15 9 272 144 415 401 996 184 46 87 
15 9 272 144 415 402 997 184 46 87 
15 9 272 144 415 403 997 184 46 87 
15 9 272 144 415 404 997 184 46 87 
15 9 272 144 415 405 999 184 46 87 
15 9 272 144 415 406 999 184 46 87 
15 9 272 144 415 407 999 184 46 87 
15 9 272 144 415 408 1001 184 46 87 
15 9 272 144 415 409 1001 184 46 87 
15 9 272 144 415 410 1001 184 46 87 
15 9 272 144 415 411 1003 184 46 87 
15 9 272 144 415 412 1003 184 46 87 
15 9 272 144 415 413 1003 184 46 87 
15 9 272 144 415 414 1003 184 46 87 
15 9 272 144 415 415 1004 184 48 87 
