24 11 52 63 114 63 906 194 102 84 
24 11 52 63 114 64 906 194 102 84 
24 11 52 63 114 65 906 194 102 84 
24 11 52 63 114 66 906 194 102 84 
24 11 52 63 114 67 906 194 102 84 
24 11 52 63 114 68 906 194 102 84 
24 11 52 63 114 69 906 194 102 84 
24 11 52 63 114 70 906 194 102 84 
24 11 52 63 114 71 906 194 102 84 
24 11 52 63 114 72 906 194 102 84 
24 11 52 63 114 73 906 194 102 84 
24 11 52 63 114 74 906 194 102 84 
24 11 52 63 114 75 906 194 102 84 
24 11 52 63 114 76 906 194 102 84 
24 11 52 63 114 77 906 194 102 84 
24 11 52 63 114 78 906 194 102 84 
24 11 52 63 114 79 906 194 102 84 
24 11 52 63 114 80 906 194 102 84 
24 11 52 63 114 81 906 194 102 84 
24 11 52 63 114 82 906 194 102 84 
24 11 52 63 114 83 906 194 102 84 
24 11 52 63 114 84 906 194 102 84 
24 11 52 63 114 85 906 194 102 84 
24 11 52 63 114 86 906 194 102 84 
24 11 52 63 114 87 906 194 102 84 
24 11 52 63 114 88 906 194 102 84 
24 11 52 63 114 89 906 194 102 84 
24 11 52 63 114 90 906 194 102 84 
24 11 52 63 114 91 906 194 102 84 
24 11 52 63 114 92 906 194 102 84 
24 11 52 63 114 93 906 194 102 84 
24 11 52 63 114 94 906 194 102 84 
24 11 52 63 114 95 906 194 102 84 
24 11 52 63 114 96 906 194 102 84 
24 11 52 63 114 97 906 194 102 84 
24 11 52 63 114 98 906 194 102 84 
24 11 52 63 114 99 906 194 102 84 
24 11 52 63 114 100 906 194 102 84 
24 11 52 63 114 101 906 194 102 84 
24 11 52 63 114 102 906 194 102 84 
24 11 52 63 114 103 906 194 102 84 
24 11 52 63 114 104 906 194 102 84 
24 11 52 63 114 105 906 194 102 84 
24 11 52 63 114 106 906 194 102 84 
24 11 52 63 114 107 906 194 102 84 
24 11 52 63 114 108 906 194 102 84 
24 11 52 63 114 109 906 194 102 84 
24 11 52 63 114 110 906 194 102 84 
24 11 52 63 114 111 906 194 102 84 
24 11 52 63 114 112 906 194 102 84 
24 11 52 63 114 113 906 194 102 84 
24 11 52 63 114 114 906 194 102 84 
25 12 84 392 475 392 888 197 99 82 
25 12 84 392 475 393 888 197 99 82 
25 12 84 392 475 394 888 197 99 82 
25 12 84 392 475 395 888 197 99 82 
25 12 84 392 475 396 888 197 99 82 
25 12 84 392 475 397 888 197 99 82 
25 12 84 392 475 398 888 197 99 82 
25 12 84 392 475 399 888 197 99 82 
25 12 84 392 475 400 888 197 99 82 
25 12 84 392 475 401 888 197 99 82 
25 12 84 392 475 402 888 197 99 82 
25 12 84 392 475 403 888 197 99 82 
25 12 84 392 475 404 888 197 99 82 
25 12 84 392 475 405 888 197 99 82 
25 12 84 392 475 406 888 197 99 82 
25 12 84 392 475 407 888 197 99 82 
25 12 84 392 475 408 888 197 99 82 
25 12 84 392 475 409 888 197 99 82 
25 12 84 392 475 410 888 197 99 82 
25 12 84 392 475 411 888 197 99 82 
25 12 84 392 475 412 888 197 99 82 
25 12 84 392 475 413 888 197 99 82 
25 12 84 392 475 414 888 197 99 82 
25 12 84 392 475 415 888 197 99 82 
25 12 84 392 475 416 888 197 99 82 
25 12 84 392 475 417 888 197 99 82 
25 12 84 392 475 418 888 197 99 82 
25 12 84 392 475 419 888 197 99 82 
25 12 84 392 475 420 888 197 99 82 
25 12 84 392 475 421 888 197 99 82 
25 12 84 392 475 422 888 197 99 82 
25 12 84 392 475 423 888 197 99 82 
25 12 84 392 475 424 888 197 99 82 
25 12 84 392 475 425 888 197 99 82 
25 12 84 392 475 426 888 197 99 82 
25 12 84 392 475 427 888 197 99 82 
25 12 84 392 475 428 888 197 99 82 
25 12 84 392 475 429 888 197 99 82 
25 12 84 392 475 430 888 197 99 82 
25 12 84 392 475 431 888 197 99 82 
25 12 84 392 475 432 888 197 99 82 
25 12 84 392 475 433 888 197 99 82 
25 12 84 392 475 434 888 197 99 82 
25 12 84 392 475 435 888 197 99 82 
25 12 84 392 475 436 888 197 99 82 
25 12 84 392 475 437 888 197 99 82 
25 12 84 392 475 438 888 197 99 82 
25 12 84 392 475 439 888 197 99 82 
25 12 84 392 475 440 888 197 99 82 
25 12 84 392 475 441 888 197 99 82 
25 12 84 392 475 442 888 197 99 82 
25 12 84 392 475 443 888 197 99 82 
25 12 84 392 475 444 888 197 99 82 
25 12 84 392 475 445 888 197 99 82 
25 12 84 392 475 446 888 197 99 82 
25 12 84 392 475 447 888 197 99 82 
25 12 84 392 475 448 888 197 99 82 
25 12 84 392 475 449 888 197 99 82 
25 12 84 392 475 450 888 197 99 82 
25 12 84 392 475 451 888 197 99 82 
25 12 84 392 475 452 888 197 99 82 
25 12 84 392 475 453 888 197 99 82 
25 12 84 392 475 454 888 197 99 82 
25 12 84 392 475 455 888 197 99 82 
25 12 84 392 475 456 888 197 99 82 
25 12 84 392 475 457 888 197 99 82 
25 12 84 392 475 458 888 197 99 82 
25 12 84 392 475 459 888 197 99 82 
25 12 84 392 475 460 888 197 99 82 
25 12 84 392 475 461 888 197 99 82 
25 12 84 392 475 462 888 197 99 82 
25 12 84 392 475 463 888 197 99 82 
25 12 84 392 475 464 888 197 99 82 
25 12 84 392 475 465 888 197 99 82 
25 12 84 392 475 466 888 197 99 82 
25 12 84 392 475 467 888 197 99 82 
25 12 84 392 475 468 888 197 99 82 
25 12 84 392 475 469 888 197 99 82 
25 12 84 392 475 470 888 197 99 82 
25 12 84 392 475 471 888 197 99 82 
25 12 84 392 475 472 888 197 99 82 
25 12 84 392 475 473 888 197 99 82 
25 12 84 392 475 474 888 197 99 82 
25 12 84 392 475 475 888 197 99 82 
26 12 76 392 467 392 916 199 66 72 
26 12 76 392 467 393 916 199 66 72 
26 12 76 392 467 394 916 199 66 72 
26 12 76 392 467 395 916 199 66 72 
26 12 76 392 467 396 916 199 66 72 
26 12 76 392 467 397 916 199 66 72 
26 12 76 392 467 398 916 199 66 72 
26 12 76 392 467 399 916 199 66 72 
26 12 76 392 467 400 916 199 66 72 
26 12 76 392 467 401 916 199 66 72 
26 12 76 392 467 402 916 199 66 72 
26 12 76 392 467 403 916 199 66 72 
26 12 76 392 467 404 916 199 66 72 
26 12 76 392 467 405 916 199 66 72 
26 12 76 392 467 406 916 199 66 72 
26 12 76 392 467 407 916 199 66 72 
26 12 76 392 467 408 916 199 66 72 
26 12 76 392 467 409 916 199 66 72 
26 12 76 392 467 410 916 199 66 72 
26 12 76 392 467 411 916 199 66 72 
26 12 76 392 467 412 916 199 66 72 
26 12 76 392 467 413 916 199 66 72 
26 12 76 392 467 414 916 199 66 72 
26 12 76 392 467 415 916 199 66 72 
26 12 76 392 467 416 916 199 66 72 
26 12 76 392 467 417 916 199 66 72 
26 12 76 392 467 418 916 199 66 72 
26 12 76 392 467 419 916 199 66 72 
26 12 76 392 467 420 916 199 66 72 
26 12 76 392 467 421 916 199 66 72 
26 12 76 392 467 422 916 199 66 72 
26 12 76 392 467 423 916 199 66 72 
26 12 76 392 467 424 916 199 66 72 
26 12 76 392 467 425 916 199 66 72 
26 12 76 392 467 426 916 199 66 72 
26 12 76 392 467 427 916 199 66 72 
26 12 76 392 467 428 916 199 66 72 
26 12 76 392 467 429 916 199 66 72 
26 12 76 392 467 430 916 199 66 72 
26 12 76 392 467 431 916 199 66 72 
26 12 76 392 467 432 916 199 66 72 
26 12 76 392 467 433 916 199 66 72 
26 12 76 392 467 434 916 199 66 72 
26 12 76 392 467 435 916 199 66 72 
26 12 76 392 467 436 916 199 66 72 
26 12 76 392 467 437 916 199 66 72 
26 12 76 392 467 438 916 199 66 72 
26 12 76 392 467 439 916 199 66 72 
26 12 76 392 467 440 916 199 66 72 
26 12 76 392 467 441 916 199 66 72 
26 12 76 392 467 442 916 199 66 72 
26 12 76 392 467 443 916 199 66 72 
26 12 76 392 467 444 916 199 66 72 
26 12 76 392 467 445 916 199 66 72 
26 12 76 392 467 446 916 199 66 72 
26 12 76 392 467 447 916 199 66 72 
26 12 76 392 467 448 916 199 66 72 
26 12 76 392 467 449 916 199 66 72 
26 12 76 392 467 450 916 199 66 72 
26 12 76 392 467 451 916 199 66 72 
26 12 76 392 467 452 916 199 66 72 
26 12 76 392 467 453 916 199 66 72 
26 12 76 392 467 454 916 199 66 72 
26 12 76 392 467 455 916 199 66 72 
26 12 76 392 467 456 916 199 66 72 
26 12 76 392 467 457 916 199 66 72 
26 12 76 392 467 458 916 199 66 72 
26 12 76 392 467 459 916 199 66 72 
26 12 76 392 467 460 916 199 66 72 
26 12 76 392 467 461 916 199 66 72 
26 12 76 392 467 462 916 199 66 72 
26 12 76 392 467 463 916 199 66 72 
26 12 76 392 467 464 916 199 66 72 
26 12 76 392 467 465 916 199 66 72 
26 12 76 392 467 466 916 199 66 72 
26 12 76 392 467 467 916 199 66 72 
27 11 58 924 981 924 914 192 71 83 
27 11 58 924 981 925 914 192 71 83 
27 11 58 924 981 926 914 192 71 83 
27 11 58 924 981 927 914 192 71 83 
27 11 58 924 981 928 914 192 71 83 
27 11 58 924 981 929 914 192 71 83 
27 11 58 924 981 930 914 192 71 83 
27 11 58 924 981 931 914 192 71 83 
27 11 58 924 981 932 914 192 71 83 
27 11 58 924 981 933 914 192 71 83 
27 11 58 924 981 934 914 192 71 83 
27 11 58 924 981 935 914 192 71 83 
27 11 58 924 981 936 914 192 71 83 
27 11 58 924 981 937 914 192 71 83 
27 11 58 924 981 938 914 192 71 83 
27 11 58 924 981 939 914 192 71 83 
27 11 58 924 981 940 914 192 71 83 
27 11 58 924 981 941 914 192 71 83 
27 11 58 924 981 942 914 192 71 83 
27 11 58 924 981 943 914 192 71 83 
27 11 58 924 981 944 914 192 71 83 
27 11 58 924 981 945 914 192 71 83 
27 11 58 924 981 946 914 192 71 83 
27 11 58 924 981 947 914 192 71 83 
27 11 58 924 981 948 914 192 71 83 
27 11 58 924 981 949 914 192 71 83 
27 11 58 924 981 950 914 192 71 83 
27 11 58 924 981 951 914 192 71 83 
27 11 58 924 981 952 914 192 71 83 
27 11 58 924 981 953 914 192 71 83 
27 11 58 924 981 954 914 192 71 83 
27 11 58 924 981 955 914 192 71 83 
27 11 58 924 981 956 914 192 71 83 
27 11 58 924 981 957 914 192 71 83 
27 11 58 924 981 958 914 192 71 83 
27 11 58 924 981 959 914 192 71 83 
27 11 58 924 981 960 914 192 71 83 
27 11 58 924 981 961 914 192 71 83 
27 11 58 924 981 962 914 192 71 83 
27 11 58 924 981 963 914 192 71 83 
27 11 58 924 981 964 914 192 71 83 
27 11 58 924 981 965 914 192 71 83 
27 11 58 924 981 966 914 192 71 83 
27 11 58 924 981 967 914 192 71 83 
27 11 58 924 981 968 914 192 71 83 
27 11 58 924 981 969 914 192 71 83 
27 11 58 924 981 970 914 192 71 83 
27 11 58 924 981 971 914 192 71 83 
27 11 58 924 981 972 914 192 71 83 
27 11 58 924 981 973 914 192 71 83 
27 11 58 924 981 974 914 192 71 83 
27 11 58 924 981 975 914 192 71 83 
27 11 58 924 981 976 914 192 71 83 
27 11 58 924 981 977 914 192 71 83 
27 11 58 924 981 978 914 192 71 83 
27 11 58 924 981 979 914 192 71 83 
27 11 58 924 981 980 914 192 71 83 
27 11 58 924 981 981 914 192 71 83 
28 12 50 1122 1171 1122 915 197 57 79 
28 12 50 1122 1171 1123 915 197 57 79 
28 12 50 1122 1171 1124 915 197 57 79 
28 12 50 1122 1171 1125 915 197 57 79 
28 12 50 1122 1171 1126 915 197 57 79 
28 12 50 1122 1171 1127 915 197 57 79 
28 12 50 1122 1171 1128 915 197 57 79 
28 12 50 1122 1171 1129 915 197 57 79 
28 12 50 1122 1171 1130 915 197 57 79 
28 12 50 1122 1171 1131 915 197 57 79 
28 12 50 1122 1171 1132 915 197 57 79 
28 12 50 1122 1171 1133 915 197 57 79 
28 12 50 1122 1171 1134 915 197 57 79 
28 12 50 1122 1171 1135 915 197 57 79 
28 12 50 1122 1171 1136 915 197 57 79 
28 12 50 1122 1171 1137 915 197 57 79 
28 12 50 1122 1171 1138 915 197 57 79 
28 12 50 1122 1171 1139 915 197 57 79 
28 12 50 1122 1171 1140 915 197 57 79 
28 12 50 1122 1171 1141 915 197 57 79 
28 12 50 1122 1171 1142 915 197 57 79 
28 12 50 1122 1171 1143 915 197 57 79 
28 12 50 1122 1171 1144 915 197 57 79 
28 12 50 1122 1171 1145 915 197 57 79 
28 12 50 1122 1171 1146 915 197 57 79 
28 12 50 1122 1171 1147 915 197 57 79 
28 12 50 1122 1171 1148 915 197 57 79 
28 12 50 1122 1171 1149 915 197 57 79 
28 12 50 1122 1171 1150 915 197 57 79 
28 12 50 1122 1171 1151 915 197 57 79 
28 12 50 1122 1171 1152 915 197 57 79 
28 12 50 1122 1171 1153 915 197 57 79 
28 12 50 1122 1171 1154 915 197 57 79 
28 12 50 1122 1171 1155 915 197 57 79 
28 12 50 1122 1171 1156 915 197 57 79 
28 12 50 1122 1171 1157 915 197 57 79 
28 12 50 1122 1171 1158 915 197 57 79 
28 12 50 1122 1171 1159 915 197 57 79 
28 12 50 1122 1171 1160 915 197 57 79 
28 12 50 1122 1171 1161 915 197 57 79 
28 12 50 1122 1171 1162 915 197 57 79 
28 12 50 1122 1171 1163 915 197 57 79 
28 12 50 1122 1171 1164 915 197 57 79 
28 12 50 1122 1171 1165 915 197 57 79 
28 12 50 1122 1171 1166 915 197 57 79 
28 12 50 1122 1171 1167 915 197 57 79 
28 12 50 1122 1171 1168 915 197 57 79 
28 12 50 1122 1171 1169 915 197 57 79 
28 12 50 1122 1171 1170 915 197 57 79 
28 12 50 1122 1171 1171 915 197 57 79 
