1 11 95 233 327 233 816 188 94 76 
1 11 95 233 327 234 816 188 94 76 
1 11 95 233 327 235 816 188 94 76 
1 11 95 233 327 236 816 188 94 76 
1 11 95 233 327 237 816 188 94 76 
1 11 95 233 327 238 816 188 94 76 
1 11 95 233 327 239 816 188 94 76 
1 11 95 233 327 240 816 188 94 76 
1 11 95 233 327 241 816 188 94 76 
1 11 95 233 327 242 816 188 94 76 
1 11 95 233 327 243 816 188 94 76 
1 11 95 233 327 244 816 188 94 76 
1 11 95 233 327 245 816 188 94 76 
1 11 95 233 327 246 816 188 94 76 
1 11 95 233 327 247 816 188 94 76 
1 11 95 233 327 248 816 188 94 76 
1 11 95 233 327 249 816 188 94 76 
1 11 95 233 327 250 816 188 94 76 
1 11 95 233 327 251 816 188 94 76 
1 11 95 233 327 252 816 188 94 76 
1 11 95 233 327 253 816 188 94 76 
1 11 95 233 327 254 816 188 94 76 
1 11 95 233 327 255 816 188 94 76 
1 11 95 233 327 256 816 188 94 76 
1 11 95 233 327 257 816 188 94 76 
1 11 95 233 327 258 816 188 94 76 
1 11 95 233 327 259 816 188 94 76 
1 11 95 233 327 260 816 188 94 76 
1 11 95 233 327 261 816 188 94 76 
1 11 95 233 327 262 816 188 94 76 
1 11 95 233 327 263 816 188 94 76 
1 11 95 233 327 264 816 188 94 76 
1 11 95 233 327 265 816 188 94 76 
1 11 95 233 327 266 816 188 94 76 
1 11 95 233 327 267 816 188 94 76 
1 11 95 233 327 268 816 188 94 76 
1 11 95 233 327 269 816 188 94 76 
1 11 95 233 327 270 816 188 94 76 
1 11 95 233 327 271 816 188 94 76 
1 11 95 233 327 272 816 188 94 76 
1 11 95 233 327 273 816 188 94 76 
1 11 95 233 327 274 816 188 94 76 
1 11 95 233 327 275 816 188 94 76 
1 11 95 233 327 276 816 188 94 76 
1 11 95 233 327 277 816 188 94 76 
1 11 95 233 327 278 816 188 94 76 
1 11 95 233 327 279 816 188 94 76 
1 11 95 233 327 280 816 188 94 76 
1 11 95 233 327 281 816 188 94 76 
1 11 95 233 327 282 816 188 94 76 
1 11 95 233 327 283 816 188 94 76 
1 11 95 233 327 284 816 188 94 76 
1 11 95 233 327 285 816 188 94 76 
1 11 95 233 327 286 816 188 94 76 
1 11 95 233 327 287 816 188 94 76 
1 11 95 233 327 288 816 188 94 76 
1 11 95 233 327 289 816 188 94 76 
1 11 95 233 327 290 816 188 94 76 
1 11 95 233 327 291 816 188 94 76 
1 11 95 233 327 292 816 188 94 76 
1 11 95 233 327 293 816 188 94 76 
1 11 95 233 327 294 816 188 94 76 
1 11 95 233 327 295 816 188 94 76 
1 11 95 233 327 296 816 188 94 76 
1 11 95 233 327 297 816 188 94 76 
1 11 95 233 327 298 816 188 94 76 
1 11 95 233 327 299 816 188 94 76 
1 11 95 233 327 300 816 188 94 76 
1 11 95 233 327 301 816 188 94 76 
1 11 95 233 327 302 816 188 94 76 
1 11 95 233 327 303 816 188 94 76 
1 11 95 233 327 304 816 188 94 76 
1 11 95 233 327 305 816 188 94 76 
1 11 95 233 327 306 816 188 94 76 
1 11 95 233 327 307 816 188 94 76 
1 11 95 233 327 308 816 188 94 76 
1 11 95 233 327 309 816 188 94 76 
1 11 95 233 327 310 816 188 94 76 
1 11 95 233 327 311 816 188 94 76 
1 11 95 233 327 312 816 188 94 76 
1 11 95 233 327 313 816 188 94 76 
1 11 95 233 327 314 816 188 94 76 
1 11 95 233 327 315 816 188 94 76 
1 11 95 233 327 316 816 188 94 76 
1 11 95 233 327 317 816 188 94 76 
1 11 95 233 327 318 816 188 94 76 
1 11 95 233 327 319 816 188 94 76 
1 11 95 233 327 320 816 188 94 76 
1 11 95 233 327 321 816 188 94 76 
1 11 95 233 327 322 816 188 94 76 
1 11 95 233 327 323 816 188 94 76 
1 11 95 233 327 324 816 188 94 76 
1 11 95 233 327 325 816 188 94 76 
1 11 95 233 327 326 816 188 94 76 
1 11 95 233 327 327 816 188 94 76 
2 11 47 207 253 207 811 191 85 66 
2 11 47 207 253 208 811 191 85 66 
2 11 47 207 253 209 811 191 85 66 
2 11 47 207 253 210 811 191 85 66 
2 11 47 207 253 211 811 191 85 66 
2 11 47 207 253 212 811 191 85 66 
2 11 47 207 253 213 811 191 85 66 
2 11 47 207 253 214 811 191 85 66 
2 11 47 207 253 215 811 191 85 66 
2 11 47 207 253 216 811 191 85 66 
2 11 47 207 253 217 811 191 85 66 
2 11 47 207 253 218 811 191 85 66 
2 11 47 207 253 219 811 191 85 66 
2 11 47 207 253 220 811 191 85 66 
2 11 47 207 253 221 811 191 85 66 
2 11 47 207 253 222 811 191 85 66 
2 11 47 207 253 223 811 191 85 66 
2 11 47 207 253 224 811 191 85 66 
2 11 47 207 253 225 811 191 85 66 
2 11 47 207 253 226 811 191 85 66 
2 11 47 207 253 227 811 191 85 66 
2 11 47 207 253 228 811 191 85 66 
2 11 47 207 253 229 811 191 85 66 
2 11 47 207 253 230 811 191 85 66 
2 11 47 207 253 231 811 191 85 66 
2 11 47 207 253 232 811 191 85 66 
2 11 47 207 253 233 811 191 85 66 
2 11 47 207 253 234 811 191 85 66 
2 11 47 207 253 235 811 191 85 66 
2 11 47 207 253 236 811 191 85 66 
2 11 47 207 253 237 811 191 85 66 
2 11 47 207 253 238 811 191 85 66 
2 11 47 207 253 239 811 191 85 66 
2 11 47 207 253 240 811 191 85 66 
2 11 47 207 253 241 811 191 85 66 
2 11 47 207 253 242 811 191 85 66 
2 11 47 207 253 243 811 191 85 66 
2 11 47 207 253 244 811 191 85 66 
2 11 47 207 253 245 811 191 85 66 
2 11 47 207 253 246 811 191 85 66 
2 11 47 207 253 247 811 191 85 66 
2 11 47 207 253 248 811 191 85 66 
2 11 47 207 253 249 811 191 85 66 
2 11 47 207 253 250 811 191 85 66 
2 11 47 207 253 251 811 191 85 66 
2 11 47 207 253 252 811 191 85 66 
2 11 47 207 253 253 811 191 85 66 
3 9 282 358 639 358 430 584 110 134 
3 9 282 358 639 359 428 581 112 137 
3 9 282 358 639 360 429 581 108 137 
3 9 282 358 639 361 428 580 106 138 
3 9 282 358 639 362 426 580 106 138 
3 9 282 358 639 363 424 578 106 141 
3 9 282 358 639 364 422 578 108 141 
3 9 282 358 639 365 422 578 108 141 
3 9 282 358 639 366 418 575 110 143 
3 9 282 358 639 367 416 575 110 143 
3 9 282 358 639 368 414 573 110 146 
3 9 282 358 639 369 410 573 114 146 
3 9 282 358 639 370 407 570 118 148 
3 9 282 358 639 371 405 570 118 148 
3 9 282 358 639 372 403 569 118 149 
3 9 282 358 639 373 400 569 120 149 
3 9 282 358 639 374 398 566 120 152 
3 9 282 358 639 375 395 566 124 152 
3 9 282 358 639 376 392 564 126 154 
3 9 282 358 639 377 389 564 128 154 
3 9 282 358 639 378 387 561 128 157 
3 9 282 358 639 379 385 561 128 157 
3 9 282 358 639 380 383 561 130 157 
3 9 282 358 639 381 382 560 128 158 
3 9 282 358 639 382 384 560 120 158 
3 9 282 358 639 383 385 558 114 161 
3 9 282 358 639 384 386 558 110 161 
3 9 282 358 639 385 384 555 110 163 
3 9 282 358 639 386 382 555 110 163 
3 9 282 358 639 387 380 553 112 166 
3 9 282 358 639 388 379 553 110 166 
3 9 282 358 639 389 377 553 110 166 
3 9 282 358 639 390 375 550 110 168 
3 9 282 358 639 391 373 550 110 168 
3 9 282 358 639 392 372 549 110 169 
3 9 282 358 639 393 369 549 114 169 
3 9 282 358 639 394 367 549 114 169 
3 9 282 358 639 395 365 546 114 172 
3 9 282 358 639 396 363 546 114 172 
3 9 282 358 639 397 362 544 114 174 
3 9 282 358 639 398 360 544 114 174 
3 9 282 358 639 399 358 544 114 174 
3 9 282 358 639 400 356 541 114 177 
3 9 282 358 639 401 356 541 112 177 
3 9 282 358 639 402 353 541 116 177 
3 9 282 358 639 403 354 541 110 178 
3 9 282 358 639 404 356 541 102 178 
3 9 282 358 639 405 357 541 100 178 
3 9 282 358 639 406 355 539 100 180 
3 9 282 358 639 407 353 539 100 180 
3 9 282 358 639 408 351 539 100 179 
3 9 282 358 639 409 351 539 100 179 
3 9 282 358 639 410 350 539 98 179 
3 9 282 358 639 411 348 539 100 179 
3 9 282 358 639 412 348 539 100 179 
3 9 282 358 639 413 346 539 100 179 
3 9 282 358 639 414 344 540 100 178 
3 9 282 358 639 415 343 540 98 178 
3 9 282 358 639 416 343 540 98 178 
3 9 282 358 639 417 341 540 100 178 
3 9 282 358 639 418 339 540 100 178 
3 9 282 358 639 419 339 541 100 177 
3 9 282 358 639 420 337 541 100 177 
3 9 282 358 639 421 335 541 100 177 
3 9 282 358 639 422 334 541 98 177 
3 9 282 358 639 423 334 541 98 177 
3 9 282 358 639 424 332 542 100 177 
3 9 282 358 639 425 330 542 100 177 
3 9 282 358 639 426 330 542 100 177 
3 9 282 358 639 427 328 542 100 176 
3 9 282 358 639 428 327 542 98 176 
3 9 282 358 639 429 327 542 98 176 
3 9 282 358 639 430 325 540 100 178 
3 9 282 358 639 431 323 538 100 181 
3 9 282 358 639 432 321 538 100 181 
3 9 282 358 639 433 319 535 100 183 
3 9 282 358 639 434 318 535 98 183 
3 9 282 358 639 435 316 534 100 184 
3 9 282 358 639 436 314 534 100 184 
3 9 282 358 639 437 312 531 100 187 
3 9 282 358 639 438 311 531 98 187 
3 9 282 358 639 439 309 529 100 189 
3 9 282 358 639 440 309 529 100 189 
3 9 282 358 639 441 307 527 100 191 
3 9 282 358 639 442 305 527 100 191 
3 9 282 358 639 443 305 526 100 192 
3 9 282 358 639 444 303 526 100 192 
3 9 282 358 639 445 303 524 100 194 
3 9 282 358 639 446 302 524 98 194 
3 9 282 358 639 447 302 522 98 196 
3 9 282 358 639 448 300 522 100 196 
3 9 282 358 639 449 300 520 100 198 
3 9 282 358 639 450 298 520 100 198 
3 9 282 358 639 451 296 520 100 198 
3 9 282 358 639 452 296 518 100 201 
3 9 282 358 639 453 295 518 98 200 
3 9 282 358 639 454 295 517 98 201 
3 9 282 358 639 455 293 517 100 199 
3 9 282 358 639 456 293 515 100 202 
3 9 282 358 639 457 291 515 100 199 
3 9 282 358 639 458 291 513 100 202 
3 9 282 358 639 459 289 513 100 199 
3 9 282 358 639 460 287 513 100 199 
3 9 282 358 639 461 287 511 100 201 
3 9 282 358 639 462 286 511 98 201 
3 9 282 358 639 463 286 510 98 199 
3 9 282 358 639 464 284 510 100 199 
3 9 282 358 639 465 284 508 100 199 
3 9 282 358 639 466 282 508 100 199 
3 9 282 358 639 467 282 506 100 199 
3 9 282 358 639 468 280 506 100 199 
3 9 282 358 639 469 280 506 100 199 
3 9 282 358 639 470 280 504 100 201 
3 9 282 358 639 471 280 504 100 201 
3 9 282 358 639 472 280 502 100 201 
3 9 282 358 639 473 282 502 100 201 
3 9 282 358 639 474 282 501 100 199 
3 9 282 358 639 475 282 501 100 199 
3 9 282 358 639 476 282 499 100 199 
3 9 282 358 639 477 284 499 100 199 
3 9 282 358 639 478 284 500 100 196 
3 9 282 358 639 479 284 497 100 199 
3 9 282 358 639 480 284 498 100 198 
3 9 282 358 639 481 286 495 98 201 
3 9 282 358 639 482 286 496 98 198 
3 9 282 358 639 483 286 494 98 199 
3 9 282 358 639 484 286 495 98 196 
3 9 282 358 639 485 287 495 100 196 
3 9 282 358 639 486 288 493 96 196 
3 9 282 358 639 487 288 493 96 195 
3 9 282 358 639 488 288 493 96 195 
3 9 282 358 639 489 288 491 96 195 
3 9 282 358 639 490 288 491 96 195 
3 9 282 358 639 491 288 492 96 192 
3 9 282 358 639 492 291 489 90 195 
3 9 282 358 639 493 291 490 90 192 
3 9 282 358 639 494 291 490 90 192 
3 9 282 358 639 495 291 488 90 192 
3 9 282 358 639 496 291 488 90 192 
3 9 282 358 639 497 291 488 90 190 
3 9 282 358 639 498 294 488 86 190 
3 9 282 358 639 499 294 487 86 189 
3 9 282 358 639 500 294 488 86 186 
3 9 282 358 639 501 294 488 88 186 
3 9 282 358 639 502 294 488 88 183 
3 9 282 358 639 503 293 486 92 186 
3 9 282 358 639 504 293 486 92 184 
3 9 282 358 639 505 295 486 92 184 
3 9 282 358 639 506 295 486 92 181 
3 9 282 358 639 507 294 484 96 184 
3 9 282 358 639 508 294 484 96 181 
3 9 282 358 639 509 293 484 100 181 
3 9 282 358 639 510 293 485 100 178 
3 9 282 358 639 511 295 485 98 178 
3 9 282 358 639 512 295 483 98 178 
3 9 282 358 639 513 295 483 98 178 
3 9 282 358 639 514 295 483 98 177 
3 9 282 358 639 515 295 482 98 178 
3 9 282 358 639 516 295 482 98 178 
3 9 282 358 639 517 295 482 98 175 
3 9 282 358 639 518 295 480 98 178 
3 9 282 358 639 519 297 480 96 178 
3 9 282 358 639 520 297 480 96 175 
3 9 282 358 639 521 297 480 96 175 
3 9 282 358 639 522 297 478 96 175 
3 9 282 358 639 523 296 478 100 175 
3 9 282 358 639 524 296 478 100 175 
3 9 282 358 639 525 296 476 100 177 
3 9 282 358 639 526 299 476 96 177 
3 9 282 358 639 527 299 476 96 177 
3 9 282 358 639 528 299 474 96 177 
3 9 282 358 639 529 299 474 96 177 
3 9 282 358 639 530 299 475 96 174 
3 9 282 358 639 531 299 475 96 174 
3 9 282 358 639 532 299 473 96 175 
3 9 282 358 639 533 299 474 96 172 
3 9 282 358 639 534 301 474 96 172 
3 9 282 358 639 535 301 471 96 175 
3 9 282 358 639 536 301 472 96 172 
3 9 282 358 639 537 301 472 96 172 
3 9 282 358 639 538 301 470 96 174 
3 9 282 358 639 539 301 470 96 174 
3 9 282 358 639 540 301 470 96 174 
3 9 282 358 639 541 304 470 92 171 
3 9 282 358 639 542 304 468 92 174 
3 9 282 358 639 543 304 468 92 174 
3 9 282 358 639 544 304 468 92 171 
3 9 282 358 639 545 303 467 96 172 
3 9 282 358 639 546 303 467 96 169 
3 9 282 358 639 547 303 467 96 169 
3 9 282 358 639 548 303 465 96 172 
3 9 282 358 639 549 304 465 94 171 
3 9 282 358 639 550 304 465 94 171 
3 9 282 358 639 551 304 465 94 171 
3 9 282 358 639 552 304 463 94 171 
3 9 282 358 639 553 304 463 94 171 
3 9 282 358 639 554 304 464 94 168 
3 9 282 358 639 555 304 461 94 171 
3 9 282 358 639 556 307 461 92 171 
3 9 282 358 639 557 307 462 92 168 
3 9 282 358 639 558 307 459 92 171 
3 9 282 358 639 559 307 459 92 171 
3 9 282 358 639 560 307 460 92 168 
3 9 282 358 639 561 307 460 92 168 
3 9 282 358 639 562 307 459 92 168 
3 9 282 358 639 563 307 459 92 168 
3 9 282 358 639 564 310 459 88 168 
3 9 282 358 639 565 310 457 88 168 
3 9 282 358 639 566 310 457 88 168 
3 9 282 358 639 567 309 457 92 168 
3 9 282 358 639 568 309 455 92 168 
3 9 282 358 639 569 309 455 92 168 
3 9 282 358 639 570 309 455 92 165 
3 9 282 358 639 571 312 455 88 165 
3 9 282 358 639 572 312 453 88 168 
3 9 282 358 639 573 312 453 88 166 
3 9 282 358 639 574 312 453 88 166 
3 9 282 358 639 575 312 452 88 168 
3 9 282 358 639 576 312 452 88 165 
3 9 282 358 639 577 312 452 88 165 
3 9 282 358 639 578 314 452 88 165 
3 9 282 358 639 579 312 450 88 165 
3 9 282 358 639 580 312 450 88 165 
3 9 282 358 639 581 312 450 88 165 
3 9 282 358 639 582 312 451 88 162 
3 9 282 358 639 583 313 448 84 165 
3 9 282 358 639 584 313 448 84 165 
3 9 282 358 639 585 310 449 88 162 
3 9 282 358 639 586 310 449 88 162 
3 9 282 358 639 587 310 446 86 165 
3 9 282 358 639 588 310 446 86 163 
3 9 282 358 639 589 310 446 86 163 
3 9 282 358 639 590 310 446 86 163 
3 9 282 358 639 591 308 444 86 163 
3 9 282 358 639 592 308 444 86 163 
3 9 282 358 639 593 306 444 86 163 
3 9 282 358 639 594 306 444 86 163 
3 9 282 358 639 595 306 444 86 163 
3 9 282 358 639 596 306 445 84 160 
3 9 282 358 639 597 306 445 84 160 
3 9 282 358 639 598 303 445 86 160 
3 9 282 358 639 599 303 445 86 160 
3 9 282 358 639 600 303 445 86 160 
3 9 282 358 639 601 301 444 86 159 
3 9 282 358 639 602 301 444 86 159 
3 9 282 358 639 603 301 444 86 159 
3 9 282 358 639 604 298 444 90 159 
3 9 282 358 639 605 298 444 90 159 
3 9 282 358 639 606 299 444 86 159 
3 9 282 358 639 607 299 444 86 159 
3 9 282 358 639 608 298 444 88 159 
3 9 282 358 639 609 298 444 88 159 
3 9 282 358 639 610 298 444 88 159 
3 9 282 358 639 611 298 444 88 159 
3 9 282 358 639 612 299 442 84 160 
3 9 282 358 639 613 299 442 84 160 
3 9 282 358 639 614 299 442 84 160 
3 9 282 358 639 615 299 442 84 160 
3 9 282 358 639 616 297 440 84 160 
3 9 282 358 639 617 294 440 86 160 
3 9 282 358 639 618 295 440 82 160 
3 9 282 358 639 619 293 440 82 160 
3 9 282 358 639 620 293 440 82 160 
3 9 282 358 639 621 291 440 82 160 
3 9 282 358 639 622 292 440 80 160 
3 9 282 358 639 623 291 440 78 160 
3 9 282 358 639 624 291 440 78 160 
3 9 282 358 639 625 289 437 78 163 
3 9 282 358 639 626 289 437 78 163 
3 9 282 358 639 627 289 437 78 163 
3 9 282 358 639 628 286 437 82 163 
3 9 282 358 639 629 286 437 82 163 
3 9 282 358 639 630 287 437 78 163 
3 9 282 358 639 631 284 437 82 163 
3 9 282 358 639 632 284 436 82 165 
3 9 282 358 639 633 284 436 82 165 
3 9 282 358 639 634 283 436 84 165 
3 9 282 358 639 635 284 436 80 165 
3 9 282 358 639 636 284 436 80 165 
3 9 282 358 639 637 281 436 84 165 
3 9 282 358 639 638 281 436 84 165 
3 9 282 358 639 639 281 436 84 168 
4 9 282 358 639 358 372 590 110 128 
4 9 282 358 639 359 368 589 110 129 
4 9 282 358 639 360 366 589 110 129 
4 9 282 358 639 361 364 589 112 129 
4 9 282 358 639 362 363 586 110 132 
4 9 282 358 639 363 361 586 110 132 
4 9 282 358 639 364 359 586 110 132 
4 9 282 358 639 365 356 584 110 134 
4 9 282 358 639 366 354 584 110 134 
4 9 282 358 639 367 352 584 110 134 
4 9 282 358 639 368 350 581 110 137 
4 9 282 358 639 369 348 581 112 137 
4 9 282 358 639 370 347 581 110 137 
4 9 282 358 639 371 343 580 110 138 
4 9 282 358 639 372 341 580 110 138 
4 9 282 358 639 373 340 580 110 138 
4 9 282 358 639 374 338 578 110 141 
4 9 282 358 639 375 336 578 110 141 
4 9 282 358 639 376 334 578 110 141 
4 9 282 358 639 377 331 575 110 143 
4 9 282 358 639 378 329 575 110 143 
4 9 282 358 639 379 327 575 110 143 
4 9 282 358 639 380 325 573 110 146 
4 9 282 358 639 381 324 573 110 146 
4 9 282 358 639 382 322 573 110 146 
4 9 282 358 639 383 320 573 110 146 
4 9 282 358 639 384 318 571 110 148 
4 9 282 358 639 385 316 571 112 148 
4 9 282 358 639 386 315 569 110 149 
4 9 282 358 639 387 313 569 110 149 
4 9 282 358 639 388 311 567 110 151 
4 9 282 358 639 389 311 567 110 151 
4 9 282 358 639 390 309 564 110 154 
4 9 282 358 639 391 308 564 110 154 
4 9 282 358 639 392 306 564 110 154 
4 9 282 358 639 393 304 562 110 156 
4 9 282 358 639 394 302 562 110 156 
4 9 282 358 639 395 302 561 110 158 
4 9 282 358 639 396 300 561 112 158 
4 9 282 358 639 397 299 558 110 160 
4 9 282 358 639 398 297 558 110 160 
4 9 282 358 639 399 295 558 110 160 
4 9 282 358 639 400 293 556 110 163 
4 9 282 358 639 401 293 556 110 163 
4 9 282 358 639 402 292 553 110 165 
4 9 282 358 639 403 290 553 110 165 
4 9 282 358 639 404 288 551 110 168 
4 9 282 358 639 405 286 551 110 168 
4 9 282 358 639 406 284 549 112 169 
4 9 282 358 639 407 284 549 112 169 
4 9 282 358 639 408 283 550 110 168 
4 9 282 358 639 409 281 547 110 171 
4 9 282 358 639 410 279 547 110 171 
4 9 282 358 639 411 277 545 110 173 
4 9 282 358 639 412 276 545 110 173 
4 9 282 358 639 413 276 542 110 176 
4 9 282 358 639 414 274 542 110 176 
4 9 282 358 639 415 272 542 110 176 
4 9 282 358 639 416 270 541 110 177 
4 9 282 358 639 417 268 541 112 177 
4 9 282 358 639 418 267 539 110 180 
4 9 282 358 639 419 267 539 110 180 
4 9 282 358 639 420 265 536 110 182 
4 9 282 358 639 421 263 536 110 182 
4 9 282 358 639 422 261 534 110 185 
4 9 282 358 639 423 260 534 110 185 
4 9 282 358 639 424 258 534 110 185 
4 9 282 358 639 425 258 531 110 187 
4 9 282 358 639 426 256 531 110 187 
4 9 282 358 639 427 254 530 110 188 
4 9 282 358 639 428 252 530 112 188 
4 9 282 358 639 429 251 527 110 191 
4 9 282 358 639 430 249 527 110 191 
4 9 282 358 639 431 249 527 110 191 
4 9 282 358 639 432 247 525 110 193 
4 9 282 358 639 433 245 526 110 193 
4 9 282 358 639 434 245 526 110 193 
4 9 282 358 639 435 244 526 110 192 
4 9 282 358 639 436 245 524 106 195 
4 9 282 358 639 437 242 524 110 194 
4 9 282 358 639 438 243 524 106 194 
4 9 282 358 639 439 241 525 106 194 
4 9 282 358 639 440 241 523 106 195 
4 9 282 358 639 441 239 524 108 195 
4 9 282 358 639 442 240 524 104 195 
4 9 282 358 639 443 237 524 108 194 
4 9 282 358 639 444 236 522 106 197 
4 9 282 358 639 445 237 522 102 196 
4 9 282 358 639 446 234 522 106 196 
4 9 282 358 639 447 235 523 102 196 
4 9 282 358 639 448 233 520 104 198 
4 9 282 358 639 449 233 521 104 198 
4 9 282 358 639 450 231 521 104 198 
4 9 282 358 639 451 232 521 100 197 
4 9 282 358 639 452 230 518 102 200 
4 9 282 358 639 453 231 519 98 199 
4 9 282 358 639 454 229 519 100 199 
4 9 282 358 639 455 226 519 104 199 
4 9 282 358 639 456 227 517 100 201 
4 9 282 358 639 457 225 517 100 201 
4 9 282 358 639 458 225 517 100 201 
4 9 282 358 639 459 223 518 100 201 
4 9 282 358 639 460 224 516 96 202 
4 9 282 358 639 461 222 517 98 201 
4 9 282 358 639 462 223 517 96 201 
4 9 282 358 639 463 221 517 96 199 
4 9 282 358 639 464 221 517 96 199 
4 9 282 358 639 465 219 515 96 199 
4 9 282 358 639 466 217 515 96 199 
4 9 282 358 639 467 217 516 96 196 
4 9 282 358 639 468 216 513 96 199 
4 9 282 358 639 469 217 514 92 198 
4 9 282 358 639 470 214 514 96 198 
4 9 282 358 639 471 215 511 92 201 
4 9 282 358 639 472 212 512 96 198 
4 9 282 358 639 473 213 512 92 198 
4 9 282 358 639 474 211 511 92 196 
4 9 282 358 639 475 211 511 92 196 
4 9 282 358 639 476 208 511 94 193 
4 9 282 358 639 477 208 511 94 193 
4 9 282 358 639 478 208 509 92 196 
4 9 282 358 639 479 209 509 88 195 
4 9 282 358 639 480 206 509 92 195 
4 9 282 358 639 481 207 507 88 195 
4 9 282 358 639 482 204 507 92 195 
4 9 282 358 639 483 204 507 90 195 
4 9 282 358 639 484 202 505 90 195 
4 9 282 358 639 485 202 505 90 195 
4 9 282 358 639 486 202 506 88 192 
4 9 282 358 639 487 202 506 88 192 
4 9 282 358 639 488 200 504 88 192 
4 9 282 358 639 489 201 504 84 192 
4 9 282 358 639 490 198 504 88 192 
4 9 282 358 639 491 198 503 86 192 
4 9 282 358 639 492 195 503 90 192 
4 9 282 358 639 493 196 503 86 189 
4 9 282 358 639 494 194 501 86 192 
4 9 282 358 639 495 194 501 86 192 
4 9 282 358 639 496 194 501 84 189 
4 9 282 358 639 497 194 501 84 189 
4 9 282 358 639 498 191 499 86 189 
4 9 282 358 639 499 192 499 82 189 
4 9 282 358 639 500 189 499 86 187 
4 9 282 358 639 501 190 497 82 190 
4 9 282 358 639 502 187 497 86 190 
4 9 282 358 639 503 188 497 82 187 
4 9 282 358 639 504 188 496 80 189 
4 9 282 358 639 505 188 497 80 186 
4 9 282 358 639 506 185 497 82 186 
4 9 282 358 639 507 185 497 82 186 
4 9 282 358 639 508 183 495 82 186 
4 9 282 358 639 509 183 495 82 186 
4 9 282 358 639 510 181 495 82 183 
4 9 282 358 639 511 181 493 82 186 
4 9 282 358 639 512 178 493 86 186 
4 9 282 358 639 513 179 493 82 184 
4 9 282 358 639 514 178 493 84 184 
4 9 282 358 639 515 178 491 82 184 
4 9 282 358 639 516 175 491 86 184 
4 9 282 358 639 517 175 491 86 184 
4 9 282 358 639 518 173 489 86 184 
4 9 282 358 639 519 173 489 86 184 
4 9 282 358 639 520 173 489 86 184 
4 9 282 358 639 521 171 489 86 181 
4 9 282 358 639 522 171 488 86 183 
4 9 282 358 639 523 171 488 84 181 
4 9 282 358 639 524 171 488 84 181 
4 9 282 358 639 525 168 486 88 184 
4 9 282 358 639 526 169 486 84 181 
4 9 282 358 639 527 166 486 88 181 
4 9 282 358 639 528 166 486 88 181 
4 9 282 358 639 529 163 484 90 181 
4 9 282 358 639 530 163 484 90 181 
4 9 282 358 639 531 161 485 90 178 
4 9 282 358 639 532 161 485 90 178 
4 9 282 358 639 533 161 482 90 181 
4 9 282 358 639 534 161 483 88 178 
4 9 282 358 639 535 161 483 88 178 
4 9 282 358 639 536 159 482 88 178 
4 9 282 358 639 537 159 482 88 178 
4 9 282 358 639 538 156 482 92 178 
4 9 282 358 639 539 156 482 90 175 
4 9 282 358 639 540 153 480 94 178 
4 9 282 358 639 541 153 480 94 178 
4 9 282 358 639 542 153 480 92 175 
4 9 282 358 639 543 153 478 92 178 
4 9 282 358 639 544 151 478 92 175 
4 9 282 358 639 545 151 478 92 175 
4 9 282 358 639 546 151 478 92 175 
4 9 282 358 639 547 149 476 92 177 
4 9 282 358 639 548 149 476 92 177 
4 9 282 358 639 549 146 476 96 177 
4 9 282 358 639 550 147 474 92 177 
4 9 282 358 639 551 144 474 96 177 
4 9 282 358 639 552 144 475 94 174 
4 9 282 358 639 553 143 475 96 174 
4 9 282 358 639 554 143 473 96 175 
4 9 282 358 639 555 141 474 96 172 
4 9 282 358 639 556 141 474 96 172 
4 9 282 358 639 557 141 474 96 172 
4 9 282 358 639 558 142 472 92 172 
4 9 282 358 639 559 142 472 92 172 
4 9 282 358 639 560 142 470 92 174 
4 9 282 358 639 561 142 470 92 174 
4 9 282 358 639 562 145 470 88 171 
4 9 282 358 639 563 145 468 88 174 
4 9 282 358 639 564 145 468 88 174 
4 9 282 358 639 565 145 468 88 171 
4 9 282 358 639 566 146 467 86 172 
4 9 282 358 639 567 146 467 86 169 
4 9 282 358 639 568 146 467 86 169 
4 9 282 358 639 569 146 465 86 171 
4 9 282 358 639 570 149 465 82 171 
4 9 282 358 639 571 149 465 82 171 
4 9 282 358 639 572 149 463 82 171 
4 9 282 358 639 573 149 463 82 171 
4 9 282 358 639 574 149 464 82 168 
4 9 282 358 639 575 152 461 78 171 
4 9 282 358 639 576 152 462 78 168 
4 9 282 358 639 577 152 462 78 168 
4 9 282 358 639 578 152 459 78 171 
4 9 282 358 639 579 155 460 74 168 
4 9 282 358 639 580 155 460 74 168 
4 9 282 358 639 581 155 459 74 168 
4 9 282 358 639 582 155 459 74 168 
4 9 282 358 639 583 158 459 70 168 
4 9 282 358 639 584 158 457 70 168 
4 9 282 358 639 585 158 457 70 168 
4 9 282 358 639 586 157 457 74 165 
4 9 282 358 639 587 157 455 74 168 
4 9 282 358 639 588 158 455 76 165 
4 9 282 358 639 589 158 455 76 165 
4 9 282 358 639 590 158 453 76 168 
4 9 282 358 639 591 157 453 78 166 
4 9 282 358 639 592 160 453 74 166 
4 9 282 358 639 593 159 453 78 163 
4 9 282 358 639 594 159 452 78 165 
4 9 282 358 639 595 159 452 78 165 
4 9 282 358 639 596 161 453 78 162 
4 9 282 358 639 597 161 450 78 165 
4 9 282 358 639 598 160 451 82 162 
4 9 282 358 639 599 160 451 82 162 
4 9 282 358 639 600 162 451 82 162 
4 9 282 358 639 601 162 449 82 162 
4 9 282 358 639 602 163 449 82 162 
4 9 282 358 639 603 165 449 82 162 
4 9 282 358 639 604 167 449 82 162 
4 9 282 358 639 605 166 449 86 162 
4 9 282 358 639 606 169 449 84 162 
4 9 282 358 639 607 171 449 84 162 
4 9 282 358 639 608 171 449 86 162 
4 9 282 358 639 609 170 449 90 162 
4 9 282 358 639 610 172 449 90 162 
4 9 282 358 639 611 175 449 88 162 
4 9 282 358 639 612 177 449 88 162 
4 9 282 358 639 613 178 446 84 163 
4 9 282 358 639 614 178 446 84 163 
4 9 282 358 639 615 178 447 82 160 
4 9 282 358 639 616 180 447 80 160 
4 9 282 358 639 617 180 445 80 160 
4 9 282 358 639 618 183 445 76 157 
4 9 282 358 639 619 181 445 82 157 
4 9 282 358 639 620 180 446 86 156 
4 9 282 358 639 621 182 446 88 156 
4 9 282 358 639 622 184 446 88 156 
4 9 282 358 639 623 184 446 88 153 
4 9 282 358 639 624 186 446 88 153 
4 9 282 358 639 625 186 445 88 151 
4 9 282 358 639 626 186 445 90 151 
4 9 282 358 639 627 186 446 90 148 
4 9 282 358 639 628 186 446 90 148 
4 9 282 358 639 629 188 446 90 145 
4 9 282 358 639 630 188 444 90 147 
4 9 282 358 639 631 191 444 88 147 
4 9 282 358 639 632 191 445 88 144 
4 9 282 358 639 633 193 445 88 144 
4 9 282 358 639 634 193 438 90 151 
4 9 282 358 639 635 195 438 90 151 
4 9 282 358 639 636 195 438 90 151 
4 9 282 358 639 637 198 438 86 151 
4 9 282 358 639 638 198 438 86 151 
4 9 282 358 639 639 201 438 82 151 
