4 9 230 263 492 263 1234 213 45 103 
4 9 230 263 492 264 1228 213 51 103 
4 9 230 263 492 265 1222 213 57 103 
4 9 230 263 492 266 1217 213 61 103 
4 9 230 263 492 267 1213 211 65 103 
4 9 230 263 492 268 1212 211 66 103 
4 9 230 263 492 269 1211 211 67 103 
4 9 230 263 492 270 1206 211 72 103 
4 9 230 263 492 271 1205 211 74 103 
4 9 230 263 492 272 1204 211 74 103 
4 9 230 263 492 273 1200 211 74 103 
4 9 230 263 492 274 1198 211 76 103 
4 9 230 263 492 275 1198 211 70 103 
4 9 230 263 492 276 1193 211 74 103 
4 9 230 263 492 277 1192 211 72 103 
4 9 230 263 492 278 1190 211 72 103 
4 9 230 263 492 279 1190 211 66 103 
4 9 230 263 492 280 1185 211 72 103 
4 9 230 263 492 281 1184 211 68 103 
4 9 230 263 492 282 1183 211 66 103 
4 9 230 263 492 283 1179 209 68 103 
4 9 230 263 492 284 1177 209 68 103 
4 9 230 263 492 285 1176 209 64 103 
4 9 230 263 492 286 1172 209 68 103 
4 9 230 263 492 287 1171 209 64 103 
4 9 230 263 492 288 1169 209 64 103 
4 9 230 263 492 289 1169 209 60 103 
4 9 230 263 492 290 1164 209 64 103 
4 9 230 263 492 291 1163 209 60 103 
4 9 230 263 492 292 1160 209 62 103 
4 9 230 263 492 293 1158 209 60 103 
4 9 230 263 492 294 1156 209 60 103 
4 9 230 263 492 295 1154 209 58 103 
4 9 230 263 492 296 1151 209 60 103 
4 9 230 263 492 297 1150 209 56 103 
4 9 230 263 492 298 1147 209 58 103 
4 9 230 263 492 299 1145 209 58 103 
4 9 230 263 492 300 1142 207 60 105 
4 9 230 263 492 301 1140 206 58 103 
4 9 230 263 492 302 1138 206 58 103 
4 9 230 263 492 303 1138 206 56 103 
4 9 230 263 492 304 1136 206 56 103 
4 9 230 263 492 305 1134 204 54 106 
4 9 230 263 492 306 1132 204 54 106 
4 9 230 263 492 307 1130 204 54 106 
4 9 230 263 492 308 1130 204 52 106 
4 9 230 263 492 309 1127 204 54 106 
4 9 230 263 492 310 1123 204 54 103 
4 9 230 263 492 311 1123 204 52 103 
4 9 230 263 492 312 1121 204 52 103 
4 9 230 263 492 313 1118 204 54 103 
4 9 230 263 492 314 1116 207 54 100 
4 9 230 263 492 315 1114 207 54 97 
4 9 230 263 492 316 1114 207 52 97 
4 9 230 263 492 317 1111 207 54 97 
4 9 230 263 492 318 1109 207 54 97 
4 9 230 263 492 319 1107 209 54 96 
4 9 230 263 492 320 1105 209 52 96 
4 9 230 263 492 321 1102 209 54 96 
4 9 230 263 492 322 1100 209 54 96 
4 9 230 263 492 323 1098 209 54 96 
4 9 230 263 492 324 1098 209 52 96 
4 9 230 263 492 325 1095 209 54 96 
4 9 230 263 492 326 1093 209 54 96 
4 9 230 263 492 327 1091 209 54 96 
4 9 230 263 492 328 1091 209 52 96 
4 9 230 263 492 329 1089 208 52 96 
4 9 230 263 492 330 1086 208 54 96 
4 9 230 263 492 331 1084 208 54 96 
4 9 230 263 492 332 1082 208 54 96 
4 9 230 263 492 333 1082 208 52 96 
4 9 230 263 492 334 1079 208 54 96 
4 9 230 263 492 335 1077 208 54 96 
4 9 230 263 492 336 1075 208 54 96 
4 9 230 263 492 337 1073 208 52 93 
4 9 230 263 492 338 1070 209 54 90 
4 9 230 263 492 339 1066 209 54 90 
4 9 230 263 492 340 1066 209 52 87 
4 9 230 263 492 341 1063 210 54 84 
4 9 230 263 492 342 1059 210 54 84 
4 9 230 263 492 343 1059 210 52 82 
4 9 230 263 492 344 1057 210 52 82 
4 9 230 263 492 345 1052 208 54 82 
4 9 230 263 492 346 1050 208 54 82 
4 9 230 263 492 347 1050 208 52 82 
4 9 230 263 492 348 1045 205 54 85 
4 9 230 263 492 349 1043 206 54 82 
4 9 230 263 492 350 1043 206 52 82 
4 9 230 263 492 351 1038 206 54 82 
4 9 230 263 492 352 1036 205 54 85 
4 9 230 263 492 353 1034 205 54 85 
4 9 230 263 492 354 1034 205 52 88 
4 9 230 263 492 355 1031 205 54 88 
4 9 230 263 492 356 1029 205 54 90 
4 9 230 263 492 357 1027 205 54 90 
4 9 230 263 492 358 1027 204 52 93 
4 9 230 263 492 359 1025 206 52 93 
4 9 230 263 492 360 1019 206 58 93 
4 9 230 263 492 361 1017 206 58 93 
4 9 230 263 492 362 1017 206 56 93 
4 9 230 263 492 363 1012 206 60 93 
4 9 230 263 492 364 1009 206 62 96 
4 9 230 263 492 365 1009 206 60 96 
4 9 230 263 492 366 1004 206 64 96 
4 9 230 263 492 367 1002 206 64 96 
4 9 230 263 492 368 1000 206 64 96 
4 9 230 263 492 369 998 205 66 99 
4 9 230 263 492 370 997 203 64 99 
4 9 230 263 492 371 995 203 64 99 
4 9 230 263 492 372 993 203 64 99 
4 9 230 263 492 373 992 203 64 99 
4 9 230 263 492 374 991 203 60 99 
4 9 230 263 492 375 989 203 60 99 
4 9 230 263 492 376 987 203 60 99 
4 9 230 263 492 377 987 203 58 99 
4 9 230 263 492 378 985 203 56 99 
4 9 230 263 492 379 983 203 56 99 
4 9 230 263 492 380 980 203 58 99 
4 9 230 263 492 381 978 203 58 99 
4 9 230 263 492 382 978 203 56 99 
4 9 230 263 492 383 976 203 56 99 
4 9 230 263 492 384 974 203 56 99 
4 9 230 263 492 385 971 203 58 99 
4 9 230 263 492 386 969 205 58 99 
4 9 230 263 492 387 966 206 60 96 
4 9 230 263 492 388 964 206 60 96 
4 9 230 263 492 389 960 206 64 96 
4 9 230 263 492 390 957 206 68 96 
4 9 230 263 492 391 952 206 72 93 
4 9 230 263 492 392 950 206 72 93 
4 9 230 263 492 393 946 206 74 93 
4 9 230 263 492 394 943 209 78 90 
4 9 230 263 492 395 942 206 76 93 
4 9 230 263 492 396 941 206 74 93 
4 9 230 263 492 397 939 206 74 93 
4 9 230 263 492 398 937 206 74 93 
4 9 230 263 492 399 936 204 72 96 
4 9 230 263 492 400 934 204 72 96 
4 9 230 263 492 401 933 204 70 96 
4 9 230 263 492 402 931 204 70 96 
4 9 230 263 492 403 932 204 68 96 
4 9 230 263 492 404 931 204 64 96 
4 9 230 263 492 405 929 204 64 96 
4 9 230 263 492 406 928 204 64 96 
4 9 230 263 492 407 926 204 64 96 
4 9 230 263 492 408 924 204 64 96 
4 9 230 263 492 409 923 204 60 96 
4 9 230 263 492 410 920 204 62 96 
4 9 230 263 492 411 920 204 60 96 
4 9 230 263 492 412 918 204 60 96 
4 9 230 263 492 413 919 204 56 96 
4 9 230 263 492 414 913 204 62 96 
4 9 230 263 492 415 913 204 60 96 
4 9 230 263 492 416 911 204 60 96 
4 9 230 263 492 417 909 204 60 96 
4 9 230 263 492 418 907 204 60 96 
4 9 230 263 492 419 904 204 62 96 
4 9 230 263 492 420 904 204 60 96 
4 9 230 263 492 421 902 204 60 96 
4 9 230 263 492 422 899 204 64 96 
4 9 230 263 492 423 897 205 62 90 
4 9 230 263 492 424 897 205 60 88 
4 9 230 263 492 425 896 205 56 85 
4 9 230 263 492 426 894 206 56 82 
4 9 230 263 492 427 892 207 54 78 
4 9 230 263 492 428 890 207 54 75 
4 9 230 263 492 429 890 208 50 72 
4 9 230 263 492 430 888 208 50 69 
4 9 230 263 492 431 884 206 50 69 
4 9 230 263 492 432 884 206 48 69 
4 9 230 263 492 433 881 206 50 69 
4 9 230 263 492 434 879 206 50 69 
4 9 230 263 492 435 875 206 50 69 
4 9 230 263 492 436 874 206 50 69 
4 9 230 263 492 437 872 206 50 69 
4 9 230 263 492 438 870 206 50 69 
4 9 230 263 492 439 868 206 50 69 
4 9 230 263 492 440 868 206 48 69 
4 9 230 263 492 441 865 206 50 69 
4 9 230 263 492 442 863 206 50 69 
4 9 230 263 492 443 861 206 50 69 
4 9 230 263 492 444 859 208 50 69 
4 9 230 263 492 445 858 208 50 69 
4 9 230 263 492 446 856 208 50 69 
4 9 230 263 492 447 854 208 50 69 
4 9 230 263 492 448 852 208 50 69 
4 9 230 263 492 449 852 208 48 69 
4 9 230 263 492 450 849 208 50 69 
4 9 230 263 492 451 847 208 50 69 
4 9 230 263 492 452 845 208 50 69 
4 9 230 263 492 453 843 208 50 69 
4 9 230 263 492 454 840 208 50 69 
4 9 230 263 492 455 838 208 50 69 
4 9 230 263 492 456 836 208 50 69 
4 9 230 263 492 457 833 208 50 69 
4 9 230 263 492 458 831 208 50 69 
4 9 230 263 492 459 829 208 50 69 
4 9 230 263 492 460 827 208 50 69 
4 9 230 263 492 461 826 208 50 69 
4 9 230 263 492 462 824 208 50 69 
4 9 230 263 492 463 822 208 50 72 
4 9 230 263 492 464 820 208 50 72 
4 9 230 263 492 465 820 208 48 72 
4 9 230 263 492 466 817 207 50 75 
4 9 230 263 492 467 815 207 50 75 
4 9 230 263 492 468 813 207 50 75 
4 9 230 263 492 469 811 209 50 75 
4 9 230 263 492 470 807 207 54 78 
4 9 230 263 492 471 805 206 54 79 
4 9 230 263 492 472 803 206 54 79 
4 9 230 263 492 473 803 206 52 82 
4 9 230 263 492 474 801 206 52 82 
4 9 230 263 492 475 798 203 54 88 
4 9 230 263 492 476 796 203 54 88 
4 9 230 263 492 477 794 202 54 91 
4 9 230 263 492 478 794 202 52 91 
4 9 230 263 492 479 791 202 54 93 
4 9 230 263 492 480 789 202 54 93 
4 9 230 263 492 481 787 202 54 93 
4 9 230 263 492 482 787 202 52 93 
4 9 230 263 492 483 785 202 52 93 
4 9 230 263 492 484 782 202 54 93 
4 9 230 263 492 485 780 202 54 93 
4 9 230 263 492 486 778 202 54 93 
4 9 230 263 492 487 778 202 52 93 
4 9 230 263 492 488 775 202 54 93 
4 9 230 263 492 489 775 202 54 93 
4 9 230 263 492 490 773 202 54 93 
4 9 230 263 492 491 771 202 54 93 
4 9 230 263 492 492 771 202 54 93 
