2 11 85 213 297 213 819 193 78 75 
2 11 85 213 297 214 819 193 78 75 
2 11 85 213 297 215 819 193 78 75 
2 11 85 213 297 216 819 193 78 75 
2 11 85 213 297 217 819 193 78 75 
2 11 85 213 297 218 819 193 78 75 
2 11 85 213 297 219 819 193 78 75 
2 11 85 213 297 220 819 193 78 75 
2 11 85 213 297 221 819 193 78 75 
2 11 85 213 297 222 819 193 78 75 
2 11 85 213 297 223 819 193 78 75 
2 11 85 213 297 224 819 193 78 75 
2 11 85 213 297 225 819 193 78 75 
2 11 85 213 297 226 819 193 78 75 
2 11 85 213 297 227 819 193 78 75 
2 11 85 213 297 228 819 193 78 75 
2 11 85 213 297 229 819 193 78 75 
2 11 85 213 297 230 819 193 78 75 
2 11 85 213 297 231 819 193 78 75 
2 11 85 213 297 232 819 193 78 75 
2 11 85 213 297 233 819 193 78 75 
2 11 85 213 297 234 819 193 78 75 
2 11 85 213 297 235 819 193 78 75 
2 11 85 213 297 236 819 193 78 75 
2 11 85 213 297 237 819 193 78 75 
2 11 85 213 297 238 819 193 78 75 
2 11 85 213 297 239 819 193 78 75 
2 11 85 213 297 240 819 193 78 75 
2 11 85 213 297 241 819 193 78 75 
2 11 85 213 297 242 819 193 78 75 
2 11 85 213 297 243 819 193 78 75 
2 11 85 213 297 244 819 193 78 75 
2 11 85 213 297 245 819 193 78 75 
2 11 85 213 297 246 819 193 78 75 
2 11 85 213 297 247 819 193 78 75 
2 11 85 213 297 248 819 193 78 75 
2 11 85 213 297 249 819 193 78 75 
2 11 85 213 297 250 819 193 78 75 
2 11 85 213 297 251 819 193 78 75 
2 11 85 213 297 252 819 193 78 75 
2 11 85 213 297 253 819 193 78 75 
2 11 85 213 297 254 819 193 78 75 
2 11 85 213 297 255 819 193 78 75 
2 11 85 213 297 256 819 193 78 75 
2 11 85 213 297 257 819 193 78 75 
2 11 85 213 297 258 819 193 78 75 
2 11 85 213 297 259 819 193 78 75 
2 11 85 213 297 260 819 193 78 75 
2 11 85 213 297 261 819 193 78 75 
2 11 85 213 297 262 819 193 78 75 
2 11 85 213 297 263 819 193 78 75 
2 11 85 213 297 264 819 193 78 75 
2 11 85 213 297 265 819 193 78 75 
2 11 85 213 297 266 819 193 78 75 
2 11 85 213 297 267 819 193 78 75 
2 11 85 213 297 268 819 193 78 75 
2 11 85 213 297 269 819 193 78 75 
2 11 85 213 297 270 819 193 78 75 
2 11 85 213 297 271 819 193 78 75 
2 11 85 213 297 272 819 193 78 75 
2 11 85 213 297 273 819 193 78 75 
2 11 85 213 297 274 819 193 78 75 
2 11 85 213 297 275 819 193 78 75 
2 11 85 213 297 276 819 193 78 75 
2 11 85 213 297 277 819 193 78 75 
2 11 85 213 297 278 819 193 78 75 
2 11 85 213 297 279 819 193 78 75 
2 11 85 213 297 280 819 193 78 75 
2 11 85 213 297 281 819 193 78 75 
2 11 85 213 297 282 819 193 78 75 
2 11 85 213 297 283 819 193 78 75 
2 11 85 213 297 284 819 193 78 75 
2 11 85 213 297 285 819 193 78 75 
2 11 85 213 297 286 819 193 78 75 
2 11 85 213 297 287 819 193 78 75 
2 11 85 213 297 288 819 193 78 75 
2 11 85 213 297 289 819 193 78 75 
2 11 85 213 297 290 819 193 78 75 
2 11 85 213 297 291 819 193 78 75 
2 11 85 213 297 292 819 193 78 75 
2 11 85 213 297 293 819 193 78 75 
2 11 85 213 297 294 819 193 78 75 
2 11 85 213 297 295 819 193 78 75 
2 11 85 213 297 296 819 193 78 75 
2 11 85 213 297 297 819 193 78 75 
3 12 47 248 294 248 807 193 85 76 
3 12 47 248 294 249 807 193 85 76 
3 12 47 248 294 250 807 193 85 76 
3 12 47 248 294 251 807 193 85 76 
3 12 47 248 294 252 807 193 85 76 
3 12 47 248 294 253 807 193 85 76 
3 12 47 248 294 254 807 193 85 76 
3 12 47 248 294 255 807 193 85 76 
3 12 47 248 294 256 807 193 85 76 
3 12 47 248 294 257 807 193 85 76 
3 12 47 248 294 258 807 193 85 76 
3 12 47 248 294 259 807 193 85 76 
3 12 47 248 294 260 807 193 85 76 
3 12 47 248 294 261 807 193 85 76 
3 12 47 248 294 262 807 193 85 76 
3 12 47 248 294 263 807 193 85 76 
3 12 47 248 294 264 807 193 85 76 
3 12 47 248 294 265 807 193 85 76 
3 12 47 248 294 266 807 193 85 76 
3 12 47 248 294 267 807 193 85 76 
3 12 47 248 294 268 807 193 85 76 
3 12 47 248 294 269 807 193 85 76 
3 12 47 248 294 270 807 193 85 76 
3 12 47 248 294 271 807 193 85 76 
3 12 47 248 294 272 807 193 85 76 
3 12 47 248 294 273 807 193 85 76 
3 12 47 248 294 274 807 193 85 76 
3 12 47 248 294 275 807 193 85 76 
3 12 47 248 294 276 807 193 85 76 
3 12 47 248 294 277 807 193 85 76 
3 12 47 248 294 278 807 193 85 76 
3 12 47 248 294 279 807 193 85 76 
3 12 47 248 294 280 807 193 85 76 
3 12 47 248 294 281 807 193 85 76 
3 12 47 248 294 282 807 193 85 76 
3 12 47 248 294 283 807 193 85 76 
3 12 47 248 294 284 807 193 85 76 
3 12 47 248 294 285 807 193 85 76 
3 12 47 248 294 286 807 193 85 76 
3 12 47 248 294 287 807 193 85 76 
3 12 47 248 294 288 807 193 85 76 
3 12 47 248 294 289 807 193 85 76 
3 12 47 248 294 290 807 193 85 76 
3 12 47 248 294 291 807 193 85 76 
3 12 47 248 294 292 807 193 85 76 
3 12 47 248 294 293 807 193 85 76 
3 12 47 248 294 294 807 193 85 76 
5 9 146 0 145 0 997 190 46 82 
5 9 146 0 145 1 997 190 46 82 
5 9 146 0 145 2 999 190 46 82 
5 9 146 0 145 3 1001 190 46 82 
5 9 146 0 145 4 1003 190 46 82 
5 9 146 0 145 5 1004 190 48 82 
5 9 146 0 145 6 1006 190 46 82 
5 9 146 0 145 7 1008 190 46 82 
5 9 146 0 145 8 1010 190 46 82 
5 9 146 0 145 9 1010 190 46 82 
5 9 146 0 145 10 1012 190 46 82 
5 9 146 0 145 11 1013 190 46 82 
5 9 146 0 145 12 1015 190 46 82 
5 9 146 0 145 13 1017 190 46 82 
5 9 146 0 145 14 1019 190 46 82 
5 9 146 0 145 15 1020 190 48 82 
5 9 146 0 145 16 1022 190 46 82 
5 9 146 0 145 17 1022 188 46 82 
5 9 146 0 145 18 1024 188 46 82 
5 9 146 0 145 19 1026 188 46 82 
5 9 146 0 145 20 1028 188 46 82 
5 9 146 0 145 21 1029 188 46 82 
5 9 146 0 145 22 1031 188 46 82 
5 9 146 0 145 23 1033 188 46 82 
5 9 146 0 145 24 1035 188 46 82 
5 9 146 0 145 25 1036 188 48 82 
5 9 146 0 145 26 1038 188 46 82 
5 9 146 0 145 27 1040 188 46 82 
5 9 146 0 145 28 1040 188 46 82 
5 9 146 0 145 29 1042 188 46 82 
5 9 146 0 145 30 1044 188 46 82 
5 9 146 0 145 31 1045 188 46 82 
5 9 146 0 145 32 1047 188 46 82 
5 9 146 0 145 33 1049 188 46 82 
5 9 146 0 145 34 1051 188 46 82 
5 9 146 0 145 35 1052 188 48 82 
5 9 146 0 145 36 1054 188 46 82 
5 9 146 0 145 37 1056 188 46 82 
5 9 146 0 145 38 1058 188 46 82 
5 9 146 0 145 39 1060 188 46 82 
5 9 146 0 145 40 1061 188 46 82 
5 9 146 0 145 41 1063 188 46 82 
5 9 146 0 145 42 1065 188 46 82 
5 9 146 0 145 43 1067 188 46 82 
5 9 146 0 145 44 1068 188 48 82 
5 9 146 0 145 45 1070 188 46 82 
5 9 146 0 145 46 1072 188 46 82 
5 9 146 0 145 47 1074 188 46 82 
5 9 146 0 145 48 1076 188 46 82 
5 9 146 0 145 49 1077 188 46 82 
5 9 146 0 145 50 1079 188 46 82 
5 9 146 0 145 51 1081 188 46 82 
5 9 146 0 145 52 1083 188 46 82 
5 9 146 0 145 53 1084 188 48 82 
5 9 146 0 145 54 1086 188 46 82 
5 9 146 0 145 55 1086 188 46 82 
5 9 146 0 145 56 1088 188 46 82 
5 9 146 0 145 57 1090 188 46 82 
5 9 146 0 145 58 1092 188 46 82 
5 9 146 0 145 59 1093 188 46 82 
5 9 146 0 145 60 1095 188 46 82 
5 9 146 0 145 61 1097 188 46 82 
5 9 146 0 145 62 1099 188 46 82 
5 9 146 0 145 63 1100 188 48 82 
5 9 146 0 145 64 1102 188 46 82 
5 9 146 0 145 65 1104 188 46 82 
5 9 146 0 145 66 1106 188 46 82 
5 9 146 0 145 67 1108 188 46 82 
5 9 146 0 145 68 1109 188 46 82 
5 9 146 0 145 69 1111 188 46 82 
5 9 146 0 145 70 1113 188 46 82 
5 9 146 0 145 71 1115 188 46 82 
5 9 146 0 145 72 1116 188 48 82 
5 9 146 0 145 73 1118 188 46 82 
5 9 146 0 145 74 1120 188 46 82 
5 9 146 0 145 75 1122 188 46 82 
5 9 146 0 145 76 1124 188 46 82 
5 9 146 0 145 77 1125 188 46 82 
5 9 146 0 145 78 1127 188 46 82 
5 9 146 0 145 79 1129 188 46 82 
5 9 146 0 145 80 1131 188 46 82 
5 9 146 0 145 81 1132 188 48 82 
5 9 146 0 145 82 1134 188 46 82 
5 9 146 0 145 83 1136 188 46 82 
5 9 146 0 145 84 1138 188 46 82 
5 9 146 0 145 85 1141 188 46 82 
5 9 146 0 145 86 1143 186 46 84 
5 9 146 0 145 87 1145 186 46 84 
5 9 146 0 145 88 1147 186 46 84 
5 9 146 0 145 89 1148 186 48 84 
5 9 146 0 145 90 1150 186 46 84 
5 9 146 0 145 91 1152 186 46 84 
5 9 146 0 145 92 1154 186 46 84 
5 9 146 0 145 93 1156 186 46 84 
5 9 146 0 145 94 1157 185 46 82 
5 9 146 0 145 95 1159 185 46 82 
5 9 146 0 145 96 1161 185 46 82 
5 9 146 0 145 97 1163 185 46 82 
5 9 146 0 145 98 1164 185 48 82 
5 9 146 0 145 99 1166 185 46 82 
5 9 146 0 145 100 1168 185 46 82 
5 9 146 0 145 101 1170 185 46 82 
5 9 146 0 145 102 1172 185 46 82 
5 9 146 0 145 103 1173 185 46 82 
5 9 146 0 145 104 1175 185 46 82 
5 9 146 0 145 105 1177 185 46 82 
5 9 146 0 145 106 1179 185 46 82 
5 9 146 0 145 107 1180 185 48 82 
5 9 146 0 145 108 1182 185 46 82 
5 9 146 0 145 109 1184 185 46 82 
5 9 146 0 145 110 1186 185 46 82 
5 9 146 0 145 111 1188 185 46 82 
5 9 146 0 145 112 1189 185 46 82 
5 9 146 0 145 113 1191 185 46 82 
5 9 146 0 145 114 1193 185 46 82 
5 9 146 0 145 115 1195 185 46 82 
5 9 146 0 145 116 1196 185 48 82 
5 9 146 0 145 117 1198 185 46 82 
5 9 146 0 145 118 1200 185 46 82 
5 9 146 0 145 119 1202 185 46 82 
5 9 146 0 145 120 1204 185 46 82 
5 9 146 0 145 121 1205 185 46 82 
5 9 146 0 145 122 1209 185 46 82 
5 9 146 0 145 123 1209 183 46 82 
5 9 146 0 145 124 1211 183 46 82 
5 9 146 0 145 125 1212 183 48 82 
5 9 146 0 145 126 1214 183 46 82 
5 9 146 0 145 127 1216 183 46 82 
5 9 146 0 145 128 1218 183 46 82 
5 9 146 0 145 129 1220 183 46 82 
5 9 146 0 145 130 1221 183 46 82 
5 9 146 0 145 131 1223 183 46 82 
5 9 146 0 145 132 1225 183 46 82 
5 9 146 0 145 133 1227 183 46 82 
5 9 146 0 145 134 1228 183 48 82 
5 9 146 0 145 135 1230 183 46 82 
5 9 146 0 145 136 1232 183 46 82 
5 9 146 0 145 137 1234 183 44 82 
5 9 146 0 145 138 1236 183 42 82 
5 9 146 0 145 139 1237 183 41 82 
5 9 146 0 145 140 1239 183 39 82 
5 9 146 0 145 141 1243 183 35 82 
5 9 146 0 145 142 1243 183 35 82 
5 9 146 0 145 143 1243 183 35 82 
5 9 146 0 145 144 1243 183 35 82 
5 9 146 0 145 145 1243 183 35 82 
6 9 188 0 187 0 906 191 50 85 
6 9 188 0 187 1 906 191 50 85 
6 9 188 0 187 2 907 191 50 85 
6 9 188 0 187 3 909 191 50 85 
6 9 188 0 187 4 911 191 50 85 
6 9 188 0 187 5 913 191 50 85 
6 9 188 0 187 6 916 191 48 85 
6 9 188 0 187 7 916 191 50 85 
6 9 188 0 187 8 918 191 50 85 
6 9 188 0 187 9 922 191 50 85 
6 9 188 0 187 10 923 191 50 85 
6 9 188 0 187 11 925 191 50 85 
6 9 188 0 187 12 927 191 50 85 
6 9 188 0 187 13 929 191 50 85 
6 9 188 0 187 14 932 191 48 85 
6 9 188 0 187 15 932 191 50 85 
6 9 188 0 187 16 936 191 50 85 
6 9 188 0 187 17 936 189 50 85 
6 9 188 0 187 18 938 189 50 85 
6 9 188 0 187 19 939 189 50 85 
6 9 188 0 187 20 941 189 50 85 
6 9 188 0 187 21 943 189 50 85 
6 9 188 0 187 22 945 189 50 85 
6 9 188 0 187 23 948 189 48 85 
6 9 188 0 187 24 948 189 50 85 
6 9 188 0 187 25 950 189 50 85 
6 9 188 0 187 26 952 189 50 85 
6 9 188 0 187 27 954 189 50 85 
6 9 188 0 187 28 955 189 50 85 
6 9 188 0 187 29 957 189 50 85 
6 9 188 0 187 30 959 189 50 85 
6 9 188 0 187 31 961 189 50 85 
6 9 188 0 187 32 964 189 48 85 
6 9 188 0 187 33 964 189 50 85 
6 9 188 0 187 34 966 189 50 85 
6 9 188 0 187 35 968 189 50 85 
6 9 188 0 187 36 968 189 50 85 
6 9 188 0 187 37 970 189 50 85 
6 9 188 0 187 38 971 189 50 85 
6 9 188 0 187 39 973 189 50 85 
6 9 188 0 187 40 975 189 50 85 
6 9 188 0 187 41 977 189 50 85 
6 9 188 0 187 42 980 189 48 85 
6 9 188 0 187 43 980 189 50 85 
6 9 188 0 187 44 982 189 50 85 
6 9 188 0 187 45 984 189 50 85 
6 9 188 0 187 46 986 189 50 85 
6 9 188 0 187 47 987 189 50 85 
6 9 188 0 187 48 989 189 50 85 
6 9 188 0 187 49 991 189 50 85 
6 9 188 0 187 50 993 189 50 85 
6 9 188 0 187 51 996 189 48 85 
6 9 188 0 187 52 996 189 50 85 
6 9 188 0 187 53 998 189 50 85 
6 9 188 0 187 54 1000 189 50 85 
6 9 188 0 187 55 1002 189 50 85 
6 9 188 0 187 56 1003 189 50 85 
6 9 188 0 187 57 1005 187 50 85 
6 9 188 0 187 58 1007 187 50 85 
6 9 188 0 187 59 1009 187 50 85 
6 9 188 0 187 60 1012 187 48 85 
6 9 188 0 187 61 1012 187 50 85 
6 9 188 0 187 62 1014 187 50 85 
6 9 188 0 187 63 1016 187 50 85 
6 9 188 0 187 64 1018 187 50 85 
6 9 188 0 187 65 1019 187 50 85 
6 9 188 0 187 66 1021 187 50 85 
6 9 188 0 187 67 1023 185 50 85 
6 9 188 0 187 68 1025 185 50 85 
6 9 188 0 187 69 1028 185 48 85 
6 9 188 0 187 70 1028 185 50 85 
6 9 188 0 187 71 1030 185 50 85 
6 9 188 0 187 72 1032 185 50 85 
6 9 188 0 187 73 1034 185 50 85 
6 9 188 0 187 74 1035 185 50 85 
6 9 188 0 187 75 1037 185 50 85 
6 9 188 0 187 76 1039 185 50 85 
6 9 188 0 187 77 1041 185 50 85 
6 9 188 0 187 78 1044 185 48 85 
6 9 188 0 187 79 1044 185 50 85 
6 9 188 0 187 80 1046 185 50 85 
6 9 188 0 187 81 1048 185 50 85 
6 9 188 0 187 82 1050 185 50 85 
6 9 188 0 187 83 1051 185 50 85 
6 9 188 0 187 84 1053 185 50 85 
6 9 188 0 187 85 1055 185 50 85 
6 9 188 0 187 86 1057 185 50 85 
6 9 188 0 187 87 1060 185 48 85 
6 9 188 0 187 88 1060 185 50 85 
6 9 188 0 187 89 1062 185 50 85 
6 9 188 0 187 90 1064 185 50 85 
6 9 188 0 187 91 1066 185 50 85 
6 9 188 0 187 92 1067 185 50 85 
6 9 188 0 187 93 1069 185 50 85 
6 9 188 0 187 94 1071 185 50 85 
6 9 188 0 187 95 1073 185 50 85 
6 9 188 0 187 96 1076 185 48 85 
6 9 188 0 187 97 1076 185 50 85 
6 9 188 0 187 98 1078 185 50 85 
6 9 188 0 187 99 1080 185 50 85 
6 9 188 0 187 100 1082 185 50 85 
6 9 188 0 187 101 1083 185 50 85 
6 9 188 0 187 102 1085 185 50 85 
6 9 188 0 187 103 1087 185 50 85 
6 9 188 0 187 104 1089 185 50 85 
6 9 188 0 187 105 1092 185 48 85 
6 9 188 0 187 106 1092 185 50 85 
6 9 188 0 187 107 1094 185 50 85 
6 9 188 0 187 108 1096 185 50 85 
6 9 188 0 187 109 1098 185 50 85 
6 9 188 0 187 110 1099 185 50 85 
6 9 188 0 187 111 1101 185 50 85 
6 9 188 0 187 112 1103 185 50 85 
6 9 188 0 187 113 1108 185 48 85 
6 9 188 0 187 114 1108 185 48 85 
6 9 188 0 187 115 1108 185 50 85 
6 9 188 0 187 116 1110 185 50 85 
6 9 188 0 187 117 1112 185 50 85 
6 9 188 0 187 118 1114 185 50 85 
6 9 188 0 187 119 1115 185 50 85 
6 9 188 0 187 120 1117 185 50 85 
6 9 188 0 187 121 1119 185 50 85 
6 9 188 0 187 122 1121 185 50 85 
6 9 188 0 187 123 1124 185 48 85 
6 9 188 0 187 124 1124 185 50 85 
6 9 188 0 187 125 1126 185 50 85 
6 9 188 0 187 126 1128 185 50 85 
6 9 188 0 187 127 1130 185 50 85 
6 9 188 0 187 128 1131 185 50 85 
6 9 188 0 187 129 1133 185 50 85 
6 9 188 0 187 130 1135 185 50 85 
6 9 188 0 187 131 1137 185 50 85 
6 9 188 0 187 132 1140 185 48 85 
6 9 188 0 187 133 1140 185 50 85 
6 9 188 0 187 134 1142 184 50 85 
6 9 188 0 187 135 1144 184 50 85 
6 9 188 0 187 136 1146 184 50 85 
6 9 188 0 187 137 1147 184 50 85 
6 9 188 0 187 138 1151 184 50 85 
6 9 188 0 187 139 1153 184 50 85 
6 9 188 0 187 140 1156 182 48 85 
6 9 188 0 187 141 1156 182 50 85 
6 9 188 0 187 142 1160 182 50 85 
6 9 188 0 187 143 1162 182 50 85 
6 9 188 0 187 144 1163 182 50 85 
6 9 188 0 187 145 1165 182 50 85 
6 9 188 0 187 146 1167 180 50 85 
6 9 188 0 187 147 1172 180 48 85 
6 9 188 0 187 148 1172 180 50 85 
6 9 188 0 187 149 1174 180 50 85 
6 9 188 0 187 150 1176 180 50 85 
6 9 188 0 187 151 1179 180 50 85 
6 9 188 0 187 152 1181 180 50 85 
6 9 188 0 187 153 1183 180 50 85 
6 9 188 0 187 154 1185 180 50 85 
6 9 188 0 187 155 1188 180 48 85 
6 9 188 0 187 156 1188 180 50 85 
6 9 188 0 187 157 1190 180 50 85 
6 9 188 0 187 158 1192 180 50 85 
6 9 188 0 187 159 1194 180 50 85 
6 9 188 0 187 160 1195 180 50 85 
6 9 188 0 187 161 1197 180 50 85 
6 9 188 0 187 162 1199 180 50 85 
6 9 188 0 187 163 1201 180 50 85 
6 9 188 0 187 164 1204 180 48 85 
6 9 188 0 187 165 1204 180 50 85 
6 9 188 0 187 166 1206 180 50 85 
6 9 188 0 187 167 1208 180 50 85 
6 9 188 0 187 168 1210 180 50 85 
6 9 188 0 187 169 1213 182 50 85 
6 9 188 0 187 170 1213 180 50 85 
6 9 188 0 187 171 1215 180 50 85 
6 9 188 0 187 172 1217 180 50 85 
6 9 188 0 187 173 1220 180 48 85 
6 9 188 0 187 174 1220 180 50 85 
6 9 188 0 187 175 1222 180 50 85 
6 9 188 0 187 176 1224 180 50 85 
6 9 188 0 187 177 1226 180 50 85 
6 9 188 0 187 178 1227 180 50 85 
6 9 188 0 187 179 1229 180 49 85 
6 9 188 0 187 180 1231 180 47 85 
6 9 188 0 187 181 1233 180 45 85 
6 9 188 0 187 182 1236 180 43 85 
6 9 188 0 187 183 1236 180 42 85 
6 9 188 0 187 184 1238 180 40 85 
6 9 188 0 187 185 1238 180 40 85 
6 9 188 0 187 186 1238 180 40 85 
6 9 188 0 187 187 1241 180 37 85 
7 11 77 607 683 607 968 173 129 103 
7 11 77 607 683 608 968 173 129 103 
7 11 77 607 683 609 968 173 129 103 
7 11 77 607 683 610 968 173 129 103 
7 11 77 607 683 611 968 173 129 103 
7 11 77 607 683 612 968 173 129 103 
7 11 77 607 683 613 968 173 129 103 
7 11 77 607 683 614 968 173 129 103 
7 11 77 607 683 615 968 173 129 103 
7 11 77 607 683 616 968 173 129 103 
7 11 77 607 683 617 968 173 129 103 
7 11 77 607 683 618 968 173 129 103 
7 11 77 607 683 619 968 173 129 103 
7 11 77 607 683 620 968 173 129 103 
7 11 77 607 683 621 968 173 129 103 
7 11 77 607 683 622 968 173 129 103 
7 11 77 607 683 623 968 173 129 103 
7 11 77 607 683 624 968 173 129 103 
7 11 77 607 683 625 968 173 129 103 
7 11 77 607 683 626 968 173 129 103 
7 11 77 607 683 627 968 173 129 103 
7 11 77 607 683 628 968 173 129 103 
7 11 77 607 683 629 968 173 129 103 
7 11 77 607 683 630 968 173 129 103 
7 11 77 607 683 631 968 173 129 103 
7 11 77 607 683 632 968 173 129 103 
7 11 77 607 683 633 968 173 129 103 
7 11 77 607 683 634 968 173 129 103 
7 11 77 607 683 635 968 173 129 103 
7 11 77 607 683 636 968 173 129 103 
7 11 77 607 683 637 968 173 129 103 
7 11 77 607 683 638 968 173 129 103 
7 11 77 607 683 639 968 173 129 103 
7 11 77 607 683 640 968 173 129 103 
7 11 77 607 683 641 968 173 129 103 
7 11 77 607 683 642 968 173 129 103 
7 11 77 607 683 643 968 173 129 103 
7 11 77 607 683 644 968 173 129 103 
7 11 77 607 683 645 968 173 129 103 
7 11 77 607 683 646 968 173 129 103 
7 11 77 607 683 647 968 173 129 103 
7 11 77 607 683 648 968 173 129 103 
7 11 77 607 683 649 968 173 129 103 
7 11 77 607 683 650 968 173 129 103 
7 11 77 607 683 651 968 173 129 103 
7 11 77 607 683 652 968 173 129 103 
7 11 77 607 683 653 968 173 129 103 
7 11 77 607 683 654 968 173 129 103 
7 11 77 607 683 655 968 173 129 103 
7 11 77 607 683 656 968 173 129 103 
7 11 77 607 683 657 968 173 129 103 
7 11 77 607 683 658 968 173 129 103 
7 11 77 607 683 659 968 173 129 103 
7 11 77 607 683 660 968 173 129 103 
7 11 77 607 683 661 968 173 129 103 
7 11 77 607 683 662 968 173 129 103 
7 11 77 607 683 663 968 173 129 103 
7 11 77 607 683 664 968 173 129 103 
7 11 77 607 683 665 968 173 129 103 
7 11 77 607 683 666 968 173 129 103 
7 11 77 607 683 667 968 173 129 103 
7 11 77 607 683 668 968 173 129 103 
7 11 77 607 683 669 968 173 129 103 
7 11 77 607 683 670 968 173 129 103 
7 11 77 607 683 671 968 173 129 103 
7 11 77 607 683 672 968 173 129 103 
7 11 77 607 683 673 968 173 129 103 
7 11 77 607 683 674 968 173 129 103 
7 11 77 607 683 675 968 173 129 103 
7 11 77 607 683 676 968 173 129 103 
7 11 77 607 683 677 968 173 129 103 
7 11 77 607 683 678 968 173 129 103 
7 11 77 607 683 679 968 173 129 103 
7 11 77 607 683 680 968 173 129 103 
7 11 77 607 683 681 968 173 129 103 
7 11 77 607 683 682 968 173 129 103 
7 11 77 607 683 683 968 173 129 103 
8 9 66 0 65 0 1055 181 84 90 
8 9 66 0 65 1 1057 181 84 90 
8 9 66 0 65 2 1059 181 84 90 
8 9 66 0 65 3 1062 181 84 90 
8 9 66 0 65 4 1064 181 84 90 
8 9 66 0 65 5 1066 181 84 90 
8 9 66 0 65 6 1069 181 84 90 
8 9 66 0 65 7 1071 181 84 90 
8 9 66 0 65 8 1073 181 84 90 
8 9 66 0 65 9 1076 181 84 90 
8 9 66 0 65 10 1078 181 84 90 
8 9 66 0 65 11 1080 181 84 90 
8 9 66 0 65 12 1083 181 84 90 
8 9 66 0 65 13 1085 181 84 90 
8 9 66 0 65 14 1088 181 84 90 
8 9 66 0 65 15 1090 181 84 90 
8 9 66 0 65 16 1092 181 84 90 
8 9 66 0 65 17 1095 181 84 90 
8 9 66 0 65 18 1097 181 84 90 
8 9 66 0 65 19 1099 181 84 90 
8 9 66 0 65 20 1102 181 84 90 
8 9 66 0 65 21 1104 181 84 90 
8 9 66 0 65 22 1106 181 84 90 
8 9 66 0 65 23 1109 181 84 90 
8 9 66 0 65 24 1111 181 84 90 
8 9 66 0 65 25 1114 181 84 90 
8 9 66 0 65 26 1116 180 84 90 
8 9 66 0 65 27 1118 180 84 90 
8 9 66 0 65 28 1120 180 84 90 
8 9 66 0 65 29 1122 180 84 90 
8 9 66 0 65 30 1125 180 84 90 
8 9 66 0 65 31 1127 180 84 90 
8 9 66 0 65 32 1129 180 84 90 
8 9 66 0 65 33 1131 180 84 90 
8 9 66 0 65 34 1134 180 84 90 
8 9 66 0 65 35 1136 179 84 90 
8 9 66 0 65 36 1138 179 84 90 
8 9 66 0 65 37 1140 179 84 90 
8 9 66 0 65 38 1143 179 84 90 
8 9 66 0 65 39 1145 179 84 90 
8 9 66 0 65 40 1147 179 84 90 
8 9 66 0 65 41 1149 179 84 90 
8 9 66 0 65 42 1152 179 84 90 
8 9 66 0 65 43 1154 179 84 90 
8 9 66 0 65 44 1156 178 84 90 
8 9 66 0 65 45 1158 178 84 90 
8 9 66 0 65 46 1161 178 84 90 
8 9 66 0 65 47 1163 178 84 90 
8 9 66 0 65 48 1165 178 84 90 
8 9 66 0 65 49 1167 178 84 90 
8 9 66 0 65 50 1170 178 84 90 
8 9 66 0 65 51 1172 178 84 90 
8 9 66 0 65 52 1174 178 84 90 
8 9 66 0 65 53 1176 177 84 90 
8 9 66 0 65 54 1179 177 84 90 
8 9 66 0 65 55 1181 177 84 90 
8 9 66 0 65 56 1183 177 84 90 
8 9 66 0 65 57 1185 177 84 90 
8 9 66 0 65 58 1188 177 84 90 
8 9 66 0 65 59 1190 177 84 90 
8 9 66 0 65 60 1192 177 84 90 
8 9 66 0 65 61 1194 177 84 90 
8 9 66 0 65 62 1197 176 82 90 
8 9 66 0 65 63 1199 176 80 90 
8 9 66 0 65 64 1201 176 78 90 
8 9 66 0 65 65 1203 176 76 90 
