6 9 39 0 38 0 10 414 90 136 
6 9 39 0 38 1 10 414 88 136 
6 9 39 0 38 2 8 414 88 136 
6 9 39 0 38 3 6 414 88 136 
6 9 39 0 38 4 3 414 90 136 
6 9 39 0 38 5 3 414 90 136 
6 9 39 0 38 6 1 414 90 136 
6 9 39 0 38 7 1 414 88 136 
6 9 39 0 38 8 0 414 87 136 
6 9 39 0 38 9 0 414 87 136 
6 9 39 0 38 10 0 414 86 136 
6 9 39 0 38 11 0 414 84 136 
6 9 39 0 38 12 0 416 82 135 
6 9 39 0 38 13 0 416 82 135 
6 9 39 0 38 14 0 416 80 135 
6 9 39 0 38 15 0 417 78 136 
6 9 39 0 38 16 0 417 77 136 
6 9 39 0 38 17 0 417 77 136 
6 9 39 0 38 18 0 419 75 136 
6 9 39 0 38 19 0 419 73 136 
6 9 39 0 38 20 0 419 71 136 
6 9 39 0 38 21 0 421 71 136 
6 9 39 0 38 22 0 421 70 136 
6 9 39 0 38 23 0 421 70 136 
6 9 39 0 38 24 0 421 68 136 
6 9 39 0 38 25 0 421 68 136 
6 9 39 0 38 26 0 421 65 136 
6 9 39 0 38 27 0 421 66 136 
6 9 39 0 38 28 0 421 63 136 
6 9 39 0 38 29 0 421 63 136 
6 9 39 0 38 30 0 421 58 136 
6 9 39 0 38 31 0 421 52 136 
6 9 39 0 38 32 0 421 48 136 
6 9 39 0 38 33 0 421 42 136 
6 9 39 0 38 34 0 421 36 136 
6 9 39 0 38 35 0 421 34 136 
6 9 39 0 38 36 0 421 34 136 
6 9 39 0 38 37 0 421 34 136 
6 9 39 0 38 38 0 421 34 136 
7 9 689 0 688 0 191 319 78 127 
7 9 689 0 688 1 191 317 78 127 
7 9 689 0 688 2 191 317 78 127 
7 9 689 0 688 3 191 317 78 127 
7 9 689 0 688 4 191 317 78 127 
7 9 689 0 688 5 191 317 78 127 
7 9 689 0 688 6 191 317 78 127 
7 9 689 0 688 7 191 315 78 129 
7 9 689 0 688 8 191 315 78 129 
7 9 689 0 688 9 191 315 78 129 
7 9 689 0 688 10 191 315 78 129 
7 9 689 0 688 11 191 315 78 129 
7 9 689 0 688 12 191 315 78 129 
7 9 689 0 688 13 191 314 78 127 
7 9 689 0 688 14 191 314 78 127 
7 9 689 0 688 15 191 314 78 127 
7 9 689 0 688 16 191 314 78 127 
7 9 689 0 688 17 191 314 78 127 
7 9 689 0 688 18 193 314 78 127 
7 9 689 0 688 19 193 312 78 127 
7 9 689 0 688 20 195 312 78 127 
7 9 689 0 688 21 195 312 78 127 
7 9 689 0 688 22 196 312 80 127 
7 9 689 0 688 23 198 310 78 127 
7 9 689 0 688 24 198 310 78 127 
7 9 689 0 688 25 200 310 78 127 
7 9 689 0 688 26 200 310 78 127 
7 9 689 0 688 27 202 308 78 129 
7 9 689 0 688 28 204 308 78 129 
7 9 689 0 688 29 204 308 78 129 
7 9 689 0 688 30 205 308 78 129 
7 9 689 0 688 31 207 308 78 129 
7 9 689 0 688 32 207 306 78 129 
7 9 689 0 688 33 207 306 78 129 
7 9 689 0 688 34 207 306 78 129 
7 9 689 0 688 35 207 306 78 129 
7 9 689 0 688 36 207 306 78 129 
7 9 689 0 688 37 207 306 78 129 
7 9 689 0 688 38 207 306 78 129 
7 9 689 0 688 39 207 306 78 129 
7 9 689 0 688 40 207 306 78 129 
7 9 689 0 688 41 207 306 78 129 
7 9 689 0 688 42 207 306 78 129 
7 9 689 0 688 43 207 306 78 129 
7 9 689 0 688 44 207 306 78 129 
7 9 689 0 688 45 207 306 78 129 
7 9 689 0 688 46 207 306 78 129 
7 9 689 0 688 47 207 306 78 129 
7 9 689 0 688 48 207 306 78 129 
7 9 689 0 688 49 207 306 78 129 
7 9 689 0 688 50 209 306 78 129 
7 9 689 0 688 51 209 305 78 127 
7 9 689 0 688 52 209 305 78 127 
7 9 689 0 688 53 212 305 74 127 
7 9 689 0 688 54 211 305 78 127 
7 9 689 0 688 55 213 305 76 127 
7 9 689 0 688 56 213 305 76 127 
7 9 689 0 688 57 215 305 76 127 
7 9 689 0 688 58 215 306 76 124 
7 9 689 0 688 59 218 306 72 124 
7 9 689 0 688 60 218 306 72 124 
7 9 689 0 688 61 220 306 70 124 
7 9 689 0 688 62 220 306 70 124 
7 9 689 0 688 63 223 306 66 124 
7 9 689 0 688 64 222 306 70 124 
7 9 689 0 688 65 224 306 68 121 
7 9 689 0 688 66 224 306 68 121 
7 9 689 0 688 67 227 306 64 121 
7 9 689 0 688 68 226 306 68 121 
7 9 689 0 688 69 229 306 64 121 
7 9 689 0 688 70 229 306 64 121 
7 9 689 0 688 71 231 306 64 121 
7 9 689 0 688 72 231 304 64 123 
7 9 689 0 688 73 231 304 64 123 
7 9 689 0 688 74 231 305 64 120 
7 9 689 0 688 75 231 302 64 123 
7 9 689 0 688 76 232 303 64 120 
7 9 689 0 688 77 232 303 64 120 
7 9 689 0 688 78 232 303 64 117 
7 9 689 0 688 79 232 301 64 120 
7 9 689 0 688 80 232 301 64 120 
7 9 689 0 688 81 234 301 64 118 
7 9 689 0 688 82 234 301 64 118 
7 9 689 0 688 83 234 300 64 117 
7 9 689 0 688 84 234 300 64 117 
7 9 689 0 688 85 236 301 64 114 
7 9 689 0 688 86 236 301 64 114 
7 9 689 0 688 87 236 298 64 117 
7 9 689 0 688 88 236 299 64 114 
7 9 689 0 688 89 236 299 64 114 
7 9 689 0 688 90 238 299 64 111 
7 9 689 0 688 91 238 297 64 114 
7 9 689 0 688 92 238 297 64 112 
7 9 689 0 688 93 238 297 64 112 
7 9 689 0 688 94 240 297 64 112 
7 9 689 0 688 95 240 295 64 112 
7 9 689 0 688 96 240 295 64 112 
7 9 689 0 688 97 240 295 64 112 
7 9 689 0 688 98 240 293 64 112 
7 9 689 0 688 99 240 293 64 112 
7 9 689 0 688 100 240 293 64 112 
7 9 689 0 688 101 241 293 64 112 
7 9 689 0 688 102 241 292 64 111 
7 9 689 0 688 103 241 292 64 111 
7 9 689 0 688 104 241 292 64 111 
7 9 689 0 688 105 241 292 64 111 
7 9 689 0 688 106 241 290 64 112 
7 9 689 0 688 107 241 290 64 112 
7 9 689 0 688 108 243 290 64 112 
7 9 689 0 688 109 243 290 64 112 
7 9 689 0 688 110 243 288 64 112 
7 9 689 0 688 111 243 288 64 112 
7 9 689 0 688 112 243 288 64 112 
7 9 689 0 688 113 243 288 64 112 
7 9 689 0 688 114 243 286 64 112 
7 9 689 0 688 115 245 286 64 112 
7 9 689 0 688 116 245 286 64 112 
7 9 689 0 688 117 245 286 64 112 
7 9 689 0 688 118 245 285 64 111 
7 9 689 0 688 119 245 285 64 111 
7 9 689 0 688 120 245 285 64 111 
7 9 689 0 688 121 245 285 64 111 
7 9 689 0 688 122 247 283 64 111 
7 9 689 0 688 123 247 283 64 111 
7 9 689 0 688 124 247 283 64 111 
7 9 689 0 688 125 247 283 64 111 
7 9 689 0 688 126 247 281 64 112 
7 9 689 0 688 127 247 281 64 112 
7 9 689 0 688 128 247 281 64 112 
7 9 689 0 688 129 248 281 64 112 
7 9 689 0 688 130 248 279 64 112 
7 9 689 0 688 131 248 279 64 112 
7 9 689 0 688 132 248 279 64 112 
7 9 689 0 688 133 248 279 64 112 
7 9 689 0 688 134 248 279 64 112 
7 9 689 0 688 135 248 279 64 112 
7 9 689 0 688 136 248 277 64 112 
7 9 689 0 688 137 248 277 64 112 
7 9 689 0 688 138 250 277 64 112 
7 9 689 0 688 139 250 277 64 112 
7 9 689 0 688 140 250 277 64 112 
7 9 689 0 688 141 250 277 64 112 
7 9 689 0 688 142 250 277 64 112 
7 9 689 0 688 143 250 276 64 111 
7 9 689 0 688 144 250 276 64 111 
7 9 689 0 688 145 250 276 64 111 
7 9 689 0 688 146 250 276 64 111 
7 9 689 0 688 147 252 276 64 111 
7 9 689 0 688 148 252 276 64 111 
7 9 689 0 688 149 252 276 64 111 
7 9 689 0 688 150 252 274 64 112 
7 9 689 0 688 151 252 274 64 112 
7 9 689 0 688 152 252 274 64 112 
7 9 689 0 688 153 252 274 64 112 
7 9 689 0 688 154 252 274 64 112 
7 9 689 0 688 155 252 274 64 112 
7 9 689 0 688 156 254 274 64 112 
7 9 689 0 688 157 254 272 64 112 
7 9 689 0 688 158 254 272 64 112 
7 9 689 0 688 159 254 272 64 112 
7 9 689 0 688 160 254 272 64 112 
7 9 689 0 688 161 254 272 64 112 
7 9 689 0 688 162 254 272 64 112 
7 9 689 0 688 163 254 272 64 112 
7 9 689 0 688 164 254 272 64 112 
7 9 689 0 688 165 254 272 64 112 
7 9 689 0 688 166 254 272 64 112 
7 9 689 0 688 167 254 272 64 112 
7 9 689 0 688 168 254 270 64 112 
7 9 689 0 688 169 254 270 64 112 
7 9 689 0 688 170 254 270 64 112 
7 9 689 0 688 171 254 270 64 112 
7 9 689 0 688 172 254 270 64 112 
7 9 689 0 688 173 256 270 64 112 
7 9 689 0 688 174 256 270 64 112 
7 9 689 0 688 175 256 270 64 112 
7 9 689 0 688 176 256 270 64 112 
7 9 689 0 688 177 256 270 64 112 
7 9 689 0 688 178 256 270 64 112 
7 9 689 0 688 179 256 269 64 111 
7 9 689 0 688 180 256 269 64 111 
7 9 689 0 688 181 256 269 64 111 
7 9 689 0 688 182 256 269 64 111 
7 9 689 0 688 183 256 269 64 111 
7 9 689 0 688 184 256 269 64 111 
7 9 689 0 688 185 256 269 64 111 
7 9 689 0 688 186 256 269 64 111 
7 9 689 0 688 187 256 269 64 111 
7 9 689 0 688 188 256 269 64 111 
7 9 689 0 688 189 257 269 64 111 
7 9 689 0 688 190 257 267 64 111 
7 9 689 0 688 191 257 267 64 111 
7 9 689 0 688 192 257 267 64 111 
7 9 689 0 688 193 257 267 64 111 
7 9 689 0 688 194 257 267 64 111 
7 9 689 0 688 195 257 267 64 111 
7 9 689 0 688 196 259 267 64 111 
7 9 689 0 688 197 259 267 64 111 
7 9 689 0 688 198 259 265 64 112 
7 9 689 0 688 199 259 265 64 112 
7 9 689 0 688 200 259 265 64 112 
7 9 689 0 688 201 259 265 64 112 
7 9 689 0 688 202 259 265 64 112 
7 9 689 0 688 203 261 265 64 112 
7 9 689 0 688 204 261 265 64 112 
7 9 689 0 688 205 261 265 64 112 
7 9 689 0 688 206 261 263 64 112 
7 9 689 0 688 207 261 263 64 112 
7 9 689 0 688 208 261 263 64 112 
7 9 689 0 688 209 261 263 64 112 
7 9 689 0 688 210 263 263 64 112 
7 9 689 0 688 211 263 263 64 112 
7 9 689 0 688 212 263 263 64 112 
7 9 689 0 688 213 263 263 64 112 
7 9 689 0 688 214 263 263 64 112 
7 9 689 0 688 215 263 261 64 112 
7 9 689 0 688 216 263 261 64 112 
7 9 689 0 688 217 264 261 64 112 
7 9 689 0 688 218 264 261 64 112 
7 9 689 0 688 219 264 261 64 112 
7 9 689 0 688 220 264 261 64 112 
7 9 689 0 688 221 264 261 64 112 
7 9 689 0 688 222 264 261 64 112 
7 9 689 0 688 223 264 260 64 111 
7 9 689 0 688 224 266 260 64 111 
7 9 689 0 688 225 266 260 64 111 
7 9 689 0 688 226 266 260 64 111 
7 9 689 0 688 227 266 260 64 111 
7 9 689 0 688 228 266 260 64 111 
7 9 689 0 688 229 266 260 64 111 
7 9 689 0 688 230 266 260 64 111 
7 9 689 0 688 231 268 260 64 111 
7 9 689 0 688 232 268 258 64 112 
7 9 689 0 688 233 268 258 64 112 
7 9 689 0 688 234 268 256 64 112 
7 9 689 0 688 235 268 256 64 112 
7 9 689 0 688 236 270 256 64 112 
7 9 689 0 688 237 270 254 64 112 
7 9 689 0 688 238 270 254 64 112 
7 9 689 0 688 239 270 254 64 112 
7 9 689 0 688 240 270 253 64 111 
7 9 689 0 688 241 272 253 64 111 
7 9 689 0 688 242 272 251 64 111 
7 9 689 0 688 243 272 251 64 111 
7 9 689 0 688 244 272 251 64 111 
7 9 689 0 688 245 272 249 64 112 
7 9 689 0 688 246 273 249 64 112 
7 9 689 0 688 247 273 249 64 112 
7 9 689 0 688 248 273 247 64 112 
7 9 689 0 688 249 273 247 64 112 
7 9 689 0 688 250 273 245 64 112 
7 9 689 0 688 251 275 245 64 112 
7 9 689 0 688 252 275 245 64 112 
7 9 689 0 688 253 275 244 64 111 
7 9 689 0 688 254 275 244 64 111 
7 9 689 0 688 255 277 244 64 111 
7 9 689 0 688 256 277 242 64 112 
7 9 689 0 688 257 277 242 64 112 
7 9 689 0 688 258 277 242 64 112 
7 9 689 0 688 259 279 242 64 112 
7 9 689 0 688 260 279 242 64 112 
7 9 689 0 688 261 279 240 64 112 
7 9 689 0 688 262 279 240 64 112 
7 9 689 0 688 263 280 240 64 112 
7 9 689 0 688 264 280 240 64 112 
7 9 689 0 688 265 280 240 64 112 
7 9 689 0 688 266 282 240 64 112 
7 9 689 0 688 267 282 238 64 112 
7 9 689 0 688 268 282 238 64 112 
7 9 689 0 688 269 282 238 64 112 
7 9 689 0 688 270 284 238 64 112 
7 9 689 0 688 271 284 238 64 112 
7 9 689 0 688 272 284 237 64 111 
7 9 689 0 688 273 284 237 64 111 
7 9 689 0 688 274 286 237 64 111 
7 9 689 0 688 275 286 237 64 111 
7 9 689 0 688 276 286 237 64 111 
7 9 689 0 688 277 288 237 64 111 
7 9 689 0 688 278 288 235 64 111 
7 9 689 0 688 279 288 235 64 111 
7 9 689 0 688 280 288 235 64 111 
7 9 689 0 688 281 289 235 64 111 
7 9 689 0 688 282 289 235 64 111 
7 9 689 0 688 283 289 233 64 112 
7 9 689 0 688 284 289 233 64 112 
7 9 689 0 688 285 291 233 64 112 
7 9 689 0 688 286 291 233 64 112 
7 9 689 0 688 287 291 233 64 112 
7 9 689 0 688 288 293 233 64 112 
7 9 689 0 688 289 293 231 64 112 
7 9 689 0 688 290 293 231 64 112 
7 9 689 0 688 291 293 231 64 112 
7 9 689 0 688 292 295 231 64 112 
7 9 689 0 688 293 295 231 64 112 
7 9 689 0 688 294 295 231 64 112 
7 9 689 0 688 295 295 231 64 112 
7 9 689 0 688 296 296 231 64 112 
7 9 689 0 688 297 296 231 64 112 
7 9 689 0 688 298 296 231 64 112 
7 9 689 0 688 299 296 231 64 112 
7 9 689 0 688 300 298 231 64 112 
7 9 689 0 688 301 298 231 64 109 
7 9 689 0 688 302 298 231 64 109 
7 9 689 0 688 303 301 231 60 109 
7 9 689 0 688 304 300 231 64 109 
7 9 689 0 688 305 303 231 60 109 
7 9 689 0 688 306 303 231 60 109 
7 9 689 0 688 307 305 231 60 109 
7 9 689 0 688 308 305 231 60 109 
7 9 689 0 688 309 306 231 58 109 
7 9 689 0 688 310 305 231 62 109 
7 9 689 0 688 311 305 231 62 109 
7 9 689 0 688 312 308 231 58 109 
7 9 689 0 688 313 308 231 60 109 
7 9 689 0 688 314 311 231 56 109 
7 9 689 0 688 315 311 231 56 109 
7 9 689 0 688 316 313 231 56 109 
7 9 689 0 688 317 313 231 56 109 
7 9 689 0 688 318 314 231 54 109 
7 9 689 0 688 319 313 231 58 109 
7 9 689 0 688 320 316 231 54 109 
7 9 689 0 688 321 316 231 54 109 
7 9 689 0 688 322 315 231 58 109 
7 9 689 0 688 323 318 231 54 109 
7 9 689 0 688 324 318 231 54 109 
7 9 689 0 688 325 321 231 52 109 
7 9 689 0 688 326 321 231 52 109 
7 9 689 0 688 327 324 231 48 109 
7 9 689 0 688 328 323 231 52 109 
7 9 689 0 688 329 324 231 50 109 
7 9 689 0 688 330 324 231 50 109 
7 9 689 0 688 331 326 234 50 106 
7 9 689 0 688 332 326 232 50 106 
7 9 689 0 688 333 326 232 50 106 
7 9 689 0 688 334 326 232 50 106 
7 9 689 0 688 335 328 232 50 106 
7 9 689 0 688 336 328 230 50 108 
7 9 689 0 688 337 328 230 50 108 
7 9 689 0 688 338 330 230 50 108 
7 9 689 0 688 339 330 230 50 108 
7 9 689 0 688 340 330 230 50 108 
7 9 689 0 688 341 331 229 50 106 
7 9 689 0 688 342 331 229 50 106 
7 9 689 0 688 343 331 229 50 106 
7 9 689 0 688 344 331 229 50 106 
7 9 689 0 688 345 333 229 50 106 
7 9 689 0 688 346 333 227 50 106 
7 9 689 0 688 347 333 227 50 106 
7 9 689 0 688 348 335 227 50 106 
7 9 689 0 688 349 335 227 50 106 
7 9 689 0 688 350 335 227 50 106 
7 9 689 0 688 351 337 225 50 106 
7 9 689 0 688 352 337 225 50 106 
7 9 689 0 688 353 337 225 50 106 
7 9 689 0 688 354 340 225 48 106 
7 9 689 0 688 355 340 223 48 106 
7 9 689 0 688 356 340 223 48 106 
7 9 689 0 688 357 340 223 48 106 
7 9 689 0 688 358 340 223 50 106 
7 9 689 0 688 359 340 223 50 106 
7 9 689 0 688 360 340 222 50 106 
7 9 689 0 688 361 342 222 50 106 
7 9 689 0 688 362 342 222 50 106 
7 9 689 0 688 363 342 222 50 106 
7 9 689 0 688 364 344 222 50 106 
7 9 689 0 688 365 344 220 50 106 
7 9 689 0 688 366 344 220 50 106 
7 9 689 0 688 367 346 220 50 106 
7 9 689 0 688 368 346 220 50 106 
7 9 689 0 688 369 346 220 50 106 
7 9 689 0 688 370 346 218 50 106 
7 9 689 0 688 371 347 218 50 106 
7 9 689 0 688 372 347 218 50 106 
7 9 689 0 688 373 347 218 50 106 
7 9 689 0 688 374 349 216 50 106 
7 9 689 0 688 375 349 216 50 106 
7 9 689 0 688 376 349 216 50 106 
7 9 689 0 688 377 351 216 50 106 
7 9 689 0 688 378 351 216 50 106 
7 9 689 0 688 379 351 214 50 108 
7 9 689 0 688 380 353 214 50 108 
7 9 689 0 688 381 353 214 50 108 
7 9 689 0 688 382 353 214 50 108 
7 9 689 0 688 383 353 214 50 108 
7 9 689 0 688 384 356 213 48 106 
7 9 689 0 688 385 356 213 48 106 
7 9 689 0 688 386 356 213 48 106 
7 9 689 0 688 387 356 213 50 106 
7 9 689 0 688 388 356 213 50 106 
7 9 689 0 688 389 356 211 50 106 
7 9 689 0 688 390 358 211 50 106 
7 9 689 0 688 391 358 211 50 106 
7 9 689 0 688 392 358 211 50 106 
7 9 689 0 688 393 360 211 50 106 
7 9 689 0 688 394 360 211 50 103 
7 9 689 0 688 395 362 211 50 103 
7 9 689 0 688 396 362 211 50 103 
7 9 689 0 688 397 363 211 50 103 
7 9 689 0 688 398 365 211 50 103 
7 9 689 0 688 399 365 211 50 103 
7 9 689 0 688 400 367 212 50 100 
7 9 689 0 688 401 367 212 50 100 
7 9 689 0 688 402 369 212 50 100 
7 9 689 0 688 403 372 212 48 100 
7 9 689 0 688 404 372 212 48 100 
7 9 689 0 688 405 372 212 50 100 
7 9 689 0 688 406 374 212 50 100 
7 9 689 0 688 407 374 212 50 99 
7 9 689 0 688 408 376 212 50 99 
7 9 689 0 688 409 376 212 50 99 
7 9 689 0 688 410 378 212 50 99 
7 9 689 0 688 411 379 212 50 99 
7 9 689 0 688 412 379 212 50 99 
7 9 689 0 688 413 381 213 50 96 
7 9 689 0 688 414 381 213 50 96 
7 9 689 0 688 415 383 213 50 96 
7 9 689 0 688 416 385 213 50 96 
7 9 689 0 688 417 385 213 50 96 
7 9 689 0 688 418 388 213 48 96 
7 9 689 0 688 419 388 213 50 96 
7 9 689 0 688 420 388 213 50 93 
7 9 689 0 688 421 390 213 50 93 
7 9 689 0 688 422 390 213 50 93 
7 9 689 0 688 423 392 213 50 93 
7 9 689 0 688 424 394 213 50 93 
7 9 689 0 688 425 394 213 50 93 
7 9 689 0 688 426 395 214 50 90 
7 9 689 0 688 427 395 214 50 90 
7 9 689 0 688 428 397 214 50 90 
7 9 689 0 688 429 399 214 50 90 
7 9 689 0 688 430 399 214 50 90 
7 9 689 0 688 431 401 214 50 90 
7 9 689 0 688 432 404 214 48 90 
7 9 689 0 688 433 404 211 48 91 
7 9 689 0 688 434 404 212 50 88 
7 9 689 0 688 435 406 212 50 85 
7 9 689 0 688 436 408 212 50 85 
7 9 689 0 688 437 410 213 50 82 
7 9 689 0 688 438 411 213 50 79 
7 9 689 0 688 439 413 213 50 79 
7 9 689 0 688 440 415 214 50 78 
7 9 689 0 688 441 417 214 50 75 
7 9 689 0 688 442 417 212 50 78 
7 9 689 0 688 443 420 212 48 75 
7 9 689 0 688 444 420 213 50 72 
7 9 689 0 688 445 422 213 50 72 
7 9 689 0 688 446 424 213 50 70 
7 9 689 0 688 447 426 213 50 67 
7 9 689 0 688 448 427 213 50 67 
7 9 689 0 688 449 429 214 50 64 
7 9 689 0 688 450 431 214 50 61 
7 9 689 0 688 451 433 214 50 61 
7 9 689 0 688 452 433 214 50 60 
7 9 689 0 688 453 436 214 48 60 
7 9 689 0 688 454 436 214 50 60 
7 9 689 0 688 455 438 214 50 60 
7 9 689 0 688 456 440 214 50 60 
7 9 689 0 688 457 440 214 50 60 
7 9 689 0 688 458 442 214 50 60 
7 9 689 0 688 459 443 211 50 61 
7 9 689 0 688 460 445 211 50 61 
7 9 689 0 688 461 447 211 50 61 
7 9 689 0 688 462 447 211 50 61 
7 9 689 0 688 463 449 211 50 61 
7 9 689 0 688 464 452 211 48 61 
7 9 689 0 688 465 452 211 50 61 
7 9 689 0 688 466 454 209 50 61 
7 9 689 0 688 467 454 209 50 61 
7 9 689 0 688 468 456 209 50 61 
7 9 689 0 688 469 458 209 50 61 
7 9 689 0 688 470 459 209 50 61 
7 9 689 0 688 471 461 209 50 61 
7 9 689 0 688 472 461 209 50 61 
7 9 689 0 688 473 463 207 50 61 
7 9 689 0 688 474 465 207 50 61 
7 9 689 0 688 475 468 207 48 61 
7 9 689 0 688 476 468 207 50 61 
7 9 689 0 688 477 468 207 50 61 
7 9 689 0 688 478 470 207 50 61 
7 9 689 0 688 479 472 207 50 61 
7 9 689 0 688 480 474 205 50 61 
7 9 689 0 688 481 475 205 50 61 
7 9 689 0 688 482 475 205 50 61 
7 9 689 0 688 483 477 205 50 61 
7 9 689 0 688 484 479 205 50 61 
7 9 689 0 688 485 481 205 50 61 
7 9 689 0 688 486 484 205 48 61 
7 9 689 0 688 487 484 205 48 61 
7 9 689 0 688 488 484 205 50 61 
7 9 689 0 688 489 486 205 50 64 
7 9 689 0 688 490 488 205 50 64 
7 9 689 0 688 491 490 204 50 67 
7 9 689 0 688 492 491 204 50 67 
7 9 689 0 688 493 493 204 50 67 
7 9 689 0 688 494 495 204 50 70 
7 9 689 0 688 495 497 204 50 70 
7 9 689 0 688 496 500 204 48 72 
7 9 689 0 688 497 500 204 50 72 
7 9 689 0 688 498 502 203 50 75 
7 9 689 0 688 499 504 203 50 75 
7 9 689 0 688 500 506 203 50 75 
7 9 689 0 688 501 507 203 50 78 
7 9 689 0 688 502 509 203 50 78 
7 9 689 0 688 503 511 202 50 81 
7 9 689 0 688 504 513 202 50 81 
7 9 689 0 688 505 516 202 48 81 
7 9 689 0 688 506 516 202 50 84 
7 9 689 0 688 507 518 202 50 84 
7 9 689 0 688 508 520 201 50 85 
7 9 689 0 688 509 522 201 50 85 
7 9 689 0 688 510 523 201 50 88 
7 9 689 0 688 511 523 200 50 87 
7 9 689 0 688 512 525 200 50 87 
7 9 689 0 688 513 527 200 50 87 
7 9 689 0 688 514 529 200 50 87 
7 9 689 0 688 515 532 200 48 87 
7 9 689 0 688 516 532 200 50 87 
7 9 689 0 688 517 534 200 50 87 
7 9 689 0 688 518 536 200 50 87 
7 9 689 0 688 519 538 200 50 87 
7 9 689 0 688 520 539 200 50 87 
7 9 689 0 688 521 541 200 50 87 
7 9 689 0 688 522 543 200 50 87 
7 9 689 0 688 523 545 200 50 87 
7 9 689 0 688 524 548 200 48 87 
7 9 689 0 688 525 548 200 50 87 
7 9 689 0 688 526 550 200 50 87 
7 9 689 0 688 527 552 200 50 87 
7 9 689 0 688 528 551 200 54 85 
7 9 689 0 688 529 554 200 52 85 
7 9 689 0 688 530 554 200 54 85 
7 9 689 0 688 531 556 200 54 85 
7 9 689 0 688 532 558 200 54 85 
7 9 689 0 688 533 561 200 52 85 
7 9 689 0 688 534 563 200 52 85 
7 9 689 0 688 535 563 200 54 85 
7 9 689 0 688 536 565 200 54 85 
7 9 689 0 688 537 568 200 50 85 
7 9 689 0 688 538 570 200 50 85 
7 9 689 0 688 539 571 200 50 85 
7 9 689 0 688 540 573 200 50 85 
7 9 689 0 688 541 575 200 50 85 
7 9 689 0 688 542 577 200 50 85 
7 9 689 0 688 543 580 200 48 85 
7 9 689 0 688 544 580 200 50 85 
7 9 689 0 688 545 582 200 50 85 
7 9 689 0 688 546 581 201 54 82 
7 9 689 0 688 547 583 201 54 82 
7 9 689 0 688 548 586 201 52 82 
7 9 689 0 688 549 586 201 54 82 
7 9 689 0 688 550 588 201 54 82 
7 9 689 0 688 551 590 201 54 82 
7 9 689 0 688 552 593 201 52 82 
7 9 689 0 688 553 595 201 52 82 
7 9 689 0 688 554 595 201 54 82 
7 9 689 0 688 555 597 201 54 82 
7 9 689 0 688 556 599 201 54 82 
7 9 689 0 688 557 602 201 52 82 
7 9 689 0 688 558 602 201 54 82 
7 9 689 0 688 559 604 201 54 82 
7 9 689 0 688 560 606 201 54 82 
7 9 689 0 688 561 609 201 52 82 
7 9 689 0 688 562 611 201 52 82 
7 9 689 0 688 563 611 201 54 82 
7 9 689 0 688 564 611 201 54 79 
7 9 689 0 688 565 613 201 54 79 
7 9 689 0 688 566 615 201 54 79 
7 9 689 0 688 567 618 201 52 79 
7 9 689 0 688 568 618 201 54 79 
7 9 689 0 688 569 621 201 50 79 
7 9 689 0 688 570 620 201 54 79 
7 9 689 0 688 571 622 201 54 79 
7 9 689 0 688 572 625 201 52 79 
7 9 689 0 688 573 627 201 52 79 
7 9 689 0 688 574 628 201 50 79 
7 9 689 0 688 575 630 201 50 79 
7 9 689 0 688 576 629 201 54 79 
7 9 689 0 688 577 631 201 54 79 
7 9 689 0 688 578 634 201 52 79 
7 9 689 0 688 579 635 201 50 79 
7 9 689 0 688 580 637 201 50 79 
7 9 689 0 688 581 639 201 50 79 
7 9 689 0 688 582 638 201 54 79 
7 9 689 0 688 583 641 201 52 79 
7 9 689 0 688 584 643 201 52 79 
7 9 689 0 688 585 644 201 50 79 
7 9 689 0 688 586 646 201 50 79 
7 9 689 0 688 587 648 201 50 79 
7 9 689 0 688 588 647 201 54 79 
7 9 689 0 688 589 650 201 52 79 
7 9 689 0 688 590 651 201 50 79 
7 9 689 0 688 591 653 201 50 79 
7 9 689 0 688 592 655 201 50 79 
7 9 689 0 688 593 657 201 50 79 
7 9 689 0 688 594 657 201 52 79 
7 9 689 0 688 595 660 201 48 79 
7 9 689 0 688 596 660 201 50 79 
7 9 689 0 688 597 662 201 50 79 
7 9 689 0 688 598 664 201 50 79 
7 9 689 0 688 599 666 201 50 79 
7 9 689 0 688 600 667 201 50 79 
7 9 689 0 688 601 667 202 50 76 
7 9 689 0 688 602 669 202 50 76 
7 9 689 0 688 603 669 202 50 76 
7 9 689 0 688 604 671 202 50 76 
7 9 689 0 688 605 671 202 50 76 
7 9 689 0 688 606 673 202 50 76 
7 9 689 0 688 607 673 202 50 76 
7 9 689 0 688 608 676 202 48 76 
7 9 689 0 688 609 676 202 48 76 
7 9 689 0 688 610 676 202 50 76 
7 9 689 0 688 611 676 202 50 76 
7 9 689 0 688 612 678 202 50 76 
7 9 689 0 688 613 678 202 50 76 
7 9 689 0 688 614 680 202 50 76 
7 9 689 0 688 615 680 202 50 76 
7 9 689 0 688 616 682 202 50 76 
7 9 689 0 688 617 682 202 50 76 
7 9 689 0 688 618 683 202 50 76 
7 9 689 0 688 619 683 202 50 76 
7 9 689 0 688 620 685 202 50 76 
7 9 689 0 688 621 687 202 50 76 
7 9 689 0 688 622 687 201 50 76 
7 9 689 0 688 623 688 201 50 76 
7 9 689 0 688 624 689 201 50 76 
7 9 689 0 688 625 690 201 50 76 
7 9 689 0 688 626 691 201 50 76 
7 9 689 0 688 627 692 201 50 76 
7 9 689 0 688 628 693 201 50 75 
7 9 689 0 688 629 694 201 50 75 
7 9 689 0 688 630 696 201 48 75 
7 9 689 0 688 631 695 201 50 75 
7 9 689 0 688 632 696 201 50 75 
7 9 689 0 688 633 697 201 50 75 
7 9 689 0 688 634 698 201 50 75 
7 9 689 0 688 635 699 200 50 75 
7 9 689 0 688 636 700 200 50 75 
7 9 689 0 688 637 701 200 50 75 
7 9 689 0 688 638 702 200 50 75 
7 9 689 0 688 639 704 200 48 75 
7 9 689 0 688 640 705 200 48 75 
7 9 689 0 688 641 704 200 50 75 
7 9 689 0 688 642 705 200 50 73 
7 9 689 0 688 643 706 200 50 73 
7 9 689 0 688 644 707 200 50 73 
7 9 689 0 688 645 708 200 50 73 
7 9 689 0 688 646 709 200 50 73 
7 9 689 0 688 647 711 200 48 73 
7 9 689 0 688 648 712 200 48 73 
7 9 689 0 688 649 713 199 48 73 
7 9 689 0 688 650 714 199 48 73 
7 9 689 0 688 651 713 199 50 73 
7 9 689 0 688 652 714 199 50 73 
7 9 689 0 688 653 715 199 50 73 
7 9 689 0 688 654 716 199 50 73 
7 9 689 0 688 655 717 199 50 73 
7 9 689 0 688 656 719 200 48 72 
7 9 689 0 688 657 720 200 48 72 
7 9 689 0 688 658 721 200 48 72 
7 9 689 0 688 659 722 200 48 72 
7 9 689 0 688 660 723 200 48 72 
7 9 689 0 688 661 722 200 50 72 
7 9 689 0 688 662 723 200 50 72 
7 9 689 0 688 663 724 199 50 72 
7 9 689 0 688 664 725 199 50 72 
7 9 689 0 688 665 727 199 48 72 
7 9 689 0 688 666 728 199 48 72 
7 9 689 0 688 667 729 199 48 72 
7 9 689 0 688 668 730 199 48 72 
7 9 689 0 688 669 731 199 48 72 
7 9 689 0 688 670 732 199 48 70 
7 9 689 0 688 671 731 199 50 70 
7 9 689 0 688 672 732 199 50 70 
7 9 689 0 688 673 734 199 48 70 
7 9 689 0 688 674 735 199 48 70 
7 9 689 0 688 675 736 199 48 70 
7 9 689 0 688 676 737 199 48 70 
7 9 689 0 688 677 738 198 48 70 
7 9 689 0 688 678 739 198 48 70 
7 9 689 0 688 679 740 198 48 70 
7 9 689 0 688 680 741 198 48 70 
7 9 689 0 688 681 740 198 50 70 
7 9 689 0 688 682 742 198 48 70 
7 9 689 0 688 683 743 198 48 70 
7 9 689 0 688 684 744 198 48 69 
7 9 689 0 688 685 745 198 48 69 
7 9 689 0 688 686 746 198 48 69 
7 9 689 0 688 687 747 198 48 69 
7 9 689 0 688 688 748 198 48 69 
8 9 295 25 319 25 783 212 50 85 
8 9 295 25 319 26 783 212 50 85 
8 9 295 25 319 27 785 212 50 85 
8 9 295 25 319 28 788 212 48 85 
8 9 295 25 319 29 788 212 48 85 
8 9 295 25 319 30 788 212 50 85 
8 9 295 25 319 31 788 212 50 85 
8 9 295 25 319 32 790 212 50 85 
8 9 295 25 319 33 790 212 50 85 
8 9 295 25 319 34 792 212 50 85 
8 9 295 25 319 35 794 212 50 85 
8 9 295 25 319 36 794 212 50 85 
8 9 295 25 319 37 795 212 50 85 
8 9 295 25 319 38 795 212 50 85 
8 9 295 25 319 39 797 212 50 85 
8 9 295 25 319 40 797 212 50 85 
8 9 295 25 319 41 799 212 50 85 
8 9 295 25 319 42 801 212 50 85 
8 9 295 25 319 43 801 210 50 88 
8 9 295 25 319 44 801 210 50 88 
8 9 295 25 319 45 804 210 48 88 
8 9 295 25 319 46 804 212 50 85 
8 9 295 25 319 47 806 217 50 79 
8 9 295 25 319 48 806 215 50 82 
8 9 295 25 319 49 808 215 50 82 
8 9 295 25 319 50 808 215 50 82 
8 9 295 25 319 51 810 215 50 82 
8 9 295 25 319 52 811 215 50 82 
8 9 295 25 319 53 811 215 50 82 
8 9 295 25 319 54 813 215 50 82 
8 9 295 25 319 55 815 215 50 82 
8 9 295 25 319 56 815 215 50 82 
8 9 295 25 319 57 817 215 50 82 
8 9 295 25 319 58 817 215 50 82 
8 9 295 25 319 59 820 215 48 82 
8 9 295 25 319 60 820 215 50 82 
8 9 295 25 319 61 820 215 50 82 
8 9 295 25 319 62 822 215 50 82 
8 9 295 25 319 63 824 214 50 85 
8 9 295 25 319 64 824 214 50 85 
8 9 295 25 319 65 826 214 50 85 
8 9 295 25 319 66 827 217 50 82 
8 9 295 25 319 67 829 217 50 82 
8 9 295 25 319 68 829 218 50 81 
8 9 295 25 319 69 831 218 50 81 
8 9 295 25 319 70 833 218 50 81 
8 9 295 25 319 71 836 221 48 78 
8 9 295 25 319 72 836 221 48 78 
8 9 295 25 319 73 836 223 50 75 
8 9 295 25 319 74 838 223 50 75 
8 9 295 25 319 75 840 226 50 72 
8 9 295 25 319 76 840 221 50 78 
8 9 295 25 319 77 842 218 50 81 
8 9 295 25 319 78 844 217 48 82 
8 9 295 25 319 79 846 214 46 85 
8 9 295 25 319 80 846 223 46 75 
8 9 295 25 319 81 846 232 46 64 
8 9 295 25 319 82 846 229 46 67 
8 9 295 25 319 83 848 228 46 69 
8 9 295 25 319 84 850 226 46 72 
8 9 295 25 319 85 852 226 46 72 
8 9 295 25 319 86 853 223 46 75 
8 9 295 25 319 87 855 221 46 78 
8 9 295 25 319 88 857 218 46 81 
8 9 295 25 319 89 859 218 46 81 
8 9 295 25 319 90 860 217 48 82 
8 9 295 25 319 91 862 214 46 85 
8 9 295 25 319 92 864 214 46 85 
8 9 295 25 319 93 864 214 46 85 
8 9 295 25 319 94 866 214 46 85 
8 9 295 25 319 95 868 214 46 85 
8 9 295 25 319 96 868 214 46 85 
8 9 295 25 319 97 869 214 46 85 
8 9 295 25 319 98 871 214 46 85 
8 9 295 25 319 99 871 214 46 85 
8 9 295 25 319 100 873 214 46 85 
8 9 295 25 319 101 873 217 46 82 
8 9 295 25 319 102 875 217 46 82 
8 9 295 25 319 103 875 218 46 81 
8 9 295 25 319 104 876 218 48 81 
8 9 295 25 319 105 876 221 48 78 
8 9 295 25 319 106 878 220 46 81 
8 9 295 25 319 107 878 223 46 78 
8 9 295 25 319 108 880 223 46 78 
8 9 295 25 319 109 880 225 46 75 
8 9 295 25 319 110 882 225 46 75 
8 9 295 25 319 111 882 228 46 72 
8 9 295 25 319 112 884 228 46 72 
8 9 295 25 319 113 885 229 46 72 
8 9 295 25 319 114 885 228 46 72 
8 9 295 25 319 115 887 228 46 69 
8 9 295 25 319 116 889 229 46 66 
8 9 295 25 319 117 889 226 46 69 
8 9 295 25 319 118 891 227 46 66 
8 9 295 25 319 119 892 227 48 63 
8 9 295 25 319 120 894 227 46 63 
8 9 295 25 319 121 894 227 46 63 
8 9 295 25 319 122 896 227 46 66 
8 9 295 25 319 123 898 226 46 69 
8 9 295 25 319 124 898 226 46 69 
8 9 295 25 319 125 900 226 46 72 
8 9 295 25 319 126 901 225 46 75 
8 9 295 25 319 127 901 225 46 75 
8 9 295 25 319 128 903 225 46 76 
8 9 295 25 319 129 905 224 46 79 
8 9 295 25 319 130 907 224 46 82 
8 9 295 25 319 131 907 224 46 79 
8 9 295 25 319 132 908 224 48 79 
8 9 295 25 319 133 908 224 48 79 
8 9 295 25 319 134 910 224 46 79 
8 9 295 25 319 135 910 224 46 79 
8 9 295 25 319 136 912 224 46 79 
8 9 295 25 319 137 914 224 46 82 
8 9 295 25 319 138 916 224 46 82 
8 9 295 25 319 139 917 226 46 82 
8 9 295 25 319 140 919 227 46 73 
8 9 295 25 319 141 921 230 46 64 
8 9 295 25 319 142 921 229 46 67 
8 9 295 25 319 143 923 229 46 72 
8 9 295 25 319 144 924 228 48 75 
8 9 295 25 319 145 926 227 46 81 
8 9 295 25 319 146 926 227 46 81 
8 9 295 25 319 147 928 227 46 81 
8 9 295 25 319 148 930 227 46 81 
8 9 295 25 319 149 932 227 46 81 
8 9 295 25 319 150 932 227 48 81 
8 9 295 25 319 151 932 227 50 81 
8 9 295 25 319 152 934 227 50 81 
8 9 295 25 319 153 936 227 50 81 
8 9 295 25 319 154 935 227 54 81 
8 9 295 25 319 155 938 227 52 81 
8 9 295 25 319 156 938 227 54 81 
8 9 295 25 319 157 940 227 54 82 
8 9 295 25 319 158 940 227 54 82 
8 9 295 25 319 159 942 227 54 82 
8 9 295 25 319 160 945 227 50 82 
8 9 295 25 319 161 948 227 48 82 
8 9 295 25 319 162 948 227 50 82 
8 9 295 25 319 163 951 229 46 72 
8 9 295 25 319 164 953 230 46 64 
8 9 295 25 319 165 953 229 46 70 
8 9 295 25 319 166 955 228 46 75 
8 9 295 25 319 167 956 227 48 82 
8 9 295 25 319 168 956 227 48 81 
8 9 295 25 319 169 955 227 50 81 
8 9 295 25 319 170 954 228 54 78 
8 9 295 25 319 171 956 228 54 78 
8 9 295 25 319 172 955 228 58 75 
8 9 295 25 319 173 955 228 60 75 
8 9 295 25 319 174 957 228 60 75 
8 9 295 25 319 175 959 228 60 78 
8 9 295 25 319 176 961 227 60 81 
8 9 295 25 319 177 961 227 62 82 
8 9 295 25 319 178 967 226 56 85 
8 9 295 25 319 179 967 227 56 82 
8 9 295 25 319 180 966 227 60 82 
8 9 295 25 319 181 965 227 64 82 
8 9 295 25 319 182 964 227 68 81 
8 9 295 25 319 183 963 227 70 81 
8 9 295 25 319 184 965 227 70 81 
8 9 295 25 319 185 974 230 64 78 
8 9 295 25 319 186 977 230 60 78 
8 9 295 25 319 187 977 230 62 78 
8 9 295 25 319 188 980 230 60 78 
8 9 295 25 319 189 982 230 60 78 
8 9 295 25 319 190 985 230 56 78 
8 9 295 25 319 191 988 232 54 75 
8 9 295 25 319 192 990 232 54 75 
8 9 295 25 319 193 993 232 52 75 
8 9 295 25 319 194 996 232 48 75 
8 9 295 25 319 195 996 232 50 75 
8 9 295 25 319 196 998 232 50 75 
8 9 295 25 319 197 1003 235 46 72 
8 9 295 25 319 198 1003 235 46 72 
8 9 295 25 319 199 1004 235 48 72 
8 9 295 25 319 200 1006 235 46 72 
8 9 295 25 319 201 1008 235 46 72 
8 9 295 25 319 202 1008 235 46 72 
8 9 295 25 319 203 1010 235 46 72 
8 9 295 25 319 204 1012 235 46 72 
8 9 295 25 319 205 1013 235 46 72 
8 9 295 25 319 206 1013 235 46 72 
8 9 295 25 319 207 1015 235 46 72 
8 9 295 25 319 208 1017 235 46 72 
8 9 295 25 319 209 1019 235 46 72 
8 9 295 25 319 210 1019 235 46 72 
8 9 295 25 319 211 1020 235 48 72 
8 9 295 25 319 212 1022 235 46 72 
8 9 295 25 319 213 1024 235 46 72 
8 9 295 25 319 214 1026 236 46 72 
8 9 295 25 319 215 1028 236 46 72 
8 9 295 25 319 216 1029 236 46 72 
8 9 295 25 319 217 1031 236 46 72 
8 9 295 25 319 218 1033 236 46 72 
8 9 295 25 319 219 1035 236 46 72 
8 9 295 25 319 220 1036 236 48 72 
8 9 295 25 319 221 1038 236 46 72 
8 9 295 25 319 222 1040 236 46 72 
8 9 295 25 319 223 1042 236 46 72 
8 9 295 25 319 224 1044 236 46 72 
8 9 295 25 319 225 1045 236 46 72 
8 9 295 25 319 226 1047 236 46 72 
8 9 295 25 319 227 1049 236 46 72 
8 9 295 25 319 228 1051 236 46 72 
8 9 295 25 319 229 1052 236 48 72 
8 9 295 25 319 230 1054 236 46 72 
8 9 295 25 319 231 1058 236 46 72 
8 9 295 25 319 232 1060 236 46 72 
8 9 295 25 319 233 1061 236 46 72 
8 9 295 25 319 234 1063 236 46 72 
8 9 295 25 319 235 1065 236 46 72 
8 9 295 25 319 236 1067 236 46 72 
8 9 295 25 319 237 1068 236 48 72 
8 9 295 25 319 238 1070 236 46 72 
8 9 295 25 319 239 1072 236 46 72 
8 9 295 25 319 240 1074 236 46 72 
8 9 295 25 319 241 1076 236 46 72 
8 9 295 25 319 242 1077 236 46 72 
8 9 295 25 319 243 1079 236 46 72 
8 9 295 25 319 244 1081 236 46 72 
8 9 295 25 319 245 1081 236 46 70 
8 9 295 25 319 246 1083 236 46 70 
8 9 295 25 319 247 1084 236 48 67 
8 9 295 25 319 248 1086 236 46 67 
8 9 295 25 319 249 1088 236 46 67 
8 9 295 25 319 250 1090 237 46 64 
8 9 295 25 319 251 1092 237 46 64 
8 9 295 25 319 252 1093 237 46 61 
8 9 295 25 319 253 1095 237 46 61 
8 9 295 25 319 254 1097 237 46 61 
8 9 295 25 319 255 1099 238 46 60 
8 9 295 25 319 256 1100 238 48 60 
8 9 295 25 319 257 1102 238 46 57 
8 9 295 25 319 258 1104 238 46 57 
8 9 295 25 319 259 1106 238 46 57 
8 9 295 25 319 260 1108 239 46 54 
8 9 295 25 319 261 1109 239 46 54 
8 9 295 25 319 262 1111 239 46 51 
8 9 295 25 319 263 1113 239 46 51 
8 9 295 25 319 264 1115 239 46 51 
8 9 295 25 319 265 1116 239 48 51 
8 9 295 25 319 266 1118 239 46 51 
8 9 295 25 319 267 1120 239 46 51 
8 9 295 25 319 268 1122 239 46 51 
8 9 295 25 319 269 1124 239 46 51 
8 9 295 25 319 270 1127 239 46 51 
8 9 295 25 319 271 1127 239 46 54 
8 9 295 25 319 272 1129 238 46 57 
8 9 295 25 319 273 1131 238 46 60 
8 9 295 25 319 274 1132 237 48 61 
8 9 295 25 319 275 1134 237 46 64 
8 9 295 25 319 276 1136 236 46 70 
8 9 295 25 319 277 1138 236 46 72 
8 9 295 25 319 278 1140 235 46 75 
8 9 295 25 319 279 1141 235 46 78 
8 9 295 25 319 280 1143 234 46 81 
8 9 295 25 319 281 1145 236 46 82 
8 9 295 25 319 282 1147 234 46 84 
8 9 295 25 319 283 1148 234 48 84 
8 9 295 25 319 284 1150 234 46 84 
8 9 295 25 319 285 1152 234 46 84 
8 9 295 25 319 286 1154 234 46 84 
8 9 295 25 319 287 1156 234 46 84 
8 9 295 25 319 288 1157 234 46 84 
8 9 295 25 319 289 1159 234 46 84 
8 9 295 25 319 290 1161 234 46 84 
8 9 295 25 319 291 1163 234 46 84 
8 9 295 25 319 292 1164 234 48 84 
8 9 295 25 319 293 1168 234 46 84 
8 9 295 25 319 294 1170 234 46 84 
8 9 295 25 319 295 1172 234 46 84 
8 9 295 25 319 296 1173 234 46 84 
8 9 295 25 319 297 1175 234 46 84 
8 9 295 25 319 298 1177 234 46 84 
8 9 295 25 319 299 1179 234 46 84 
8 9 295 25 319 300 1182 234 46 84 
8 9 295 25 319 301 1184 232 46 85 
8 9 295 25 319 302 1186 232 46 85 
8 9 295 25 319 303 1188 232 46 85 
8 9 295 25 319 304 1189 232 46 85 
8 9 295 25 319 305 1191 230 46 88 
8 9 295 25 319 306 1193 230 46 88 
8 9 295 25 319 307 1195 230 46 88 
8 9 295 25 319 308 1196 230 48 90 
8 9 295 25 319 309 1198 227 46 93 
8 9 295 25 319 310 1200 227 46 93 
8 9 295 25 319 311 1202 227 46 93 
8 9 295 25 319 312 1204 227 46 93 
8 9 295 25 319 313 1205 227 46 93 
8 9 295 25 319 314 1207 225 46 96 
8 9 295 25 319 315 1209 225 46 96 
8 9 295 25 319 316 1212 224 48 99 
8 9 295 25 319 317 1214 224 46 99 
8 9 295 25 319 318 1216 223 46 100 
8 9 295 25 319 319 1218 223 46 100 
9 12 47 276 322 276 907 200 98 73 
9 12 47 276 322 277 907 200 98 73 
9 12 47 276 322 278 907 200 98 73 
9 12 47 276 322 279 907 200 98 73 
9 12 47 276 322 280 907 200 98 73 
9 12 47 276 322 281 907 200 98 73 
9 12 47 276 322 282 907 200 98 73 
9 12 47 276 322 283 907 200 98 73 
9 12 47 276 322 284 907 200 98 73 
9 12 47 276 322 285 907 200 98 73 
9 12 47 276 322 286 907 200 98 73 
9 12 47 276 322 287 907 200 98 73 
9 12 47 276 322 288 907 200 98 73 
9 12 47 276 322 289 907 200 98 73 
9 12 47 276 322 290 907 200 98 73 
9 12 47 276 322 291 907 200 98 73 
9 12 47 276 322 292 907 200 98 73 
9 12 47 276 322 293 907 200 98 73 
9 12 47 276 322 294 907 200 98 73 
9 12 47 276 322 295 907 200 98 73 
9 12 47 276 322 296 907 200 98 73 
9 12 47 276 322 297 907 200 98 73 
9 12 47 276 322 298 907 200 98 73 
9 12 47 276 322 299 907 200 98 73 
9 12 47 276 322 300 907 200 98 73 
9 12 47 276 322 301 907 200 98 73 
9 12 47 276 322 302 907 200 98 73 
9 12 47 276 322 303 907 200 98 73 
9 12 47 276 322 304 907 200 98 73 
9 12 47 276 322 305 907 200 98 73 
9 12 47 276 322 306 907 200 98 73 
9 12 47 276 322 307 907 200 98 73 
9 12 47 276 322 308 907 200 98 73 
9 12 47 276 322 309 907 200 98 73 
9 12 47 276 322 310 907 200 98 73 
9 12 47 276 322 311 907 200 98 73 
9 12 47 276 322 312 907 200 98 73 
9 12 47 276 322 313 907 200 98 73 
9 12 47 276 322 314 907 200 98 73 
9 12 47 276 322 315 907 200 98 73 
9 12 47 276 322 316 907 200 98 73 
9 12 47 276 322 317 907 200 98 73 
9 12 47 276 322 318 907 200 98 73 
9 12 47 276 322 319 907 200 98 73 
9 12 47 276 322 320 907 200 98 73 
9 12 47 276 322 321 907 200 98 73 
9 12 47 276 322 322 907 200 98 73 
10 9 136 0 135 0 581 218 42 64 
10 9 136 0 135 1 579 218 42 64 
10 9 136 0 135 2 577 218 42 64 
10 9 136 0 135 3 577 218 42 64 
10 9 136 0 135 4 575 218 44 64 
10 9 136 0 135 5 575 218 44 64 
10 9 136 0 135 6 573 218 44 64 
10 9 136 0 135 7 572 218 42 64 
10 9 136 0 135 8 572 218 42 64 
10 9 136 0 135 9 570 218 42 64 
10 9 136 0 135 10 570 218 42 64 
10 9 136 0 135 11 568 218 42 64 
10 9 136 0 135 12 568 218 42 64 
10 9 136 0 135 13 566 218 44 64 
10 9 136 0 135 14 565 218 42 64 
10 9 136 0 135 15 565 218 42 64 
10 9 136 0 135 16 563 218 42 64 
10 9 136 0 135 17 561 218 42 64 
10 9 136 0 135 18 561 218 42 64 
10 9 136 0 135 19 559 218 44 64 
10 9 136 0 135 20 559 218 44 64 
10 9 136 0 135 21 557 218 44 64 
10 9 136 0 135 22 556 218 42 64 
10 9 136 0 135 23 556 218 42 64 
10 9 136 0 135 24 554 218 42 64 
10 9 136 0 135 25 552 218 42 64 
10 9 136 0 135 26 552 218 42 64 
10 9 136 0 135 27 550 218 44 64 
10 9 136 0 135 28 550 218 44 64 
10 9 136 0 135 29 549 218 42 64 
10 9 136 0 135 30 547 218 42 64 
10 9 136 0 135 31 545 218 42 64 
10 9 136 0 135 32 543 218 44 64 
10 9 136 0 135 33 541 218 44 64 
10 9 136 0 135 34 540 218 42 64 
10 9 136 0 135 35 538 218 42 64 
10 9 136 0 135 36 536 218 42 64 
10 9 136 0 135 37 534 218 44 64 
10 9 136 0 135 38 533 218 42 64 
10 9 136 0 135 39 531 218 42 64 
10 9 136 0 135 40 531 220 42 63 
10 9 136 0 135 41 529 220 42 63 
10 9 136 0 135 42 527 220 44 63 
10 9 136 0 135 43 525 220 44 63 
10 9 136 0 135 44 524 220 42 63 
10 9 136 0 135 45 522 220 42 63 
10 9 136 0 135 46 520 220 42 63 
10 9 136 0 135 47 518 220 44 63 
10 9 136 0 135 48 517 220 42 63 
10 9 136 0 135 49 515 220 42 63 
10 9 136 0 135 50 513 220 42 63 
10 9 136 0 135 51 511 220 44 63 
10 9 136 0 135 52 509 220 44 63 
10 9 136 0 135 53 508 220 42 63 
10 9 136 0 135 54 506 220 42 63 
10 9 136 0 135 55 506 220 42 63 
10 9 136 0 135 56 504 220 42 63 
10 9 136 0 135 57 502 220 44 63 
10 9 136 0 135 58 501 220 42 63 
10 9 136 0 135 59 499 220 42 63 
10 9 136 0 135 60 497 220 42 63 
10 9 136 0 135 61 497 220 42 63 
10 9 136 0 135 62 495 220 44 63 
10 9 136 0 135 63 493 220 44 63 
10 9 136 0 135 64 492 220 42 63 
10 9 136 0 135 65 490 220 42 63 
10 9 136 0 135 66 490 220 42 63 
10 9 136 0 135 67 488 220 42 63 
10 9 136 0 135 68 486 220 44 63 
10 9 136 0 135 69 485 220 42 63 
10 9 136 0 135 70 485 220 42 63 
10 9 136 0 135 71 483 220 42 63 
10 9 136 0 135 72 481 220 42 63 
10 9 136 0 135 73 479 220 44 63 
10 9 136 0 135 74 479 220 44 63 
10 9 136 0 135 75 477 220 44 63 
10 9 136 0 135 76 476 220 42 63 
10 9 136 0 135 77 474 220 42 63 
10 9 136 0 135 78 474 220 42 63 
10 9 136 0 135 79 472 220 42 63 
10 9 136 0 135 80 470 220 44 63 
10 9 136 0 135 81 470 220 44 63 
10 9 136 0 135 82 469 218 42 64 
10 9 136 0 135 83 467 218 42 64 
10 9 136 0 135 84 465 218 42 64 
10 9 136 0 135 85 463 218 44 64 
10 9 136 0 135 86 461 218 44 64 
10 9 136 0 135 87 460 218 42 64 
10 9 136 0 135 88 460 218 42 64 
10 9 136 0 135 89 458 218 42 64 
10 9 136 0 135 90 456 218 42 64 
10 9 136 0 135 91 454 218 44 64 
10 9 136 0 135 92 453 218 42 64 
10 9 136 0 135 93 451 218 42 64 
10 9 136 0 135 94 451 218 42 64 
10 9 136 0 135 95 449 218 42 64 
10 9 136 0 135 96 447 218 44 64 
10 9 136 0 135 97 447 218 44 64 
10 9 136 0 135 98 445 218 44 64 
10 9 136 0 135 99 444 218 42 64 
10 9 136 0 135 100 444 218 42 64 
10 9 136 0 135 101 442 220 42 63 
10 9 136 0 135 102 440 220 42 63 
10 9 136 0 135 103 440 220 42 63 
10 9 136 0 135 104 438 220 44 63 
10 9 136 0 135 105 437 220 42 63 
10 9 136 0 135 106 437 220 42 63 
10 9 136 0 135 107 435 220 42 63 
10 9 136 0 135 108 435 221 42 64 
10 9 136 0 135 109 433 221 42 64 
10 9 136 0 135 110 431 221 44 64 
10 9 136 0 135 111 429 221 44 64 
10 9 136 0 135 112 429 221 44 64 
10 9 136 0 135 113 428 221 42 64 
10 9 136 0 135 114 426 221 42 64 
10 9 136 0 135 115 426 221 42 64 
10 9 136 0 135 116 424 221 42 64 
10 9 136 0 135 117 422 223 44 64 
10 9 136 0 135 118 421 223 42 64 
10 9 136 0 135 119 421 223 42 64 
10 9 136 0 135 120 419 223 42 64 
10 9 136 0 135 121 417 223 42 64 
10 9 136 0 135 122 417 223 42 64 
10 9 136 0 135 123 415 223 44 64 
10 9 136 0 135 124 413 223 44 64 
10 9 136 0 135 125 413 225 44 64 
10 9 136 0 135 126 412 223 42 64 
10 9 136 0 135 127 410 223 42 64 
10 9 136 0 135 128 408 223 42 64 
10 9 136 0 135 129 408 223 42 64 
10 9 136 0 135 130 406 223 44 64 
10 9 136 0 135 131 405 223 42 64 
10 9 136 0 135 132 403 223 42 64 
10 9 136 0 135 133 403 221 42 64 
10 9 136 0 135 134 401 221 42 64 
10 9 136 0 135 135 399 221 44 64 
11 9 439 520 958 520 601 206 46 69 
11 9 439 520 958 521 601 206 46 69 
11 9 439 520 958 522 599 206 46 69 
11 9 439 520 958 523 599 206 46 69 
11 9 439 520 958 524 597 206 46 69 
11 9 439 520 958 525 597 206 46 69 
11 9 439 520 958 526 597 206 46 69 
11 9 439 520 958 527 596 206 46 69 
11 9 439 520 958 528 596 206 46 69 
11 9 439 520 958 529 594 206 46 69 
11 9 439 520 958 530 594 206 46 69 
11 9 439 520 958 531 592 206 46 69 
11 9 439 520 958 532 592 206 46 69 
11 9 439 520 958 533 592 206 46 69 
11 9 439 520 958 534 590 206 46 69 
11 9 439 520 958 535 590 206 46 69 
11 9 439 520 958 536 588 206 48 69 
11 9 439 520 958 537 588 206 48 69 
11 9 439 520 958 538 587 206 46 69 
11 9 439 520 958 539 587 206 46 69 
11 9 439 520 958 540 587 208 46 69 
11 9 439 520 958 541 585 208 46 69 
11 9 439 520 958 542 585 208 46 69 
11 9 439 520 958 543 583 208 46 69 
11 9 439 520 958 544 583 208 46 69 
11 9 439 520 958 545 581 208 46 69 
11 9 439 520 958 546 581 208 46 69 
11 9 439 520 958 547 580 208 46 69 
11 9 439 520 958 548 580 208 46 69 
11 9 439 520 958 549 580 208 46 69 
11 9 439 520 958 550 578 208 46 69 
11 9 439 520 958 551 578 208 46 69 
11 9 439 520 958 552 576 208 46 69 
11 9 439 520 958 553 576 208 46 69 
11 9 439 520 958 554 574 208 46 69 
11 9 439 520 958 555 574 208 46 69 
11 9 439 520 958 556 574 208 46 69 
11 9 439 520 958 557 572 208 48 69 
11 9 439 520 958 558 572 208 48 69 
11 9 439 520 958 559 571 208 46 69 
11 9 439 520 958 560 571 208 46 69 
11 9 439 520 958 561 569 208 46 69 
11 9 439 520 958 562 569 208 46 69 
11 9 439 520 958 563 569 208 46 69 
11 9 439 520 958 564 567 208 46 69 
11 9 439 520 958 565 567 208 46 69 
11 9 439 520 958 566 565 208 46 69 
11 9 439 520 958 567 565 208 46 69 
11 9 439 520 958 568 564 208 46 69 
11 9 439 520 958 569 564 208 46 69 
11 9 439 520 958 570 564 210 46 69 
11 9 439 520 958 571 562 210 46 69 
11 9 439 520 958 572 562 210 46 69 
11 9 439 520 958 573 560 210 46 69 
11 9 439 520 958 574 560 210 46 69 
11 9 439 520 958 575 558 210 46 69 
11 9 439 520 958 576 558 210 46 69 
11 9 439 520 958 577 556 210 48 69 
11 9 439 520 958 578 556 210 48 69 
11 9 439 520 958 579 556 210 48 69 
11 9 439 520 958 580 555 210 46 69 
11 9 439 520 958 581 555 210 46 69 
11 9 439 520 958 582 553 210 46 69 
11 9 439 520 958 583 553 210 46 69 
11 9 439 520 958 584 551 210 46 69 
11 9 439 520 958 585 551 210 46 69 
11 9 439 520 958 586 551 210 46 69 
11 9 439 520 958 587 549 210 46 69 
11 9 439 520 958 588 549 210 46 69 
11 9 439 520 958 589 548 210 46 69 
11 9 439 520 958 590 548 210 46 69 
11 9 439 520 958 591 546 210 46 69 
11 9 439 520 958 592 546 210 46 69 
11 9 439 520 958 593 546 210 46 69 
11 9 439 520 958 594 544 210 46 69 
11 9 439 520 958 595 544 210 46 69 
11 9 439 520 958 596 542 210 46 69 
11 9 439 520 958 597 542 210 46 69 
11 9 439 520 958 598 540 210 48 69 
11 9 439 520 958 599 540 210 48 69 
11 9 439 520 958 600 540 212 48 69 
11 9 439 520 958 601 539 212 46 69 
11 9 439 520 958 602 536 212 50 69 
11 9 439 520 958 603 537 212 46 69 
11 9 439 520 958 604 534 212 50 69 
11 9 439 520 958 605 535 212 46 69 
11 9 439 520 958 606 532 212 50 69 
11 9 439 520 958 607 533 212 46 69 
11 9 439 520 958 608 532 212 48 69 
11 9 439 520 958 609 532 212 46 69 
11 9 439 520 958 610 529 212 50 69 
11 9 439 520 958 611 530 212 46 69 
11 9 439 520 958 612 527 212 50 69 
11 9 439 520 958 613 528 212 46 69 
11 9 439 520 958 614 525 212 50 69 
11 9 439 520 958 615 526 212 46 69 
11 9 439 520 958 616 523 212 50 69 
11 9 439 520 958 617 524 212 48 69 
11 9 439 520 958 618 522 212 50 69 
11 9 439 520 958 619 523 212 46 69 
11 9 439 520 958 620 520 212 50 72 
11 9 439 520 958 621 521 212 46 72 
11 9 439 520 958 622 518 212 50 72 
11 9 439 520 958 623 519 212 46 72 
11 9 439 520 958 624 516 212 50 72 
11 9 439 520 958 625 517 212 46 72 
11 9 439 520 958 626 516 212 48 72 
11 9 439 520 958 627 516 212 46 72 
11 9 439 520 958 628 513 212 50 72 
11 9 439 520 958 629 514 212 46 72 
11 9 439 520 958 630 511 212 50 72 
11 9 439 520 958 631 512 212 46 72 
11 9 439 520 958 632 509 212 50 72 
11 9 439 520 958 633 510 212 46 72 
11 9 439 520 958 634 507 212 50 72 
11 9 439 520 958 635 508 212 48 72 
11 9 439 520 958 636 506 212 50 72 
11 9 439 520 958 637 507 212 46 72 
11 9 439 520 958 638 504 212 50 72 
11 9 439 520 958 639 505 212 46 72 
11 9 439 520 958 640 502 211 50 73 
11 9 439 520 958 641 503 211 46 73 
11 9 439 520 958 642 500 211 50 73 
11 9 439 520 958 643 501 211 46 73 
11 9 439 520 958 644 500 211 48 73 
11 9 439 520 958 645 500 211 46 73 
11 9 439 520 958 646 497 211 50 73 
11 9 439 520 958 647 498 211 46 73 
11 9 439 520 958 648 495 211 50 73 
11 9 439 520 958 649 496 211 46 73 
11 9 439 520 958 650 493 211 50 73 
11 9 439 520 958 651 491 211 50 73 
11 9 439 520 958 652 491 211 50 73 
11 9 439 520 958 653 490 211 50 73 
11 9 439 520 958 654 490 211 50 73 
11 9 439 520 958 655 488 211 50 73 
11 9 439 520 958 656 488 211 50 73 
11 9 439 520 958 657 486 211 50 73 
11 9 439 520 958 658 486 211 50 73 
11 9 439 520 958 659 484 211 50 73 
11 9 439 520 958 660 484 211 50 76 
11 9 439 520 958 661 484 211 48 76 
11 9 439 520 958 662 484 211 48 76 
11 9 439 520 958 663 481 211 50 76 
11 9 439 520 958 664 481 211 50 76 
11 9 439 520 958 665 479 211 50 76 
11 9 439 520 958 666 479 211 50 76 
11 9 439 520 958 667 477 211 50 76 
11 9 439 520 958 668 477 211 50 76 
11 9 439 520 958 669 475 211 50 76 
11 9 439 520 958 670 475 211 50 76 
11 9 439 520 958 671 474 211 50 76 
11 9 439 520 958 672 474 211 50 76 
11 9 439 520 958 673 472 211 50 76 
11 9 439 520 958 674 472 211 50 76 
11 9 439 520 958 675 470 211 50 76 
11 9 439 520 958 676 470 211 50 76 
11 9 439 520 958 677 468 211 50 76 
11 9 439 520 958 678 468 211 50 76 
11 9 439 520 958 679 468 211 48 76 
11 9 439 520 958 680 468 210 48 79 
11 9 439 520 958 681 465 210 50 79 
11 9 439 520 958 682 465 210 50 79 
11 9 439 520 958 683 463 210 50 79 
11 9 439 520 958 684 463 210 50 79 
11 9 439 520 958 685 461 210 50 79 
11 9 439 520 958 686 461 210 50 79 
11 9 439 520 958 687 459 210 50 79 
11 9 439 520 958 688 459 210 50 79 
11 9 439 520 958 689 458 210 50 79 
11 9 439 520 958 690 458 210 50 79 
11 9 439 520 958 691 456 210 50 79 
11 9 439 520 958 692 456 210 50 79 
11 9 439 520 958 693 454 210 50 79 
11 9 439 520 958 694 454 210 50 79 
11 9 439 520 958 695 452 210 50 79 
11 9 439 520 958 696 452 210 50 79 
11 9 439 520 958 697 452 210 48 79 
11 9 439 520 958 698 452 210 48 79 
11 9 439 520 958 699 449 210 50 79 
11 9 439 520 958 700 449 210 50 82 
11 9 439 520 958 701 447 210 50 82 
11 9 439 520 958 702 445 210 50 82 
11 9 439 520 958 703 445 210 50 82 
11 9 439 520 958 704 443 210 50 82 
11 9 439 520 958 705 442 210 50 82 
11 9 439 520 958 706 442 210 50 82 
11 9 439 520 958 707 440 210 50 82 
11 9 439 520 958 708 438 210 50 82 
11 9 439 520 958 709 438 210 50 82 
11 9 439 520 958 710 436 210 50 82 
11 9 439 520 958 711 436 210 48 82 
11 9 439 520 958 712 436 210 48 82 
11 9 439 520 958 713 433 210 50 82 
11 9 439 520 958 714 431 210 50 82 
11 9 439 520 958 715 431 210 50 82 
11 9 439 520 958 716 429 210 50 82 
11 9 439 520 958 717 427 210 50 82 
11 9 439 520 958 718 427 210 50 82 
11 9 439 520 958 719 426 210 50 82 
11 9 439 520 958 720 424 210 50 82 
11 9 439 520 958 721 424 210 50 82 
11 9 439 520 958 722 422 210 50 82 
11 9 439 520 958 723 420 210 50 82 
11 9 439 520 958 724 420 210 50 82 
11 9 439 520 958 725 420 210 48 82 
11 9 439 520 958 726 417 210 50 84 
11 9 439 520 958 727 417 210 50 84 
11 9 439 520 958 728 415 210 50 84 
11 9 439 520 958 729 413 210 50 84 
11 9 439 520 958 730 413 210 50 84 
11 9 439 520 958 731 411 210 50 84 
11 9 439 520 958 732 410 210 50 84 
11 9 439 520 958 733 410 210 50 84 
11 9 439 520 958 734 408 210 50 84 
11 9 439 520 958 735 408 210 50 84 
11 9 439 520 958 736 406 210 50 84 
11 9 439 520 958 737 404 210 50 84 
11 9 439 520 958 738 404 210 50 84 
11 9 439 520 958 739 404 210 48 84 
11 9 439 520 958 740 401 210 50 84 
11 9 439 520 958 741 401 210 50 84 
11 9 439 520 958 742 399 210 50 84 
11 9 439 520 958 743 397 210 50 84 
11 9 439 520 958 744 397 210 50 84 
11 9 439 520 958 745 395 210 50 84 
11 9 439 520 958 746 394 210 50 84 
11 9 439 520 958 747 394 210 50 84 
11 9 439 520 958 748 392 210 50 84 
11 9 439 520 958 749 390 210 50 84 
11 9 439 520 958 750 390 210 50 84 
11 9 439 520 958 751 388 210 50 85 
11 9 439 520 958 752 388 210 48 85 
11 9 439 520 958 753 388 210 48 85 
11 9 439 520 958 754 385 210 50 85 
11 9 439 520 958 755 383 210 50 85 
11 9 439 520 958 756 383 210 50 85 
11 9 439 520 958 757 381 210 50 85 
11 9 439 520 958 758 379 210 50 85 
11 9 439 520 958 759 379 210 50 85 
11 9 439 520 958 760 378 210 50 85 
11 9 439 520 958 761 376 210 50 85 
11 9 439 520 958 762 376 210 50 85 
11 9 439 520 958 763 374 210 50 85 
11 9 439 520 958 764 372 210 50 85 
11 9 439 520 958 765 372 210 50 85 
11 9 439 520 958 766 372 210 48 85 
11 9 439 520 958 767 369 210 50 85 
11 9 439 520 958 768 369 210 50 85 
11 9 439 520 958 769 367 210 50 85 
11 9 439 520 958 770 367 210 50 85 
11 9 439 520 958 771 365 210 50 85 
11 9 439 520 958 772 363 210 50 85 
11 9 439 520 958 773 363 210 50 85 
11 9 439 520 958 774 362 210 50 85 
11 9 439 520 958 775 360 210 50 85 
11 9 439 520 958 776 360 210 50 85 
11 9 439 520 958 777 358 210 50 88 
11 9 439 520 958 778 356 210 50 88 
11 9 439 520 958 779 356 210 50 88 
11 9 439 520 958 780 356 210 48 88 
11 9 439 520 958 781 353 210 50 88 
11 9 439 520 958 782 353 210 50 88 
11 9 439 520 958 783 351 210 50 88 
11 9 439 520 958 784 349 210 50 88 
11 9 439 520 958 785 349 210 50 88 
11 9 439 520 958 786 347 210 50 88 
11 9 439 520 958 787 346 210 50 88 
11 9 439 520 958 788 346 210 50 88 
11 9 439 520 958 789 344 210 50 88 
11 9 439 520 958 790 342 210 50 88 
11 9 439 520 958 791 342 210 50 88 
11 9 439 520 958 792 340 210 50 88 
11 9 439 520 958 793 340 210 48 88 
11 9 439 520 958 794 340 210 48 88 
11 9 439 520 958 795 337 210 50 88 
11 9 439 520 958 796 335 210 50 88 
11 9 439 520 958 797 335 210 50 88 
11 9 439 520 958 798 333 210 50 88 
11 9 439 520 958 799 331 210 50 88 
11 9 439 520 958 800 331 210 50 88 
11 9 439 520 958 801 330 210 50 88 
11 9 439 520 958 802 330 212 50 88 
11 9 439 520 958 803 328 212 50 88 
11 9 439 520 958 804 328 212 50 88 
11 9 439 520 958 805 326 212 50 88 
11 9 439 520 958 806 326 212 50 88 
11 9 439 520 958 807 324 211 50 91 
11 9 439 520 958 808 324 214 50 88 
11 9 439 520 958 809 324 214 50 88 
11 9 439 520 958 810 324 214 48 88 
11 9 439 520 958 811 324 214 48 88 
11 9 439 520 958 812 321 214 50 90 
11 9 439 520 958 813 321 216 50 87 
11 9 439 520 958 814 321 216 50 87 
11 9 439 520 958 815 319 216 50 87 
11 9 439 520 958 816 319 216 50 90 
11 9 439 520 958 817 317 216 50 90 
11 9 439 520 958 818 317 217 50 88 
11 9 439 520 958 819 315 217 50 88 
11 9 439 520 958 820 315 217 50 88 
11 9 439 520 958 821 315 216 50 91 
11 9 439 520 958 822 314 216 50 91 
11 9 439 520 958 823 314 219 50 88 
11 9 439 520 958 824 312 219 50 88 
11 9 439 520 958 825 312 218 50 91 
11 9 439 520 958 826 312 218 50 91 
11 9 439 520 958 827 310 218 50 91 
11 9 439 520 958 828 310 221 50 88 
11 9 439 520 958 829 308 221 50 88 
11 9 439 520 958 830 308 221 50 90 
11 9 439 520 958 831 308 221 50 90 
11 9 439 520 958 832 308 221 48 90 
11 9 439 520 958 833 308 223 48 87 
11 9 439 520 958 834 305 223 50 87 
11 9 439 520 958 835 305 223 50 90 
11 9 439 520 958 836 303 223 50 90 
11 9 439 520 958 837 303 223 50 90 
11 9 439 520 958 838 303 225 50 87 
11 9 439 520 958 839 301 225 50 90 
11 9 439 520 958 840 301 225 50 90 
11 9 439 520 958 841 299 225 50 90 
11 9 439 520 958 842 299 225 50 90 
11 9 439 520 958 843 299 226 50 88 
11 9 439 520 958 844 298 225 50 91 
11 9 439 520 958 845 298 225 50 91 
11 9 439 520 958 846 296 225 50 91 
11 9 439 520 958 847 296 225 50 91 
11 9 439 520 958 848 296 227 50 91 
11 9 439 520 958 849 294 227 50 91 
11 9 439 520 958 850 292 227 50 91 
11 9 439 520 958 851 292 227 50 91 
11 9 439 520 958 852 292 227 48 91 
11 9 439 520 958 853 292 227 48 91 
11 9 439 520 958 854 289 230 50 90 
11 9 439 520 958 855 287 230 50 90 
11 9 439 520 958 856 287 230 50 90 
11 9 439 520 958 857 285 230 50 90 
11 9 439 520 958 858 285 230 50 90 
11 9 439 520 958 859 283 230 50 90 
11 9 439 520 958 860 282 232 50 90 
11 9 439 520 958 861 282 232 50 90 
11 9 439 520 958 862 280 232 50 90 
11 9 439 520 958 863 280 232 50 90 
11 9 439 520 958 864 278 232 50 90 
11 9 439 520 958 865 276 232 50 90 
11 9 439 520 958 866 276 232 50 91 
11 9 439 520 958 867 276 232 48 91 
11 9 439 520 958 868 276 232 48 91 
11 9 439 520 958 869 273 232 50 91 
11 9 439 520 958 870 271 232 50 91 
11 9 439 520 958 871 271 232 50 91 
11 9 439 520 958 872 269 234 50 91 
11 9 439 520 958 873 269 234 50 91 
11 9 439 520 958 874 267 234 50 91 
11 9 439 520 958 875 266 234 50 91 
11 9 439 520 958 876 266 234 50 91 
11 9 439 520 958 877 264 237 50 90 
11 9 439 520 958 878 264 237 50 90 
11 9 439 520 958 879 262 237 50 90 
11 9 439 520 958 880 260 237 50 90 
11 9 439 520 958 881 260 237 50 90 
11 9 439 520 958 882 260 237 48 90 
11 9 439 520 958 883 260 239 48 90 
11 9 439 520 958 884 257 239 50 90 
11 9 439 520 958 885 255 239 50 90 
11 9 439 520 958 886 255 239 50 90 
11 9 439 520 958 887 253 239 50 90 
11 9 439 520 958 888 253 239 50 90 
11 9 439 520 958 889 251 241 50 90 
11 9 439 520 958 890 250 241 50 90 
11 9 439 520 958 891 250 241 50 90 
11 9 439 520 958 892 248 241 50 90 
11 9 439 520 958 893 248 241 50 90 
11 9 439 520 958 894 246 241 50 90 
11 9 439 520 958 895 244 241 50 91 
11 9 439 520 958 896 244 241 50 91 
11 9 439 520 958 897 244 241 48 91 
11 9 439 520 958 898 244 241 48 91 
11 9 439 520 958 899 241 241 50 91 
11 9 439 520 958 900 241 243 50 91 
11 9 439 520 958 901 236 243 54 91 
11 9 439 520 958 902 234 243 54 91 
11 9 439 520 958 903 233 243 56 93 
11 9 439 520 958 904 228 246 60 90 
11 9 439 520 958 905 225 245 64 93 
11 9 439 520 958 906 224 245 64 93 
11 9 439 520 958 907 221 247 68 93 
11 9 439 520 958 908 219 247 68 93 
11 9 439 520 958 909 219 247 68 93 
11 9 439 520 958 910 217 247 68 93 
11 9 439 520 958 911 217 248 68 94 
11 9 439 520 958 912 215 248 68 94 
11 9 439 520 958 913 215 248 68 94 
11 9 439 520 958 914 215 248 68 94 
11 9 439 520 958 915 214 250 66 93 
11 9 439 520 958 916 214 250 66 93 
11 9 439 520 958 917 212 250 68 93 
11 9 439 520 958 918 212 253 68 90 
11 9 439 520 958 919 212 252 68 93 
11 9 439 520 958 920 210 252 68 93 
11 9 439 520 958 921 210 252 68 93 
11 9 439 520 958 922 208 255 68 90 
11 9 439 520 958 923 208 254 68 93 
11 9 439 520 958 924 208 254 68 93 
11 9 439 520 958 925 207 254 66 93 
11 9 439 520 958 926 207 257 66 90 
11 9 439 520 958 927 205 256 68 93 
11 9 439 520 958 928 205 256 68 93 
11 9 439 520 958 929 203 257 68 91 
11 9 439 520 958 930 203 257 68 91 
11 9 439 520 958 931 203 257 68 94 
11 9 439 520 958 932 201 257 68 94 
11 9 439 520 958 933 201 259 68 91 
11 9 439 520 958 934 199 259 68 91 
11 9 439 520 958 935 199 259 68 93 
11 9 439 520 958 936 199 259 68 93 
11 9 439 520 958 937 198 262 66 90 
11 9 439 520 958 938 198 262 66 90 
11 9 439 520 958 939 196 261 68 93 
11 9 439 520 958 940 196 264 68 90 
11 9 439 520 958 941 196 264 68 90 
11 9 439 520 958 942 194 264 68 90 
11 9 439 520 958 943 194 263 68 93 
11 9 439 520 958 944 192 264 68 91 
11 9 439 520 958 945 192 264 68 91 
11 9 439 520 958 946 191 264 66 91 
11 9 439 520 958 947 191 264 66 94 
11 9 439 520 958 948 191 266 66 91 
11 9 439 520 958 949 189 266 68 91 
11 9 439 520 958 950 189 266 68 91 
11 9 439 520 958 951 187 269 68 90 
11 9 439 520 958 952 187 269 68 90 
11 9 439 520 958 953 187 269 68 90 
11 9 439 520 958 954 185 269 68 90 
11 9 439 520 958 955 185 271 68 90 
11 9 439 520 958 956 183 271 68 90 
11 9 439 520 958 957 183 271 68 90 
11 9 439 520 958 958 183 273 68 90 
