0 12 47 114 160 114 816 194 78 72 
0 12 47 114 160 115 816 194 78 72 
0 12 47 114 160 116 816 194 78 72 
0 12 47 114 160 117 816 194 78 72 
0 12 47 114 160 118 816 194 78 72 
0 12 47 114 160 119 816 194 78 72 
0 12 47 114 160 120 816 194 78 72 
0 12 47 114 160 121 816 194 78 72 
0 12 47 114 160 122 816 194 78 72 
0 12 47 114 160 123 816 194 78 72 
0 12 47 114 160 124 816 194 78 72 
0 12 47 114 160 125 816 194 78 72 
0 12 47 114 160 126 816 194 78 72 
0 12 47 114 160 127 816 194 78 72 
0 12 47 114 160 128 816 194 78 72 
0 12 47 114 160 129 816 194 78 72 
0 12 47 114 160 130 816 194 78 72 
0 12 47 114 160 131 816 194 78 72 
0 12 47 114 160 132 816 194 78 72 
0 12 47 114 160 133 816 194 78 72 
0 12 47 114 160 134 816 194 78 72 
0 12 47 114 160 135 816 194 78 72 
0 12 47 114 160 136 816 194 78 72 
0 12 47 114 160 137 816 194 78 72 
0 12 47 114 160 138 816 194 78 72 
0 12 47 114 160 139 816 194 78 72 
0 12 47 114 160 140 816 194 78 72 
0 12 47 114 160 141 816 194 78 72 
0 12 47 114 160 142 816 194 78 72 
0 12 47 114 160 143 816 194 78 72 
0 12 47 114 160 144 816 194 78 72 
0 12 47 114 160 145 816 194 78 72 
0 12 47 114 160 146 816 194 78 72 
0 12 47 114 160 147 816 194 78 72 
0 12 47 114 160 148 816 194 78 72 
0 12 47 114 160 149 816 194 78 72 
0 12 47 114 160 150 816 194 78 72 
0 12 47 114 160 151 816 194 78 72 
0 12 47 114 160 152 816 194 78 72 
0 12 47 114 160 153 816 194 78 72 
0 12 47 114 160 154 816 194 78 72 
0 12 47 114 160 155 816 194 78 72 
0 12 47 114 160 156 816 194 78 72 
0 12 47 114 160 157 816 194 78 72 
0 12 47 114 160 158 816 194 78 72 
0 12 47 114 160 159 816 194 78 72 
0 12 47 114 160 160 816 194 78 72 
1 9 245 199 443 199 0 383 43 105 
1 9 245 199 443 200 1 383 42 105 
1 9 245 199 443 201 3 383 42 105 
1 9 245 199 443 202 5 383 42 105 
1 9 245 199 443 203 6 383 44 105 
1 9 245 199 443 204 5 383 46 105 
1 9 245 199 443 205 7 383 46 105 
1 9 245 199 443 206 9 383 46 105 
1 9 245 199 443 207 11 383 46 105 
1 9 245 199 443 208 12 383 48 105 
1 9 245 199 443 209 11 383 50 105 
1 9 245 199 443 210 13 383 50 105 
1 9 245 199 443 211 15 383 50 105 
1 9 245 199 443 212 17 382 50 103 
1 9 245 199 443 213 20 382 48 103 
1 9 245 199 443 214 20 382 50 103 
1 9 245 199 443 215 19 382 54 103 
1 9 245 199 443 216 21 382 54 103 
1 9 245 199 443 217 23 382 54 103 
1 9 245 199 443 218 26 382 52 103 
1 9 245 199 443 219 26 382 54 103 
1 9 245 199 443 220 25 382 58 103 
1 9 245 199 443 221 27 382 58 103 
1 9 245 199 443 222 30 382 56 103 
1 9 245 199 443 223 32 382 56 103 
1 9 245 199 443 224 34 382 56 103 
1 9 245 199 443 225 34 382 58 103 
1 9 245 199 443 226 33 382 62 103 
1 9 245 199 443 227 36 382 60 103 
1 9 245 199 443 228 38 382 60 103 
1 9 245 199 443 229 40 382 60 103 
1 9 245 199 443 230 40 382 62 103 
1 9 245 199 443 231 43 382 60 103 
1 9 245 199 443 232 43 380 60 106 
1 9 245 199 443 233 45 380 60 106 
1 9 245 199 443 234 47 380 60 106 
1 9 245 199 443 235 49 380 60 106 
1 9 245 199 443 236 49 380 62 106 
1 9 245 199 443 237 52 380 60 106 
1 9 245 199 443 238 54 380 60 106 
1 9 245 199 443 239 54 380 60 106 
1 9 245 199 443 240 56 380 60 106 
1 9 245 199 443 241 56 380 62 106 
1 9 245 199 443 242 59 380 60 106 
1 9 245 199 443 243 61 380 60 106 
1 9 245 199 443 244 63 380 60 106 
1 9 245 199 443 245 65 380 60 106 
1 9 245 199 443 246 65 380 60 106 
1 9 245 199 443 247 65 380 62 106 
1 9 245 199 443 248 68 380 60 106 
1 9 245 199 443 249 70 380 60 106 
1 9 245 199 443 250 72 380 60 106 
1 9 245 199 443 251 72 380 62 106 
1 9 245 199 443 252 75 380 60 106 
1 9 245 199 443 253 75 377 60 109 
1 9 245 199 443 254 77 377 60 109 
1 9 245 199 443 255 79 377 60 109 
1 9 245 199 443 256 81 377 60 109 
1 9 245 199 443 257 81 377 62 109 
1 9 245 199 443 258 81 377 64 109 
1 9 245 199 443 259 83 377 64 109 
1 9 245 199 443 260 85 377 64 109 
1 9 245 199 443 261 87 377 64 109 
1 9 245 199 443 262 88 377 64 112 
1 9 245 199 443 263 87 377 68 112 
1 9 245 199 443 264 89 377 68 112 
1 9 245 199 443 265 91 377 68 112 
1 9 245 199 443 266 94 377 64 112 
1 9 245 199 443 267 96 377 64 112 
1 9 245 199 443 268 95 377 66 112 
1 9 245 199 443 269 96 377 68 112 
1 9 245 199 443 270 98 377 68 112 
1 9 245 199 443 271 100 377 68 112 
1 9 245 199 443 272 102 377 66 114 
1 9 245 199 443 273 101 377 70 114 
1 9 245 199 443 274 102 377 72 114 
1 9 245 199 443 275 104 377 72 114 
1 9 245 199 443 276 106 377 72 114 
1 9 245 199 443 277 108 377 70 114 
1 9 245 199 443 278 107 377 74 114 
1 9 245 199 443 279 110 377 70 114 
1 9 245 199 443 280 111 377 72 114 
1 9 245 199 443 281 113 377 72 114 
1 9 245 199 443 282 115 376 70 117 
1 9 245 199 443 283 114 376 74 117 
1 9 245 199 443 284 116 376 74 117 
1 9 245 199 443 285 117 376 76 117 
1 9 245 199 443 286 119 376 76 117 
1 9 245 199 443 287 121 376 74 117 
1 9 245 199 443 288 120 376 78 117 
1 9 245 199 443 289 122 376 78 117 
1 9 245 199 443 290 124 376 78 117 
1 9 245 199 443 291 125 376 78 117 
1 9 245 199 443 292 127 376 78 120 
1 9 245 199 443 293 127 376 78 117 
1 9 245 199 443 294 130 376 74 117 
1 9 245 199 443 295 132 376 74 117 
1 9 245 199 443 296 134 376 72 117 
1 9 245 199 443 297 134 377 72 114 
1 9 245 199 443 298 136 377 72 114 
1 9 245 199 443 299 139 377 68 114 
1 9 245 199 443 300 141 377 68 114 
1 9 245 199 443 301 141 377 68 112 
1 9 245 199 443 302 143 377 66 112 
1 9 245 199 443 303 144 377 68 112 
1 9 245 199 443 304 146 377 68 112 
1 9 245 199 443 305 148 377 68 112 
1 9 245 199 443 306 151 377 64 112 
1 9 245 199 443 307 152 377 64 112 
1 9 245 199 443 308 154 377 64 112 
1 9 245 199 443 309 156 377 64 112 
1 9 245 199 443 310 158 377 64 112 
1 9 245 199 443 311 160 377 64 112 
1 9 245 199 443 312 161 377 62 112 
1 9 245 199 443 313 164 377 60 112 
1 9 245 199 443 314 166 377 60 112 
1 9 245 199 443 315 168 377 60 112 
1 9 245 199 443 316 168 377 62 112 
1 9 245 199 443 317 171 377 60 112 
1 9 245 199 443 318 171 377 60 109 
1 9 245 199 443 319 173 377 60 109 
1 9 245 199 443 320 175 377 60 109 
1 9 245 199 443 321 177 377 60 109 
1 9 245 199 443 322 177 377 62 109 
1 9 245 199 443 323 180 377 60 109 
1 9 245 199 443 324 183 377 56 109 
1 9 245 199 443 325 185 377 56 109 
1 9 245 199 443 326 185 377 58 109 
1 9 245 199 443 327 187 377 58 109 
1 9 245 199 443 328 190 377 56 109 
1 9 245 199 443 329 192 377 56 109 
1 9 245 199 443 330 195 377 52 109 
1 9 245 199 443 331 195 377 54 109 
1 9 245 199 443 332 197 377 54 109 
1 9 245 199 443 333 199 377 54 109 
1 9 245 199 443 334 202 377 52 109 
1 9 245 199 443 335 202 377 54 109 
1 9 245 199 443 336 202 375 54 109 
1 9 245 199 443 337 202 375 54 109 
1 9 245 199 443 338 204 376 54 106 
1 9 245 199 443 339 204 376 54 106 
1 9 245 199 443 340 206 373 54 109 
1 9 245 199 443 341 206 374 54 108 
1 9 245 199 443 342 209 374 52 108 
1 9 245 199 443 343 209 374 52 105 
1 9 245 199 443 344 209 373 52 106 
1 9 245 199 443 345 211 373 52 106 
1 9 245 199 443 346 211 373 52 103 
1 9 245 199 443 347 211 373 54 103 
1 9 245 199 443 348 211 373 54 103 
1 9 245 199 443 349 213 371 54 103 
1 9 245 199 443 350 213 371 54 103 
1 9 245 199 443 351 213 372 54 100 
1 9 245 199 443 352 215 372 54 100 
1 9 245 199 443 353 215 369 54 103 
1 9 245 199 443 354 218 370 52 102 
1 9 245 199 443 355 218 370 52 102 
1 9 245 199 443 356 218 370 54 102 
1 9 245 199 443 357 218 370 54 99 
1 9 245 199 443 358 218 368 54 102 
1 9 245 199 443 359 220 368 54 99 
1 9 245 199 443 360 220 368 54 99 
1 9 245 199 443 361 222 368 54 99 
1 9 245 199 443 362 222 367 54 97 
1 9 245 199 443 363 225 367 52 97 
1 9 245 199 443 364 225 367 52 97 
1 9 245 199 443 365 227 368 52 96 
1 9 245 199 443 366 227 365 52 99 
1 9 245 199 443 367 227 366 52 96 
1 9 245 199 443 368 227 366 54 96 
1 9 245 199 443 369 227 366 54 96 
1 9 245 199 443 370 229 366 54 93 
1 9 245 199 443 371 229 364 54 96 
1 9 245 199 443 372 231 364 54 96 
1 9 245 199 443 373 231 364 54 93 
1 9 245 199 443 374 231 364 54 93 
1 9 245 199 443 375 234 362 52 93 
1 9 245 199 443 376 234 362 52 93 
1 9 245 199 443 377 234 362 54 93 
1 9 245 199 443 378 234 362 54 91 
1 9 245 199 443 379 236 362 54 91 
1 9 245 199 443 380 236 360 54 94 
1 9 245 199 443 381 236 360 54 91 
1 9 245 199 443 382 238 360 54 91 
1 9 245 199 443 383 238 361 54 88 
1 9 245 199 443 384 241 360 52 90 
1 9 245 199 443 385 241 360 52 90 
1 9 245 199 443 386 243 360 52 87 
1 9 245 199 443 387 243 360 52 87 
1 9 245 199 443 388 243 360 54 87 
1 9 245 199 443 389 243 358 54 88 
1 9 245 199 443 390 243 358 54 88 
1 9 245 199 443 391 243 358 54 88 
1 9 245 199 443 392 243 358 54 88 
1 9 245 199 443 393 243 358 54 88 
1 9 245 199 443 394 243 356 54 88 
1 9 245 199 443 395 245 356 54 88 
1 9 245 199 443 396 245 356 54 88 
1 9 245 199 443 397 245 356 54 88 
1 9 245 199 443 398 245 356 54 88 
1 9 245 199 443 399 245 354 54 88 
1 9 245 199 443 400 245 354 54 88 
1 9 245 199 443 401 247 354 54 88 
1 9 245 199 443 402 247 354 54 88 
1 9 245 199 443 403 247 354 54 88 
1 9 245 199 443 404 247 353 54 87 
1 9 245 199 443 405 247 353 54 87 
1 9 245 199 443 406 247 353 54 87 
1 9 245 199 443 407 247 353 54 87 
1 9 245 199 443 408 250 353 52 87 
1 9 245 199 443 409 250 351 52 87 
1 9 245 199 443 410 250 351 52 87 
1 9 245 199 443 411 250 351 52 87 
1 9 245 199 443 412 250 351 52 87 
1 9 245 199 443 413 250 351 52 87 
1 9 245 199 443 414 250 349 54 88 
1 9 245 199 443 415 250 349 54 88 
1 9 245 199 443 416 250 349 54 88 
1 9 245 199 443 417 250 349 54 88 
1 9 245 199 443 418 250 349 54 88 
1 9 245 199 443 419 250 347 54 88 
1 9 245 199 443 420 250 347 54 88 
1 9 245 199 443 421 252 347 54 88 
1 9 245 199 443 422 252 347 54 88 
1 9 245 199 443 423 252 347 54 88 
1 9 245 199 443 424 252 345 54 88 
1 9 245 199 443 425 252 345 54 88 
1 9 245 199 443 426 252 345 54 88 
1 9 245 199 443 427 254 345 54 88 
1 9 245 199 443 428 254 345 54 88 
1 9 245 199 443 429 254 344 54 87 
1 9 245 199 443 430 254 344 54 87 
1 9 245 199 443 431 254 344 54 87 
1 9 245 199 443 432 254 344 54 87 
1 9 245 199 443 433 257 344 52 87 
1 9 245 199 443 434 257 342 52 88 
1 9 245 199 443 435 257 342 52 88 
1 9 245 199 443 436 257 342 52 88 
1 9 245 199 443 437 257 340 52 88 
1 9 245 199 443 438 259 340 52 88 
1 9 245 199 443 439 259 340 52 88 
1 9 245 199 443 440 259 338 52 88 
1 9 245 199 443 441 259 338 52 88 
1 9 245 199 443 442 259 338 52 88 
1 9 245 199 443 443 259 338 54 88 
