19 9 183 0 182 0 195 273 52 96 
19 9 183 0 182 1 193 273 52 96 
19 9 183 0 182 2 190 273 54 96 
19 9 183 0 182 3 188 273 54 96 
19 9 183 0 182 4 188 275 54 96 
19 9 183 0 182 5 186 275 54 96 
19 9 183 0 182 6 186 275 52 96 
19 9 183 0 182 7 186 275 52 96 
19 9 183 0 182 8 183 277 54 96 
19 9 183 0 182 9 181 277 54 96 
19 9 183 0 182 10 179 277 54 96 
19 9 183 0 182 11 179 277 54 96 
19 9 183 0 182 12 179 279 52 96 
19 9 183 0 182 13 177 279 52 96 
19 9 183 0 182 14 177 279 52 96 
19 9 183 0 182 15 174 279 54 96 
19 9 183 0 182 16 172 280 54 96 
19 9 183 0 182 17 170 280 54 96 
19 9 183 0 182 18 170 280 54 96 
19 9 183 0 182 19 170 280 52 96 
19 9 183 0 182 20 167 282 54 96 
19 9 183 0 182 21 167 282 54 96 
19 9 183 0 182 22 165 282 54 96 
19 9 183 0 182 23 163 282 54 96 
19 9 183 0 182 24 163 284 52 96 
19 9 183 0 182 25 163 284 52 96 
19 9 183 0 182 26 161 284 52 96 
19 9 183 0 182 27 158 284 54 96 
19 9 183 0 182 28 158 286 54 96 
19 9 183 0 182 29 156 286 54 96 
19 9 183 0 182 30 154 286 54 96 
19 9 183 0 182 31 154 288 54 96 
19 9 183 0 182 32 154 288 52 96 
19 9 183 0 182 33 154 288 52 96 
19 9 183 0 182 34 151 288 54 96 
19 9 183 0 182 35 151 289 54 96 
19 9 183 0 182 36 149 289 54 96 
19 9 183 0 182 37 149 289 54 96 
19 9 183 0 182 38 147 289 54 96 
19 9 183 0 182 39 147 291 54 96 
19 9 183 0 182 40 147 291 52 96 
19 9 183 0 182 41 147 291 52 96 
19 9 183 0 182 42 148 293 48 96 
19 9 183 0 182 43 145 293 52 96 
19 9 183 0 182 44 145 293 50 96 
19 9 183 0 182 45 142 293 54 96 
19 9 183 0 182 46 143 295 50 96 
19 9 183 0 182 47 140 295 54 96 
19 9 183 0 182 48 141 295 50 96 
19 9 183 0 182 49 138 295 54 96 
19 9 183 0 182 50 139 296 50 96 
19 9 183 0 182 51 139 296 50 96 
19 9 183 0 182 52 138 296 50 96 
19 9 183 0 182 53 138 298 50 96 
19 9 183 0 182 54 136 298 50 96 
19 9 183 0 182 55 136 298 50 96 
19 9 183 0 182 56 134 298 50 96 
19 9 183 0 182 57 134 300 50 96 
19 9 183 0 182 58 132 300 50 96 
19 9 183 0 182 59 132 300 50 96 
19 9 183 0 182 60 132 302 50 96 
19 9 183 0 182 61 132 302 48 96 
19 9 183 0 182 62 129 302 50 96 
19 9 183 0 182 63 129 304 50 96 
19 9 183 0 182 64 127 304 50 96 
19 9 183 0 182 65 125 304 50 96 
19 9 183 0 182 66 125 305 50 96 
19 9 183 0 182 67 123 305 50 96 
19 9 183 0 182 68 122 305 50 96 
19 9 183 0 182 69 122 307 50 96 
19 9 183 0 182 70 120 307 50 96 
19 9 183 0 182 71 118 309 50 96 
19 9 183 0 182 72 118 309 50 96 
19 9 183 0 182 73 116 309 50 96 
19 9 183 0 182 74 116 311 48 96 
19 9 183 0 182 75 116 311 48 96 
19 9 183 0 182 76 113 311 50 96 
19 9 183 0 182 77 111 312 50 96 
19 9 183 0 182 78 111 312 50 96 
19 9 183 0 182 79 109 312 50 96 
19 9 183 0 182 80 107 314 50 96 
19 9 183 0 182 81 107 314 50 96 
19 9 183 0 182 82 106 316 50 96 
19 9 183 0 182 83 106 316 50 96 
19 9 183 0 182 84 104 316 50 96 
19 9 183 0 182 85 102 318 50 96 
19 9 183 0 182 86 102 318 50 96 
19 9 183 0 182 87 100 318 50 96 
19 9 183 0 182 88 100 320 48 96 
19 9 183 0 182 89 100 320 48 96 
19 9 183 0 182 90 97 321 50 96 
19 9 183 0 182 91 95 321 50 96 
19 9 183 0 182 92 95 321 50 96 
19 9 183 0 182 93 93 323 50 96 
19 9 183 0 182 94 91 323 50 96 
19 9 183 0 182 95 91 323 50 96 
19 9 183 0 182 96 90 325 50 96 
19 9 183 0 182 97 88 325 50 96 
19 9 183 0 182 98 88 325 50 96 
19 9 183 0 182 99 86 327 50 96 
19 9 183 0 182 100 84 327 50 96 
19 9 183 0 182 101 84 328 50 96 
19 9 183 0 182 102 84 328 48 96 
19 9 183 0 182 103 84 328 48 96 
19 9 183 0 182 104 81 330 50 96 
19 9 183 0 182 105 79 330 50 96 
19 9 183 0 182 106 79 330 50 96 
19 9 183 0 182 107 77 332 50 96 
19 9 183 0 182 108 75 332 50 96 
19 9 183 0 182 109 75 334 50 96 
19 9 183 0 182 110 74 334 50 96 
19 9 183 0 182 111 72 334 50 96 
19 9 183 0 182 112 72 336 50 96 
19 9 183 0 182 113 70 336 50 96 
19 9 183 0 182 114 68 336 50 96 
19 9 183 0 182 115 68 337 50 96 
19 9 183 0 182 116 68 337 48 96 
19 9 183 0 182 117 65 337 50 96 
19 9 183 0 182 118 65 339 50 96 
19 9 183 0 182 119 63 339 50 96 
19 9 183 0 182 120 61 341 50 96 
19 9 183 0 182 121 61 341 50 96 
19 9 183 0 182 122 59 341 50 96 
19 9 183 0 182 123 58 343 50 96 
19 9 183 0 182 124 58 343 50 96 
19 9 183 0 182 125 56 343 50 96 
19 9 183 0 182 126 56 344 50 96 
19 9 183 0 182 127 54 344 50 96 
19 9 183 0 182 128 52 346 50 96 
19 9 183 0 182 129 52 346 50 96 
19 9 183 0 182 130 52 346 48 96 
19 9 183 0 182 131 49 348 50 96 
19 9 183 0 182 132 49 348 50 96 
19 9 183 0 182 133 47 348 50 96 
19 9 183 0 182 134 45 350 50 96 
19 9 183 0 182 135 45 350 50 96 
19 9 183 0 182 136 43 350 50 96 
19 9 183 0 182 137 42 352 50 96 
19 9 183 0 182 138 42 352 50 96 
19 9 183 0 182 139 40 353 50 96 
19 9 183 0 182 140 38 353 50 96 
19 9 183 0 182 141 38 353 50 96 
19 9 183 0 182 142 36 355 50 96 
19 9 183 0 182 143 36 355 48 96 
19 9 183 0 182 144 36 355 48 96 
19 9 183 0 182 145 33 357 50 96 
19 9 183 0 182 146 33 357 50 96 
19 9 183 0 182 147 31 359 50 96 
19 9 183 0 182 148 29 359 50 96 
19 9 183 0 182 149 29 359 50 96 
19 9 183 0 182 150 27 360 50 96 
19 9 183 0 182 151 26 360 50 96 
19 9 183 0 182 152 26 360 50 96 
19 9 183 0 182 153 24 362 50 96 
19 9 183 0 182 154 22 362 50 96 
19 9 183 0 182 155 22 362 50 96 
19 9 183 0 182 156 20 364 50 96 
19 9 183 0 182 157 20 364 48 96 
19 9 183 0 182 158 20 366 48 96 
19 9 183 0 182 159 17 366 50 96 
19 9 183 0 182 160 15 366 50 96 
19 9 183 0 182 161 15 368 50 96 
19 9 183 0 182 162 13 368 50 96 
19 9 183 0 182 163 11 368 50 96 
19 9 183 0 182 164 11 369 50 96 
19 9 183 0 182 165 10 369 50 96 
19 9 183 0 182 166 10 371 50 96 
19 9 183 0 182 167 8 371 50 96 
19 9 183 0 182 168 6 370 50 99 
19 9 183 0 182 169 4 373 50 96 
19 9 183 0 182 170 4 372 48 99 
19 9 183 0 182 171 1 375 50 96 
19 9 183 0 182 172 0 374 49 97 
19 9 183 0 182 173 0 376 47 96 
19 9 183 0 182 174 0 375 45 99 
19 9 183 0 182 175 0 378 44 96 
19 9 183 0 182 176 0 377 42 99 
19 9 183 0 182 177 0 380 40 96 
19 9 183 0 182 178 0 379 38 99 
19 9 183 0 182 179 0 381 38 99 
19 9 183 0 182 180 0 381 34 99 
19 9 183 0 182 181 0 381 31 99 
19 9 183 0 182 182 0 383 25 97 
20 9 541 0 540 0 427 205 46 75 
20 9 541 0 540 1 427 205 46 75 
20 9 541 0 540 2 428 205 48 75 
20 9 541 0 540 3 428 205 48 75 
20 9 541 0 540 4 430 205 46 75 
20 9 541 0 540 5 430 205 46 75 
20 9 541 0 540 6 432 205 46 75 
20 9 541 0 540 7 432 205 46 75 
20 9 541 0 540 8 434 205 46 75 
20 9 541 0 540 9 434 205 46 75 
20 9 541 0 540 10 436 205 46 75 
20 9 541 0 540 11 436 205 46 75 
20 9 541 0 540 12 437 205 46 75 
20 9 541 0 540 13 437 205 46 75 
20 9 541 0 540 14 439 205 46 75 
20 9 541 0 540 15 439 205 46 75 
20 9 541 0 540 16 441 205 46 75 
20 9 541 0 540 17 441 205 46 75 
20 9 541 0 540 18 443 205 46 75 
20 9 541 0 540 19 443 205 46 75 
20 9 541 0 540 20 444 205 48 75 
20 9 541 0 540 21 444 205 48 75 
20 9 541 0 540 22 446 205 46 75 
20 9 541 0 540 23 446 205 46 75 
20 9 541 0 540 24 448 205 46 75 
20 9 541 0 540 25 448 205 46 75 
20 9 541 0 540 26 450 205 46 75 
20 9 541 0 540 27 453 205 42 75 
20 9 541 0 540 28 452 205 46 75 
20 9 541 0 540 29 454 205 44 75 
20 9 541 0 540 30 453 205 46 75 
20 9 541 0 540 31 456 205 42 75 
20 9 541 0 540 32 455 205 46 75 
20 9 541 0 540 33 458 205 42 75 
20 9 541 0 540 34 457 205 46 75 
20 9 541 0 540 35 460 205 42 75 
20 9 541 0 540 36 459 205 46 75 
20 9 541 0 540 37 461 205 44 75 
20 9 541 0 540 38 460 205 48 75 
20 9 541 0 540 39 463 205 44 75 
20 9 541 0 540 40 462 205 46 75 
20 9 541 0 540 41 465 205 42 75 
20 9 541 0 540 42 464 205 46 75 
20 9 541 0 540 43 467 205 42 75 
20 9 541 0 540 44 466 205 46 75 
20 9 541 0 540 45 469 205 42 75 
20 9 541 0 540 46 468 205 46 75 
20 9 541 0 540 47 470 205 44 75 
20 9 541 0 540 48 469 205 46 75 
20 9 541 0 540 49 472 205 42 75 
20 9 541 0 540 50 471 205 46 75 
20 9 541 0 540 51 474 205 42 75 
20 9 541 0 540 52 473 205 46 75 
20 9 541 0 540 53 476 205 42 75 
20 9 541 0 540 54 477 205 44 75 
20 9 541 0 540 55 476 205 48 75 
20 9 541 0 540 56 479 205 44 75 
20 9 541 0 540 57 478 205 46 75 
20 9 541 0 540 58 481 205 42 75 
20 9 541 0 540 59 480 205 46 75 
20 9 541 0 540 60 483 205 42 75 
20 9 541 0 540 61 482 205 46 75 
20 9 541 0 540 62 485 205 42 75 
20 9 541 0 540 63 484 205 46 75 
20 9 541 0 540 64 486 205 44 75 
20 9 541 0 540 65 485 205 46 75 
20 9 541 0 540 66 488 205 42 75 
20 9 541 0 540 67 487 205 46 75 
20 9 541 0 540 68 490 205 42 75 
20 9 541 0 540 69 489 205 46 75 
20 9 541 0 540 70 492 205 42 75 
20 9 541 0 540 71 491 205 46 75 
20 9 541 0 540 72 493 205 44 75 
20 9 541 0 540 73 492 205 48 75 
20 9 541 0 540 74 495 205 44 75 
20 9 541 0 540 75 494 205 46 75 
20 9 541 0 540 76 497 205 42 75 
20 9 541 0 540 77 496 205 46 75 
20 9 541 0 540 78 499 205 42 75 
20 9 541 0 540 79 498 205 46 75 
20 9 541 0 540 80 501 205 42 75 
20 9 541 0 540 81 502 205 44 75 
20 9 541 0 540 82 502 205 44 75 
20 9 541 0 540 83 504 205 42 75 
20 9 541 0 540 84 504 205 42 75 
20 9 541 0 540 85 506 205 42 75 
20 9 541 0 540 86 506 205 42 75 
20 9 541 0 540 87 508 205 42 75 
20 9 541 0 540 88 508 205 42 75 
20 9 541 0 540 89 509 205 44 75 
20 9 541 0 540 90 509 205 44 75 
20 9 541 0 540 91 511 205 44 75 
20 9 541 0 540 92 511 205 44 75 
20 9 541 0 540 93 513 205 42 75 
20 9 541 0 540 94 513 205 42 75 
20 9 541 0 540 95 515 205 42 75 
20 9 541 0 540 96 515 205 42 75 
20 9 541 0 540 97 517 205 42 75 
20 9 541 0 540 98 517 205 42 75 
20 9 541 0 540 99 518 205 44 75 
20 9 541 0 540 100 518 205 44 75 
20 9 541 0 540 101 520 205 42 75 
20 9 541 0 540 102 520 205 42 75 
20 9 541 0 540 103 522 205 42 75 
20 9 541 0 540 104 522 205 42 75 
20 9 541 0 540 105 524 205 42 75 
20 9 541 0 540 106 524 205 42 75 
20 9 541 0 540 107 525 205 44 75 
20 9 541 0 540 108 527 207 44 75 
20 9 541 0 540 109 527 205 44 75 
20 9 541 0 540 110 527 205 44 75 
20 9 541 0 540 111 529 205 42 75 
20 9 541 0 540 112 529 205 42 75 
20 9 541 0 540 113 529 205 42 75 
20 9 541 0 540 114 531 205 42 75 
20 9 541 0 540 115 531 205 42 75 
20 9 541 0 540 116 531 205 42 75 
20 9 541 0 540 117 533 205 42 75 
20 9 541 0 540 118 533 205 42 75 
20 9 541 0 540 119 534 205 44 75 
20 9 541 0 540 120 534 205 44 75 
20 9 541 0 540 121 534 205 44 75 
20 9 541 0 540 122 536 205 42 75 
20 9 541 0 540 123 536 205 42 75 
20 9 541 0 540 124 536 205 42 75 
20 9 541 0 540 125 538 205 42 75 
20 9 541 0 540 126 538 205 42 75 
20 9 541 0 540 127 540 205 42 75 
20 9 541 0 540 128 540 205 42 75 
20 9 541 0 540 129 540 205 42 75 
20 9 541 0 540 130 541 205 44 75 
20 9 541 0 540 131 541 205 44 75 
20 9 541 0 540 132 541 205 44 75 
20 9 541 0 540 133 543 205 44 75 
20 9 541 0 540 134 543 205 44 75 
20 9 541 0 540 135 543 205 44 75 
20 9 541 0 540 136 545 205 42 75 
20 9 541 0 540 137 545 205 42 75 
20 9 541 0 540 138 547 205 42 75 
20 9 541 0 540 139 547 205 42 75 
20 9 541 0 540 140 547 205 42 75 
20 9 541 0 540 141 549 205 42 75 
20 9 541 0 540 142 549 205 42 75 
20 9 541 0 540 143 549 205 42 75 
20 9 541 0 540 144 550 205 44 75 
20 9 541 0 540 145 550 205 44 75 
20 9 541 0 540 146 552 205 42 75 
20 9 541 0 540 147 552 205 42 75 
20 9 541 0 540 148 552 205 42 75 
20 9 541 0 540 149 554 205 42 75 
20 9 541 0 540 150 554 205 42 75 
20 9 541 0 540 151 554 205 42 75 
20 9 541 0 540 152 556 205 42 75 
20 9 541 0 540 153 556 205 42 75 
20 9 541 0 540 154 556 205 42 75 
20 9 541 0 540 155 557 205 44 75 
20 9 541 0 540 156 557 205 44 75 
20 9 541 0 540 157 559 205 44 75 
20 9 541 0 540 158 559 205 44 75 
20 9 541 0 540 159 559 205 44 75 
20 9 541 0 540 160 561 205 42 75 
20 9 541 0 540 161 561 205 42 75 
20 9 541 0 540 162 561 205 42 75 
20 9 541 0 540 163 563 205 42 75 
20 9 541 0 540 164 563 205 42 75 
20 9 541 0 540 165 565 205 42 75 
20 9 541 0 540 166 565 205 42 75 
20 9 541 0 540 167 565 205 42 75 
20 9 541 0 540 168 566 205 44 75 
20 9 541 0 540 169 566 205 44 75 
20 9 541 0 540 170 566 205 44 75 
20 9 541 0 540 171 568 205 42 75 
20 9 541 0 540 172 568 205 42 75 
20 9 541 0 540 173 568 205 42 75 
20 9 541 0 540 174 570 205 42 75 
20 9 541 0 540 175 570 205 42 75 
20 9 541 0 540 176 572 205 42 75 
20 9 541 0 540 177 572 205 42 75 
20 9 541 0 540 178 572 205 42 75 
20 9 541 0 540 179 573 205 44 75 
20 9 541 0 540 180 573 205 44 75 
20 9 541 0 540 181 573 205 44 75 
20 9 541 0 540 182 575 205 44 75 
20 9 541 0 540 183 575 205 44 75 
20 9 541 0 540 184 577 205 42 75 
20 9 541 0 540 185 577 205 42 75 
20 9 541 0 540 186 577 205 42 75 
20 9 541 0 540 187 579 205 42 75 
20 9 541 0 540 188 579 205 42 75 
20 9 541 0 540 189 579 205 42 75 
20 9 541 0 540 190 581 205 42 75 
20 9 541 0 540 191 581 205 42 75 
20 9 541 0 540 192 581 205 42 75 
20 9 541 0 540 193 582 205 44 75 
20 9 541 0 540 194 582 205 44 75 
20 9 541 0 540 195 584 205 42 75 
20 9 541 0 540 196 584 205 42 75 
20 9 541 0 540 197 584 205 42 75 
20 9 541 0 540 198 586 205 42 75 
20 9 541 0 540 199 586 205 42 75 
20 9 541 0 540 200 586 205 42 75 
20 9 541 0 540 201 588 205 42 75 
20 9 541 0 540 202 588 205 42 75 
20 9 541 0 540 203 589 205 44 75 
20 9 541 0 540 204 589 205 44 75 
20 9 541 0 540 205 589 205 44 75 
20 9 541 0 540 206 591 205 44 75 
20 9 541 0 540 207 591 205 44 75 
20 9 541 0 540 208 591 205 44 75 
20 9 541 0 540 209 593 205 42 75 
20 9 541 0 540 210 593 205 42 75 
20 9 541 0 540 211 595 205 42 75 
20 9 541 0 540 212 595 205 42 75 
20 9 541 0 540 213 595 205 42 75 
20 9 541 0 540 214 597 205 42 75 
20 9 541 0 540 215 597 205 42 75 
20 9 541 0 540 216 597 205 42 75 
20 9 541 0 540 217 598 205 44 75 
20 9 541 0 540 218 598 205 44 75 
20 9 541 0 540 219 598 205 44 75 
20 9 541 0 540 220 600 205 42 75 
20 9 541 0 540 221 600 205 42 75 
20 9 541 0 540 222 602 205 42 75 
20 9 541 0 540 223 602 205 42 75 
20 9 541 0 540 224 602 205 42 75 
20 9 541 0 540 225 604 205 42 75 
20 9 541 0 540 226 604 205 42 75 
20 9 541 0 540 227 604 205 42 75 
20 9 541 0 540 228 605 205 44 75 
20 9 541 0 540 229 605 205 44 75 
20 9 541 0 540 230 607 205 44 75 
20 9 541 0 540 231 607 205 44 75 
20 9 541 0 540 232 607 205 44 75 
20 9 541 0 540 233 609 205 42 75 
20 9 541 0 540 234 609 205 42 75 
20 9 541 0 540 235 609 205 42 75 
20 9 541 0 540 236 611 205 42 75 
20 9 541 0 540 237 611 205 42 75 
20 9 541 0 540 238 611 205 42 75 
20 9 541 0 540 239 613 205 42 75 
20 9 541 0 540 240 613 205 42 75 
20 9 541 0 540 241 614 205 44 75 
20 9 541 0 540 242 614 205 44 75 
20 9 541 0 540 243 614 205 44 75 
20 9 541 0 540 244 616 205 42 75 
20 9 541 0 540 245 616 205 42 75 
20 9 541 0 540 246 616 205 42 75 
20 9 541 0 540 247 618 205 42 75 
20 9 541 0 540 248 618 205 42 75 
20 9 541 0 540 249 620 205 42 75 
20 9 541 0 540 250 620 205 42 75 
20 9 541 0 540 251 620 205 42 75 
20 9 541 0 540 252 621 205 44 75 
20 9 541 0 540 253 621 205 44 75 
20 9 541 0 540 254 621 205 44 75 
20 9 541 0 540 255 623 205 44 75 
20 9 541 0 540 256 623 205 44 75 
20 9 541 0 540 257 623 205 44 75 
20 9 541 0 540 258 625 205 42 75 
20 9 541 0 540 259 625 205 42 75 
20 9 541 0 540 260 627 205 42 75 
20 9 541 0 540 261 627 205 42 75 
20 9 541 0 540 262 627 205 42 75 
20 9 541 0 540 263 629 205 42 75 
20 9 541 0 540 264 629 205 42 75 
20 9 541 0 540 265 629 205 42 75 
20 9 541 0 540 266 630 205 44 75 
20 9 541 0 540 267 630 205 44 75 
20 9 541 0 540 268 632 205 42 75 
20 9 541 0 540 269 632 205 42 75 
20 9 541 0 540 270 632 205 42 75 
20 9 541 0 540 271 634 205 42 75 
20 9 541 0 540 272 634 205 42 75 
20 9 541 0 540 273 634 205 42 75 
20 9 541 0 540 274 636 205 42 75 
20 9 541 0 540 275 636 205 42 75 
20 9 541 0 540 276 636 205 42 75 
20 9 541 0 540 277 637 205 44 75 
20 9 541 0 540 278 637 205 44 75 
20 9 541 0 540 279 639 205 44 75 
20 9 541 0 540 280 639 205 44 75 
20 9 541 0 540 281 639 205 44 75 
20 9 541 0 540 282 641 205 42 75 
20 9 541 0 540 283 641 205 42 75 
20 9 541 0 540 284 641 205 42 75 
20 9 541 0 540 285 643 205 42 75 
20 9 541 0 540 286 643 205 42 75 
20 9 541 0 540 287 645 205 42 75 
20 9 541 0 540 288 645 205 42 75 
20 9 541 0 540 289 645 205 42 75 
20 9 541 0 540 290 646 205 44 75 
20 9 541 0 540 291 646 205 44 75 
20 9 541 0 540 292 646 205 44 75 
20 9 541 0 540 293 648 205 42 75 
20 9 541 0 540 294 648 205 42 75 
20 9 541 0 540 295 650 205 42 75 
20 9 541 0 540 296 650 205 42 75 
20 9 541 0 540 297 650 205 42 75 
20 9 541 0 540 298 650 205 42 75 
20 9 541 0 540 299 650 205 42 75 
20 9 541 0 540 300 652 205 42 75 
20 9 541 0 540 301 652 203 42 78 
20 9 541 0 540 302 652 203 42 78 
20 9 541 0 540 303 652 203 42 78 
20 9 541 0 540 304 652 201 42 79 
20 9 541 0 540 305 654 201 40 79 
20 9 541 0 540 306 654 201 40 79 
20 9 541 0 540 307 654 201 40 79 
20 9 541 0 540 308 653 199 44 82 
20 9 541 0 540 309 653 199 44 82 
20 9 541 0 540 310 656 199 40 82 
20 9 541 0 540 311 656 199 40 82 
20 9 541 0 540 312 656 196 40 85 
20 9 541 0 540 313 656 196 40 85 
20 9 541 0 540 314 656 196 40 85 
20 9 541 0 540 315 658 196 40 85 
20 9 541 0 540 316 656 198 46 75 
20 9 541 0 540 317 656 199 46 72 
20 9 541 0 540 318 656 199 46 72 
20 9 541 0 540 319 659 199 42 72 
20 9 541 0 540 320 659 199 42 72 
20 9 541 0 540 321 661 199 42 72 
20 9 541 0 540 322 661 199 42 69 
20 9 541 0 540 323 661 199 42 69 
20 9 541 0 540 324 663 199 40 69 
20 9 541 0 540 325 663 199 40 69 
20 9 541 0 540 326 665 202 40 66 
20 9 541 0 540 327 665 202 40 66 
20 9 541 0 540 328 665 201 40 69 
20 9 541 0 540 329 665 201 40 69 
20 9 541 0 540 330 665 201 40 72 
20 9 541 0 540 331 667 201 38 72 
20 9 541 0 540 332 667 200 38 75 
20 9 541 0 540 333 667 200 38 75 
20 9 541 0 540 334 667 200 38 76 
20 9 541 0 540 335 667 200 38 76 
20 9 541 0 540 336 669 202 38 76 
20 9 541 0 540 337 669 201 38 72 
20 9 541 0 540 338 669 202 38 66 
20 9 541 0 540 339 669 202 38 66 
20 9 541 0 540 340 669 202 38 66 
20 9 541 0 540 341 669 202 38 66 
20 9 541 0 540 342 670 202 40 66 
20 9 541 0 540 343 670 202 40 66 
20 9 541 0 540 344 670 202 40 66 
20 9 541 0 540 345 672 202 40 66 
20 9 541 0 540 346 672 202 40 66 
20 9 541 0 540 347 672 202 40 66 
20 9 541 0 540 348 674 201 40 69 
20 9 541 0 540 349 674 201 40 69 
20 9 541 0 540 350 674 201 40 69 
20 9 541 0 540 351 676 201 38 69 
20 9 541 0 540 352 676 201 38 69 
20 9 541 0 540 353 676 201 38 69 
20 9 541 0 540 354 678 201 38 69 
20 9 541 0 540 355 678 201 38 69 
20 9 541 0 540 356 678 201 38 69 
20 9 541 0 540 357 679 201 40 72 
20 9 541 0 540 358 679 199 40 72 
20 9 541 0 540 359 679 199 40 72 
20 9 541 0 540 360 678 199 44 72 
20 9 541 0 540 361 681 199 40 72 
20 9 541 0 540 362 681 199 40 72 
20 9 541 0 540 363 680 199 42 72 
20 9 541 0 540 364 683 199 38 72 
20 9 541 0 540 365 683 199 38 72 
20 9 541 0 540 366 682 199 42 72 
20 9 541 0 540 367 685 199 38 72 
20 9 541 0 540 368 685 199 38 72 
20 9 541 0 540 369 684 199 42 72 
20 9 541 0 540 370 686 199 40 72 
20 9 541 0 540 371 685 199 44 72 
20 9 541 0 540 372 685 199 44 72 
20 9 541 0 540 373 688 199 40 72 
20 9 541 0 540 374 687 199 44 72 
20 9 541 0 540 375 687 199 44 72 
20 9 541 0 540 376 690 199 40 72 
20 9 541 0 540 377 689 199 42 72 
20 9 541 0 540 378 689 199 42 72 
20 9 541 0 540 379 692 199 38 72 
20 9 541 0 540 380 691 199 42 72 
20 9 541 0 540 381 691 199 42 72 
20 9 541 0 540 382 694 199 38 72 
20 9 541 0 540 383 693 199 42 72 
20 9 541 0 540 384 693 199 42 72 
20 9 541 0 540 385 694 199 44 72 
20 9 541 0 540 386 694 199 44 72 
20 9 541 0 540 387 694 199 44 72 
20 9 541 0 540 388 694 199 44 72 
20 9 541 0 540 389 697 199 40 72 
20 9 541 0 540 390 697 199 40 72 
20 9 541 0 540 391 696 199 42 72 
20 9 541 0 540 392 696 199 42 72 
20 9 541 0 540 393 699 199 38 72 
20 9 541 0 540 394 699 199 38 72 
20 9 541 0 540 395 699 199 38 72 
20 9 541 0 540 396 701 199 38 72 
20 9 541 0 540 397 701 199 38 72 
20 9 541 0 540 398 701 199 38 72 
20 9 541 0 540 399 702 199 40 72 
20 9 541 0 540 400 702 199 40 72 
20 9 541 0 540 401 702 199 40 72 
20 9 541 0 540 402 702 199 40 72 
20 9 541 0 540 403 702 199 40 72 
20 9 541 0 540 404 704 199 40 72 
20 9 541 0 540 405 704 199 40 72 
20 9 541 0 540 406 704 199 40 72 
20 9 541 0 540 407 704 199 40 72 
20 9 541 0 540 408 706 199 40 72 
20 9 541 0 540 409 706 199 40 72 
20 9 541 0 540 410 706 199 40 72 
20 9 541 0 540 411 706 199 40 72 
20 9 541 0 540 412 708 199 38 72 
20 9 541 0 540 413 708 199 38 72 
20 9 541 0 540 414 708 199 38 72 
20 9 541 0 540 415 708 199 38 72 
20 9 541 0 540 416 710 199 38 72 
20 9 541 0 540 417 710 199 38 72 
20 9 541 0 540 418 710 199 38 72 
20 9 541 0 540 419 710 199 38 72 
20 9 541 0 540 420 711 199 40 72 
20 9 541 0 540 421 711 199 40 72 
20 9 541 0 540 422 711 199 40 72 
20 9 541 0 540 423 711 199 40 72 
20 9 541 0 540 424 713 199 40 72 
20 9 541 0 540 425 713 199 40 72 
20 9 541 0 540 426 713 199 40 72 
20 9 541 0 540 427 713 199 40 72 
20 9 541 0 540 428 715 199 38 72 
20 9 541 0 540 429 715 199 38 72 
20 9 541 0 540 430 715 199 38 72 
20 9 541 0 540 431 715 199 38 72 
20 9 541 0 540 432 717 201 38 72 
20 9 541 0 540 433 717 199 38 72 
20 9 541 0 540 434 717 199 38 72 
20 9 541 0 540 435 717 199 38 72 
20 9 541 0 540 436 718 199 40 72 
20 9 541 0 540 437 718 199 40 72 
20 9 541 0 540 438 718 199 40 72 
20 9 541 0 540 439 720 199 40 72 
20 9 541 0 540 440 720 199 40 72 
20 9 541 0 540 441 720 199 40 72 
20 9 541 0 540 442 722 199 40 72 
20 9 541 0 540 443 722 199 40 72 
20 9 541 0 540 444 722 199 40 72 
20 9 541 0 540 445 724 199 38 72 
20 9 541 0 540 446 723 199 42 72 
20 9 541 0 540 447 724 199 46 72 
20 9 541 0 540 448 724 197 46 72 
20 9 541 0 540 449 724 197 46 72 
20 9 541 0 540 450 724 197 46 70 
20 9 541 0 540 451 724 197 46 70 
20 9 541 0 540 452 724 197 46 67 
20 9 541 0 540 453 724 197 46 67 
20 9 541 0 540 454 724 198 46 64 
20 9 541 0 540 455 726 198 44 64 
20 9 541 0 540 456 726 198 44 64 
20 9 541 0 540 457 726 198 44 64 
20 9 541 0 540 458 726 198 44 64 
20 9 541 0 540 459 726 198 44 64 
20 9 541 0 540 460 726 197 44 67 
20 9 541 0 540 461 726 197 44 67 
20 9 541 0 540 462 729 197 40 67 
20 9 541 0 540 463 729 197 40 67 
20 9 541 0 540 464 729 197 40 67 
20 9 541 0 540 465 729 197 40 70 
20 9 541 0 540 466 729 197 40 70 
20 9 541 0 540 467 729 197 40 70 
20 9 541 0 540 468 729 197 40 70 
20 9 541 0 540 469 731 197 38 72 
20 9 541 0 540 470 731 195 38 73 
20 9 541 0 540 471 731 195 38 73 
20 9 541 0 540 472 733 195 38 73 
20 9 541 0 540 473 733 195 38 73 
20 9 541 0 540 474 734 195 40 73 
20 9 541 0 540 475 734 193 40 75 
20 9 541 0 540 476 734 193 40 75 
20 9 541 0 540 477 733 193 44 75 
20 9 541 0 540 478 736 193 40 75 
20 9 541 0 540 479 736 193 40 75 
20 9 541 0 540 480 735 193 44 75 
20 9 541 0 540 481 738 193 40 75 
20 9 541 0 540 482 738 193 40 75 
20 9 541 0 540 483 737 194 42 72 
20 9 541 0 540 484 737 194 42 72 
20 9 541 0 540 485 740 194 38 72 
20 9 541 0 540 486 739 194 42 72 
20 9 541 0 540 487 739 194 42 72 
20 9 541 0 540 488 742 194 38 72 
20 9 541 0 540 489 741 194 42 72 
20 9 541 0 540 490 741 194 42 72 
20 9 541 0 540 491 742 194 44 72 
20 9 541 0 540 492 745 194 40 72 
20 9 541 0 540 493 745 194 40 72 
20 9 541 0 540 494 745 194 40 72 
20 9 541 0 540 495 745 194 40 72 
20 9 541 0 540 496 747 194 38 72 
20 9 541 0 540 497 747 194 38 72 
20 9 541 0 540 498 747 194 38 72 
20 9 541 0 540 499 747 194 38 72 
20 9 541 0 540 500 749 194 38 72 
20 9 541 0 540 501 749 194 38 72 
20 9 541 0 540 502 749 194 38 72 
20 9 541 0 540 503 749 194 38 72 
20 9 541 0 540 504 750 194 40 72 
20 9 541 0 540 505 750 194 40 72 
20 9 541 0 540 506 750 194 40 72 
20 9 541 0 540 507 752 196 40 72 
20 9 541 0 540 508 752 194 40 72 
20 9 541 0 540 509 752 194 40 72 
20 9 541 0 540 510 752 194 40 72 
20 9 541 0 540 511 752 194 40 72 
20 9 541 0 540 512 751 194 44 72 
20 9 541 0 540 513 754 194 40 72 
20 9 541 0 540 514 754 194 40 72 
20 9 541 0 540 515 754 194 40 72 
20 9 541 0 540 516 753 194 42 72 
20 9 541 0 540 517 753 194 42 72 
20 9 541 0 540 518 753 194 42 72 
20 9 541 0 540 519 756 194 38 72 
20 9 541 0 540 520 756 194 38 72 
20 9 541 0 540 521 755 194 42 72 
20 9 541 0 540 522 755 194 42 72 
20 9 541 0 540 523 755 194 42 72 
20 9 541 0 540 524 755 194 42 72 
20 9 541 0 540 525 757 194 42 72 
20 9 541 0 540 526 757 194 42 72 
20 9 541 0 540 527 757 194 42 72 
20 9 541 0 540 528 757 194 42 72 
20 9 541 0 540 529 757 194 42 72 
20 9 541 0 540 530 759 194 40 72 
20 9 541 0 540 531 759 194 40 72 
20 9 541 0 540 532 759 194 40 72 
20 9 541 0 540 533 759 194 40 72 
20 9 541 0 540 534 759 194 40 72 
20 9 541 0 540 535 761 194 40 72 
20 9 541 0 540 536 761 194 40 72 
20 9 541 0 540 537 761 194 40 72 
20 9 541 0 540 538 761 194 40 72 
20 9 541 0 540 539 760 194 42 72 
20 9 541 0 540 540 763 194 38 72 
21 11 55 577 631 577 912 194 72 84 
21 11 55 577 631 578 912 194 72 84 
21 11 55 577 631 579 912 194 72 84 
21 11 55 577 631 580 912 194 72 84 
21 11 55 577 631 581 912 194 72 84 
21 11 55 577 631 582 912 194 72 84 
21 11 55 577 631 583 912 194 72 84 
21 11 55 577 631 584 912 194 72 84 
21 11 55 577 631 585 912 194 72 84 
21 11 55 577 631 586 912 194 72 84 
21 11 55 577 631 587 912 194 72 84 
21 11 55 577 631 588 912 194 72 84 
21 11 55 577 631 589 912 194 72 84 
21 11 55 577 631 590 912 194 72 84 
21 11 55 577 631 591 912 194 72 84 
21 11 55 577 631 592 912 194 72 84 
21 11 55 577 631 593 912 194 72 84 
21 11 55 577 631 594 912 194 72 84 
21 11 55 577 631 595 912 194 72 84 
21 11 55 577 631 596 912 194 72 84 
21 11 55 577 631 597 912 194 72 84 
21 11 55 577 631 598 912 194 72 84 
21 11 55 577 631 599 912 194 72 84 
21 11 55 577 631 600 912 194 72 84 
21 11 55 577 631 601 912 194 72 84 
21 11 55 577 631 602 912 194 72 84 
21 11 55 577 631 603 912 194 72 84 
21 11 55 577 631 604 912 194 72 84 
21 11 55 577 631 605 912 194 72 84 
21 11 55 577 631 606 912 194 72 84 
21 11 55 577 631 607 912 194 72 84 
21 11 55 577 631 608 912 194 72 84 
21 11 55 577 631 609 912 194 72 84 
21 11 55 577 631 610 912 194 72 84 
21 11 55 577 631 611 912 194 72 84 
21 11 55 577 631 612 912 194 72 84 
21 11 55 577 631 613 912 194 72 84 
21 11 55 577 631 614 912 194 72 84 
21 11 55 577 631 615 912 194 72 84 
21 11 55 577 631 616 912 194 72 84 
21 11 55 577 631 617 912 194 72 84 
21 11 55 577 631 618 912 194 72 84 
21 11 55 577 631 619 912 194 72 84 
21 11 55 577 631 620 912 194 72 84 
21 11 55 577 631 621 912 194 72 84 
21 11 55 577 631 622 912 194 72 84 
21 11 55 577 631 623 912 194 72 84 
21 11 55 577 631 624 912 194 72 84 
21 11 55 577 631 625 912 194 72 84 
21 11 55 577 631 626 912 194 72 84 
21 11 55 577 631 627 912 194 72 84 
21 11 55 577 631 628 912 194 72 84 
21 11 55 577 631 629 912 194 72 84 
21 11 55 577 631 630 912 194 72 84 
21 11 55 577 631 631 912 194 72 84 
22 11 61 608 668 608 905 195 77 82 
22 11 61 608 668 609 905 195 77 82 
22 11 61 608 668 610 905 195 77 82 
22 11 61 608 668 611 905 195 77 82 
22 11 61 608 668 612 905 195 77 82 
22 11 61 608 668 613 905 195 77 82 
22 11 61 608 668 614 905 195 77 82 
22 11 61 608 668 615 905 195 77 82 
22 11 61 608 668 616 905 195 77 82 
22 11 61 608 668 617 905 195 77 82 
22 11 61 608 668 618 905 195 77 82 
22 11 61 608 668 619 905 195 77 82 
22 11 61 608 668 620 905 195 77 82 
22 11 61 608 668 621 905 195 77 82 
22 11 61 608 668 622 905 195 77 82 
22 11 61 608 668 623 905 195 77 82 
22 11 61 608 668 624 905 195 77 82 
22 11 61 608 668 625 905 195 77 82 
22 11 61 608 668 626 905 195 77 82 
22 11 61 608 668 627 905 195 77 82 
22 11 61 608 668 628 905 195 77 82 
22 11 61 608 668 629 905 195 77 82 
22 11 61 608 668 630 905 195 77 82 
22 11 61 608 668 631 905 195 77 82 
22 11 61 608 668 632 905 195 77 82 
22 11 61 608 668 633 905 195 77 82 
22 11 61 608 668 634 905 195 77 82 
22 11 61 608 668 635 905 195 77 82 
22 11 61 608 668 636 905 195 77 82 
22 11 61 608 668 637 905 195 77 82 
22 11 61 608 668 638 905 195 77 82 
22 11 61 608 668 639 905 195 77 82 
22 11 61 608 668 640 905 195 77 82 
22 11 61 608 668 641 905 195 77 82 
22 11 61 608 668 642 905 195 77 82 
22 11 61 608 668 643 905 195 77 82 
22 11 61 608 668 644 905 195 77 82 
22 11 61 608 668 645 905 195 77 82 
22 11 61 608 668 646 905 195 77 82 
22 11 61 608 668 647 905 195 77 82 
22 11 61 608 668 648 905 195 77 82 
22 11 61 608 668 649 905 195 77 82 
22 11 61 608 668 650 905 195 77 82 
22 11 61 608 668 651 905 195 77 82 
22 11 61 608 668 652 905 195 77 82 
22 11 61 608 668 653 905 195 77 82 
22 11 61 608 668 654 905 195 77 82 
22 11 61 608 668 655 905 195 77 82 
22 11 61 608 668 656 905 195 77 82 
22 11 61 608 668 657 905 195 77 82 
22 11 61 608 668 658 905 195 77 82 
22 11 61 608 668 659 905 195 77 82 
22 11 61 608 668 660 905 195 77 82 
22 11 61 608 668 661 905 195 77 82 
22 11 61 608 668 662 905 195 77 82 
22 11 61 608 668 663 905 195 77 82 
22 11 61 608 668 664 905 195 77 82 
22 11 61 608 668 665 905 195 77 82 
22 11 61 608 668 666 905 195 77 82 
22 11 61 608 668 667 905 195 77 82 
22 11 61 608 668 668 905 195 77 82 
23 9 177 0 176 0 154 279 72 99 
23 9 177 0 176 1 152 279 72 99 
23 9 177 0 176 2 153 279 68 99 
23 9 177 0 176 3 150 279 72 99 
23 9 177 0 176 4 151 281 68 99 
23 9 177 0 176 5 149 281 70 99 
23 9 177 0 176 6 150 281 66 99 
23 9 177 0 176 7 148 281 68 99 
23 9 177 0 176 8 148 283 68 99 
23 9 177 0 176 9 146 283 68 99 
23 9 177 0 176 10 146 283 68 99 
23 9 177 0 176 11 144 283 68 99 
23 9 177 0 176 12 144 285 68 99 
23 9 177 0 176 13 143 285 66 99 
23 9 177 0 176 14 144 285 64 99 
23 9 177 0 176 15 141 285 68 99 
23 9 177 0 176 16 142 287 64 97 
23 9 177 0 176 17 142 287 64 97 
23 9 177 0 176 18 140 287 64 97 
23 9 177 0 176 19 140 288 64 99 
23 9 177 0 176 20 138 288 64 99 
23 9 177 0 176 21 139 288 60 99 
23 9 177 0 176 22 136 288 64 99 
23 9 177 0 176 23 136 290 62 99 
23 9 177 0 176 24 135 290 64 99 
23 9 177 0 176 25 136 290 60 99 
23 9 177 0 176 26 134 290 60 99 
23 9 177 0 176 27 134 292 60 99 
23 9 177 0 176 28 132 292 60 99 
23 9 177 0 176 29 132 292 60 99 
23 9 177 0 176 30 129 292 62 99 
23 9 177 0 176 31 129 294 62 97 
23 9 177 0 176 32 130 294 58 97 
23 9 177 0 176 33 130 294 56 97 
23 9 177 0 176 34 130 295 56 99 
23 9 177 0 176 35 128 295 56 99 
23 9 177 0 176 36 128 295 56 99 
23 9 177 0 176 37 126 295 56 99 
23 9 177 0 176 38 126 297 56 99 
23 9 177 0 176 39 123 297 58 99 
23 9 177 0 176 40 124 297 54 99 
23 9 177 0 176 41 121 297 58 99 
23 9 177 0 176 42 122 299 54 99 
23 9 177 0 176 43 121 299 56 99 
23 9 177 0 176 44 122 299 52 99 
23 9 177 0 176 45 119 299 54 99 
23 9 177 0 176 46 119 301 54 99 
23 9 177 0 176 47 117 301 54 99 
23 9 177 0 176 48 117 301 54 99 
23 9 177 0 176 49 118 303 50 97 
23 9 177 0 176 50 115 303 54 97 
23 9 177 0 176 51 116 303 50 97 
23 9 177 0 176 52 116 303 48 97 
23 9 177 0 176 53 116 304 48 99 
23 9 177 0 176 54 113 304 50 99 
23 9 177 0 176 55 113 304 50 99 
23 9 177 0 176 56 111 304 50 99 
23 9 177 0 176 57 111 306 50 99 
23 9 177 0 176 58 109 306 50 99 
23 9 177 0 176 59 110 306 46 99 
23 9 177 0 176 60 107 306 50 99 
23 9 177 0 176 61 108 308 48 99 
23 9 177 0 176 62 106 308 50 99 
23 9 177 0 176 63 107 308 46 99 
23 9 177 0 176 64 107 310 46 97 
23 9 177 0 176 65 105 310 46 97 
23 9 177 0 176 66 103 310 46 97 
23 9 177 0 176 67 101 310 46 97 
23 9 177 0 176 68 101 311 46 99 
23 9 177 0 176 69 100 311 46 99 
23 9 177 0 176 70 98 311 46 99 
23 9 177 0 176 71 98 313 46 99 
23 9 177 0 176 72 96 313 46 99 
23 9 177 0 176 73 94 313 46 99 
23 9 177 0 176 74 94 315 46 99 
23 9 177 0 176 75 92 315 48 99 
23 9 177 0 176 76 91 315 46 99 
23 9 177 0 176 77 91 317 46 99 
23 9 177 0 176 78 89 317 46 99 
23 9 177 0 176 79 87 317 46 99 
23 9 177 0 176 80 87 319 46 97 
23 9 177 0 176 81 85 319 46 97 
23 9 177 0 176 82 84 319 46 97 
23 9 177 0 176 83 84 320 46 99 
23 9 177 0 176 84 82 320 46 99 
23 9 177 0 176 85 80 320 46 99 
23 9 177 0 176 86 80 322 46 99 
23 9 177 0 176 87 78 322 46 99 
23 9 177 0 176 88 76 322 48 99 
23 9 177 0 176 89 76 322 48 99 
23 9 177 0 176 90 75 324 46 99 
23 9 177 0 176 91 73 324 46 99 
23 9 177 0 176 92 73 324 46 99 
23 9 177 0 176 93 71 326 46 97 
23 9 177 0 176 94 69 326 46 97 
23 9 177 0 176 95 69 326 46 97 
23 9 177 0 176 96 68 327 46 99 
23 9 177 0 176 97 66 327 46 99 
23 9 177 0 176 98 66 327 46 99 
23 9 177 0 176 99 64 329 46 99 
23 9 177 0 176 100 62 329 46 99 
23 9 177 0 176 101 62 329 46 99 
23 9 177 0 176 102 60 331 48 99 
23 9 177 0 176 103 59 331 46 99 
23 9 177 0 176 104 59 331 46 99 
23 9 177 0 176 105 57 333 46 99 
23 9 177 0 176 106 55 333 46 99 
23 9 177 0 176 107 55 333 46 99 
23 9 177 0 176 108 53 335 46 97 
23 9 177 0 176 109 52 335 46 97 
23 9 177 0 176 110 52 335 46 97 
23 9 177 0 176 111 50 336 46 99 
23 9 177 0 176 112 48 336 46 99 
23 9 177 0 176 113 48 336 46 99 
23 9 177 0 176 114 46 336 46 99 
23 9 177 0 176 115 44 338 48 99 
23 9 177 0 176 116 44 338 48 99 
23 9 177 0 176 117 43 338 46 99 
23 9 177 0 176 118 41 340 46 99 
23 9 177 0 176 119 41 340 46 99 
23 9 177 0 176 120 39 340 46 99 
23 9 177 0 176 121 37 342 46 97 
23 9 177 0 176 122 37 342 46 97 
23 9 177 0 176 123 36 342 46 97 
23 9 177 0 176 124 34 343 46 99 
23 9 177 0 176 125 34 343 46 99 
23 9 177 0 176 126 32 343 46 99 
23 9 177 0 176 127 30 345 46 99 
23 9 177 0 176 128 30 345 46 99 
23 9 177 0 176 129 28 345 48 99 
23 9 177 0 176 130 27 347 46 99 
23 9 177 0 176 131 27 347 46 99 
23 9 177 0 176 132 25 347 46 99 
23 9 177 0 176 133 23 349 46 99 
23 9 177 0 176 134 23 349 46 99 
23 9 177 0 176 135 21 349 46 99 
23 9 177 0 176 136 20 349 46 99 
23 9 177 0 176 137 20 351 46 97 
23 9 177 0 176 138 18 351 46 97 
23 9 177 0 176 139 16 351 46 97 
23 9 177 0 176 140 16 352 46 99 
23 9 177 0 176 141 14 352 46 99 
23 9 177 0 176 142 12 352 48 99 
23 9 177 0 176 143 12 354 48 99 
23 9 177 0 176 144 11 354 46 99 
23 9 177 0 176 145 9 354 46 99 
23 9 177 0 176 146 9 356 46 99 
23 9 177 0 176 147 7 356 46 99 
23 9 177 0 176 148 5 356 46 99 
23 9 177 0 176 149 5 358 46 97 
23 9 177 0 176 150 4 358 46 97 
23 9 177 0 176 151 2 358 46 97 
23 9 177 0 176 152 2 359 46 99 
23 9 177 0 176 153 0 359 46 99 
23 9 177 0 176 154 0 359 44 99 
23 9 177 0 176 155 0 361 44 99 
23 9 177 0 176 156 0 361 44 99 
23 9 177 0 176 157 0 361 41 99 
23 9 177 0 176 158 0 363 41 99 
23 9 177 0 176 159 0 365 39 99 
23 9 177 0 176 160 0 367 36 97 
23 9 177 0 176 161 0 368 33 99 
23 9 177 0 176 162 0 370 34 99 
23 9 177 0 176 163 0 372 33 99 
23 9 177 0 176 164 0 374 30 97 
23 9 177 0 176 165 0 375 28 99 
23 9 177 0 176 166 0 377 28 99 
23 9 177 0 176 167 0 379 25 99 
23 9 177 0 176 168 0 381 24 99 
23 9 177 0 176 169 0 383 21 97 
23 9 177 0 176 170 0 386 21 99 
23 9 177 0 176 171 0 383 24 97 
23 9 177 0 176 172 0 379 25 99 
23 9 177 0 176 173 0 375 28 99 
23 9 177 0 176 174 0 372 33 99 
23 9 177 0 176 175 0 368 34 99 
23 9 177 0 176 176 0 365 36 99 
