4 12 121 217 337 217 953 182 111 88 
4 12 121 217 337 218 953 182 111 88 
4 12 121 217 337 219 953 182 111 88 
4 12 121 217 337 220 953 182 111 88 
4 12 121 217 337 221 953 182 111 88 
4 12 121 217 337 222 953 182 111 88 
4 12 121 217 337 223 953 182 111 88 
4 12 121 217 337 224 953 182 111 88 
4 12 121 217 337 225 953 182 111 88 
4 12 121 217 337 226 953 182 111 88 
4 12 121 217 337 227 953 182 111 88 
4 12 121 217 337 228 953 182 111 88 
4 12 121 217 337 229 953 182 111 88 
4 12 121 217 337 230 953 182 111 88 
4 12 121 217 337 231 953 182 111 88 
4 12 121 217 337 232 953 182 111 88 
4 12 121 217 337 233 953 182 111 88 
4 12 121 217 337 234 953 182 111 88 
4 12 121 217 337 235 953 182 111 88 
4 12 121 217 337 236 953 182 111 88 
4 12 121 217 337 237 953 182 111 88 
4 12 121 217 337 238 953 182 111 88 
4 12 121 217 337 239 953 182 111 88 
4 12 121 217 337 240 953 182 111 88 
4 12 121 217 337 241 953 182 111 88 
4 12 121 217 337 242 953 182 111 88 
4 12 121 217 337 243 953 182 111 88 
4 12 121 217 337 244 953 182 111 88 
4 12 121 217 337 245 953 182 111 88 
4 12 121 217 337 246 953 182 111 88 
4 12 121 217 337 247 953 182 111 88 
4 12 121 217 337 248 953 182 111 88 
4 12 121 217 337 249 953 182 111 88 
4 12 121 217 337 250 953 182 111 88 
4 12 121 217 337 251 953 182 111 88 
4 12 121 217 337 252 953 182 111 88 
4 12 121 217 337 253 953 182 111 88 
4 12 121 217 337 254 953 182 111 88 
4 12 121 217 337 255 953 182 111 88 
4 12 121 217 337 256 953 182 111 88 
4 12 121 217 337 257 953 182 111 88 
4 12 121 217 337 258 953 182 111 88 
4 12 121 217 337 259 953 182 111 88 
4 12 121 217 337 260 953 182 111 88 
4 12 121 217 337 261 953 182 111 88 
4 12 121 217 337 262 953 182 111 88 
4 12 121 217 337 263 953 182 111 88 
4 12 121 217 337 264 953 182 111 88 
4 12 121 217 337 265 953 182 111 88 
4 12 121 217 337 266 953 182 111 88 
4 12 121 217 337 267 953 182 111 88 
4 12 121 217 337 268 953 182 111 88 
4 12 121 217 337 269 953 182 111 88 
4 12 121 217 337 270 953 182 111 88 
4 12 121 217 337 271 953 182 111 88 
4 12 121 217 337 272 953 182 111 88 
4 12 121 217 337 273 953 182 111 88 
4 12 121 217 337 274 953 182 111 88 
4 12 121 217 337 275 953 182 111 88 
4 12 121 217 337 276 953 182 111 88 
4 12 121 217 337 277 953 182 111 88 
4 12 121 217 337 278 953 182 111 88 
4 12 121 217 337 279 953 182 111 88 
4 12 121 217 337 280 953 182 111 88 
4 12 121 217 337 281 953 182 111 88 
4 12 121 217 337 282 953 182 111 88 
4 12 121 217 337 283 953 182 111 88 
4 12 121 217 337 284 953 182 111 88 
4 12 121 217 337 285 953 182 111 88 
4 12 121 217 337 286 953 182 111 88 
4 12 121 217 337 287 953 182 111 88 
4 12 121 217 337 288 953 182 111 88 
4 12 121 217 337 289 953 182 111 88 
4 12 121 217 337 290 953 182 111 88 
4 12 121 217 337 291 953 182 111 88 
4 12 121 217 337 292 953 182 111 88 
4 12 121 217 337 293 953 182 111 88 
4 12 121 217 337 294 953 182 111 88 
4 12 121 217 337 295 953 182 111 88 
4 12 121 217 337 296 953 182 111 88 
4 12 121 217 337 297 953 182 111 88 
4 12 121 217 337 298 953 182 111 88 
4 12 121 217 337 299 953 182 111 88 
4 12 121 217 337 300 953 182 111 88 
4 12 121 217 337 301 953 182 111 88 
4 12 121 217 337 302 953 182 111 88 
4 12 121 217 337 303 953 182 111 88 
4 12 121 217 337 304 953 182 111 88 
4 12 121 217 337 305 953 182 111 88 
4 12 121 217 337 306 953 182 111 88 
4 12 121 217 337 307 953 182 111 88 
4 12 121 217 337 308 953 182 111 88 
4 12 121 217 337 309 953 182 111 88 
4 12 121 217 337 310 953 182 111 88 
4 12 121 217 337 311 953 182 111 88 
4 12 121 217 337 312 953 182 111 88 
4 12 121 217 337 313 953 182 111 88 
4 12 121 217 337 314 953 182 111 88 
4 12 121 217 337 315 953 182 111 88 
4 12 121 217 337 316 953 182 111 88 
4 12 121 217 337 317 953 182 111 88 
4 12 121 217 337 318 953 182 111 88 
4 12 121 217 337 319 953 182 111 88 
4 12 121 217 337 320 953 182 111 88 
4 12 121 217 337 321 953 182 111 88 
4 12 121 217 337 322 953 182 111 88 
4 12 121 217 337 323 953 182 111 88 
4 12 121 217 337 324 953 182 111 88 
4 12 121 217 337 325 953 182 111 88 
4 12 121 217 337 326 953 182 111 88 
4 12 121 217 337 327 953 182 111 88 
4 12 121 217 337 328 953 182 111 88 
4 12 121 217 337 329 953 182 111 88 
4 12 121 217 337 330 953 182 111 88 
4 12 121 217 337 331 953 182 111 88 
4 12 121 217 337 332 953 182 111 88 
4 12 121 217 337 333 953 182 111 88 
4 12 121 217 337 334 953 182 111 88 
4 12 121 217 337 335 953 182 111 88 
4 12 121 217 337 336 953 182 111 88 
4 12 121 217 337 337 953 182 111 88 
5 11 47 312 358 312 985 179 74 100 
5 11 47 312 358 313 985 179 74 100 
5 11 47 312 358 314 985 179 74 100 
5 11 47 312 358 315 985 179 74 100 
5 11 47 312 358 316 985 179 74 100 
5 11 47 312 358 317 985 179 74 100 
5 11 47 312 358 318 985 179 74 100 
5 11 47 312 358 319 985 179 74 100 
5 11 47 312 358 320 985 179 74 100 
5 11 47 312 358 321 985 179 74 100 
5 11 47 312 358 322 985 179 74 100 
5 11 47 312 358 323 985 179 74 100 
5 11 47 312 358 324 985 179 74 100 
5 11 47 312 358 325 985 179 74 100 
5 11 47 312 358 326 985 179 74 100 
5 11 47 312 358 327 985 179 74 100 
5 11 47 312 358 328 985 179 74 100 
5 11 47 312 358 329 985 179 74 100 
5 11 47 312 358 330 985 179 74 100 
5 11 47 312 358 331 985 179 74 100 
5 11 47 312 358 332 985 179 74 100 
5 11 47 312 358 333 985 179 74 100 
5 11 47 312 358 334 985 179 74 100 
5 11 47 312 358 335 985 179 74 100 
5 11 47 312 358 336 985 179 74 100 
5 11 47 312 358 337 985 179 74 100 
5 11 47 312 358 338 985 179 74 100 
5 11 47 312 358 339 985 179 74 100 
5 11 47 312 358 340 985 179 74 100 
5 11 47 312 358 341 985 179 74 100 
5 11 47 312 358 342 985 179 74 100 
5 11 47 312 358 343 985 179 74 100 
5 11 47 312 358 344 985 179 74 100 
5 11 47 312 358 345 985 179 74 100 
5 11 47 312 358 346 985 179 74 100 
5 11 47 312 358 347 985 179 74 100 
5 11 47 312 358 348 985 179 74 100 
5 11 47 312 358 349 985 179 74 100 
5 11 47 312 358 350 985 179 74 100 
5 11 47 312 358 351 985 179 74 100 
5 11 47 312 358 352 985 179 74 100 
5 11 47 312 358 353 985 179 74 100 
5 11 47 312 358 354 985 179 74 100 
5 11 47 312 358 355 985 179 74 100 
5 11 47 312 358 356 985 179 74 100 
5 11 47 312 358 357 985 179 74 100 
5 11 47 312 358 358 985 179 74 100 
6 11 108 530 637 530 982 192 92 77 
6 11 108 530 637 531 982 192 92 77 
6 11 108 530 637 532 982 192 92 77 
6 11 108 530 637 533 982 192 92 77 
6 11 108 530 637 534 982 192 92 77 
6 11 108 530 637 535 982 192 92 77 
6 11 108 530 637 536 982 192 92 77 
6 11 108 530 637 537 982 192 92 77 
6 11 108 530 637 538 982 192 92 77 
6 11 108 530 637 539 982 192 92 77 
6 11 108 530 637 540 982 192 92 77 
6 11 108 530 637 541 982 192 92 77 
6 11 108 530 637 542 982 192 92 77 
6 11 108 530 637 543 982 192 92 77 
6 11 108 530 637 544 982 192 92 77 
6 11 108 530 637 545 982 192 92 77 
6 11 108 530 637 546 982 192 92 77 
6 11 108 530 637 547 982 192 92 77 
6 11 108 530 637 548 982 192 92 77 
6 11 108 530 637 549 982 192 92 77 
6 11 108 530 637 550 982 192 92 77 
6 11 108 530 637 551 982 192 92 77 
6 11 108 530 637 552 982 192 92 77 
6 11 108 530 637 553 982 192 92 77 
6 11 108 530 637 554 982 192 92 77 
6 11 108 530 637 555 982 192 92 77 
6 11 108 530 637 556 982 192 92 77 
6 11 108 530 637 557 982 192 92 77 
6 11 108 530 637 558 982 192 92 77 
6 11 108 530 637 559 982 192 92 77 
6 11 108 530 637 560 982 192 92 77 
6 11 108 530 637 561 982 192 92 77 
6 11 108 530 637 562 982 192 92 77 
6 11 108 530 637 563 982 192 92 77 
6 11 108 530 637 564 982 192 92 77 
6 11 108 530 637 565 982 192 92 77 
6 11 108 530 637 566 982 192 92 77 
6 11 108 530 637 567 982 192 92 77 
6 11 108 530 637 568 982 192 92 77 
6 11 108 530 637 569 982 192 92 77 
6 11 108 530 637 570 982 192 92 77 
6 11 108 530 637 571 982 192 92 77 
6 11 108 530 637 572 982 192 92 77 
6 11 108 530 637 573 982 192 92 77 
6 11 108 530 637 574 982 192 92 77 
6 11 108 530 637 575 982 192 92 77 
6 11 108 530 637 576 982 192 92 77 
6 11 108 530 637 577 982 192 92 77 
6 11 108 530 637 578 982 192 92 77 
6 11 108 530 637 579 982 192 92 77 
6 11 108 530 637 580 982 192 92 77 
6 11 108 530 637 581 982 192 92 77 
6 11 108 530 637 582 982 192 92 77 
6 11 108 530 637 583 982 192 92 77 
6 11 108 530 637 584 982 192 92 77 
6 11 108 530 637 585 982 192 92 77 
6 11 108 530 637 586 982 192 92 77 
6 11 108 530 637 587 982 192 92 77 
6 11 108 530 637 588 982 192 92 77 
6 11 108 530 637 589 982 192 92 77 
6 11 108 530 637 590 982 192 92 77 
6 11 108 530 637 591 982 192 92 77 
6 11 108 530 637 592 982 192 92 77 
6 11 108 530 637 593 982 192 92 77 
6 11 108 530 637 594 982 192 92 77 
6 11 108 530 637 595 982 192 92 77 
6 11 108 530 637 596 982 192 92 77 
6 11 108 530 637 597 982 192 92 77 
6 11 108 530 637 598 982 192 92 77 
6 11 108 530 637 599 982 192 92 77 
6 11 108 530 637 600 982 192 92 77 
6 11 108 530 637 601 982 192 92 77 
6 11 108 530 637 602 982 192 92 77 
6 11 108 530 637 603 982 192 92 77 
6 11 108 530 637 604 982 192 92 77 
6 11 108 530 637 605 982 192 92 77 
6 11 108 530 637 606 982 192 92 77 
6 11 108 530 637 607 982 192 92 77 
6 11 108 530 637 608 982 192 92 77 
6 11 108 530 637 609 982 192 92 77 
6 11 108 530 637 610 982 192 92 77 
6 11 108 530 637 611 982 192 92 77 
6 11 108 530 637 612 982 192 92 77 
6 11 108 530 637 613 982 192 92 77 
6 11 108 530 637 614 982 192 92 77 
6 11 108 530 637 615 982 192 92 77 
6 11 108 530 637 616 982 192 92 77 
6 11 108 530 637 617 982 192 92 77 
6 11 108 530 637 618 982 192 92 77 
6 11 108 530 637 619 982 192 92 77 
6 11 108 530 637 620 982 192 92 77 
6 11 108 530 637 621 982 192 92 77 
6 11 108 530 637 622 982 192 92 77 
6 11 108 530 637 623 982 192 92 77 
6 11 108 530 637 624 982 192 92 77 
6 11 108 530 637 625 982 192 92 77 
6 11 108 530 637 626 982 192 92 77 
6 11 108 530 637 627 982 192 92 77 
6 11 108 530 637 628 982 192 92 77 
6 11 108 530 637 629 982 192 92 77 
6 11 108 530 637 630 982 192 92 77 
6 11 108 530 637 631 982 192 92 77 
6 11 108 530 637 632 982 192 92 77 
6 11 108 530 637 633 982 192 92 77 
6 11 108 530 637 634 982 192 92 77 
6 11 108 530 637 635 982 192 92 77 
6 11 108 530 637 636 982 192 92 77 
6 11 108 530 637 637 982 192 92 77 
7 9 151 1071 1221 1071 252 452 92 168 
7 9 151 1071 1221 1072 252 452 92 168 
7 9 151 1071 1221 1073 252 452 92 168 
7 9 151 1071 1221 1074 252 452 92 168 
7 9 151 1071 1221 1075 252 452 92 168 
7 9 151 1071 1221 1076 252 452 92 168 
7 9 151 1071 1221 1077 254 452 92 168 
7 9 151 1071 1221 1078 254 450 92 168 
7 9 151 1071 1221 1079 254 450 92 168 
7 9 151 1071 1221 1080 257 450 88 168 
7 9 151 1071 1221 1081 256 450 92 168 
7 9 151 1071 1221 1082 256 450 92 168 
7 9 151 1071 1221 1083 257 450 90 168 
7 9 151 1071 1221 1084 256 450 94 168 
7 9 151 1071 1221 1085 256 448 94 168 
7 9 151 1071 1221 1086 259 448 90 168 
7 9 151 1071 1221 1087 259 448 90 168 
7 9 151 1071 1221 1088 259 448 92 168 
7 9 151 1071 1221 1089 262 448 88 168 
7 9 151 1071 1221 1090 262 448 88 168 
7 9 151 1071 1221 1091 261 448 92 168 
7 9 151 1071 1221 1092 264 446 88 168 
7 9 151 1071 1221 1093 264 446 88 168 
7 9 151 1071 1221 1094 264 446 88 168 
7 9 151 1071 1221 1095 266 446 88 168 
7 9 151 1071 1221 1096 266 446 88 168 
7 9 151 1071 1221 1097 266 446 88 168 
7 9 151 1071 1221 1098 266 446 90 168 
7 9 151 1071 1221 1099 268 444 90 168 
7 9 151 1071 1221 1100 271 444 88 168 
7 9 151 1071 1221 1101 273 444 88 168 
7 9 151 1071 1221 1102 273 444 90 168 
7 9 151 1071 1221 1103 275 444 90 168 
7 9 151 1071 1221 1104 280 444 88 168 
7 9 151 1071 1221 1105 282 444 88 166 
7 9 151 1071 1221 1106 282 444 90 166 
7 9 151 1071 1221 1107 284 444 90 166 
7 9 151 1071 1221 1108 287 444 88 166 
7 9 151 1071 1221 1109 289 444 88 166 
7 9 151 1071 1221 1110 291 444 90 166 
7 9 151 1071 1221 1111 294 444 88 163 
7 9 151 1071 1221 1112 296 444 88 163 
7 9 151 1071 1221 1113 298 444 88 163 
7 9 151 1071 1221 1114 298 444 90 163 
7 9 151 1071 1221 1115 300 444 90 163 
7 9 151 1071 1221 1116 305 444 88 163 
7 9 151 1071 1221 1117 305 445 90 160 
7 9 151 1071 1221 1118 307 445 90 160 
7 9 151 1071 1221 1119 310 445 88 160 
7 9 151 1071 1221 1120 312 445 88 160 
7 9 151 1071 1221 1121 314 445 88 160 
7 9 151 1071 1221 1122 316 445 90 160 
7 9 151 1071 1221 1123 319 444 88 159 
7 9 151 1071 1221 1124 321 444 90 159 
7 9 151 1071 1221 1125 326 444 88 159 
7 9 151 1071 1221 1126 330 442 88 160 
7 9 151 1071 1221 1127 332 442 90 160 
7 9 151 1071 1221 1128 337 442 88 160 
7 9 151 1071 1221 1129 339 442 90 160 
7 9 151 1071 1221 1130 342 440 88 160 
7 9 151 1071 1221 1131 346 440 88 160 
7 9 151 1071 1221 1132 348 440 90 160 
7 9 151 1071 1221 1133 353 438 88 160 
7 9 151 1071 1221 1134 355 438 90 160 
7 9 151 1071 1221 1135 360 438 88 160 
7 9 151 1071 1221 1136 362 438 90 160 
7 9 151 1071 1221 1137 364 438 90 160 
7 9 151 1071 1221 1138 367 438 88 160 
7 9 151 1071 1221 1139 369 438 88 160 
7 9 151 1071 1221 1140 371 438 90 160 
7 9 151 1071 1221 1141 374 438 88 160 
7 9 151 1071 1221 1142 376 438 88 160 
7 9 151 1071 1221 1143 378 438 90 160 
7 9 151 1071 1221 1144 380 438 90 160 
7 9 151 1071 1221 1145 383 438 88 160 
7 9 151 1071 1221 1146 385 438 90 160 
7 9 151 1071 1221 1147 387 438 90 160 
7 9 151 1071 1221 1148 390 438 88 160 
7 9 151 1071 1221 1149 394 438 88 160 
7 9 151 1071 1221 1150 394 438 90 160 
7 9 151 1071 1221 1151 396 438 90 160 
7 9 151 1071 1221 1152 401 438 88 160 
7 9 151 1071 1221 1153 401 438 90 160 
7 9 151 1071 1221 1154 403 438 90 160 
7 9 151 1071 1221 1155 408 438 88 160 
7 9 151 1071 1221 1156 410 438 88 160 
7 9 151 1071 1221 1157 410 438 90 160 
7 9 151 1071 1221 1158 415 438 88 160 
7 9 151 1071 1221 1159 417 437 88 159 
7 9 151 1071 1221 1160 419 437 90 159 
7 9 151 1071 1221 1161 424 437 88 159 
7 9 151 1071 1221 1162 426 437 90 159 
7 9 151 1071 1221 1163 431 437 88 159 
7 9 151 1071 1221 1164 433 437 90 159 
7 9 151 1071 1221 1165 438 437 88 159 
7 9 151 1071 1221 1166 442 437 88 159 
7 9 151 1071 1221 1167 444 437 90 159 
7 9 151 1071 1221 1168 449 435 88 159 
7 9 151 1071 1221 1169 451 435 90 159 
7 9 151 1071 1221 1170 456 435 88 159 
7 9 151 1071 1221 1171 458 435 90 159 
7 9 151 1071 1221 1172 463 435 88 159 
7 9 151 1071 1221 1173 465 435 88 159 
7 9 151 1071 1221 1174 467 435 90 159 
7 9 151 1071 1221 1175 472 435 88 159 
7 9 151 1071 1221 1176 474 435 90 159 
7 9 151 1071 1221 1177 479 433 88 160 
7 9 151 1071 1221 1178 481 433 90 160 
7 9 151 1071 1221 1179 486 433 88 160 
7 9 151 1071 1221 1180 490 433 88 160 
7 9 151 1071 1221 1181 492 433 90 160 
7 9 151 1071 1221 1182 497 433 88 160 
7 9 151 1071 1221 1183 499 433 90 160 
7 9 151 1071 1221 1184 504 433 88 160 
7 9 151 1071 1221 1185 506 433 90 160 
7 9 151 1071 1221 1186 511 433 88 160 
7 9 151 1071 1221 1187 513 433 90 160 
7 9 151 1071 1221 1188 518 433 88 160 
7 9 151 1071 1221 1189 522 433 88 160 
7 9 151 1071 1221 1190 524 433 90 160 
7 9 151 1071 1221 1191 529 433 88 160 
7 9 151 1071 1221 1192 531 433 90 160 
7 9 151 1071 1221 1193 536 433 88 160 
7 9 151 1071 1221 1194 538 433 90 160 
7 9 151 1071 1221 1195 543 435 88 159 
7 9 151 1071 1221 1196 545 435 90 159 
7 9 151 1071 1221 1197 550 435 88 159 
7 9 151 1071 1221 1198 554 435 90 159 
7 9 151 1071 1221 1199 559 435 88 159 
7 9 151 1071 1221 1200 561 435 90 159 
7 9 151 1071 1221 1201 566 435 88 159 
7 9 151 1071 1221 1202 570 435 88 159 
7 9 151 1071 1221 1203 572 435 90 159 
7 9 151 1071 1221 1204 577 437 88 159 
7 9 151 1071 1221 1205 579 437 90 159 
7 9 151 1071 1221 1206 584 437 88 159 
7 9 151 1071 1221 1207 586 437 90 159 
7 9 151 1071 1221 1208 591 437 88 159 
7 9 151 1071 1221 1209 593 437 90 159 
7 9 151 1071 1221 1210 600 437 88 159 
7 9 151 1071 1221 1211 602 437 90 159 
7 9 151 1071 1221 1212 607 437 88 159 
7 9 151 1071 1221 1213 609 438 90 160 
7 9 151 1071 1221 1214 614 438 88 160 
7 9 151 1071 1221 1215 618 438 88 160 
7 9 151 1071 1221 1216 620 438 90 160 
7 9 151 1071 1221 1217 625 438 88 160 
7 9 151 1071 1221 1218 627 438 90 160 
7 9 151 1071 1221 1219 632 438 88 160 
7 9 151 1071 1221 1220 634 438 90 160 
7 9 151 1071 1221 1221 641 440 88 160 
8 9 359 270 628 270 1248 180 31 88 
8 9 359 270 628 271 1245 180 34 88 
8 9 359 270 628 272 1243 180 35 88 
8 9 359 270 628 273 1243 180 35 88 
8 9 359 270 628 274 1240 180 38 88 
8 9 359 270 628 275 1240 180 38 88 
8 9 359 270 628 276 1237 180 41 88 
8 9 359 270 628 277 1234 180 44 88 
8 9 359 270 628 278 1234 180 44 88 
8 9 359 270 628 279 1233 180 46 88 
8 9 359 270 628 280 1233 180 46 88 
8 9 359 270 628 281 1231 180 48 88 
8 9 359 270 628 282 1229 180 50 88 
8 9 359 270 628 283 1229 180 50 88 
8 9 359 270 628 284 1227 180 52 88 
8 9 359 270 628 285 1227 180 52 88 
8 9 359 270 628 286 1224 180 54 88 
8 9 359 270 628 287 1224 180 55 88 
8 9 359 270 628 288 1224 180 55 88 
8 9 359 270 628 289 1222 180 57 88 
8 9 359 270 628 290 1222 182 57 88 
8 9 359 270 628 291 1220 182 59 88 
8 9 359 270 628 292 1217 182 61 88 
8 9 359 270 628 293 1217 182 60 88 
8 9 359 270 628 294 1217 182 60 88 
8 9 359 270 628 295 1215 182 60 88 
8 9 359 270 628 296 1213 182 60 88 
8 9 359 270 628 297 1213 182 60 88 
8 9 359 270 628 298 1211 182 60 88 
8 9 359 270 628 299 1208 182 62 88 
8 9 359 270 628 300 1208 182 62 88 
8 9 359 270 628 301 1208 182 60 88 
8 9 359 270 628 302 1206 182 60 88 
8 9 359 270 628 303 1206 182 60 88 
8 9 359 270 628 304 1204 182 60 88 
8 9 359 270 628 305 1204 182 58 88 
8 9 359 270 628 306 1201 182 62 88 
8 9 359 270 628 307 1201 182 60 88 
8 9 359 270 628 308 1201 182 60 88 
8 9 359 270 628 309 1199 182 60 88 
8 9 359 270 628 310 1200 182 56 88 
8 9 359 270 628 311 1197 182 60 88 
8 9 359 270 628 312 1195 182 60 88 
8 9 359 270 628 313 1195 182 60 88 
8 9 359 270 628 314 1192 182 62 88 
8 9 359 270 628 315 1193 182 58 88 
8 9 359 270 628 316 1192 182 60 88 
8 9 359 270 628 317 1190 182 60 88 
8 9 359 270 628 318 1191 182 56 88 
8 9 359 270 628 319 1188 182 60 88 
8 9 359 270 628 320 1188 182 58 88 
8 9 359 270 628 321 1185 182 62 88 
8 9 359 270 628 322 1185 182 60 88 
8 9 359 270 628 323 1186 182 56 88 
8 9 359 270 628 324 1183 182 60 88 
8 9 359 270 628 325 1184 182 56 88 
8 9 359 270 628 326 1181 182 60 88 
8 9 359 270 628 327 1179 182 60 88 
8 9 359 270 628 328 1179 182 58 88 
8 9 359 270 628 329 1176 182 62 88 
8 9 359 270 628 330 1177 182 58 88 
8 9 359 270 628 331 1176 182 60 88 
8 9 359 270 628 332 1174 182 60 88 
8 9 359 270 628 333 1175 182 56 88 
8 9 359 270 628 334 1172 182 60 88 
8 9 359 270 628 335 1172 182 58 88 
8 9 359 270 628 336 1170 182 58 88 
8 9 359 270 628 337 1170 184 58 85 
8 9 359 270 628 338 1170 184 56 85 
8 9 359 270 628 339 1167 184 60 85 
8 9 359 270 628 340 1168 184 56 85 
8 9 359 270 628 341 1166 184 56 85 
8 9 359 270 628 342 1166 184 56 85 
8 9 359 270 628 343 1163 184 58 85 
8 9 359 270 628 344 1160 184 62 85 
8 9 359 270 628 345 1161 184 58 85 
8 9 359 270 628 346 1161 184 56 85 
8 9 359 270 628 347 1161 184 56 85 
8 9 359 270 628 348 1159 184 56 85 
8 9 359 270 628 349 1156 184 58 85 
8 9 359 270 628 350 1156 184 58 85 
8 9 359 270 628 351 1154 184 58 85 
8 9 359 270 628 352 1154 184 58 85 
8 9 359 270 628 353 1154 184 56 85 
8 9 359 270 628 354 1152 184 56 85 
8 9 359 270 628 355 1152 184 56 85 
8 9 359 270 628 356 1150 184 56 85 
8 9 359 270 628 357 1150 184 56 85 
8 9 359 270 628 358 1147 184 58 85 
8 9 359 270 628 359 1145 184 58 85 
8 9 359 270 628 360 1145 184 58 85 
8 9 359 270 628 361 1145 184 56 85 
8 9 359 270 628 362 1145 184 56 85 
8 9 359 270 628 363 1143 184 56 85 
8 9 359 270 628 364 1140 184 58 85 
8 9 359 270 628 365 1140 184 58 85 
8 9 359 270 628 366 1138 184 58 85 
8 9 359 270 628 367 1139 184 54 85 
8 9 359 270 628 368 1138 184 56 85 
8 9 359 270 628 369 1136 184 56 85 
8 9 359 270 628 370 1136 184 56 85 
8 9 359 270 628 371 1134 184 56 85 
8 9 359 270 628 372 1134 184 54 85 
8 9 359 270 628 373 1131 184 58 85 
8 9 359 270 628 374 1132 186 54 84 
8 9 359 270 628 375 1129 186 58 84 
8 9 359 270 628 376 1129 186 56 84 
8 9 359 270 628 377 1130 186 52 84 
8 9 359 270 628 378 1127 186 56 84 
8 9 359 270 628 379 1127 186 54 84 
8 9 359 270 628 380 1125 186 54 84 
8 9 359 270 628 381 1122 186 58 84 
8 9 359 270 628 382 1123 186 54 84 
8 9 359 270 628 383 1122 186 56 84 
8 9 359 270 628 384 1123 186 52 84 
8 9 359 270 628 385 1121 186 52 84 
8 9 359 270 628 386 1118 186 56 84 
8 9 359 270 628 387 1118 186 54 84 
8 9 359 270 628 388 1115 186 58 84 
8 9 359 270 628 389 1116 186 54 84 
8 9 359 270 628 390 1114 186 54 84 
8 9 359 270 628 391 1113 186 56 84 
8 9 359 270 628 392 1114 186 52 84 
8 9 359 270 628 393 1111 186 56 84 
8 9 359 270 628 394 1111 186 54 84 
8 9 359 270 628 395 1109 186 54 84 
8 9 359 270 628 396 1106 186 58 84 
8 9 359 270 628 397 1107 186 54 84 
8 9 359 270 628 398 1107 186 52 84 
8 9 359 270 628 399 1107 186 52 84 
8 9 359 270 628 400 1105 186 52 84 
8 9 359 270 628 401 1102 186 56 84 
8 9 359 270 628 402 1102 186 54 84 
8 9 359 270 628 403 1100 186 54 84 
8 9 359 270 628 404 1100 186 54 84 
8 9 359 270 628 405 1098 186 54 84 
8 9 359 270 628 406 1097 186 56 84 
8 9 359 270 628 407 1098 186 52 84 
8 9 359 270 628 408 1095 186 54 84 
8 9 359 270 628 409 1095 186 54 84 
8 9 359 270 628 410 1093 186 54 84 
8 9 359 270 628 411 1093 188 54 82 
8 9 359 270 628 412 1091 188 54 82 
8 9 359 270 628 413 1091 188 54 82 
8 9 359 270 628 414 1091 188 52 82 
8 9 359 270 628 415 1091 188 52 82 
8 9 359 270 628 416 1089 188 52 82 
8 9 359 270 628 417 1089 188 52 82 
8 9 359 270 628 418 1086 188 54 82 
8 9 359 270 628 419 1086 188 54 82 
8 9 359 270 628 420 1084 188 54 82 
8 9 359 270 628 421 1084 188 54 82 
8 9 359 270 628 422 1082 188 54 82 
8 9 359 270 628 423 1082 188 54 82 
8 9 359 270 628 424 1082 188 52 82 
8 9 359 270 628 425 1082 188 52 82 
8 9 359 270 628 426 1079 188 54 82 
8 9 359 270 628 427 1079 188 54 82 
8 9 359 270 628 428 1077 188 54 82 
8 9 359 270 628 429 1077 188 54 82 
8 9 359 270 628 430 1075 188 54 82 
8 9 359 270 628 431 1075 188 54 82 
8 9 359 270 628 432 1075 188 52 82 
8 9 359 270 628 433 1075 188 52 82 
8 9 359 270 628 434 1073 188 52 82 
8 9 359 270 628 435 1073 188 52 82 
8 9 359 270 628 436 1070 188 54 82 
8 9 359 270 628 437 1070 188 54 82 
8 9 359 270 628 438 1068 188 54 82 
8 9 359 270 628 439 1068 188 54 82 
8 9 359 270 628 440 1066 188 54 82 
8 9 359 270 628 441 1066 188 54 82 
8 9 359 270 628 442 1066 188 52 82 
8 9 359 270 628 443 1066 188 52 82 
8 9 359 270 628 444 1063 188 54 82 
8 9 359 270 628 445 1063 188 54 82 
8 9 359 270 628 446 1061 188 54 82 
8 9 359 270 628 447 1061 188 54 82 
8 9 359 270 628 448 1059 188 54 82 
8 9 359 270 628 449 1059 188 54 82 
8 9 359 270 628 450 1059 188 52 82 
8 9 359 270 628 451 1059 188 52 82 
8 9 359 270 628 452 1057 188 52 82 
8 9 359 270 628 453 1057 188 52 82 
8 9 359 270 628 454 1054 188 54 82 
8 9 359 270 628 455 1054 188 54 82 
8 9 359 270 628 456 1052 188 54 82 
8 9 359 270 628 457 1052 188 54 82 
8 9 359 270 628 458 1050 188 54 82 
8 9 359 270 628 459 1050 188 54 82 
8 9 359 270 628 460 1050 188 52 82 
8 9 359 270 628 461 1050 188 52 82 
8 9 359 270 628 462 1047 188 54 82 
8 9 359 270 628 463 1047 188 54 82 
8 9 359 270 628 464 1045 188 54 82 
8 9 359 270 628 465 1045 188 54 82 
8 9 359 270 628 466 1045 190 54 79 
8 9 359 270 628 467 1043 190 54 79 
8 9 359 270 628 468 1043 190 54 79 
8 9 359 270 628 469 1043 190 52 79 
8 9 359 270 628 470 1043 190 52 79 
8 9 359 270 628 471 1041 190 52 79 
8 9 359 270 628 472 1041 190 52 79 
8 9 359 270 628 473 1038 190 54 79 
8 9 359 270 628 474 1038 190 54 79 
8 9 359 270 628 475 1036 190 54 79 
8 9 359 270 628 476 1036 190 54 79 
8 9 359 270 628 477 1034 190 54 79 
8 9 359 270 628 478 1034 190 54 79 
8 9 359 270 628 479 1034 190 52 79 
8 9 359 270 628 480 1034 190 52 79 
8 9 359 270 628 481 1031 190 54 79 
8 9 359 270 628 482 1031 190 54 79 
8 9 359 270 628 483 1029 190 54 79 
8 9 359 270 628 484 1029 190 54 79 
8 9 359 270 628 485 1027 190 54 79 
8 9 359 270 628 486 1027 190 54 79 
8 9 359 270 628 487 1027 190 52 79 
8 9 359 270 628 488 1027 190 52 79 
8 9 359 270 628 489 1025 190 52 79 
8 9 359 270 628 490 1025 190 52 79 
8 9 359 270 628 491 1022 190 54 79 
8 9 359 270 628 492 1022 190 54 79 
8 9 359 270 628 493 1020 190 54 79 
8 9 359 270 628 494 1020 190 54 79 
8 9 359 270 628 495 1018 190 54 79 
8 9 359 270 628 496 1018 190 54 79 
8 9 359 270 628 497 1018 190 52 79 
8 9 359 270 628 498 1018 190 52 79 
8 9 359 270 628 499 1015 190 54 79 
8 9 359 270 628 500 1015 190 54 79 
8 9 359 270 628 501 1013 190 54 79 
8 9 359 270 628 502 1013 190 54 79 
8 9 359 270 628 503 1013 193 54 76 
8 9 359 270 628 504 1011 193 54 76 
8 9 359 270 628 505 1011 193 54 76 
8 9 359 270 628 506 1011 193 54 76 
8 9 359 270 628 507 1011 193 54 76 
8 9 359 270 628 508 1011 193 54 76 
8 9 359 270 628 509 1011 193 54 76 
8 9 359 270 628 510 1011 193 54 76 
8 9 359 270 628 511 1011 193 54 76 
8 9 359 270 628 512 1011 193 52 76 
8 9 359 270 628 513 1011 193 52 76 
8 9 359 270 628 514 1011 193 52 76 
8 9 359 270 628 515 1011 193 52 76 
8 9 359 270 628 516 1011 193 52 76 
8 9 359 270 628 517 1011 193 52 76 
8 9 359 270 628 518 1011 193 52 76 
8 9 359 270 628 519 1011 193 52 76 
8 9 359 270 628 520 1011 193 52 76 
8 9 359 270 628 521 1009 193 52 76 
8 9 359 270 628 522 1009 193 52 76 
8 9 359 270 628 523 1009 193 52 76 
8 9 359 270 628 524 1009 193 52 76 
8 9 359 270 628 525 1009 193 52 76 
8 9 359 270 628 526 1009 193 52 76 
8 9 359 270 628 527 1009 193 52 76 
8 9 359 270 628 528 1009 193 52 76 
8 9 359 270 628 529 1006 193 54 76 
8 9 359 270 628 530 1006 193 54 76 
8 9 359 270 628 531 1006 193 54 76 
8 9 359 270 628 532 1006 193 54 76 
8 9 359 270 628 533 1006 193 54 76 
8 9 359 270 628 534 1006 193 54 76 
8 9 359 270 628 535 1006 193 54 76 
8 9 359 270 628 536 1006 193 54 76 
8 9 359 270 628 537 1006 193 54 76 
8 9 359 270 628 538 1004 193 54 76 
8 9 359 270 628 539 1004 193 54 76 
8 9 359 270 628 540 1004 193 54 76 
8 9 359 270 628 541 1004 193 54 76 
8 9 359 270 628 542 1004 193 54 76 
8 9 359 270 628 543 1004 193 54 76 
8 9 359 270 628 544 1004 193 54 76 
8 9 359 270 628 545 1004 193 54 76 
8 9 359 270 628 546 1004 195 54 73 
8 9 359 270 628 547 1002 193 54 75 
8 9 359 270 628 548 1002 193 54 75 
8 9 359 270 628 549 1002 193 54 75 
8 9 359 270 628 550 1002 193 54 75 
8 9 359 270 628 551 1002 193 54 75 
8 9 359 270 628 552 1002 193 54 75 
8 9 359 270 628 553 1002 193 54 75 
8 9 359 270 628 554 1002 193 54 75 
8 9 359 270 628 555 1002 193 54 75 
8 9 359 270 628 556 1002 193 54 75 
8 9 359 270 628 557 1002 193 54 75 
8 9 359 270 628 558 1002 193 54 75 
8 9 359 270 628 559 1002 193 54 75 
8 9 359 270 628 560 1002 193 54 75 
8 9 359 270 628 561 1002 194 54 72 
8 9 359 270 628 562 1002 194 54 72 
8 9 359 270 628 563 1002 194 54 72 
8 9 359 270 628 564 1002 194 54 72 
8 9 359 270 628 565 1002 194 54 72 
8 9 359 270 628 566 1002 194 54 72 
8 9 359 270 628 567 1002 194 54 72 
8 9 359 270 628 568 1002 194 54 72 
8 9 359 270 628 569 1002 194 54 72 
8 9 359 270 628 570 1002 194 54 72 
8 9 359 270 628 571 1002 194 54 72 
8 9 359 270 628 572 1002 194 54 72 
8 9 359 270 628 573 1002 194 54 72 
8 9 359 270 628 574 1002 194 54 72 
8 9 359 270 628 575 1002 194 54 72 
8 9 359 270 628 576 1002 192 52 72 
8 9 359 270 628 577 1002 192 52 72 
8 9 359 270 628 578 1002 192 52 72 
8 9 359 270 628 579 1002 192 52 72 
8 9 359 270 628 580 1002 192 52 72 
8 9 359 270 628 581 1002 192 52 72 
8 9 359 270 628 582 1002 192 52 72 
8 9 359 270 628 583 1002 192 52 72 
8 9 359 270 628 584 999 192 56 72 
8 9 359 270 628 585 999 192 56 72 
8 9 359 270 628 586 999 192 56 72 
8 9 359 270 628 587 999 192 56 72 
8 9 359 270 628 588 999 192 54 69 
8 9 359 270 628 589 999 192 54 69 
8 9 359 270 628 590 999 192 54 69 
8 9 359 270 628 591 999 192 54 69 
8 9 359 270 628 592 996 192 58 69 
8 9 359 270 628 593 996 192 58 69 
8 9 359 270 628 594 996 192 58 69 
8 9 359 270 628 595 996 192 58 69 
8 9 359 270 628 596 996 192 58 69 
8 9 359 270 628 597 996 192 58 69 
8 9 359 270 628 598 996 192 58 69 
8 9 359 270 628 599 996 192 58 69 
8 9 359 270 628 600 996 192 58 69 
8 9 359 270 628 601 997 192 54 69 
8 9 359 270 628 602 998 192 50 69 
8 9 359 270 628 603 998 192 50 69 
8 9 359 270 628 604 999 192 46 69 
8 9 359 270 628 605 999 192 46 69 
8 9 359 270 628 606 1000 192 42 69 
8 9 359 270 628 607 1001 192 40 69 
8 9 359 270 628 608 1001 192 40 69 
8 9 359 270 628 609 1002 192 36 69 
8 9 359 270 628 610 1002 192 36 69 
8 9 359 270 628 611 1003 192 32 69 
8 9 359 270 628 612 1003 192 32 72 
8 9 359 270 628 613 1003 192 32 72 
8 9 359 270 628 614 1003 192 32 72 
8 9 359 270 628 615 1003 192 32 72 
8 9 359 270 628 616 1003 192 32 72 
8 9 359 270 628 617 1003 192 32 72 
8 9 359 270 628 618 1003 192 32 72 
8 9 359 270 628 619 1003 192 32 72 
8 9 359 270 628 620 1003 192 32 72 
8 9 359 270 628 621 1003 192 32 72 
8 9 359 270 628 622 1003 192 32 72 
8 9 359 270 628 623 1003 192 32 72 
8 9 359 270 628 624 1003 192 32 72 
8 9 359 270 628 625 1003 192 32 72 
8 9 359 270 628 626 1003 192 32 72 
8 9 359 270 628 627 1003 192 32 72 
8 9 359 270 628 628 1003 192 32 72 
9 12 67 1149 1215 1149 824 195 65 62 
9 12 67 1149 1215 1150 824 195 65 62 
9 12 67 1149 1215 1151 824 195 65 62 
9 12 67 1149 1215 1152 824 195 65 62 
9 12 67 1149 1215 1153 824 195 65 62 
9 12 67 1149 1215 1154 824 195 65 62 
9 12 67 1149 1215 1155 824 195 65 62 
9 12 67 1149 1215 1156 824 195 65 62 
9 12 67 1149 1215 1157 824 195 65 62 
9 12 67 1149 1215 1158 824 195 65 62 
9 12 67 1149 1215 1159 824 195 65 62 
9 12 67 1149 1215 1160 824 195 65 62 
9 12 67 1149 1215 1161 824 195 65 62 
9 12 67 1149 1215 1162 824 195 65 62 
9 12 67 1149 1215 1163 824 195 65 62 
9 12 67 1149 1215 1164 824 195 65 62 
9 12 67 1149 1215 1165 824 195 65 62 
9 12 67 1149 1215 1166 824 195 65 62 
9 12 67 1149 1215 1167 824 195 65 62 
9 12 67 1149 1215 1168 824 195 65 62 
9 12 67 1149 1215 1169 824 195 65 62 
9 12 67 1149 1215 1170 824 195 65 62 
9 12 67 1149 1215 1171 824 195 65 62 
9 12 67 1149 1215 1172 824 195 65 62 
9 12 67 1149 1215 1173 824 195 65 62 
9 12 67 1149 1215 1174 824 195 65 62 
9 12 67 1149 1215 1175 824 195 65 62 
9 12 67 1149 1215 1176 824 195 65 62 
9 12 67 1149 1215 1177 824 195 65 62 
9 12 67 1149 1215 1178 824 195 65 62 
9 12 67 1149 1215 1179 824 195 65 62 
9 12 67 1149 1215 1180 824 195 65 62 
9 12 67 1149 1215 1181 824 195 65 62 
9 12 67 1149 1215 1182 824 195 65 62 
9 12 67 1149 1215 1183 824 195 65 62 
9 12 67 1149 1215 1184 824 195 65 62 
9 12 67 1149 1215 1185 824 195 65 62 
9 12 67 1149 1215 1186 824 195 65 62 
9 12 67 1149 1215 1187 824 195 65 62 
9 12 67 1149 1215 1188 824 195 65 62 
9 12 67 1149 1215 1189 824 195 65 62 
9 12 67 1149 1215 1190 824 195 65 62 
9 12 67 1149 1215 1191 824 195 65 62 
9 12 67 1149 1215 1192 824 195 65 62 
9 12 67 1149 1215 1193 824 195 65 62 
9 12 67 1149 1215 1194 824 195 65 62 
9 12 67 1149 1215 1195 824 195 65 62 
9 12 67 1149 1215 1196 824 195 65 62 
9 12 67 1149 1215 1197 824 195 65 62 
9 12 67 1149 1215 1198 824 195 65 62 
9 12 67 1149 1215 1199 824 195 65 62 
9 12 67 1149 1215 1200 824 195 65 62 
9 12 67 1149 1215 1201 824 195 65 62 
9 12 67 1149 1215 1202 824 195 65 62 
9 12 67 1149 1215 1203 824 195 65 62 
9 12 67 1149 1215 1204 824 195 65 62 
9 12 67 1149 1215 1205 824 195 65 62 
9 12 67 1149 1215 1206 824 195 65 62 
9 12 67 1149 1215 1207 824 195 65 62 
9 12 67 1149 1215 1208 824 195 65 62 
9 12 67 1149 1215 1209 824 195 65 62 
9 12 67 1149 1215 1210 824 195 65 62 
9 12 67 1149 1215 1211 824 195 65 62 
9 12 67 1149 1215 1212 824 195 65 62 
9 12 67 1149 1215 1213 824 195 65 62 
9 12 67 1149 1215 1214 824 195 65 62 
9 12 67 1149 1215 1215 824 195 65 62 
10 9 403 1082 1484 1082 1202 178 58 85 
10 9 403 1082 1484 1083 1202 178 56 85 
10 9 403 1082 1484 1084 1200 178 56 85 
10 9 403 1082 1484 1085 1198 178 56 85 
10 9 403 1082 1484 1086 1195 178 58 85 
10 9 403 1082 1484 1087 1193 178 58 85 
10 9 403 1082 1484 1088 1193 178 56 85 
10 9 403 1082 1484 1089 1191 178 56 85 
10 9 403 1082 1484 1090 1188 178 58 85 
10 9 403 1082 1484 1091 1186 178 58 85 
10 9 403 1082 1484 1092 1186 178 56 85 
10 9 403 1082 1484 1093 1184 178 56 85 
10 9 403 1082 1484 1094 1182 178 56 85 
10 9 403 1082 1484 1095 1179 178 58 85 
10 9 403 1082 1484 1096 1177 178 58 85 
10 9 403 1082 1484 1097 1177 178 56 85 
10 9 403 1082 1484 1098 1175 178 56 85 
10 9 403 1082 1484 1099 1172 178 58 85 
10 9 403 1082 1484 1100 1170 178 58 85 
10 9 403 1082 1484 1101 1170 178 56 85 
10 9 403 1082 1484 1102 1168 180 56 85 
10 9 403 1082 1484 1103 1166 180 56 85 
10 9 403 1082 1484 1104 1163 180 58 85 
10 9 403 1082 1484 1105 1161 180 58 85 
10 9 403 1082 1484 1106 1161 180 56 85 
10 9 403 1082 1484 1107 1159 180 56 85 
10 9 403 1082 1484 1108 1156 180 58 85 
10 9 403 1082 1484 1109 1154 180 58 85 
10 9 403 1082 1484 1110 1154 180 56 85 
10 9 403 1082 1484 1111 1152 180 56 85 
10 9 403 1082 1484 1112 1150 180 56 85 
10 9 403 1082 1484 1113 1147 180 58 85 
10 9 403 1082 1484 1114 1145 180 58 85 
10 9 403 1082 1484 1115 1145 180 56 85 
10 9 403 1082 1484 1116 1143 180 56 85 
10 9 403 1082 1484 1117 1140 180 58 85 
10 9 403 1082 1484 1118 1138 180 58 85 
10 9 403 1082 1484 1119 1138 180 56 85 
10 9 403 1082 1484 1120 1136 180 56 85 
10 9 403 1082 1484 1121 1134 180 56 85 
10 9 403 1082 1484 1122 1131 180 58 85 
10 9 403 1082 1484 1123 1129 180 58 85 
10 9 403 1082 1484 1124 1129 180 56 85 
10 9 403 1082 1484 1125 1127 180 56 85 
10 9 403 1082 1484 1126 1124 180 58 85 
10 9 403 1082 1484 1127 1122 180 58 85 
10 9 403 1082 1484 1128 1122 180 56 85 
10 9 403 1082 1484 1129 1120 180 56 85 
10 9 403 1082 1484 1130 1118 180 56 85 
10 9 403 1082 1484 1131 1115 180 58 85 
10 9 403 1082 1484 1132 1113 180 58 85 
10 9 403 1082 1484 1133 1113 180 56 85 
10 9 403 1082 1484 1134 1111 180 56 85 
10 9 403 1082 1484 1135 1108 182 58 85 
10 9 403 1082 1484 1136 1106 182 58 85 
10 9 403 1082 1484 1137 1106 182 56 85 
10 9 403 1082 1484 1138 1104 182 56 85 
10 9 403 1082 1484 1139 1102 182 56 85 
10 9 403 1082 1484 1140 1099 182 58 85 
10 9 403 1082 1484 1141 1097 182 58 85 
10 9 403 1082 1484 1142 1097 182 56 85 
10 9 403 1082 1484 1143 1095 182 56 85 
10 9 403 1082 1484 1144 1092 182 58 85 
10 9 403 1082 1484 1145 1090 182 58 85 
10 9 403 1082 1484 1146 1090 182 56 85 
10 9 403 1082 1484 1147 1088 182 56 85 
10 9 403 1082 1484 1148 1086 182 56 85 
10 9 403 1082 1484 1149 1083 182 58 85 
10 9 403 1082 1484 1150 1081 182 58 85 
10 9 403 1082 1484 1151 1081 182 56 85 
10 9 403 1082 1484 1152 1079 182 56 85 
10 9 403 1082 1484 1153 1076 182 58 85 
10 9 403 1082 1484 1154 1074 182 58 85 
10 9 403 1082 1484 1155 1074 182 56 85 
10 9 403 1082 1484 1156 1072 182 56 85 
10 9 403 1082 1484 1157 1070 182 56 85 
10 9 403 1082 1484 1158 1067 182 58 85 
10 9 403 1082 1484 1159 1065 182 58 85 
10 9 403 1082 1484 1160 1065 182 56 85 
10 9 403 1082 1484 1161 1063 182 56 85 
10 9 403 1082 1484 1162 1060 182 58 85 
10 9 403 1082 1484 1163 1058 182 58 85 
10 9 403 1082 1484 1164 1058 182 56 85 
10 9 403 1082 1484 1165 1056 182 56 85 
10 9 403 1082 1484 1166 1054 182 56 85 
10 9 403 1082 1484 1167 1051 182 58 85 
10 9 403 1082 1484 1168 1049 184 58 85 
10 9 403 1082 1484 1169 1049 184 56 85 
10 9 403 1082 1484 1170 1047 184 56 85 
10 9 403 1082 1484 1171 1044 184 58 85 
10 9 403 1082 1484 1172 1042 184 58 85 
10 9 403 1082 1484 1173 1042 184 56 85 
10 9 403 1082 1484 1174 1040 184 56 85 
10 9 403 1082 1484 1175 1038 184 56 85 
10 9 403 1082 1484 1176 1035 184 58 85 
10 9 403 1082 1484 1177 1033 184 58 85 
10 9 403 1082 1484 1178 1033 184 56 85 
10 9 403 1082 1484 1179 1031 184 56 85 
10 9 403 1082 1484 1180 1028 184 58 85 
10 9 403 1082 1484 1181 1026 184 58 85 
10 9 403 1082 1484 1182 1026 184 56 85 
10 9 403 1082 1484 1183 1024 184 56 85 
10 9 403 1082 1484 1184 1022 184 56 85 
10 9 403 1082 1484 1185 1019 184 58 85 
10 9 403 1082 1484 1186 1017 184 58 85 
10 9 403 1082 1484 1187 1017 184 56 85 
10 9 403 1082 1484 1188 1015 184 56 85 
10 9 403 1082 1484 1189 1012 184 58 85 
10 9 403 1082 1484 1190 1010 184 58 85 
10 9 403 1082 1484 1191 1010 184 56 85 
10 9 403 1082 1484 1192 1008 184 56 85 
10 9 403 1082 1484 1193 1006 184 56 85 
10 9 403 1082 1484 1194 1003 184 58 85 
10 9 403 1082 1484 1195 1001 184 58 85 
10 9 403 1082 1484 1196 1001 184 56 85 
10 9 403 1082 1484 1197 999 184 56 85 
10 9 403 1082 1484 1198 996 184 58 85 
10 9 403 1082 1484 1199 994 184 58 85 
10 9 403 1082 1484 1200 994 185 56 85 
10 9 403 1082 1484 1201 992 185 56 85 
10 9 403 1082 1484 1202 990 185 56 85 
10 9 403 1082 1484 1203 987 185 58 85 
10 9 403 1082 1484 1204 985 185 58 85 
10 9 403 1082 1484 1205 984 185 60 85 
10 9 403 1082 1484 1206 982 185 60 85 
10 9 403 1082 1484 1207 980 185 60 85 
10 9 403 1082 1484 1208 977 185 62 85 
10 9 403 1082 1484 1209 977 185 60 85 
10 9 403 1082 1484 1210 977 187 60 85 
10 9 403 1082 1484 1211 975 187 60 85 
10 9 403 1082 1484 1212 973 187 60 85 
10 9 403 1082 1484 1213 971 187 60 85 
10 9 403 1082 1484 1214 968 189 62 85 
10 9 403 1082 1484 1215 968 189 60 85 
10 9 403 1082 1484 1216 966 189 60 85 
10 9 403 1082 1484 1217 964 191 60 85 
10 9 403 1082 1484 1218 961 191 62 85 
10 9 403 1082 1484 1219 961 191 60 85 
10 9 403 1082 1484 1220 962 194 56 84 
10 9 403 1082 1484 1221 961 191 52 85 
10 9 403 1082 1484 1222 958 191 54 85 
10 9 403 1082 1484 1223 956 191 54 85 
10 9 403 1082 1484 1224 955 189 50 85 
10 9 403 1082 1484 1225 954 189 50 85 
10 9 403 1082 1484 1226 952 189 50 85 
10 9 403 1082 1484 1227 951 187 46 85 
10 9 403 1082 1484 1228 949 187 46 85 
10 9 403 1082 1484 1229 948 187 46 85 
10 9 403 1082 1484 1230 946 187 46 85 
10 9 403 1082 1484 1231 944 187 46 85 
10 9 403 1082 1484 1232 942 187 46 85 
10 9 403 1082 1484 1233 940 187 48 85 
10 9 403 1082 1484 1234 939 187 46 85 
10 9 403 1082 1484 1235 939 187 46 85 
10 9 403 1082 1484 1236 937 187 46 85 
10 9 403 1082 1484 1237 935 187 46 85 
10 9 403 1082 1484 1238 933 187 46 85 
10 9 403 1082 1484 1239 932 187 46 85 
10 9 403 1082 1484 1240 932 187 46 85 
10 9 403 1082 1484 1241 930 187 46 85 
10 9 403 1082 1484 1242 928 187 46 85 
10 9 403 1082 1484 1243 926 187 46 85 
10 9 403 1082 1484 1244 924 187 48 85 
10 9 403 1082 1484 1245 923 187 46 85 
10 9 403 1082 1484 1246 921 187 46 85 
10 9 403 1082 1484 1247 919 187 46 85 
10 9 403 1082 1484 1248 917 187 46 85 
10 9 403 1082 1484 1249 916 187 46 85 
10 9 403 1082 1484 1250 916 187 46 85 
10 9 403 1082 1484 1251 912 187 46 85 
10 9 403 1082 1484 1252 910 187 46 85 
10 9 403 1082 1484 1253 908 187 48 85 
10 9 403 1082 1484 1254 907 187 46 85 
10 9 403 1082 1484 1255 905 187 46 85 
10 9 403 1082 1484 1256 903 187 46 85 
10 9 403 1082 1484 1257 901 187 46 85 
10 9 403 1082 1484 1258 900 187 46 85 
10 9 403 1082 1484 1259 898 187 46 85 
10 9 403 1082 1484 1260 896 189 46 85 
10 9 403 1082 1484 1261 894 189 46 85 
10 9 403 1082 1484 1262 892 189 48 85 
10 9 403 1082 1484 1263 891 189 46 85 
10 9 403 1082 1484 1264 889 189 46 85 
10 9 403 1082 1484 1265 889 189 46 85 
10 9 403 1082 1484 1266 887 189 46 85 
10 9 403 1082 1484 1267 885 189 46 85 
10 9 403 1082 1484 1268 884 189 46 85 
10 9 403 1082 1484 1269 882 189 46 85 
10 9 403 1082 1484 1270 882 189 46 85 
10 9 403 1082 1484 1271 878 189 46 85 
10 9 403 1082 1484 1272 876 189 48 85 
10 9 403 1082 1484 1273 875 189 46 85 
10 9 403 1082 1484 1274 873 189 46 85 
10 9 403 1082 1484 1275 871 189 46 85 
10 9 403 1082 1484 1276 869 189 46 85 
10 9 403 1082 1484 1277 868 189 46 85 
10 9 403 1082 1484 1278 866 189 46 85 
10 9 403 1082 1484 1279 864 189 46 85 
10 9 403 1082 1484 1280 862 191 46 85 
10 9 403 1082 1484 1281 860 191 48 85 
10 9 403 1082 1484 1282 859 191 46 85 
10 9 403 1082 1484 1283 857 191 46 85 
10 9 403 1082 1484 1284 855 191 46 85 
10 9 403 1082 1484 1285 853 191 46 85 
10 9 403 1082 1484 1286 852 191 46 85 
10 9 403 1082 1484 1287 850 191 46 85 
10 9 403 1082 1484 1288 848 191 46 85 
10 9 403 1082 1484 1289 846 191 46 85 
10 9 403 1082 1484 1290 846 191 46 85 
10 9 403 1082 1484 1291 844 191 48 85 
10 9 403 1082 1484 1292 843 191 46 85 
10 9 403 1082 1484 1293 841 191 46 85 
10 9 403 1082 1484 1294 839 191 46 85 
10 9 403 1082 1484 1295 836 191 50 85 
10 9 403 1082 1484 1296 836 191 48 85 
10 9 403 1082 1484 1297 833 191 50 85 
10 9 403 1082 1484 1298 831 191 50 85 
10 9 403 1082 1484 1299 829 191 50 85 
10 9 403 1082 1484 1300 826 191 54 85 
10 9 403 1082 1484 1301 826 191 52 85 
10 9 403 1082 1484 1302 823 191 54 85 
10 9 403 1082 1484 1303 821 191 54 85 
10 9 403 1082 1484 1304 819 191 54 85 
10 9 403 1082 1484 1305 820 191 50 85 
10 9 403 1082 1484 1306 820 191 48 85 
10 9 403 1082 1484 1307 817 191 50 85 
10 9 403 1082 1484 1308 815 191 50 85 
10 9 403 1082 1484 1309 813 191 50 85 
10 9 403 1082 1484 1310 813 191 50 85 
10 9 403 1082 1484 1311 810 191 50 85 
10 9 403 1082 1484 1312 808 191 50 85 
10 9 403 1082 1484 1313 806 191 50 85 
10 9 403 1082 1484 1314 804 191 50 85 
10 9 403 1082 1484 1315 804 191 48 85 
10 9 403 1082 1484 1316 801 191 50 85 
10 9 403 1082 1484 1317 799 191 50 85 
10 9 403 1082 1484 1318 797 191 50 85 
10 9 403 1082 1484 1319 795 191 50 85 
10 9 403 1082 1484 1320 794 191 50 85 
10 9 403 1082 1484 1321 792 189 50 85 
10 9 403 1082 1484 1322 790 189 50 85 
10 9 403 1082 1484 1323 788 189 50 85 
10 9 403 1082 1484 1324 788 189 48 85 
10 9 403 1082 1484 1325 785 189 50 85 
10 9 403 1082 1484 1326 783 189 50 85 
10 9 403 1082 1484 1327 781 189 50 85 
10 9 403 1082 1484 1328 779 189 50 85 
10 9 403 1082 1484 1329 778 189 50 85 
10 9 403 1082 1484 1330 778 189 50 85 
10 9 403 1082 1484 1331 776 190 50 82 
10 9 403 1082 1484 1332 774 190 50 82 
10 9 403 1082 1484 1333 772 190 50 82 
10 9 403 1082 1484 1334 772 190 48 82 
10 9 403 1082 1484 1335 772 192 48 79 
10 9 403 1082 1484 1336 769 192 50 79 
10 9 403 1082 1484 1337 767 192 50 79 
10 9 403 1082 1484 1338 765 192 50 79 
10 9 403 1082 1484 1339 763 192 50 79 
10 9 403 1082 1484 1340 763 195 50 76 
10 9 403 1082 1484 1341 762 195 50 76 
10 9 403 1082 1484 1342 760 195 50 76 
10 9 403 1082 1484 1343 758 195 50 76 
10 9 403 1082 1484 1344 756 195 50 76 
10 9 403 1082 1484 1345 756 195 48 76 
10 9 403 1082 1484 1346 753 195 50 76 
10 9 403 1082 1484 1347 751 195 50 76 
10 9 403 1082 1484 1348 749 195 50 76 
10 9 403 1082 1484 1349 747 195 50 76 
10 9 403 1082 1484 1350 747 195 50 76 
10 9 403 1082 1484 1351 746 195 50 76 
10 9 403 1082 1484 1352 744 195 50 76 
10 9 403 1082 1484 1353 742 195 50 76 
10 9 403 1082 1484 1354 740 195 50 76 
10 9 403 1082 1484 1355 740 195 48 76 
10 9 403 1082 1484 1356 737 195 50 76 
10 9 403 1082 1484 1357 735 195 50 76 
10 9 403 1082 1484 1358 733 195 50 76 
10 9 403 1082 1484 1359 731 195 50 76 
10 9 403 1082 1484 1360 731 195 50 76 
10 9 403 1082 1484 1361 730 195 50 76 
10 9 403 1082 1484 1362 728 195 50 76 
10 9 403 1082 1484 1363 726 195 50 76 
10 9 403 1082 1484 1364 724 195 50 76 
10 9 403 1082 1484 1365 724 195 48 76 
10 9 403 1082 1484 1366 721 195 50 76 
10 9 403 1082 1484 1367 719 195 50 76 
10 9 403 1082 1484 1368 717 195 50 76 
10 9 403 1082 1484 1369 715 195 50 76 
10 9 403 1082 1484 1370 714 195 50 76 
10 9 403 1082 1484 1371 712 195 50 76 
10 9 403 1082 1484 1372 710 195 50 76 
10 9 403 1082 1484 1373 708 195 50 76 
10 9 403 1082 1484 1374 708 195 48 76 
10 9 403 1082 1484 1375 705 195 50 76 
10 9 403 1082 1484 1376 703 195 50 76 
10 9 403 1082 1484 1377 701 195 50 76 
10 9 403 1082 1484 1378 699 195 50 76 
10 9 403 1082 1484 1379 698 195 50 76 
10 9 403 1082 1484 1380 696 195 50 76 
10 9 403 1082 1484 1381 694 195 50 76 
10 9 403 1082 1484 1382 692 195 50 76 
10 9 403 1082 1484 1383 692 195 48 76 
10 9 403 1082 1484 1384 689 195 50 76 
10 9 403 1082 1484 1385 687 195 50 76 
10 9 403 1082 1484 1386 685 195 50 76 
10 9 403 1082 1484 1387 683 195 50 76 
10 9 403 1082 1484 1388 682 195 50 76 
10 9 403 1082 1484 1389 680 195 50 76 
10 9 403 1082 1484 1390 680 196 50 78 
10 9 403 1082 1484 1391 678 196 50 78 
10 9 403 1082 1484 1392 676 196 50 78 
10 9 403 1082 1484 1393 676 196 48 78 
10 9 403 1082 1484 1394 673 196 50 78 
10 9 403 1082 1484 1395 671 196 50 78 
10 9 403 1082 1484 1396 669 196 50 78 
10 9 403 1082 1484 1397 667 196 50 78 
10 9 403 1082 1484 1398 666 196 50 78 
10 9 403 1082 1484 1399 664 196 50 78 
10 9 403 1082 1484 1400 664 196 50 78 
10 9 403 1082 1484 1401 662 196 50 78 
10 9 403 1082 1484 1402 660 196 50 78 
10 9 403 1082 1484 1403 660 196 48 78 
10 9 403 1082 1484 1404 657 196 50 78 
10 9 403 1082 1484 1405 655 196 50 78 
10 9 403 1082 1484 1406 653 196 50 78 
10 9 403 1082 1484 1407 651 196 50 78 
10 9 403 1082 1484 1408 650 196 50 78 
10 9 403 1082 1484 1409 648 196 50 78 
10 9 403 1082 1484 1410 648 198 50 78 
10 9 403 1082 1484 1411 646 198 50 78 
10 9 403 1082 1484 1412 644 198 50 78 
10 9 403 1082 1484 1413 644 198 48 78 
10 9 403 1082 1484 1414 641 198 50 78 
10 9 403 1082 1484 1415 639 197 50 79 
10 9 403 1082 1484 1416 637 197 50 79 
10 9 403 1082 1484 1417 635 197 50 79 
10 9 403 1082 1484 1418 634 197 50 79 
10 9 403 1082 1484 1419 632 197 50 79 
10 9 403 1082 1484 1420 632 197 50 82 
10 9 403 1082 1484 1421 630 197 50 82 
10 9 403 1082 1484 1422 628 197 50 82 
10 9 403 1082 1484 1423 628 197 48 82 
10 9 403 1082 1484 1424 625 197 50 82 
10 9 403 1082 1484 1425 623 197 50 82 
10 9 403 1082 1484 1426 621 197 50 82 
10 9 403 1082 1484 1427 619 197 50 82 
10 9 403 1082 1484 1428 618 197 50 82 
10 9 403 1082 1484 1429 616 197 50 82 
10 9 403 1082 1484 1430 616 197 50 82 
10 9 403 1082 1484 1431 614 197 50 82 
10 9 403 1082 1484 1432 612 197 50 82 
10 9 403 1082 1484 1433 612 197 48 82 
10 9 403 1082 1484 1434 609 197 50 82 
10 9 403 1082 1484 1435 607 197 50 82 
10 9 403 1082 1484 1436 605 197 50 82 
10 9 403 1082 1484 1437 603 197 50 82 
10 9 403 1082 1484 1438 602 197 50 82 
10 9 403 1082 1484 1439 600 197 50 82 
10 9 403 1082 1484 1440 600 197 50 82 
10 9 403 1082 1484 1441 598 197 50 82 
10 9 403 1082 1484 1442 596 197 50 82 
10 9 403 1082 1484 1443 596 197 48 82 
10 9 403 1082 1484 1444 593 197 50 82 
10 9 403 1082 1484 1445 591 197 50 82 
10 9 403 1082 1484 1446 589 197 50 82 
10 9 403 1082 1484 1447 587 197 50 82 
10 9 403 1082 1484 1448 586 197 50 82 
10 9 403 1082 1484 1449 584 197 50 82 
10 9 403 1082 1484 1450 584 197 50 82 
10 9 403 1082 1484 1451 582 197 50 79 
10 9 403 1082 1484 1452 580 197 50 79 
10 9 403 1082 1484 1453 580 198 48 78 
10 9 403 1082 1484 1454 577 198 50 78 
10 9 403 1082 1484 1455 575 198 50 78 
10 9 403 1082 1484 1456 573 198 50 75 
10 9 403 1082 1484 1457 571 198 50 75 
10 9 403 1082 1484 1458 570 199 50 72 
10 9 403 1082 1484 1459 568 199 50 72 
10 9 403 1082 1484 1460 568 199 50 72 
10 9 403 1082 1484 1461 566 199 50 69 
10 9 403 1082 1484 1462 564 199 50 69 
10 9 403 1082 1484 1463 564 199 48 69 
10 9 403 1082 1484 1464 561 199 50 69 
10 9 403 1082 1484 1465 561 202 50 66 
10 9 403 1082 1484 1466 559 202 50 64 
10 9 403 1082 1484 1467 557 202 50 64 
10 9 403 1082 1484 1468 555 202 50 64 
10 9 403 1082 1484 1469 554 202 50 64 
10 9 403 1082 1484 1470 554 204 50 61 
10 9 403 1082 1484 1471 552 204 50 61 
10 9 403 1082 1484 1472 550 204 50 61 
10 9 403 1082 1484 1473 548 204 50 61 
10 9 403 1082 1484 1474 548 204 48 61 
10 9 403 1082 1484 1475 545 204 50 61 
10 9 403 1082 1484 1476 543 204 50 61 
10 9 403 1082 1484 1477 541 204 50 61 
10 9 403 1082 1484 1478 539 204 50 61 
10 9 403 1082 1484 1479 538 204 50 61 
10 9 403 1082 1484 1480 538 204 50 61 
10 9 403 1082 1484 1481 536 204 50 61 
10 9 403 1082 1484 1482 534 204 50 61 
10 9 403 1082 1484 1483 532 204 50 61 
10 9 403 1082 1484 1484 532 204 48 61 
11 9 87 1397 1483 1397 818 198 32 61 
11 9 87 1397 1483 1398 818 198 32 61 
11 9 87 1397 1483 1399 818 198 32 61 
11 9 87 1397 1483 1400 820 198 32 61 
11 9 87 1397 1483 1401 820 198 32 61 
11 9 87 1397 1483 1402 820 198 32 61 
11 9 87 1397 1483 1403 820 198 32 61 
11 9 87 1397 1483 1404 820 200 32 61 
11 9 87 1397 1483 1405 822 200 32 61 
11 9 87 1397 1483 1406 822 200 32 61 
11 9 87 1397 1483 1407 822 200 32 61 
11 9 87 1397 1483 1408 822 200 32 61 
11 9 87 1397 1483 1409 822 200 32 61 
11 9 87 1397 1483 1410 824 202 32 61 
11 9 87 1397 1483 1411 824 202 32 61 
11 9 87 1397 1483 1412 824 202 32 61 
11 9 87 1397 1483 1413 825 202 32 61 
11 9 87 1397 1483 1414 825 202 32 61 
11 9 87 1397 1483 1415 827 202 32 61 
11 9 87 1397 1483 1416 827 202 32 61 
11 9 87 1397 1483 1417 827 202 32 61 
11 9 87 1397 1483 1418 829 202 32 61 
11 9 87 1397 1483 1419 829 202 32 61 
11 9 87 1397 1483 1420 831 202 32 61 
11 9 87 1397 1483 1421 831 202 32 61 
11 9 87 1397 1483 1422 831 202 32 61 
11 9 87 1397 1483 1423 831 202 32 61 
11 9 87 1397 1483 1424 831 202 32 61 
11 9 87 1397 1483 1425 832 202 32 61 
11 9 87 1397 1483 1426 832 202 32 61 
11 9 87 1397 1483 1427 832 202 32 61 
11 9 87 1397 1483 1428 832 202 32 61 
11 9 87 1397 1483 1429 832 202 32 61 
11 9 87 1397 1483 1430 834 202 32 61 
11 9 87 1397 1483 1431 834 202 32 61 
11 9 87 1397 1483 1432 836 202 32 61 
11 9 87 1397 1483 1433 836 202 32 61 
11 9 87 1397 1483 1434 838 202 32 61 
11 9 87 1397 1483 1435 840 202 32 61 
11 9 87 1397 1483 1436 840 202 32 61 
11 9 87 1397 1483 1437 841 202 32 61 
11 9 87 1397 1483 1438 841 202 32 61 
11 9 87 1397 1483 1439 843 202 32 61 
11 9 87 1397 1483 1440 845 202 32 61 
11 9 87 1397 1483 1441 845 202 32 61 
11 9 87 1397 1483 1442 847 202 32 61 
11 9 87 1397 1483 1443 847 202 32 61 
11 9 87 1397 1483 1444 848 202 32 61 
11 9 87 1397 1483 1445 850 202 32 61 
11 9 87 1397 1483 1446 850 202 32 61 
11 9 87 1397 1483 1447 852 202 32 61 
11 9 87 1397 1483 1448 852 202 32 61 
11 9 87 1397 1483 1449 854 202 32 61 
11 9 87 1397 1483 1450 856 202 32 61 
11 9 87 1397 1483 1451 856 202 32 61 
11 9 87 1397 1483 1452 857 202 32 61 
11 9 87 1397 1483 1453 859 202 32 61 
11 9 87 1397 1483 1454 861 202 32 61 
11 9 87 1397 1483 1455 863 202 32 61 
11 9 87 1397 1483 1456 863 202 32 61 
11 9 87 1397 1483 1457 864 202 32 61 
11 9 87 1397 1483 1458 866 202 32 61 
11 9 87 1397 1483 1459 868 202 32 61 
11 9 87 1397 1483 1460 870 202 32 61 
11 9 87 1397 1483 1461 870 202 32 61 
11 9 87 1397 1483 1462 870 202 32 61 
11 9 87 1397 1483 1463 872 202 32 61 
11 9 87 1397 1483 1464 872 202 32 61 
11 9 87 1397 1483 1465 873 202 32 61 
11 9 87 1397 1483 1466 873 202 32 61 
11 9 87 1397 1483 1467 873 202 32 61 
11 9 87 1397 1483 1468 875 202 32 61 
11 9 87 1397 1483 1469 875 202 32 61 
11 9 87 1397 1483 1470 877 202 32 61 
11 9 87 1397 1483 1471 877 200 32 61 
11 9 87 1397 1483 1472 879 200 32 61 
11 9 87 1397 1483 1473 879 200 32 61 
11 9 87 1397 1483 1474 880 200 32 61 
11 9 87 1397 1483 1475 882 200 32 61 
11 9 87 1397 1483 1476 882 200 32 61 
11 9 87 1397 1483 1477 884 200 32 61 
11 9 87 1397 1483 1478 884 200 32 61 
11 9 87 1397 1483 1479 886 200 32 61 
11 9 87 1397 1483 1480 888 200 32 61 
11 9 87 1397 1483 1481 888 200 32 61 
11 9 87 1397 1483 1482 889 200 32 61 
11 9 87 1397 1483 1483 891 200 32 61 
