6 12 66 201 266 201 996 182 71 80 
6 12 66 201 266 202 996 182 71 80 
6 12 66 201 266 203 996 182 71 80 
6 12 66 201 266 204 996 182 71 80 
6 12 66 201 266 205 996 182 71 80 
6 12 66 201 266 206 996 182 71 80 
6 12 66 201 266 207 996 182 71 80 
6 12 66 201 266 208 996 182 71 80 
6 12 66 201 266 209 996 182 71 80 
6 12 66 201 266 210 996 182 71 80 
6 12 66 201 266 211 996 182 71 80 
6 12 66 201 266 212 996 182 71 80 
6 12 66 201 266 213 996 182 71 80 
6 12 66 201 266 214 996 182 71 80 
6 12 66 201 266 215 996 182 71 80 
6 12 66 201 266 216 996 182 71 80 
6 12 66 201 266 217 996 182 71 80 
6 12 66 201 266 218 996 182 71 80 
6 12 66 201 266 219 996 182 71 80 
6 12 66 201 266 220 996 182 71 80 
6 12 66 201 266 221 996 182 71 80 
6 12 66 201 266 222 996 182 71 80 
6 12 66 201 266 223 996 182 71 80 
6 12 66 201 266 224 996 182 71 80 
6 12 66 201 266 225 996 182 71 80 
6 12 66 201 266 226 996 182 71 80 
6 12 66 201 266 227 996 182 71 80 
6 12 66 201 266 228 996 182 71 80 
6 12 66 201 266 229 996 182 71 80 
6 12 66 201 266 230 996 182 71 80 
6 12 66 201 266 231 996 182 71 80 
6 12 66 201 266 232 996 182 71 80 
6 12 66 201 266 233 996 182 71 80 
6 12 66 201 266 234 996 182 71 80 
6 12 66 201 266 235 996 182 71 80 
6 12 66 201 266 236 996 182 71 80 
6 12 66 201 266 237 996 182 71 80 
6 12 66 201 266 238 996 182 71 80 
6 12 66 201 266 239 996 182 71 80 
6 12 66 201 266 240 996 182 71 80 
6 12 66 201 266 241 996 182 71 80 
6 12 66 201 266 242 996 182 71 80 
6 12 66 201 266 243 996 182 71 80 
6 12 66 201 266 244 996 182 71 80 
6 12 66 201 266 245 996 182 71 80 
6 12 66 201 266 246 996 182 71 80 
6 12 66 201 266 247 996 182 71 80 
6 12 66 201 266 248 996 182 71 80 
6 12 66 201 266 249 996 182 71 80 
6 12 66 201 266 250 996 182 71 80 
6 12 66 201 266 251 996 182 71 80 
6 12 66 201 266 252 996 182 71 80 
6 12 66 201 266 253 996 182 71 80 
6 12 66 201 266 254 996 182 71 80 
6 12 66 201 266 255 996 182 71 80 
6 12 66 201 266 256 996 182 71 80 
6 12 66 201 266 257 996 182 71 80 
6 12 66 201 266 258 996 182 71 80 
6 12 66 201 266 259 996 182 71 80 
6 12 66 201 266 260 996 182 71 80 
6 12 66 201 266 261 996 182 71 80 
6 12 66 201 266 262 996 182 71 80 
6 12 66 201 266 263 996 182 71 80 
6 12 66 201 266 264 996 182 71 80 
6 12 66 201 266 265 996 182 71 80 
6 12 66 201 266 266 996 182 71 80 
