0 12 47 179 225 179 245 214 107 78 
0 12 47 179 225 180 245 214 107 78 
0 12 47 179 225 181 245 214 107 78 
0 12 47 179 225 182 245 214 107 78 
0 12 47 179 225 183 245 214 107 78 
0 12 47 179 225 184 245 214 107 78 
0 12 47 179 225 185 245 214 107 78 
0 12 47 179 225 186 245 214 107 78 
0 12 47 179 225 187 245 214 107 78 
0 12 47 179 225 188 245 214 107 78 
0 12 47 179 225 189 245 214 107 78 
0 12 47 179 225 190 245 214 107 78 
0 12 47 179 225 191 245 214 107 78 
0 12 47 179 225 192 245 214 107 78 
0 12 47 179 225 193 245 214 107 78 
0 12 47 179 225 194 245 214 107 78 
0 12 47 179 225 195 245 214 107 78 
0 12 47 179 225 196 245 214 107 78 
0 12 47 179 225 197 245 214 107 78 
0 12 47 179 225 198 245 214 107 78 
0 12 47 179 225 199 245 214 107 78 
0 12 47 179 225 200 245 214 107 78 
0 12 47 179 225 201 245 214 107 78 
0 12 47 179 225 202 245 214 107 78 
0 12 47 179 225 203 245 214 107 78 
0 12 47 179 225 204 245 214 107 78 
0 12 47 179 225 205 245 214 107 78 
0 12 47 179 225 206 245 214 107 78 
0 12 47 179 225 207 245 214 107 78 
0 12 47 179 225 208 245 214 107 78 
0 12 47 179 225 209 245 214 107 78 
0 12 47 179 225 210 245 214 107 78 
0 12 47 179 225 211 245 214 107 78 
0 12 47 179 225 212 245 214 107 78 
0 12 47 179 225 213 245 214 107 78 
0 12 47 179 225 214 245 214 107 78 
0 12 47 179 225 215 245 214 107 78 
0 12 47 179 225 216 245 214 107 78 
0 12 47 179 225 217 245 214 107 78 
0 12 47 179 225 218 245 214 107 78 
0 12 47 179 225 219 245 214 107 78 
0 12 47 179 225 220 245 214 107 78 
0 12 47 179 225 221 245 214 107 78 
0 12 47 179 225 222 245 214 107 78 
0 12 47 179 225 223 245 214 107 78 
0 12 47 179 225 224 245 214 107 78 
0 12 47 179 225 225 245 214 107 78 
