3 12 99 280 378 280 300 218 64 61 
3 12 99 280 378 281 300 218 64 61 
3 12 99 280 378 282 300 218 64 61 
3 12 99 280 378 283 300 218 64 61 
3 12 99 280 378 284 300 218 64 61 
3 12 99 280 378 285 300 218 64 61 
3 12 99 280 378 286 300 218 64 61 
3 12 99 280 378 287 300 218 64 61 
3 12 99 280 378 288 300 218 64 61 
3 12 99 280 378 289 300 218 64 61 
3 12 99 280 378 290 300 218 64 61 
3 12 99 280 378 291 300 218 64 61 
3 12 99 280 378 292 300 218 64 61 
3 12 99 280 378 293 300 218 64 61 
3 12 99 280 378 294 300 218 64 61 
3 12 99 280 378 295 300 218 64 61 
3 12 99 280 378 296 300 218 64 61 
3 12 99 280 378 297 300 218 64 61 
3 12 99 280 378 298 300 218 64 61 
3 12 99 280 378 299 300 218 64 61 
3 12 99 280 378 300 300 218 64 61 
3 12 99 280 378 301 300 218 64 61 
3 12 99 280 378 302 300 218 64 61 
3 12 99 280 378 303 300 218 64 61 
3 12 99 280 378 304 300 218 64 61 
3 12 99 280 378 305 300 218 64 61 
3 12 99 280 378 306 300 218 64 61 
3 12 99 280 378 307 300 218 64 61 
3 12 99 280 378 308 300 218 64 61 
3 12 99 280 378 309 300 218 64 61 
3 12 99 280 378 310 300 218 64 61 
3 12 99 280 378 311 300 218 64 61 
3 12 99 280 378 312 300 218 64 61 
3 12 99 280 378 313 300 218 64 61 
3 12 99 280 378 314 300 218 64 61 
3 12 99 280 378 315 300 218 64 61 
3 12 99 280 378 316 300 218 64 61 
3 12 99 280 378 317 300 218 64 61 
3 12 99 280 378 318 300 218 64 61 
3 12 99 280 378 319 300 218 64 61 
3 12 99 280 378 320 300 218 64 61 
3 12 99 280 378 321 300 218 64 61 
3 12 99 280 378 322 300 218 64 61 
3 12 99 280 378 323 300 218 64 61 
3 12 99 280 378 324 300 218 64 61 
3 12 99 280 378 325 300 218 64 61 
3 12 99 280 378 326 300 218 64 61 
3 12 99 280 378 327 300 218 64 61 
3 12 99 280 378 328 300 218 64 61 
3 12 99 280 378 329 300 218 64 61 
3 12 99 280 378 330 300 218 64 61 
3 12 99 280 378 331 300 218 64 61 
3 12 99 280 378 332 300 218 64 61 
3 12 99 280 378 333 300 218 64 61 
3 12 99 280 378 334 300 218 64 61 
3 12 99 280 378 335 300 218 64 61 
3 12 99 280 378 336 300 218 64 61 
3 12 99 280 378 337 300 218 64 61 
3 12 99 280 378 338 300 218 64 61 
3 12 99 280 378 339 300 218 64 61 
3 12 99 280 378 340 300 218 64 61 
3 12 99 280 378 341 300 218 64 61 
3 12 99 280 378 342 300 218 64 61 
3 12 99 280 378 343 300 218 64 61 
3 12 99 280 378 344 300 218 64 61 
3 12 99 280 378 345 300 218 64 61 
3 12 99 280 378 346 300 218 64 61 
3 12 99 280 378 347 300 218 64 61 
3 12 99 280 378 348 300 218 64 61 
3 12 99 280 378 349 300 218 64 61 
3 12 99 280 378 350 300 218 64 61 
3 12 99 280 378 351 300 218 64 61 
3 12 99 280 378 352 300 218 64 61 
3 12 99 280 378 353 300 218 64 61 
3 12 99 280 378 354 300 218 64 61 
3 12 99 280 378 355 300 218 64 61 
3 12 99 280 378 356 300 218 64 61 
3 12 99 280 378 357 300 218 64 61 
3 12 99 280 378 358 300 218 64 61 
3 12 99 280 378 359 300 218 64 61 
3 12 99 280 378 360 300 218 64 61 
3 12 99 280 378 361 300 218 64 61 
3 12 99 280 378 362 300 218 64 61 
3 12 99 280 378 363 300 218 64 61 
3 12 99 280 378 364 300 218 64 61 
3 12 99 280 378 365 300 218 64 61 
3 12 99 280 378 366 300 218 64 61 
3 12 99 280 378 367 300 218 64 61 
3 12 99 280 378 368 300 218 64 61 
3 12 99 280 378 369 300 218 64 61 
3 12 99 280 378 370 300 218 64 61 
3 12 99 280 378 371 300 218 64 61 
3 12 99 280 378 372 300 218 64 61 
3 12 99 280 378 373 300 218 64 61 
3 12 99 280 378 374 300 218 64 61 
3 12 99 280 378 375 300 218 64 61 
3 12 99 280 378 376 300 218 64 61 
3 12 99 280 378 377 300 218 64 61 
3 12 99 280 378 378 300 218 64 61 
