0 9 468 165 632 165 1165 501 113 218 
0 9 468 165 632 166 1158 498 121 220 
0 9 468 165 632 167 1149 496 130 223 
0 9 468 165 632 168 1141 493 137 225 
0 9 468 165 632 169 1134 493 145 225 
0 9 468 165 632 170 1130 491 149 228 
0 9 468 165 632 171 1127 489 152 229 
0 9 468 165 632 172 1125 489 154 229 
0 9 468 165 632 173 1121 487 158 231 
0 9 468 165 632 174 1118 484 161 234 
0 9 468 165 632 175 1116 484 163 234 
0 9 468 165 632 176 1112 482 167 236 
0 9 468 165 632 177 1111 482 168 236 
0 9 468 165 632 178 1107 481 172 238 
0 9 468 165 632 179 1104 478 175 240 
0 9 468 165 632 180 1102 478 177 240 
0 9 468 165 632 181 1098 476 181 243 
0 9 468 165 632 182 1095 473 184 245 
0 9 468 165 632 183 1093 473 186 245 
0 9 468 165 632 184 1089 471 190 248 
0 9 468 165 632 185 1088 471 191 248 
0 9 468 165 632 186 1084 469 192 249 
0 9 468 165 632 187 1080 467 192 251 
0 9 468 165 632 188 1079 467 192 251 
0 9 468 165 632 189 1075 464 192 254 
0 9 468 165 632 190 1072 462 192 256 
0 9 468 165 632 191 1070 462 192 256 
0 9 468 165 632 192 1066 461 192 258 
0 9 468 165 632 193 1064 461 192 258 
0 9 468 165 632 194 1062 459 188 260 
0 9 468 165 632 195 1060 457 186 262 
0 9 468 165 632 196 1058 454 184 264 
0 9 468 165 632 197 1057 455 180 263 
0 9 468 165 632 198 1056 453 174 265 
0 9 468 165 632 199 1052 452 176 266 
0 9 468 165 632 200 1052 452 170 266 
0 9 468 165 632 201 1048 450 170 268 
0 9 468 165 632 202 1048 448 164 270 
0 9 468 165 632 203 1048 449 160 269 
0 9 468 165 632 204 1044 447 160 271 
0 9 468 165 632 205 1043 446 156 272 
0 9 468 165 632 206 1041 446 154 272 
0 9 468 165 632 207 1039 444 152 274 
0 9 468 165 632 208 1036 442 154 276 
0 9 468 165 632 209 1033 442 156 276 
0 9 468 165 632 210 1031 440 156 278 
0 9 468 165 632 211 1030 438 152 280 
0 9 468 165 632 212 1024 439 158 280 
0 9 468 165 632 213 1024 438 156 280 
0 9 468 165 632 214 1022 435 156 283 
0 9 468 165 632 215 1017 436 158 282 
0 9 468 165 632 216 1017 434 156 285 
0 9 468 165 632 217 1012 434 160 284 
0 9 468 165 632 218 1010 432 160 286 
0 9 468 165 632 219 1008 431 158 287 
0 9 468 165 632 220 1005 432 160 287 
0 9 468 165 632 221 1003 429 160 289 
0 9 468 165 632 222 1001 427 160 291 
0 9 468 165 632 223 997 428 164 288 
0 9 468 165 632 224 996 426 160 288 
0 9 468 165 632 225 994 424 160 288 
0 9 468 165 632 226 990 424 162 286 
0 9 468 165 632 227 988 423 164 285 
0 9 468 165 632 228 984 424 164 282 
0 9 468 165 632 229 983 421 162 285 
0 9 468 165 632 230 981 419 164 285 
0 9 468 165 632 231 976 419 168 283 
0 9 468 165 632 232 975 417 164 283 
0 9 468 165 632 233 974 417 162 282 
0 9 468 165 632 234 969 417 168 279 
0 9 468 165 632 235 967 415 168 279 
0 9 468 165 632 236 966 415 166 279 
0 9 468 165 632 237 965 413 164 280 
0 9 468 165 632 238 963 413 164 277 
0 9 468 165 632 239 961 413 164 277 
0 9 468 165 632 240 959 411 164 277 
0 9 468 165 632 241 958 411 162 277 
0 9 468 165 632 242 956 412 164 274 
0 9 468 165 632 243 954 409 164 277 
0 9 468 165 632 244 952 410 164 276 
0 9 468 165 632 245 951 410 162 276 
0 9 468 165 632 246 950 409 160 274 
0 9 468 165 632 247 948 409 160 274 
0 9 468 165 632 248 946 409 160 271 
0 9 468 165 632 249 944 407 160 274 
0 9 468 165 632 250 943 407 160 271 
0 9 468 165 632 251 941 408 160 268 
0 9 468 165 632 252 939 405 160 271 
0 9 468 165 632 253 937 406 160 270 
0 9 468 165 632 254 937 406 158 270 
0 9 468 165 632 255 938 406 152 267 
0 9 468 165 632 256 936 404 152 270 
0 9 468 165 632 257 934 404 152 267 
0 9 468 165 632 258 931 404 154 267 
0 9 468 165 632 259 929 403 154 265 
0 9 468 165 632 260 929 403 152 265 
0 9 468 165 632 261 927 404 152 264 
0 9 468 165 632 262 924 401 154 267 
0 9 468 165 632 263 922 402 154 264 
0 9 468 165 632 264 923 402 148 261 
0 9 468 165 632 265 921 400 148 264 
0 9 468 165 632 266 918 400 150 261 
0 9 468 165 632 267 916 400 150 261 
0 9 468 165 632 268 914 398 150 261 
0 9 468 165 632 269 914 398 148 261 
0 9 468 165 632 270 911 398 150 259 
0 9 468 165 632 271 909 396 150 262 
0 9 468 165 632 272 910 396 146 259 
0 9 468 165 632 273 909 396 142 259 
0 9 468 165 632 274 908 397 142 256 
0 9 468 165 632 275 906 396 142 258 
0 9 468 165 632 276 904 396 142 255 
0 9 468 165 632 277 902 396 142 253 
0 9 468 165 632 278 900 394 144 256 
0 9 468 165 632 279 899 394 142 253 
0 9 468 165 632 280 897 394 142 253 
0 9 468 165 632 281 895 392 142 253 
0 9 468 165 632 282 894 392 140 253 
0 9 468 165 632 283 893 393 138 250 
0 9 468 165 632 284 891 390 138 253 
0 9 468 165 632 285 889 391 138 250 
0 9 468 165 632 286 887 391 140 250 
0 9 468 165 632 287 885 390 140 250 
0 9 468 165 632 288 884 390 138 250 
0 9 468 165 632 289 882 390 138 247 
0 9 468 165 632 290 883 390 134 247 
0 9 468 165 632 291 882 388 132 247 
0 9 468 165 632 292 880 389 132 244 
0 9 468 165 632 293 879 387 130 246 
0 9 468 165 632 294 877 387 132 246 
0 9 468 165 632 295 875 385 132 246 
0 9 468 165 632 296 873 385 132 243 
0 9 468 165 632 297 871 383 132 246 
0 9 468 165 632 298 870 383 130 243 
0 9 468 165 632 299 868 382 132 241 
0 9 468 165 632 300 866 382 132 241 
0 9 468 165 632 301 864 380 132 243 
0 9 468 165 632 302 863 380 130 243 
0 9 468 165 632 303 861 381 132 240 
0 9 468 165 632 304 859 378 132 243 
0 9 468 165 632 305 857 379 132 240 
0 9 468 165 632 306 855 379 132 240 
0 9 468 165 632 307 854 377 130 240 
0 9 468 165 632 308 852 377 132 240 
0 9 468 165 632 309 853 377 128 238 
0 9 468 165 632 310 851 376 128 240 
0 9 468 165 632 311 849 376 128 237 
0 9 468 165 632 312 848 376 128 237 
0 9 468 165 632 313 846 374 128 237 
0 9 468 165 632 314 844 374 128 237 
0 9 468 165 632 315 842 375 128 234 
0 9 468 165 632 316 840 375 128 234 
0 9 468 165 632 317 839 373 128 234 
0 9 468 165 632 318 840 373 124 234 
0 9 468 165 632 319 838 373 124 232 
0 9 468 165 632 320 836 370 124 235 
0 9 468 165 632 321 833 370 128 235 
0 9 468 165 632 322 832 371 128 232 
0 9 468 165 632 323 830 368 128 235 
0 9 468 165 632 324 828 369 128 232 
0 9 468 165 632 325 826 369 128 232 
0 9 468 165 632 326 824 368 128 231 
0 9 468 165 632 327 824 368 126 231 
0 9 468 165 632 328 824 368 124 229 
0 9 468 165 632 329 822 366 124 232 
0 9 468 165 632 330 820 366 124 229 
0 9 468 165 632 331 817 366 126 229 
0 9 468 165 632 332 817 367 124 226 
0 9 468 165 632 333 815 364 124 229 
0 9 468 165 632 334 813 365 124 226 
0 9 468 165 632 335 814 365 120 226 
0 9 468 165 632 336 811 363 122 226 
0 9 468 165 632 337 809 363 122 226 
0 9 468 165 632 338 809 363 120 225 
0 9 468 165 632 339 807 362 120 226 
0 9 468 165 632 340 804 362 122 223 
0 9 468 165 632 341 801 362 126 223 
0 9 468 165 632 342 801 360 124 226 
0 9 468 165 632 343 799 360 124 223 
0 9 468 165 632 344 800 360 120 223 
0 9 468 165 632 345 798 358 120 223 
0 9 468 165 632 346 795 358 122 223 
0 9 468 165 632 347 793 359 122 222 
0 9 468 165 632 348 793 359 120 222 
0 9 468 165 632 349 791 357 120 222 
0 9 468 165 632 350 788 357 122 222 
0 9 468 165 632 351 786 357 122 219 
0 9 468 165 632 352 786 355 120 222 
0 9 468 165 632 353 787 355 116 219 
0 9 468 165 632 354 785 355 116 219 
0 9 468 165 632 355 782 354 118 217 
0 9 468 165 632 356 780 354 118 217 
0 9 468 165 632 357 778 355 118 216 
0 9 468 165 632 358 778 352 116 219 
0 9 468 165 632 359 775 353 118 216 
0 9 468 165 632 360 773 353 118 216 
0 9 468 165 632 361 773 353 118 216 
0 9 468 165 632 362 771 351 118 216 
0 9 468 165 632 363 771 351 116 216 
0 9 468 165 632 364 769 351 116 213 
0 9 468 165 632 365 766 349 118 216 
0 9 468 165 632 366 764 349 118 214 
0 9 468 165 632 367 762 349 118 214 
0 9 468 165 632 368 763 349 114 211 
0 9 468 165 632 369 762 348 114 213 
0 9 468 165 632 370 760 348 114 213 
0 9 468 165 632 371 757 349 118 210 
0 9 468 165 632 372 755 349 118 210 
0 9 468 165 632 373 755 347 116 210 
0 9 468 165 632 374 753 347 116 210 
0 9 468 165 632 375 753 347 114 207 
0 9 468 165 632 376 751 347 114 207 
0 9 468 165 632 377 749 345 114 210 
0 9 468 165 632 378 747 345 114 208 
0 9 468 165 632 379 746 345 114 208 
0 9 468 165 632 380 744 343 114 208 
0 9 468 165 632 381 744 343 114 208 
0 9 468 165 632 382 742 343 114 205 
0 9 468 165 632 383 740 343 114 205 
0 9 468 165 632 384 740 341 112 208 
0 9 468 165 632 385 737 341 114 205 
0 9 468 165 632 386 735 341 114 205 
0 9 468 165 632 387 733 342 114 204 
0 9 468 165 632 388 734 340 110 205 
0 9 468 165 632 389 732 341 112 202 
0 9 468 165 632 390 731 341 110 202 
0 9 468 165 632 391 728 341 114 202 
0 9 468 165 632 392 726 339 114 202 
0 9 468 165 632 393 724 339 114 202 
0 9 468 165 632 394 724 339 112 199 
0 9 468 165 632 395 724 337 110 202 
0 9 468 165 632 396 722 337 110 199 
0 9 468 165 632 397 720 337 110 199 
0 9 468 165 632 398 718 338 110 198 
0 9 468 165 632 399 716 335 112 201 
0 9 468 165 632 400 715 335 110 201 
0 9 468 165 632 401 715 336 110 198 
0 9 468 165 632 402 713 336 110 198 
0 9 468 165 632 403 711 335 110 196 
0 9 468 165 632 404 709 335 110 196 
0 9 468 165 632 405 708 335 110 193 
0 9 468 165 632 406 706 335 110 193 
0 9 468 165 632 407 704 333 110 196 
0 9 468 165 632 408 705 333 106 195 
0 9 468 165 632 409 703 333 108 195 
0 9 468 165 632 410 701 331 108 195 
0 9 468 165 632 411 699 331 110 195 
0 9 468 165 632 412 697 332 110 192 
0 9 468 165 632 413 695 332 110 192 
0 9 468 165 632 414 693 329 110 195 
0 9 468 165 632 415 694 330 108 192 
0 9 468 165 632 416 693 330 106 192 
0 9 468 165 632 417 691 330 106 189 
0 9 468 165 632 418 689 328 106 192 
0 9 468 165 632 419 687 328 108 190 
0 9 468 165 632 420 685 328 108 190 
0 9 468 165 632 421 685 328 108 190 
0 9 468 165 632 422 684 327 106 189 
0 9 468 165 632 423 682 327 106 189 
0 9 468 165 632 424 683 327 102 189 
0 9 468 165 632 425 680 328 106 186 
0 9 468 165 632 426 678 325 108 189 
0 9 468 165 632 427 679 325 104 189 
0 9 468 165 632 428 677 326 106 186 
0 9 468 165 632 429 675 326 106 186 
0 9 468 165 632 430 676 323 102 189 
0 9 468 165 632 431 673 323 106 187 
0 9 468 165 632 432 674 323 104 187 
0 9 468 165 632 433 672 323 104 187 
0 9 468 165 632 434 670 324 104 184 
0 9 468 165 632 435 670 321 104 187 
0 9 468 165 632 436 669 321 102 187 
0 9 468 165 632 437 667 322 102 184 
0 9 468 165 632 438 667 322 102 184 
0 9 468 165 632 439 665 321 104 186 
0 9 468 165 632 440 663 321 104 183 
0 9 468 165 632 441 663 321 104 183 
0 9 468 165 632 442 662 321 102 183 
0 9 468 165 632 443 663 321 98 183 
0 9 468 165 632 444 660 319 102 183 
0 9 468 165 632 445 658 319 104 183 
0 9 468 165 632 446 659 319 100 183 
0 9 468 165 632 447 657 319 100 181 
0 9 468 165 632 448 654 317 104 184 
0 9 468 165 632 449 655 317 100 184 
0 9 468 165 632 450 654 317 98 181 
0 9 468 165 632 451 651 317 102 181 
0 9 468 165 632 452 652 317 100 181 
0 9 468 165 632 453 650 315 100 181 
0 9 468 165 632 454 650 315 100 181 
0 9 468 165 632 455 648 315 100 181 
0 9 468 165 632 456 647 316 98 178 
0 9 468 165 632 457 647 313 98 181 
0 9 468 165 632 458 645 313 100 181 
0 9 468 165 632 459 643 314 100 180 
0 9 468 165 632 460 644 314 96 180 
0 9 468 165 632 461 641 314 100 180 
0 9 468 165 632 462 639 313 100 178 
0 9 468 165 632 463 640 313 96 178 
0 9 468 165 632 464 638 313 98 178 
0 9 468 165 632 465 639 313 96 178 
0 9 468 165 632 466 637 311 96 178 
0 9 468 165 632 467 634 311 100 178 
0 9 468 165 632 468 635 311 96 178 
0 9 468 165 632 469 633 311 96 175 
0 9 468 165 632 470 632 311 96 175 
0 9 468 165 632 471 632 309 96 178 
0 9 468 165 632 472 630 309 96 175 
0 9 468 165 632 473 628 309 96 175 
0 9 468 165 632 474 628 309 96 175 
0 9 468 165 632 475 626 307 96 177 
0 9 468 165 632 476 627 307 92 177 
0 9 468 165 632 477 624 307 96 177 
0 9 468 165 632 478 623 308 96 174 
0 9 468 165 632 479 624 308 92 174 
0 9 468 165 632 480 621 306 96 175 
0 9 468 165 632 481 619 307 96 172 
0 9 468 165 632 482 620 307 92 172 
0 9 468 165 632 483 617 307 94 172 
0 9 468 165 632 484 616 305 96 172 
0 9 468 165 632 485 617 305 92 172 
0 9 468 165 632 486 615 305 92 172 
0 9 468 165 632 487 615 305 92 172 
0 9 468 165 632 488 613 305 92 171 
0 9 468 165 632 489 611 303 92 174 
0 9 468 165 632 490 611 303 92 174 
0 9 468 165 632 491 608 303 94 171 
0 9 468 165 632 492 608 303 92 171 
0 9 468 165 632 493 608 301 92 174 
0 9 468 165 632 494 606 301 92 171 
0 9 468 165 632 495 604 301 92 171 
0 9 468 165 632 496 604 301 90 171 
0 9 468 165 632 497 601 302 94 168 
0 9 468 165 632 498 602 299 90 171 
0 9 468 165 632 499 602 299 88 171 
0 9 468 165 632 500 599 300 92 168 
0 9 468 165 632 501 600 300 88 168 
0 9 468 165 632 502 598 298 88 169 
0 9 468 165 632 503 595 299 92 168 
0 9 468 165 632 504 595 299 90 168 
0 9 468 165 632 505 593 299 90 168 
0 9 468 165 632 506 593 299 90 168 
0 9 468 165 632 507 593 297 88 168 
0 9 468 165 632 508 594 297 84 168 
0 9 468 165 632 509 591 297 88 168 
0 9 468 165 632 510 591 297 86 165 
0 9 468 165 632 511 588 297 90 165 
0 9 468 165 632 512 589 297 86 165 
0 9 468 165 632 513 586 297 90 165 
0 9 468 165 632 514 587 295 86 165 
0 9 468 165 632 515 586 295 88 165 
0 9 468 165 632 516 587 295 84 165 
0 9 468 165 632 517 587 295 84 165 
0 9 468 165 632 518 585 295 84 163 
0 9 468 165 632 519 585 295 84 163 
0 9 468 165 632 520 582 295 86 163 
0 9 468 165 632 521 582 293 86 166 
0 9 468 165 632 522 580 293 86 163 
0 9 468 165 632 523 580 293 86 163 
0 9 468 165 632 524 578 293 86 163 
0 9 468 165 632 525 578 293 86 163 
0 9 468 165 632 526 579 294 82 160 
0 9 468 165 632 527 578 294 84 160 
0 9 468 165 632 528 578 293 82 162 
0 9 468 165 632 529 575 293 86 162 
0 9 468 165 632 530 576 293 82 159 
0 9 468 165 632 531 573 293 86 159 
0 9 468 165 632 532 574 293 82 159 
0 9 468 165 632 533 571 293 86 159 
0 9 468 165 632 534 572 294 82 156 
0 9 468 165 632 535 572 294 82 156 
0 9 468 165 632 536 572 291 80 159 
0 9 468 165 632 537 572 291 78 157 
0 9 468 165 632 538 569 291 82 157 
0 9 468 165 632 539 570 291 78 157 
0 9 468 165 632 540 567 291 82 157 
0 9 468 165 632 541 568 292 78 154 
0 9 468 165 632 542 565 292 82 154 
0 9 468 165 632 543 566 289 78 157 
0 9 468 165 632 544 563 289 82 157 
0 9 468 165 632 545 564 290 80 154 
0 9 468 165 632 546 564 290 80 154 
0 9 468 165 632 547 563 290 78 154 
0 9 468 165 632 548 563 290 78 154 
0 9 468 165 632 549 561 290 78 151 
0 9 468 165 632 550 561 288 78 154 
0 9 468 165 632 551 559 288 78 154 
0 9 468 165 632 552 559 288 78 154 
0 9 468 165 632 553 557 288 78 153 
0 9 468 165 632 554 557 288 78 153 
0 9 468 165 632 555 558 288 76 153 
0 9 468 165 632 556 556 288 78 153 
0 9 468 165 632 557 557 286 74 153 
0 9 468 165 632 558 554 286 78 153 
0 9 468 165 632 559 555 286 74 153 
0 9 468 165 632 560 552 286 78 153 
0 9 468 165 632 561 553 287 74 150 
0 9 468 165 632 562 550 287 78 150 
0 9 468 165 632 563 551 287 76 150 
0 9 468 165 632 564 551 287 76 150 
0 9 468 165 632 565 549 286 76 148 
0 9 468 165 632 566 547 286 78 148 
0 9 468 165 632 567 548 286 74 148 
0 9 468 165 632 568 545 286 78 148 
0 9 468 165 632 569 546 286 74 148 
0 9 468 165 632 570 543 286 78 148 
0 9 468 165 632 571 541 286 78 148 
0 9 468 165 632 572 541 286 78 145 
0 9 468 165 632 573 540 286 78 145 
0 9 468 165 632 574 540 286 78 145 
0 9 468 165 632 575 538 286 78 145 
0 9 468 165 632 576 538 286 78 145 
0 9 468 165 632 577 536 286 78 145 
0 9 468 165 632 578 533 286 82 145 
0 9 468 165 632 579 534 287 78 144 
0 9 468 165 632 580 531 287 82 144 
0 9 468 165 632 581 532 287 80 144 
0 9 468 165 632 582 530 287 82 144 
0 9 468 165 632 583 528 284 82 147 
0 9 468 165 632 584 528 284 82 147 
0 9 468 165 632 585 526 284 82 147 
0 9 468 165 632 586 526 285 82 144 
0 9 468 165 632 587 524 285 82 144 
0 9 468 165 632 588 524 285 82 144 
0 9 468 165 632 589 524 285 80 144 
0 9 468 165 632 590 521 285 84 144 
0 9 468 165 632 591 521 285 82 144 
0 9 468 165 632 592 518 285 86 144 
0 9 468 165 632 593 519 285 82 141 
0 9 468 165 632 594 516 285 86 141 
0 9 468 165 632 595 514 285 86 141 
0 9 468 165 632 596 514 285 86 141 
0 9 468 165 632 597 514 285 84 141 
0 9 468 165 632 598 514 285 84 141 
0 9 468 165 632 599 511 285 86 141 
0 9 468 165 632 600 511 285 86 141 
0 9 468 165 632 601 509 283 86 141 
0 9 468 165 632 602 510 283 82 141 
0 9 468 165 632 603 507 283 86 141 
0 9 468 165 632 604 508 283 82 141 
0 9 468 165 632 605 507 283 84 139 
0 9 468 165 632 606 508 283 80 139 
0 9 468 165 632 607 505 283 84 139 
0 9 468 165 632 608 505 283 82 139 
0 9 468 165 632 609 503 283 82 139 
0 9 468 165 632 610 503 284 82 136 
0 9 468 165 632 611 501 281 82 139 
0 9 468 165 632 612 501 281 82 139 
0 9 468 165 632 613 499 281 82 139 
0 9 468 165 632 614 499 282 82 136 
0 9 468 165 632 615 498 282 82 136 
0 9 468 165 632 616 498 282 82 136 
0 9 468 165 632 617 496 282 82 136 
0 9 468 165 632 618 497 282 78 136 
0 9 468 165 632 619 494 282 82 133 
0 9 468 165 632 620 495 282 78 133 
0 9 468 165 632 621 492 282 82 133 
0 9 468 165 632 622 493 281 78 135 
0 9 468 165 632 623 492 282 80 132 
0 9 468 165 632 624 492 282 78 132 
0 9 468 165 632 625 490 282 78 132 
0 9 468 165 632 626 490 282 78 132 
0 9 468 165 632 627 488 282 78 132 
0 9 468 165 632 628 488 282 78 130 
0 9 468 165 632 629 486 282 78 130 
0 9 468 165 632 630 486 282 78 130 
0 9 468 165 632 631 484 282 80 130 
0 9 468 165 632 632 484 282 80 130 
1 9 439 194 632 194 1172 474 107 245 
1 9 439 194 632 195 1168 473 111 245 
1 9 439 194 632 196 1162 473 117 245 
1 9 439 194 632 197 1158 471 121 247 
1 9 439 194 632 198 1155 469 123 249 
1 9 439 194 632 199 1149 470 129 249 
1 9 439 194 632 200 1145 468 133 251 
1 9 439 194 632 201 1141 467 138 251 
1 9 439 194 632 202 1135 467 142 251 
1 9 439 194 632 203 1132 465 142 253 
1 9 439 194 632 204 1128 463 142 256 
1 9 439 194 632 205 1122 463 146 255 
1 9 439 194 632 206 1118 461 146 257 
1 9 439 194 632 207 1116 459 144 259 
1 9 439 194 632 208 1108 460 150 259 
1 9 439 194 632 209 1106 459 148 260 
1 9 439 194 632 210 1101 457 150 262 
1 9 439 194 632 211 1098 457 152 262 
1 9 439 194 632 212 1094 455 152 264 
1 9 439 194 632 213 1091 455 154 261 
1 9 439 194 632 214 1090 453 150 262 
1 9 439 194 632 215 1087 453 152 262 
1 9 439 194 632 216 1085 453 150 259 
1 9 439 194 632 217 1083 453 150 258 
1 9 439 194 632 218 1081 453 148 255 
1 9 439 194 632 219 1078 451 150 258 
1 9 439 194 632 220 1076 451 150 255 
1 9 439 194 632 221 1074 451 148 253 
1 9 439 194 632 222 1071 449 150 256 
1 9 439 194 632 223 1070 449 146 253 
1 9 439 194 632 224 1067 447 148 253 
1 9 439 194 632 225 1065 448 146 250 
1 9 439 194 632 226 1063 448 146 250 
1 9 439 194 632 227 1058 446 150 252 
1 9 439 194 632 228 1058 446 146 249 
1 9 439 194 632 229 1056 445 146 250 
1 9 439 194 632 230 1052 445 146 247 
1 9 439 194 632 231 1052 446 144 244 
1 9 439 194 632 232 1050 444 142 244 
1 9 439 194 632 233 1045 444 146 244 
1 9 439 194 632 234 1043 444 146 243 
1 9 439 194 632 235 1043 442 142 243 
1 9 439 194 632 236 1038 442 146 243 
1 9 439 194 632 237 1037 440 142 243 
1 9 439 194 632 238 1036 441 142 240 
1 9 439 194 632 239 1032 441 142 238 
1 9 439 194 632 240 1030 440 142 240 
1 9 439 194 632 241 1029 440 140 237 
1 9 439 194 632 242 1025 438 142 237 
1 9 439 194 632 243 1023 438 142 237 
1 9 439 194 632 244 1022 439 140 234 
1 9 439 194 632 245 1018 437 142 234 
1 9 439 194 632 246 1017 437 138 232 
1 9 439 194 632 247 1015 434 140 235 
1 9 439 194 632 248 1012 435 138 232 
1 9 439 194 632 249 1010 435 138 229 
1 9 439 194 632 250 1008 433 138 232 
1 9 439 194 632 251 1005 433 138 229 
1 9 439 194 632 252 1003 432 138 229 
1 9 439 194 632 253 1002 433 136 226 
1 9 439 194 632 254 997 433 140 226 
1 9 439 194 632 255 997 431 134 226 
1 9 439 194 632 256 995 431 134 223 
1 9 439 194 632 257 993 431 136 223 
1 9 439 194 632 258 992 429 132 223 
1 9 439 194 632 259 991 430 130 222 
1 9 439 194 632 260 989 427 132 225 
1 9 439 194 632 261 987 428 132 222 
1 9 439 194 632 262 985 428 132 222 
1 9 439 194 632 263 983 427 132 220 
1 9 439 194 632 264 982 427 130 220 
1 9 439 194 632 265 980 427 132 217 
1 9 439 194 632 266 978 425 132 220 
1 9 439 194 632 267 976 425 132 219 
1 9 439 194 632 268 975 423 130 222 
1 9 439 194 632 269 973 423 132 219 
1 9 439 194 632 270 971 423 132 219 
1 9 439 194 632 271 969 421 132 219 
1 9 439 194 632 272 970 421 128 219 
1 9 439 194 632 273 968 422 128 216 
1 9 439 194 632 274 967 419 128 219 
1 9 439 194 632 275 965 420 128 216 
1 9 439 194 632 276 963 418 128 217 
1 9 439 194 632 277 961 419 128 216 
1 9 439 194 632 278 960 419 128 216 
1 9 439 194 632 279 959 417 124 216 
1 9 439 194 632 280 957 417 124 216 
1 9 439 194 632 281 955 417 124 213 
1 9 439 194 632 282 952 415 126 216 
1 9 439 194 632 283 952 415 124 213 
1 9 439 194 632 284 950 413 124 216 
1 9 439 194 632 285 948 413 124 214 
1 9 439 194 632 286 948 413 122 214 
1 9 439 194 632 287 946 412 122 213 
1 9 439 194 632 288 946 412 120 213 
1 9 439 194 632 289 944 413 120 210 
1 9 439 194 632 290 942 410 120 213 
1 9 439 194 632 291 939 411 122 210 
1 9 439 194 632 292 937 408 122 213 
1 9 439 194 632 293 937 409 120 210 
1 9 439 194 632 294 935 409 120 210 
1 9 439 194 632 295 932 406 122 211 
1 9 439 194 632 296 930 406 122 211 
1 9 439 194 632 297 930 407 120 208 
1 9 439 194 632 298 928 404 120 211 
1 9 439 194 632 299 926 405 120 208 
1 9 439 194 632 300 926 405 118 208 
1 9 439 194 632 301 924 404 118 207 
1 9 439 194 632 302 922 404 118 207 
1 9 439 194 632 303 922 404 116 205 
1 9 439 194 632 304 919 402 118 208 
1 9 439 194 632 305 917 402 118 205 
1 9 439 194 632 306 918 402 114 205 
1 9 439 194 632 307 916 400 114 205 
1 9 439 194 632 308 916 400 112 205 
1 9 439 194 632 309 913 400 116 205 
1 9 439 194 632 310 910 398 118 205 
1 9 439 194 632 311 908 398 118 205 
1 9 439 194 632 312 909 399 114 202 
1 9 439 194 632 313 907 398 114 204 
1 9 439 194 632 314 906 398 114 202 
1 9 439 194 632 315 904 398 114 202 
1 9 439 194 632 316 902 395 114 205 
1 9 439 194 632 317 900 396 114 202 
1 9 439 194 632 318 900 396 114 202 
1 9 439 194 632 319 900 394 112 202 
1 9 439 194 632 320 897 394 114 202 
1 9 439 194 632 321 895 394 114 199 
1 9 439 194 632 322 893 394 114 199 
1 9 439 194 632 323 891 392 114 202 
1 9 439 194 632 324 892 392 112 201 
1 9 439 194 632 325 891 392 110 201 
1 9 439 194 632 326 889 390 110 201 
1 9 439 194 632 327 886 390 114 201 
1 9 439 194 632 328 884 391 114 198 
1 9 439 194 632 329 884 389 112 199 
1 9 439 194 632 330 884 389 110 199 
1 9 439 194 632 331 882 390 110 196 
1 9 439 194 632 332 880 387 110 199 
1 9 439 194 632 333 878 388 110 196 
1 9 439 194 632 334 876 388 112 196 
1 9 439 194 632 335 875 386 110 198 
1 9 439 194 632 336 875 386 110 198 
1 9 439 194 632 337 873 386 110 198 
1 9 439 194 632 338 871 384 110 198 
1 9 439 194 632 339 869 384 110 198 
1 9 439 194 632 340 868 384 110 195 
1 9 439 194 632 341 866 383 110 196 
1 9 439 194 632 342 867 383 106 193 
1 9 439 194 632 343 865 383 106 193 
1 9 439 194 632 344 862 383 110 193 
1 9 439 194 632 345 860 381 112 195 
1 9 439 194 632 346 859 381 110 195 
1 9 439 194 632 347 857 382 110 192 
1 9 439 194 632 348 858 379 106 195 
1 9 439 194 632 349 856 380 106 192 
1 9 439 194 632 350 854 380 108 192 
1 9 439 194 632 351 853 378 106 192 
1 9 439 194 632 352 851 378 106 192 
1 9 439 194 632 353 848 378 110 192 
1 9 439 194 632 354 849 376 106 192 
1 9 439 194 632 355 847 376 108 192 
1 9 439 194 632 356 845 376 108 190 
1 9 439 194 632 357 844 375 106 192 
1 9 439 194 632 358 842 375 106 189 
1 9 439 194 632 359 840 375 106 189 
1 9 439 194 632 360 841 373 104 192 
1 9 439 194 632 361 839 373 104 189 
1 9 439 194 632 362 837 373 106 189 
1 9 439 194 632 363 835 371 106 189 
1 9 439 194 632 364 833 371 106 189 
1 9 439 194 632 365 831 371 108 187 
1 9 439 194 632 366 832 371 104 187 
1 9 439 194 632 367 830 369 104 190 
1 9 439 194 632 368 829 369 102 187 
1 9 439 194 632 369 827 369 102 187 
1 9 439 194 632 370 825 369 104 186 
1 9 439 194 632 371 822 369 108 186 
1 9 439 194 632 372 823 369 104 183 
1 9 439 194 632 373 822 367 102 186 
1 9 439 194 632 374 820 367 102 186 
1 9 439 194 632 375 818 367 104 183 
1 9 439 194 632 376 816 365 104 186 
1 9 439 194 632 377 814 365 104 184 
1 9 439 194 632 378 815 365 100 184 
1 9 439 194 632 379 814 363 98 184 
1 9 439 194 632 380 811 363 102 184 
1 9 439 194 632 381 809 363 104 184 
1 9 439 194 632 382 807 361 104 184 
1 9 439 194 632 383 806 361 102 184 
1 9 439 194 632 384 807 361 98 181 
1 9 439 194 632 385 805 360 100 183 
1 9 439 194 632 386 803 360 100 181 
1 9 439 194 632 387 801 360 100 181 
1 9 439 194 632 388 798 360 104 181 
1 9 439 194 632 389 797 358 102 181 
1 9 439 194 632 390 798 358 98 181 
1 9 439 194 632 391 796 359 100 178 
1 9 439 194 632 392 794 356 100 181 
1 9 439 194 632 393 792 357 100 178 
1 9 439 194 632 394 791 357 98 178 
1 9 439 194 632 395 789 355 100 178 
1 9 439 194 632 396 790 355 96 178 
1 9 439 194 632 397 787 355 100 178 
1 9 439 194 632 398 785 354 100 178 
1 9 439 194 632 399 783 354 100 178 
1 9 439 194 632 400 782 354 98 175 
1 9 439 194 632 401 780 352 100 178 
1 9 439 194 632 402 781 352 96 175 
1 9 439 194 632 403 779 352 96 175 
1 9 439 194 632 404 777 350 96 178 
1 9 439 194 632 405 776 350 96 175 
1 9 439 194 632 406 773 350 100 175 
1 9 439 194 632 407 771 348 100 177 
1 9 439 194 632 408 772 348 96 177 
1 9 439 194 632 409 770 349 96 174 
1 9 439 194 632 410 768 349 96 174 
1 9 439 194 632 411 767 346 96 177 
1 9 439 194 632 412 765 347 96 174 
1 9 439 194 632 413 763 347 96 174 
1 9 439 194 632 414 764 346 92 172 
1 9 439 194 632 415 761 346 96 172 
1 9 439 194 632 416 760 346 96 169 
1 9 439 194 632 417 758 344 96 172 
1 9 439 194 632 418 756 344 96 172 
1 9 439 194 632 419 754 344 96 171 
1 9 439 194 632 420 755 342 92 174 
1 9 439 194 632 421 752 342 94 171 
1 9 439 194 632 422 752 342 92 171 
1 9 439 194 632 423 750 340 92 171 
1 9 439 194 632 424 747 340 96 171 
1 9 439 194 632 425 745 340 96 171 
1 9 439 194 632 426 745 339 94 169 
1 9 439 194 632 427 745 339 92 169 
1 9 439 194 632 428 743 340 92 168 
1 9 439 194 632 429 741 337 92 171 
1 9 439 194 632 430 739 338 92 168 
1 9 439 194 632 431 736 338 94 168 
1 9 439 194 632 432 736 338 94 168 
1 9 439 194 632 433 736 336 92 168 
1 9 439 194 632 434 734 336 92 168 
1 9 439 194 632 435 734 336 92 168 
1 9 439 194 632 436 732 336 92 165 
1 9 439 194 632 437 732 334 90 168 
1 9 439 194 632 438 729 334 94 168 
1 9 439 194 632 439 730 334 90 165 
1 9 439 194 632 440 729 334 92 165 
1 9 439 194 632 441 730 334 88 165 
1 9 439 194 632 442 728 332 88 168 
1 9 439 194 632 443 728 332 88 166 
1 9 439 194 632 444 726 332 88 166 
1 9 439 194 632 445 726 332 88 166 
1 9 439 194 632 446 723 332 90 163 
1 9 439 194 632 447 724 331 86 165 
1 9 439 194 632 448 721 331 90 165 
1 9 439 194 632 449 722 331 86 165 
1 9 439 194 632 450 722 332 84 162 
1 9 439 194 632 451 722 332 84 162 
1 9 439 194 632 452 719 329 86 165 
1 9 439 194 632 453 719 330 86 162 
1 9 439 194 632 454 717 330 86 162 
1 9 439 194 632 455 718 330 82 162 
1 9 439 194 632 456 715 327 86 165 
1 9 439 194 632 457 716 327 82 163 
1 9 439 194 632 458 715 327 84 163 
1 9 439 194 632 459 716 327 80 163 
1 9 439 194 632 460 713 328 82 160 
1 9 439 194 632 461 713 325 82 163 
1 9 439 194 632 462 711 325 82 163 
1 9 439 194 632 463 711 325 82 163 
1 9 439 194 632 464 709 326 82 160 
1 9 439 194 632 465 707 326 82 160 
1 9 439 194 632 466 707 325 82 162 
1 9 439 194 632 467 706 325 82 159 
1 9 439 194 632 468 707 325 78 159 
1 9 439 194 632 469 704 325 82 159 
1 9 439 194 632 470 705 326 78 156 
1 9 439 194 632 471 702 323 82 159 
1 9 439 194 632 472 703 323 78 159 
1 9 439 194 632 473 701 323 78 159 
1 9 439 194 632 474 701 323 78 157 
1 9 439 194 632 475 700 321 78 160 
1 9 439 194 632 476 700 321 78 160 
1 9 439 194 632 477 698 321 78 157 
1 9 439 194 632 478 699 321 74 157 
1 9 439 194 632 479 696 321 78 157 
1 9 439 194 632 480 697 319 74 160 
1 9 439 194 632 481 695 319 76 157 
1 9 439 194 632 482 695 319 76 157 
1 9 439 194 632 483 693 319 76 157 
1 9 439 194 632 484 693 320 76 154 
1 9 439 194 632 485 692 317 74 157 
1 9 439 194 632 486 693 317 70 157 
1 9 439 194 632 487 690 317 74 157 
1 9 439 194 632 488 691 318 70 156 
1 9 439 194 632 489 688 318 74 156 
1 9 439 194 632 490 689 316 72 157 
1 9 439 194 632 491 687 317 72 154 
1 9 439 194 632 492 687 317 72 154 
1 9 439 194 632 493 686 317 70 154 
1 9 439 194 632 494 686 317 70 154 
1 9 439 194 632 495 684 315 70 154 
1 9 439 194 632 496 682 315 72 154 
1 9 439 194 632 497 682 315 72 154 
1 9 439 194 632 498 680 315 72 151 
1 9 439 194 632 499 678 315 72 151 
1 9 439 194 632 500 678 315 72 151 
1 9 439 194 632 501 677 313 70 154 
1 9 439 194 632 502 674 313 74 151 
1 9 439 194 632 503 675 313 70 151 
1 9 439 194 632 504 673 313 72 151 
1 9 439 194 632 505 670 313 76 151 
1 9 439 194 632 506 671 314 72 150 
1 9 439 194 632 507 669 311 74 153 
1 9 439 194 632 508 667 311 74 153 
1 9 439 194 632 509 668 311 70 153 
1 9 439 194 632 510 665 312 74 150 
1 9 439 194 632 511 663 312 76 150 
1 9 439 194 632 512 663 312 76 150 
1 9 439 194 632 513 661 312 76 150 
1 9 439 194 632 514 660 311 74 148 
1 9 439 194 632 515 660 311 74 148 
1 9 439 194 632 516 658 311 74 148 
1 9 439 194 632 517 655 311 78 148 
1 9 439 194 632 518 656 311 74 145 
1 9 439 194 632 519 654 311 76 145 
1 9 439 194 632 520 652 309 78 148 
1 9 439 194 632 521 653 309 74 148 
1 9 439 194 632 522 651 309 74 147 
1 9 439 194 632 523 648 309 78 147 
1 9 439 194 632 524 649 309 74 147 
1 9 439 194 632 525 646 309 78 147 
1 9 439 194 632 526 644 307 80 147 
1 9 439 194 632 527 645 307 76 147 
1 9 439 194 632 528 643 307 78 147 
1 9 439 194 632 529 641 307 78 147 
1 9 439 194 632 530 641 308 78 144 
1 9 439 194 632 531 639 308 78 144 
1 9 439 194 632 532 637 308 78 144 
1 9 439 194 632 533 637 305 78 147 
1 9 439 194 632 534 636 306 78 144 
1 9 439 194 632 535 633 306 82 144 
1 9 439 194 632 536 634 306 78 144 
1 9 439 194 632 537 632 306 78 144 
1 9 439 194 632 538 629 306 82 141 
1 9 439 194 632 539 630 304 78 144 
1 9 439 194 632 540 627 304 82 144 
1 9 439 194 632 541 626 304 82 144 
1 9 439 194 632 542 627 304 78 142 
1 9 439 194 632 543 624 304 82 142 
1 9 439 194 632 544 622 304 82 142 
1 9 439 194 632 545 622 304 82 142 
1 9 439 194 632 546 620 303 82 141 
1 9 439 194 632 547 620 303 80 141 
1 9 439 194 632 548 620 303 80 141 
1 9 439 194 632 549 617 303 82 141 
1 9 439 194 632 550 617 303 82 141 
1 9 439 194 632 551 615 304 82 138 
1 9 439 194 632 552 616 304 78 138 
1 9 439 194 632 553 613 301 82 141 
1 9 439 194 632 554 614 301 78 141 
1 9 439 194 632 555 611 301 82 141 
1 9 439 194 632 556 612 302 80 138 
1 9 439 194 632 557 610 302 82 138 
1 9 439 194 632 558 611 302 78 138 
1 9 439 194 632 559 609 302 78 138 
1 9 439 194 632 560 609 302 78 138 
1 9 439 194 632 561 607 299 78 139 
1 9 439 194 632 562 607 299 78 139 
1 9 439 194 632 563 605 299 78 139 
1 9 439 194 632 564 604 299 78 139 
1 9 439 194 632 565 604 299 78 139 
1 9 439 194 632 566 602 300 78 136 
1 9 439 194 632 567 602 300 78 136 
1 9 439 194 632 568 600 300 78 136 
1 9 439 194 632 569 600 297 78 139 
1 9 439 194 632 570 598 297 78 139 
1 9 439 194 632 571 599 298 76 136 
1 9 439 194 632 572 596 298 80 136 
1 9 439 194 632 573 597 298 76 136 
1 9 439 194 632 574 595 298 78 136 
1 9 439 194 632 575 596 298 74 136 
1 9 439 194 632 576 594 298 74 133 
1 9 439 194 632 577 594 297 74 135 
1 9 439 194 632 578 592 297 74 135 
1 9 439 194 632 579 592 297 74 135 
1 9 439 194 632 580 590 297 76 135 
1 9 439 194 632 581 590 298 76 132 
1 9 439 194 632 582 589 298 74 132 
1 9 439 194 632 583 587 298 74 132 
1 9 439 194 632 584 587 298 74 132 
1 9 439 194 632 585 585 295 74 135 
1 9 439 194 632 586 585 295 74 133 
1 9 439 194 632 587 583 295 76 133 
1 9 439 194 632 588 584 295 72 133 
1 9 439 194 632 589 581 295 76 133 
1 9 439 194 632 590 582 295 72 133 
1 9 439 194 632 591 580 296 74 130 
1 9 439 194 632 592 581 296 70 130 
1 9 439 194 632 593 578 293 74 133 
1 9 439 194 632 594 579 293 70 133 
1 9 439 194 632 595 577 293 72 133 
1 9 439 194 632 596 577 294 72 130 
1 9 439 194 632 597 575 294 72 130 
1 9 439 194 632 598 575 294 72 130 
1 9 439 194 632 599 574 294 70 130 
1 9 439 194 632 600 574 294 70 130 
1 9 439 194 632 601 572 292 70 130 
1 9 439 194 632 602 573 292 68 130 
1 9 439 194 632 603 570 292 72 130 
1 9 439 194 632 604 571 292 68 130 
1 9 439 194 632 605 568 292 72 130 
1 9 439 194 632 606 569 289 68 133 
1 9 439 194 632 607 566 289 72 133 
1 9 439 194 632 608 567 289 68 133 
1 9 439 194 632 609 567 289 68 133 
1 9 439 194 632 610 566 289 66 133 
1 9 439 194 632 611 566 288 66 133 
1 9 439 194 632 612 564 288 68 133 
1 9 439 194 632 613 564 288 68 133 
1 9 439 194 632 614 562 288 68 133 
1 9 439 194 632 615 562 288 68 133 
1 9 439 194 632 616 563 288 64 133 
1 9 439 194 632 617 561 286 64 136 
1 9 439 194 632 618 561 286 64 136 
1 9 439 194 632 619 560 286 64 136 
1 9 439 194 632 620 560 286 64 136 
1 9 439 194 632 621 558 286 64 136 
1 9 439 194 632 622 558 284 64 136 
1 9 439 194 632 623 556 284 64 136 
1 9 439 194 632 624 556 284 64 136 
1 9 439 194 632 625 557 284 60 136 
1 9 439 194 632 626 554 284 64 136 
1 9 439 194 632 627 555 281 60 139 
1 9 439 194 632 628 552 281 64 139 
1 9 439 194 632 629 552 281 62 139 
1 9 439 194 632 630 551 281 64 139 
1 9 439 194 632 631 552 281 60 139 
1 9 439 194 632 632 552 281 60 139 
2 9 70 563 632 563 1164 530 114 188 
2 9 70 563 632 564 1157 529 122 189 
2 9 70 563 632 565 1151 526 128 192 
2 9 70 563 632 566 1147 524 131 194 
2 9 70 563 632 567 1141 521 137 197 
2 9 70 563 632 568 1137 520 142 198 
2 9 70 563 632 569 1130 515 148 203 
2 9 70 563 632 570 1127 513 151 206 
2 9 70 563 632 571 1123 510 155 208 
2 9 70 563 632 572 1121 509 158 209 
2 9 70 563 632 573 1116 506 162 212 
2 9 70 563 632 574 1111 504 167 214 
2 9 70 563 632 575 1107 501 171 217 
2 9 70 563 632 576 1105 500 174 218 
2 9 70 563 632 577 1100 498 178 221 
2 9 70 563 632 578 1098 495 180 223 
2 9 70 563 632 579 1091 493 182 225 
2 9 70 563 632 580 1089 491 180 228 
2 9 70 563 632 581 1084 489 182 229 
2 9 70 563 632 582 1082 487 178 231 
2 9 70 563 632 583 1078 484 178 234 
2 9 70 563 632 584 1076 482 176 236 
2 9 70 563 632 585 1072 481 174 238 
2 9 70 563 632 586 1068 478 176 240 
2 9 70 563 632 587 1065 476 174 243 
2 9 70 563 632 588 1062 473 172 245 
2 9 70 563 632 589 1059 471 170 248 
2 9 70 563 632 590 1052 469 176 249 
2 9 70 563 632 591 1050 467 170 251 
2 9 70 563 632 592 1046 464 172 254 
2 9 70 563 632 593 1043 462 170 256 
2 9 70 563 632 594 1040 461 168 258 
2 9 70 563 632 595 1037 458 166 260 
2 9 70 563 632 596 1033 456 168 263 
2 9 70 563 632 597 1031 453 162 265 
2 9 70 563 632 598 1027 451 164 268 
2 9 70 563 632 599 1023 449 164 269 
2 9 70 563 632 600 1020 447 164 271 
2 9 70 563 632 601 1016 445 164 273 
2 9 70 563 632 602 1015 443 162 275 
2 9 70 563 632 603 1011 442 164 277 
2 9 70 563 632 604 1009 442 164 276 
2 9 70 563 632 605 1008 440 160 278 
2 9 70 563 632 606 1004 437 164 281 
2 9 70 563 632 607 1003 435 160 283 
2 9 70 563 632 608 1001 436 160 282 
2 9 70 563 632 609 997 433 164 285 
2 9 70 563 632 610 996 432 160 286 
2 9 70 563 632 611 991 430 164 288 
2 9 70 563 632 612 991 430 160 288 
2 9 70 563 632 613 989 428 160 290 
2 9 70 563 632 614 985 426 160 292 
2 9 70 563 632 615 984 425 160 293 
2 9 70 563 632 616 982 426 160 293 
2 9 70 563 632 617 978 423 160 295 
2 9 70 563 632 618 976 421 160 297 
2 9 70 563 632 619 973 419 160 299 
2 9 70 563 632 620 971 419 160 299 
2 9 70 563 632 621 969 417 158 301 
2 9 70 563 632 622 966 416 160 302 
2 9 70 563 632 623 965 414 156 304 
2 9 70 563 632 624 963 414 156 304 
2 9 70 563 632 625 959 412 160 306 
2 9 70 563 632 626 958 410 156 308 
2 9 70 563 632 627 953 409 160 310 
2 9 70 563 632 628 953 409 156 309 
2 9 70 563 632 629 951 407 156 311 
2 9 70 563 632 630 947 405 156 314 
2 9 70 563 632 631 944 402 158 316 
2 9 70 563 632 632 944 402 156 316 
4 11 75 412 486 412 283 220 70 58 
4 11 75 412 486 413 283 220 70 58 
4 11 75 412 486 414 283 220 70 58 
4 11 75 412 486 415 283 220 70 58 
4 11 75 412 486 416 283 220 70 58 
4 11 75 412 486 417 283 220 70 58 
4 11 75 412 486 418 283 220 70 58 
4 11 75 412 486 419 283 220 70 58 
4 11 75 412 486 420 283 220 70 58 
4 11 75 412 486 421 283 220 70 58 
4 11 75 412 486 422 283 220 70 58 
4 11 75 412 486 423 283 220 70 58 
4 11 75 412 486 424 283 220 70 58 
4 11 75 412 486 425 283 220 70 58 
4 11 75 412 486 426 283 220 70 58 
4 11 75 412 486 427 283 220 70 58 
4 11 75 412 486 428 283 220 70 58 
4 11 75 412 486 429 283 220 70 58 
4 11 75 412 486 430 283 220 70 58 
4 11 75 412 486 431 283 220 70 58 
4 11 75 412 486 432 283 220 70 58 
4 11 75 412 486 433 283 220 70 58 
4 11 75 412 486 434 283 220 70 58 
4 11 75 412 486 435 283 220 70 58 
4 11 75 412 486 436 283 220 70 58 
4 11 75 412 486 437 283 220 70 58 
4 11 75 412 486 438 283 220 70 58 
4 11 75 412 486 439 283 220 70 58 
4 11 75 412 486 440 283 220 70 58 
4 11 75 412 486 441 283 220 70 58 
4 11 75 412 486 442 283 220 70 58 
4 11 75 412 486 443 283 220 70 58 
4 11 75 412 486 444 283 220 70 58 
4 11 75 412 486 445 283 220 70 58 
4 11 75 412 486 446 283 220 70 58 
4 11 75 412 486 447 283 220 70 58 
4 11 75 412 486 448 283 220 70 58 
4 11 75 412 486 449 283 220 70 58 
4 11 75 412 486 450 283 220 70 58 
4 11 75 412 486 451 283 220 70 58 
4 11 75 412 486 452 283 220 70 58 
4 11 75 412 486 453 283 220 70 58 
4 11 75 412 486 454 283 220 70 58 
4 11 75 412 486 455 283 220 70 58 
4 11 75 412 486 456 283 220 70 58 
4 11 75 412 486 457 283 220 70 58 
4 11 75 412 486 458 283 220 70 58 
4 11 75 412 486 459 283 220 70 58 
4 11 75 412 486 460 283 220 70 58 
4 11 75 412 486 461 283 220 70 58 
4 11 75 412 486 462 283 220 70 58 
4 11 75 412 486 463 283 220 70 58 
4 11 75 412 486 464 283 220 70 58 
4 11 75 412 486 465 283 220 70 58 
4 11 75 412 486 466 283 220 70 58 
4 11 75 412 486 467 283 220 70 58 
4 11 75 412 486 468 283 220 70 58 
4 11 75 412 486 469 283 220 70 58 
4 11 75 412 486 470 283 220 70 58 
4 11 75 412 486 471 283 220 70 58 
4 11 75 412 486 472 283 220 70 58 
4 11 75 412 486 473 283 220 70 58 
4 11 75 412 486 474 283 220 70 58 
4 11 75 412 486 475 283 220 70 58 
4 11 75 412 486 476 283 220 70 58 
4 11 75 412 486 477 283 220 70 58 
4 11 75 412 486 478 283 220 70 58 
4 11 75 412 486 479 283 220 70 58 
4 11 75 412 486 480 283 220 70 58 
4 11 75 412 486 481 283 220 70 58 
4 11 75 412 486 482 283 220 70 58 
4 11 75 412 486 483 283 220 70 58 
4 11 75 412 486 484 283 220 70 58 
4 11 75 412 486 485 283 220 70 58 
4 11 75 412 486 486 283 220 70 58 
