0 12 72 263 334 263 236 222 70 60 
0 12 72 263 334 264 236 222 70 60 
0 12 72 263 334 265 236 222 70 60 
0 12 72 263 334 266 236 222 70 60 
0 12 72 263 334 267 236 222 70 60 
0 12 72 263 334 268 236 222 70 60 
0 12 72 263 334 269 236 222 70 60 
0 12 72 263 334 270 236 222 70 60 
0 12 72 263 334 271 236 222 70 60 
0 12 72 263 334 272 236 222 70 60 
0 12 72 263 334 273 236 222 70 60 
0 12 72 263 334 274 236 222 70 60 
0 12 72 263 334 275 236 222 70 60 
0 12 72 263 334 276 236 222 70 60 
0 12 72 263 334 277 236 222 70 60 
0 12 72 263 334 278 236 222 70 60 
0 12 72 263 334 279 236 222 70 60 
0 12 72 263 334 280 236 222 70 60 
0 12 72 263 334 281 236 222 70 60 
0 12 72 263 334 282 236 222 70 60 
0 12 72 263 334 283 236 222 70 60 
0 12 72 263 334 284 236 222 70 60 
0 12 72 263 334 285 236 222 70 60 
0 12 72 263 334 286 236 222 70 60 
0 12 72 263 334 287 236 222 70 60 
0 12 72 263 334 288 236 222 70 60 
0 12 72 263 334 289 236 222 70 60 
0 12 72 263 334 290 236 222 70 60 
0 12 72 263 334 291 236 222 70 60 
0 12 72 263 334 292 236 222 70 60 
0 12 72 263 334 293 236 222 70 60 
0 12 72 263 334 294 236 222 70 60 
0 12 72 263 334 295 236 222 70 60 
0 12 72 263 334 296 236 222 70 60 
0 12 72 263 334 297 236 222 70 60 
0 12 72 263 334 298 236 222 70 60 
0 12 72 263 334 299 236 222 70 60 
0 12 72 263 334 300 236 222 70 60 
0 12 72 263 334 301 236 222 70 60 
0 12 72 263 334 302 236 222 70 60 
0 12 72 263 334 303 236 222 70 60 
0 12 72 263 334 304 236 222 70 60 
0 12 72 263 334 305 236 222 70 60 
0 12 72 263 334 306 236 222 70 60 
0 12 72 263 334 307 236 222 70 60 
0 12 72 263 334 308 236 222 70 60 
0 12 72 263 334 309 236 222 70 60 
0 12 72 263 334 310 236 222 70 60 
0 12 72 263 334 311 236 222 70 60 
0 12 72 263 334 312 236 222 70 60 
0 12 72 263 334 313 236 222 70 60 
0 12 72 263 334 314 236 222 70 60 
0 12 72 263 334 315 236 222 70 60 
0 12 72 263 334 316 236 222 70 60 
0 12 72 263 334 317 236 222 70 60 
0 12 72 263 334 318 236 222 70 60 
0 12 72 263 334 319 236 222 70 60 
0 12 72 263 334 320 236 222 70 60 
0 12 72 263 334 321 236 222 70 60 
0 12 72 263 334 322 236 222 70 60 
0 12 72 263 334 323 236 222 70 60 
0 12 72 263 334 324 236 222 70 60 
0 12 72 263 334 325 236 222 70 60 
0 12 72 263 334 326 236 222 70 60 
0 12 72 263 334 327 236 222 70 60 
0 12 72 263 334 328 236 222 70 60 
0 12 72 263 334 329 236 222 70 60 
0 12 72 263 334 330 236 222 70 60 
0 12 72 263 334 331 236 222 70 60 
0 12 72 263 334 332 236 222 70 60 
0 12 72 263 334 333 236 222 70 60 
0 12 72 263 334 334 236 222 70 60 
1 9 389 56 444 56 114 268 40 67 
1 9 389 56 444 57 116 268 38 67 
1 9 389 56 444 58 119 268 40 67 
1 9 389 56 444 59 121 268 40 67 
1 9 389 56 444 60 125 268 38 67 
1 9 389 56 444 61 126 268 40 67 
1 9 389 56 444 62 130 268 40 67 
1 9 389 56 444 63 132 268 38 67 
1 9 389 56 444 64 134 268 38 67 
1 9 389 56 444 65 137 268 40 67 
1 9 389 56 444 66 139 268 38 67 
1 9 389 56 444 67 142 268 40 67 
1 9 389 56 444 68 144 268 40 67 
1 9 389 56 444 69 148 268 38 67 
1 9 389 56 444 70 150 268 38 67 
1 9 389 56 444 71 153 270 40 67 
1 9 389 56 444 72 155 268 38 70 
1 9 389 56 444 73 157 268 38 70 
1 9 389 56 444 74 158 268 40 70 
1 9 389 56 444 75 162 268 40 70 
1 9 389 56 444 76 164 268 38 70 
1 9 389 56 444 77 166 268 38 70 
1 9 389 56 444 78 166 268 44 70 
1 9 389 56 444 79 171 268 38 72 
1 9 389 56 444 80 173 268 38 72 
1 9 389 56 444 81 174 268 40 72 
1 9 389 56 444 82 175 268 44 72 
1 9 389 56 444 83 180 268 38 72 
1 9 389 56 444 84 182 268 38 72 
1 9 389 56 444 85 182 268 44 72 
1 9 389 56 444 86 184 266 42 76 
1 9 389 56 444 87 189 266 38 76 
1 9 389 56 444 88 189 266 44 76 
1 9 389 56 444 89 191 266 44 76 
1 9 389 56 444 90 193 266 42 76 
1 9 389 56 444 91 198 266 38 76 
1 9 389 56 444 92 198 266 44 76 
1 9 389 56 444 93 200 265 42 79 
1 9 389 56 444 94 202 265 42 79 
1 9 389 56 444 95 205 265 44 79 
1 9 389 56 444 96 207 265 44 79 
1 9 389 56 444 97 209 265 42 79 
1 9 389 56 444 98 211 265 42 79 
1 9 389 56 444 99 214 265 44 79 
1 9 389 56 444 100 216 265 42 79 
1 9 389 56 444 101 218 262 42 85 
1 9 389 56 444 102 219 262 46 85 
1 9 389 56 444 103 223 262 44 85 
1 9 389 56 444 104 225 262 42 85 
1 9 389 56 444 105 226 262 46 85 
1 9 389 56 444 106 228 262 46 85 
1 9 389 56 444 107 232 262 42 85 
1 9 389 56 444 108 234 262 42 88 
1 9 389 56 444 109 235 262 46 88 
1 9 389 56 444 110 236 262 48 88 
1 9 389 56 444 111 241 262 42 88 
1 9 389 56 444 112 242 262 46 88 
1 9 389 56 444 113 244 262 46 88 
1 9 389 56 444 114 245 262 46 88 
1 9 389 56 444 115 249 262 46 90 
1 9 389 56 444 116 249 259 46 91 
1 9 389 56 444 117 251 259 46 91 
1 9 389 56 444 118 252 259 48 91 
1 9 389 56 444 119 254 259 46 91 
1 9 389 56 444 120 256 259 46 91 
1 9 389 56 444 121 258 259 46 91 
1 9 389 56 444 122 260 259 46 91 
1 9 389 56 444 123 261 259 46 91 
1 9 389 56 444 124 263 259 46 91 
1 9 389 56 444 125 263 259 46 91 
1 9 389 56 444 126 265 259 46 91 
1 9 389 56 444 127 267 259 46 91 
1 9 389 56 444 128 268 259 48 91 
1 9 389 56 444 129 270 259 46 91 
1 9 389 56 444 130 272 259 46 91 
1 9 389 56 444 131 274 259 46 91 
1 9 389 56 444 132 276 259 46 91 
1 9 389 56 444 133 277 259 46 91 
1 9 389 56 444 134 279 259 46 91 
1 9 389 56 444 135 279 257 46 91 
1 9 389 56 444 136 281 257 46 91 
1 9 389 56 444 137 281 257 46 91 
1 9 389 56 444 138 283 257 46 91 
1 9 389 56 444 139 283 257 46 90 
1 9 389 56 444 140 284 257 48 90 
1 9 389 56 444 141 284 257 48 90 
1 9 389 56 444 142 286 257 46 90 
1 9 389 56 444 143 288 257 46 90 
1 9 389 56 444 144 286 255 46 90 
1 9 389 56 444 145 286 255 46 90 
1 9 389 56 444 146 286 255 46 90 
1 9 389 56 444 147 286 255 46 90 
1 9 389 56 444 148 286 255 46 90 
1 9 389 56 444 149 286 255 46 90 
1 9 389 56 444 150 286 255 46 90 
1 9 389 56 444 151 286 255 46 90 
1 9 389 56 444 152 286 255 46 90 
1 9 389 56 444 153 286 255 46 90 
1 9 389 56 444 154 286 253 46 90 
1 9 389 56 444 155 286 253 46 90 
1 9 389 56 444 156 286 253 46 90 
1 9 389 56 444 157 286 253 46 90 
1 9 389 56 444 158 286 253 46 90 
1 9 389 56 444 159 286 253 46 90 
1 9 389 56 444 160 286 253 46 90 
1 9 389 56 444 161 286 253 46 90 
1 9 389 56 444 162 286 253 46 90 
1 9 389 56 444 163 286 253 46 90 
1 9 389 56 444 164 286 250 46 91 
1 9 389 56 444 165 286 250 46 91 
1 9 389 56 444 166 286 250 46 91 
1 9 389 56 444 167 286 250 46 91 
1 9 389 56 444 168 286 250 46 91 
1 9 389 56 444 169 284 250 48 91 
1 9 389 56 444 170 284 250 48 91 
1 9 389 56 444 171 284 250 48 91 
1 9 389 56 444 172 284 250 48 91 
1 9 389 56 444 173 284 250 48 91 
1 9 389 56 444 174 284 248 48 91 
1 9 389 56 444 175 284 248 48 91 
1 9 389 56 444 176 284 248 48 91 
1 9 389 56 444 177 284 248 48 91 
1 9 389 56 444 178 284 248 48 91 
1 9 389 56 444 179 284 248 48 91 
1 9 389 56 444 180 284 248 48 91 
1 9 389 56 444 181 284 248 48 91 
1 9 389 56 444 182 284 248 48 91 
1 9 389 56 444 183 284 248 48 91 
1 9 389 56 444 184 284 248 48 90 
1 9 389 56 444 185 284 248 48 90 
1 9 389 56 444 186 284 248 48 90 
1 9 389 56 444 187 284 248 48 90 
1 9 389 56 444 188 284 248 48 90 
1 9 389 56 444 189 284 248 48 90 
1 9 389 56 444 190 284 248 48 90 
1 9 389 56 444 191 284 248 48 90 
1 9 389 56 444 192 284 248 48 90 
1 9 389 56 444 193 284 248 48 90 
1 9 389 56 444 194 284 248 48 90 
1 9 389 56 444 195 284 246 48 90 
1 9 389 56 444 196 284 246 48 90 
1 9 389 56 444 197 284 246 48 90 
1 9 389 56 444 198 284 246 48 90 
1 9 389 56 444 199 284 246 48 88 
1 9 389 56 444 200 284 246 48 88 
1 9 389 56 444 201 284 246 48 88 
1 9 389 56 444 202 284 246 48 88 
1 9 389 56 444 203 284 246 48 85 
1 9 389 56 444 204 284 246 48 85 
1 9 389 56 444 205 284 246 48 85 
1 9 389 56 444 206 284 246 48 85 
1 9 389 56 444 207 284 247 48 82 
1 9 389 56 444 208 284 247 48 82 
1 9 389 56 444 209 284 247 48 82 
1 9 389 56 444 210 284 247 48 82 
1 9 389 56 444 211 284 247 48 79 
1 9 389 56 444 212 284 247 48 79 
1 9 389 56 444 213 284 247 48 79 
1 9 389 56 444 214 284 247 48 79 
1 9 389 56 444 215 284 247 48 79 
1 9 389 56 444 216 283 245 46 79 
1 9 389 56 444 217 283 245 46 79 
1 9 389 56 444 218 283 245 46 79 
1 9 389 56 444 219 283 245 46 79 
1 9 389 56 444 220 283 245 46 79 
1 9 389 56 444 221 283 245 46 79 
1 9 389 56 444 222 283 245 46 79 
1 9 389 56 444 223 283 245 46 79 
1 9 389 56 444 224 283 245 46 79 
1 9 389 56 444 225 283 245 46 79 
1 9 389 56 444 226 281 245 46 79 
1 9 389 56 444 227 281 245 46 79 
1 9 389 56 444 228 281 245 46 79 
1 9 389 56 444 229 281 245 46 79 
1 9 389 56 444 230 281 245 46 79 
1 9 389 56 444 231 281 245 46 79 
1 9 389 56 444 232 281 245 46 79 
1 9 389 56 444 233 281 245 46 79 
1 9 389 56 444 234 281 245 46 79 
1 9 389 56 444 235 281 245 46 79 
1 9 389 56 444 236 279 243 46 81 
1 9 389 56 444 237 279 243 46 81 
1 9 389 56 444 238 279 243 46 81 
1 9 389 56 444 239 279 243 46 81 
1 9 389 56 444 240 279 243 46 81 
1 9 389 56 444 241 279 243 46 81 
1 9 389 56 444 242 279 243 46 81 
1 9 389 56 444 243 279 243 46 81 
1 9 389 56 444 244 279 243 46 81 
1 9 389 56 444 245 279 243 46 81 
1 9 389 56 444 246 277 243 46 81 
1 9 389 56 444 247 277 243 46 81 
1 9 389 56 444 248 277 243 46 81 
1 9 389 56 444 249 277 243 46 81 
1 9 389 56 444 250 277 243 46 81 
1 9 389 56 444 251 277 243 46 81 
1 9 389 56 444 252 277 243 46 81 
1 9 389 56 444 253 277 243 46 81 
1 9 389 56 444 254 277 243 46 81 
1 9 389 56 444 255 277 243 46 81 
1 9 389 56 444 256 276 242 46 79 
1 9 389 56 444 257 276 242 46 79 
1 9 389 56 444 258 276 242 46 79 
1 9 389 56 444 259 276 242 46 79 
1 9 389 56 444 260 276 242 46 79 
1 9 389 56 444 261 276 242 46 79 
1 9 389 56 444 262 276 242 46 79 
1 9 389 56 444 263 276 242 46 79 
1 9 389 56 444 264 276 242 46 79 
1 9 389 56 444 265 276 242 46 79 
1 9 389 56 444 266 274 242 46 79 
1 9 389 56 444 267 274 242 46 79 
1 9 389 56 444 268 274 242 46 79 
1 9 389 56 444 269 274 242 46 79 
1 9 389 56 444 270 274 242 46 79 
1 9 389 56 444 271 274 242 46 79 
1 9 389 56 444 272 274 242 46 79 
1 9 389 56 444 273 274 242 46 79 
1 9 389 56 444 274 274 242 46 79 
1 9 389 56 444 275 274 242 46 79 
1 9 389 56 444 276 274 242 46 79 
1 9 389 56 444 277 272 240 46 79 
1 9 389 56 444 278 272 240 46 79 
1 9 389 56 444 279 272 240 46 79 
1 9 389 56 444 280 272 240 46 79 
1 9 389 56 444 281 272 240 46 79 
1 9 389 56 444 282 272 240 46 79 
1 9 389 56 444 283 270 240 46 79 
1 9 389 56 444 284 270 240 46 79 
1 9 389 56 444 285 270 241 46 76 
1 9 389 56 444 286 270 241 46 76 
1 9 389 56 444 287 270 241 46 76 
1 9 389 56 444 288 270 241 46 76 
1 9 389 56 444 289 268 238 48 79 
1 9 389 56 444 290 268 238 48 79 
1 9 389 56 444 291 268 238 48 79 
1 9 389 56 444 292 268 238 48 79 
1 9 389 56 444 293 268 239 48 78 
1 9 389 56 444 294 268 239 48 78 
1 9 389 56 444 295 267 239 46 78 
1 9 389 56 444 296 267 239 46 78 
1 9 389 56 444 297 267 239 46 78 
1 9 389 56 444 298 267 239 46 78 
1 9 389 56 444 299 267 239 46 78 
1 9 389 56 444 300 267 239 46 78 
1 9 389 56 444 301 265 237 46 78 
1 9 389 56 444 302 265 237 46 78 
1 9 389 56 444 303 265 237 46 78 
1 9 389 56 444 304 265 237 46 78 
1 9 389 56 444 305 265 237 46 78 
1 9 389 56 444 306 263 237 46 78 
1 9 389 56 444 307 263 237 46 78 
1 9 389 56 444 308 263 237 46 78 
1 9 389 56 444 309 263 237 46 78 
1 9 389 56 444 310 263 237 46 78 
1 9 389 56 444 311 261 237 46 78 
1 9 389 56 444 312 261 237 46 78 
1 9 389 56 444 313 261 237 46 78 
1 9 389 56 444 314 261 237 46 75 
1 9 389 56 444 315 261 237 46 75 
1 9 389 56 444 316 261 237 46 75 
1 9 389 56 444 317 260 237 46 75 
1 9 389 56 444 318 260 237 46 75 
1 9 389 56 444 319 260 237 46 75 
1 9 389 56 444 320 260 237 46 75 
1 9 389 56 444 321 260 237 46 75 
1 9 389 56 444 322 258 237 46 75 
1 9 389 56 444 323 258 237 46 75 
1 9 389 56 444 324 258 237 46 75 
1 9 389 56 444 325 258 237 46 75 
1 9 389 56 444 326 258 237 46 75 
1 9 389 56 444 327 256 238 46 72 
1 9 389 56 444 328 256 238 46 72 
1 9 389 56 444 329 256 238 46 72 
1 9 389 56 444 330 256 238 46 72 
1 9 389 56 444 331 256 238 46 72 
1 9 389 56 444 332 256 238 46 72 
1 9 389 56 444 333 254 238 46 72 
1 9 389 56 444 334 254 238 46 72 
1 9 389 56 444 335 254 238 46 72 
1 9 389 56 444 336 254 238 46 72 
1 9 389 56 444 337 254 235 46 75 
1 9 389 56 444 338 252 235 48 75 
1 9 389 56 444 339 252 235 48 75 
1 9 389 56 444 340 252 236 48 72 
1 9 389 56 444 341 252 236 48 72 
1 9 389 56 444 342 252 236 48 72 
1 9 389 56 444 343 251 236 46 72 
1 9 389 56 444 344 251 236 46 72 
1 9 389 56 444 345 251 236 46 72 
1 9 389 56 444 346 251 236 46 72 
1 9 389 56 444 347 251 236 46 72 
1 9 389 56 444 348 251 236 46 72 
1 9 389 56 444 349 249 236 46 72 
1 9 389 56 444 350 249 236 46 72 
1 9 389 56 444 351 249 236 46 72 
1 9 389 56 444 352 249 236 46 72 
1 9 389 56 444 353 249 236 46 70 
1 9 389 56 444 354 247 236 46 70 
1 9 389 56 444 355 247 236 46 70 
1 9 389 56 444 356 247 236 46 70 
1 9 389 56 444 357 247 236 46 70 
1 9 389 56 444 358 247 236 46 70 
1 9 389 56 444 359 245 236 46 70 
1 9 389 56 444 360 245 236 46 70 
1 9 389 56 444 361 245 236 46 70 
1 9 389 56 444 362 245 236 46 70 
1 9 389 56 444 363 245 236 46 70 
1 9 389 56 444 364 245 236 46 70 
1 9 389 56 444 365 244 236 46 70 
1 9 389 56 444 366 244 236 46 67 
1 9 389 56 444 367 244 236 46 67 
1 9 389 56 444 368 244 236 46 67 
1 9 389 56 444 369 244 236 46 67 
1 9 389 56 444 370 242 236 46 67 
1 9 389 56 444 371 242 236 46 67 
1 9 389 56 444 372 242 236 46 67 
1 9 389 56 444 373 242 235 46 69 
1 9 389 56 444 374 242 235 46 69 
1 9 389 56 444 375 240 235 46 69 
1 9 389 56 444 376 240 235 46 69 
1 9 389 56 444 377 240 235 46 69 
1 9 389 56 444 378 240 235 46 69 
1 9 389 56 444 379 240 236 46 66 
1 9 389 56 444 380 240 236 46 66 
1 9 389 56 444 381 238 236 46 66 
1 9 389 56 444 382 238 236 46 66 
1 9 389 56 444 383 238 236 46 66 
1 9 389 56 444 384 238 236 46 66 
1 9 389 56 444 385 238 236 46 66 
1 9 389 56 444 386 236 236 48 66 
1 9 389 56 444 387 236 236 48 66 
1 9 389 56 444 388 236 236 48 66 
1 9 389 56 444 389 236 236 48 66 
1 9 389 56 444 390 236 236 48 66 
1 9 389 56 444 391 235 236 46 66 
1 9 389 56 444 392 235 236 46 63 
1 9 389 56 444 393 235 236 46 63 
1 9 389 56 444 394 235 236 46 63 
1 9 389 56 444 395 235 236 46 63 
1 9 389 56 444 396 235 236 46 63 
1 9 389 56 444 397 233 236 46 63 
1 9 389 56 444 398 233 236 46 63 
1 9 389 56 444 399 233 236 46 63 
1 9 389 56 444 400 233 236 46 63 
1 9 389 56 444 401 233 236 46 63 
1 9 389 56 444 402 231 236 46 63 
1 9 389 56 444 403 231 236 46 63 
1 9 389 56 444 404 231 236 46 63 
1 9 389 56 444 405 231 236 46 61 
1 9 389 56 444 406 231 236 46 61 
1 9 389 56 444 407 229 236 46 61 
1 9 389 56 444 408 229 236 46 61 
1 9 389 56 444 409 229 234 46 64 
1 9 389 56 444 410 229 234 46 64 
1 9 389 56 444 411 229 234 46 64 
1 9 389 56 444 412 229 234 46 64 
1 9 389 56 444 413 228 234 46 64 
1 9 389 56 444 414 228 234 46 64 
1 9 389 56 444 415 228 234 46 64 
1 9 389 56 444 416 228 234 46 64 
1 9 389 56 444 417 228 234 46 64 
1 9 389 56 444 418 226 234 46 61 
1 9 389 56 444 419 226 234 46 61 
1 9 389 56 444 420 226 234 46 61 
1 9 389 56 444 421 226 234 46 61 
1 9 389 56 444 422 226 234 46 61 
1 9 389 56 444 423 224 234 46 61 
1 9 389 56 444 424 224 234 46 61 
1 9 389 56 444 425 224 234 46 61 
1 9 389 56 444 426 224 234 46 61 
1 9 389 56 444 427 224 234 46 61 
1 9 389 56 444 428 224 234 46 61 
1 9 389 56 444 429 222 234 46 61 
1 9 389 56 444 430 222 234 46 61 
1 9 389 56 444 431 222 235 46 58 
1 9 389 56 444 432 222 235 46 58 
1 9 389 56 444 433 222 235 46 58 
1 9 389 56 444 434 220 235 48 58 
1 9 389 56 444 435 220 235 48 58 
1 9 389 56 444 436 220 235 48 58 
1 9 389 56 444 437 220 235 48 58 
1 9 389 56 444 438 220 235 48 58 
1 9 389 56 444 439 219 235 46 58 
1 9 389 56 444 440 219 235 46 58 
1 9 389 56 444 441 219 235 46 58 
1 9 389 56 444 442 219 235 46 58 
1 9 389 56 444 443 219 235 46 58 
1 9 389 56 444 444 219 235 46 58 
2 9 61 384 444 384 1201 226 78 168 
2 9 61 384 444 385 1198 225 81 171 
2 9 61 384 444 386 1196 225 82 172 
2 9 61 384 444 387 1193 224 85 175 
2 9 61 384 444 388 1191 224 87 175 
2 9 61 384 444 389 1192 224 86 178 
2 9 61 384 444 390 1193 224 86 178 
2 9 61 384 444 391 1193 226 86 178 
2 9 61 384 444 392 1194 226 85 178 
2 9 61 384 444 393 1192 226 87 180 
2 9 61 384 444 394 1193 226 86 180 
2 9 61 384 444 395 1193 226 86 181 
2 9 61 384 444 396 1193 226 85 181 
2 9 61 384 444 397 1194 226 84 184 
2 9 61 384 444 398 1194 228 84 184 
2 9 61 384 444 399 1194 228 85 184 
2 9 61 384 444 400 1192 230 87 184 
2 9 61 384 444 401 1192 230 87 186 
2 9 61 384 444 402 1190 232 88 186 
2 9 61 384 444 403 1187 232 90 187 
2 9 61 384 444 404 1187 232 90 190 
2 9 61 384 444 405 1185 234 90 189 
2 9 61 384 444 406 1185 236 88 189 
2 9 61 384 444 407 1185 236 88 192 
2 9 61 384 444 408 1183 238 88 192 
2 9 61 384 444 409 1183 240 88 192 
2 9 61 384 444 410 1177 240 94 192 
2 9 61 384 444 411 1177 241 92 190 
2 9 61 384 444 412 1175 241 92 192 
2 9 61 384 444 413 1173 243 92 189 
2 9 61 384 444 414 1171 243 92 192 
2 9 61 384 444 415 1168 245 94 189 
2 9 61 384 444 416 1168 245 92 189 
2 9 61 384 444 417 1166 247 92 189 
2 9 61 384 444 418 1164 247 92 189 
2 9 61 384 444 419 1161 248 94 190 
2 9 61 384 444 420 1161 248 92 190 
2 9 61 384 444 421 1156 250 96 187 
2 9 61 384 444 422 1154 253 96 186 
2 9 61 384 444 423 1152 253 96 186 
2 9 61 384 444 424 1151 255 96 186 
2 9 61 384 444 425 1149 255 96 186 
2 9 61 384 444 426 1147 257 96 183 
2 9 61 384 444 427 1145 257 96 186 
2 9 61 384 444 428 1144 258 96 184 
2 9 61 384 444 429 1142 257 96 187 
2 9 61 384 444 430 1140 260 96 184 
2 9 61 384 444 431 1138 260 96 184 
2 9 61 384 444 432 1136 262 96 184 
2 9 61 384 444 433 1132 264 100 181 
2 9 61 384 444 434 1130 264 100 183 
2 9 61 384 444 435 1128 265 100 181 
2 9 61 384 444 436 1127 265 98 181 
2 9 61 384 444 437 1125 267 100 181 
2 9 61 384 444 438 1123 267 100 181 
2 9 61 384 444 439 1121 269 100 181 
2 9 61 384 444 440 1119 269 100 181 
2 9 61 384 444 441 1118 272 98 178 
2 9 61 384 444 442 1116 271 100 181 
2 9 61 384 444 443 1114 274 100 178 
2 9 61 384 444 444 1111 275 104 178 
