0 10 227 549 775 549 412 239 64 106 
0 10 227 549 775 550 410 239 64 106 
0 10 227 549 775 551 408 238 62 106 
0 10 227 549 775 552 408 238 60 106 
0 10 227 549 775 553 403 238 64 106 
0 10 227 549 775 554 401 238 62 106 
0 10 227 549 775 555 401 238 60 106 
0 10 227 549 775 556 396 238 64 106 
0 10 227 549 775 557 395 236 60 106 
0 10 227 549 775 558 392 236 62 106 
0 10 227 549 775 559 392 236 60 106 
0 10 227 549 775 560 388 236 60 106 
0 10 227 549 775 561 385 236 62 106 
0 10 227 549 775 562 385 236 60 106 
0 10 227 549 775 563 383 236 60 106 
0 10 227 549 775 564 381 234 60 106 
0 10 227 549 775 565 379 234 60 106 
0 10 227 549 775 566 379 234 60 106 
0 10 227 549 775 567 376 234 62 106 
0 10 227 549 775 568 376 234 62 106 
0 10 227 549 775 569 376 234 60 103 
0 10 227 549 775 570 376 234 60 103 
0 10 227 549 775 571 374 234 60 103 
0 10 227 549 775 572 374 234 60 103 
0 10 227 549 775 573 372 234 60 103 
0 10 227 549 775 574 372 235 60 102 
0 10 227 549 775 575 369 235 62 102 
0 10 227 549 775 576 369 235 62 102 
0 10 227 549 775 577 369 235 60 102 
0 10 227 549 775 578 369 235 60 102 
0 10 227 549 775 579 367 235 60 99 
0 10 227 549 775 580 367 235 60 99 
0 10 227 549 775 581 365 235 60 99 
0 10 227 549 775 582 365 235 60 99 
0 10 227 549 775 583 363 235 60 99 
0 10 227 549 775 584 363 236 60 96 
0 10 227 549 775 585 360 236 62 96 
0 10 227 549 775 586 360 236 62 96 
0 10 227 549 775 587 360 236 60 96 
0 10 227 549 775 588 360 236 60 96 
0 10 227 549 775 589 358 234 60 96 
0 10 227 549 775 590 356 234 60 96 
0 10 227 549 775 591 356 234 60 96 
0 10 227 549 775 592 353 234 62 96 
0 10 227 549 775 593 354 234 58 96 
0 10 227 549 775 594 353 234 60 96 
0 10 227 549 775 595 351 232 60 96 
0 10 227 549 775 596 352 232 56 96 
0 10 227 549 775 597 349 232 60 96 
0 10 227 549 775 598 350 232 56 96 
0 10 227 549 775 599 347 232 58 96 
0 10 227 549 775 600 347 232 58 96 
0 10 227 549 775 601 345 231 58 96 
0 10 227 549 775 602 346 231 54 96 
0 10 227 549 775 603 345 231 56 96 
0 10 227 549 775 604 346 231 52 96 
0 10 227 549 775 605 343 231 56 93 
0 10 227 549 775 606 343 231 54 93 
0 10 227 549 775 607 340 231 58 93 
0 10 227 549 775 608 341 231 54 93 
0 10 227 549 775 609 339 232 54 90 
0 10 227 549 775 610 339 232 54 90 
0 10 227 549 775 611 339 232 52 90 
0 10 227 549 775 612 339 232 52 90 
0 10 227 549 775 613 337 232 52 87 
0 10 227 549 775 614 337 232 52 87 
0 10 227 549 775 615 334 232 54 87 
0 10 227 549 775 616 335 230 50 90 
0 10 227 549 775 617 332 230 54 90 
0 10 227 549 775 618 333 230 50 88 
0 10 227 549 775 619 330 230 54 88 
0 10 227 549 775 620 331 230 50 88 
0 10 227 549 775 621 330 230 52 88 
0 10 227 549 775 622 330 230 50 85 
0 10 227 549 775 623 328 230 50 85 
0 10 227 549 775 624 328 230 50 85 
0 10 227 549 775 625 326 230 50 85 
0 10 227 549 775 626 326 231 50 82 
0 10 227 549 775 627 324 231 50 82 
0 10 227 549 775 628 324 231 50 82 
0 10 227 549 775 629 324 231 48 82 
0 10 227 549 775 630 324 231 48 82 
0 10 227 549 775 631 321 229 50 82 
0 10 227 549 775 632 321 229 50 82 
0 10 227 549 775 633 319 229 50 82 
0 10 227 549 775 634 319 229 50 82 
0 10 227 549 775 635 319 229 50 82 
0 10 227 549 775 636 317 229 50 82 
0 10 227 549 775 637 317 229 50 82 
0 10 227 549 775 638 317 229 50 82 
0 10 227 549 775 639 315 227 50 82 
0 10 227 549 775 640 315 227 50 82 
0 10 227 549 775 641 315 227 50 82 
0 10 227 549 775 642 314 227 50 82 
0 10 227 549 775 643 314 227 50 82 
0 10 227 549 775 644 314 227 50 82 
0 10 227 549 775 645 312 227 50 82 
0 10 227 549 775 646 312 227 50 82 
0 10 227 549 775 647 312 227 50 82 
0 10 227 549 775 648 310 226 50 82 
0 10 227 549 775 649 310 226 50 82 
0 10 227 549 775 650 310 226 50 82 
0 10 227 549 775 651 308 226 50 82 
0 10 227 549 775 652 308 226 50 82 
0 10 227 549 775 653 308 226 50 82 
0 10 227 549 775 654 308 226 48 82 
0 10 227 549 775 655 308 226 48 82 
0 10 227 549 775 656 308 226 48 82 
0 10 227 549 775 657 305 224 50 82 
0 10 227 549 775 658 305 224 50 82 
0 10 227 549 775 659 305 224 50 82 
0 10 227 549 775 660 303 224 50 82 
0 10 227 549 775 661 303 224 50 82 
0 10 227 549 775 662 303 224 50 82 
0 10 227 549 775 663 301 224 50 82 
0 10 227 549 775 664 301 224 50 82 
0 10 227 549 775 665 301 224 50 82 
0 10 227 549 775 666 299 222 50 82 
0 10 227 549 775 667 299 222 50 82 
0 10 227 549 775 668 299 222 50 82 
0 10 227 549 775 669 298 222 50 82 
0 10 227 549 775 670 298 222 50 82 
0 10 227 549 775 671 298 222 50 82 
0 10 227 549 775 672 296 222 50 82 
0 10 227 549 775 673 296 222 50 82 
0 10 227 549 775 674 296 222 50 82 
0 10 227 549 775 675 294 220 50 82 
0 10 227 549 775 676 294 220 50 82 
0 10 227 549 775 677 294 220 50 82 
0 10 227 549 775 678 292 220 50 82 
0 10 227 549 775 679 292 220 50 82 
0 10 227 549 775 680 292 220 50 82 
0 10 227 549 775 681 292 220 48 82 
0 10 227 549 775 682 292 220 48 82 
0 10 227 549 775 683 292 220 48 82 
0 10 227 549 775 684 289 218 50 84 
0 10 227 549 775 685 289 218 50 84 
0 10 227 549 775 686 289 218 50 84 
0 10 227 549 775 687 287 218 50 84 
0 10 227 549 775 688 287 218 50 84 
0 10 227 549 775 689 287 218 50 84 
0 10 227 549 775 690 285 218 50 84 
0 10 227 549 775 691 285 218 50 84 
0 10 227 549 775 692 285 218 50 84 
0 10 227 549 775 693 283 217 50 82 
0 10 227 549 775 694 283 217 50 82 
0 10 227 549 775 695 283 217 50 82 
0 10 227 549 775 696 282 217 50 82 
0 10 227 549 775 697 282 217 50 82 
0 10 227 549 775 698 282 217 50 82 
0 10 227 549 775 699 280 217 50 82 
0 10 227 549 775 700 280 217 50 82 
0 10 227 549 775 701 280 217 50 82 
0 10 227 549 775 702 278 215 50 82 
0 10 227 549 775 703 278 215 50 82 
0 10 227 549 775 704 278 215 50 82 
0 10 227 549 775 705 276 215 50 82 
0 10 227 549 775 706 276 215 50 82 
0 10 227 549 775 707 276 215 50 82 
0 10 227 549 775 708 276 215 48 82 
0 10 227 549 775 709 276 215 48 82 
0 10 227 549 775 710 276 215 48 82 
0 10 227 549 775 711 273 215 50 82 
0 10 227 549 775 712 273 215 50 82 
0 10 227 549 775 713 273 215 50 82 
0 10 227 549 775 714 273 215 50 82 
0 10 227 549 775 715 273 215 50 82 
0 10 227 549 775 716 273 215 50 82 
0 10 227 549 775 717 273 215 50 82 
0 10 227 549 775 718 271 215 50 82 
0 10 227 549 775 719 271 215 50 82 
0 10 227 549 775 720 271 215 50 82 
0 10 227 549 775 721 271 215 50 82 
0 10 227 549 775 722 271 215 50 82 
0 10 227 549 775 723 271 215 50 82 
0 10 227 549 775 724 271 215 50 82 
0 10 227 549 775 725 271 215 50 82 
0 10 227 549 775 726 269 215 50 82 
0 10 227 549 775 727 269 215 50 82 
0 10 227 549 775 728 269 215 50 82 
0 10 227 549 775 729 269 215 50 82 
0 10 227 549 775 730 269 215 50 82 
0 10 227 549 775 731 269 215 50 82 
0 10 227 549 775 732 269 215 50 82 
0 10 227 549 775 733 267 215 50 82 
0 10 227 549 775 734 267 215 50 82 
0 10 227 549 775 735 267 215 50 82 
0 10 227 549 775 736 267 215 50 82 
0 10 227 549 775 737 267 215 50 82 
0 10 227 549 775 738 267 215 50 82 
0 10 227 549 775 739 267 215 50 82 
0 10 227 549 775 740 267 215 50 82 
0 10 227 549 775 741 266 215 50 82 
0 10 227 549 775 742 266 215 50 82 
0 10 227 549 775 743 266 215 50 82 
0 10 227 549 775 744 266 215 50 82 
0 10 227 549 775 745 266 215 50 82 
0 10 227 549 775 746 266 215 50 82 
0 10 227 549 775 747 266 215 50 82 
0 10 227 549 775 748 266 215 50 82 
0 10 227 549 775 749 266 215 50 82 
0 10 227 549 775 750 266 215 50 82 
0 10 227 549 775 751 266 213 50 82 
0 10 227 549 775 752 266 213 50 82 
0 10 227 549 775 753 266 213 50 82 
0 10 227 549 775 754 266 213 50 82 
0 10 227 549 775 755 266 213 50 82 
0 10 227 549 775 756 266 213 50 82 
0 10 227 549 775 757 266 213 50 82 
0 10 227 549 775 758 266 213 50 82 
0 10 227 549 775 759 266 213 50 82 
0 10 227 549 775 760 266 213 50 82 
0 10 227 549 775 761 266 213 50 82 
0 10 227 549 775 762 266 213 50 82 
0 10 227 549 775 763 266 213 50 82 
0 10 227 549 775 764 266 213 50 82 
0 10 227 549 775 765 266 213 50 82 
0 10 227 549 775 766 266 213 50 82 
0 10 227 549 775 767 266 213 50 82 
0 10 227 549 775 768 266 213 50 82 
0 10 227 549 775 769 266 213 50 82 
0 10 227 549 775 770 266 213 50 82 
0 10 227 549 775 771 266 213 50 82 
0 10 227 549 775 772 266 213 50 82 
0 10 227 549 775 773 267 213 50 82 
0 10 227 549 775 774 267 213 50 82 
0 10 227 549 775 775 267 213 50 82 
1 9 84 0 83 0 451 305 106 162 
1 9 84 0 83 1 452 307 110 162 
1 9 84 0 83 2 455 308 110 165 
1 9 84 0 83 3 459 309 110 168 
1 9 84 0 83 4 461 311 114 168 
1 9 84 0 83 5 465 312 114 171 
1 9 84 0 83 6 468 314 114 172 
1 9 84 0 83 7 471 314 118 177 
1 9 84 0 83 8 474 316 118 177 
1 9 84 0 83 9 478 318 118 178 
1 9 84 0 83 10 482 319 120 181 
1 9 84 0 83 11 484 322 122 180 
1 9 84 0 83 12 489 322 120 184 
1 9 84 0 83 13 491 323 122 187 
1 9 84 0 83 14 492 325 128 189 
1 9 84 0 83 15 496 327 128 189 
1 9 84 0 83 16 499 328 128 192 
1 9 84 0 83 17 502 329 130 195 
1 9 84 0 83 18 505 331 132 198 
1 9 84 0 83 19 509 333 132 196 
1 9 84 0 83 20 511 336 136 198 
1 9 84 0 83 21 515 337 134 199 
1 9 84 0 83 22 518 339 136 199 
1 9 84 0 83 23 522 341 136 202 
1 9 84 0 83 24 525 341 138 205 
1 9 84 0 83 25 528 343 138 208 
1 9 84 0 83 26 532 345 138 208 
1 9 84 0 83 27 531 347 146 210 
1 9 84 0 83 28 535 348 146 213 
1 9 84 0 83 29 540 349 144 216 
1 9 84 0 83 30 541 351 150 216 
1 9 84 0 83 31 546 352 148 219 
1 9 84 0 83 32 548 354 150 220 
1 9 84 0 83 33 553 355 148 222 
1 9 84 0 83 34 554 356 154 225 
1 9 84 0 83 35 559 358 152 226 
1 9 84 0 83 36 561 359 154 229 
1 9 84 0 83 37 565 362 156 228 
1 9 84 0 83 38 569 362 156 232 
1 9 84 0 83 39 572 363 156 235 
1 9 84 0 83 40 575 368 160 234 
1 9 84 0 83 41 581 370 164 235 
1 9 84 0 83 42 587 374 166 237 
1 9 84 0 83 43 593 377 170 240 
1 9 84 0 83 44 599 380 174 243 
1 9 84 0 83 45 608 383 174 246 
1 9 84 0 83 46 614 387 178 246 
1 9 84 0 83 47 620 390 182 247 
1 9 84 0 83 48 626 393 186 250 
1 9 84 0 83 49 632 396 190 253 
1 9 84 0 83 50 641 401 190 253 
1 9 84 0 83 51 650 405 192 258 
1 9 84 0 83 52 658 407 196 264 
1 9 84 0 83 53 666 410 200 268 
1 9 84 0 83 54 674 414 202 271 
1 9 84 0 83 55 681 418 210 276 
1 9 84 0 83 56 690 419 212 283 
1 9 84 0 83 57 698 424 216 286 
1 9 84 0 83 58 704 427 222 291 
1 9 84 0 83 59 713 430 224 288 
1 9 84 0 83 60 720 435 232 283 
1 9 84 0 83 61 730 441 234 277 
1 9 84 0 83 62 741 448 238 270 
1 9 84 0 83 63 753 456 242 262 
1 9 84 0 83 64 761 463 250 256 
1 9 84 0 83 65 774 471 252 247 
1 9 84 0 83 66 785 477 254 241 
1 9 84 0 83 67 795 484 260 234 
1 9 84 0 83 68 806 493 264 226 
1 9 84 0 83 69 818 498 266 220 
1 9 84 0 83 70 829 507 270 211 
1 9 84 0 83 71 846 514 268 204 
1 9 84 0 83 72 865 522 264 196 
1 9 84 0 83 73 885 530 256 188 
1 9 84 0 83 74 904 536 252 182 
1 9 84 0 83 75 922 545 246 174 
1 9 84 0 83 76 938 553 246 165 
1 9 84 0 83 77 958 560 238 158 
1 9 84 0 83 78 977 568 234 150 
1 9 84 0 83 79 997 577 228 142 
1 9 84 0 83 80 1016 584 224 134 
1 9 84 0 83 81 1016 584 224 134 
1 9 84 0 83 82 1016 584 224 134 
1 9 84 0 83 83 1016 584 224 134 
2 9 188 728 915 728 148 272 80 102 
2 9 188 728 915 729 153 272 74 102 
2 9 188 728 915 730 155 272 74 102 
2 9 188 728 915 731 157 272 74 102 
2 9 188 728 915 732 158 272 76 102 
2 9 188 728 915 733 160 272 74 102 
2 9 188 728 915 734 161 272 78 102 
2 9 188 728 915 735 163 272 78 102 
2 9 188 728 915 736 164 272 80 102 
2 9 188 728 915 737 166 272 78 102 
2 9 188 728 915 738 168 272 78 102 
2 9 188 728 915 739 170 272 78 102 
2 9 188 728 915 740 173 272 78 102 
2 9 188 728 915 741 173 271 78 100 
2 9 188 728 915 742 175 271 78 100 
2 9 188 728 915 743 177 271 78 100 
2 9 188 728 915 744 179 271 78 100 
2 9 188 728 915 745 180 271 80 100 
2 9 188 728 915 746 182 271 78 100 
2 9 188 728 915 747 184 271 78 100 
2 9 188 728 915 748 186 271 78 100 
2 9 188 728 915 749 188 271 78 100 
2 9 188 728 915 750 189 271 78 100 
2 9 188 728 915 751 191 271 78 100 
2 9 188 728 915 752 193 271 78 100 
2 9 188 728 915 753 195 271 78 100 
2 9 188 728 915 754 196 271 80 100 
2 9 188 728 915 755 198 271 78 100 
2 9 188 728 915 756 200 271 78 100 
2 9 188 728 915 757 202 271 78 100 
2 9 188 728 915 758 204 271 78 100 
2 9 188 728 915 759 205 271 78 100 
2 9 188 728 915 760 207 271 78 100 
2 9 188 728 915 761 209 271 78 100 
2 9 188 728 915 762 211 271 78 100 
2 9 188 728 915 763 211 269 78 100 
2 9 188 728 915 764 212 269 80 100 
2 9 188 728 915 765 214 269 78 100 
2 9 188 728 915 766 216 269 78 100 
2 9 188 728 915 767 218 269 78 100 
2 9 188 728 915 768 220 269 78 100 
2 9 188 728 915 769 221 269 78 100 
2 9 188 728 915 770 223 269 78 100 
2 9 188 728 915 771 225 269 78 100 
2 9 188 728 915 772 227 269 78 100 
2 9 188 728 915 773 228 269 80 100 
2 9 188 728 915 774 230 269 78 100 
2 9 188 728 915 775 232 269 78 100 
2 9 188 728 915 776 234 269 78 100 
2 9 188 728 915 777 236 269 78 100 
2 9 188 728 915 778 237 269 78 100 
2 9 188 728 915 779 239 269 78 100 
2 9 188 728 915 780 241 269 78 100 
2 9 188 728 915 781 243 269 78 100 
2 9 188 728 915 782 244 269 80 100 
2 9 188 728 915 783 246 269 78 100 
2 9 188 728 915 784 248 269 78 100 
2 9 188 728 915 785 248 267 78 102 
2 9 188 728 915 786 250 267 78 102 
2 9 188 728 915 787 252 267 78 102 
2 9 188 728 915 788 253 267 78 102 
2 9 188 728 915 789 255 267 78 102 
2 9 188 728 915 790 257 267 78 102 
2 9 188 728 915 791 259 267 78 102 
2 9 188 728 915 792 260 267 80 102 
2 9 188 728 915 793 262 267 78 102 
2 9 188 728 915 794 264 267 78 102 
2 9 188 728 915 795 266 267 78 102 
2 9 188 728 915 796 268 267 78 102 
2 9 188 728 915 797 269 267 78 102 
2 9 188 728 915 798 271 267 78 102 
2 9 188 728 915 799 273 267 78 102 
2 9 188 728 915 800 275 267 78 102 
2 9 188 728 915 801 276 267 80 102 
2 9 188 728 915 802 278 267 78 102 
2 9 188 728 915 803 280 267 78 102 
2 9 188 728 915 804 282 267 78 102 
2 9 188 728 915 805 284 267 78 102 
2 9 188 728 915 806 285 267 78 102 
2 9 188 728 915 807 285 265 78 102 
2 9 188 728 915 808 287 265 78 102 
2 9 188 728 915 809 289 265 78 102 
2 9 188 728 915 810 291 265 78 102 
2 9 188 728 915 811 292 265 80 102 
2 9 188 728 915 812 294 265 78 102 
2 9 188 728 915 813 296 265 78 102 
2 9 188 728 915 814 298 265 78 102 
2 9 188 728 915 815 300 265 78 102 
2 9 188 728 915 816 301 265 78 102 
2 9 188 728 915 817 303 265 78 102 
2 9 188 728 915 818 305 265 78 102 
2 9 188 728 915 819 307 265 78 102 
2 9 188 728 915 820 308 265 80 102 
2 9 188 728 915 821 310 265 78 102 
2 9 188 728 915 822 312 265 78 102 
2 9 188 728 915 823 314 265 78 102 
2 9 188 728 915 824 316 265 78 102 
2 9 188 728 915 825 317 265 78 102 
2 9 188 728 915 826 319 265 78 102 
2 9 188 728 915 827 321 265 78 102 
2 9 188 728 915 828 323 265 78 102 
2 9 188 728 915 829 323 263 78 102 
2 9 188 728 915 830 324 263 80 102 
2 9 188 728 915 831 326 263 78 102 
2 9 188 728 915 832 328 263 78 102 
2 9 188 728 915 833 330 263 78 102 
2 9 188 728 915 834 332 263 78 102 
2 9 188 728 915 835 333 263 78 102 
2 9 188 728 915 836 335 263 78 102 
2 9 188 728 915 837 337 263 78 102 
2 9 188 728 915 838 339 263 78 102 
2 9 188 728 915 839 340 263 80 102 
2 9 188 728 915 840 342 263 78 102 
2 9 188 728 915 841 344 263 78 102 
2 9 188 728 915 842 346 263 78 102 
2 9 188 728 915 843 348 263 78 102 
2 9 188 728 915 844 349 263 78 102 
2 9 188 728 915 845 351 263 78 102 
2 9 188 728 915 846 353 263 78 102 
2 9 188 728 915 847 355 263 78 102 
2 9 188 728 915 848 356 263 80 102 
2 9 188 728 915 849 358 263 78 102 
2 9 188 728 915 850 360 263 78 102 
2 9 188 728 915 851 360 262 78 100 
2 9 188 728 915 852 362 262 78 100 
2 9 188 728 915 853 364 262 78 100 
2 9 188 728 915 854 366 262 76 100 
2 9 188 728 915 855 368 262 74 100 
2 9 188 728 915 856 367 262 78 100 
2 9 188 728 915 857 370 262 74 100 
2 9 188 728 915 858 372 262 74 100 
2 9 188 728 915 859 373 262 76 100 
2 9 188 728 915 860 375 262 76 100 
2 9 188 728 915 861 378 262 72 100 
2 9 188 728 915 862 377 262 74 100 
2 9 188 728 915 863 379 260 74 100 
2 9 188 728 915 864 382 260 70 100 
2 9 188 728 915 865 383 260 72 100 
2 9 188 728 915 866 385 260 72 100 
2 9 188 728 915 867 385 260 72 100 
2 9 188 728 915 868 387 260 70 100 
2 9 188 728 915 869 389 260 70 100 
2 9 188 728 915 870 390 260 72 100 
2 9 188 728 915 871 393 260 68 100 
2 9 188 728 915 872 395 260 68 100 
2 9 188 728 915 873 394 260 72 100 
2 9 188 728 915 874 397 260 68 100 
2 9 188 728 915 875 399 260 66 100 
2 9 188 728 915 876 400 258 68 102 
2 9 188 728 915 877 403 258 64 102 
2 9 188 728 915 878 402 258 68 102 
2 9 188 728 915 879 404 258 68 102 
2 9 188 728 915 880 406 258 66 102 
2 9 188 728 915 881 408 258 64 102 
2 9 188 728 915 882 410 258 64 102 
2 9 188 728 915 883 412 258 64 102 
2 9 188 728 915 884 412 258 64 102 
2 9 188 728 915 885 414 258 64 102 
2 9 188 728 915 886 416 258 64 102 
2 9 188 728 915 887 417 258 62 102 
2 9 188 728 915 888 420 256 60 102 
2 9 188 728 915 889 419 256 64 102 
2 9 188 728 915 890 421 256 64 102 
2 9 188 728 915 891 424 256 60 102 
2 9 188 728 915 892 424 256 62 102 
2 9 188 728 915 893 427 256 60 102 
2 9 188 728 915 894 430 256 56 102 
2 9 188 728 915 895 429 256 60 102 
2 9 188 728 915 896 431 256 60 102 
2 9 188 728 915 897 434 256 56 102 
2 9 188 728 915 898 434 256 58 102 
2 9 188 728 915 899 436 256 58 102 
2 9 188 728 915 900 439 256 56 102 
2 9 188 728 915 901 439 256 56 99 
2 9 188 728 915 902 439 257 56 96 
2 9 188 728 915 903 441 257 56 96 
2 9 188 728 915 904 441 257 56 94 
2 9 188 728 915 905 441 257 58 94 
2 9 188 728 915 906 441 257 58 91 
2 9 188 728 915 907 443 257 58 91 
2 9 188 728 915 908 443 258 58 88 
2 9 188 728 915 909 446 258 56 88 
2 9 188 728 915 910 446 258 56 88 
2 9 188 728 915 911 446 258 56 88 
2 9 188 728 915 912 446 258 56 88 
2 9 188 728 915 913 446 258 56 88 
2 9 188 728 915 914 446 258 56 88 
2 9 188 728 915 915 446 258 56 88 
3 11 107 772 878 772 254 213 85 82 
3 11 107 772 878 773 254 213 85 82 
3 11 107 772 878 774 254 213 85 82 
3 11 107 772 878 775 254 213 85 82 
3 11 107 772 878 776 254 213 85 82 
3 11 107 772 878 777 254 213 85 82 
3 11 107 772 878 778 254 213 85 82 
3 11 107 772 878 779 254 213 85 82 
3 11 107 772 878 780 254 213 85 82 
3 11 107 772 878 781 254 213 85 82 
3 11 107 772 878 782 254 213 85 82 
3 11 107 772 878 783 254 213 85 82 
3 11 107 772 878 784 254 213 85 82 
3 11 107 772 878 785 254 213 85 82 
3 11 107 772 878 786 254 213 85 82 
3 11 107 772 878 787 254 213 85 82 
3 11 107 772 878 788 254 213 85 82 
3 11 107 772 878 789 254 213 85 82 
3 11 107 772 878 790 254 213 85 82 
3 11 107 772 878 791 254 213 85 82 
3 11 107 772 878 792 254 213 85 82 
3 11 107 772 878 793 254 213 85 82 
3 11 107 772 878 794 254 213 85 82 
3 11 107 772 878 795 254 213 85 82 
3 11 107 772 878 796 254 213 85 82 
3 11 107 772 878 797 254 213 85 82 
3 11 107 772 878 798 254 213 85 82 
3 11 107 772 878 799 254 213 85 82 
3 11 107 772 878 800 254 213 85 82 
3 11 107 772 878 801 254 213 85 82 
3 11 107 772 878 802 254 213 85 82 
3 11 107 772 878 803 254 213 85 82 
3 11 107 772 878 804 254 213 85 82 
3 11 107 772 878 805 254 213 85 82 
3 11 107 772 878 806 254 213 85 82 
3 11 107 772 878 807 254 213 85 82 
3 11 107 772 878 808 254 213 85 82 
3 11 107 772 878 809 254 213 85 82 
3 11 107 772 878 810 254 213 85 82 
3 11 107 772 878 811 254 213 85 82 
3 11 107 772 878 812 254 213 85 82 
3 11 107 772 878 813 254 213 85 82 
3 11 107 772 878 814 254 213 85 82 
3 11 107 772 878 815 254 213 85 82 
3 11 107 772 878 816 254 213 85 82 
3 11 107 772 878 817 254 213 85 82 
3 11 107 772 878 818 254 213 85 82 
3 11 107 772 878 819 254 213 85 82 
3 11 107 772 878 820 254 213 85 82 
3 11 107 772 878 821 254 213 85 82 
3 11 107 772 878 822 254 213 85 82 
3 11 107 772 878 823 254 213 85 82 
3 11 107 772 878 824 254 213 85 82 
3 11 107 772 878 825 254 213 85 82 
3 11 107 772 878 826 254 213 85 82 
3 11 107 772 878 827 254 213 85 82 
3 11 107 772 878 828 254 213 85 82 
3 11 107 772 878 829 254 213 85 82 
3 11 107 772 878 830 254 213 85 82 
3 11 107 772 878 831 254 213 85 82 
3 11 107 772 878 832 254 213 85 82 
3 11 107 772 878 833 254 213 85 82 
3 11 107 772 878 834 254 213 85 82 
3 11 107 772 878 835 254 213 85 82 
3 11 107 772 878 836 254 213 85 82 
3 11 107 772 878 837 254 213 85 82 
3 11 107 772 878 838 254 213 85 82 
3 11 107 772 878 839 254 213 85 82 
3 11 107 772 878 840 254 213 85 82 
3 11 107 772 878 841 254 213 85 82 
3 11 107 772 878 842 254 213 85 82 
3 11 107 772 878 843 254 213 85 82 
3 11 107 772 878 844 254 213 85 82 
3 11 107 772 878 845 254 213 85 82 
3 11 107 772 878 846 254 213 85 82 
3 11 107 772 878 847 254 213 85 82 
3 11 107 772 878 848 254 213 85 82 
3 11 107 772 878 849 254 213 85 82 
3 11 107 772 878 850 254 213 85 82 
3 11 107 772 878 851 254 213 85 82 
3 11 107 772 878 852 254 213 85 82 
3 11 107 772 878 853 254 213 85 82 
3 11 107 772 878 854 254 213 85 82 
3 11 107 772 878 855 254 213 85 82 
3 11 107 772 878 856 254 213 85 82 
3 11 107 772 878 857 254 213 85 82 
3 11 107 772 878 858 254 213 85 82 
3 11 107 772 878 859 254 213 85 82 
3 11 107 772 878 860 254 213 85 82 
3 11 107 772 878 861 254 213 85 82 
3 11 107 772 878 862 254 213 85 82 
3 11 107 772 878 863 254 213 85 82 
3 11 107 772 878 864 254 213 85 82 
3 11 107 772 878 865 254 213 85 82 
3 11 107 772 878 866 254 213 85 82 
3 11 107 772 878 867 254 213 85 82 
3 11 107 772 878 868 254 213 85 82 
3 11 107 772 878 869 254 213 85 82 
3 11 107 772 878 870 254 213 85 82 
3 11 107 772 878 871 254 213 85 82 
3 11 107 772 878 872 254 213 85 82 
3 11 107 772 878 873 254 213 85 82 
3 11 107 772 878 874 254 213 85 82 
3 11 107 772 878 875 254 213 85 82 
3 11 107 772 878 876 254 213 85 82 
3 11 107 772 878 877 254 213 85 82 
3 11 107 772 878 878 254 213 85 82 
