11 9 352 0 351 0 577 418 152 280 
11 9 352 0 351 1 572 417 154 279 
11 9 352 0 351 2 570 415 152 279 
11 9 352 0 351 3 569 415 148 277 
11 9 352 0 351 4 564 413 150 277 
11 9 352 0 351 5 562 414 150 274 
11 9 352 0 351 6 559 412 150 274 
11 9 352 0 351 7 558 412 146 273 
11 9 352 0 351 8 556 410 144 276 
11 9 352 0 351 9 553 410 146 273 
11 9 352 0 351 10 549 409 146 271 
11 9 352 0 351 11 548 407 144 271 
11 9 352 0 351 12 545 408 142 268 
11 9 352 0 351 13 543 406 142 270 
11 9 352 0 351 14 540 406 142 267 
11 9 352 0 351 15 539 404 138 270 
11 9 352 0 351 16 535 404 140 267 
11 9 352 0 351 17 531 403 142 265 
11 9 352 0 351 18 530 404 138 264 
11 9 352 0 351 19 526 402 140 264 
11 9 352 0 351 20 526 400 134 264 
11 9 352 0 351 21 521 400 138 261 
11 9 352 0 351 22 520 398 136 261 
11 9 352 0 351 23 517 398 134 261 
11 9 352 0 351 24 516 396 132 262 
11 9 352 0 351 25 511 396 136 259 
11 9 352 0 351 26 511 396 130 258 
11 9 352 0 351 27 507 396 132 255 
11 9 352 0 351 28 506 394 128 256 
11 9 352 0 351 29 502 392 130 256 
11 9 352 0 351 30 501 392 128 256 
11 9 352 0 351 31 497 390 128 256 
11 9 352 0 351 32 494 390 128 253 
11 9 352 0 351 33 492 390 128 252 
11 9 352 0 351 34 488 390 128 250 
11 9 352 0 351 35 488 388 124 250 
11 9 352 0 351 36 484 388 124 247 
11 9 352 0 351 37 481 386 126 247 
11 9 352 0 351 38 479 384 124 250 
11 9 352 0 351 39 478 384 120 249 
11 9 352 0 351 40 473 382 122 249 
11 9 352 0 351 41 473 383 120 246 
11 9 352 0 351 42 468 382 122 244 
11 9 352 0 351 43 467 382 118 241 
11 9 352 0 351 44 465 380 116 243 
11 9 352 0 351 45 462 380 118 243 
11 9 352 0 351 46 458 378 118 243 
11 9 352 0 351 47 458 379 116 240 
11 9 352 0 351 48 456 379 114 240 
11 9 352 0 351 49 451 377 118 240 
11 9 352 0 351 50 451 377 116 240 
11 9 352 0 351 51 449 377 114 238 
11 9 352 0 351 52 444 376 118 240 
11 9 352 0 351 53 443 376 114 237 
11 9 352 0 351 54 442 376 114 237 
11 9 352 0 351 55 437 374 118 237 
11 9 352 0 351 56 436 374 114 237 
11 9 352 0 351 57 436 375 112 234 
11 9 352 0 351 58 430 372 118 237 
11 9 352 0 351 59 429 373 114 234 
11 9 352 0 351 60 427 373 114 232 
11 9 352 0 351 61 424 370 114 235 
11 9 352 0 351 62 422 371 114 232 
11 9 352 0 351 63 420 371 114 232 
11 9 352 0 351 64 417 369 114 232 
11 9 352 0 351 65 415 369 114 232 
11 9 352 0 351 66 413 369 114 229 
11 9 352 0 351 67 410 368 114 231 
11 9 352 0 351 68 408 368 114 229 
11 9 352 0 351 69 407 368 110 229 
11 9 352 0 351 70 404 366 112 229 
11 9 352 0 351 71 401 366 114 229 
11 9 352 0 351 72 400 367 110 226 
11 9 352 0 351 73 395 364 114 229 
11 9 352 0 351 74 395 365 110 226 
11 9 352 0 351 75 393 365 110 223 
11 9 352 0 351 76 388 363 114 226 
11 9 352 0 351 77 388 363 110 225 
11 9 352 0 351 78 386 363 110 225 
11 9 352 0 351 79 381 362 114 223 
11 9 352 0 351 80 380 362 112 223 
11 9 352 0 351 81 379 363 110 220 
11 9 352 0 351 82 375 360 110 223 
11 9 352 0 351 83 373 361 110 220 
11 9 352 0 351 84 372 361 110 220 
11 9 352 0 351 85 368 359 110 222 
11 9 352 0 351 86 366 359 110 222 
11 9 352 0 351 87 364 359 112 219 
11 9 352 0 351 88 361 357 110 219 
11 9 352 0 351 89 359 357 110 219 
11 9 352 0 351 90 358 358 108 216 
11 9 352 0 351 91 354 355 110 219 
11 9 352 0 351 92 352 356 110 216 
11 9 352 0 351 93 351 356 108 216 
11 9 352 0 351 94 347 355 110 216 
11 9 352 0 351 95 346 355 106 216 
11 9 352 0 351 96 344 355 106 213 
11 9 352 0 351 97 340 353 110 216 
11 9 352 0 351 98 339 353 106 213 
11 9 352 0 351 99 337 353 106 213 
11 9 352 0 351 100 332 351 112 213 
11 9 352 0 351 101 332 351 106 213 
11 9 352 0 351 102 330 351 106 211 
11 9 352 0 351 103 326 349 108 211 
11 9 352 0 351 104 325 349 106 211 
11 9 352 0 351 105 323 350 106 208 
11 9 352 0 351 106 319 349 108 210 
11 9 352 0 351 107 317 349 108 207 
11 9 352 0 351 108 316 349 106 207 
11 9 352 0 351 109 312 347 106 207 
11 9 352 0 351 110 310 347 108 207 
11 9 352 0 351 111 310 347 102 205 
11 9 352 0 351 112 305 345 106 208 
11 9 352 0 351 113 303 345 108 205 
11 9 352 0 351 114 302 345 104 205 
11 9 352 0 351 115 298 343 106 205 
11 9 352 0 351 116 297 344 104 202 
11 9 352 0 351 117 295 344 104 202 
11 9 352 0 351 118 291 342 106 204 
11 9 352 0 351 119 290 342 104 204 
11 9 352 0 351 120 288 342 104 201 
11 9 352 0 351 121 284 341 106 202 
11 9 352 0 351 122 283 341 102 199 
11 9 352 0 351 123 281 341 104 199 
11 9 352 0 351 124 278 339 102 199 
11 9 352 0 351 125 276 339 102 199 
11 9 352 0 351 126 274 340 104 196 
11 9 352 0 351 127 270 337 104 199 
11 9 352 0 351 128 269 338 102 198 
11 9 352 0 351 129 267 338 102 198 
11 9 352 0 351 130 263 336 104 198 
11 9 352 0 351 131 262 336 102 198 
11 9 352 0 351 132 260 336 102 198 
11 9 352 0 351 133 258 335 104 196 
11 9 352 0 351 134 256 335 104 196 
11 9 352 0 351 135 254 335 104 196 
11 9 352 0 351 136 254 332 98 199 
11 9 352 0 351 137 252 333 100 196 
11 9 352 0 351 138 247 333 104 196 
11 9 352 0 351 139 246 330 102 199 
11 9 352 0 351 140 244 331 102 198 
11 9 352 0 351 141 242 331 104 198 
11 9 352 0 351 142 241 328 100 201 
11 9 352 0 351 143 239 328 100 201 
11 9 352 0 351 144 238 329 98 198 
11 9 352 0 351 145 236 326 100 201 
11 9 352 0 351 146 231 326 104 201 
11 9 352 0 351 147 230 327 102 198 
11 9 352 0 351 148 229 325 100 199 
11 9 352 0 351 149 227 325 100 199 
11 9 352 0 351 150 225 325 100 199 
11 9 352 0 351 151 223 323 100 199 
11 9 352 0 351 152 222 323 98 199 
11 9 352 0 351 153 220 323 100 199 
11 9 352 0 351 154 219 321 96 199 
11 9 352 0 351 155 215 321 98 199 
11 9 352 0 351 156 213 321 100 199 
11 9 352 0 351 157 211 319 100 202 
11 9 352 0 351 158 209 319 100 201 
11 9 352 0 351 159 207 319 100 201 
11 9 352 0 351 160 207 318 96 202 
11 9 352 0 351 161 205 318 96 199 
11 9 352 0 351 162 203 318 96 199 
11 9 352 0 351 163 199 316 98 202 
11 9 352 0 351 164 197 316 100 202 
11 9 352 0 351 165 195 316 100 199 
11 9 352 0 351 166 194 314 96 202 
11 9 352 0 351 167 192 314 96 202 
11 9 352 0 351 168 191 314 96 199 
11 9 352 0 351 169 189 312 96 202 
11 9 352 0 351 170 187 312 96 202 
11 9 352 0 351 171 185 312 96 202 
11 9 352 0 351 172 184 310 96 204 
11 9 352 0 351 173 182 310 96 204 
11 9 352 0 351 174 180 310 96 201 
11 9 352 0 351 175 178 310 96 201 
11 9 352 0 351 176 176 309 96 199 
11 9 352 0 351 177 175 309 96 199 
11 9 352 0 351 178 173 310 96 196 
11 9 352 0 351 179 171 310 96 196 
11 9 352 0 351 180 169 308 96 196 
11 9 352 0 351 181 168 308 96 196 
11 9 352 0 351 182 168 308 96 196 
11 9 352 0 351 183 166 308 96 195 
11 9 352 0 351 184 164 306 96 198 
11 9 352 0 351 185 162 306 96 195 
11 9 352 0 351 186 160 306 96 195 
11 9 352 0 351 187 159 307 96 192 
11 9 352 0 351 188 157 304 96 195 
11 9 352 0 351 189 155 305 96 192 
11 9 352 0 351 190 153 305 96 192 
11 9 352 0 351 191 152 305 96 190 
11 9 352 0 351 192 150 304 96 192 
11 9 352 0 351 193 150 304 96 192 
11 9 352 0 351 194 148 304 96 189 
11 9 352 0 351 195 146 304 96 189 
11 9 352 0 351 196 144 302 96 189 
11 9 352 0 351 197 143 302 96 189 
11 9 352 0 351 198 141 303 96 186 
11 9 352 0 351 199 139 303 96 186 
11 9 352 0 351 200 137 301 96 186 
11 9 352 0 351 201 136 301 96 186 
11 9 352 0 351 202 134 301 96 184 
11 9 352 0 351 203 132 301 96 184 
11 9 352 0 351 204 132 301 96 184 
11 9 352 0 351 205 130 299 96 184 
11 9 352 0 351 206 128 299 96 184 
11 9 352 0 351 207 127 299 96 184 
11 9 352 0 351 208 128 299 92 181 
11 9 352 0 351 209 125 297 96 184 
11 9 352 0 351 210 123 297 96 184 
11 9 352 0 351 211 124 297 92 181 
11 9 352 0 351 212 121 297 94 181 
11 9 352 0 351 213 120 297 96 181 
11 9 352 0 351 214 118 296 96 181 
11 9 352 0 351 215 119 296 92 181 
11 9 352 0 351 216 117 296 92 181 
11 9 352 0 351 217 115 296 92 181 
11 9 352 0 351 218 115 297 92 178 
11 9 352 0 351 219 112 294 94 181 
11 9 352 0 351 220 112 294 92 181 
11 9 352 0 351 221 110 295 92 178 
11 9 352 0 351 222 110 295 92 178 
11 9 352 0 351 223 108 295 92 178 
11 9 352 0 351 224 105 293 94 178 
11 9 352 0 351 225 106 293 90 178 
11 9 352 0 351 226 106 293 88 178 
11 9 352 0 351 227 103 293 92 178 
11 9 352 0 351 228 104 293 88 175 
11 9 352 0 351 229 102 291 88 178 
11 9 352 0 351 230 99 291 90 178 
11 9 352 0 351 231 96 291 94 177 
11 9 352 0 351 232 97 291 90 177 
11 9 352 0 351 233 97 291 88 177 
11 9 352 0 351 234 95 290 88 175 
11 9 352 0 351 235 95 290 86 175 
11 9 352 0 351 236 92 290 90 175 
11 9 352 0 351 237 90 291 90 172 
11 9 352 0 351 238 90 291 88 172 
11 9 352 0 351 239 91 288 84 175 
11 9 352 0 351 240 88 288 88 175 
11 9 352 0 351 241 86 289 88 172 
11 9 352 0 351 242 86 289 86 172 
11 9 352 0 351 243 84 289 86 172 
11 9 352 0 351 244 82 287 86 174 
11 9 352 0 351 245 81 287 88 174 
11 9 352 0 351 246 82 287 84 174 
11 9 352 0 351 247 79 287 86 171 
11 9 352 0 351 248 77 287 86 171 
11 9 352 0 351 249 77 285 86 174 
11 9 352 0 351 250 75 285 86 174 
11 9 352 0 351 251 75 285 84 171 
11 9 352 0 351 252 76 285 80 171 
11 9 352 0 351 253 73 285 84 171 
11 9 352 0 351 254 70 283 86 171 
11 9 352 0 351 255 68 283 86 171 
11 9 352 0 351 256 69 283 82 171 
11 9 352 0 351 257 67 284 82 168 
11 9 352 0 351 258 66 284 84 168 
11 9 352 0 351 259 66 282 82 169 
11 9 352 0 351 260 64 282 82 169 
11 9 352 0 351 261 62 283 82 168 
11 9 352 0 351 262 59 283 86 168 
11 9 352 0 351 263 60 283 82 168 
11 9 352 0 351 264 60 281 80 168 
11 9 352 0 351 265 57 281 82 168 
11 9 352 0 351 266 58 281 78 168 
11 9 352 0 351 267 55 281 82 165 
11 9 352 0 351 268 53 281 82 165 
11 9 352 0 351 269 51 279 82 168 
11 9 352 0 351 270 52 279 80 165 
11 9 352 0 351 271 50 279 82 165 
11 9 352 0 351 272 48 279 82 165 
11 9 352 0 351 273 49 279 78 165 
11 9 352 0 351 274 47 277 78 166 
11 9 352 0 351 275 45 277 78 166 
11 9 352 0 351 276 45 277 78 166 
11 9 352 0 351 277 44 277 78 163 
11 9 352 0 351 278 42 277 78 163 
11 9 352 0 351 279 40 276 78 165 
11 9 352 0 351 280 40 277 78 162 
11 9 352 0 351 281 38 277 78 162 
11 9 352 0 351 282 36 277 80 162 
11 9 352 0 351 283 37 277 76 162 
11 9 352 0 351 284 36 275 74 162 
11 9 352 0 351 285 33 275 78 162 
11 9 352 0 351 286 31 275 78 162 
11 9 352 0 351 287 32 275 74 159 
11 9 352 0 351 288 30 275 76 159 
11 9 352 0 351 289 28 273 78 162 
11 9 352 0 351 290 29 273 74 160 
11 9 352 0 351 291 27 273 74 160 
11 9 352 0 351 292 25 273 74 160 
11 9 352 0 351 293 25 273 74 160 
11 9 352 0 351 294 23 271 76 160 
11 9 352 0 351 295 21 271 76 160 
11 9 352 0 351 296 20 271 74 157 
11 9 352 0 351 297 20 271 74 157 
11 9 352 0 351 298 18 272 74 154 
11 9 352 0 351 299 16 272 74 154 
11 9 352 0 351 300 16 272 74 154 
11 9 352 0 351 301 14 272 76 154 
11 9 352 0 351 302 12 272 78 154 
11 9 352 0 351 303 9 272 82 154 
11 9 352 0 351 304 7 272 82 154 
11 9 352 0 351 305 7 272 82 154 
11 9 352 0 351 306 4 272 86 154 
11 9 352 0 351 307 2 272 86 154 
11 9 352 0 351 308 1 272 88 154 
11 9 352 0 351 309 1 274 88 151 
11 9 352 0 351 310 0 274 90 151 
11 9 352 0 351 311 0 274 88 151 
11 9 352 0 351 312 0 274 89 151 
11 9 352 0 351 313 0 274 89 151 
11 9 352 0 351 314 0 274 88 151 
11 9 352 0 351 315 0 274 89 151 
11 9 352 0 351 316 0 274 90 151 
11 9 352 0 351 317 0 277 90 148 
11 9 352 0 351 318 0 275 88 150 
11 9 352 0 351 319 0 275 85 150 
11 9 352 0 351 320 0 273 83 150 
11 9 352 0 351 321 0 273 80 150 
11 9 352 0 351 322 0 273 79 150 
11 9 352 0 351 323 0 271 76 150 
11 9 352 0 351 324 0 271 77 150 
11 9 352 0 351 325 0 271 74 150 
11 9 352 0 351 326 0 270 72 148 
11 9 352 0 351 327 0 270 70 148 
11 9 352 0 351 328 0 270 68 148 
11 9 352 0 351 329 0 268 65 148 
11 9 352 0 351 330 0 268 63 148 
11 9 352 0 351 331 0 268 63 148 
11 9 352 0 351 332 0 266 60 150 
11 9 352 0 351 333 0 266 58 150 
11 9 352 0 351 334 0 266 55 150 
11 9 352 0 351 335 0 266 52 150 
11 9 352 0 351 336 0 266 49 150 
11 9 352 0 351 337 0 266 48 150 
11 9 352 0 351 338 0 264 45 150 
11 9 352 0 351 339 0 264 42 150 
11 9 352 0 351 340 0 264 39 150 
11 9 352 0 351 341 0 264 36 150 
11 9 352 0 351 342 0 264 34 150 
11 9 352 0 351 343 0 264 31 150 
11 9 352 0 351 344 0 264 31 150 
11 9 352 0 351 345 0 264 31 150 
11 9 352 0 351 346 0 264 31 150 
11 9 352 0 351 347 0 264 31 150 
11 9 352 0 351 348 0 264 31 150 
11 9 352 0 351 349 0 264 31 150 
11 9 352 0 351 350 0 264 31 150 
11 9 352 0 351 351 0 264 31 150 
12 9 523 504 1026 504 1192 450 86 268 
12 9 523 504 1026 505 1185 445 94 273 
12 9 523 504 1026 506 1176 441 103 277 
12 9 523 504 1026 507 1168 436 110 282 
12 9 523 504 1026 508 1164 435 115 284 
12 9 523 504 1026 509 1159 434 119 284 
12 9 523 504 1026 510 1155 432 123 286 
12 9 523 504 1026 511 1152 430 126 288 
12 9 523 504 1026 512 1148 428 130 290 
12 9 523 504 1026 513 1145 428 133 291 
12 9 523 504 1026 514 1139 426 139 293 
12 9 523 504 1026 515 1136 424 142 294 
12 9 523 504 1026 516 1132 422 146 296 
12 9 523 504 1026 517 1129 420 146 298 
12 9 523 504 1026 518 1125 420 146 299 
12 9 523 504 1026 519 1122 418 146 301 
12 9 523 504 1026 520 1118 418 146 300 
12 9 523 504 1026 521 1113 416 148 301 
12 9 523 504 1026 522 1105 414 154 301 
12 9 523 504 1026 523 1100 415 156 298 
12 9 523 504 1026 524 1097 414 156 298 
12 9 523 504 1026 525 1090 414 160 295 
12 9 523 504 1026 526 1084 412 164 295 
12 9 523 504 1026 527 1078 410 166 295 
12 9 523 504 1026 528 1074 411 168 294 
12 9 523 504 1026 529 1068 409 170 294 
12 9 523 504 1026 530 1061 409 174 291 
12 9 523 504 1026 531 1055 407 178 291 
12 9 523 504 1026 532 1051 408 178 288 
12 9 523 504 1026 533 1049 407 174 285 
12 9 523 504 1026 534 1049 405 168 285 
12 9 523 504 1026 535 1046 403 166 285 
12 9 523 504 1026 536 1046 404 160 280 
12 9 523 504 1026 537 1045 402 156 280 
12 9 523 504 1026 538 1041 401 154 279 
12 9 523 504 1026 539 1042 402 148 276 
12 9 523 504 1026 540 1041 400 142 274 
12 9 523 504 1026 541 1038 398 140 274 
12 9 523 504 1026 542 1038 396 134 274 
12 9 523 504 1026 543 1038 397 128 270 
12 9 523 504 1026 544 1034 395 128 270 
12 9 523 504 1026 545 1033 394 122 268 
12 9 523 504 1026 546 1034 394 116 265 
12 9 523 504 1026 547 1029 392 118 267 
12 9 523 504 1026 548 1026 392 120 267 
12 9 523 504 1026 549 1024 390 120 267 
12 9 523 504 1026 550 1019 390 124 267 
12 9 523 504 1026 551 1015 388 128 267 
12 9 523 504 1026 552 1013 388 128 267 
12 9 523 504 1026 553 1008 387 132 265 
12 9 523 504 1026 554 1007 387 130 265 
12 9 523 504 1026 555 1003 387 132 265 
12 9 523 504 1026 556 998 385 136 267 
12 9 523 504 1026 557 997 385 134 267 
12 9 523 504 1026 558 992 383 138 267 
12 9 523 504 1026 559 988 383 142 267 
12 9 523 504 1026 560 986 381 142 267 
12 9 523 504 1026 561 981 381 146 267 
12 9 523 504 1026 562 979 381 146 267 
12 9 523 504 1026 563 976 379 146 267 
12 9 523 504 1026 564 975 378 142 265 
12 9 523 504 1026 565 972 379 142 264 
12 9 523 504 1026 566 971 377 138 264 
12 9 523 504 1026 567 970 375 136 264 
12 9 523 504 1026 568 966 375 136 261 
12 9 523 504 1026 569 965 373 134 262 
12 9 523 504 1026 570 961 373 136 259 
12 9 523 504 1026 571 960 373 132 258 
12 9 523 504 1026 572 960 371 128 258 
12 9 523 504 1026 573 956 371 128 255 
12 9 523 504 1026 574 955 369 124 256 
12 9 523 504 1026 575 953 367 122 256 
12 9 523 504 1026 576 950 367 124 253 
12 9 523 504 1026 577 948 365 122 253 
12 9 523 504 1026 578 946 366 120 252 
12 9 523 504 1026 579 945 365 116 250 
12 9 523 504 1026 580 943 363 114 250 
12 9 523 504 1026 581 939 363 114 247 
12 9 523 504 1026 582 939 361 110 247 
12 9 523 504 1026 583 937 362 110 246 
12 9 523 504 1026 584 933 360 110 246 
12 9 523 504 1026 585 932 360 110 243 
12 9 523 504 1026 586 930 359 110 244 
12 9 523 504 1026 587 928 359 110 241 
12 9 523 504 1026 588 927 359 108 241 
12 9 523 504 1026 589 925 357 108 243 
12 9 523 504 1026 590 924 358 106 240 
12 9 523 504 1026 591 922 358 106 240 
12 9 523 504 1026 592 918 356 108 240 
12 9 523 504 1026 593 917 356 106 240 
12 9 523 504 1026 594 915 356 106 237 
12 9 523 504 1026 595 913 354 106 237 
12 9 523 504 1026 596 912 354 104 237 
12 9 523 504 1026 597 910 354 104 235 
12 9 523 504 1026 598 909 352 102 238 
12 9 523 504 1026 599 907 352 102 235 
12 9 523 504 1026 600 905 352 104 235 
12 9 523 504 1026 601 901 352 106 234 
12 9 523 504 1026 602 899 350 106 234 
12 9 523 504 1026 603 897 350 106 234 
12 9 523 504 1026 604 895 347 108 235 
12 9 523 504 1026 605 892 348 112 232 
12 9 523 504 1026 606 891 345 110 235 
12 9 523 504 1026 607 889 346 110 232 
12 9 523 504 1026 608 887 345 110 231 
12 9 523 504 1026 609 885 343 110 234 
12 9 523 504 1026 610 884 343 112 231 
12 9 523 504 1026 611 881 341 114 232 
12 9 523 504 1026 612 879 341 114 232 
12 9 523 504 1026 613 877 339 114 232 
12 9 523 504 1026 614 874 339 118 232 
12 9 523 504 1026 615 874 337 116 232 
12 9 523 504 1026 616 871 337 118 229 
12 9 523 504 1026 617 872 336 114 229 
12 9 523 504 1026 618 870 336 114 229 
12 9 523 504 1026 619 868 337 114 226 
12 9 523 504 1026 620 869 335 110 226 
12 9 523 504 1026 621 868 335 110 226 
12 9 523 504 1026 622 866 335 110 223 
12 9 523 504 1026 623 867 333 106 223 
12 9 523 504 1026 624 865 333 106 223 
12 9 523 504 1026 625 865 334 106 222 
12 9 523 504 1026 626 863 332 108 222 
12 9 523 504 1026 627 861 332 108 222 
12 9 523 504 1026 628 862 331 104 220 
12 9 523 504 1026 629 861 331 102 217 
12 9 523 504 1026 630 859 331 102 217 
12 9 523 504 1026 631 860 329 100 219 
12 9 523 504 1026 632 858 330 100 216 
12 9 523 504 1026 633 856 330 100 216 
12 9 523 504 1026 634 857 328 96 216 
12 9 523 504 1026 635 856 328 96 213 
12 9 523 504 1026 636 856 328 96 213 
12 9 523 504 1026 637 854 326 96 213 
12 9 523 504 1026 638 852 326 96 213 
12 9 523 504 1026 639 850 326 96 211 
12 9 523 504 1026 640 848 326 96 211 
12 9 523 504 1026 641 847 326 96 211 
12 9 523 504 1026 642 845 327 96 208 
12 9 523 504 1026 643 843 327 96 208 
12 9 523 504 1026 644 841 327 96 205 
12 9 523 504 1026 645 840 327 96 205 
12 9 523 504 1026 646 838 325 96 208 
12 9 523 504 1026 647 836 325 96 205 
12 9 523 504 1026 648 834 325 96 205 
12 9 523 504 1026 649 832 326 96 204 
12 9 523 504 1026 650 831 326 96 204 
12 9 523 504 1026 651 829 326 96 204 
12 9 523 504 1026 652 827 326 96 201 
12 9 523 504 1026 653 825 326 96 201 
12 9 523 504 1026 654 824 326 96 201 
12 9 523 504 1026 655 823 325 92 199 
12 9 523 504 1026 656 821 325 92 199 
12 9 523 504 1026 657 819 326 92 196 
12 9 523 504 1026 658 816 323 94 199 
12 9 523 504 1026 659 816 324 92 196 
12 9 523 504 1026 660 814 324 92 196 
12 9 523 504 1026 661 812 321 92 199 
12 9 523 504 1026 662 809 322 94 198 
12 9 523 504 1026 663 809 322 92 198 
12 9 523 504 1026 664 807 320 92 198 
12 9 523 504 1026 665 805 320 92 198 
12 9 523 504 1026 666 803 320 92 195 
12 9 523 504 1026 667 800 319 94 196 
12 9 523 504 1026 668 800 319 92 196 
12 9 523 504 1026 669 798 319 92 193 
12 9 523 504 1026 670 796 317 92 196 
12 9 523 504 1026 671 793 317 94 195 
12 9 523 504 1026 672 793 317 92 195 
12 9 523 504 1026 673 791 315 92 195 
12 9 523 504 1026 674 789 315 92 195 
12 9 523 504 1026 675 787 315 92 195 
12 9 523 504 1026 676 784 313 94 195 
12 9 523 504 1026 677 784 313 92 195 
12 9 523 504 1026 678 782 314 92 192 
12 9 523 504 1026 679 780 311 92 195 
12 9 523 504 1026 680 777 312 94 192 
12 9 523 504 1026 681 777 312 92 192 
12 9 523 504 1026 682 778 312 88 192 
12 9 523 504 1026 683 773 311 92 192 
12 9 523 504 1026 684 771 311 92 192 
12 9 523 504 1026 685 768 311 94 189 
12 9 523 504 1026 686 765 309 96 192 
12 9 523 504 1026 687 763 309 96 189 
12 9 523 504 1026 688 761 309 96 189 
12 9 523 504 1026 689 760 309 96 189 
12 9 523 504 1026 690 755 307 100 189 
12 9 523 504 1026 691 753 307 100 189 
12 9 523 504 1026 692 751 307 100 187 
12 9 523 504 1026 693 747 305 102 190 
12 9 523 504 1026 694 745 305 104 187 
12 9 523 504 1026 695 743 305 104 187 
12 9 523 504 1026 696 741 305 106 187 
12 9 523 504 1026 697 740 305 102 186 
12 9 523 504 1026 698 741 305 100 186 
12 9 523 504 1026 699 739 303 100 186 
12 9 523 504 1026 700 740 303 96 186 
12 9 523 504 1026 701 738 303 96 183 
12 9 523 504 1026 702 739 301 92 186 
12 9 523 504 1026 703 736 301 94 184 
12 9 523 504 1026 704 737 301 90 184 
12 9 523 504 1026 705 737 299 88 184 
12 9 523 504 1026 706 735 299 88 184 
12 9 523 504 1026 707 732 299 90 181 
12 9 523 504 1026 708 729 299 94 181 
12 9 523 504 1026 709 729 299 92 181 
12 9 523 504 1026 710 727 300 92 178 
12 9 523 504 1026 711 724 300 96 178 
12 9 523 504 1026 712 722 300 96 177 
12 9 523 504 1026 713 720 300 96 177 
12 9 523 504 1026 714 719 300 96 177 
12 9 523 504 1026 715 719 298 96 177 
12 9 523 504 1026 716 717 298 96 177 
12 9 523 504 1026 717 715 298 96 177 
12 9 523 504 1026 718 712 299 100 174 
12 9 523 504 1026 719 711 299 98 174 
12 9 523 504 1026 720 709 299 100 171 
12 9 523 504 1026 721 707 299 100 171 
12 9 523 504 1026 722 704 299 104 171 
12 9 523 504 1026 723 702 300 104 168 
12 9 523 504 1026 724 701 300 102 168 
12 9 523 504 1026 725 701 300 102 168 
12 9 523 504 1026 726 699 299 102 168 
12 9 523 504 1026 727 697 299 104 168 
12 9 523 504 1026 728 695 299 104 168 
12 9 523 504 1026 729 695 297 104 168 
12 9 523 504 1026 730 694 297 102 168 
12 9 523 504 1026 731 692 297 102 168 
12 9 523 504 1026 732 693 295 100 168 
12 9 523 504 1026 733 690 295 104 168 
12 9 523 504 1026 734 688 295 104 168 
12 9 523 504 1026 735 689 293 100 168 
12 9 523 504 1026 736 687 293 100 168 
12 9 523 504 1026 737 685 293 102 168 
12 9 523 504 1026 738 683 293 102 168 
12 9 523 504 1026 739 684 292 100 168 
12 9 523 504 1026 740 682 292 100 168 
12 9 523 504 1026 741 679 292 104 168 
12 9 523 504 1026 742 680 290 100 168 
12 9 523 504 1026 743 679 290 98 168 
12 9 523 504 1026 744 677 290 100 168 
12 9 523 504 1026 745 677 288 100 168 
12 9 523 504 1026 746 675 288 100 168 
12 9 523 504 1026 747 673 288 100 168 
12 9 523 504 1026 748 673 288 100 168 
12 9 523 504 1026 749 671 286 100 168 
12 9 523 504 1026 750 670 286 98 168 
12 9 523 504 1026 751 668 286 100 168 
12 9 523 504 1026 752 669 286 96 165 
12 9 523 504 1026 753 667 286 96 165 
12 9 523 504 1026 754 665 286 96 165 
12 9 523 504 1026 755 664 286 96 165 
12 9 523 504 1026 756 665 284 92 166 
12 9 523 504 1026 757 663 284 92 166 
12 9 523 504 1026 758 661 284 92 166 
12 9 523 504 1026 759 662 284 88 166 
12 9 523 504 1026 760 659 284 90 163 
12 9 523 504 1026 761 657 284 90 163 
12 9 523 504 1026 762 657 284 88 163 
12 9 523 504 1026 763 658 284 84 162 
12 9 523 504 1026 764 655 284 86 162 
12 9 523 504 1026 765 653 284 86 162 
12 9 523 504 1026 766 651 284 86 162 
12 9 523 504 1026 767 652 284 82 159 
12 9 523 504 1026 768 652 284 80 159 
12 9 523 504 1026 769 649 284 82 159 
12 9 523 504 1026 770 649 284 82 159 
12 9 523 504 1026 771 645 282 82 160 
12 9 523 504 1026 772 643 282 82 160 
12 9 523 504 1026 773 642 282 82 160 
12 9 523 504 1026 774 640 282 82 160 
12 9 523 504 1026 775 638 282 82 160 
12 9 523 504 1026 776 636 282 82 160 
12 9 523 504 1026 777 636 282 80 160 
12 9 523 504 1026 778 633 280 82 160 
12 9 523 504 1026 779 631 280 82 160 
12 9 523 504 1026 780 629 280 82 160 
12 9 523 504 1026 781 627 280 82 160 
12 9 523 504 1026 782 626 280 82 160 
12 9 523 504 1026 783 624 280 82 160 
12 9 523 504 1026 784 622 280 82 160 
12 9 523 504 1026 785 620 280 82 160 
12 9 523 504 1026 786 620 278 80 160 
12 9 523 504 1026 787 617 278 82 160 
12 9 523 504 1026 788 615 278 82 160 
12 9 523 504 1026 789 613 278 82 157 
12 9 523 504 1026 790 611 278 82 157 
12 9 523 504 1026 791 610 277 82 159 
12 9 523 504 1026 792 608 278 82 156 
12 9 523 504 1026 793 606 278 82 156 
12 9 523 504 1026 794 604 278 82 156 
12 9 523 504 1026 795 604 278 80 154 
12 9 523 504 1026 796 601 275 82 157 
12 9 523 504 1026 797 599 275 82 157 
12 9 523 504 1026 798 597 276 82 154 
12 9 523 504 1026 799 595 276 82 154 
12 9 523 504 1026 800 595 276 82 154 
12 9 523 504 1026 801 594 274 82 154 
12 9 523 504 1026 802 592 274 82 154 
12 9 523 504 1026 803 590 274 82 154 
12 9 523 504 1026 804 590 274 82 151 
12 9 523 504 1026 805 588 274 82 151 
12 9 523 504 1026 806 588 274 80 151 
12 9 523 504 1026 807 585 274 82 151 
12 9 523 504 1026 808 585 272 82 153 
12 9 523 504 1026 809 583 272 82 153 
12 9 523 504 1026 810 581 272 82 153 
12 9 523 504 1026 811 579 272 82 153 
12 9 523 504 1026 812 579 273 82 150 
12 9 523 504 1026 813 578 273 82 150 
12 9 523 504 1026 814 576 273 82 150 
12 9 523 504 1026 815 576 273 82 150 
12 9 523 504 1026 816 574 273 82 150 
12 9 523 504 1026 817 572 273 82 150 
12 9 523 504 1026 818 572 273 80 150 
12 9 523 504 1026 819 569 273 82 150 
12 9 523 504 1026 820 567 273 82 150 
12 9 523 504 1026 821 564 273 86 150 
12 9 523 504 1026 822 562 273 86 150 
12 9 523 504 1026 823 563 273 82 150 
12 9 523 504 1026 824 562 273 82 150 
12 9 523 504 1026 825 560 273 82 150 
12 9 523 504 1026 826 557 273 86 150 
12 9 523 504 1026 827 555 273 86 150 
12 9 523 504 1026 828 555 273 84 150 
12 9 523 504 1026 829 553 273 84 150 
12 9 523 504 1026 830 550 273 86 150 
12 9 523 504 1026 831 550 273 86 150 
12 9 523 504 1026 832 548 271 86 150 
12 9 523 504 1026 833 546 271 86 150 
12 9 523 504 1026 834 547 271 82 150 
12 9 523 504 1026 835 546 271 82 147 
12 9 523 504 1026 836 546 271 82 147 
12 9 523 504 1026 837 544 271 82 147 
12 9 523 504 1026 838 545 271 78 147 
12 9 523 504 1026 839 543 270 78 145 
12 9 523 504 1026 840 544 270 74 145 
12 9 523 504 1026 841 541 270 78 145 
12 9 523 504 1026 842 542 270 76 145 
12 9 523 504 1026 843 541 271 74 144 
12 9 523 504 1026 844 542 271 70 144 
12 9 523 504 1026 845 540 271 70 144 
12 9 523 504 1026 846 540 271 70 144 
12 9 523 504 1026 847 538 269 72 144 
12 9 523 504 1026 848 536 269 72 144 
12 9 523 504 1026 849 534 269 72 141 
12 9 523 504 1026 850 533 269 70 141 
12 9 523 504 1026 851 533 267 70 141 
12 9 523 504 1026 852 531 267 70 141 
12 9 523 504 1026 853 529 267 72 139 
12 9 523 504 1026 854 527 267 72 139 
12 9 523 504 1026 855 527 267 72 139 
12 9 523 504 1026 856 526 267 70 139 
12 9 523 504 1026 857 524 265 70 139 
12 9 523 504 1026 858 524 265 70 139 
12 9 523 504 1026 859 522 265 72 139 
12 9 523 504 1026 860 522 265 72 139 
12 9 523 504 1026 861 520 266 72 136 
12 9 523 504 1026 862 518 266 72 136 
12 9 523 504 1026 863 518 266 72 136 
12 9 523 504 1026 864 517 265 70 135 
12 9 523 504 1026 865 515 265 70 135 
12 9 523 504 1026 866 513 265 72 135 
12 9 523 504 1026 867 513 265 72 135 
12 9 523 504 1026 868 511 265 72 135 
12 9 523 504 1026 869 510 263 70 135 
12 9 523 504 1026 870 510 263 70 135 
12 9 523 504 1026 871 508 263 70 135 
12 9 523 504 1026 872 506 263 72 135 
12 9 523 504 1026 873 506 263 72 135 
12 9 523 504 1026 874 504 261 72 136 
12 9 523 504 1026 875 502 261 72 136 
12 9 523 504 1026 876 502 261 72 136 
12 9 523 504 1026 877 501 261 70 136 
12 9 523 504 1026 878 499 261 70 136 
12 9 523 504 1026 879 499 261 70 136 
12 9 523 504 1026 880 497 261 72 133 
12 9 523 504 1026 881 495 261 72 133 
12 9 523 504 1026 882 493 261 74 133 
12 9 523 504 1026 883 491 261 74 133 
12 9 523 504 1026 884 491 261 74 133 
12 9 523 504 1026 885 489 262 74 130 
12 9 523 504 1026 886 487 262 76 130 
12 9 523 504 1026 887 484 262 80 130 
12 9 523 504 1026 888 485 262 76 130 
12 9 523 504 1026 889 483 262 78 130 
12 9 523 504 1026 890 481 262 78 130 
12 9 523 504 1026 891 479 262 78 127 
12 9 523 504 1026 892 479 262 78 127 
12 9 523 504 1026 893 477 262 78 127 
12 9 523 504 1026 894 476 262 80 127 
12 9 523 504 1026 895 473 262 82 127 
12 9 523 504 1026 896 473 262 82 127 
12 9 523 504 1026 897 471 260 82 129 
12 9 523 504 1026 898 471 260 82 129 
12 9 523 504 1026 899 469 260 82 129 
12 9 523 504 1026 900 469 260 82 129 
12 9 523 504 1026 901 467 258 82 129 
12 9 523 504 1026 902 467 258 82 129 
12 9 523 504 1026 903 466 258 82 129 
12 9 523 504 1026 904 466 258 82 129 
12 9 523 504 1026 905 467 258 78 129 
12 9 523 504 1026 906 464 258 82 129 
12 9 523 504 1026 907 465 258 78 129 
12 9 523 504 1026 908 465 259 78 126 
12 9 523 504 1026 909 463 259 78 126 
12 9 523 504 1026 910 463 259 78 126 
12 9 523 504 1026 911 461 259 78 126 
12 9 523 504 1026 912 461 259 78 126 
12 9 523 504 1026 913 462 259 76 126 
12 9 523 504 1026 914 460 259 78 126 
12 9 523 504 1026 915 461 259 74 126 
12 9 523 504 1026 916 461 259 74 123 
12 9 523 504 1026 917 459 259 74 123 
12 9 523 504 1026 918 459 259 74 123 
12 9 523 504 1026 919 460 259 70 123 
12 9 523 504 1026 920 457 259 74 123 
12 9 523 504 1026 921 458 259 72 123 
12 9 523 504 1026 922 455 259 76 123 
12 9 523 504 1026 923 456 260 72 120 
12 9 523 504 1026 924 456 260 72 120 
12 9 523 504 1026 925 454 260 72 120 
12 9 523 504 1026 926 454 260 72 120 
12 9 523 504 1026 927 455 260 68 120 
12 9 523 504 1026 928 453 260 70 120 
12 9 523 504 1026 929 454 260 66 120 
12 9 523 504 1026 930 454 260 66 120 
12 9 523 504 1026 931 452 259 68 120 
12 9 523 504 1026 932 452 259 68 120 
12 9 523 504 1026 933 452 259 68 120 
12 9 523 504 1026 934 452 259 68 120 
12 9 523 504 1026 935 450 259 68 120 
12 9 523 504 1026 936 450 259 68 120 
12 9 523 504 1026 937 450 259 68 120 
12 9 523 504 1026 938 450 259 68 120 
12 9 523 504 1026 939 448 259 68 120 
12 9 523 504 1026 940 448 259 68 120 
12 9 523 504 1026 941 448 259 68 117 
12 9 523 504 1026 942 448 259 68 117 
12 9 523 504 1026 943 447 259 66 117 
12 9 523 504 1026 944 447 259 66 117 
12 9 523 504 1026 945 447 259 66 117 
12 9 523 504 1026 946 447 259 66 117 
12 9 523 504 1026 947 445 259 68 117 
12 9 523 504 1026 948 445 259 68 117 
12 9 523 504 1026 949 445 259 68 117 
12 9 523 504 1026 950 445 259 68 117 
12 9 523 504 1026 951 443 257 68 117 
12 9 523 504 1026 952 443 257 68 117 
12 9 523 504 1026 953 443 257 68 117 
12 9 523 504 1026 954 443 257 68 117 
12 9 523 504 1026 955 443 257 68 117 
12 9 523 504 1026 956 443 258 68 114 
12 9 523 504 1026 957 443 258 68 114 
12 9 523 504 1026 958 443 255 68 117 
12 9 523 504 1026 959 443 255 68 117 
12 9 523 504 1026 960 443 255 68 117 
12 9 523 504 1026 961 443 255 68 115 
12 9 523 504 1026 962 443 255 68 115 
12 9 523 504 1026 963 443 255 68 115 
12 9 523 504 1026 964 443 255 68 115 
12 9 523 504 1026 965 443 255 68 115 
12 9 523 504 1026 966 441 253 68 115 
12 9 523 504 1026 967 441 253 68 115 
12 9 523 504 1026 968 441 253 68 115 
12 9 523 504 1026 969 441 253 68 115 
12 9 523 504 1026 970 441 253 68 115 
12 9 523 504 1026 971 441 253 68 114 
12 9 523 504 1026 972 441 253 68 114 
12 9 523 504 1026 973 441 253 68 114 
12 9 523 504 1026 974 441 253 68 114 
12 9 523 504 1026 975 441 253 68 114 
12 9 523 504 1026 976 441 251 68 114 
12 9 523 504 1026 977 441 251 68 114 
12 9 523 504 1026 978 441 251 68 114 
12 9 523 504 1026 979 441 251 68 114 
12 9 523 504 1026 980 441 251 68 114 
12 9 523 504 1026 981 441 249 68 114 
12 9 523 504 1026 982 441 249 68 114 
12 9 523 504 1026 983 441 249 68 114 
12 9 523 504 1026 984 441 249 68 114 
12 9 523 504 1026 985 441 249 68 114 
12 9 523 504 1026 986 441 249 68 114 
12 9 523 504 1026 987 441 249 68 114 
12 9 523 504 1026 988 441 249 68 114 
12 9 523 504 1026 989 443 249 68 112 
12 9 523 504 1026 990 443 249 68 112 
12 9 523 504 1026 991 443 249 68 112 
12 9 523 504 1026 992 443 249 68 112 
12 9 523 504 1026 993 443 249 68 112 
12 9 523 504 1026 994 443 249 68 112 
12 9 523 504 1026 995 443 249 68 112 
12 9 523 504 1026 996 443 249 68 112 
12 9 523 504 1026 997 445 249 68 112 
12 9 523 504 1026 998 445 249 68 112 
12 9 523 504 1026 999 448 249 64 112 
12 9 523 504 1026 1000 449 249 64 112 
12 9 523 504 1026 1001 452 249 60 112 
12 9 523 504 1026 1002 454 251 60 111 
12 9 523 504 1026 1003 454 251 60 111 
12 9 523 504 1026 1004 456 251 60 111 
12 9 523 504 1026 1005 456 251 60 111 
12 9 523 504 1026 1006 456 251 62 111 
12 9 523 504 1026 1007 459 251 60 111 
12 9 523 504 1026 1008 461 249 60 112 
12 9 523 504 1026 1009 465 249 60 112 
12 9 523 504 1026 1010 468 249 60 112 
12 9 523 504 1026 1011 468 247 60 112 
12 9 523 504 1026 1012 468 247 60 112 
12 9 523 504 1026 1013 468 247 60 112 
12 9 523 504 1026 1014 470 245 60 112 
12 9 523 504 1026 1015 470 245 60 112 
12 9 523 504 1026 1016 470 245 60 112 
12 9 523 504 1026 1017 472 245 60 112 
12 9 523 504 1026 1018 472 245 60 112 
12 9 523 504 1026 1019 472 245 60 112 
12 9 523 504 1026 1020 472 245 60 112 
12 9 523 504 1026 1021 472 245 60 112 
12 9 523 504 1026 1022 472 245 60 112 
12 9 523 504 1026 1023 472 245 60 112 
12 9 523 504 1026 1024 472 245 60 112 
12 9 523 504 1026 1025 472 245 60 112 
12 9 523 504 1026 1026 472 245 60 112 
13 9 439 686 1124 686 334 244 46 58 
13 9 439 686 1124 687 334 244 46 58 
13 9 439 686 1124 688 334 244 46 58 
13 9 439 686 1124 689 334 244 46 58 
13 9 439 686 1124 690 334 244 46 58 
13 9 439 686 1124 691 334 244 46 58 
13 9 439 686 1124 692 334 244 46 58 
13 9 439 686 1124 693 334 243 46 61 
13 9 439 686 1124 694 334 243 46 61 
13 9 439 686 1124 695 334 243 46 61 
13 9 439 686 1124 696 334 243 46 61 
13 9 439 686 1124 697 334 243 46 61 
13 9 439 686 1124 698 334 243 46 61 
13 9 439 686 1124 699 334 243 46 61 
13 9 439 686 1124 700 334 243 46 61 
13 9 439 686 1124 701 334 243 46 61 
13 9 439 686 1124 702 334 243 46 61 
13 9 439 686 1124 703 334 243 46 61 
13 9 439 686 1124 704 334 243 46 63 
13 9 439 686 1124 705 334 243 46 63 
13 9 439 686 1124 706 334 243 46 63 
13 9 439 686 1124 707 334 243 46 63 
13 9 439 686 1124 708 334 243 46 63 
13 9 439 686 1124 709 334 243 46 63 
13 9 439 686 1124 710 334 243 46 63 
13 9 439 686 1124 711 334 243 46 63 
13 9 439 686 1124 712 334 243 46 63 
13 9 439 686 1124 713 334 243 46 63 
13 9 439 686 1124 714 334 243 46 63 
13 9 439 686 1124 715 334 243 46 66 
13 9 439 686 1124 716 334 243 46 66 
13 9 439 686 1124 717 334 243 46 66 
13 9 439 686 1124 718 334 243 46 66 
13 9 439 686 1124 719 334 243 46 66 
13 9 439 686 1124 720 334 243 46 66 
13 9 439 686 1124 721 334 243 46 66 
13 9 439 686 1124 722 334 243 46 66 
13 9 439 686 1124 723 334 243 46 66 
13 9 439 686 1124 724 334 243 46 66 
13 9 439 686 1124 725 334 243 46 66 
13 9 439 686 1124 726 334 242 46 69 
13 9 439 686 1124 727 334 242 46 69 
13 9 439 686 1124 728 334 242 46 69 
13 9 439 686 1124 729 334 242 46 69 
13 9 439 686 1124 730 334 242 46 69 
13 9 439 686 1124 731 334 242 46 69 
13 9 439 686 1124 732 334 242 46 69 
13 9 439 686 1124 733 334 242 46 69 
13 9 439 686 1124 734 334 242 46 69 
13 9 439 686 1124 735 334 242 46 69 
13 9 439 686 1124 736 334 242 46 69 
13 9 439 686 1124 737 334 242 46 69 
13 9 439 686 1124 738 334 242 46 69 
13 9 439 686 1124 739 334 242 46 69 
13 9 439 686 1124 740 334 242 46 69 
13 9 439 686 1124 741 334 242 46 72 
13 9 439 686 1124 742 334 242 46 72 
13 9 439 686 1124 743 334 242 46 72 
13 9 439 686 1124 744 334 242 46 72 
13 9 439 686 1124 745 334 242 46 72 
13 9 439 686 1124 746 334 242 46 72 
13 9 439 686 1124 747 334 242 46 72 
13 9 439 686 1124 748 334 242 46 72 
13 9 439 686 1124 749 334 242 46 72 
13 9 439 686 1124 750 334 242 46 72 
13 9 439 686 1124 751 334 242 46 72 
13 9 439 686 1124 752 334 242 46 72 
13 9 439 686 1124 753 334 242 46 72 
13 9 439 686 1124 754 334 242 46 72 
13 9 439 686 1124 755 334 241 46 75 
13 9 439 686 1124 756 334 241 46 75 
13 9 439 686 1124 757 334 241 46 75 
13 9 439 686 1124 758 334 241 46 75 
13 9 439 686 1124 759 334 241 46 75 
13 9 439 686 1124 760 334 241 46 75 
13 9 439 686 1124 761 334 241 46 75 
13 9 439 686 1124 762 334 241 46 75 
13 9 439 686 1124 763 334 241 46 75 
13 9 439 686 1124 764 334 241 46 75 
13 9 439 686 1124 765 334 241 46 75 
13 9 439 686 1124 766 334 241 46 75 
13 9 439 686 1124 767 334 241 46 75 
13 9 439 686 1124 768 334 241 46 75 
13 9 439 686 1124 769 334 243 46 73 
13 9 439 686 1124 770 334 243 46 73 
13 9 439 686 1124 771 334 244 46 75 
13 9 439 686 1124 772 334 244 46 75 
13 9 439 686 1124 773 334 246 46 75 
13 9 439 686 1124 774 332 246 48 75 
13 9 439 686 1124 775 332 246 48 75 
13 9 439 686 1124 776 332 246 48 75 
13 9 439 686 1124 777 332 246 48 75 
13 9 439 686 1124 778 332 246 48 75 
13 9 439 686 1124 779 332 246 48 75 
13 9 439 686 1124 780 332 246 48 75 
13 9 439 686 1124 781 332 246 48 75 
13 9 439 686 1124 782 331 246 46 75 
13 9 439 686 1124 783 331 246 46 75 
13 9 439 686 1124 784 331 246 46 75 
13 9 439 686 1124 785 331 246 46 75 
13 9 439 686 1124 786 331 246 46 75 
13 9 439 686 1124 787 331 246 46 75 
13 9 439 686 1124 788 331 246 46 75 
13 9 439 686 1124 789 331 246 46 75 
13 9 439 686 1124 790 331 246 46 78 
13 9 439 686 1124 791 329 246 46 78 
13 9 439 686 1124 792 329 246 46 78 
13 9 439 686 1124 793 329 246 46 78 
13 9 439 686 1124 794 329 246 46 78 
13 9 439 686 1124 795 329 246 46 78 
13 9 439 686 1124 796 329 246 46 78 
13 9 439 686 1124 797 329 246 46 78 
13 9 439 686 1124 798 329 246 46 78 
13 9 439 686 1124 799 327 248 46 75 
13 9 439 686 1124 800 327 248 46 75 
13 9 439 686 1124 801 327 248 46 75 
13 9 439 686 1124 802 327 248 46 75 
13 9 439 686 1124 803 327 248 46 75 
13 9 439 686 1124 804 327 248 46 75 
13 9 439 686 1124 805 327 248 46 75 
13 9 439 686 1124 806 327 248 46 75 
13 9 439 686 1124 807 327 248 46 76 
13 9 439 686 1124 808 325 248 46 76 
13 9 439 686 1124 809 325 248 46 76 
13 9 439 686 1124 810 325 248 46 76 
13 9 439 686 1124 811 325 248 46 76 
13 9 439 686 1124 812 325 248 46 76 
13 9 439 686 1124 813 325 248 46 76 
13 9 439 686 1124 814 325 248 46 76 
13 9 439 686 1124 815 325 248 46 76 
13 9 439 686 1124 816 324 248 46 76 
13 9 439 686 1124 817 324 248 46 76 
13 9 439 686 1124 818 324 248 46 76 
13 9 439 686 1124 819 324 248 46 76 
13 9 439 686 1124 820 324 248 46 76 
13 9 439 686 1124 821 324 248 46 76 
13 9 439 686 1124 822 324 248 46 76 
13 9 439 686 1124 823 324 248 46 76 
13 9 439 686 1124 824 324 250 46 76 
13 9 439 686 1124 825 322 250 46 76 
13 9 439 686 1124 826 322 250 46 76 
13 9 439 686 1124 827 322 250 46 76 
13 9 439 686 1124 828 322 250 46 76 
13 9 439 686 1124 829 322 250 46 76 
13 9 439 686 1124 830 322 250 46 76 
13 9 439 686 1124 831 322 250 46 76 
13 9 439 686 1124 832 322 250 46 76 
13 9 439 686 1124 833 320 250 46 76 
13 9 439 686 1124 834 320 250 46 76 
13 9 439 686 1124 835 320 250 46 76 
13 9 439 686 1124 836 320 250 46 76 
13 9 439 686 1124 837 320 250 46 76 
13 9 439 686 1124 838 320 250 46 76 
13 9 439 686 1124 839 320 250 46 76 
13 9 439 686 1124 840 320 251 46 78 
13 9 439 686 1124 841 318 251 46 78 
13 9 439 686 1124 842 318 251 46 78 
13 9 439 686 1124 843 318 251 46 78 
13 9 439 686 1124 844 318 251 46 78 
13 9 439 686 1124 845 318 251 46 78 
13 9 439 686 1124 846 318 251 46 78 
13 9 439 686 1124 847 318 251 46 78 
13 9 439 686 1124 848 318 251 46 78 
13 9 439 686 1124 849 318 251 46 78 
13 9 439 686 1124 850 318 251 46 78 
13 9 439 686 1124 851 316 251 48 78 
13 9 439 686 1124 852 316 251 48 78 
13 9 439 686 1124 853 316 251 48 78 
13 9 439 686 1124 854 316 251 48 78 
13 9 439 686 1124 855 316 253 48 78 
13 9 439 686 1124 856 316 253 48 78 
13 9 439 686 1124 857 316 253 48 78 
13 9 439 686 1124 858 316 253 48 78 
13 9 439 686 1124 859 316 253 48 78 
13 9 439 686 1124 860 316 253 48 78 
13 9 439 686 1124 861 315 253 46 78 
13 9 439 686 1124 862 315 253 46 78 
13 9 439 686 1124 863 315 253 46 78 
13 9 439 686 1124 864 315 253 46 78 
13 9 439 686 1124 865 315 253 46 78 
13 9 439 686 1124 866 315 253 46 78 
13 9 439 686 1124 867 315 253 46 78 
13 9 439 686 1124 868 315 253 46 78 
13 9 439 686 1124 869 315 253 46 78 
13 9 439 686 1124 870 315 255 46 78 
13 9 439 686 1124 871 315 255 46 78 
13 9 439 686 1124 872 315 255 46 78 
13 9 439 686 1124 873 315 255 46 78 
13 9 439 686 1124 874 315 255 46 78 
13 9 439 686 1124 875 315 255 46 78 
13 9 439 686 1124 876 315 255 46 78 
13 9 439 686 1124 877 315 255 46 78 
13 9 439 686 1124 878 315 255 46 78 
13 9 439 686 1124 879 315 255 46 78 
13 9 439 686 1124 880 315 255 46 78 
13 9 439 686 1124 881 315 255 46 78 
13 9 439 686 1124 882 315 255 46 78 
13 9 439 686 1124 883 315 255 46 78 
13 9 439 686 1124 884 315 254 46 79 
13 9 439 686 1124 885 315 254 46 79 
13 9 439 686 1124 886 315 254 46 79 
13 9 439 686 1124 887 315 254 46 79 
13 9 439 686 1124 888 315 254 46 79 
13 9 439 686 1124 889 315 254 46 82 
13 9 439 686 1124 890 315 254 46 82 
13 9 439 686 1124 891 315 254 46 82 
13 9 439 686 1124 892 315 254 46 82 
13 9 439 686 1124 893 315 254 46 82 
13 9 439 686 1124 894 315 254 46 82 
13 9 439 686 1124 895 315 253 46 85 
13 9 439 686 1124 896 315 253 46 85 
13 9 439 686 1124 897 315 253 46 85 
13 9 439 686 1124 898 315 253 46 85 
13 9 439 686 1124 899 315 253 46 85 
13 9 439 686 1124 900 314 253 50 88 
13 9 439 686 1124 901 313 253 50 88 
13 9 439 686 1124 902 312 253 50 88 
13 9 439 686 1124 903 311 253 50 88 
13 9 439 686 1124 904 311 253 50 88 
13 9 439 686 1124 905 310 253 50 88 
13 9 439 686 1124 906 309 253 50 88 
13 9 439 686 1124 907 309 253 50 88 
13 9 439 686 1124 908 308 253 50 88 
13 9 439 686 1124 909 307 253 50 88 
13 9 439 686 1124 910 307 253 50 88 
13 9 439 686 1124 911 306 254 50 87 
13 9 439 686 1124 912 305 254 50 87 
13 9 439 686 1124 913 304 254 52 87 
13 9 439 686 1124 914 304 254 50 88 
13 9 439 686 1124 915 303 254 50 88 
13 9 439 686 1124 916 302 254 52 88 
13 9 439 686 1124 917 302 254 50 88 
13 9 439 686 1124 918 301 254 50 88 
13 9 439 686 1124 919 300 254 52 88 
13 9 439 686 1124 920 300 254 50 88 
13 9 439 686 1124 921 299 255 50 87 
13 9 439 686 1124 922 298 255 52 87 
13 9 439 686 1124 923 298 255 50 87 
13 9 439 686 1124 924 297 255 50 87 
13 9 439 686 1124 925 296 255 52 87 
13 9 439 686 1124 926 295 255 52 87 
13 9 439 686 1124 927 295 255 50 87 
13 9 439 686 1124 928 294 255 52 88 
13 9 439 686 1124 929 293 255 52 88 
13 9 439 686 1124 930 293 255 50 88 
13 9 439 686 1124 931 292 256 52 87 
13 9 439 686 1124 932 291 256 52 87 
13 9 439 686 1124 933 291 256 50 87 
13 9 439 686 1124 934 290 256 52 87 
13 9 439 686 1124 935 289 256 52 87 
13 9 439 686 1124 936 288 256 52 87 
13 9 439 686 1124 937 288 256 52 87 
13 9 439 686 1124 938 287 256 52 87 
13 9 439 686 1124 939 286 256 52 87 
13 9 439 686 1124 940 286 256 52 87 
13 9 439 686 1124 941 285 257 52 85 
13 9 439 686 1124 942 284 257 52 87 
13 9 439 686 1124 943 284 257 52 87 
13 9 439 686 1124 944 283 257 52 87 
13 9 439 686 1124 945 282 257 52 87 
13 9 439 686 1124 946 282 257 52 87 
13 9 439 686 1124 947 281 257 52 87 
13 9 439 686 1124 948 280 257 52 87 
13 9 439 686 1124 949 278 257 54 87 
13 9 439 686 1124 950 279 257 52 87 
13 9 439 686 1124 951 278 257 52 87 
13 9 439 686 1124 952 276 258 54 85 
13 9 439 686 1124 953 277 258 52 85 
13 9 439 686 1124 954 276 258 52 85 
13 9 439 686 1124 955 274 258 54 87 
13 9 439 686 1124 956 275 258 52 87 
13 9 439 686 1124 957 274 258 52 87 
13 9 439 686 1124 958 272 258 54 87 
13 9 439 686 1124 959 271 258 54 87 
13 9 439 686 1124 960 272 258 52 87 
13 9 439 686 1124 961 270 258 54 87 
13 9 439 686 1124 962 269 259 54 85 
13 9 439 686 1124 963 270 259 52 85 
13 9 439 686 1124 964 268 259 54 85 
13 9 439 686 1124 965 267 259 54 85 
13 9 439 686 1124 966 268 259 52 85 
13 9 439 686 1124 967 266 259 54 85 
13 9 439 686 1124 968 265 259 54 85 
13 9 439 686 1124 969 266 259 52 87 
13 9 439 686 1124 970 264 259 54 87 
13 9 439 686 1124 971 263 259 54 87 
13 9 439 686 1124 972 262 260 54 85 
13 9 439 686 1124 973 262 260 54 85 
13 9 439 686 1124 974 261 260 54 85 
13 9 439 686 1124 975 260 260 54 85 
13 9 439 686 1124 976 260 260 54 85 
13 9 439 686 1124 977 259 260 54 85 
13 9 439 686 1124 978 258 260 54 85 
13 9 439 686 1124 979 258 260 54 85 
13 9 439 686 1124 980 257 260 54 85 
13 9 439 686 1124 981 256 260 54 85 
13 9 439 686 1124 982 256 261 54 85 
13 9 439 686 1124 983 254 261 54 85 
13 9 439 686 1124 984 252 261 54 85 
13 9 439 686 1124 985 251 261 54 85 
13 9 439 686 1124 986 249 261 54 85 
13 9 439 686 1124 987 247 261 54 85 
13 9 439 686 1124 988 246 261 54 85 
13 9 439 686 1124 989 244 261 54 85 
13 9 439 686 1124 990 243 261 54 85 
13 9 439 686 1124 991 241 261 54 85 
13 9 439 686 1124 992 239 261 54 85 
13 9 439 686 1124 993 238 261 54 85 
13 9 439 686 1124 994 236 261 54 85 
13 9 439 686 1124 995 235 261 54 85 
13 9 439 686 1124 996 233 261 54 85 
13 9 439 686 1124 997 231 263 54 84 
13 9 439 686 1124 998 230 263 54 84 
13 9 439 686 1124 999 228 263 54 84 
13 9 439 686 1124 1000 227 263 54 84 
13 9 439 686 1124 1001 225 262 54 85 
13 9 439 686 1124 1002 223 262 54 85 
13 9 439 686 1124 1003 222 262 54 85 
13 9 439 686 1124 1004 220 262 54 85 
13 9 439 686 1124 1005 219 262 54 85 
13 9 439 686 1124 1006 217 262 54 85 
13 9 439 686 1124 1007 215 262 54 85 
13 9 439 686 1124 1008 214 262 54 85 
13 9 439 686 1124 1009 212 262 54 85 
13 9 439 686 1124 1010 210 262 54 85 
13 9 439 686 1124 1011 209 262 54 85 
13 9 439 686 1124 1012 207 264 54 84 
13 9 439 686 1124 1013 206 264 54 84 
13 9 439 686 1124 1014 204 264 54 84 
13 9 439 686 1124 1015 202 264 54 84 
13 9 439 686 1124 1016 201 264 54 84 
13 9 439 686 1124 1017 199 264 54 84 
13 9 439 686 1124 1018 198 264 54 84 
13 9 439 686 1124 1019 196 264 54 84 
13 9 439 686 1124 1020 194 263 54 85 
13 9 439 686 1124 1021 193 263 54 85 
13 9 439 686 1124 1022 191 263 54 85 
13 9 439 686 1124 1023 190 263 54 85 
13 9 439 686 1124 1024 188 263 54 85 
13 9 439 686 1124 1025 186 263 54 85 
13 9 439 686 1124 1026 185 263 54 85 
13 9 439 686 1124 1027 183 265 54 84 
13 9 439 686 1124 1028 182 265 54 84 
13 9 439 686 1124 1029 180 265 54 84 
13 9 439 686 1124 1030 178 265 54 84 
13 9 439 686 1124 1031 177 265 54 84 
13 9 439 686 1124 1032 175 265 54 84 
13 9 439 686 1124 1033 173 265 54 84 
13 9 439 686 1124 1034 172 265 54 84 
13 9 439 686 1124 1035 170 265 54 84 
13 9 439 686 1124 1036 169 265 54 84 
13 9 439 686 1124 1037 167 265 54 84 
13 9 439 686 1124 1038 165 264 54 85 
13 9 439 686 1124 1039 164 264 54 85 
13 9 439 686 1124 1040 162 264 54 85 
13 9 439 686 1124 1041 161 264 54 85 
13 9 439 686 1124 1042 159 266 54 84 
13 9 439 686 1124 1043 157 266 54 84 
13 9 439 686 1124 1044 156 266 54 84 
13 9 439 686 1124 1045 154 266 54 84 
13 9 439 686 1124 1046 153 266 54 84 
13 9 439 686 1124 1047 151 266 54 84 
13 9 439 686 1124 1048 149 266 54 84 
13 9 439 686 1124 1049 148 266 54 84 
13 9 439 686 1124 1050 146 266 54 84 
13 9 439 686 1124 1051 145 266 54 84 
13 9 439 686 1124 1052 143 266 54 84 
13 9 439 686 1124 1053 141 266 54 84 
13 9 439 686 1124 1054 140 266 54 84 
13 9 439 686 1124 1055 138 266 54 84 
13 9 439 686 1124 1056 137 267 54 84 
13 9 439 686 1124 1057 135 267 54 84 
13 9 439 686 1124 1058 133 267 54 84 
13 9 439 686 1124 1059 131 267 54 84 
13 9 439 686 1124 1060 129 267 54 84 
13 9 439 686 1124 1061 127 267 54 84 
13 9 439 686 1124 1062 125 267 54 84 
13 9 439 686 1124 1063 123 267 54 84 
13 9 439 686 1124 1064 121 268 54 82 
13 9 439 686 1124 1065 119 268 54 84 
13 9 439 686 1124 1066 117 268 54 84 
13 9 439 686 1124 1067 115 268 54 84 
13 9 439 686 1124 1068 113 268 54 84 
13 9 439 686 1124 1069 111 268 54 84 
13 9 439 686 1124 1070 109 268 54 84 
13 9 439 686 1124 1071 107 269 54 82 
13 9 439 686 1124 1072 105 269 54 82 
13 9 439 686 1124 1073 103 269 54 84 
13 9 439 686 1124 1074 101 269 54 84 
13 9 439 686 1124 1075 99 269 54 84 
13 9 439 686 1124 1076 97 269 54 84 
13 9 439 686 1124 1077 95 269 54 84 
13 9 439 686 1124 1078 93 269 54 84 
13 9 439 686 1124 1079 91 270 54 82 
13 9 439 686 1124 1080 89 270 54 82 
13 9 439 686 1124 1081 87 270 54 82 
13 9 439 686 1124 1082 85 270 54 84 
13 9 439 686 1124 1083 83 270 54 84 
13 9 439 686 1124 1084 81 270 54 84 
13 9 439 686 1124 1085 79 270 54 84 
13 9 439 686 1124 1086 77 271 56 82 
13 9 439 686 1124 1087 75 271 56 82 
13 9 439 686 1124 1088 73 271 56 82 
13 9 439 686 1124 1089 71 271 56 82 
13 9 439 686 1124 1090 69 271 56 84 
13 9 439 686 1124 1091 67 271 56 84 
13 9 439 686 1124 1092 65 271 56 84 
13 9 439 686 1124 1093 63 272 56 82 
13 9 439 686 1124 1094 61 272 56 82 
13 9 439 686 1124 1095 59 272 56 82 
13 9 439 686 1124 1096 57 272 56 82 
13 9 439 686 1124 1097 55 272 56 82 
13 9 439 686 1124 1098 53 272 56 82 
13 9 439 686 1124 1099 51 272 56 84 
13 9 439 686 1124 1100 49 272 56 84 
13 9 439 686 1124 1101 47 273 56 82 
13 9 439 686 1124 1102 45 273 56 82 
13 9 439 686 1124 1103 43 273 56 82 
13 9 439 686 1124 1104 41 273 56 82 
13 9 439 686 1124 1105 39 273 56 82 
13 9 439 686 1124 1106 37 273 56 82 
13 9 439 686 1124 1107 35 273 56 84 
13 9 439 686 1124 1108 33 274 56 82 
13 9 439 686 1124 1109 31 274 56 82 
13 9 439 686 1124 1110 29 274 56 82 
13 9 439 686 1124 1111 27 274 56 82 
13 9 439 686 1124 1112 25 274 56 82 
13 9 439 686 1124 1113 23 274 56 82 
13 9 439 686 1124 1114 21 274 56 82 
13 9 439 686 1124 1115 20 275 56 82 
13 9 439 686 1124 1116 18 275 56 82 
13 9 439 686 1124 1117 17 275 56 82 
13 9 439 686 1124 1118 16 275 56 82 
13 9 439 686 1124 1119 15 276 56 82 
13 9 439 686 1124 1120 13 276 56 82 
13 9 439 686 1124 1121 12 276 56 82 
13 9 439 686 1124 1122 11 277 56 82 
13 9 439 686 1124 1123 10 277 56 82 
13 9 439 686 1124 1124 8 277 56 82 
