11 11 74 465 538 465 256 209 78 80 
11 11 74 465 538 466 256 209 78 80 
11 11 74 465 538 467 256 209 78 80 
11 11 74 465 538 468 256 209 78 80 
11 11 74 465 538 469 256 209 78 80 
11 11 74 465 538 470 256 209 78 80 
11 11 74 465 538 471 256 209 78 80 
11 11 74 465 538 472 256 209 78 80 
11 11 74 465 538 473 256 209 78 80 
11 11 74 465 538 474 256 209 78 80 
11 11 74 465 538 475 256 209 78 80 
11 11 74 465 538 476 256 209 78 80 
11 11 74 465 538 477 256 209 78 80 
11 11 74 465 538 478 256 209 78 80 
11 11 74 465 538 479 256 209 78 80 
11 11 74 465 538 480 256 209 78 80 
11 11 74 465 538 481 256 209 78 80 
11 11 74 465 538 482 256 209 78 80 
11 11 74 465 538 483 256 209 78 80 
11 11 74 465 538 484 256 209 78 80 
11 11 74 465 538 485 256 209 78 80 
11 11 74 465 538 486 256 209 78 80 
11 11 74 465 538 487 256 209 78 80 
11 11 74 465 538 488 256 209 78 80 
11 11 74 465 538 489 256 209 78 80 
11 11 74 465 538 490 256 209 78 80 
11 11 74 465 538 491 256 209 78 80 
11 11 74 465 538 492 256 209 78 80 
11 11 74 465 538 493 256 209 78 80 
11 11 74 465 538 494 256 209 78 80 
11 11 74 465 538 495 256 209 78 80 
11 11 74 465 538 496 256 209 78 80 
11 11 74 465 538 497 256 209 78 80 
11 11 74 465 538 498 256 209 78 80 
11 11 74 465 538 499 256 209 78 80 
11 11 74 465 538 500 256 209 78 80 
11 11 74 465 538 501 256 209 78 80 
11 11 74 465 538 502 256 209 78 80 
11 11 74 465 538 503 256 209 78 80 
11 11 74 465 538 504 256 209 78 80 
11 11 74 465 538 505 256 209 78 80 
11 11 74 465 538 506 256 209 78 80 
11 11 74 465 538 507 256 209 78 80 
11 11 74 465 538 508 256 209 78 80 
11 11 74 465 538 509 256 209 78 80 
11 11 74 465 538 510 256 209 78 80 
11 11 74 465 538 511 256 209 78 80 
11 11 74 465 538 512 256 209 78 80 
11 11 74 465 538 513 256 209 78 80 
11 11 74 465 538 514 256 209 78 80 
11 11 74 465 538 515 256 209 78 80 
11 11 74 465 538 516 256 209 78 80 
11 11 74 465 538 517 256 209 78 80 
11 11 74 465 538 518 256 209 78 80 
11 11 74 465 538 519 256 209 78 80 
11 11 74 465 538 520 256 209 78 80 
11 11 74 465 538 521 256 209 78 80 
11 11 74 465 538 522 256 209 78 80 
11 11 74 465 538 523 256 209 78 80 
11 11 74 465 538 524 256 209 78 80 
11 11 74 465 538 525 256 209 78 80 
11 11 74 465 538 526 256 209 78 80 
11 11 74 465 538 527 256 209 78 80 
11 11 74 465 538 528 256 209 78 80 
11 11 74 465 538 529 256 209 78 80 
11 11 74 465 538 530 256 209 78 80 
11 11 74 465 538 531 256 209 78 80 
11 11 74 465 538 532 256 209 78 80 
11 11 74 465 538 533 256 209 78 80 
11 11 74 465 538 534 256 209 78 80 
11 11 74 465 538 535 256 209 78 80 
11 11 74 465 538 536 256 209 78 80 
11 11 74 465 538 537 256 209 78 80 
11 11 74 465 538 538 256 209 78 80 
12 9 440 11 450 11 1011 510 154 208 
12 9 440 11 450 12 1002 504 152 214 
12 9 440 11 450 13 993 501 152 218 
12 9 440 11 450 14 979 489 154 229 
12 9 440 11 450 15 970 481 152 238 
12 9 440 11 450 16 959 471 152 248 
12 9 440 11 450 17 947 462 154 256 
12 9 440 11 450 18 938 455 152 263 
12 9 440 11 450 19 927 450 152 268 
12 9 440 11 450 20 915 445 154 273 
12 9 440 11 450 21 906 439 152 279 
12 9 440 11 450 22 897 434 152 284 
12 9 440 11 450 23 886 427 152 291 
12 9 440 11 450 24 876 421 154 297 
12 9 440 11 450 25 864 416 158 302 
12 9 440 11 450 26 857 411 156 303 
12 9 440 11 450 27 848 407 158 301 
12 9 440 11 450 28 841 406 158 300 
12 9 440 11 450 29 835 403 156 298 
12 9 440 11 450 30 830 402 156 294 
12 9 440 11 450 31 823 399 156 292 
12 9 440 11 450 32 816 397 156 291 
12 9 440 11 450 33 809 396 158 288 
12 9 440 11 450 34 803 392 156 283 
12 9 440 11 450 35 798 393 156 274 
12 9 440 11 450 36 791 392 156 267 
12 9 440 11 450 37 784 391 158 261 
12 9 440 11 450 38 779 389 150 262 
12 9 440 11 450 39 776 389 142 262 
12 9 440 11 450 40 773 389 134 262 
12 9 440 11 450 41 769 389 128 262 
12 9 440 11 450 42 762 387 128 258 
12 9 440 11 450 43 755 383 128 256 
12 9 440 11 450 44 750 380 128 253 
12 9 440 11 450 45 743 377 128 250 
12 9 440 11 450 46 737 374 128 247 
12 9 440 11 450 47 730 371 128 246 
12 9 440 11 450 48 725 367 128 243 
12 9 440 11 450 49 718 365 128 240 
12 9 440 11 450 50 712 363 126 237 
12 9 440 11 450 51 708 360 122 237 
12 9 440 11 450 52 702 359 120 234 
12 9 440 11 450 53 698 354 116 235 
12 9 440 11 450 54 692 353 114 232 
12 9 440 11 450 55 688 352 110 229 
12 9 440 11 450 56 680 351 114 226 
12 9 440 11 450 57 672 349 120 226 
12 9 440 11 450 58 663 347 128 226 
12 9 440 11 450 59 655 346 130 226 
12 9 440 11 450 60 645 344 140 226 
12 9 440 11 450 61 636 344 146 223 
12 9 440 11 450 62 634 343 142 222 
12 9 440 11 450 63 631 341 140 219 
12 9 440 11 450 64 629 339 134 219 
12 9 440 11 450 65 625 339 136 216 
12 9 440 11 450 66 623 337 130 216 
12 9 440 11 450 67 620 335 128 213 
12 9 440 11 450 68 616 333 128 214 
12 9 440 11 450 69 614 333 124 210 
12 9 440 11 450 70 609 331 126 210 
12 9 440 11 450 71 607 331 124 207 
12 9 440 11 450 72 603 329 124 208 
12 9 440 11 450 73 601 329 122 205 
12 9 440 11 450 74 599 328 118 202 
12 9 440 11 450 75 598 328 114 201 
12 9 440 11 450 76 596 326 112 201 
12 9 440 11 450 77 594 327 110 198 
12 9 440 11 450 78 591 326 108 193 
12 9 440 11 450 79 588 324 106 195 
12 9 440 11 450 80 584 325 106 192 
12 9 440 11 450 81 581 323 106 192 
12 9 440 11 450 82 577 323 106 189 
12 9 440 11 450 83 574 321 104 190 
12 9 440 11 450 84 571 320 102 189 
12 9 440 11 450 85 567 321 104 186 
12 9 440 11 450 86 564 319 102 186 
12 9 440 11 450 87 563 319 100 183 
12 9 440 11 450 88 559 319 100 181 
12 9 440 11 450 89 556 319 100 181 
12 9 440 11 450 90 552 319 100 181 
12 9 440 11 450 91 549 319 100 181 
12 9 440 11 450 92 545 319 100 181 
12 9 440 11 450 93 542 318 98 178 
12 9 440 11 450 94 538 316 100 177 
12 9 440 11 450 95 535 315 98 174 
12 9 440 11 450 96 531 314 100 169 
12 9 440 11 450 97 527 313 100 168 
12 9 440 11 450 98 524 311 100 165 
12 9 440 11 450 99 522 309 100 166 
12 9 440 11 450 100 519 308 98 165 
12 9 440 11 450 101 515 306 100 165 
12 9 440 11 450 102 513 306 100 165 
12 9 440 11 450 103 510 304 98 165 
12 9 440 11 450 104 508 304 100 165 
12 9 440 11 450 105 503 302 98 165 
12 9 440 11 450 106 499 302 100 165 
12 9 440 11 450 107 494 300 98 166 
12 9 440 11 450 108 490 300 100 166 
12 9 440 11 450 109 487 299 98 165 
12 9 440 11 450 110 483 299 100 165 
12 9 440 11 450 111 479 297 100 165 
12 9 440 11 450 112 476 297 100 165 
12 9 440 11 450 113 472 295 100 165 
12 9 440 11 450 114 471 295 98 165 
12 9 440 11 450 115 467 293 100 166 
12 9 440 11 450 116 463 293 100 166 
12 9 440 11 450 117 460 292 100 165 
12 9 440 11 450 118 459 293 96 162 
12 9 440 11 450 119 457 291 94 162 
12 9 440 11 450 120 457 291 92 159 
12 9 440 11 450 121 453 289 92 160 
12 9 440 11 450 122 451 289 90 157 
12 9 440 11 450 123 450 287 86 157 
12 9 440 11 450 124 450 287 84 157 
12 9 440 11 450 125 445 285 86 157 
12 9 440 11 450 126 443 284 84 157 
12 9 440 11 450 127 438 284 86 157 
12 9 440 11 450 128 434 282 86 157 
12 9 440 11 450 129 434 282 84 157 
12 9 440 11 450 130 431 280 86 157 
12 9 440 11 450 131 429 280 86 157 
12 9 440 11 450 132 427 278 86 157 
12 9 440 11 450 133 427 278 84 157 
12 9 440 11 450 134 425 278 82 156 
12 9 440 11 450 135 423 278 82 154 
12 9 440 11 450 136 421 278 82 154 
12 9 440 11 450 137 420 278 80 151 
12 9 440 11 450 138 419 278 78 151 
12 9 440 11 450 139 417 279 78 148 
12 9 440 11 450 140 415 279 78 148 
12 9 440 11 450 141 414 279 76 145 
12 9 440 11 450 142 413 279 74 145 
12 9 440 11 450 143 411 280 74 144 
12 9 440 11 450 144 409 280 74 144 
12 9 440 11 450 145 404 280 86 141 
12 9 440 11 450 146 402 280 86 141 
12 9 440 11 450 147 402 280 84 141 
12 9 440 11 450 148 402 280 84 144 
12 9 440 11 450 149 399 278 86 144 
12 9 440 11 450 150 397 278 86 144 
12 9 440 11 450 151 397 276 86 144 
12 9 440 11 450 152 395 276 86 144 
12 9 440 11 450 153 395 274 84 144 
12 9 440 11 450 154 395 274 84 144 
12 9 440 11 450 155 393 272 84 144 
12 9 440 11 450 156 390 272 86 142 
12 9 440 11 450 157 388 271 86 144 
12 9 440 11 450 158 388 271 86 141 
12 9 440 11 450 159 386 269 86 144 
12 9 440 11 450 160 386 269 84 141 
12 9 440 11 450 161 386 269 84 141 
12 9 440 11 450 162 386 267 84 144 
12 9 440 11 450 163 383 267 86 141 
12 9 440 11 450 164 383 267 86 141 
12 9 440 11 450 165 381 265 86 139 
12 9 440 11 450 166 379 266 86 136 
12 9 440 11 450 167 379 267 84 130 
12 9 440 11 450 168 377 266 84 130 
12 9 440 11 450 169 374 267 86 124 
12 9 440 11 450 170 372 267 86 121 
12 9 440 11 450 171 372 268 86 120 
12 9 440 11 450 172 370 266 86 120 
12 9 440 11 450 173 370 266 86 120 
12 9 440 11 450 174 370 266 84 120 
12 9 440 11 450 175 370 266 84 120 
12 9 440 11 450 176 367 266 86 120 
12 9 440 11 450 177 367 264 86 120 
12 9 440 11 450 178 365 264 86 120 
12 9 440 11 450 179 365 264 86 120 
12 9 440 11 450 180 363 264 86 120 
12 9 440 11 450 181 363 264 86 120 
12 9 440 11 450 182 363 262 84 120 
12 9 440 11 450 183 363 262 84 120 
12 9 440 11 450 184 361 262 84 120 
12 9 440 11 450 185 361 262 84 120 
12 9 440 11 450 186 361 262 84 120 
12 9 440 11 450 187 358 260 86 120 
12 9 440 11 450 188 358 260 86 120 
12 9 440 11 450 189 358 260 86 120 
12 9 440 11 450 190 358 259 86 120 
12 9 440 11 450 191 358 259 86 120 
12 9 440 11 450 192 358 259 86 120 
12 9 440 11 450 193 358 257 86 120 
12 9 440 11 450 194 358 257 86 120 
12 9 440 11 450 195 358 257 86 120 
12 9 440 11 450 196 358 257 86 120 
12 9 440 11 450 197 356 255 86 120 
12 9 440 11 450 198 356 255 86 120 
12 9 440 11 450 199 356 255 86 120 
12 9 440 11 450 200 356 255 86 117 
12 9 440 11 450 201 356 255 86 117 
12 9 440 11 450 202 356 255 86 117 
12 9 440 11 450 203 356 253 86 120 
12 9 440 11 450 204 356 253 86 118 
12 9 440 11 450 205 356 253 86 118 
12 9 440 11 450 206 357 253 82 118 
12 9 440 11 450 207 357 253 82 118 
12 9 440 11 450 208 357 253 82 115 
12 9 440 11 450 209 357 253 82 115 
12 9 440 11 450 210 357 252 82 117 
12 9 440 11 450 211 357 252 82 117 
12 9 440 11 450 212 357 253 82 114 
12 9 440 11 450 213 357 253 82 114 
12 9 440 11 450 214 357 253 82 114 
12 9 440 11 450 215 358 253 78 114 
12 9 440 11 450 216 358 253 78 111 
12 9 440 11 450 217 358 251 78 114 
12 9 440 11 450 218 358 251 78 114 
12 9 440 11 450 219 358 251 78 114 
12 9 440 11 450 220 358 251 78 111 
12 9 440 11 450 221 358 251 78 111 
12 9 440 11 450 222 358 251 78 111 
12 9 440 11 450 223 358 251 78 111 
12 9 440 11 450 224 356 251 80 109 
12 9 440 11 450 225 356 251 80 109 
12 9 440 11 450 226 357 251 76 109 
12 9 440 11 450 227 355 251 78 109 
12 9 440 11 450 228 356 252 74 106 
12 9 440 11 450 229 356 252 74 106 
12 9 440 11 450 230 357 252 70 106 
12 9 440 11 450 231 354 252 74 106 
12 9 440 11 450 232 354 252 74 106 
12 9 440 11 450 233 355 252 70 103 
12 9 440 11 450 234 352 252 74 103 
12 9 440 11 450 235 353 252 72 103 
12 9 440 11 450 236 353 252 72 103 
12 9 440 11 450 237 354 253 68 100 
12 9 440 11 450 238 351 253 72 100 
12 9 440 11 450 239 352 253 68 100 
12 9 440 11 450 240 352 253 68 100 
12 9 440 11 450 241 352 253 68 100 
12 9 440 11 450 242 351 251 66 102 
12 9 440 11 450 243 352 251 64 102 
12 9 440 11 450 244 349 249 68 102 
12 9 440 11 450 245 350 249 64 102 
12 9 440 11 450 246 347 249 68 102 
12 9 440 11 450 247 348 247 64 102 
12 9 440 11 450 248 346 247 64 102 
12 9 440 11 450 249 346 246 64 100 
12 9 440 11 450 250 344 246 64 100 
12 9 440 11 450 251 344 246 64 100 
12 9 440 11 450 252 343 244 64 100 
12 9 440 11 450 253 343 244 64 100 
12 9 440 11 450 254 344 244 60 100 
12 9 440 11 450 255 341 244 64 99 
12 9 440 11 450 256 342 244 60 99 
12 9 440 11 450 257 342 244 60 99 
12 9 440 11 450 258 340 245 60 96 
12 9 440 11 450 259 340 245 60 96 
12 9 440 11 450 260 340 245 58 96 
12 9 440 11 450 261 337 245 62 93 
12 9 440 11 450 262 338 245 58 93 
12 9 440 11 450 263 338 245 58 93 
12 9 440 11 450 264 338 246 56 90 
12 9 440 11 450 265 338 246 56 90 
12 9 440 11 450 266 339 246 52 90 
12 9 440 11 450 267 339 246 52 90 
12 9 440 11 450 268 337 243 52 91 
12 9 440 11 450 269 334 243 54 91 
12 9 440 11 450 270 334 243 54 91 
12 9 440 11 450 271 332 241 54 91 
12 9 440 11 450 272 332 241 54 91 
12 9 440 11 450 273 330 241 54 91 
12 9 440 11 450 274 330 241 52 90 
12 9 440 11 450 275 330 241 52 90 
12 9 440 11 450 276 327 241 54 90 
12 9 440 11 450 277 327 239 54 90 
12 9 440 11 450 278 325 239 54 90 
12 9 440 11 450 279 325 239 54 90 
12 9 440 11 450 280 323 237 54 90 
12 9 440 11 450 281 323 237 52 90 
12 9 440 11 450 282 323 237 52 90 
12 9 440 11 450 283 321 237 52 90 
12 9 440 11 450 284 321 237 52 90 
12 9 440 11 450 285 318 237 54 90 
12 9 440 11 450 286 316 234 54 91 
12 9 440 11 450 287 316 234 54 91 
12 9 440 11 450 288 314 234 54 91 
12 9 440 11 450 289 314 234 54 91 
12 9 440 11 450 290 314 234 52 91 
12 9 440 11 450 291 314 234 52 91 
12 9 440 11 450 292 311 232 54 91 
12 9 440 11 450 293 309 232 54 91 
12 9 440 11 450 294 309 232 54 91 
12 9 440 11 450 295 307 232 54 91 
12 9 440 11 450 296 307 232 54 91 
12 9 440 11 450 297 307 232 52 91 
12 9 440 11 450 298 307 232 52 91 
12 9 440 11 450 299 305 232 52 90 
12 9 440 11 450 300 302 232 54 90 
12 9 440 11 450 301 300 230 54 90 
12 9 440 11 450 302 300 230 54 90 
12 9 440 11 450 303 298 230 54 90 
12 9 440 11 450 304 298 230 54 90 
12 9 440 11 450 305 298 230 52 90 
12 9 440 11 450 306 298 230 52 90 
12 9 440 11 450 307 295 230 54 88 
12 9 440 11 450 308 295 230 54 88 
12 9 440 11 450 309 296 230 50 88 
12 9 440 11 450 310 293 230 54 88 
12 9 440 11 450 311 294 230 50 88 
12 9 440 11 450 312 291 230 54 88 
12 9 440 11 450 313 292 230 50 88 
12 9 440 11 450 314 291 230 52 85 
12 9 440 11 450 315 292 230 48 85 
12 9 440 11 450 316 289 230 52 85 
12 9 440 11 450 317 289 230 50 85 
12 9 440 11 450 318 289 228 50 88 
12 9 440 11 450 319 287 228 50 88 
12 9 440 11 450 320 287 228 50 88 
12 9 440 11 450 321 285 228 50 85 
12 9 440 11 450 322 285 228 50 85 
12 9 440 11 450 323 283 228 50 85 
12 9 440 11 450 324 283 228 50 85 
12 9 440 11 450 325 282 228 50 85 
12 9 440 11 450 326 282 228 50 85 
12 9 440 11 450 327 283 228 46 85 
12 9 440 11 450 328 280 229 50 82 
12 9 440 11 450 329 281 229 46 82 
12 9 440 11 450 330 278 229 50 82 
12 9 440 11 450 331 279 229 46 82 
12 9 440 11 450 332 276 229 50 82 
12 9 440 11 450 333 277 229 46 82 
12 9 440 11 450 334 277 229 46 82 
12 9 440 11 450 335 276 227 46 82 
12 9 440 11 450 336 276 227 46 82 
12 9 440 11 450 337 276 227 46 82 
12 9 440 11 450 338 276 227 46 82 
12 9 440 11 450 339 276 227 46 82 
12 9 440 11 450 340 274 227 46 82 
12 9 440 11 450 341 274 227 46 82 
12 9 440 11 450 342 274 227 46 81 
12 9 440 11 450 343 274 227 46 81 
12 9 440 11 450 344 274 227 46 81 
12 9 440 11 450 345 274 226 46 82 
12 9 440 11 450 346 272 226 46 82 
12 9 440 11 450 347 272 226 46 82 
12 9 440 11 450 348 272 226 46 82 
12 9 440 11 450 349 272 226 46 79 
12 9 440 11 450 350 272 226 46 79 
12 9 440 11 450 351 272 226 46 79 
12 9 440 11 450 352 270 226 46 79 
12 9 440 11 450 353 270 226 46 79 
12 9 440 11 450 354 270 226 46 79 
12 9 440 11 450 355 270 226 46 79 
12 9 440 11 450 356 270 224 46 79 
12 9 440 11 450 357 268 224 48 79 
12 9 440 11 450 358 268 224 48 79 
12 9 440 11 450 359 268 224 48 79 
12 9 440 11 450 360 268 224 48 79 
12 9 440 11 450 361 268 224 48 79 
12 9 440 11 450 362 268 224 48 79 
12 9 440 11 450 363 267 225 46 76 
12 9 440 11 450 364 267 225 46 76 
12 9 440 11 450 365 267 225 46 76 
12 9 440 11 450 366 267 222 46 79 
12 9 440 11 450 367 267 222 46 79 
12 9 440 11 450 368 267 222 46 79 
12 9 440 11 450 369 265 222 46 79 
12 9 440 11 450 370 265 223 46 78 
12 9 440 11 450 371 265 223 46 78 
12 9 440 11 450 372 265 223 46 78 
12 9 440 11 450 373 265 223 46 78 
12 9 440 11 450 374 265 223 46 78 
12 9 440 11 450 375 263 223 46 78 
12 9 440 11 450 376 263 223 46 78 
12 9 440 11 450 377 263 221 46 78 
12 9 440 11 450 378 263 221 46 78 
12 9 440 11 450 379 263 221 46 78 
12 9 440 11 450 380 261 221 46 78 
12 9 440 11 450 381 261 221 46 78 
12 9 440 11 450 382 261 221 46 78 
12 9 440 11 450 383 261 221 46 78 
12 9 440 11 450 384 261 221 46 75 
12 9 440 11 450 385 261 221 46 75 
12 9 440 11 450 386 260 221 46 75 
12 9 440 11 450 387 260 219 46 78 
12 9 440 11 450 388 260 219 46 78 
12 9 440 11 450 389 260 219 46 78 
12 9 440 11 450 390 260 219 46 78 
12 9 440 11 450 391 260 219 46 75 
12 9 440 11 450 392 258 219 46 75 
12 9 440 11 450 393 258 219 46 75 
12 9 440 11 450 394 258 219 46 75 
12 9 440 11 450 395 258 219 46 75 
12 9 440 11 450 396 258 219 46 75 
12 9 440 11 450 397 258 219 46 75 
12 9 440 11 450 398 258 218 46 73 
12 9 440 11 450 399 258 218 46 73 
12 9 440 11 450 400 258 218 46 73 
12 9 440 11 450 401 258 218 46 73 
12 9 440 11 450 402 258 218 46 73 
12 9 440 11 450 403 258 218 46 73 
12 9 440 11 450 404 258 218 46 73 
12 9 440 11 450 405 258 218 46 73 
12 9 440 11 450 406 258 218 46 73 
12 9 440 11 450 407 260 218 46 73 
12 9 440 11 450 408 260 218 46 73 
12 9 440 11 450 409 260 218 46 73 
12 9 440 11 450 410 260 218 46 73 
12 9 440 11 450 411 260 218 46 73 
12 9 440 11 450 412 260 218 46 73 
12 9 440 11 450 413 260 218 46 73 
12 9 440 11 450 414 260 218 46 73 
12 9 440 11 450 415 260 218 46 73 
12 9 440 11 450 416 260 218 46 73 
12 9 440 11 450 417 261 218 46 73 
12 9 440 11 450 418 261 218 46 73 
12 9 440 11 450 419 261 218 46 73 
12 9 440 11 450 420 261 218 46 73 
12 9 440 11 450 421 261 218 46 73 
12 9 440 11 450 422 261 218 46 73 
12 9 440 11 450 423 261 218 46 73 
12 9 440 11 450 424 261 218 46 73 
12 9 440 11 450 425 261 218 46 73 
12 9 440 11 450 426 261 218 46 73 
12 9 440 11 450 427 263 218 46 73 
12 9 440 11 450 428 263 218 46 73 
12 9 440 11 450 429 263 218 46 73 
12 9 440 11 450 430 263 218 46 73 
12 9 440 11 450 431 263 218 46 73 
12 9 440 11 450 432 263 218 46 73 
12 9 440 11 450 433 263 218 46 73 
12 9 440 11 450 434 263 218 46 73 
12 9 440 11 450 435 263 218 46 73 
12 9 440 11 450 436 265 218 46 73 
12 9 440 11 450 437 265 216 46 75 
12 9 440 11 450 438 265 216 46 75 
12 9 440 11 450 439 265 216 46 75 
12 9 440 11 450 440 265 216 46 75 
12 9 440 11 450 441 265 216 46 75 
12 9 440 11 450 442 265 216 46 75 
12 9 440 11 450 443 265 216 46 75 
12 9 440 11 450 444 265 216 46 75 
12 9 440 11 450 445 265 216 46 75 
12 9 440 11 450 446 265 216 46 75 
12 9 440 11 450 447 265 216 46 75 
12 9 440 11 450 448 265 216 46 75 
12 9 440 11 450 449 265 216 46 75 
12 9 440 11 450 450 267 216 46 75 
