2 9 825 51 875 51 859 541 196 178 
2 9 825 51 875 52 855 538 196 180 
2 9 825 51 875 53 852 536 196 183 
2 9 825 51 875 54 848 533 196 185 
2 9 825 51 875 55 847 531 194 188 
2 9 825 51 875 56 840 529 200 189 
2 9 825 51 875 57 837 527 198 191 
2 9 825 51 875 58 830 524 204 194 
2 9 825 51 875 59 827 522 202 196 
2 9 825 51 875 60 820 521 208 198 
2 9 825 51 875 61 817 518 206 200 
2 9 825 51 875 62 813 516 206 203 
2 9 825 51 875 63 807 513 210 205 
2 9 825 51 875 64 803 511 210 208 
2 9 825 51 875 65 797 511 214 208 
2 9 825 51 875 66 795 509 212 209 
2 9 825 51 875 67 787 507 218 211 
2 9 825 51 875 68 785 504 216 214 
2 9 825 51 875 69 780 502 218 216 
2 9 825 51 875 70 775 501 220 218 
2 9 825 51 875 71 771 498 220 220 
2 9 825 51 875 72 765 496 224 223 
2 9 825 51 875 73 761 493 224 225 
2 9 825 51 875 74 758 493 224 226 
2 9 825 51 875 75 754 491 224 228 
2 9 825 51 875 76 752 490 222 228 
2 9 825 51 875 77 752 487 220 231 
2 9 825 51 875 78 748 485 220 233 
2 9 825 51 875 79 746 483 218 235 
2 9 825 51 875 80 746 483 216 235 
2 9 825 51 875 81 745 482 212 236 
2 9 825 51 875 82 740 480 214 238 
2 9 825 51 875 83 738 477 214 241 
2 9 825 51 875 84 738 475 210 243 
2 9 825 51 875 85 736 476 210 242 
2 9 825 51 875 86 732 473 210 245 
2 9 825 51 875 87 732 472 206 246 
2 9 825 51 875 88 730 470 206 248 
2 9 825 51 875 89 729 468 202 250 
2 9 825 51 875 90 725 465 204 253 
2 9 825 51 875 91 724 466 202 252 
2 9 825 51 875 92 723 465 198 254 
2 9 825 51 875 93 721 463 200 256 
2 9 825 51 875 94 718 461 198 258 
2 9 825 51 875 95 717 458 196 260 
2 9 825 51 875 96 715 458 196 260 
2 9 825 51 875 97 714 456 192 262 
2 9 825 51 875 98 711 455 192 263 
2 9 825 51 875 99 709 453 192 266 
2 9 825 51 875 100 708 451 188 268 
2 9 825 51 875 101 705 451 190 268 
2 9 825 51 875 102 703 449 188 270 
2 9 825 51 875 103 701 448 188 271 
2 9 825 51 875 104 699 448 186 270 
2 9 825 51 875 105 697 446 186 272 
2 9 825 51 875 106 698 447 180 272 
2 9 825 51 875 107 695 445 182 274 
2 9 825 51 875 108 694 445 178 273 
2 9 825 51 875 109 692 443 178 275 
2 9 825 51 875 110 692 443 174 275 
2 9 825 51 875 111 690 441 174 277 
2 9 825 51 875 112 688 442 174 276 
2 9 825 51 875 113 687 441 172 274 
2 9 825 51 875 114 685 439 172 274 
2 9 825 51 875 115 685 439 166 271 
2 9 825 51 875 116 683 437 166 271 
2 9 825 51 875 117 682 438 164 270 
2 9 825 51 875 118 680 436 164 270 
2 9 825 51 875 119 680 436 160 267 
2 9 825 51 875 120 678 435 160 265 
2 9 825 51 875 121 677 436 156 264 
2 9 825 51 875 122 675 434 156 264 
2 9 825 51 875 123 672 434 158 264 
2 9 825 51 875 124 670 432 156 264 
2 9 825 51 875 125 668 430 156 264 
2 9 825 51 875 126 665 430 158 261 
2 9 825 51 875 127 665 428 156 262 
2 9 825 51 875 128 663 428 156 259 
2 9 825 51 875 129 659 428 156 258 
2 9 825 51 875 130 656 425 158 261 
2 9 825 51 875 131 656 426 156 258 
2 9 825 51 875 132 654 423 156 259 
2 9 825 51 875 133 652 424 156 256 
2 9 825 51 875 134 649 422 156 256 
2 9 825 51 875 135 647 421 156 255 
2 9 825 51 875 136 645 422 156 252 
2 9 825 51 875 137 643 419 156 255 
2 9 825 51 875 138 640 419 158 253 
2 9 825 51 875 139 638 417 156 253 
2 9 825 51 875 140 636 415 156 253 
2 9 825 51 875 141 633 416 158 250 
2 9 825 51 875 142 633 414 156 252 
2 9 825 51 875 143 631 414 156 252 
2 9 825 51 875 144 627 413 156 250 
2 9 825 51 875 145 624 411 158 250 
2 9 825 51 875 146 624 411 156 250 
2 9 825 51 875 147 620 409 156 250 
2 9 825 51 875 148 617 409 158 250 
2 9 825 51 875 149 617 407 156 250 
2 9 825 51 875 150 613 407 156 250 
2 9 825 51 875 151 611 406 156 250 
2 9 825 51 875 152 608 406 158 250 
2 9 825 51 875 153 608 404 156 250 
2 9 825 51 875 154 604 402 156 250 
2 9 825 51 875 155 601 402 158 250 
2 9 825 51 875 156 601 400 156 250 
2 9 825 51 875 157 597 400 156 250 
2 9 825 51 875 158 595 398 156 252 
2 9 825 51 875 159 592 398 158 252 
2 9 825 51 875 160 590 397 156 250 
2 9 825 51 875 161 588 397 156 250 
2 9 825 51 875 162 585 395 158 250 
2 9 825 51 875 163 585 395 156 250 
2 9 825 51 875 164 583 393 156 250 
2 9 825 51 875 165 581 393 156 247 
2 9 825 51 875 166 579 391 156 250 
2 9 825 51 875 167 576 391 158 249 
2 9 825 51 875 168 576 392 156 246 
2 9 825 51 875 169 576 390 156 247 
2 9 825 51 875 170 574 391 156 244 
2 9 825 51 875 171 572 391 156 244 
2 9 825 51 875 172 569 389 158 244 
2 9 825 51 875 173 569 389 156 243 
2 9 825 51 875 174 567 389 156 243 
2 9 825 51 875 175 567 387 156 243 
2 9 825 51 875 176 565 387 156 243 
2 9 825 51 875 177 563 388 156 240 
2 9 825 51 875 178 560 386 158 240 
2 9 825 51 875 179 560 386 156 240 
2 9 825 51 875 180 560 384 156 240 
2 9 825 51 875 181 558 384 156 240 
2 9 825 51 875 182 556 384 156 238 
2 9 825 51 875 183 553 383 158 237 
2 9 825 51 875 184 553 383 156 237 
2 9 825 51 875 185 551 384 156 234 
2 9 825 51 875 186 551 381 156 237 
2 9 825 51 875 187 549 382 156 234 
2 9 825 51 875 188 547 382 156 232 
2 9 825 51 875 189 544 379 158 235 
2 9 825 51 875 190 544 380 156 232 
2 9 825 51 875 191 544 380 156 232 
2 9 825 51 875 192 543 378 152 232 
2 9 825 51 875 193 540 378 154 229 
2 9 825 51 875 194 538 379 154 226 
2 9 825 51 875 195 538 378 152 228 
2 9 825 51 875 196 539 378 148 226 
2 9 825 51 875 197 537 378 148 223 
2 9 825 51 875 198 534 376 150 226 
2 9 825 51 875 199 533 376 146 223 
2 9 825 51 875 200 534 377 142 220 
2 9 825 51 875 201 532 374 144 223 
2 9 825 51 875 202 531 375 142 222 
2 9 825 51 875 203 529 375 142 219 
2 9 825 51 875 204 527 373 142 222 
2 9 825 51 875 205 528 373 138 219 
2 9 825 51 875 206 527 374 136 216 
2 9 825 51 875 207 526 371 134 219 
2 9 825 51 875 208 524 372 134 216 
2 9 825 51 875 209 525 372 132 214 
2 9 825 51 875 210 523 371 132 216 
2 9 825 51 875 211 521 371 132 213 
2 9 825 51 875 212 519 372 132 210 
2 9 825 51 875 213 520 372 128 210 
2 9 825 51 875 214 519 370 128 210 
2 9 825 51 875 215 517 370 128 210 
2 9 825 51 875 216 515 370 128 210 
2 9 825 51 875 217 513 367 128 211 
2 9 825 51 875 218 513 367 126 211 
2 9 825 51 875 219 512 367 128 211 
2 9 825 51 875 220 510 365 128 211 
2 9 825 51 875 221 508 365 128 211 
2 9 825 51 875 222 509 365 124 211 
2 9 825 51 875 223 507 365 124 210 
2 9 825 51 875 224 504 365 128 210 
2 9 825 51 875 225 503 365 128 210 
2 9 825 51 875 226 504 365 124 210 
2 9 825 51 875 227 502 363 124 210 
2 9 825 51 875 228 500 363 124 210 
2 9 825 51 875 229 497 363 128 210 
2 9 825 51 875 230 496 361 128 210 
2 9 825 51 875 231 497 361 124 210 
2 9 825 51 875 232 495 361 124 210 
2 9 825 51 875 233 493 358 124 211 
2 9 825 51 875 234 490 358 128 211 
2 9 825 51 875 235 491 358 124 211 
2 9 825 51 875 236 488 356 126 211 
2 9 825 51 875 237 488 356 124 211 
2 9 825 51 875 238 486 356 124 211 
2 9 825 51 875 239 486 356 124 211 
2 9 825 51 875 240 484 356 124 210 
2 9 825 51 875 241 481 356 126 207 
2 9 825 51 875 242 482 354 122 210 
2 9 825 51 875 243 481 354 124 208 
2 9 825 51 875 244 482 351 120 211 
2 9 825 51 875 245 480 352 120 208 
2 9 825 51 875 246 480 352 120 208 
2 9 825 51 875 247 478 350 120 208 
2 9 825 51 875 248 478 350 118 205 
2 9 825 51 875 249 475 350 122 205 
2 9 825 51 875 250 476 350 118 204 
2 9 825 51 875 251 473 350 122 204 
2 9 825 51 875 252 474 350 118 202 
2 9 825 51 875 253 474 350 118 202 
2 9 825 51 875 254 474 348 116 202 
2 9 825 51 875 255 471 348 118 202 
2 9 825 51 875 256 471 346 118 202 
2 9 825 51 875 257 469 346 118 202 
2 9 825 51 875 258 469 346 118 202 
2 9 825 51 875 259 467 344 118 202 
2 9 825 51 875 260 468 344 114 201 
2 9 825 51 875 261 468 344 114 201 
2 9 825 51 875 262 468 342 112 201 
2 9 825 51 875 263 468 342 112 201 
2 9 825 51 875 264 465 343 114 198 
2 9 825 51 875 265 465 343 114 198 
2 9 825 51 875 266 465 343 114 198 
2 9 825 51 875 267 463 343 114 195 
2 9 825 51 875 268 463 342 114 196 
2 9 825 51 875 269 463 342 114 196 
2 9 825 51 875 270 461 342 114 193 
2 9 825 51 875 271 461 342 114 193 
2 9 825 51 875 272 461 342 114 193 
2 9 825 51 875 273 459 343 114 192 
2 9 825 51 875 274 459 340 114 195 
2 9 825 51 875 275 459 340 114 195 
2 9 825 51 875 276 458 341 114 192 
2 9 825 51 875 277 458 341 114 192 
2 9 825 51 875 278 458 341 114 192 
2 9 825 51 875 279 456 341 114 189 
2 9 825 51 875 280 456 341 114 189 
2 9 825 51 875 281 456 339 114 192 
2 9 825 51 875 282 454 339 114 189 
2 9 825 51 875 283 454 339 114 189 
2 9 825 51 875 284 454 339 114 189 
2 9 825 51 875 285 452 339 114 187 
2 9 825 51 875 286 452 339 114 187 
2 9 825 51 875 287 452 337 114 190 
2 9 825 51 875 288 452 337 112 187 
2 9 825 51 875 289 452 337 112 187 
2 9 825 51 875 290 452 337 112 187 
2 9 825 51 875 291 449 338 114 184 
2 9 825 51 875 292 449 338 114 184 
2 9 825 51 875 293 449 337 114 186 
2 9 825 51 875 294 447 337 114 183 
2 9 825 51 875 295 447 337 114 183 
2 9 825 51 875 296 447 337 114 183 
2 9 825 51 875 297 445 338 114 180 
2 9 825 51 875 298 445 338 114 180 
2 9 825 51 875 299 445 338 114 180 
2 9 825 51 875 300 443 335 114 181 
2 9 825 51 875 301 444 333 112 181 
2 9 825 51 875 302 444 333 112 181 
2 9 825 51 875 303 445 334 108 178 
2 9 825 51 875 304 445 334 108 178 
2 9 825 51 875 305 445 334 108 175 
2 9 825 51 875 306 446 334 104 175 
2 9 825 51 875 307 446 335 104 174 
2 9 825 51 875 308 446 335 104 174 
2 9 825 51 875 309 447 335 100 171 
2 9 825 51 875 310 447 335 100 171 
2 9 825 51 875 311 447 335 100 171 
2 9 825 51 875 312 446 333 98 171 
2 9 825 51 875 313 444 333 100 171 
2 9 825 51 875 314 444 333 100 171 
2 9 825 51 875 315 442 331 100 171 
2 9 825 51 875 316 442 331 100 171 
2 9 825 51 875 317 440 331 100 171 
2 9 825 51 875 318 440 331 100 171 
2 9 825 51 875 319 439 330 98 169 
2 9 825 51 875 320 439 330 98 169 
2 9 825 51 875 321 437 330 100 169 
2 9 825 51 875 322 437 330 100 169 
2 9 825 51 875 323 435 331 100 168 
2 9 825 51 875 324 433 331 100 165 
2 9 825 51 875 325 431 331 100 165 
2 9 825 51 875 326 430 332 98 162 
2 9 825 51 875 327 428 332 100 159 
2 9 825 51 875 328 428 332 100 159 
2 9 825 51 875 329 426 330 100 160 
2 9 825 51 875 330 426 330 100 160 
2 9 825 51 875 331 426 330 100 160 
2 9 825 51 875 332 426 328 100 160 
2 9 825 51 875 333 424 328 100 160 
2 9 825 51 875 334 424 328 100 160 
2 9 825 51 875 335 424 326 100 160 
2 9 825 51 875 336 424 326 100 160 
2 9 825 51 875 337 424 326 100 160 
2 9 825 51 875 338 423 325 98 159 
2 9 825 51 875 339 423 325 98 159 
2 9 825 51 875 340 421 325 100 159 
2 9 825 51 875 341 421 325 100 159 
2 9 825 51 875 342 419 325 100 159 
2 9 825 51 875 343 419 325 100 159 
2 9 825 51 875 344 417 323 100 159 
2 9 825 51 875 345 417 323 100 159 
2 9 825 51 875 346 415 323 100 159 
2 9 825 51 875 347 415 323 100 159 
2 9 825 51 875 348 414 323 98 159 
2 9 825 51 875 349 414 323 98 159 
2 9 825 51 875 350 414 323 98 159 
2 9 825 51 875 351 412 321 100 160 
2 9 825 51 875 352 412 321 100 160 
2 9 825 51 875 353 412 321 100 157 
2 9 825 51 875 354 410 321 100 157 
2 9 825 51 875 355 410 319 100 160 
2 9 825 51 875 356 410 319 100 157 
2 9 825 51 875 357 408 319 100 157 
2 9 825 51 875 358 408 319 100 157 
2 9 825 51 875 359 408 317 100 157 
2 9 825 51 875 360 407 317 98 157 
2 9 825 51 875 361 407 318 98 156 
2 9 825 51 875 362 407 318 98 156 
2 9 825 51 875 363 405 316 100 157 
2 9 825 51 875 364 405 317 100 154 
2 9 825 51 875 365 405 317 100 154 
2 9 825 51 875 366 405 317 100 154 
2 9 825 51 875 367 403 315 100 154 
2 9 825 51 875 368 403 315 100 154 
2 9 825 51 875 369 401 315 100 154 
2 9 825 51 875 370 401 315 100 154 
2 9 825 51 875 371 399 315 100 154 
2 9 825 51 875 372 399 315 100 154 
2 9 825 51 875 373 398 315 98 154 
2 9 825 51 875 374 398 315 98 154 
2 9 825 51 875 375 396 315 100 154 
2 9 825 51 875 376 396 315 100 154 
2 9 825 51 875 377 394 315 100 154 
2 9 825 51 875 378 394 315 100 154 
2 9 825 51 875 379 392 315 100 154 
2 9 825 51 875 380 392 315 100 154 
2 9 825 51 875 381 392 315 100 154 
2 9 825 51 875 382 391 313 98 151 
2 9 825 51 875 383 391 314 98 147 
2 9 825 51 875 384 392 315 96 144 
2 9 825 51 875 385 389 315 100 139 
2 9 825 51 875 386 390 313 96 139 
2 9 825 51 875 387 390 314 96 133 
2 9 825 51 875 388 388 315 96 130 
2 9 825 51 875 389 388 316 96 126 
2 9 825 51 875 390 389 316 92 123 
2 9 825 51 875 391 386 316 96 120 
2 9 825 51 875 392 386 316 96 117 
2 9 825 51 875 393 387 317 92 111 
2 9 825 51 875 394 384 318 96 108 
2 9 825 51 875 395 384 318 94 103 
2 9 825 51 875 396 384 316 94 103 
2 9 825 51 875 397 385 317 90 99 
2 9 825 51 875 398 384 318 92 96 
2 9 825 51 875 399 385 319 88 90 
2 9 825 51 875 400 385 319 88 87 
2 9 825 51 875 401 382 317 92 85 
2 9 825 51 875 402 383 318 88 82 
2 9 825 51 875 403 383 319 88 78 
2 9 825 51 875 404 380 319 90 75 
2 9 825 51 875 405 380 320 90 69 
2 9 825 51 875 406 381 318 86 69 
2 9 825 51 875 407 378 319 90 64 
2 9 825 51 875 408 379 319 86 61 
2 9 825 51 875 409 379 320 86 57 
2 9 825 51 875 410 379 321 86 54 
2 9 825 51 875 411 379 321 84 54 
2 9 825 51 875 412 380 321 80 54 
2 9 825 51 875 413 380 321 80 54 
2 9 825 51 875 414 380 321 78 54 
2 9 825 51 875 415 377 321 82 54 
2 9 825 51 875 416 378 321 78 54 
2 9 825 51 875 417 379 321 74 54 
2 9 825 51 875 418 379 321 74 54 
2 9 825 51 875 419 377 321 74 54 
2 9 825 51 875 420 377 321 74 54 
2 9 825 51 875 421 378 321 72 54 
2 9 825 51 875 422 378 321 72 54 
2 9 825 51 875 423 376 319 72 54 
2 9 825 51 875 424 373 319 76 54 
2 9 825 51 875 425 371 319 78 54 
2 9 825 51 875 426 372 319 74 54 
2 9 825 51 875 427 369 319 78 54 
2 9 825 51 875 428 366 319 82 54 
2 9 825 51 875 429 364 318 82 52 
2 9 825 51 875 430 364 318 82 52 
2 9 825 51 875 431 363 318 84 52 
2 9 825 51 875 432 361 318 84 52 
2 9 825 51 875 433 358 318 88 52 
2 9 825 51 875 434 358 318 88 52 
2 9 825 51 875 435 358 317 86 58 
2 9 825 51 875 436 358 316 86 63 
2 9 825 51 875 437 358 315 86 69 
2 9 825 51 875 438 359 314 82 73 
2 9 825 51 875 439 359 313 82 79 
2 9 825 51 875 440 359 312 82 85 
2 9 825 51 875 441 359 312 82 90 
2 9 825 51 875 442 360 311 78 96 
2 9 825 51 875 443 360 310 78 100 
2 9 825 51 875 444 360 309 78 106 
2 9 825 51 875 445 360 308 78 111 
2 9 825 51 875 446 361 307 74 117 
2 9 825 51 875 447 361 306 74 121 
2 9 825 51 875 448 361 305 74 127 
2 9 825 51 875 449 361 304 74 135 
2 9 825 51 875 450 359 302 76 136 
2 9 825 51 875 451 359 302 76 136 
2 9 825 51 875 452 357 302 76 136 
2 9 825 51 875 453 357 300 76 136 
2 9 825 51 875 454 357 300 76 136 
2 9 825 51 875 455 356 300 74 136 
2 9 825 51 875 456 356 298 74 136 
2 9 825 51 875 457 354 298 74 136 
2 9 825 51 875 458 354 298 74 136 
2 9 825 51 875 459 354 297 74 135 
2 9 825 51 875 460 352 297 74 135 
2 9 825 51 875 461 352 297 74 135 
2 9 825 51 875 462 350 295 76 135 
2 9 825 51 875 463 350 295 76 135 
2 9 825 51 875 464 350 295 76 135 
2 9 825 51 875 465 349 293 74 136 
2 9 825 51 875 466 349 293 74 136 
2 9 825 51 875 467 349 293 74 136 
2 9 825 51 875 468 349 293 74 136 
2 9 825 51 875 469 349 293 74 136 
2 9 825 51 875 470 347 293 74 136 
2 9 825 51 875 471 347 293 74 136 
2 9 825 51 875 472 347 293 74 136 
2 9 825 51 875 473 347 291 74 136 
2 9 825 51 875 474 347 291 74 136 
2 9 825 51 875 475 345 291 74 136 
2 9 825 51 875 476 345 291 74 136 
2 9 825 51 875 477 345 291 74 136 
2 9 825 51 875 478 345 291 74 136 
2 9 825 51 875 479 345 291 74 136 
2 9 825 51 875 480 345 291 74 136 
2 9 825 51 875 481 343 289 76 136 
2 9 825 51 875 482 343 289 76 136 
2 9 825 51 875 483 343 289 76 136 
2 9 825 51 875 484 343 289 76 133 
2 9 825 51 875 485 343 289 76 133 
2 9 825 51 875 486 343 289 76 133 
2 9 825 51 875 487 343 289 76 133 
2 9 825 51 875 488 343 290 76 132 
2 9 825 51 875 489 343 290 76 132 
2 9 825 51 875 490 343 290 76 132 
2 9 825 51 875 491 343 290 76 132 
2 9 825 51 875 492 343 290 76 129 
2 9 825 51 875 493 343 290 76 129 
2 9 825 51 875 494 343 289 76 130 
2 9 825 51 875 495 343 289 76 130 
2 9 825 51 875 496 343 289 76 127 
2 9 825 51 875 497 343 289 76 127 
2 9 825 51 875 498 343 289 76 127 
2 9 825 51 875 499 343 289 76 127 
2 9 825 51 875 500 343 290 76 124 
2 9 825 51 875 501 343 290 76 124 
2 9 825 51 875 502 343 290 76 124 
2 9 825 51 875 503 343 290 76 124 
2 9 825 51 875 504 343 290 76 121 
2 9 825 51 875 505 343 290 76 121 
2 9 825 51 875 506 343 290 76 121 
2 9 825 51 875 507 343 290 76 121 
2 9 825 51 875 508 343 288 76 123 
2 9 825 51 875 509 343 288 76 123 
2 9 825 51 875 510 343 288 76 123 
2 9 825 51 875 511 345 288 74 123 
2 9 825 51 875 512 345 288 74 123 
2 9 825 51 875 513 345 288 74 123 
2 9 825 51 875 514 345 286 74 123 
2 9 825 51 875 515 347 286 74 123 
2 9 825 51 875 516 347 286 74 123 
2 9 825 51 875 517 347 286 74 123 
2 9 825 51 875 518 347 286 74 123 
2 9 825 51 875 519 349 286 74 123 
2 9 825 51 875 520 349 284 74 123 
2 9 825 51 875 521 349 284 74 123 
2 9 825 51 875 522 349 284 74 123 
2 9 825 51 875 523 350 284 76 123 
2 9 825 51 875 524 350 284 76 123 
2 9 825 51 875 525 350 284 76 123 
2 9 825 51 875 526 352 284 74 123 
2 9 825 51 875 527 353 284 72 123 
2 9 825 51 875 528 353 284 72 123 
2 9 825 51 875 529 353 284 72 123 
2 9 825 51 875 530 353 284 72 123 
2 9 825 51 875 531 353 284 72 123 
2 9 825 51 875 532 353 284 72 123 
2 9 825 51 875 533 353 284 72 123 
2 9 825 51 875 534 353 284 72 123 
2 9 825 51 875 535 354 284 68 123 
2 9 825 51 875 536 354 284 68 123 
2 9 825 51 875 537 354 284 68 123 
2 9 825 51 875 538 354 284 68 123 
2 9 825 51 875 539 354 284 68 123 
2 9 825 51 875 540 354 284 68 123 
2 9 825 51 875 541 354 284 68 123 
2 9 825 51 875 542 354 284 68 123 
2 9 825 51 875 543 354 284 68 123 
2 9 825 51 875 544 354 283 68 121 
2 9 825 51 875 545 354 283 68 121 
2 9 825 51 875 546 354 284 68 120 
2 9 825 51 875 547 354 284 68 120 
2 9 825 51 875 548 354 284 68 120 
2 9 825 51 875 549 354 282 68 120 
2 9 825 51 875 550 354 282 68 120 
2 9 825 51 875 551 354 282 68 120 
2 9 825 51 875 552 354 282 68 117 
2 9 825 51 875 553 354 282 68 117 
2 9 825 51 875 554 354 280 68 117 
2 9 825 51 875 555 354 280 68 117 
2 9 825 51 875 556 354 280 68 117 
2 9 825 51 875 557 354 281 68 114 
2 9 825 51 875 558 354 281 68 114 
2 9 825 51 875 559 354 281 68 114 
2 9 825 51 875 560 354 278 68 115 
2 9 825 51 875 561 354 278 68 115 
2 9 825 51 875 562 354 279 68 112 
2 9 825 51 875 563 354 279 68 112 
2 9 825 51 875 564 354 279 68 112 
2 9 825 51 875 565 354 277 68 112 
2 9 825 51 875 566 354 277 68 112 
2 9 825 51 875 567 354 277 68 112 
2 9 825 51 875 568 354 277 68 109 
2 9 825 51 875 569 354 277 68 109 
2 9 825 51 875 570 354 276 68 109 
2 9 825 51 875 571 354 276 68 109 
2 9 825 51 875 572 354 276 68 109 
2 9 825 51 875 573 354 277 68 106 
2 9 825 51 875 574 354 277 68 106 
2 9 825 51 875 575 354 277 68 106 
2 9 825 51 875 576 354 277 68 106 
2 9 825 51 875 577 354 277 68 106 
2 9 825 51 875 578 354 277 68 106 
2 9 825 51 875 579 354 277 68 106 
2 9 825 51 875 580 354 277 68 106 
2 9 825 51 875 581 354 277 68 106 
2 9 825 51 875 582 354 277 68 106 
2 9 825 51 875 583 354 277 68 106 
2 9 825 51 875 584 354 277 68 106 
2 9 825 51 875 585 354 277 68 106 
2 9 825 51 875 586 354 277 68 106 
2 9 825 51 875 587 354 277 68 106 
2 9 825 51 875 588 354 277 68 106 
2 9 825 51 875 589 354 277 68 106 
2 9 825 51 875 590 354 277 68 106 
2 9 825 51 875 591 354 277 68 106 
2 9 825 51 875 592 354 277 68 106 
2 9 825 51 875 593 354 277 68 106 
2 9 825 51 875 594 354 277 68 106 
2 9 825 51 875 595 354 277 68 106 
2 9 825 51 875 596 354 277 68 106 
2 9 825 51 875 597 354 277 68 106 
2 9 825 51 875 598 354 277 68 106 
2 9 825 51 875 599 354 277 68 106 
2 9 825 51 875 600 354 277 68 106 
2 9 825 51 875 601 352 275 68 106 
2 9 825 51 875 602 352 275 68 106 
2 9 825 51 875 603 352 275 68 106 
2 9 825 51 875 604 352 275 68 106 
2 9 825 51 875 605 352 275 68 106 
2 9 825 51 875 606 353 275 64 106 
2 9 825 51 875 607 351 275 66 106 
2 9 825 51 875 608 351 275 66 106 
2 9 825 51 875 609 351 275 66 106 
2 9 825 51 875 610 351 275 66 106 
2 9 825 51 875 611 352 275 64 106 
2 9 825 51 875 612 352 275 64 106 
2 9 825 51 875 613 349 275 68 106 
2 9 825 51 875 614 349 275 68 103 
2 9 825 51 875 615 349 275 68 103 
2 9 825 51 875 616 350 275 64 103 
2 9 825 51 875 617 350 273 64 106 
2 9 825 51 875 618 350 273 64 106 
2 9 825 51 875 619 347 273 68 106 
2 9 825 51 875 620 347 273 68 106 
2 9 825 51 875 621 347 273 68 106 
2 9 825 51 875 622 348 273 64 106 
2 9 825 51 875 623 348 273 64 106 
2 9 825 51 875 624 348 273 64 106 
2 9 825 51 875 625 345 273 68 106 
2 9 825 51 875 626 345 273 68 106 
2 9 825 51 875 627 346 273 64 106 
2 9 825 51 875 628 346 273 64 103 
2 9 825 51 875 629 346 273 64 103 
2 9 825 51 875 630 346 273 64 103 
2 9 825 51 875 631 343 273 68 103 
2 9 825 51 875 632 344 273 64 103 
2 9 825 51 875 633 344 271 64 106 
2 9 825 51 875 634 344 271 64 106 
2 9 825 51 875 635 344 271 64 106 
2 9 825 51 875 636 344 271 64 106 
2 9 825 51 875 637 343 271 64 106 
2 9 825 51 875 638 343 271 64 106 
2 9 825 51 875 639 343 271 64 106 
2 9 825 51 875 640 343 271 64 106 
2 9 825 51 875 641 343 271 64 105 
2 9 825 51 875 642 343 271 64 105 
2 9 825 51 875 643 341 271 64 105 
2 9 825 51 875 644 341 271 64 105 
2 9 825 51 875 645 341 271 64 105 
2 9 825 51 875 646 341 271 64 105 
2 9 825 51 875 647 341 271 64 105 
2 9 825 51 875 648 342 271 60 105 
2 9 825 51 875 649 339 270 64 106 
2 9 825 51 875 650 339 270 64 106 
2 9 825 51 875 651 339 270 64 106 
2 9 825 51 875 652 339 270 64 106 
2 9 825 51 875 653 340 270 60 106 
2 9 825 51 875 654 340 270 60 106 
2 9 825 51 875 655 337 270 64 103 
2 9 825 51 875 656 337 270 64 103 
2 9 825 51 875 657 337 270 64 103 
2 9 825 51 875 658 337 270 62 103 
2 9 825 51 875 659 337 270 62 103 
2 9 825 51 875 660 337 270 62 103 
2 9 825 51 875 661 336 270 64 103 
2 9 825 51 875 662 336 270 64 103 
2 9 825 51 875 663 336 270 64 103 
2 9 825 51 875 664 337 270 60 103 
2 9 825 51 875 665 337 268 60 106 
2 9 825 51 875 666 337 268 60 106 
2 9 825 51 875 667 334 268 64 106 
2 9 825 51 875 668 334 268 64 103 
2 9 825 51 875 669 335 268 60 103 
2 9 825 51 875 670 335 268 60 103 
2 9 825 51 875 671 335 268 60 103 
2 9 825 51 875 672 335 268 60 103 
2 9 825 51 875 673 332 268 64 103 
2 9 825 51 875 674 333 268 60 103 
2 9 825 51 875 675 333 268 60 103 
2 9 825 51 875 676 333 268 60 103 
2 9 825 51 875 677 333 268 60 103 
2 9 825 51 875 678 333 268 60 103 
2 9 825 51 875 679 331 268 60 103 
2 9 825 51 875 680 331 268 60 103 
2 9 825 51 875 681 331 266 60 106 
2 9 825 51 875 682 331 266 60 103 
2 9 825 51 875 683 331 266 60 103 
2 9 825 51 875 684 331 266 60 103 
2 9 825 51 875 685 328 266 62 103 
2 9 825 51 875 686 328 266 62 103 
2 9 825 51 875 687 328 266 62 103 
2 9 825 51 875 688 328 266 62 103 
2 9 825 51 875 689 328 266 62 103 
2 9 825 51 875 690 329 266 58 103 
2 9 825 51 875 691 328 266 60 103 
2 9 825 51 875 692 328 266 60 103 
2 9 825 51 875 693 328 266 60 103 
2 9 825 51 875 694 328 266 60 103 
2 9 825 51 875 695 329 266 56 103 
2 9 825 51 875 696 329 267 56 102 
2 9 825 51 875 697 326 264 60 105 
2 9 825 51 875 698 326 264 60 105 
2 9 825 51 875 699 326 264 60 105 
2 9 825 51 875 700 326 264 60 105 
2 9 825 51 875 701 327 264 56 105 
2 9 825 51 875 702 327 264 56 105 
2 9 825 51 875 703 324 264 60 105 
2 9 825 51 875 704 324 264 60 105 
2 9 825 51 875 705 324 264 60 105 
2 9 825 51 875 706 324 264 58 105 
2 9 825 51 875 707 324 264 58 105 
2 9 825 51 875 708 324 264 58 105 
2 9 825 51 875 709 321 265 62 102 
2 9 825 51 875 710 321 265 62 102 
2 9 825 51 875 711 322 265 58 102 
2 9 825 51 875 712 322 265 58 102 
2 9 825 51 875 713 322 262 58 105 
2 9 825 51 875 714 322 262 58 105 
2 9 825 51 875 715 321 262 60 105 
2 9 825 51 875 716 322 262 56 105 
2 9 825 51 875 717 322 262 56 105 
2 9 825 51 875 718 322 262 56 105 
2 9 825 51 875 719 322 262 56 105 
2 9 825 51 875 720 322 262 56 105 
2 9 825 51 875 721 319 262 60 105 
2 9 825 51 875 722 320 262 56 105 
2 9 825 51 875 723 320 263 56 102 
2 9 825 51 875 724 320 263 56 102 
2 9 825 51 875 725 320 263 56 102 
2 9 825 51 875 726 320 263 56 102 
2 9 825 51 875 727 318 263 56 102 
2 9 825 51 875 728 318 263 56 102 
2 9 825 51 875 729 318 263 56 102 
2 9 825 51 875 730 318 261 56 103 
2 9 825 51 875 731 318 261 56 103 
2 9 825 51 875 732 318 261 54 103 
2 9 825 51 875 733 315 261 58 103 
2 9 825 51 875 734 315 261 58 103 
2 9 825 51 875 735 315 261 58 103 
2 9 825 51 875 736 315 262 58 100 
2 9 825 51 875 737 316 262 54 100 
2 9 825 51 875 738 316 262 54 100 
2 9 825 51 875 739 313 262 58 100 
2 9 825 51 875 740 313 262 58 100 
2 9 825 51 875 741 313 262 58 100 
2 9 825 51 875 742 313 262 58 100 
2 9 825 51 875 743 314 262 54 100 
2 9 825 51 875 744 314 262 54 100 
2 9 825 51 875 745 313 262 56 100 
2 9 825 51 875 746 313 259 56 103 
2 9 825 51 875 747 313 259 56 103 
2 9 825 51 875 748 314 259 52 103 
2 9 825 51 875 749 314 259 52 103 
2 9 825 51 875 750 314 260 52 100 
2 9 825 51 875 751 311 260 56 100 
2 9 825 51 875 752 311 260 56 100 
2 9 825 51 875 753 311 260 54 100 
2 9 825 51 875 754 311 260 54 100 
2 9 825 51 875 755 311 260 54 100 
2 9 825 51 875 756 311 260 54 100 
2 9 825 51 875 757 308 260 58 100 
2 9 825 51 875 758 309 260 54 100 
2 9 825 51 875 759 309 260 54 100 
2 9 825 51 875 760 309 260 54 100 
2 9 825 51 875 761 309 260 54 100 
2 9 825 51 875 762 309 257 54 103 
2 9 825 51 875 763 306 258 58 102 
2 9 825 51 875 764 307 258 54 102 
2 9 825 51 875 765 307 258 54 102 
2 9 825 51 875 766 307 258 54 102 
2 9 825 51 875 767 307 258 54 102 
2 9 825 51 875 768 307 258 54 102 
2 9 825 51 875 769 307 258 52 102 
2 9 825 51 875 770 307 258 52 102 
2 9 825 51 875 771 307 258 52 102 
2 9 825 51 875 772 307 258 52 102 
2 9 825 51 875 773 307 258 52 102 
2 9 825 51 875 774 308 258 48 102 
2 9 825 51 875 775 305 258 52 102 
2 9 825 51 875 776 305 258 52 102 
2 9 825 51 875 777 305 258 52 99 
2 9 825 51 875 778 305 256 52 102 
2 9 825 51 875 779 305 256 52 102 
2 9 825 51 875 780 305 256 50 102 
2 9 825 51 875 781 302 256 54 102 
2 9 825 51 875 782 302 256 54 102 
2 9 825 51 875 783 302 256 54 102 
2 9 825 51 875 784 302 256 54 102 
2 9 825 51 875 785 303 256 50 102 
2 9 825 51 875 786 303 256 50 102 
2 9 825 51 875 787 300 256 54 102 
2 9 825 51 875 788 300 256 54 102 
2 9 825 51 875 789 300 256 54 102 
2 9 825 51 875 790 301 256 50 102 
2 9 825 51 875 791 301 256 50 99 
2 9 825 51 875 792 301 256 50 99 
2 9 825 51 875 793 298 256 54 99 
2 9 825 51 875 794 298 255 54 100 
2 9 825 51 875 795 299 255 50 100 
2 9 825 51 875 796 299 255 50 100 
2 9 825 51 875 797 299 255 50 100 
2 9 825 51 875 798 299 255 50 100 
2 9 825 51 875 799 298 255 52 100 
2 9 825 51 875 800 298 255 52 100 
2 9 825 51 875 801 298 255 50 100 
2 9 825 51 875 802 298 255 50 100 
2 9 825 51 875 803 298 255 50 100 
2 9 825 51 875 804 298 255 50 97 
2 9 825 51 875 805 295 255 54 97 
2 9 825 51 875 806 296 255 50 97 
2 9 825 51 875 807 296 255 50 97 
2 9 825 51 875 808 296 255 50 97 
2 9 825 51 875 809 296 255 50 97 
2 9 825 51 875 810 296 253 50 100 
2 9 825 51 875 811 294 253 50 100 
2 9 825 51 875 812 294 253 50 100 
2 9 825 51 875 813 294 253 50 100 
2 9 825 51 875 814 294 253 50 100 
2 9 825 51 875 815 294 253 50 100 
2 9 825 51 875 816 295 253 46 100 
2 9 825 51 875 817 292 253 50 100 
2 9 825 51 875 818 292 253 50 99 
2 9 825 51 875 819 292 253 50 99 
2 9 825 51 875 820 292 253 50 99 
2 9 825 51 875 821 292 253 50 99 
2 9 825 51 875 822 293 253 46 99 
2 9 825 51 875 823 292 253 48 99 
2 9 825 51 875 824 292 253 48 99 
2 9 825 51 875 825 292 253 48 99 
2 9 825 51 875 826 292 251 48 102 
2 9 825 51 875 827 292 251 46 102 
2 9 825 51 875 828 292 251 46 102 
2 9 825 51 875 829 289 251 50 102 
2 9 825 51 875 830 289 251 50 102 
2 9 825 51 875 831 289 251 50 99 
2 9 825 51 875 832 290 251 46 99 
2 9 825 51 875 833 290 251 46 99 
2 9 825 51 875 834 290 251 46 99 
2 9 825 51 875 835 287 251 50 99 
2 9 825 51 875 836 287 251 50 99 
2 9 825 51 875 837 288 251 46 99 
2 9 825 51 875 838 288 251 46 99 
2 9 825 51 875 839 288 251 46 99 
2 9 825 51 875 840 288 251 46 99 
2 9 825 51 875 841 285 251 50 99 
2 9 825 51 875 842 285 249 50 102 
2 9 825 51 875 843 286 249 46 102 
2 9 825 51 875 844 286 249 46 102 
2 9 825 51 875 845 286 249 46 99 
2 9 825 51 875 846 286 249 46 99 
2 9 825 51 875 847 283 249 50 99 
2 9 825 51 875 848 284 249 48 99 
2 9 825 51 875 849 284 249 48 99 
2 9 825 51 875 850 284 249 48 99 
2 9 825 51 875 851 284 249 48 99 
2 9 825 51 875 852 284 249 48 99 
2 9 825 51 875 853 283 249 46 99 
2 9 825 51 875 854 283 249 46 99 
2 9 825 51 875 855 283 249 46 99 
2 9 825 51 875 856 283 249 46 99 
2 9 825 51 875 857 283 249 46 99 
2 9 825 51 875 858 283 249 46 99 
2 9 825 51 875 859 283 249 46 99 
2 9 825 51 875 860 283 249 46 99 
2 9 825 51 875 861 283 249 46 99 
2 9 825 51 875 862 283 249 46 99 
2 9 825 51 875 863 283 249 46 99 
2 9 825 51 875 864 283 249 46 99 
2 9 825 51 875 865 283 249 46 99 
2 9 825 51 875 866 283 249 46 99 
2 9 825 51 875 867 283 249 46 99 
2 9 825 51 875 868 283 249 46 99 
2 9 825 51 875 869 283 249 46 99 
2 9 825 51 875 870 283 249 46 99 
2 9 825 51 875 871 283 249 46 99 
2 9 825 51 875 872 283 249 46 99 
2 9 825 51 875 873 283 249 46 99 
2 9 825 51 875 874 283 249 46 99 
2 9 825 51 875 875 283 249 46 99 
3 9 487 124 610 124 1153 540 126 178 
3 9 487 124 610 125 1142 535 136 183 
3 9 487 124 610 126 1135 533 144 186 
3 9 487 124 610 127 1128 530 151 188 
3 9 487 124 610 128 1121 529 157 189 
3 9 487 124 610 129 1117 526 162 192 
3 9 487 124 610 130 1113 526 166 192 
3 9 487 124 610 131 1105 524 174 194 
3 9 487 124 610 132 1099 521 180 197 
3 9 487 124 610 133 1094 521 185 197 
3 9 487 124 610 134 1090 520 184 198 
3 9 487 124 610 135 1083 518 186 201 
3 9 487 124 610 136 1076 515 188 203 
3 9 487 124 610 137 1072 515 184 203 
3 9 487 124 610 138 1065 513 186 206 
3 9 487 124 610 139 1060 510 186 208 
3 9 487 124 610 140 1056 510 184 208 
3 9 487 124 610 141 1049 506 184 212 
3 9 487 124 610 142 1042 501 186 217 
3 9 487 124 610 143 1038 500 184 218 
3 9 487 124 610 144 1033 495 184 223 
3 9 487 124 610 145 1026 490 186 228 
3 9 487 124 610 146 1022 489 184 229 
3 9 487 124 610 147 1017 484 184 234 
3 9 487 124 610 148 1010 480 186 238 
3 9 487 124 610 149 1006 478 184 241 
3 9 487 124 610 150 1001 473 184 246 
3 9 487 124 610 151 994 469 186 249 
3 9 487 124 610 152 990 466 184 252 
3 9 487 124 610 153 986 464 182 254 
3 9 487 124 610 154 984 462 178 256 
3 9 487 124 610 155 980 462 178 256 
3 9 487 124 610 156 978 461 174 257 
3 9 487 124 610 157 974 462 174 257 
3 9 487 124 610 158 972 459 170 259 
3 9 487 124 610 159 968 459 170 259 
3 9 487 124 610 160 966 457 166 261 
3 9 487 124 610 161 963 455 164 263 
3 9 487 124 610 162 959 455 164 263 
3 9 487 124 610 163 957 453 160 265 
3 9 487 124 610 164 953 453 160 265 
3 9 487 124 610 165 951 452 156 266 
3 9 487 124 610 166 947 452 156 266 
3 9 487 124 610 167 942 448 156 270 
3 9 487 124 610 168 938 446 154 273 
3 9 487 124 610 169 936 444 152 274 
3 9 487 124 610 170 929 440 154 278 
3 9 487 124 610 171 927 437 152 281 
3 9 487 124 610 172 923 436 150 282 
3 9 487 124 610 173 921 432 148 286 
3 9 487 124 610 174 914 429 150 289 
3 9 487 124 610 175 911 428 150 285 
3 9 487 124 610 176 908 424 146 286 
3 9 487 124 610 177 905 424 146 282 
3 9 487 124 610 178 899 422 146 282 
3 9 487 124 610 179 896 422 146 280 
3 9 487 124 610 180 892 422 146 280 
3 9 487 124 610 181 889 422 146 277 
3 9 487 124 610 182 885 422 146 277 
3 9 487 124 610 183 882 423 146 274 
3 9 487 124 610 184 876 421 146 274 
3 9 487 124 610 185 873 421 146 274 
3 9 487 124 610 186 869 421 146 271 
3 9 487 124 610 187 866 421 146 271 
3 9 487 124 610 188 862 422 146 270 
3 9 487 124 610 189 860 422 144 270 
3 9 487 124 610 190 855 419 146 268 
3 9 487 124 610 191 851 417 146 267 
3 9 487 124 610 192 851 413 142 267 
3 9 487 124 610 193 847 412 142 264 
3 9 487 124 610 194 844 411 142 264 
3 9 487 124 610 195 843 407 138 264 
3 9 487 124 610 196 839 405 140 262 
3 9 487 124 610 197 836 405 138 258 
3 9 487 124 610 198 834 400 138 261 
3 9 487 124 610 199 830 398 140 259 
3 9 487 124 610 200 827 397 138 256 
3 9 487 124 610 201 826 394 136 256 
3 9 487 124 610 202 822 392 136 256 
3 9 487 124 610 203 819 390 134 253 
3 9 487 124 610 204 818 387 132 253 
3 9 487 124 610 205 815 386 130 250 
3 9 487 124 610 206 813 384 132 250 
3 9 487 124 610 207 809 382 132 249 
3 9 487 124 610 208 807 381 132 247 
3 9 487 124 610 209 807 379 128 247 
3 9 487 124 610 210 802 380 132 244 
3 9 487 124 610 211 800 378 132 246 
3 9 487 124 610 212 800 376 128 246 
3 9 487 124 610 213 798 375 128 244 
3 9 487 124 610 214 794 375 128 241 
3 9 487 124 610 215 792 373 128 243 
3 9 487 124 610 216 791 372 128 240 
3 9 487 124 610 217 787 372 128 237 
3 9 487 124 610 218 785 370 128 237 
3 9 487 124 610 219 785 368 124 238 
3 9 487 124 610 220 783 367 124 237 
3 9 487 124 610 221 778 368 128 234 
3 9 487 124 610 222 776 366 126 234 
3 9 487 124 610 223 776 363 124 235 
3 9 487 124 610 224 774 364 124 232 
3 9 487 124 610 225 769 362 126 232 
3 9 487 124 610 226 769 361 124 231 
3 9 487 124 610 227 768 362 120 228 
3 9 487 124 610 228 763 359 124 229 
3 9 487 124 610 229 761 357 122 229 
3 9 487 124 610 230 761 358 120 226 
3 9 487 124 610 231 759 356 118 226 
3 9 487 124 610 232 754 354 122 228 
3 9 487 124 610 233 755 354 116 225 
3 9 487 124 610 234 753 353 116 223 
3 9 487 124 610 235 751 351 114 223 
3 9 487 124 610 236 746 352 118 220 
3 9 487 124 610 237 746 350 114 222 
3 9 487 124 610 238 744 348 114 222 
3 9 487 124 610 239 742 348 114 219 
3 9 487 124 610 240 741 347 110 217 
3 9 487 124 610 241 740 345 110 219 
3 9 487 124 610 242 738 346 110 216 
3 9 487 124 610 243 736 343 110 219 
3 9 487 124 610 244 734 344 110 216 
3 9 487 124 610 245 732 342 112 216 
3 9 487 124 610 246 731 342 110 216 
3 9 487 124 610 247 730 340 106 216 
3 9 487 124 610 248 728 340 106 214 
3 9 487 124 610 249 726 339 108 213 
3 9 487 124 610 250 725 339 106 213 
3 9 487 124 610 251 723 337 106 213 
3 9 487 124 610 252 721 338 106 210 
3 9 487 124 610 253 719 335 108 213 
3 9 487 124 610 254 718 335 104 211 
3 9 487 124 610 255 717 333 102 211 
3 9 487 124 610 256 715 334 102 208 
3 9 487 124 610 257 713 333 104 210 
3 9 487 124 610 258 711 333 104 207 
3 9 487 124 610 259 710 331 102 207 
3 9 487 124 610 260 708 331 102 207 
3 9 487 124 610 261 706 329 104 208 
3 9 487 124 610 262 704 329 104 208 
3 9 487 124 610 263 704 329 104 205 
3 9 487 124 610 264 702 327 104 208 
3 9 487 124 610 265 701 327 102 205 
3 9 487 124 610 266 701 327 102 205 
3 9 487 124 610 267 699 325 102 205 
3 9 487 124 610 268 697 325 104 205 
3 9 487 124 610 269 697 326 104 204 
3 9 487 124 610 270 695 324 104 205 
3 9 487 124 610 271 694 325 102 202 
3 9 487 124 610 272 694 325 102 202 
3 9 487 124 610 273 692 323 102 202 
3 9 487 124 610 274 690 323 104 202 
3 9 487 124 610 275 690 323 104 199 
3 9 487 124 610 276 688 321 104 202 
3 9 487 124 610 277 686 321 104 199 
3 9 487 124 610 278 686 321 104 199 
3 9 487 124 610 279 685 319 102 201 
3 9 487 124 610 280 683 319 102 201 
3 9 487 124 610 281 683 320 102 198 
3 9 487 124 610 282 681 318 104 199 
3 9 487 124 610 283 679 319 104 196 
3 9 487 124 610 284 679 319 104 196 
3 9 487 124 610 285 678 317 102 196 
3 9 487 124 610 286 676 317 102 196 
3 9 487 124 610 287 676 317 102 196 
3 9 487 124 610 288 674 315 104 198 
3 9 487 124 610 289 674 315 104 198 
3 9 487 124 610 290 672 315 104 195 
3 9 487 124 610 291 672 315 104 195 
3 9 487 124 610 292 673 313 100 195 
3 9 487 124 610 293 670 313 104 195 
3 9 487 124 610 294 671 314 100 192 
3 9 487 124 610 295 669 314 102 192 
3 9 487 124 610 296 670 312 98 192 
3 9 487 124 610 297 670 312 98 192 
3 9 487 124 610 298 668 312 100 190 
3 9 487 124 610 299 668 312 100 190 
3 9 487 124 610 300 668 312 100 190 
3 9 487 124 610 301 666 312 100 187 
3 9 487 124 610 302 667 313 96 184 
3 9 487 124 610 303 667 313 96 184 
3 9 487 124 610 304 665 313 96 181 
3 9 487 124 610 305 665 313 96 181 
3 9 487 124 610 306 665 314 94 180 
3 9 487 124 610 307 665 314 92 177 
3 9 487 124 610 308 665 314 92 177 
3 9 487 124 610 309 666 315 88 174 
3 9 487 124 610 310 663 315 92 174 
3 9 487 124 610 311 664 315 88 171 
3 9 487 124 610 312 664 318 88 168 
3 9 487 124 610 313 662 316 88 168 
3 9 487 124 610 314 662 316 88 168 
3 9 487 124 610 315 662 316 88 168 
3 9 487 124 610 316 659 316 90 168 
3 9 487 124 610 317 659 316 90 168 
3 9 487 124 610 318 659 315 90 168 
3 9 487 124 610 319 657 315 90 168 
3 9 487 124 610 320 657 315 90 168 
3 9 487 124 610 321 657 315 90 168 
3 9 487 124 610 322 657 315 88 168 
3 9 487 124 610 323 657 313 88 168 
3 9 487 124 610 324 657 313 88 168 
3 9 487 124 610 325 655 313 88 168 
3 9 487 124 610 326 655 313 88 168 
3 9 487 124 610 327 655 313 88 168 
3 9 487 124 610 328 655 313 88 168 
3 9 487 124 610 329 655 313 86 165 
3 9 487 124 610 330 655 313 86 165 
3 9 487 124 610 331 655 313 86 165 
3 9 487 124 610 332 655 313 86 165 
3 9 487 124 610 333 655 313 86 165 
3 9 487 124 610 334 656 313 82 165 
3 9 487 124 610 335 656 314 82 162 
3 9 487 124 610 336 656 314 82 162 
3 9 487 124 610 337 656 314 82 162 
3 9 487 124 610 338 656 314 82 162 
3 9 487 124 610 339 657 314 78 162 
3 9 487 124 610 340 657 314 78 162 
3 9 487 124 610 341 657 314 78 162 
3 9 487 124 610 342 657 314 78 160 
3 9 487 124 610 343 657 314 78 160 
3 9 487 124 610 344 658 314 74 160 
3 9 487 124 610 345 658 314 74 160 
3 9 487 124 610 346 658 314 74 160 
3 9 487 124 610 347 658 314 74 160 
3 9 487 124 610 348 658 314 74 160 
3 9 487 124 610 349 656 312 74 160 
3 9 487 124 610 350 656 312 74 160 
3 9 487 124 610 351 656 312 74 160 
3 9 487 124 610 352 654 312 76 160 
3 9 487 124 610 353 654 312 76 160 
3 9 487 124 610 354 654 312 76 160 
3 9 487 124 610 355 653 312 74 157 
3 9 487 124 610 356 653 312 74 157 
3 9 487 124 610 357 653 312 74 157 
3 9 487 124 610 358 651 312 74 157 
3 9 487 124 610 359 651 312 74 157 
3 9 487 124 610 360 651 312 74 157 
3 9 487 124 610 361 649 313 74 154 
3 9 487 124 610 362 649 313 74 154 
3 9 487 124 610 363 649 313 74 154 
3 9 487 124 610 364 647 313 76 154 
3 9 487 124 610 365 647 313 76 154 
3 9 487 124 610 366 647 313 76 154 
3 9 487 124 610 367 647 313 76 154 
3 9 487 124 610 368 645 311 76 154 
3 9 487 124 610 369 645 311 76 154 
3 9 487 124 610 370 645 311 76 153 
3 9 487 124 610 371 645 311 76 153 
3 9 487 124 610 372 644 312 74 150 
3 9 487 124 610 373 644 312 74 150 
3 9 487 124 610 374 644 312 74 147 
3 9 487 124 610 375 644 312 74 147 
3 9 487 124 610 376 642 311 74 145 
3 9 487 124 610 377 642 311 74 145 
3 9 487 124 610 378 642 312 74 144 
3 9 487 124 610 379 642 312 74 144 
3 9 487 124 610 380 640 312 74 141 
3 9 487 124 610 381 640 312 74 141 
3 9 487 124 610 382 640 313 74 138 
3 9 487 124 610 383 640 313 74 138 
3 9 487 124 610 384 640 313 74 138 
3 9 487 124 610 385 637 311 74 138 
3 9 487 124 610 386 635 311 74 138 
3 9 487 124 610 387 633 311 74 138 
3 9 487 124 610 388 631 311 76 138 
3 9 487 124 610 389 629 311 76 138 
3 9 487 124 610 390 628 311 74 138 
3 9 487 124 610 391 626 309 74 138 
3 9 487 124 610 392 624 309 74 138 
3 9 487 124 610 393 622 309 76 138 
3 9 487 124 610 394 621 309 74 138 
3 9 487 124 610 395 619 309 74 138 
3 9 487 124 610 396 617 309 74 138 
3 9 487 124 610 397 615 306 76 139 
3 9 487 124 610 398 613 306 76 139 
3 9 487 124 610 399 612 306 74 139 
3 9 487 124 610 400 610 306 74 139 
3 9 487 124 610 401 608 306 74 139 
3 9 487 124 610 402 606 306 76 139 
3 9 487 124 610 403 605 306 74 139 
3 9 487 124 610 404 601 304 74 139 
3 9 487 124 610 405 599 304 76 139 
3 9 487 124 610 406 597 304 76 139 
3 9 487 124 610 407 594 305 74 136 
3 9 487 124 610 408 592 305 74 136 
3 9 487 124 610 409 590 305 76 136 
3 9 487 124 610 410 589 305 74 136 
3 9 487 124 610 411 585 305 74 133 
3 9 487 124 610 412 583 305 76 133 
3 9 487 124 610 413 581 304 76 135 
3 9 487 124 610 414 578 304 74 133 
3 9 487 124 610 415 576 304 74 133 
3 9 487 124 610 416 574 304 76 133 
3 9 487 124 610 417 573 304 74 133 
3 9 487 124 610 418 569 305 74 130 
3 9 487 124 610 419 567 305 76 130 
3 9 487 124 610 420 565 305 76 130 
3 9 487 124 610 421 564 305 74 130 
3 9 487 124 610 422 560 303 74 130 
3 9 487 124 610 423 558 303 76 130 
3 9 487 124 610 424 557 301 74 130 
3 9 487 124 610 425 553 301 74 130 
3 9 487 124 610 426 551 301 76 130 
3 9 487 124 610 427 549 299 76 130 
3 9 487 124 610 428 548 299 74 130 
3 9 487 124 610 429 544 298 74 130 
3 9 487 124 610 430 542 298 76 130 
3 9 487 124 610 431 541 298 74 130 
3 9 487 124 610 432 537 296 74 130 
3 9 487 124 610 433 535 296 76 130 
3 9 487 124 610 434 533 296 76 130 
3 9 487 124 610 435 532 294 74 130 
3 9 487 124 610 436 528 294 74 130 
3 9 487 124 610 437 526 292 76 130 
3 9 487 124 610 438 525 292 74 130 
3 9 487 124 610 439 521 292 74 130 
3 9 487 124 610 440 519 290 76 132 
3 9 487 124 610 441 517 290 76 132 
3 9 487 124 610 442 516 290 74 132 
3 9 487 124 610 443 514 289 74 130 
3 9 487 124 610 444 512 289 74 130 
3 9 487 124 610 445 510 289 76 130 
3 9 487 124 610 446 509 289 74 130 
3 9 487 124 610 447 507 289 74 130 
3 9 487 124 610 448 505 289 74 130 
3 9 487 124 610 449 503 289 76 130 
3 9 487 124 610 450 501 287 76 130 
3 9 487 124 610 451 500 287 74 130 
3 9 487 124 610 452 498 287 74 130 
3 9 487 124 610 453 496 287 74 130 
3 9 487 124 610 454 494 287 76 130 
3 9 487 124 610 455 493 287 74 130 
3 9 487 124 610 456 491 287 74 130 
3 9 487 124 610 457 489 285 74 130 
3 9 487 124 610 458 487 285 76 130 
3 9 487 124 610 459 488 283 72 130 
3 9 487 124 610 460 486 283 72 130 
3 9 487 124 610 461 485 283 70 130 
3 9 487 124 610 462 485 282 70 130 
3 9 487 124 610 463 483 282 70 130 
3 9 487 124 610 464 481 280 72 130 
3 9 487 124 610 465 482 280 68 130 
3 9 487 124 610 466 480 280 68 130 
3 9 487 124 610 467 478 278 70 130 
3 9 487 124 610 468 479 278 66 130 
3 9 487 124 610 469 477 278 68 130 
3 9 487 124 610 470 475 276 68 130 
3 9 487 124 610 471 476 276 64 130 
3 9 487 124 610 472 473 274 68 132 
3 9 487 124 610 473 471 274 68 132 
3 9 487 124 610 474 472 274 64 132 
3 9 487 124 610 475 471 273 64 130 
3 9 487 124 610 476 469 273 64 130 
3 9 487 124 610 477 469 273 64 130 
3 9 487 124 610 478 467 271 64 130 
3 9 487 124 610 479 465 271 64 130 
3 9 487 124 610 480 464 271 64 127 
3 9 487 124 610 481 464 271 64 127 
3 9 487 124 610 482 462 272 64 124 
3 9 487 124 610 483 460 272 64 124 
3 9 487 124 610 484 458 272 64 123 
3 9 487 124 610 485 458 272 64 123 
3 9 487 124 610 486 456 273 64 120 
3 9 487 124 610 487 455 273 64 120 
3 9 487 124 610 488 453 273 64 117 
3 9 487 124 610 489 453 273 64 117 
3 9 487 124 610 490 451 274 64 114 
3 9 487 124 610 491 449 274 64 114 
3 9 487 124 610 492 448 274 64 112 
3 9 487 124 610 493 448 274 64 112 
3 9 487 124 610 494 446 274 64 109 
3 9 487 124 610 495 444 274 64 109 
3 9 487 124 610 496 444 274 64 109 
3 9 487 124 610 497 442 272 64 109 
3 9 487 124 610 498 440 272 64 109 
3 9 487 124 610 499 439 272 64 109 
3 9 487 124 610 500 437 272 64 109 
3 9 487 124 610 501 437 272 64 109 
3 9 487 124 610 502 435 272 64 109 
3 9 487 124 610 503 433 272 64 109 
3 9 487 124 610 504 432 270 64 109 
3 9 487 124 610 505 430 270 64 109 
3 9 487 124 610 506 430 270 64 109 
3 9 487 124 610 507 428 270 64 109 
3 9 487 124 610 508 426 270 64 109 
3 9 487 124 610 509 424 270 64 109 
3 9 487 124 610 510 424 270 64 109 
3 9 487 124 610 511 423 270 64 108 
3 9 487 124 610 512 423 270 64 108 
3 9 487 124 610 513 421 270 64 108 
3 9 487 124 610 514 421 270 64 108 
3 9 487 124 610 515 419 267 64 109 
3 9 487 124 610 516 419 267 64 109 
3 9 487 124 610 517 417 267 64 109 
3 9 487 124 610 518 417 267 64 109 
3 9 487 124 610 519 416 265 64 109 
3 9 487 124 610 520 416 265 64 109 
3 9 487 124 610 521 414 265 64 109 
3 9 487 124 610 522 414 265 64 109 
3 9 487 124 610 523 414 265 64 109 
3 9 487 124 610 524 412 265 64 109 
3 9 487 124 610 525 412 265 64 109 
3 9 487 124 610 526 410 265 64 109 
3 9 487 124 610 527 410 265 64 109 
3 9 487 124 610 528 410 265 64 109 
3 9 487 124 610 529 408 265 64 109 
3 9 487 124 610 530 408 265 64 109 
3 9 487 124 610 531 408 265 64 109 
3 9 487 124 610 532 407 265 64 109 
3 9 487 124 610 533 407 265 64 109 
3 9 487 124 610 534 405 265 64 109 
3 9 487 124 610 535 405 265 64 109 
3 9 487 124 610 536 405 265 64 109 
3 9 487 124 610 537 403 265 64 109 
3 9 487 124 610 538 403 265 64 109 
3 9 487 124 610 539 403 267 64 109 
3 9 487 124 610 540 401 265 64 109 
3 9 487 124 610 541 401 265 64 109 
3 9 487 124 610 542 401 265 64 109 
3 9 487 124 610 543 401 265 64 109 
3 9 487 124 610 544 401 265 64 109 
3 9 487 124 610 545 401 263 64 109 
3 9 487 124 610 546 401 263 64 109 
3 9 487 124 610 547 400 263 64 109 
3 9 487 124 610 548 400 263 64 109 
3 9 487 124 610 549 400 263 64 109 
3 9 487 124 610 550 400 263 64 109 
3 9 487 124 610 551 400 261 64 109 
3 9 487 124 610 552 400 261 64 109 
3 9 487 124 610 553 400 261 64 109 
3 9 487 124 610 554 400 261 64 109 
3 9 487 124 610 555 398 261 64 109 
3 9 487 124 610 556 398 261 64 109 
3 9 487 124 610 557 398 260 64 109 
3 9 487 124 610 558 398 260 64 109 
3 9 487 124 610 559 398 260 64 109 
3 9 487 124 610 560 398 260 64 109 
3 9 487 124 610 561 398 260 64 109 
3 9 487 124 610 562 398 260 64 109 
3 9 487 124 610 563 398 258 64 109 
3 9 487 124 610 564 398 258 64 109 
3 9 487 124 610 565 400 258 64 109 
3 9 487 124 610 566 400 258 64 109 
3 9 487 124 610 567 401 258 64 109 
3 9 487 124 610 568 401 258 64 109 
3 9 487 124 610 569 403 259 64 106 
3 9 487 124 610 570 403 259 64 106 
3 9 487 124 610 571 403 259 64 106 
3 9 487 124 610 572 405 259 64 106 
3 9 487 124 610 573 405 259 64 106 
3 9 487 124 610 574 407 259 64 106 
3 9 487 124 610 575 407 259 64 103 
3 9 487 124 610 576 408 259 64 103 
3 9 487 124 610 577 408 259 64 103 
3 9 487 124 610 578 408 259 64 103 
3 9 487 124 610 579 410 259 64 103 
3 9 487 124 610 580 410 259 64 103 
3 9 487 124 610 581 412 260 64 100 
3 9 487 124 610 582 412 260 64 100 
3 9 487 124 610 583 414 260 64 100 
3 9 487 124 610 584 414 260 64 100 
3 9 487 124 610 585 414 260 64 100 
3 9 487 124 610 586 416 260 64 100 
3 9 487 124 610 587 416 260 64 99 
3 9 487 124 610 588 417 260 64 99 
3 9 487 124 610 589 417 260 64 99 
3 9 487 124 610 590 419 260 64 99 
3 9 487 124 610 591 419 260 64 99 
3 9 487 124 610 592 421 260 64 99 
3 9 487 124 610 593 421 260 64 99 
3 9 487 124 610 594 420 263 68 96 
3 9 487 124 610 595 420 263 68 96 
3 9 487 124 610 596 419 264 70 94 
3 9 487 124 610 597 421 266 70 91 
3 9 487 124 610 598 422 264 72 94 
3 9 487 124 610 599 427 263 68 96 
3 9 487 124 610 600 432 263 64 96 
3 9 487 124 610 601 432 261 68 96 
3 9 487 124 610 602 436 261 68 96 
3 9 487 124 610 603 439 261 68 96 
3 9 487 124 610 604 442 261 72 96 
3 9 487 124 610 605 443 261 74 96 
3 9 487 124 610 606 446 261 76 96 
3 9 487 124 610 607 450 261 74 96 
3 9 487 124 610 608 452 261 80 96 
3 9 487 124 610 609 452 261 80 96 
3 9 487 124 610 610 452 261 80 96 
4 12 80 461 540 461 246 219 85 63 
4 12 80 461 540 462 246 219 85 63 
4 12 80 461 540 463 246 219 85 63 
4 12 80 461 540 464 246 219 85 63 
4 12 80 461 540 465 246 219 85 63 
4 12 80 461 540 466 246 219 85 63 
4 12 80 461 540 467 246 219 85 63 
4 12 80 461 540 468 246 219 85 63 
4 12 80 461 540 469 246 219 85 63 
4 12 80 461 540 470 246 219 85 63 
4 12 80 461 540 471 246 219 85 63 
4 12 80 461 540 472 246 219 85 63 
4 12 80 461 540 473 246 219 85 63 
4 12 80 461 540 474 246 219 85 63 
4 12 80 461 540 475 246 219 85 63 
4 12 80 461 540 476 246 219 85 63 
4 12 80 461 540 477 246 219 85 63 
4 12 80 461 540 478 246 219 85 63 
4 12 80 461 540 479 246 219 85 63 
4 12 80 461 540 480 246 219 85 63 
4 12 80 461 540 481 246 219 85 63 
4 12 80 461 540 482 246 219 85 63 
4 12 80 461 540 483 246 219 85 63 
4 12 80 461 540 484 246 219 85 63 
4 12 80 461 540 485 246 219 85 63 
4 12 80 461 540 486 246 219 85 63 
4 12 80 461 540 487 246 219 85 63 
4 12 80 461 540 488 246 219 85 63 
4 12 80 461 540 489 246 219 85 63 
4 12 80 461 540 490 246 219 85 63 
4 12 80 461 540 491 246 219 85 63 
4 12 80 461 540 492 246 219 85 63 
4 12 80 461 540 493 246 219 85 63 
4 12 80 461 540 494 246 219 85 63 
4 12 80 461 540 495 246 219 85 63 
4 12 80 461 540 496 246 219 85 63 
4 12 80 461 540 497 246 219 85 63 
4 12 80 461 540 498 246 219 85 63 
4 12 80 461 540 499 246 219 85 63 
4 12 80 461 540 500 246 219 85 63 
4 12 80 461 540 501 246 219 85 63 
4 12 80 461 540 502 246 219 85 63 
4 12 80 461 540 503 246 219 85 63 
4 12 80 461 540 504 246 219 85 63 
4 12 80 461 540 505 246 219 85 63 
4 12 80 461 540 506 246 219 85 63 
4 12 80 461 540 507 246 219 85 63 
4 12 80 461 540 508 246 219 85 63 
4 12 80 461 540 509 246 219 85 63 
4 12 80 461 540 510 246 219 85 63 
4 12 80 461 540 511 246 219 85 63 
4 12 80 461 540 512 246 219 85 63 
4 12 80 461 540 513 246 219 85 63 
4 12 80 461 540 514 246 219 85 63 
4 12 80 461 540 515 246 219 85 63 
4 12 80 461 540 516 246 219 85 63 
4 12 80 461 540 517 246 219 85 63 
4 12 80 461 540 518 246 219 85 63 
4 12 80 461 540 519 246 219 85 63 
4 12 80 461 540 520 246 219 85 63 
4 12 80 461 540 521 246 219 85 63 
4 12 80 461 540 522 246 219 85 63 
4 12 80 461 540 523 246 219 85 63 
4 12 80 461 540 524 246 219 85 63 
4 12 80 461 540 525 246 219 85 63 
4 12 80 461 540 526 246 219 85 63 
4 12 80 461 540 527 246 219 85 63 
4 12 80 461 540 528 246 219 85 63 
4 12 80 461 540 529 246 219 85 63 
4 12 80 461 540 530 246 219 85 63 
4 12 80 461 540 531 246 219 85 63 
4 12 80 461 540 532 246 219 85 63 
4 12 80 461 540 533 246 219 85 63 
4 12 80 461 540 534 246 219 85 63 
4 12 80 461 540 535 246 219 85 63 
4 12 80 461 540 536 246 219 85 63 
4 12 80 461 540 537 246 219 85 63 
4 12 80 461 540 538 246 219 85 63 
4 12 80 461 540 539 246 219 85 63 
4 12 80 461 540 540 246 219 85 63 
5 12 80 461 540 461 229 218 109 65 
5 12 80 461 540 462 229 218 109 65 
5 12 80 461 540 463 229 218 109 65 
5 12 80 461 540 464 229 218 109 65 
5 12 80 461 540 465 229 218 109 65 
5 12 80 461 540 466 229 218 109 65 
5 12 80 461 540 467 229 218 109 65 
5 12 80 461 540 468 229 218 109 65 
5 12 80 461 540 469 229 218 109 65 
5 12 80 461 540 470 229 218 109 65 
5 12 80 461 540 471 229 218 109 65 
5 12 80 461 540 472 229 218 109 65 
5 12 80 461 540 473 229 218 109 65 
5 12 80 461 540 474 229 218 109 65 
5 12 80 461 540 475 229 218 109 65 
5 12 80 461 540 476 229 218 109 65 
5 12 80 461 540 477 229 218 109 65 
5 12 80 461 540 478 229 218 109 65 
5 12 80 461 540 479 229 218 109 65 
5 12 80 461 540 480 229 218 109 65 
5 12 80 461 540 481 229 218 109 65 
5 12 80 461 540 482 229 218 109 65 
5 12 80 461 540 483 229 218 109 65 
5 12 80 461 540 484 229 218 109 65 
5 12 80 461 540 485 229 218 109 65 
5 12 80 461 540 486 229 218 109 65 
5 12 80 461 540 487 229 218 109 65 
5 12 80 461 540 488 229 218 109 65 
5 12 80 461 540 489 229 218 109 65 
5 12 80 461 540 490 229 218 109 65 
5 12 80 461 540 491 229 218 109 65 
5 12 80 461 540 492 229 218 109 65 
5 12 80 461 540 493 229 218 109 65 
5 12 80 461 540 494 229 218 109 65 
5 12 80 461 540 495 229 218 109 65 
5 12 80 461 540 496 229 218 109 65 
5 12 80 461 540 497 229 218 109 65 
5 12 80 461 540 498 229 218 109 65 
5 12 80 461 540 499 229 218 109 65 
5 12 80 461 540 500 229 218 109 65 
5 12 80 461 540 501 229 218 109 65 
5 12 80 461 540 502 229 218 109 65 
5 12 80 461 540 503 229 218 109 65 
5 12 80 461 540 504 229 218 109 65 
5 12 80 461 540 505 229 218 109 65 
5 12 80 461 540 506 229 218 109 65 
5 12 80 461 540 507 229 218 109 65 
5 12 80 461 540 508 229 218 109 65 
5 12 80 461 540 509 229 218 109 65 
5 12 80 461 540 510 229 218 109 65 
5 12 80 461 540 511 229 218 109 65 
5 12 80 461 540 512 229 218 109 65 
5 12 80 461 540 513 229 218 109 65 
5 12 80 461 540 514 229 218 109 65 
5 12 80 461 540 515 229 218 109 65 
5 12 80 461 540 516 229 218 109 65 
5 12 80 461 540 517 229 218 109 65 
5 12 80 461 540 518 229 218 109 65 
5 12 80 461 540 519 229 218 109 65 
5 12 80 461 540 520 229 218 109 65 
5 12 80 461 540 521 229 218 109 65 
5 12 80 461 540 522 229 218 109 65 
5 12 80 461 540 523 229 218 109 65 
5 12 80 461 540 524 229 218 109 65 
5 12 80 461 540 525 229 218 109 65 
5 12 80 461 540 526 229 218 109 65 
5 12 80 461 540 527 229 218 109 65 
5 12 80 461 540 528 229 218 109 65 
5 12 80 461 540 529 229 218 109 65 
5 12 80 461 540 530 229 218 109 65 
5 12 80 461 540 531 229 218 109 65 
5 12 80 461 540 532 229 218 109 65 
5 12 80 461 540 533 229 218 109 65 
5 12 80 461 540 534 229 218 109 65 
5 12 80 461 540 535 229 218 109 65 
5 12 80 461 540 536 229 218 109 65 
5 12 80 461 540 537 229 218 109 65 
5 12 80 461 540 538 229 218 109 65 
5 12 80 461 540 539 229 218 109 65 
5 12 80 461 540 540 229 218 109 65 
