1 11 47 143 189 143 272 223 58 56 
1 11 47 143 189 144 272 223 58 56 
1 11 47 143 189 145 272 223 58 56 
1 11 47 143 189 146 272 223 58 56 
1 11 47 143 189 147 272 223 58 56 
1 11 47 143 189 148 272 223 58 56 
1 11 47 143 189 149 272 223 58 56 
1 11 47 143 189 150 272 223 58 56 
1 11 47 143 189 151 272 223 58 56 
1 11 47 143 189 152 272 223 58 56 
1 11 47 143 189 153 272 223 58 56 
1 11 47 143 189 154 272 223 58 56 
1 11 47 143 189 155 272 223 58 56 
1 11 47 143 189 156 272 223 58 56 
1 11 47 143 189 157 272 223 58 56 
1 11 47 143 189 158 272 223 58 56 
1 11 47 143 189 159 272 223 58 56 
1 11 47 143 189 160 272 223 58 56 
1 11 47 143 189 161 272 223 58 56 
1 11 47 143 189 162 272 223 58 56 
1 11 47 143 189 163 272 223 58 56 
1 11 47 143 189 164 272 223 58 56 
1 11 47 143 189 165 272 223 58 56 
1 11 47 143 189 166 272 223 58 56 
1 11 47 143 189 167 272 223 58 56 
1 11 47 143 189 168 272 223 58 56 
1 11 47 143 189 169 272 223 58 56 
1 11 47 143 189 170 272 223 58 56 
1 11 47 143 189 171 272 223 58 56 
1 11 47 143 189 172 272 223 58 56 
1 11 47 143 189 173 272 223 58 56 
1 11 47 143 189 174 272 223 58 56 
1 11 47 143 189 175 272 223 58 56 
1 11 47 143 189 176 272 223 58 56 
1 11 47 143 189 177 272 223 58 56 
1 11 47 143 189 178 272 223 58 56 
1 11 47 143 189 179 272 223 58 56 
1 11 47 143 189 180 272 223 58 56 
1 11 47 143 189 181 272 223 58 56 
1 11 47 143 189 182 272 223 58 56 
1 11 47 143 189 183 272 223 58 56 
1 11 47 143 189 184 272 223 58 56 
1 11 47 143 189 185 272 223 58 56 
1 11 47 143 189 186 272 223 58 56 
1 11 47 143 189 187 272 223 58 56 
1 11 47 143 189 188 272 223 58 56 
1 11 47 143 189 189 272 223 58 56 
2 9 339 139 477 139 384 253 32 78 
2 9 339 139 477 140 384 253 32 78 
2 9 339 139 477 141 386 255 32 78 
2 9 339 139 477 142 386 255 32 78 
2 9 339 139 477 143 386 255 32 78 
2 9 339 139 477 144 386 255 32 78 
2 9 339 139 477 145 388 255 32 78 
2 9 339 139 477 146 388 255 32 78 
2 9 339 139 477 147 388 255 32 78 
2 9 339 139 477 148 388 255 32 78 
2 9 339 139 477 149 390 255 32 78 
2 9 339 139 477 150 390 255 32 78 
2 9 339 139 477 151 390 257 32 76 
2 9 339 139 477 152 390 257 32 76 
2 9 339 139 477 153 392 257 32 76 
2 9 339 139 477 154 392 257 32 76 
2 9 339 139 477 155 392 257 32 76 
2 9 339 139 477 156 392 257 32 76 
2 9 339 139 477 157 393 257 32 76 
2 9 339 139 477 158 393 257 32 76 
2 9 339 139 477 159 393 257 32 76 
2 9 339 139 477 160 393 257 32 76 
2 9 339 139 477 161 395 259 32 76 
2 9 339 139 477 162 395 259 32 76 
2 9 339 139 477 163 395 259 32 76 
2 9 339 139 477 164 395 259 32 76 
2 9 339 139 477 165 397 259 32 76 
2 9 339 139 477 166 397 259 32 76 
2 9 339 139 477 167 397 259 32 76 
2 9 339 139 477 168 399 259 32 76 
2 9 339 139 477 169 399 259 32 76 
2 9 339 139 477 170 399 259 32 76 
2 9 339 139 477 171 399 260 32 78 
2 9 339 139 477 172 400 260 32 78 
2 9 339 139 477 173 400 260 32 78 
2 9 339 139 477 174 400 260 32 78 
2 9 339 139 477 175 400 260 32 78 
2 9 339 139 477 176 402 260 32 78 
2 9 339 139 477 177 402 260 32 78 
2 9 339 139 477 178 402 260 32 78 
2 9 339 139 477 179 402 260 32 78 
2 9 339 139 477 180 404 260 32 78 
2 9 339 139 477 181 404 262 32 78 
2 9 339 139 477 182 404 262 32 78 
2 9 339 139 477 183 404 262 32 78 
2 9 339 139 477 184 406 262 32 78 
2 9 339 139 477 185 406 262 32 78 
2 9 339 139 477 186 406 262 32 78 
2 9 339 139 477 187 406 262 32 78 
2 9 339 139 477 188 408 262 32 78 
2 9 339 139 477 189 408 262 32 78 
2 9 339 139 477 190 408 262 32 78 
2 9 339 139 477 191 409 264 32 76 
2 9 339 139 477 192 409 264 32 76 
2 9 339 139 477 193 409 264 32 76 
2 9 339 139 477 194 409 264 32 76 
2 9 339 139 477 195 409 264 32 76 
2 9 339 139 477 196 409 264 32 76 
2 9 339 139 477 197 409 264 32 76 
2 9 339 139 477 198 409 264 32 76 
2 9 339 139 477 199 408 264 36 76 
2 9 339 139 477 200 408 264 36 76 
2 9 339 139 477 201 408 263 36 79 
2 9 339 139 477 202 411 263 32 79 
2 9 339 139 477 203 411 263 32 79 
2 9 339 139 477 204 411 263 32 79 
2 9 339 139 477 205 411 263 32 79 
2 9 339 139 477 206 411 263 32 79 
2 9 339 139 477 207 410 263 36 79 
2 9 339 139 477 208 410 263 36 79 
2 9 339 139 477 209 410 263 36 79 
2 9 339 139 477 210 410 263 36 82 
2 9 339 139 477 211 410 263 36 82 
2 9 339 139 477 212 410 263 36 82 
2 9 339 139 477 213 413 265 32 79 
2 9 339 139 477 214 413 265 32 79 
2 9 339 139 477 215 412 265 36 79 
2 9 339 139 477 216 412 265 36 79 
2 9 339 139 477 217 412 265 36 79 
2 9 339 139 477 218 412 265 36 79 
2 9 339 139 477 219 412 265 36 82 
2 9 339 139 477 220 412 265 36 82 
2 9 339 139 477 221 412 265 36 82 
2 9 339 139 477 222 412 265 36 82 
2 9 339 139 477 223 411 265 38 82 
2 9 339 139 477 224 414 265 34 82 
2 9 339 139 477 225 414 265 34 82 
2 9 339 139 477 226 414 265 34 82 
2 9 339 139 477 227 414 265 34 82 
2 9 339 139 477 228 414 264 34 85 
2 9 339 139 477 229 414 264 34 85 
2 9 339 139 477 230 413 264 38 85 
2 9 339 139 477 231 413 264 38 85 
2 9 339 139 477 232 413 264 38 85 
2 9 339 139 477 233 413 264 38 85 
2 9 339 139 477 234 413 264 38 85 
2 9 339 139 477 235 415 266 36 84 
2 9 339 139 477 236 415 266 36 84 
2 9 339 139 477 237 415 265 36 85 
2 9 339 139 477 238 414 265 40 85 
2 9 339 139 477 239 414 265 40 85 
2 9 339 139 477 240 414 265 40 85 
2 9 339 139 477 241 414 265 40 85 
2 9 339 139 477 242 414 265 40 85 
2 9 339 139 477 243 414 265 40 85 
2 9 339 139 477 244 414 265 40 85 
2 9 339 139 477 245 414 265 40 85 
2 9 339 139 477 246 416 265 40 88 
2 9 339 139 477 247 416 265 40 88 
2 9 339 139 477 248 416 265 40 88 
2 9 339 139 477 249 416 265 40 88 
2 9 339 139 477 250 416 265 40 88 
2 9 339 139 477 251 416 265 40 88 
2 9 339 139 477 252 416 265 40 88 
2 9 339 139 477 253 416 265 40 88 
2 9 339 139 477 254 415 265 44 88 
2 9 339 139 477 255 415 264 44 91 
2 9 339 139 477 256 415 264 44 91 
2 9 339 139 477 257 418 267 40 88 
2 9 339 139 477 258 418 267 40 88 
2 9 339 139 477 259 418 267 40 88 
2 9 339 139 477 260 418 267 40 88 
2 9 339 139 477 261 418 267 40 88 
2 9 339 139 477 262 417 267 42 88 
2 9 339 139 477 263 417 267 42 88 
2 9 339 139 477 264 417 266 42 91 
2 9 339 139 477 265 417 266 42 91 
2 9 339 139 477 266 417 266 42 91 
2 9 339 139 477 267 417 266 42 91 
2 9 339 139 477 268 420 266 38 91 
2 9 339 139 477 269 419 266 42 91 
2 9 339 139 477 270 419 266 42 91 
2 9 339 139 477 271 419 266 42 91 
2 9 339 139 477 272 419 266 42 91 
2 9 339 139 477 273 419 266 42 93 
2 9 339 139 477 274 419 266 42 93 
2 9 339 139 477 275 419 266 42 93 
2 9 339 139 477 276 419 266 42 93 
2 9 339 139 477 277 418 266 46 93 
2 9 339 139 477 278 418 266 46 93 
2 9 339 139 477 279 421 269 42 90 
2 9 339 139 477 280 421 269 42 90 
2 9 339 139 477 281 421 269 42 90 
2 9 339 139 477 282 421 268 42 93 
2 9 339 139 477 283 421 268 42 93 
2 9 339 139 477 284 421 268 42 93 
2 9 339 139 477 285 420 268 46 93 
2 9 339 139 477 286 420 268 46 93 
2 9 339 139 477 287 420 268 46 93 
2 9 339 139 477 288 420 268 46 93 
2 9 339 139 477 289 420 268 46 93 
2 9 339 139 477 290 422 268 44 93 
2 9 339 139 477 291 422 268 44 96 
2 9 339 139 477 292 422 268 44 96 
2 9 339 139 477 293 421 268 46 96 
2 9 339 139 477 294 421 268 46 96 
2 9 339 139 477 295 421 268 46 96 
2 9 339 139 477 296 421 268 46 96 
2 9 339 139 477 297 421 268 46 96 
2 9 339 139 477 298 421 268 46 96 
2 9 339 139 477 299 421 268 46 96 
2 9 339 139 477 300 423 270 46 96 
2 9 339 139 477 301 423 270 46 96 
2 9 339 139 477 302 423 270 46 96 
2 9 339 139 477 303 423 270 46 96 
2 9 339 139 477 304 422 270 50 96 
2 9 339 139 477 305 425 270 46 96 
2 9 339 139 477 306 425 270 46 96 
2 9 339 139 477 307 424 270 50 96 
2 9 339 139 477 308 424 270 50 96 
2 9 339 139 477 309 427 269 46 99 
2 9 339 139 477 310 426 269 50 99 
2 9 339 139 477 311 426 269 50 99 
2 9 339 139 477 312 426 269 50 99 
2 9 339 139 477 313 426 269 50 99 
2 9 339 139 477 314 427 269 50 99 
2 9 339 139 477 315 427 269 50 99 
2 9 339 139 477 316 427 269 50 99 
2 9 339 139 477 317 426 269 54 100 
2 9 339 139 477 318 429 269 50 100 
2 9 339 139 477 319 429 269 50 100 
2 9 339 139 477 320 428 269 54 100 
2 9 339 139 477 321 428 269 54 100 
2 9 339 139 477 322 431 269 50 100 
2 9 339 139 477 323 431 271 50 97 
2 9 339 139 477 324 430 271 54 97 
2 9 339 139 477 325 430 271 54 100 
2 9 339 139 477 326 430 271 54 100 
2 9 339 139 477 327 433 271 52 100 
2 9 339 139 477 328 433 271 52 100 
2 9 339 139 477 329 433 271 52 100 
2 9 339 139 477 330 432 271 56 100 
2 9 339 139 477 331 435 271 52 100 
2 9 339 139 477 332 435 271 52 100 
2 9 339 139 477 333 435 270 52 103 
2 9 339 139 477 334 434 270 56 103 
2 9 339 139 477 335 435 270 54 103 
2 9 339 139 477 336 435 270 54 103 
2 9 339 139 477 337 434 270 58 103 
2 9 339 139 477 338 434 270 58 103 
2 9 339 139 477 339 434 270 58 103 
2 9 339 139 477 340 436 270 58 103 
2 9 339 139 477 341 436 270 58 106 
2 9 339 139 477 342 436 270 58 106 
2 9 339 139 477 343 436 270 58 106 
2 9 339 139 477 344 439 270 56 106 
2 9 339 139 477 345 439 270 56 106 
2 9 339 139 477 346 439 271 56 105 
2 9 339 139 477 347 438 271 60 105 
2 9 339 139 477 348 441 271 56 105 
2 9 339 139 477 349 441 271 56 106 
2 9 339 139 477 350 440 271 60 106 
2 9 339 139 477 351 440 271 60 106 
2 9 339 139 477 352 440 271 60 106 
2 9 339 139 477 353 441 271 58 106 
2 9 339 139 477 354 440 271 62 106 
2 9 339 139 477 355 440 271 62 106 
2 9 339 139 477 356 440 271 62 106 
2 9 339 139 477 357 443 270 60 109 
2 9 339 139 477 358 443 270 60 109 
2 9 339 139 477 359 443 270 60 109 
2 9 339 139 477 360 442 270 64 109 
2 9 339 139 477 361 445 270 60 109 
2 9 339 139 477 362 445 270 60 109 
2 9 339 139 477 363 445 270 60 109 
2 9 339 139 477 364 444 270 64 109 
2 9 339 139 477 365 444 270 64 112 
2 9 339 139 477 366 447 270 60 112 
2 9 339 139 477 367 446 270 64 112 
2 9 339 139 477 368 446 272 64 109 
2 9 339 139 477 369 446 272 64 109 
2 9 339 139 477 370 448 272 64 109 
2 9 339 139 477 371 448 272 64 109 
2 9 339 139 477 372 448 272 64 109 
2 9 339 139 477 373 448 272 64 112 
2 9 339 139 477 374 449 272 64 112 
2 9 339 139 477 375 449 272 64 112 
2 9 339 139 477 376 449 272 64 112 
2 9 339 139 477 377 448 272 68 112 
2 9 339 139 477 378 448 272 68 112 
2 9 339 139 477 379 451 272 64 112 
2 9 339 139 477 380 450 272 68 112 
2 9 339 139 477 381 450 271 68 115 
2 9 339 139 477 382 450 271 68 115 
2 9 339 139 477 383 453 271 64 115 
2 9 339 139 477 384 452 271 68 115 
2 9 339 139 477 385 452 271 68 115 
2 9 339 139 477 386 452 271 68 115 
2 9 339 139 477 387 454 271 66 115 
2 9 339 139 477 388 454 271 66 115 
2 9 339 139 477 389 454 271 66 117 
2 9 339 139 477 390 453 271 70 117 
2 9 339 139 477 391 453 274 70 114 
2 9 339 139 477 392 455 274 68 114 
2 9 339 139 477 393 455 274 68 114 
2 9 339 139 477 394 454 274 72 114 
2 9 339 139 477 395 454 274 72 114 
2 9 339 139 477 396 457 274 68 114 
2 9 339 139 477 397 456 273 72 117 
2 9 339 139 477 398 456 273 72 117 
2 9 339 139 477 399 456 273 72 117 
2 9 339 139 477 400 458 273 72 117 
2 9 339 139 477 401 458 273 72 117 
2 9 339 139 477 402 458 273 72 117 
2 9 339 139 477 403 458 273 72 117 
2 9 339 139 477 404 457 273 74 117 
2 9 339 139 477 405 460 273 70 120 
2 9 339 139 477 406 460 273 70 120 
2 9 339 139 477 407 459 273 74 120 
2 9 339 139 477 408 459 273 74 120 
2 9 339 139 477 409 462 273 70 120 
2 9 339 139 477 410 461 273 74 120 
2 9 339 139 477 411 461 273 74 120 
2 9 339 139 477 412 461 273 74 120 
2 9 339 139 477 413 462 275 76 120 
2 9 339 139 477 414 462 275 76 120 
2 9 339 139 477 415 464 275 74 120 
2 9 339 139 477 416 466 275 74 120 
2 9 339 139 477 417 466 275 74 120 
2 9 339 139 477 418 468 276 74 120 
2 9 339 139 477 419 469 276 76 120 
2 9 339 139 477 420 472 276 72 120 
2 9 339 139 477 421 471 276 76 120 
2 9 339 139 477 422 473 278 74 120 
2 9 339 139 477 423 476 278 70 120 
2 9 339 139 477 424 475 278 74 120 
2 9 339 139 477 425 477 278 74 120 
2 9 339 139 477 426 479 278 72 120 
2 9 339 139 477 427 481 280 72 120 
2 9 339 139 477 428 480 280 74 120 
2 9 339 139 477 429 483 280 70 120 
2 9 339 139 477 430 485 280 70 120 
2 9 339 139 477 431 486 282 72 120 
2 9 339 139 477 432 486 282 72 120 
2 9 339 139 477 433 488 282 72 120 
2 9 339 139 477 434 488 282 72 120 
2 9 339 139 477 435 490 282 72 120 
2 9 339 139 477 436 492 282 70 120 
2 9 339 139 477 437 492 282 70 120 
2 9 339 139 477 438 494 282 70 120 
2 9 339 139 477 439 495 282 72 120 
2 9 339 139 477 440 495 282 72 120 
2 9 339 139 477 441 497 282 72 120 
2 9 339 139 477 442 499 282 70 120 
2 9 339 139 477 443 499 282 70 120 
2 9 339 139 477 444 501 282 70 120 
2 9 339 139 477 445 502 282 72 120 
2 9 339 139 477 446 502 282 72 120 
2 9 339 139 477 447 504 281 72 123 
2 9 339 139 477 448 504 281 72 123 
2 9 339 139 477 449 506 281 72 123 
2 9 339 139 477 450 508 281 70 123 
2 9 339 139 477 451 508 281 70 123 
2 9 339 139 477 452 510 281 70 123 
2 9 339 139 477 453 511 281 72 123 
2 9 339 139 477 454 511 281 72 123 
2 9 339 139 477 455 513 281 72 123 
2 9 339 139 477 456 515 281 70 123 
2 9 339 139 477 457 515 281 70 123 
2 9 339 139 477 458 517 281 70 123 
2 9 339 139 477 459 518 281 72 123 
2 9 339 139 477 460 518 281 72 123 
2 9 339 139 477 461 520 281 72 123 
2 9 339 139 477 462 522 283 72 121 
2 9 339 139 477 463 522 283 72 121 
2 9 339 139 477 464 524 283 70 121 
2 9 339 139 477 465 526 283 70 124 
2 9 339 139 477 466 526 283 70 124 
2 9 339 139 477 467 527 282 72 127 
2 9 339 139 477 468 529 282 72 127 
2 9 339 139 477 469 529 282 72 127 
2 9 339 139 477 470 531 283 70 129 
2 9 339 139 477 471 533 283 70 129 
2 9 339 139 477 472 533 283 70 130 
2 9 339 139 477 473 534 283 72 130 
2 9 339 139 477 474 536 283 72 130 
2 9 339 139 477 475 536 282 72 133 
2 9 339 139 477 476 538 282 72 133 
2 9 339 139 477 477 540 284 70 133 
