0 11 84 204 287 204 263 218 76 70 
0 11 84 204 287 205 263 218 76 70 
0 11 84 204 287 206 263 218 76 70 
0 11 84 204 287 207 263 218 76 70 
0 11 84 204 287 208 263 218 76 70 
0 11 84 204 287 209 263 218 76 70 
0 11 84 204 287 210 263 218 76 70 
0 11 84 204 287 211 263 218 76 70 
0 11 84 204 287 212 263 218 76 70 
0 11 84 204 287 213 263 218 76 70 
0 11 84 204 287 214 263 218 76 70 
0 11 84 204 287 215 263 218 76 70 
0 11 84 204 287 216 263 218 76 70 
0 11 84 204 287 217 263 218 76 70 
0 11 84 204 287 218 263 218 76 70 
0 11 84 204 287 219 263 218 76 70 
0 11 84 204 287 220 263 218 76 70 
0 11 84 204 287 221 263 218 76 70 
0 11 84 204 287 222 263 218 76 70 
0 11 84 204 287 223 263 218 76 70 
0 11 84 204 287 224 263 218 76 70 
0 11 84 204 287 225 263 218 76 70 
0 11 84 204 287 226 263 218 76 70 
0 11 84 204 287 227 263 218 76 70 
0 11 84 204 287 228 263 218 76 70 
0 11 84 204 287 229 263 218 76 70 
0 11 84 204 287 230 263 218 76 70 
0 11 84 204 287 231 263 218 76 70 
0 11 84 204 287 232 263 218 76 70 
0 11 84 204 287 233 263 218 76 70 
0 11 84 204 287 234 263 218 76 70 
0 11 84 204 287 235 263 218 76 70 
0 11 84 204 287 236 263 218 76 70 
0 11 84 204 287 237 263 218 76 70 
0 11 84 204 287 238 263 218 76 70 
0 11 84 204 287 239 263 218 76 70 
0 11 84 204 287 240 263 218 76 70 
0 11 84 204 287 241 263 218 76 70 
0 11 84 204 287 242 263 218 76 70 
0 11 84 204 287 243 263 218 76 70 
0 11 84 204 287 244 263 218 76 70 
0 11 84 204 287 245 263 218 76 70 
0 11 84 204 287 246 263 218 76 70 
0 11 84 204 287 247 263 218 76 70 
0 11 84 204 287 248 263 218 76 70 
0 11 84 204 287 249 263 218 76 70 
0 11 84 204 287 250 263 218 76 70 
0 11 84 204 287 251 263 218 76 70 
0 11 84 204 287 252 263 218 76 70 
0 11 84 204 287 253 263 218 76 70 
0 11 84 204 287 254 263 218 76 70 
0 11 84 204 287 255 263 218 76 70 
0 11 84 204 287 256 263 218 76 70 
0 11 84 204 287 257 263 218 76 70 
0 11 84 204 287 258 263 218 76 70 
0 11 84 204 287 259 263 218 76 70 
0 11 84 204 287 260 263 218 76 70 
0 11 84 204 287 261 263 218 76 70 
0 11 84 204 287 262 263 218 76 70 
0 11 84 204 287 263 263 218 76 70 
0 11 84 204 287 264 263 218 76 70 
0 11 84 204 287 265 263 218 76 70 
0 11 84 204 287 266 263 218 76 70 
0 11 84 204 287 267 263 218 76 70 
0 11 84 204 287 268 263 218 76 70 
0 11 84 204 287 269 263 218 76 70 
0 11 84 204 287 270 263 218 76 70 
0 11 84 204 287 271 263 218 76 70 
0 11 84 204 287 272 263 218 76 70 
0 11 84 204 287 273 263 218 76 70 
0 11 84 204 287 274 263 218 76 70 
0 11 84 204 287 275 263 218 76 70 
0 11 84 204 287 276 263 218 76 70 
0 11 84 204 287 277 263 218 76 70 
0 11 84 204 287 278 263 218 76 70 
0 11 84 204 287 279 263 218 76 70 
0 11 84 204 287 280 263 218 76 70 
0 11 84 204 287 281 263 218 76 70 
0 11 84 204 287 282 263 218 76 70 
0 11 84 204 287 283 263 218 76 70 
0 11 84 204 287 284 263 218 76 70 
0 11 84 204 287 285 263 218 76 70 
0 11 84 204 287 286 263 218 76 70 
0 11 84 204 287 287 263 218 76 70 
1 9 196 185 380 185 178 257 56 117 
1 9 196 185 380 186 183 257 56 117 
1 9 196 185 380 187 188 255 64 117 
1 9 196 185 380 188 193 255 72 115 
1 9 196 185 380 189 197 253 70 115 
1 9 196 185 380 190 202 253 72 115 
1 9 196 185 380 191 206 253 70 115 
1 9 196 185 380 192 211 253 70 115 
1 9 196 185 380 193 216 253 72 115 
1 9 196 185 380 194 222 253 70 115 
1 9 196 185 380 195 227 256 70 112 
1 9 196 185 380 196 232 256 72 112 
1 9 196 185 380 197 240 258 68 109 
1 9 196 185 380 198 244 256 68 109 
1 9 196 185 380 199 247 256 68 109 
1 9 196 185 380 200 253 257 68 106 
1 9 196 185 380 201 256 257 68 106 
1 9 196 185 380 202 260 257 68 103 
1 9 196 185 380 203 265 257 68 103 
1 9 196 185 380 204 269 255 68 105 
1 9 196 185 380 205 272 255 68 105 
1 9 196 185 380 206 276 255 68 105 
1 9 196 185 380 207 279 254 68 103 
1 9 196 185 380 208 283 254 68 103 
1 9 196 185 380 209 287 254 66 103 
1 9 196 185 380 210 290 254 68 103 
1 9 196 185 380 211 292 252 68 103 
1 9 196 185 380 212 295 252 68 103 
1 9 196 185 380 213 297 252 68 103 
1 9 196 185 380 214 301 252 68 103 
1 9 196 185 380 215 303 252 66 103 
1 9 196 185 380 216 306 252 68 103 
1 9 196 185 380 217 310 252 66 103 
1 9 196 185 380 218 310 250 66 103 
1 9 196 185 380 219 311 250 68 103 
1 9 196 185 380 220 313 251 68 102 
1 9 196 185 380 221 316 251 64 102 
1 9 196 185 380 222 315 251 68 102 
1 9 196 185 380 223 317 251 68 99 
1 9 196 185 380 224 320 251 64 99 
1 9 196 185 380 225 321 251 64 99 
1 9 196 185 380 226 320 249 68 99 
1 9 196 185 380 227 323 249 64 99 
1 9 196 185 380 228 325 250 64 96 
1 9 196 185 380 229 327 250 64 96 
1 9 196 185 380 230 327 250 64 96 
1 9 196 185 380 231 328 250 64 93 
1 9 196 185 380 232 330 250 64 93 
1 9 196 185 380 233 332 250 64 93 
1 9 196 185 380 234 330 248 64 94 
1 9 196 185 380 235 330 248 64 94 
1 9 196 185 380 236 330 248 64 94 
1 9 196 185 380 237 330 248 64 91 
1 9 196 185 380 238 330 248 64 91 
1 9 196 185 380 239 330 247 64 93 
1 9 196 185 380 240 330 248 64 90 
1 9 196 185 380 241 330 248 64 90 
1 9 196 185 380 242 330 248 64 90 
1 9 196 185 380 243 330 248 64 87 
1 9 196 185 380 244 330 246 64 90 
1 9 196 185 380 245 330 246 64 90 
1 9 196 185 380 246 330 246 64 90 
1 9 196 185 380 247 328 246 64 88 
1 9 196 185 380 248 328 246 64 88 
1 9 196 185 380 249 328 243 64 91 
1 9 196 185 380 250 328 244 64 88 
1 9 196 185 380 251 328 244 64 88 
1 9 196 185 380 252 328 244 64 88 
1 9 196 185 380 253 328 244 64 85 
1 9 196 185 380 254 328 242 64 88 
1 9 196 185 380 255 328 242 64 88 
1 9 196 185 380 256 328 242 64 85 
1 9 196 185 380 257 328 242 64 85 
1 9 196 185 380 258 328 242 64 85 
1 9 196 185 380 259 328 242 64 85 
1 9 196 185 380 260 327 242 64 84 
1 9 196 185 380 261 327 242 64 84 
1 9 196 185 380 262 328 242 60 82 
1 9 196 185 380 263 325 242 64 82 
1 9 196 185 380 264 326 242 60 82 
1 9 196 185 380 265 326 240 60 82 
1 9 196 185 380 266 324 240 60 82 
1 9 196 185 380 267 324 240 60 79 
1 9 196 185 380 268 324 240 58 79 
1 9 196 185 380 269 321 240 62 79 
1 9 196 185 380 270 322 238 58 79 
1 9 196 185 380 271 322 238 58 79 
1 9 196 185 380 272 322 238 56 79 
1 9 196 185 380 273 322 239 56 78 
1 9 196 185 380 274 323 239 52 78 
1 9 196 185 380 275 320 237 56 78 
1 9 196 185 380 276 321 237 52 78 
1 9 196 185 380 277 321 237 52 78 
1 9 196 185 380 278 318 237 54 75 
1 9 196 185 380 279 318 237 54 75 
1 9 196 185 380 280 318 237 54 75 
1 9 196 185 380 281 316 235 54 75 
1 9 196 185 380 282 314 235 54 75 
1 9 196 185 380 283 314 235 54 75 
1 9 196 185 380 284 314 235 52 75 
1 9 196 185 380 285 314 235 52 75 
1 9 196 185 380 286 311 235 54 75 
1 9 196 185 380 287 309 235 54 75 
1 9 196 185 380 288 309 235 54 75 
1 9 196 185 380 289 307 235 54 75 
1 9 196 185 380 290 307 235 54 75 
1 9 196 185 380 291 307 235 52 75 
1 9 196 185 380 292 307 235 52 75 
1 9 196 185 380 293 305 234 52 73 
1 9 196 185 380 294 302 234 54 73 
1 9 196 185 380 295 300 234 54 73 
1 9 196 185 380 296 301 234 50 73 
1 9 196 185 380 297 299 234 50 73 
1 9 196 185 380 298 298 234 50 73 
1 9 196 185 380 299 296 234 50 73 
1 9 196 185 380 300 297 234 46 73 
1 9 196 185 380 301 295 235 46 72 
1 9 196 185 380 302 293 235 46 72 
1 9 196 185 380 303 293 235 46 69 
1 9 196 185 380 304 292 235 46 69 
1 9 196 185 380 305 293 235 42 69 
1 9 196 185 380 306 290 236 46 66 
1 9 196 185 380 307 288 236 46 66 
1 9 196 185 380 308 289 236 42 66 
1 9 196 185 380 309 286 236 46 63 
1 9 196 185 380 310 287 237 44 61 
1 9 196 185 380 311 285 237 44 61 
1 9 196 185 380 312 283 238 46 60 
1 9 196 185 380 313 284 238 42 60 
1 9 196 185 380 314 282 238 42 60 
1 9 196 185 380 315 282 238 42 57 
1 9 196 185 380 316 280 238 42 57 
1 9 196 185 380 317 278 238 44 57 
1 9 196 185 380 318 278 239 44 54 
1 9 196 185 380 319 277 239 42 54 
1 9 196 185 380 320 277 241 42 51 
1 9 196 185 380 321 275 239 42 51 
1 9 196 185 380 322 273 239 42 51 
1 9 196 185 380 323 273 239 42 51 
1 9 196 185 380 324 271 239 44 51 
1 9 196 185 380 325 271 239 44 51 
1 9 196 185 380 326 269 238 44 49 
1 9 196 185 380 327 268 238 42 49 
1 9 196 185 380 328 268 238 42 49 
1 9 196 185 380 329 266 238 42 49 
1 9 196 185 380 330 266 238 42 49 
1 9 196 185 380 331 264 236 42 51 
1 9 196 185 380 332 262 236 44 51 
1 9 196 185 380 333 262 236 44 51 
1 9 196 185 380 334 261 236 42 51 
1 9 196 185 380 335 261 236 42 51 
1 9 196 185 380 336 259 234 42 51 
1 9 196 185 380 337 257 234 42 51 
1 9 196 185 380 338 257 234 42 51 
1 9 196 185 380 339 255 234 44 51 
1 9 196 185 380 340 255 234 44 51 
1 9 196 185 380 341 253 232 44 51 
1 9 196 185 380 342 252 232 42 51 
1 9 196 185 380 343 252 232 42 51 
1 9 196 185 380 344 250 232 42 51 
1 9 196 185 380 345 250 232 42 51 
1 9 196 185 380 346 248 231 42 49 
1 9 196 185 380 347 246 231 44 49 
1 9 196 185 380 348 246 231 44 49 
1 9 196 185 380 349 245 231 42 49 
1 9 196 185 380 350 245 231 42 49 
1 9 196 185 380 351 243 229 42 51 
1 9 196 185 380 352 243 229 42 51 
1 9 196 185 380 353 243 229 42 51 
1 9 196 185 380 354 243 229 42 51 
1 9 196 185 380 355 241 229 42 51 
1 9 196 185 380 356 241 229 42 51 
1 9 196 185 380 357 241 229 42 51 
1 9 196 185 380 358 241 229 42 51 
1 9 196 185 380 359 241 229 42 51 
1 9 196 185 380 360 239 229 44 51 
1 9 196 185 380 361 239 229 44 51 
1 9 196 185 380 362 239 229 44 51 
1 9 196 185 380 363 239 229 44 51 
1 9 196 185 380 364 239 230 44 48 
1 9 196 185 380 365 237 230 44 48 
1 9 196 185 380 366 237 230 44 48 
1 9 196 185 380 367 237 230 44 48 
1 9 196 185 380 368 237 230 44 48 
1 9 196 185 380 369 236 230 42 48 
1 9 196 185 380 370 236 230 42 48 
1 9 196 185 380 371 236 227 42 51 
1 9 196 185 380 372 236 227 42 51 
1 9 196 185 380 373 236 227 42 51 
1 9 196 185 380 374 234 227 42 51 
1 9 196 185 380 375 234 227 42 51 
1 9 196 185 380 376 234 227 42 51 
1 9 196 185 380 377 234 228 42 48 
1 9 196 185 380 378 234 228 42 48 
1 9 196 185 380 379 232 228 42 48 
1 9 196 185 380 380 232 228 42 48 
