14 11 67 857 923 857 655 279 163 162 
14 11 67 857 923 858 655 279 163 162 
14 11 67 857 923 859 655 279 163 162 
14 11 67 857 923 860 655 279 163 162 
14 11 67 857 923 861 655 279 163 162 
14 11 67 857 923 862 655 279 163 162 
14 11 67 857 923 863 655 279 163 162 
14 11 67 857 923 864 655 279 163 162 
14 11 67 857 923 865 655 279 163 162 
14 11 67 857 923 866 655 279 163 162 
14 11 67 857 923 867 655 279 163 162 
14 11 67 857 923 868 655 279 163 162 
14 11 67 857 923 869 655 279 163 162 
14 11 67 857 923 870 655 279 163 162 
14 11 67 857 923 871 655 279 163 162 
14 11 67 857 923 872 655 279 163 162 
14 11 67 857 923 873 655 279 163 162 
14 11 67 857 923 874 655 279 163 162 
14 11 67 857 923 875 655 279 163 162 
14 11 67 857 923 876 655 279 163 162 
14 11 67 857 923 877 655 279 163 162 
14 11 67 857 923 878 655 279 163 162 
14 11 67 857 923 879 655 279 163 162 
14 11 67 857 923 880 655 279 163 162 
14 11 67 857 923 881 655 279 163 162 
14 11 67 857 923 882 655 279 163 162 
14 11 67 857 923 883 655 279 163 162 
14 11 67 857 923 884 655 279 163 162 
14 11 67 857 923 885 655 279 163 162 
14 11 67 857 923 886 655 279 163 162 
14 11 67 857 923 887 655 279 163 162 
14 11 67 857 923 888 655 279 163 162 
14 11 67 857 923 889 655 279 163 162 
14 11 67 857 923 890 655 279 163 162 
14 11 67 857 923 891 655 279 163 162 
14 11 67 857 923 892 655 279 163 162 
14 11 67 857 923 893 655 279 163 162 
14 11 67 857 923 894 655 279 163 162 
14 11 67 857 923 895 655 279 163 162 
14 11 67 857 923 896 655 279 163 162 
14 11 67 857 923 897 655 279 163 162 
14 11 67 857 923 898 655 279 163 162 
14 11 67 857 923 899 655 279 163 162 
14 11 67 857 923 900 655 279 163 162 
14 11 67 857 923 901 655 279 163 162 
14 11 67 857 923 902 655 279 163 162 
14 11 67 857 923 903 655 279 163 162 
14 11 67 857 923 904 655 279 163 162 
14 11 67 857 923 905 655 279 163 162 
14 11 67 857 923 906 655 279 163 162 
14 11 67 857 923 907 655 279 163 162 
14 11 67 857 923 908 655 279 163 162 
14 11 67 857 923 909 655 279 163 162 
14 11 67 857 923 910 655 279 163 162 
14 11 67 857 923 911 655 279 163 162 
14 11 67 857 923 912 655 279 163 162 
14 11 67 857 923 913 655 279 163 162 
14 11 67 857 923 914 655 279 163 162 
14 11 67 857 923 915 655 279 163 162 
14 11 67 857 923 916 655 279 163 162 
14 11 67 857 923 917 655 279 163 162 
14 11 67 857 923 918 655 279 163 162 
14 11 67 857 923 919 655 279 163 162 
14 11 67 857 923 920 655 279 163 162 
14 11 67 857 923 921 655 279 163 162 
14 11 67 857 923 922 655 279 163 162 
14 11 67 857 923 923 655 279 163 162 
15 9 465 512 976 512 1201 243 72 172 
15 9 465 512 976 513 1199 244 72 174 
15 9 465 512 976 514 1195 243 74 178 
15 9 465 512 976 515 1193 245 74 178 
15 9 465 512 976 516 1188 247 80 178 
15 9 465 512 976 517 1187 249 78 178 
15 9 465 512 976 518 1182 250 82 180 
15 9 465 512 976 519 1180 252 82 178 
15 9 465 512 976 520 1177 254 84 178 
15 9 465 512 976 521 1174 255 86 181 
15 9 465 512 976 522 1169 258 90 180 
15 9 465 512 976 523 1169 258 88 181 
15 9 465 512 976 524 1164 260 92 181 
15 9 465 512 976 525 1161 262 94 181 
15 9 465 512 976 526 1158 264 96 181 
15 9 465 512 976 527 1156 265 96 184 
15 9 465 512 976 528 1152 265 96 184 
15 9 465 512 976 529 1149 265 96 184 
15 9 465 512 976 530 1147 265 96 184 
15 9 465 512 976 531 1144 265 96 184 
15 9 465 512 976 532 1143 265 92 184 
15 9 465 512 976 533 1138 265 96 184 
15 9 465 512 976 534 1136 265 94 184 
15 9 465 512 976 535 1134 265 92 184 
15 9 465 512 976 536 1132 265 92 184 
15 9 465 512 976 537 1129 265 92 184 
15 9 465 512 976 538 1128 267 88 184 
15 9 465 512 976 539 1123 267 92 184 
15 9 465 512 976 540 1121 267 90 184 
15 9 465 512 976 541 1119 267 88 184 
15 9 465 512 976 542 1116 267 90 184 
15 9 465 512 976 543 1114 267 88 184 
15 9 465 512 976 544 1113 267 84 184 
15 9 465 512 976 545 1107 267 90 184 
15 9 465 512 976 546 1106 267 86 184 
15 9 465 512 976 547 1103 267 86 184 
15 9 465 512 976 548 1101 269 86 184 
15 9 465 512 976 549 1099 269 84 184 
15 9 465 512 976 550 1094 271 86 183 
15 9 465 512 976 551 1092 273 86 183 
15 9 465 512 976 552 1090 274 84 184 
15 9 465 512 976 553 1085 276 86 184 
15 9 465 512 976 554 1083 276 86 184 
15 9 465 512 976 555 1081 278 84 184 
15 9 465 512 976 556 1078 280 86 183 
15 9 465 512 976 557 1074 281 86 184 
15 9 465 512 976 558 1071 283 86 184 
15 9 465 512 976 559 1069 283 86 184 
15 9 465 512 976 560 1067 285 84 184 
15 9 465 512 976 561 1065 287 84 183 
15 9 465 512 976 562 1060 289 86 183 
15 9 465 512 976 563 1058 290 84 184 
15 9 465 512 976 564 1055 290 86 184 
15 9 465 512 976 565 1051 292 86 184 
15 9 465 512 976 566 1051 294 84 184 
15 9 465 512 976 567 1046 296 86 183 
15 9 465 512 976 568 1042 297 86 184 
15 9 465 512 976 569 1042 297 84 184 
15 9 465 512 976 570 1037 299 86 184 
15 9 465 512 976 571 1035 301 84 184 
15 9 465 512 976 572 1033 303 84 183 
15 9 465 512 976 573 1028 305 86 183 
15 9 465 512 976 574 1026 305 86 183 
15 9 465 512 976 575 1023 306 86 184 
15 9 465 512 976 576 1019 308 86 184 
15 9 465 512 976 577 1019 310 84 184 
15 9 465 512 976 578 1014 312 86 183 
15 9 465 512 976 579 1012 312 86 183 
15 9 465 512 976 580 1010 313 84 184 
15 9 465 512 976 581 1005 315 86 184 
15 9 465 512 976 582 1003 317 86 184 
15 9 465 512 976 583 1001 319 84 183 
15 9 465 512 976 584 998 319 86 183 
15 9 465 512 976 585 994 321 86 183 
15 9 465 512 976 586 991 322 86 184 
15 9 465 512 976 587 989 324 86 184 
15 9 465 512 976 588 987 326 84 184 
15 9 465 512 976 589 985 328 84 183 
15 9 465 512 976 590 980 328 86 183 
15 9 465 512 976 591 978 328 84 183 
15 9 465 512 976 592 973 329 86 184 
15 9 465 512 976 593 971 329 84 184 
15 9 465 512 976 594 966 329 86 184 
15 9 465 512 976 595 962 331 86 184 
15 9 465 512 976 596 959 331 86 184 
15 9 465 512 976 597 957 333 86 184 
15 9 465 512 976 598 952 331 88 184 
15 9 465 512 976 599 944 331 94 184 
15 9 465 512 976 600 942 331 92 184 
15 9 465 512 976 601 937 328 92 187 
15 9 465 512 976 602 930 328 96 190 
15 9 465 512 976 603 924 326 100 193 
15 9 465 512 976 604 918 326 102 196 
15 9 465 512 976 605 914 325 104 199 
15 9 465 512 976 606 909 322 102 205 
15 9 465 512 976 607 902 322 108 208 
15 9 465 512 976 608 896 319 110 213 
15 9 465 512 976 609 890 319 114 216 
15 9 465 512 976 610 886 318 114 219 
15 9 465 512 976 611 881 316 116 219 
15 9 465 512 976 612 875 316 122 219 
15 9 465 512 976 613 870 316 124 219 
15 9 465 512 976 614 865 316 128 219 
15 9 465 512 976 615 859 316 132 219 
15 9 465 512 976 616 854 316 136 219 
15 9 465 512 976 617 848 316 138 219 
15 9 465 512 976 618 844 316 142 219 
15 9 465 512 976 619 837 316 146 219 
15 9 465 512 976 620 834 316 148 219 
15 9 465 512 976 621 829 315 150 217 
15 9 465 512 976 622 827 315 148 217 
15 9 465 512 976 623 822 313 150 219 
15 9 465 512 976 624 818 313 150 219 
15 9 465 512 976 625 815 311 150 219 
15 9 465 512 976 626 811 311 150 219 
15 9 465 512 976 627 809 309 148 219 
15 9 465 512 976 628 804 309 150 219 
15 9 465 512 976 629 802 307 148 219 
15 9 465 512 976 630 797 307 150 219 
15 9 465 512 976 631 796 306 146 217 
15 9 465 512 976 632 796 307 144 216 
15 9 465 512 976 633 794 307 142 213 
15 9 465 512 976 634 792 305 142 213 
15 9 465 512 976 635 791 306 140 210 
15 9 465 512 976 636 789 306 140 208 
15 9 465 512 976 637 789 304 134 208 
15 9 465 512 976 638 787 304 134 205 
15 9 465 512 976 639 786 305 132 202 
15 9 465 512 976 640 787 305 128 199 
15 9 465 512 976 641 784 303 128 201 
15 9 465 512 976 642 782 303 128 201 
15 9 465 512 976 643 778 303 128 201 
15 9 465 512 976 644 776 303 128 201 
15 9 465 512 976 645 773 303 128 201 
15 9 465 512 976 646 771 302 128 199 
15 9 465 512 976 647 768 302 128 199 
15 9 465 512 976 648 766 302 128 199 
15 9 465 512 976 649 762 302 128 199 
15 9 465 512 976 650 760 302 128 199 
15 9 465 512 976 651 757 300 128 199 
15 9 465 512 976 652 755 300 128 199 
15 9 465 512 976 653 753 300 128 199 
15 9 465 512 976 654 750 300 128 199 
15 9 465 512 976 655 748 300 128 199 
15 9 465 512 976 656 746 298 128 199 
15 9 465 512 976 657 743 298 128 199 
15 9 465 512 976 658 741 298 128 199 
15 9 465 512 976 659 739 298 128 199 
15 9 465 512 976 660 737 298 128 199 
15 9 465 512 976 661 736 298 128 199 
15 9 465 512 976 662 734 298 128 199 
15 9 465 512 976 663 732 298 128 199 
15 9 465 512 976 664 732 298 128 199 
15 9 465 512 976 665 730 298 128 199 
15 9 465 512 976 666 728 298 128 199 
15 9 465 512 976 667 728 298 128 199 
15 9 465 512 976 668 727 298 128 199 
15 9 465 512 976 669 725 298 128 199 
15 9 465 512 976 670 725 300 128 199 
15 9 465 512 976 671 724 298 124 199 
15 9 465 512 976 672 721 298 126 199 
15 9 465 512 976 673 722 296 122 201 
15 9 465 512 976 674 723 296 116 201 
15 9 465 512 976 675 724 294 112 201 
15 9 465 512 976 676 721 294 114 201 
15 9 465 512 976 677 720 293 110 199 
15 9 465 512 976 678 721 293 106 199 
15 9 465 512 976 679 719 291 108 199 
15 9 465 512 976 680 720 291 104 199 
15 9 465 512 976 681 718 292 104 196 
15 9 465 512 976 682 717 292 102 195 
15 9 465 512 976 683 715 293 102 192 
15 9 465 512 976 684 713 293 104 192 
15 9 465 512 976 685 713 293 104 189 
15 9 465 512 976 686 711 294 104 186 
15 9 465 512 976 687 710 294 102 186 
15 9 465 512 976 688 708 294 102 184 
15 9 465 512 976 689 706 294 104 181 
15 9 465 512 976 690 706 294 104 181 
15 9 465 512 976 691 704 292 104 181 
15 9 465 512 976 692 702 293 104 178 
15 9 465 512 976 693 701 291 102 178 
15 9 465 512 976 694 699 291 102 178 
15 9 465 512 976 695 697 290 104 178 
15 9 465 512 976 696 695 290 104 175 
15 9 465 512 976 697 694 288 102 178 
15 9 465 512 976 698 692 288 102 175 
15 9 465 512 976 699 690 286 104 175 
15 9 465 512 976 700 690 286 104 175 
15 9 465 512 976 701 685 286 108 175 
15 9 465 512 976 702 681 286 110 175 
15 9 465 512 976 703 679 286 110 175 
15 9 465 512 976 704 676 286 112 175 
15 9 465 512 976 705 673 286 114 175 
15 9 465 512 976 706 668 286 118 175 
15 9 465 512 976 707 665 286 120 175 
15 9 465 512 976 708 663 286 120 175 
15 9 465 512 976 709 657 286 126 175 
15 9 465 512 976 710 657 289 124 172 
15 9 465 512 976 711 655 287 124 174 
15 9 465 512 976 712 655 287 124 174 
15 9 465 512 976 713 653 285 124 174 
15 9 465 512 976 714 653 285 124 174 
15 9 465 512 976 715 651 283 124 174 
15 9 465 512 976 716 651 283 124 174 
15 9 465 512 976 717 648 282 126 172 
15 9 465 512 976 718 648 282 126 172 
15 9 465 512 976 719 648 280 124 172 
15 9 465 512 976 720 648 280 124 172 
15 9 465 512 976 721 646 280 124 172 
15 9 465 512 976 722 644 280 124 172 
15 9 465 512 976 723 641 280 126 172 
15 9 465 512 976 724 641 280 124 172 
15 9 465 512 976 725 641 280 124 172 
15 9 465 512 976 726 639 280 124 172 
15 9 465 512 976 727 637 280 124 172 
15 9 465 512 976 728 635 280 124 172 
15 9 465 512 976 729 632 280 126 172 
15 9 465 512 976 730 632 282 126 172 
15 9 465 512 976 731 630 280 124 172 
15 9 465 512 976 732 628 280 124 172 
15 9 465 512 976 733 625 278 126 174 
15 9 465 512 976 734 625 278 124 174 
15 9 465 512 976 735 623 276 124 174 
15 9 465 512 976 736 621 276 124 174 
15 9 465 512 976 737 619 275 124 172 
15 9 465 512 976 738 616 275 126 172 
15 9 465 512 976 739 616 273 124 172 
15 9 465 512 976 740 614 273 124 172 
15 9 465 512 976 741 612 273 122 172 
15 9 465 512 976 742 610 273 122 172 
15 9 465 512 976 743 611 273 118 172 
15 9 465 512 976 744 611 273 116 172 
15 9 465 512 976 745 612 273 112 172 
15 9 465 512 976 746 609 273 114 172 
15 9 465 512 976 747 607 273 114 172 
15 9 465 512 976 748 608 273 110 172 
15 9 465 512 976 749 606 273 110 172 
15 9 465 512 976 750 607 273 108 172 
15 9 465 512 976 751 605 271 108 174 
15 9 465 512 976 752 605 271 108 174 
15 9 465 512 976 753 604 271 106 174 
15 9 465 512 976 754 604 271 106 174 
15 9 465 512 976 755 604 271 106 174 
15 9 465 512 976 756 602 269 106 174 
15 9 465 512 976 757 602 269 106 174 
15 9 465 512 976 758 600 269 106 174 
15 9 465 512 976 759 600 269 106 174 
15 9 465 512 976 760 600 269 106 174 
15 9 465 512 976 761 599 269 104 171 
15 9 465 512 976 762 598 270 102 168 
15 9 465 512 976 763 596 270 102 165 
15 9 465 512 976 764 594 270 104 163 
15 9 465 512 976 765 592 273 104 160 
15 9 465 512 976 766 591 273 100 157 
15 9 465 512 976 767 590 274 98 154 
15 9 465 512 976 768 588 274 100 151 
15 9 465 512 976 769 586 275 100 150 
15 9 465 512 976 770 587 277 96 147 
15 9 465 512 976 771 585 275 96 147 
15 9 465 512 976 772 584 275 96 147 
15 9 465 512 976 773 582 273 96 147 
15 9 465 512 976 774 582 273 96 147 
15 9 465 512 976 775 580 273 96 147 
15 9 465 512 976 776 578 271 96 147 
15 9 465 512 976 777 578 271 96 147 
15 9 465 512 976 778 576 270 96 145 
15 9 465 512 976 779 575 270 96 145 
15 9 465 512 976 780 575 270 96 145 
15 9 465 512 976 781 571 270 96 145 
15 9 465 512 976 782 569 270 96 145 
15 9 465 512 976 783 568 270 96 145 
15 9 465 512 976 784 566 270 96 145 
15 9 465 512 976 785 564 270 96 145 
15 9 465 512 976 786 562 270 96 145 
15 9 465 512 976 787 560 270 96 145 
15 9 465 512 976 788 559 270 96 145 
15 9 465 512 976 789 557 270 96 145 
15 9 465 512 976 790 555 270 96 145 
15 9 465 512 976 791 553 270 96 145 
15 9 465 512 976 792 552 270 96 145 
15 9 465 512 976 793 550 270 96 145 
15 9 465 512 976 794 548 270 96 145 
15 9 465 512 976 795 548 270 96 145 
15 9 465 512 976 796 546 270 96 145 
15 9 465 512 976 797 544 270 96 145 
15 9 465 512 976 798 543 270 96 145 
15 9 465 512 976 799 541 270 96 145 
15 9 465 512 976 800 541 270 96 145 
15 9 465 512 976 801 539 270 96 145 
15 9 465 512 976 802 537 270 96 145 
15 9 465 512 976 803 536 270 96 145 
15 9 465 512 976 804 536 270 96 145 
15 9 465 512 976 805 534 271 96 147 
15 9 465 512 976 806 532 271 96 147 
15 9 465 512 976 807 532 271 96 147 
15 9 465 512 976 808 530 271 96 147 
15 9 465 512 976 809 528 271 96 147 
15 9 465 512 976 810 528 273 96 147 
15 9 465 512 976 811 527 271 96 147 
15 9 465 512 976 812 525 271 96 147 
15 9 465 512 976 813 523 270 96 145 
15 9 465 512 976 814 521 270 96 145 
15 9 465 512 976 815 520 268 96 147 
15 9 465 512 976 816 518 268 96 147 
15 9 465 512 976 817 516 266 96 147 
15 9 465 512 976 818 514 266 96 147 
15 9 465 512 976 819 512 264 96 147 
15 9 465 512 976 820 511 264 96 147 
15 9 465 512 976 821 510 265 92 144 
15 9 465 512 976 822 511 265 88 142 
15 9 465 512 976 823 508 265 90 139 
15 9 465 512 976 824 509 265 86 139 
15 9 465 512 976 825 510 266 82 136 
15 9 465 512 976 826 508 266 82 133 
15 9 465 512 976 827 509 266 78 133 
15 9 465 512 976 828 508 267 78 130 
15 9 465 512 976 829 509 267 74 129 
15 9 465 512 976 830 510 267 70 129 
15 9 465 512 976 831 508 267 70 129 
15 9 465 512 976 832 506 267 72 129 
15 9 465 512 976 833 504 267 72 129 
15 9 465 512 976 834 504 267 72 129 
15 9 465 512 976 835 502 267 72 129 
15 9 465 512 976 836 501 267 70 129 
15 9 465 512 976 837 501 267 70 129 
15 9 465 512 976 838 499 267 70 129 
15 9 465 512 976 839 497 267 72 129 
15 9 465 512 976 840 497 267 72 129 
15 9 465 512 976 841 495 267 72 129 
15 9 465 512 976 842 494 267 70 129 
15 9 465 512 976 843 492 267 70 129 
15 9 465 512 976 844 492 267 70 129 
15 9 465 512 976 845 490 267 72 129 
15 9 465 512 976 846 488 267 72 129 
15 9 465 512 976 847 488 267 72 129 
15 9 465 512 976 848 486 267 72 129 
15 9 465 512 976 849 485 267 70 129 
15 9 465 512 976 850 485 267 70 129 
15 9 465 512 976 851 483 266 70 127 
15 9 465 512 976 852 481 266 72 127 
15 9 465 512 976 853 479 266 72 127 
15 9 465 512 976 854 479 264 72 127 
15 9 465 512 976 855 478 264 70 127 
15 9 465 512 976 856 476 264 70 127 
15 9 465 512 976 857 476 262 70 127 
15 9 465 512 976 858 474 262 72 127 
15 9 465 512 976 859 472 262 72 127 
15 9 465 512 976 860 472 262 72 127 
15 9 465 512 976 861 470 260 72 129 
15 9 465 512 976 862 470 260 72 129 
15 9 465 512 976 863 469 260 70 129 
15 9 465 512 976 864 469 260 70 129 
15 9 465 512 976 865 469 260 70 129 
15 9 465 512 976 866 467 260 70 129 
15 9 465 512 976 867 467 260 70 129 
15 9 465 512 976 868 465 260 72 129 
15 9 465 512 976 869 465 260 72 129 
15 9 465 512 976 870 465 260 72 129 
15 9 465 512 976 871 463 258 72 129 
15 9 465 512 976 872 463 258 72 129 
15 9 465 512 976 873 463 258 72 129 
15 9 465 512 976 874 463 258 72 129 
15 9 465 512 976 875 463 258 72 129 
15 9 465 512 976 876 463 257 72 127 
15 9 465 512 976 877 463 257 72 127 
15 9 465 512 976 878 463 257 72 127 
15 9 465 512 976 879 463 257 72 127 
15 9 465 512 976 880 463 257 72 127 
15 9 465 512 976 881 462 255 70 127 
15 9 465 512 976 882 460 255 70 127 
15 9 465 512 976 883 458 255 72 127 
15 9 465 512 976 884 456 255 72 127 
15 9 465 512 976 885 454 255 72 127 
15 9 465 512 976 886 453 253 70 127 
15 9 465 512 976 887 451 253 70 127 
15 9 465 512 976 888 449 253 72 127 
15 9 465 512 976 889 447 253 72 127 
15 9 465 512 976 890 447 253 72 127 
15 9 465 512 976 891 446 253 70 127 
15 9 465 512 976 892 446 253 70 127 
15 9 465 512 976 893 444 253 70 127 
15 9 465 512 976 894 444 253 70 127 
15 9 465 512 976 895 444 253 70 127 
15 9 465 512 976 896 442 253 72 127 
15 9 465 512 976 897 442 253 72 127 
15 9 465 512 976 898 440 253 72 127 
15 9 465 512 976 899 440 253 72 127 
15 9 465 512 976 900 440 253 72 127 
15 9 465 512 976 901 438 251 72 129 
15 9 465 512 976 902 438 251 72 129 
15 9 465 512 976 903 438 252 72 126 
15 9 465 512 976 904 438 252 72 126 
15 9 465 512 976 905 438 252 72 126 
15 9 465 512 976 906 437 252 70 123 
15 9 465 512 976 907 437 252 70 123 
15 9 465 512 976 908 437 252 70 123 
15 9 465 512 976 909 437 251 70 121 
15 9 465 512 976 910 437 251 70 121 
15 9 465 512 976 911 437 251 70 121 
15 9 465 512 976 912 435 252 70 120 
15 9 465 512 976 913 435 252 70 120 
15 9 465 512 976 914 435 252 70 120 
15 9 465 512 976 915 435 252 70 117 
15 9 465 512 976 916 435 252 70 117 
15 9 465 512 976 917 435 252 70 117 
15 9 465 512 976 918 435 250 70 117 
15 9 465 512 976 919 435 250 70 117 
15 9 465 512 976 920 435 250 70 117 
15 9 465 512 976 921 435 250 70 117 
15 9 465 512 976 922 435 250 70 117 
15 9 465 512 976 923 437 250 70 117 
15 9 465 512 976 924 437 250 70 117 
15 9 465 512 976 925 437 250 70 117 
15 9 465 512 976 926 437 250 70 117 
15 9 465 512 976 927 437 248 70 117 
15 9 465 512 976 928 437 248 70 117 
15 9 465 512 976 929 438 248 72 117 
15 9 465 512 976 930 438 248 72 117 
15 9 465 512 976 931 438 248 72 117 
15 9 465 512 976 932 438 248 72 117 
15 9 465 512 976 933 438 248 72 117 
15 9 465 512 976 934 438 248 72 117 
15 9 465 512 976 935 440 248 72 117 
15 9 465 512 976 936 440 246 72 117 
15 9 465 512 976 937 440 246 72 117 
15 9 465 512 976 938 440 246 72 117 
15 9 465 512 976 939 440 246 72 117 
15 9 465 512 976 940 442 246 72 117 
15 9 465 512 976 941 442 246 72 117 
15 9 465 512 976 942 442 246 72 117 
15 9 465 512 976 943 442 246 72 117 
15 9 465 512 976 944 442 246 72 117 
15 9 465 512 976 945 442 244 72 118 
15 9 465 512 976 946 444 244 70 118 
15 9 465 512 976 947 444 244 70 118 
15 9 465 512 976 948 444 244 70 118 
15 9 465 512 976 949 444 244 70 118 
15 9 465 512 976 950 444 244 70 118 
15 9 465 512 976 951 444 244 70 118 
15 9 465 512 976 952 446 244 70 118 
15 9 465 512 976 953 446 244 70 118 
15 9 465 512 976 954 446 243 70 117 
15 9 465 512 976 955 446 243 70 117 
15 9 465 512 976 956 446 243 70 117 
15 9 465 512 976 957 446 243 70 117 
15 9 465 512 976 958 447 243 72 117 
15 9 465 512 976 959 447 243 72 117 
15 9 465 512 976 960 447 243 72 117 
15 9 465 512 976 961 447 243 72 117 
15 9 465 512 976 962 447 243 72 117 
15 9 465 512 976 963 449 243 72 117 
15 9 465 512 976 964 449 243 72 117 
15 9 465 512 976 965 449 243 72 117 
15 9 465 512 976 966 449 243 72 117 
15 9 465 512 976 967 449 243 72 117 
15 9 465 512 976 968 449 243 72 117 
15 9 465 512 976 969 449 243 72 117 
15 9 465 512 976 970 449 243 72 117 
15 9 465 512 976 971 449 243 72 117 
15 9 465 512 976 972 449 243 72 117 
15 9 465 512 976 973 449 243 72 117 
15 9 465 512 976 974 449 243 72 117 
15 9 465 512 976 975 449 243 72 117 
15 9 465 512 976 976 449 243 72 117 
16 9 335 580 914 580 1203 251 64 171 
16 9 335 580 914 581 1201 251 64 174 
16 9 335 580 914 582 1200 253 64 171 
16 9 335 580 914 583 1200 253 64 174 
16 9 335 580 914 584 1198 255 64 174 
16 9 335 580 914 585 1195 254 68 175 
16 9 335 580 914 586 1196 256 64 175 
16 9 335 580 914 587 1193 256 68 178 
16 9 335 580 914 588 1191 258 68 178 
16 9 335 580 914 589 1191 259 68 178 
16 9 335 580 914 590 1190 259 66 178 
16 9 335 580 914 591 1188 259 68 178 
16 9 335 580 914 592 1188 259 68 178 
16 9 335 580 914 593 1186 261 68 178 
16 9 335 580 914 594 1184 261 68 178 
16 9 335 580 914 595 1184 261 68 178 
16 9 335 580 914 596 1183 261 66 178 
16 9 335 580 914 597 1183 263 66 178 
16 9 335 580 914 598 1179 263 68 178 
16 9 335 580 914 599 1177 263 68 178 
16 9 335 580 914 600 1175 265 68 178 
16 9 335 580 914 601 1171 265 70 178 
16 9 335 580 914 602 1168 264 74 181 
16 9 335 580 914 603 1165 264 78 183 
16 9 335 580 914 604 1164 265 80 181 
16 9 335 580 914 605 1161 265 84 184 
16 9 335 580 914 606 1158 264 86 187 
16 9 335 580 914 607 1155 267 90 184 
16 9 335 580 914 608 1152 266 94 187 
16 9 335 580 914 609 1151 266 96 189 
16 9 335 580 914 610 1148 268 100 189 
16 9 335 580 914 611 1144 268 100 189 
16 9 335 580 914 612 1141 268 100 189 
16 9 335 580 914 613 1137 268 100 189 
16 9 335 580 914 614 1134 270 98 189 
16 9 335 580 914 615 1130 270 100 189 
16 9 335 580 914 616 1127 270 98 189 
16 9 335 580 914 617 1123 272 100 189 
16 9 335 580 914 618 1119 272 100 189 
16 9 335 580 914 619 1116 272 100 189 
16 9 335 580 914 620 1114 273 100 190 
16 9 335 580 914 621 1111 273 98 190 
16 9 335 580 914 622 1106 273 104 190 
16 9 335 580 914 623 1105 273 100 190 
16 9 335 580 914 624 1101 273 102 190 
16 9 335 580 914 625 1099 275 102 189 
16 9 335 580 914 626 1095 275 104 189 
16 9 335 580 914 627 1091 275 106 189 
16 9 335 580 914 628 1090 275 104 189 
16 9 335 580 914 629 1085 275 108 189 
16 9 335 580 914 630 1084 277 106 189 
16 9 335 580 914 631 1082 277 106 189 
16 9 335 580 914 632 1080 277 106 189 
16 9 335 580 914 633 1080 277 106 189 
16 9 335 580 914 634 1078 277 108 189 
16 9 335 580 914 635 1078 279 108 189 
16 9 335 580 914 636 1077 279 106 189 
16 9 335 580 914 637 1075 279 106 189 
16 9 335 580 914 638 1075 279 106 189 
16 9 335 580 914 639 1073 279 106 189 
16 9 335 580 914 640 1073 280 106 190 
16 9 335 580 914 641 1071 281 108 184 
16 9 335 580 914 642 1069 281 108 181 
16 9 335 580 914 643 1068 282 106 177 
16 9 335 580 914 644 1068 285 106 171 
16 9 335 580 914 645 1066 286 106 168 
16 9 335 580 914 646 1064 286 106 163 
16 9 335 580 914 647 1064 289 106 157 
16 9 335 580 914 648 1062 290 108 151 
16 9 335 580 914 649 1061 291 106 150 
16 9 335 580 914 650 1061 294 106 144 
16 9 335 580 914 651 1059 294 106 144 
16 9 335 580 914 652 1057 296 106 141 
16 9 335 580 914 653 1055 297 108 139 
16 9 335 580 914 654 1053 299 108 139 
16 9 335 580 914 655 1053 302 108 136 
16 9 335 580 914 656 1052 302 106 136 
16 9 335 580 914 657 1050 304 106 135 
16 9 335 580 914 658 1048 305 106 133 
16 9 335 580 914 659 1046 308 108 130 
16 9 335 580 914 660 1046 310 108 130 
16 9 335 580 914 661 1045 310 106 130 
16 9 335 580 914 662 1043 310 106 130 
16 9 335 580 914 663 1041 310 106 130 
16 9 335 580 914 664 1039 310 108 130 
16 9 335 580 914 665 1037 312 108 130 
16 9 335 580 914 666 1036 312 106 130 
16 9 335 580 914 667 1034 312 106 130 
16 9 335 580 914 668 1032 312 106 130 
16 9 335 580 914 669 1030 312 108 130 
16 9 335 580 914 670 1030 314 108 130 
16 9 335 580 914 671 1027 313 106 138 
16 9 335 580 914 672 1025 312 106 147 
16 9 335 580 914 673 1020 313 112 151 
16 9 335 580 914 674 1019 314 110 160 
16 9 335 580 914 675 1014 315 114 165 
16 9 335 580 914 676 1012 315 114 174 
16 9 335 580 914 677 1009 316 116 178 
16 9 335 580 914 678 1006 317 118 186 
16 9 335 580 914 679 1001 318 122 192 
16 9 335 580 914 680 1001 318 120 199 
16 9 335 580 914 681 996 318 122 199 
16 9 335 580 914 682 994 319 122 201 
16 9 335 580 914 683 994 321 120 199 
16 9 335 580 914 684 992 321 120 199 
16 9 335 580 914 685 990 323 120 199 
16 9 335 580 914 686 987 325 122 199 
16 9 335 580 914 687 985 325 122 199 
16 9 335 580 914 688 985 326 120 201 
16 9 335 580 914 689 983 328 120 201 
16 9 335 580 914 690 980 330 122 199 
16 9 335 580 914 691 979 330 116 199 
16 9 335 580 914 692 974 330 118 199 
16 9 335 580 914 693 971 330 114 199 
16 9 335 580 914 694 968 332 114 199 
16 9 335 580 914 695 964 332 114 199 
16 9 335 580 914 696 962 332 110 199 
16 9 335 580 914 697 958 334 110 199 
16 9 335 580 914 698 956 334 106 199 
16 9 335 580 914 699 952 334 106 199 
16 9 335 580 914 700 951 335 104 201 
16 9 335 580 914 701 948 335 102 201 
16 9 335 580 914 702 946 335 104 201 
16 9 335 580 914 703 942 335 104 201 
16 9 335 580 914 704 941 335 102 201 
16 9 335 580 914 705 937 335 104 201 
16 9 335 580 914 706 935 335 104 201 
16 9 335 580 914 707 932 335 102 201 
16 9 335 580 914 708 930 335 104 201 
16 9 335 580 914 709 926 335 104 201 
16 9 335 580 914 710 925 337 102 199 
16 9 335 580 914 711 919 335 104 201 
16 9 335 580 914 712 913 336 106 198 
16 9 335 580 914 713 907 335 110 196 
16 9 335 580 914 714 901 335 110 193 
16 9 335 580 914 715 895 333 114 196 
16 9 335 580 914 716 890 333 116 195 
16 9 335 580 914 717 883 331 118 195 
16 9 335 580 914 718 878 332 120 192 
16 9 335 580 914 719 872 330 124 192 
16 9 335 580 914 720 865 330 128 192 
16 9 335 580 914 721 862 328 128 192 
16 9 335 580 914 722 860 328 128 192 
16 9 335 580 914 723 856 328 128 192 
16 9 335 580 914 724 855 327 128 192 
16 9 335 580 914 725 851 327 128 192 
16 9 335 580 914 726 849 327 128 192 
16 9 335 580 914 727 846 325 128 192 
16 9 335 580 914 728 844 325 128 192 
16 9 335 580 914 729 840 325 128 192 
16 9 335 580 914 730 839 325 128 192 
16 9 335 580 914 731 835 323 128 192 
16 9 335 580 914 732 833 323 128 192 
16 9 335 580 914 733 830 321 128 192 
16 9 335 580 914 734 828 321 128 192 
16 9 335 580 914 735 826 321 128 192 
16 9 335 580 914 736 823 320 128 192 
16 9 335 580 914 737 821 320 128 192 
16 9 335 580 914 738 817 318 128 192 
16 9 335 580 914 739 816 318 128 192 
16 9 335 580 914 740 814 318 128 192 
16 9 335 580 914 741 812 318 128 192 
16 9 335 580 914 742 810 318 128 192 
16 9 335 580 914 743 808 318 128 192 
16 9 335 580 914 744 807 318 128 192 
16 9 335 580 914 745 807 318 128 192 
16 9 335 580 914 746 805 318 128 192 
16 9 335 580 914 747 803 318 128 192 
16 9 335 580 914 748 801 318 128 192 
16 9 335 580 914 749 800 318 128 192 
16 9 335 580 914 750 800 318 128 192 
16 9 335 580 914 751 796 316 128 192 
16 9 335 580 914 752 794 316 128 189 
16 9 335 580 914 753 792 317 128 186 
16 9 335 580 914 754 791 317 128 184 
16 9 335 580 914 755 789 317 128 181 
16 9 335 580 914 756 785 318 128 178 
16 9 335 580 914 757 784 318 128 175 
16 9 335 580 914 758 782 319 128 174 
16 9 335 580 914 759 780 319 128 171 
16 9 335 580 914 760 778 319 128 171 
16 9 335 580 914 761 776 317 126 171 
16 9 335 580 914 762 776 317 124 171 
16 9 335 580 914 763 777 315 120 171 
16 9 335 580 914 764 775 315 120 171 
16 9 335 580 914 765 775 314 118 169 
16 9 335 580 914 766 773 314 118 169 
16 9 335 580 914 767 771 312 118 171 
16 9 335 580 914 768 772 312 114 171 
16 9 335 580 914 769 772 310 112 171 
16 9 335 580 914 770 772 310 110 171 
16 9 335 580 914 771 770 308 110 171 
16 9 335 580 914 772 768 308 110 171 
16 9 335 580 914 773 766 308 110 171 
16 9 335 580 914 774 764 308 112 171 
16 9 335 580 914 775 763 308 110 171 
16 9 335 580 914 776 761 307 110 169 
16 9 335 580 914 777 759 307 110 169 
16 9 335 580 914 778 757 307 110 169 
16 9 335 580 914 779 756 307 110 169 
16 9 335 580 914 780 754 307 110 169 
16 9 335 580 914 781 752 305 110 171 
16 9 335 580 914 782 750 305 110 171 
16 9 335 580 914 783 748 305 112 171 
16 9 335 580 914 784 747 305 110 171 
16 9 335 580 914 785 745 305 110 171 
16 9 335 580 914 786 743 305 110 171 
16 9 335 580 914 787 741 305 110 171 
16 9 335 580 914 788 740 305 110 171 
16 9 335 580 914 789 738 305 110 171 
16 9 335 580 914 790 736 305 110 171 
16 9 335 580 914 791 734 303 110 171 
16 9 335 580 914 792 734 303 110 171 
16 9 335 580 914 793 734 303 110 171 
16 9 335 580 914 794 732 301 112 171 
16 9 335 580 914 795 732 301 112 171 
16 9 335 580 914 796 732 301 112 171 
16 9 335 580 914 797 731 299 110 171 
16 9 335 580 914 798 731 299 110 171 
16 9 335 580 914 799 731 299 110 171 
16 9 335 580 914 800 731 299 110 171 
16 9 335 580 914 801 729 298 110 169 
16 9 335 580 914 802 729 298 110 169 
16 9 335 580 914 803 727 298 110 169 
16 9 335 580 914 804 727 298 110 169 
16 9 335 580 914 805 725 298 110 169 
16 9 335 580 914 806 725 296 110 171 
16 9 335 580 914 807 724 296 110 171 
16 9 335 580 914 808 724 296 110 171 
16 9 335 580 914 809 722 296 110 171 
16 9 335 580 914 810 722 296 110 171 
16 9 335 580 914 811 720 294 110 171 
16 9 335 580 914 812 718 294 110 171 
16 9 335 580 914 813 716 292 112 171 
16 9 335 580 914 814 715 292 110 171 
16 9 335 580 914 815 715 291 110 169 
16 9 335 580 914 816 713 291 110 169 
16 9 335 580 914 817 711 289 110 171 
16 9 335 580 914 818 709 289 110 171 
16 9 335 580 914 819 708 287 110 171 
16 9 335 580 914 820 708 287 110 171 
16 9 335 580 914 821 706 288 110 168 
16 9 335 580 914 822 706 288 110 168 
16 9 335 580 914 823 704 288 110 165 
16 9 335 580 914 824 704 288 110 165 
16 9 335 580 914 825 702 288 110 165 
16 9 335 580 914 826 702 289 110 162 
16 9 335 580 914 827 700 289 112 162 
16 9 335 580 914 828 700 289 112 160 
16 9 335 580 914 829 699 289 110 160 
16 9 335 580 914 830 699 289 110 160 
16 9 335 580 914 831 700 289 106 157 
16 9 335 580 914 832 701 289 102 157 
16 9 335 580 914 833 702 289 98 157 
16 9 335 580 914 834 703 289 96 157 
16 9 335 580 914 835 704 289 92 157 
16 9 335 580 914 836 705 290 88 154 
16 9 335 580 914 837 706 290 84 154 
16 9 335 580 914 838 706 290 82 154 
16 9 335 580 914 839 707 290 78 154 
16 9 335 580 914 840 708 290 74 154 
16 9 335 580 914 841 706 288 74 154 
16 9 335 580 914 842 703 288 78 154 
16 9 335 580 914 843 700 288 82 154 
16 9 335 580 914 844 699 288 84 154 
16 9 335 580 914 845 699 288 84 154 
16 9 335 580 914 846 696 288 88 154 
16 9 335 580 914 847 693 288 92 154 
16 9 335 580 914 848 690 288 96 154 
16 9 335 580 914 849 687 288 100 154 
16 9 335 580 914 850 687 288 100 154 
16 9 335 580 914 851 686 286 98 156 
16 9 335 580 914 852 686 286 98 156 
16 9 335 580 914 853 686 286 98 156 
16 9 335 580 914 854 686 286 98 156 
16 9 335 580 914 855 684 286 100 156 
16 9 335 580 914 856 684 286 100 156 
16 9 335 580 914 857 684 286 100 156 
16 9 335 580 914 858 684 286 100 156 
16 9 335 580 914 859 682 286 100 156 
16 9 335 580 914 860 682 286 100 156 
16 9 335 580 914 861 682 285 100 154 
16 9 335 580 914 862 682 285 100 154 
16 9 335 580 914 863 680 285 100 154 
16 9 335 580 914 864 680 285 100 154 
16 9 335 580 914 865 680 285 100 154 
16 9 335 580 914 866 680 285 100 154 
16 9 335 580 914 867 679 285 98 154 
16 9 335 580 914 868 679 285 98 154 
16 9 335 580 914 869 679 285 98 154 
16 9 335 580 914 870 679 285 98 154 
16 9 335 580 914 871 679 283 98 154 
16 9 335 580 914 872 679 283 98 154 
16 9 335 580 914 873 679 283 98 154 
16 9 335 580 914 874 680 283 100 154 
16 9 335 580 914 875 680 283 100 154 
16 9 335 580 914 876 680 283 100 154 
16 9 335 580 914 877 680 283 100 154 
16 9 335 580 914 878 682 283 100 154 
16 9 335 580 914 879 682 283 100 154 
16 9 335 580 914 880 682 283 100 154 
16 9 335 580 914 881 682 281 100 154 
16 9 335 580 914 882 684 281 100 154 
16 9 335 580 914 883 684 281 100 154 
16 9 335 580 914 884 684 281 100 154 
16 9 335 580 914 885 686 281 98 154 
16 9 335 580 914 886 686 281 98 154 
16 9 335 580 914 887 686 281 98 154 
16 9 335 580 914 888 686 281 98 154 
16 9 335 580 914 889 687 281 100 154 
16 9 335 580 914 890 687 281 100 154 
16 9 335 580 914 891 687 279 100 154 
16 9 335 580 914 892 687 279 100 154 
16 9 335 580 914 893 689 279 100 154 
16 9 335 580 914 894 689 279 100 154 
16 9 335 580 914 895 689 279 100 154 
16 9 335 580 914 896 689 279 100 154 
16 9 335 580 914 897 691 279 100 154 
16 9 335 580 914 898 691 279 100 154 
16 9 335 580 914 899 691 279 100 154 
16 9 335 580 914 900 693 279 100 154 
16 9 335 580 914 901 696 279 96 153 
16 9 335 580 914 902 700 279 90 153 
16 9 335 580 914 903 703 279 86 153 
16 9 335 580 914 904 708 280 80 150 
16 9 335 580 914 905 710 282 78 147 
16 9 335 580 914 906 716 282 70 147 
16 9 335 580 914 907 719 283 66 144 
16 9 335 580 914 908 724 283 60 144 
16 9 335 580 914 909 727 283 56 144 
16 9 335 580 914 910 730 285 54 141 
16 9 335 580 914 911 730 285 54 141 
16 9 335 580 914 912 730 285 54 141 
16 9 335 580 914 913 730 285 54 141 
16 9 335 580 914 914 730 285 54 141 
17 9 462 345 806 345 459 264 46 90 
17 9 462 345 806 346 459 264 46 90 
17 9 462 345 806 347 459 264 46 90 
17 9 462 345 806 348 457 264 46 90 
17 9 462 345 806 349 457 264 46 90 
17 9 462 345 806 350 457 264 46 91 
17 9 462 345 806 351 457 264 46 91 
17 9 462 345 806 352 457 264 46 91 
17 9 462 345 806 353 457 264 46 91 
17 9 462 345 806 354 457 264 46 91 
17 9 462 345 806 355 457 264 46 91 
17 9 462 345 806 356 457 264 46 94 
17 9 462 345 806 357 457 264 46 94 
17 9 462 345 806 358 457 266 46 91 
17 9 462 345 806 359 457 266 46 91 
17 9 462 345 806 360 459 266 46 91 
17 9 462 345 806 361 459 266 46 91 
17 9 462 345 806 362 459 266 46 93 
17 9 462 345 806 363 459 266 46 93 
17 9 462 345 806 364 459 266 46 93 
17 9 462 345 806 365 459 266 46 93 
17 9 462 345 806 366 459 269 46 90 
17 9 462 345 806 367 459 269 46 90 
17 9 462 345 806 368 459 268 46 93 
17 9 462 345 806 369 460 268 48 93 
17 9 462 345 806 370 460 268 48 93 
17 9 462 345 806 371 460 268 48 93 
17 9 462 345 806 372 460 268 48 93 
17 9 462 345 806 373 460 268 48 93 
17 9 462 345 806 374 460 270 48 93 
17 9 462 345 806 375 460 270 48 93 
17 9 462 345 806 376 460 270 48 93 
17 9 462 345 806 377 460 270 48 93 
17 9 462 345 806 378 460 270 48 93 
17 9 462 345 806 379 462 270 46 93 
17 9 462 345 806 380 462 270 46 96 
17 9 462 345 806 381 462 270 46 96 
17 9 462 345 806 382 462 272 46 93 
17 9 462 345 806 383 462 272 46 93 
17 9 462 345 806 384 462 272 46 93 
17 9 462 345 806 385 462 272 46 93 
17 9 462 345 806 386 462 272 46 96 
17 9 462 345 806 387 462 272 46 96 
17 9 462 345 806 388 464 272 46 96 
17 9 462 345 806 389 464 272 46 96 
17 9 462 345 806 390 464 273 46 94 
17 9 462 345 806 391 464 273 46 94 
17 9 462 345 806 392 464 273 46 96 
17 9 462 345 806 393 464 273 46 96 
17 9 462 345 806 394 464 273 46 96 
17 9 462 345 806 395 464 273 46 96 
17 9 462 345 806 396 464 273 46 96 
17 9 462 345 806 397 466 275 46 96 
17 9 462 345 806 398 466 275 46 96 
17 9 462 345 806 399 466 275 46 96 
17 9 462 345 806 400 466 275 46 96 
17 9 462 345 806 401 466 275 46 96 
17 9 462 345 806 402 465 274 50 99 
17 9 462 345 806 403 465 274 50 99 
17 9 462 345 806 404 468 274 46 99 
17 9 462 345 806 405 468 274 46 99 
17 9 462 345 806 406 468 274 48 102 
17 9 462 345 806 407 468 274 48 102 
17 9 462 345 806 408 468 274 48 102 
17 9 462 345 806 409 468 274 48 102 
17 9 462 345 806 410 468 273 50 103 
17 9 462 345 806 411 468 276 50 100 
17 9 462 345 806 412 468 276 50 100 
17 9 462 345 806 413 468 276 50 100 
17 9 462 345 806 414 468 276 50 100 
17 9 462 345 806 415 467 275 54 103 
17 9 462 345 806 416 470 275 50 103 
17 9 462 345 806 417 470 275 50 103 
17 9 462 345 806 418 470 275 50 103 
17 9 462 345 806 419 469 275 54 106 
17 9 462 345 806 420 469 275 54 106 
17 9 462 345 806 421 469 275 54 106 
17 9 462 345 806 422 472 275 50 106 
17 9 462 345 806 423 471 274 54 109 
17 9 462 345 806 424 471 274 54 109 
17 9 462 345 806 425 471 277 54 106 
17 9 462 345 806 426 471 277 54 106 
17 9 462 345 806 427 471 277 54 106 
17 9 462 345 806 428 471 276 56 109 
17 9 462 345 806 429 474 276 52 109 
17 9 462 345 806 430 474 276 52 109 
17 9 462 345 806 431 474 276 52 109 
17 9 462 345 806 432 473 276 56 111 
17 9 462 345 806 433 473 276 56 111 
17 9 462 345 806 434 473 276 56 111 
17 9 462 345 806 435 474 276 54 111 
17 9 462 345 806 436 473 276 58 114 
17 9 462 345 806 437 473 276 58 114 
17 9 462 345 806 438 473 276 58 114 
17 9 462 345 806 439 473 277 58 112 
17 9 462 345 806 440 473 277 58 112 
17 9 462 345 806 441 475 276 58 115 
17 9 462 345 806 442 475 276 58 115 
17 9 462 345 806 443 475 276 58 115 
17 9 462 345 806 444 475 276 58 115 
17 9 462 345 806 445 475 276 60 118 
17 9 462 345 806 446 475 276 60 118 
17 9 462 345 806 447 478 276 56 118 
17 9 462 345 806 448 478 276 56 118 
17 9 462 345 806 449 477 276 60 120 
17 9 462 345 806 450 477 276 60 120 
17 9 462 345 806 451 477 276 60 120 
17 9 462 345 806 452 477 276 60 120 
17 9 462 345 806 453 479 278 60 120 
17 9 462 345 806 454 479 278 60 120 
17 9 462 345 806 455 479 278 60 120 
17 9 462 345 806 456 481 278 60 120 
17 9 462 345 806 457 481 278 60 120 
17 9 462 345 806 458 481 278 60 120 
17 9 462 345 806 459 481 280 62 120 
17 9 462 345 806 460 481 280 62 120 
17 9 462 345 806 461 481 280 62 120 
17 9 462 345 806 462 484 280 60 120 
17 9 462 345 806 463 484 280 60 120 
17 9 462 345 806 464 484 280 60 120 
17 9 462 345 806 465 486 282 60 120 
17 9 462 345 806 466 486 282 60 120 
17 9 462 345 806 467 486 282 60 120 
17 9 462 345 806 468 488 282 60 120 
17 9 462 345 806 469 488 282 60 120 
17 9 462 345 806 470 488 282 60 120 
17 9 462 345 806 471 488 284 62 120 
17 9 462 345 806 472 488 284 62 120 
17 9 462 345 806 473 488 284 62 120 
17 9 462 345 806 474 491 284 60 120 
17 9 462 345 806 475 491 284 60 120 
17 9 462 345 806 476 491 285 60 120 
17 9 462 345 806 477 493 285 60 120 
17 9 462 345 806 478 493 285 60 120 
17 9 462 345 806 479 493 285 60 120 
17 9 462 345 806 480 495 285 60 120 
17 9 462 345 806 481 495 285 60 120 
17 9 462 345 806 482 495 287 60 120 
17 9 462 345 806 483 497 287 60 120 
17 9 462 345 806 484 497 287 60 120 
17 9 462 345 806 485 497 287 60 120 
17 9 462 345 806 486 497 287 62 120 
17 9 462 345 806 487 497 287 62 120 
17 9 462 345 806 488 497 289 62 120 
17 9 462 345 806 489 500 289 60 120 
17 9 462 345 806 490 500 289 60 120 
17 9 462 345 806 491 500 289 60 120 
17 9 462 345 806 492 502 289 60 120 
17 9 462 345 806 493 502 289 60 120 
17 9 462 345 806 494 502 291 60 120 
17 9 462 345 806 495 504 291 60 120 
17 9 462 345 806 496 504 291 60 120 
17 9 462 345 806 497 504 291 60 120 
17 9 462 345 806 498 504 291 62 120 
17 9 462 345 806 499 504 292 62 120 
17 9 462 345 806 500 504 292 62 120 
17 9 462 345 806 501 507 292 60 120 
17 9 462 345 806 502 507 292 60 120 
17 9 462 345 806 503 507 292 60 120 
17 9 462 345 806 504 509 292 60 120 
17 9 462 345 806 505 509 294 60 120 
17 9 462 345 806 506 509 294 60 120 
17 9 462 345 806 507 511 294 60 120 
17 9 462 345 806 508 511 294 60 120 
17 9 462 345 806 509 511 294 60 120 
17 9 462 345 806 510 513 294 60 120 
17 9 462 345 806 511 513 296 60 120 
17 9 462 345 806 512 513 296 60 120 
17 9 462 345 806 513 513 296 62 120 
17 9 462 345 806 514 513 296 62 120 
17 9 462 345 806 515 513 296 62 120 
17 9 462 345 806 516 516 298 60 120 
17 9 462 345 806 517 516 298 60 120 
17 9 462 345 806 518 516 298 60 120 
17 9 462 345 806 519 516 298 60 120 
17 9 462 345 806 520 515 298 64 120 
17 9 462 345 806 521 515 298 64 120 
17 9 462 345 806 522 518 300 60 120 
17 9 462 345 806 523 518 300 60 120 
17 9 462 345 806 524 517 300 64 120 
17 9 462 345 806 525 517 300 64 120 
17 9 462 345 806 526 517 300 64 120 
17 9 462 345 806 527 520 301 60 120 
17 9 462 345 806 528 519 301 64 120 
17 9 462 345 806 529 519 301 64 120 
17 9 462 345 806 530 519 301 64 120 
17 9 462 345 806 531 518 301 66 120 
17 9 462 345 806 532 520 303 64 120 
17 9 462 345 806 533 520 303 64 120 
17 9 462 345 806 534 520 303 64 120 
17 9 462 345 806 535 519 303 68 120 
17 9 462 345 806 536 519 303 68 120 
17 9 462 345 806 537 522 305 64 120 
17 9 462 345 806 538 522 305 64 120 
17 9 462 345 806 539 521 305 68 120 
17 9 462 345 806 540 521 305 68 120 
17 9 462 345 806 541 521 305 68 120 
17 9 462 345 806 542 524 307 64 120 
17 9 462 345 806 543 523 307 68 120 
17 9 462 345 806 544 523 307 68 120 
17 9 462 345 806 545 523 307 68 120 
17 9 462 345 806 546 522 307 72 120 
17 9 462 345 806 547 525 308 68 120 
17 9 462 345 806 548 525 308 68 120 
17 9 462 345 806 549 525 308 68 120 
17 9 462 345 806 550 524 308 70 120 
17 9 462 345 806 551 524 308 70 120 
17 9 462 345 806 552 527 310 66 120 
17 9 462 345 806 553 527 310 66 120 
17 9 462 345 806 554 526 310 70 120 
17 9 462 345 806 555 526 310 70 120 
17 9 462 345 806 556 526 310 70 120 
17 9 462 345 806 557 527 312 72 120 
17 9 462 345 806 558 527 312 72 120 
17 9 462 345 806 559 527 311 72 123 
17 9 462 345 806 560 527 311 72 126 
17 9 462 345 806 561 529 311 72 126 
17 9 462 345 806 562 529 310 72 127 
17 9 462 345 806 563 529 310 72 130 
17 9 462 345 806 564 531 310 70 130 
17 9 462 345 806 565 531 309 70 133 
17 9 462 345 806 566 531 309 70 136 
17 9 462 345 806 567 533 309 70 136 
17 9 462 345 806 568 533 309 70 138 
17 9 462 345 806 569 533 311 70 138 
17 9 462 345 806 570 533 310 70 141 
17 9 462 345 806 571 534 310 72 141 
17 9 462 345 806 572 534 310 72 144 
17 9 462 345 806 573 534 309 72 147 
17 9 462 345 806 574 536 309 72 147 
17 9 462 345 806 575 536 309 72 148 
17 9 462 345 806 576 536 308 72 151 
17 9 462 345 806 577 538 308 72 151 
17 9 462 345 806 578 538 308 72 154 
17 9 462 345 806 579 538 307 72 157 
17 9 462 345 806 580 540 310 70 156 
17 9 462 345 806 581 540 310 70 156 
17 9 462 345 806 582 540 310 70 156 
17 9 462 345 806 583 539 310 74 157 
17 9 462 345 806 584 542 310 70 157 
17 9 462 345 806 585 541 310 74 160 
17 9 462 345 806 586 541 312 74 157 
17 9 462 345 806 587 540 312 78 160 
17 9 462 345 806 588 542 312 76 160 
17 9 462 345 806 589 541 314 78 160 
17 9 462 345 806 590 541 314 78 160 
17 9 462 345 806 591 541 314 78 160 
17 9 462 345 806 592 543 316 78 159 
17 9 462 345 806 593 543 316 78 159 
17 9 462 345 806 594 542 316 82 162 
17 9 462 345 806 595 542 317 82 160 
17 9 462 345 806 596 544 316 82 163 
17 9 462 345 806 597 544 316 82 163 
17 9 462 345 806 598 543 318 86 163 
17 9 462 345 806 599 543 318 86 163 
17 9 462 345 806 600 546 321 84 162 
17 9 462 345 806 601 546 321 84 162 
17 9 462 345 806 602 546 320 84 165 
17 9 462 345 806 603 546 320 86 165 
17 9 462 345 806 604 546 322 86 165 
17 9 462 345 806 605 548 322 86 168 
17 9 462 345 806 606 548 322 86 168 
17 9 462 345 806 607 548 324 86 168 
17 9 462 345 806 608 550 324 86 168 
17 9 462 345 806 609 550 323 86 169 
17 9 462 345 806 610 553 324 84 171 
17 9 462 345 806 611 553 324 84 171 
17 9 462 345 806 612 552 324 88 174 
17 9 462 345 806 613 554 323 88 177 
17 9 462 345 806 614 554 323 88 178 
17 9 462 345 806 615 554 325 90 178 
17 9 462 345 806 616 553 325 94 178 
17 9 462 345 806 617 553 324 94 181 
17 9 462 345 806 618 556 324 92 184 
17 9 462 345 806 619 555 323 96 187 
17 9 462 345 806 620 557 326 96 186 
17 9 462 345 806 621 557 326 96 186 
17 9 462 345 806 622 559 326 96 186 
17 9 462 345 806 623 559 326 96 186 
17 9 462 345 806 624 560 326 96 186 
17 9 462 345 806 625 560 326 96 186 
17 9 462 345 806 626 562 326 96 186 
17 9 462 345 806 627 562 326 96 186 
17 9 462 345 806 628 564 326 96 186 
17 9 462 345 806 629 564 326 96 186 
17 9 462 345 806 630 566 326 96 186 
17 9 462 345 806 631 566 326 96 186 
17 9 462 345 806 632 565 325 100 189 
17 9 462 345 806 633 565 325 100 192 
17 9 462 345 806 634 564 325 102 192 
17 9 462 345 806 635 564 324 102 195 
17 9 462 345 806 636 563 324 106 196 
17 9 462 345 806 637 563 324 106 196 
17 9 462 345 806 638 562 323 110 199 
17 9 462 345 806 639 562 323 110 202 
17 9 462 345 806 640 561 325 114 202 
17 9 462 345 806 641 561 325 114 202 
17 9 462 345 806 642 564 326 112 204 
17 9 462 345 806 643 564 328 112 202 
17 9 462 345 806 644 564 330 114 202 
17 9 462 345 806 645 564 332 114 202 
17 9 462 345 806 646 566 332 114 202 
17 9 462 345 806 647 566 334 114 202 
17 9 462 345 806 648 568 335 114 202 
17 9 462 345 806 649 568 337 114 202 
17 9 462 345 806 650 570 339 114 202 
17 9 462 345 806 651 570 339 114 202 
17 9 462 345 806 652 571 341 114 202 
17 9 462 345 806 653 571 341 114 202 
17 9 462 345 806 654 573 342 114 204 
17 9 462 345 806 655 573 344 114 202 
17 9 462 345 806 656 575 344 114 202 
17 9 462 345 806 657 575 346 114 202 
17 9 462 345 806 658 577 346 114 202 
17 9 462 345 806 659 577 348 114 202 
17 9 462 345 806 660 580 350 112 202 
17 9 462 345 806 661 580 350 112 204 
17 9 462 345 806 662 580 349 112 207 
17 9 462 345 806 663 580 349 112 210 
17 9 462 345 806 664 580 348 112 213 
17 9 462 345 806 665 580 349 112 214 
17 9 462 345 806 666 580 349 112 216 
17 9 462 345 806 667 580 348 112 219 
17 9 462 345 806 668 580 348 112 222 
17 9 462 345 806 669 580 347 112 225 
17 9 462 345 806 670 580 349 114 226 
17 9 462 345 806 671 580 349 114 226 
17 9 462 345 806 672 582 351 114 226 
17 9 462 345 806 673 584 351 114 226 
17 9 462 345 806 674 586 353 114 226 
17 9 462 345 806 675 587 354 114 228 
17 9 462 345 806 676 589 354 114 228 
17 9 462 345 806 677 591 356 114 226 
17 9 462 345 806 678 593 356 114 226 
17 9 462 345 806 679 596 358 112 226 
17 9 462 345 806 680 596 360 114 226 
17 9 462 345 806 681 596 360 114 226 
17 9 462 345 806 682 596 360 114 226 
17 9 462 345 806 683 596 362 114 226 
17 9 462 345 806 684 595 362 118 226 
17 9 462 345 806 685 595 363 118 226 
17 9 462 345 806 686 595 363 118 226 
17 9 462 345 806 687 597 365 118 226 
17 9 462 345 806 688 597 365 118 226 
17 9 462 345 806 689 597 367 118 226 
17 9 462 345 806 690 596 367 122 226 
17 9 462 345 806 691 596 367 122 226 
17 9 462 345 806 692 596 369 122 226 
17 9 462 345 806 693 596 369 122 226 
17 9 462 345 806 694 599 370 120 228 
17 9 462 345 806 695 599 370 120 228 
17 9 462 345 806 696 599 372 120 226 
17 9 462 345 806 697 598 372 124 226 
17 9 462 345 806 698 598 374 124 226 
17 9 462 345 806 699 598 374 124 226 
17 9 462 345 806 700 600 376 124 226 
17 9 462 345 806 701 599 376 128 226 
17 9 462 345 806 702 598 378 130 226 
17 9 462 345 806 703 597 379 134 226 
17 9 462 345 806 704 598 379 136 226 
17 9 462 345 806 705 597 381 140 226 
17 9 462 345 806 706 596 383 144 226 
17 9 462 345 806 707 598 383 142 226 
17 9 462 345 806 708 597 385 146 226 
17 9 462 345 806 709 596 386 150 228 
17 9 462 345 806 710 598 388 150 226 
17 9 462 345 806 711 598 387 150 232 
17 9 462 345 806 712 601 389 146 234 
17 9 462 345 806 713 604 388 142 240 
17 9 462 345 806 714 605 389 142 243 
17 9 462 345 806 715 608 391 138 244 
17 9 462 345 806 716 608 390 138 250 
17 9 462 345 806 717 610 390 138 253 
17 9 462 345 806 718 613 389 134 259 
17 9 462 345 806 719 615 391 132 261 
17 9 462 345 806 720 617 393 132 264 
17 9 462 345 806 721 617 393 132 264 
17 9 462 345 806 722 619 395 132 264 
17 9 462 345 806 723 621 395 132 264 
17 9 462 345 806 724 623 396 130 264 
17 9 462 345 806 725 624 396 132 264 
17 9 462 345 806 726 624 398 132 264 
17 9 462 345 806 727 626 398 132 264 
17 9 462 345 806 728 628 400 132 264 
17 9 462 345 806 729 630 400 130 264 
17 9 462 345 806 730 631 402 132 264 
17 9 462 345 806 731 631 404 132 264 
17 9 462 345 806 732 630 404 136 267 
17 9 462 345 806 733 632 406 136 267 
17 9 462 345 806 734 631 408 140 268 
17 9 462 345 806 735 633 410 138 268 
17 9 462 345 806 736 633 410 138 273 
17 9 462 345 806 737 632 412 142 273 
17 9 462 345 806 738 634 414 142 274 
17 9 462 345 806 739 633 416 146 274 
17 9 462 345 806 740 636 419 144 274 
17 9 462 345 806 741 636 418 144 277 
17 9 462 345 806 742 636 420 146 277 
17 9 462 345 806 743 638 422 146 277 
17 9 462 345 806 744 640 422 146 280 
17 9 462 345 806 745 642 424 146 282 
17 9 462 345 806 746 643 424 146 283 
17 9 462 345 806 747 645 424 146 286 
17 9 462 345 806 748 647 426 146 285 
17 9 462 345 806 749 649 428 146 285 
17 9 462 345 806 750 652 430 144 288 
17 9 462 345 806 751 652 432 144 287 
17 9 462 345 806 752 651 433 148 286 
17 9 462 345 806 753 650 435 152 284 
17 9 462 345 806 754 649 437 156 282 
17 9 462 345 806 755 649 439 158 280 
17 9 462 345 806 756 649 440 158 279 
17 9 462 345 806 757 649 442 160 277 
17 9 462 345 806 758 648 444 164 275 
17 9 462 345 806 759 647 446 168 273 
17 9 462 345 806 760 649 449 168 270 
17 9 462 345 806 761 649 451 168 268 
17 9 462 345 806 762 649 453 168 266 
17 9 462 345 806 763 649 455 168 264 
17 9 462 345 806 764 651 456 166 263 
17 9 462 345 806 765 651 460 166 259 
17 9 462 345 806 766 651 462 166 257 
17 9 462 345 806 767 653 464 166 255 
17 9 462 345 806 768 653 465 166 254 
17 9 462 345 806 769 653 467 166 252 
17 9 462 345 806 770 654 471 168 248 
17 9 462 345 806 771 654 471 168 248 
17 9 462 345 806 772 656 472 168 246 
17 9 462 345 806 773 658 474 168 244 
17 9 462 345 806 774 660 477 166 242 
17 9 462 345 806 775 662 479 166 240 
17 9 462 345 806 776 662 479 166 240 
17 9 462 345 806 777 663 481 168 237 
17 9 462 345 806 778 665 482 168 236 
17 9 462 345 806 779 667 484 166 234 
17 9 462 345 806 780 669 486 166 232 
17 9 462 345 806 781 668 489 170 229 
17 9 462 345 806 782 667 493 174 226 
17 9 462 345 806 783 668 498 176 221 
17 9 462 345 806 784 667 500 178 218 
17 9 462 345 806 785 669 504 178 214 
17 9 462 345 806 786 668 509 182 209 
17 9 462 345 806 787 667 510 186 208 
17 9 462 345 806 788 670 515 184 203 
17 9 462 345 806 789 669 520 188 198 
17 9 462 345 806 790 671 524 188 194 
17 9 462 345 806 791 673 526 188 192 
17 9 462 345 806 792 676 530 188 188 
17 9 462 345 806 793 678 535 188 183 
17 9 462 345 806 794 680 540 190 178 
17 9 462 345 806 795 685 544 188 174 
17 9 462 345 806 796 687 549 188 169 
17 9 462 345 806 797 689 553 190 166 
17 9 462 345 806 798 692 558 188 161 
17 9 462 345 806 799 696 561 188 157 
17 9 462 345 806 800 699 566 188 152 
17 9 462 345 806 801 698 570 192 148 
17 9 462 345 806 802 700 575 192 143 
17 9 462 345 806 803 699 580 196 138 
17 9 462 345 806 804 701 584 196 134 
17 9 462 345 806 805 700 589 198 129 
17 9 462 345 806 806 702 593 198 126 
18 9 249 60 308 60 12 272 64 102 
18 9 249 60 308 61 16 272 64 102 
18 9 249 60 308 62 17 272 64 102 
18 9 249 60 308 63 19 272 64 102 
18 9 249 60 308 64 21 272 64 102 
18 9 249 60 308 65 23 272 64 102 
18 9 249 60 308 66 24 272 64 102 
18 9 249 60 308 67 28 272 64 102 
18 9 249 60 308 68 28 273 64 90 
18 9 249 60 308 69 30 275 64 76 
18 9 249 60 308 70 32 271 64 100 
18 9 249 60 308 71 32 269 64 100 
18 9 249 60 308 72 33 269 64 100 
18 9 249 60 308 73 35 269 64 100 
18 9 249 60 308 74 37 267 64 102 
18 9 249 60 308 75 39 267 64 102 
18 9 249 60 308 76 40 267 64 102 
18 9 249 60 308 77 42 265 64 102 
18 9 249 60 308 78 44 265 64 102 
18 9 249 60 308 79 46 265 64 102 
18 9 249 60 308 80 48 265 64 102 
18 9 249 60 308 81 49 263 64 102 
18 9 249 60 308 82 51 263 64 102 
18 9 249 60 308 83 53 263 64 102 
18 9 249 60 308 84 55 262 64 100 
18 9 249 60 308 85 56 262 64 100 
18 9 249 60 308 86 58 262 64 100 
18 9 249 60 308 87 60 262 64 100 
18 9 249 60 308 88 62 260 64 100 
18 9 249 60 308 89 64 260 64 100 
18 9 249 60 308 90 65 260 64 99 
18 9 249 60 308 91 67 260 64 99 
18 9 249 60 308 92 69 260 64 99 
18 9 249 60 308 93 71 261 64 96 
18 9 249 60 308 94 74 261 64 96 
18 9 249 60 308 95 76 261 64 96 
18 9 249 60 308 96 78 261 64 93 
18 9 249 60 308 97 80 261 64 93 
18 9 249 60 308 98 81 261 64 93 
18 9 249 60 308 99 83 262 64 90 
18 9 249 60 308 100 87 262 64 90 
18 9 249 60 308 101 88 262 64 90 
18 9 249 60 308 102 90 262 64 88 
18 9 249 60 308 103 92 262 64 88 
18 9 249 60 308 104 94 262 64 88 
18 9 249 60 308 105 96 262 64 85 
18 9 249 60 308 106 97 262 64 85 
18 9 249 60 308 107 101 262 64 85 
18 9 249 60 308 108 103 263 64 82 
18 9 249 60 308 109 104 263 64 82 
18 9 249 60 308 110 106 263 64 82 
18 9 249 60 308 111 108 263 64 79 
18 9 249 60 308 112 110 263 64 79 
18 9 249 60 308 113 113 263 64 79 
18 9 249 60 308 114 115 261 64 79 
18 9 249 60 308 115 117 261 64 79 
18 9 249 60 308 116 119 261 64 79 
18 9 249 60 308 117 120 261 64 79 
18 9 249 60 308 118 122 261 64 79 
18 9 249 60 308 119 126 261 64 79 
18 9 249 60 308 120 128 259 64 81 
18 9 249 60 308 121 129 259 64 81 
18 9 249 60 308 122 131 259 64 81 
18 9 249 60 308 123 133 259 64 81 
18 9 249 60 308 124 135 259 64 81 
18 9 249 60 308 125 138 259 64 81 
18 9 249 60 308 126 140 258 64 79 
18 9 249 60 308 127 142 258 64 79 
18 9 249 60 308 128 144 258 64 79 
18 9 249 60 308 129 145 258 64 79 
18 9 249 60 308 130 147 258 64 79 
18 9 249 60 308 131 151 258 64 79 
18 9 249 60 308 132 152 256 64 79 
18 9 249 60 308 133 154 256 64 79 
18 9 249 60 308 134 156 256 64 79 
18 9 249 60 308 135 158 256 64 79 
18 9 249 60 308 136 160 256 64 79 
18 9 249 60 308 137 163 256 64 79 
18 9 249 60 308 138 165 256 64 79 
18 9 249 60 308 139 167 256 64 82 
18 9 249 60 308 140 168 255 64 85 
18 9 249 60 308 141 170 255 64 87 
18 9 249 60 308 142 172 255 64 90 
18 9 249 60 308 143 174 255 64 90 
18 9 249 60 308 144 176 254 64 93 
18 9 249 60 308 145 177 256 64 93 
18 9 249 60 308 146 179 256 64 96 
18 9 249 60 308 147 181 255 64 97 
18 9 249 60 308 148 183 255 64 97 
18 9 249 60 308 149 184 255 64 100 
18 9 249 60 308 150 186 254 64 103 
18 9 249 60 308 151 188 254 64 106 
18 9 249 60 308 152 192 255 64 106 
18 9 249 60 308 153 193 254 64 106 
18 9 249 60 308 154 195 254 64 106 
18 9 249 60 308 155 197 254 64 106 
18 9 249 60 308 156 199 254 64 106 
18 9 249 60 308 157 200 254 64 106 
18 9 249 60 308 158 202 254 64 106 
18 9 249 60 308 159 204 254 64 106 
18 9 249 60 308 160 206 254 64 106 
18 9 249 60 308 161 208 254 64 106 
18 9 249 60 308 162 209 254 64 106 
18 9 249 60 308 163 211 254 64 106 
18 9 249 60 308 164 213 254 64 106 
18 9 249 60 308 165 215 254 64 106 
18 9 249 60 308 166 216 254 64 106 
18 9 249 60 308 167 220 254 64 106 
18 9 249 60 308 168 222 254 64 106 
18 9 249 60 308 169 224 254 64 106 
18 9 249 60 308 170 225 254 64 106 
18 9 249 60 308 171 227 254 64 106 
18 9 249 60 308 172 229 254 64 106 
18 9 249 60 308 173 231 254 64 106 
18 9 249 60 308 174 234 254 64 106 
18 9 249 60 308 175 234 254 64 106 
18 9 249 60 308 176 234 254 64 106 
18 9 249 60 308 177 234 254 64 106 
18 9 249 60 308 178 236 252 64 106 
18 9 249 60 308 179 238 252 64 106 
18 9 249 60 308 180 240 252 64 106 
18 9 249 60 308 181 241 252 64 106 
18 9 249 60 308 182 243 252 64 106 
18 9 249 60 308 183 245 250 64 106 
18 9 249 60 308 184 247 250 64 106 
18 9 249 60 308 185 248 250 64 106 
18 9 249 60 308 186 250 250 64 106 
18 9 249 60 308 187 252 250 64 106 
18 9 249 60 308 188 254 248 64 106 
18 9 249 60 308 189 256 248 64 106 
18 9 249 60 308 190 257 248 64 106 
18 9 249 60 308 191 259 248 64 106 
18 9 249 60 308 192 261 248 64 106 
18 9 249 60 308 193 263 246 64 108 
18 9 249 60 308 194 264 246 64 108 
18 9 249 60 308 195 266 246 64 108 
18 9 249 60 308 196 268 246 64 108 
18 9 249 60 308 197 270 246 64 108 
18 9 249 60 308 198 272 245 64 106 
18 9 249 60 308 199 273 245 64 106 
18 9 249 60 308 200 275 245 64 106 
18 9 249 60 308 201 277 245 64 106 
18 9 249 60 308 202 279 245 64 106 
18 9 249 60 308 203 280 245 64 106 
18 9 249 60 308 204 282 245 64 106 
18 9 249 60 308 205 284 245 64 106 
18 9 249 60 308 206 286 245 64 106 
18 9 249 60 308 207 288 245 64 106 
18 9 249 60 308 208 289 245 64 106 
18 9 249 60 308 209 291 245 64 106 
18 9 249 60 308 210 293 245 64 106 
18 9 249 60 308 211 295 245 64 106 
18 9 249 60 308 212 296 245 64 106 
18 9 249 60 308 213 298 245 64 106 
18 9 249 60 308 214 300 245 64 106 
18 9 249 60 308 215 302 245 64 106 
18 9 249 60 308 216 304 245 64 106 
18 9 249 60 308 217 305 245 64 106 
18 9 249 60 308 218 307 245 64 106 
18 9 249 60 308 219 309 245 64 106 
18 9 249 60 308 220 311 245 64 106 
18 9 249 60 308 221 312 245 64 106 
18 9 249 60 308 222 314 245 64 106 
18 9 249 60 308 223 316 245 64 106 
18 9 249 60 308 224 318 245 64 106 
18 9 249 60 308 225 320 245 64 106 
18 9 249 60 308 226 321 245 64 106 
18 9 249 60 308 227 323 245 64 106 
18 9 249 60 308 228 325 245 64 106 
18 9 249 60 308 229 328 245 64 106 
18 9 249 60 308 230 330 245 64 106 
18 9 249 60 308 231 332 245 64 106 
18 9 249 60 308 232 334 245 64 106 
18 9 249 60 308 233 336 245 64 106 
18 9 249 60 308 234 337 245 64 106 
18 9 249 60 308 235 339 245 64 106 
18 9 249 60 308 236 341 245 64 106 
18 9 249 60 308 237 343 245 64 106 
18 9 249 60 308 238 344 245 64 106 
18 9 249 60 308 239 346 245 64 106 
18 9 249 60 308 240 348 245 64 106 
18 9 249 60 308 241 350 245 64 106 
18 9 249 60 308 242 352 245 64 106 
18 9 249 60 308 243 353 245 64 106 
18 9 249 60 308 244 355 245 64 106 
18 9 249 60 308 245 357 245 64 106 
18 9 249 60 308 246 359 243 64 106 
18 9 249 60 308 247 360 243 64 106 
18 9 249 60 308 248 362 243 64 106 
18 9 249 60 308 249 364 243 64 106 
18 9 249 60 308 250 366 243 64 106 
18 9 249 60 308 251 368 243 64 106 
18 9 249 60 308 252 369 243 64 106 
18 9 249 60 308 253 371 243 64 106 
18 9 249 60 308 254 373 243 64 106 
18 9 249 60 308 255 375 243 64 106 
18 9 249 60 308 256 376 243 64 106 
18 9 249 60 308 257 378 243 64 106 
18 9 249 60 308 258 380 243 64 106 
18 9 249 60 308 259 382 243 64 106 
18 9 249 60 308 260 384 243 64 106 
18 9 249 60 308 261 387 243 64 106 
18 9 249 60 308 262 389 243 64 106 
18 9 249 60 308 263 391 243 64 106 
18 9 249 60 308 264 392 243 64 106 
18 9 249 60 308 265 394 243 64 106 
18 9 249 60 308 266 396 243 64 106 
18 9 249 60 308 267 398 243 64 106 
18 9 249 60 308 268 400 243 64 106 
18 9 249 60 308 269 401 243 64 106 
18 9 249 60 308 270 403 243 64 106 
18 9 249 60 308 271 405 243 64 106 
18 9 249 60 308 272 407 243 64 106 
18 9 249 60 308 273 408 243 64 106 
18 9 249 60 308 274 410 243 64 106 
18 9 249 60 308 275 412 243 64 106 
18 9 249 60 308 276 414 243 64 106 
18 9 249 60 308 277 416 243 64 106 
18 9 249 60 308 278 417 243 64 106 
18 9 249 60 308 279 419 243 64 106 
18 9 249 60 308 280 421 243 64 106 
18 9 249 60 308 281 423 243 64 106 
18 9 249 60 308 282 424 243 64 106 
18 9 249 60 308 283 426 243 64 106 
18 9 249 60 308 284 428 243 64 106 
18 9 249 60 308 285 430 243 64 106 
18 9 249 60 308 286 432 243 64 106 
18 9 249 60 308 287 433 243 64 106 
18 9 249 60 308 288 435 243 64 106 
18 9 249 60 308 289 437 243 64 106 
18 9 249 60 308 290 439 243 64 106 
18 9 249 60 308 291 440 243 64 106 
18 9 249 60 308 292 442 243 64 106 
18 9 249 60 308 293 446 243 64 106 
18 9 249 60 308 294 448 243 64 106 
18 9 249 60 308 295 449 243 64 106 
18 9 249 60 308 296 451 243 64 106 
18 9 249 60 308 297 453 243 64 106 
18 9 249 60 308 298 455 243 64 106 
18 9 249 60 308 299 456 241 64 106 
18 9 249 60 308 300 458 241 64 106 
18 9 249 60 308 301 460 241 64 106 
18 9 249 60 308 302 464 241 64 106 
18 9 249 60 308 303 465 241 64 106 
18 9 249 60 308 304 467 239 64 106 
18 9 249 60 308 305 469 239 64 106 
18 9 249 60 308 306 472 239 64 106 
18 9 249 60 308 307 474 239 64 106 
18 9 249 60 308 308 476 239 64 106 
