66 7 56 0 55 0 985 480 104 238 
66 7 56 0 55 1 981 478 106 240 
66 7 56 0 55 2 979 478 106 240 
66 7 56 0 55 3 974 476 110 242 
66 7 56 0 55 4 972 476 112 242 
66 7 56 0 55 5 968 474 114 244 
66 7 56 0 55 6 966 474 114 244 
66 7 56 0 55 7 964 474 114 244 
66 7 56 0 55 8 961 472 114 246 
66 7 56 0 55 9 956 472 118 246 
66 7 56 0 55 10 955 472 114 246 
66 7 56 0 55 11 951 471 118 247 
66 7 56 0 55 12 950 471 114 247 
66 7 56 0 55 13 947 471 116 247 
66 7 56 0 55 14 945 469 116 249 
66 7 56 0 55 15 940 469 118 249 
66 7 56 0 55 16 938 469 118 249 
66 7 56 0 55 17 935 467 118 251 
66 7 56 0 55 18 933 467 118 251 
66 7 56 0 55 19 931 467 116 251 
66 7 56 0 55 20 929 465 116 253 
66 7 56 0 55 21 923 465 122 253 
66 7 56 0 55 22 922 465 118 253 
66 7 56 0 55 23 919 464 120 254 
66 7 56 0 55 24 917 464 118 254 
66 7 56 0 55 25 914 464 120 254 
66 7 56 0 55 26 913 462 116 256 
66 7 56 0 55 27 907 462 122 256 
66 7 56 0 55 28 905 462 122 256 
66 7 56 0 55 29 903 460 120 258 
66 7 56 0 55 30 900 458 122 260 
66 7 56 0 55 31 898 458 122 260 
66 7 56 0 55 32 895 456 124 262 
66 7 56 0 55 33 893 456 124 262 
66 7 56 0 55 34 891 455 124 263 
66 7 56 0 55 35 887 455 128 263 
66 7 56 0 55 36 885 453 128 265 
66 7 56 0 55 37 883 451 128 267 
66 7 56 0 55 38 879 451 130 267 
66 7 56 0 55 39 877 449 132 269 
66 7 56 0 55 40 875 449 132 269 
66 7 56 0 55 41 870 448 136 270 
66 7 56 0 55 42 869 448 134 270 
66 7 56 0 55 43 867 446 134 272 
66 7 56 0 55 44 865 446 136 272 
66 7 56 0 55 45 865 444 128 274 
66 7 56 0 55 46 864 442 128 276 
66 7 56 0 55 47 862 440 128 278 
66 7 56 0 55 48 860 440 128 278 
66 7 56 0 55 49 861 439 124 279 
66 7 56 0 55 50 859 437 124 281 
66 7 56 0 55 51 856 437 126 281 
66 7 56 0 55 52 856 435 124 283 
66 7 56 0 55 53 857 433 120 285 
66 7 56 0 55 54 855 433 120 285 
66 7 56 0 55 55 852 432 124 285 
67 7 75 92 166 92 794 393 128 250 
67 7 75 92 166 93 795 393 124 250 
67 7 75 92 166 94 793 391 122 250 
67 7 75 92 166 95 793 391 120 249 
67 7 75 92 166 96 794 392 116 246 
67 7 75 92 166 97 791 391 118 244 
67 7 75 92 166 98 789 391 118 241 
67 7 75 92 166 99 790 389 114 244 
67 7 75 92 166 100 789 389 110 243 
67 7 75 92 166 101 788 387 110 243 
67 7 75 92 166 102 789 388 106 240 
67 7 75 92 166 103 787 386 106 240 
67 7 75 92 166 104 785 386 106 237 
67 7 75 92 166 105 786 386 104 237 
67 7 75 92 166 106 784 384 104 238 
67 7 75 92 166 107 782 384 104 235 
67 7 75 92 166 108 781 384 102 234 
67 7 75 92 166 109 779 384 102 231 
67 7 75 92 166 110 777 384 104 231 
67 7 75 92 166 111 777 382 104 232 
67 7 75 92 166 112 775 382 104 229 
67 7 75 92 166 113 774 383 102 226 
67 7 75 92 166 114 772 380 102 229 
67 7 75 92 166 115 770 381 104 226 
67 7 75 92 166 116 770 381 104 223 
67 7 75 92 166 117 768 379 104 225 
67 7 75 92 166 118 766 380 104 222 
67 7 75 92 166 119 765 378 102 223 
67 7 75 92 166 120 763 379 102 220 
67 7 75 92 166 121 761 379 104 217 
67 7 75 92 166 122 761 377 104 219 
67 7 75 92 166 123 759 377 104 219 
67 7 75 92 166 124 758 378 102 216 
67 7 75 92 166 125 756 376 102 216 
67 7 75 92 166 126 754 376 104 213 
67 7 75 92 166 127 754 376 104 213 
67 7 75 92 166 128 752 374 104 213 
67 7 75 92 166 129 750 374 104 211 
67 7 75 92 166 130 749 372 102 214 
67 7 75 92 166 131 747 372 102 211 
67 7 75 92 166 132 745 373 104 208 
67 7 75 92 166 133 743 372 104 210 
67 7 75 92 166 134 742 372 102 207 
67 7 75 92 166 135 740 372 102 205 
67 7 75 92 166 136 738 370 104 208 
67 7 75 92 166 137 736 370 104 205 
67 7 75 92 166 138 734 371 104 202 
67 7 75 92 166 139 733 368 102 205 
67 7 75 92 166 140 733 369 102 202 
67 7 75 92 166 141 731 369 102 199 
67 7 75 92 166 142 729 367 104 202 
67 7 75 92 166 143 727 367 104 201 
67 7 75 92 166 144 726 368 102 198 
67 7 75 92 166 145 724 366 102 199 
67 7 75 92 166 146 722 367 104 196 
67 7 75 92 166 147 720 367 104 193 
67 7 75 92 166 148 718 365 104 196 
67 7 75 92 166 149 717 365 102 195 
67 7 75 92 166 150 715 366 102 192 
67 7 75 92 166 151 713 363 104 195 
67 7 75 92 166 152 711 364 104 192 
67 7 75 92 166 153 711 364 104 192 
67 7 75 92 166 154 710 362 102 192 
67 7 75 92 166 155 708 362 102 192 
67 7 75 92 166 156 709 362 100 192 
67 7 75 92 166 157 707 362 100 189 
67 7 75 92 166 158 707 362 100 189 
67 7 75 92 166 159 705 360 100 192 
67 7 75 92 166 160 706 360 96 190 
67 7 75 92 166 161 704 360 96 190 
67 7 75 92 166 162 702 360 98 190 
67 7 75 92 166 163 703 360 96 190 
67 7 75 92 166 164 701 359 96 189 
67 7 75 92 166 165 702 359 92 189 
67 7 75 92 166 166 699 359 96 189 
68 9 774 49 822 49 947 481 146 237 
68 9 774 49 822 50 944 480 146 238 
68 9 774 49 822 51 940 478 146 241 
68 9 774 49 822 52 937 478 148 241 
68 9 774 49 822 53 935 475 146 243 
68 9 774 49 822 54 931 473 146 246 
68 9 774 49 822 55 928 473 146 246 
68 9 774 49 822 56 924 470 146 248 
68 9 774 49 822 57 921 469 146 249 
68 9 774 49 822 58 919 469 146 249 
68 9 774 49 822 59 915 467 146 251 
68 9 774 49 822 60 912 464 146 254 
68 9 774 49 822 61 908 465 146 253 
68 9 774 49 822 62 908 462 142 256 
68 9 774 49 822 63 903 461 146 257 
68 9 774 49 822 64 899 462 146 257 
68 9 774 49 822 65 896 459 146 259 
68 9 774 49 822 66 895 457 142 262 
68 9 774 49 822 67 892 457 142 261 
68 9 774 49 822 68 887 454 146 264 
68 9 774 49 822 69 883 455 146 263 
68 9 774 49 822 70 883 452 142 266 
68 9 774 49 822 71 879 451 142 267 
68 9 774 49 822 72 876 452 142 267 
68 9 774 49 822 73 874 449 142 269 
68 9 774 49 822 74 870 447 142 272 
68 9 774 49 822 75 867 447 142 271 
68 9 774 49 822 76 863 445 142 274 
68 9 774 49 822 77 862 443 140 275 
68 9 774 49 822 78 858 444 142 275 
68 9 774 49 822 79 854 441 142 277 
68 9 774 49 822 80 851 442 142 277 
68 9 774 49 822 81 850 439 138 279 
68 9 774 49 822 82 846 437 140 282 
68 9 774 49 822 83 842 437 142 281 
68 9 774 49 822 84 838 435 142 284 
68 9 774 49 822 85 837 433 140 285 
68 9 774 49 822 86 834 434 138 284 
68 9 774 49 822 87 830 431 140 287 
68 9 774 49 822 88 829 431 138 287 
68 9 774 49 822 89 825 429 138 289 
68 9 774 49 822 90 821 430 140 289 
68 9 774 49 822 91 818 427 138 291 
68 9 774 49 822 92 817 428 136 291 
68 9 774 49 822 93 814 428 134 291 
68 9 774 49 822 94 809 427 138 291 
68 9 774 49 822 95 805 427 140 291 
68 9 774 49 822 96 805 427 134 291 
68 9 774 49 822 97 801 425 136 293 
68 9 774 49 822 98 798 425 134 293 
68 9 774 49 822 99 796 425 134 293 
68 9 774 49 822 100 792 423 136 295 
68 9 774 49 822 101 790 421 136 297 
68 9 774 49 822 102 789 422 134 297 
68 9 774 49 822 103 787 420 134 299 
68 9 774 49 822 104 785 419 136 300 
68 9 774 49 822 105 784 419 132 299 
68 9 774 49 822 106 783 417 130 301 
68 9 774 49 822 107 778 415 136 304 
68 9 774 49 822 108 776 415 136 303 
68 9 774 49 822 109 774 413 136 305 
68 9 774 49 822 110 774 412 130 306 
68 9 774 49 822 111 772 413 132 306 
68 9 774 49 822 112 770 411 132 306 
68 9 774 49 822 113 768 409 132 306 
68 9 774 49 822 114 767 409 130 304 
68 9 774 49 822 115 763 406 132 307 
68 9 774 49 822 116 761 407 132 304 
68 9 774 49 822 117 759 405 132 304 
68 9 774 49 822 118 758 404 130 303 
68 9 774 49 822 119 756 404 132 301 
68 9 774 49 822 120 755 402 128 301 
68 9 774 49 822 121 753 400 128 301 
68 9 774 49 822 122 752 401 128 298 
68 9 774 49 822 123 747 398 132 301 
68 9 774 49 822 124 745 398 132 300 
68 9 774 49 822 125 744 398 128 298 
68 9 774 49 822 126 743 396 128 298 
68 9 774 49 822 127 741 394 128 298 
68 9 774 49 822 128 739 394 128 295 
68 9 774 49 822 129 737 392 128 297 
68 9 774 49 822 130 736 392 128 297 
68 9 774 49 822 131 734 390 128 297 
68 9 774 49 822 132 732 389 128 295 
68 9 774 49 822 133 732 390 128 292 
68 9 774 49 822 134 730 388 128 292 
68 9 774 49 822 135 730 388 128 292 
68 9 774 49 822 136 728 386 128 294 
68 9 774 49 822 137 728 386 128 291 
68 9 774 49 822 138 727 384 128 291 
68 9 774 49 822 139 728 384 124 291 
68 9 774 49 822 140 725 383 128 289 
68 9 774 49 822 141 726 384 124 288 
68 9 774 49 822 142 723 382 128 288 
68 9 774 49 822 143 724 382 124 288 
68 9 774 49 822 144 721 380 128 288 
68 9 774 49 822 145 721 378 126 288 
68 9 774 49 822 146 720 378 128 285 
68 9 774 49 822 147 721 376 124 288 
68 9 774 49 822 148 719 376 124 286 
68 9 774 49 822 149 719 375 124 285 
68 9 774 49 822 150 717 376 124 282 
68 9 774 49 822 151 717 373 124 285 
68 9 774 49 822 152 715 374 124 282 
68 9 774 49 822 153 715 371 124 283 
68 9 774 49 822 154 712 372 126 280 
68 9 774 49 822 155 713 369 122 283 
68 9 774 49 822 156 712 370 124 280 
68 9 774 49 822 157 713 369 120 279 
68 9 774 49 822 158 710 367 124 279 
68 9 774 49 822 159 711 367 120 279 
68 9 774 49 822 160 708 365 124 280 
68 9 774 49 822 161 708 365 122 277 
68 9 774 49 822 162 705 363 126 277 
68 9 774 49 822 163 706 363 122 277 
68 9 774 49 822 164 706 361 120 277 
68 9 774 49 822 165 706 362 120 276 
68 9 774 49 822 166 704 361 120 274 
68 9 774 49 822 167 704 361 120 274 
68 9 774 49 822 168 702 359 120 274 
68 9 774 49 822 169 702 359 120 271 
68 9 774 49 822 170 699 357 122 271 
68 9 774 49 822 171 699 357 122 271 
68 9 774 49 822 172 697 358 122 270 
68 9 774 49 822 173 697 358 120 270 
68 9 774 49 822 174 697 358 120 270 
68 9 774 49 822 175 695 358 120 270 
68 9 774 49 822 176 692 358 122 270 
68 9 774 49 822 177 692 358 122 270 
68 9 774 49 822 178 690 358 122 267 
68 9 774 49 822 179 690 358 120 267 
68 9 774 49 822 180 690 358 120 267 
68 9 774 49 822 181 688 358 120 267 
68 9 774 49 822 182 686 358 120 267 
68 9 774 49 822 183 686 361 120 264 
68 9 774 49 822 184 683 359 122 264 
68 9 774 49 822 185 681 359 122 261 
68 9 774 49 822 186 681 357 120 264 
68 9 774 49 822 187 681 357 120 262 
68 9 774 49 822 188 679 357 120 259 
68 9 774 49 822 189 676 356 122 261 
68 9 774 49 822 190 677 357 118 258 
68 9 774 49 822 191 674 355 122 258 
68 9 774 49 822 192 674 355 120 258 
68 9 774 49 822 193 675 355 116 255 
68 9 774 49 822 194 672 353 120 258 
68 9 774 49 822 195 670 353 120 256 
68 9 774 49 822 196 670 351 118 256 
68 9 774 49 822 197 668 351 118 256 
68 9 774 49 822 198 665 351 122 253 
68 9 774 49 822 199 666 349 118 253 
68 9 774 49 822 200 666 349 116 253 
68 9 774 49 822 201 663 350 118 252 
68 9 774 49 822 202 663 349 118 250 
68 9 774 49 822 203 661 349 118 250 
68 9 774 49 822 204 659 347 118 250 
68 9 774 49 822 205 659 347 118 250 
68 9 774 49 822 206 659 347 116 247 
68 9 774 49 822 207 657 345 116 247 
68 9 774 49 822 208 654 345 118 247 
68 9 774 49 822 209 654 343 118 249 
68 9 774 49 822 210 652 344 118 246 
68 9 774 49 822 211 650 344 118 246 
68 9 774 49 822 212 651 343 114 244 
68 9 774 49 822 213 650 343 116 241 
68 9 774 49 822 214 647 343 118 241 
68 9 774 49 822 215 648 341 114 243 
68 9 774 49 822 216 645 341 118 243 
68 9 774 49 822 217 643 339 118 243 
68 9 774 49 822 218 644 340 114 240 
68 9 774 49 822 219 644 340 112 240 
68 9 774 49 822 220 641 338 116 240 
68 9 774 49 822 221 641 338 114 237 
68 9 774 49 822 222 639 336 114 240 
68 9 774 49 822 223 637 336 114 238 
68 9 774 49 822 224 637 336 114 235 
68 9 774 49 822 225 635 335 114 237 
68 9 774 49 822 226 634 336 114 234 
68 9 774 49 822 227 634 336 114 234 
68 9 774 49 822 228 632 334 114 234 
68 9 774 49 822 229 633 334 110 234 
68 9 774 49 822 230 630 334 114 232 
68 9 774 49 822 231 631 334 110 232 
68 9 774 49 822 232 628 332 114 232 
68 9 774 49 822 233 629 332 110 232 
68 9 774 49 822 234 630 332 108 232 
68 9 774 49 822 235 628 332 110 229 
68 9 774 49 822 236 629 330 106 232 
68 9 774 49 822 237 626 330 110 229 
68 9 774 49 822 238 627 330 106 229 
68 9 774 49 822 239 624 331 110 226 
68 9 774 49 822 240 625 331 106 226 
68 9 774 49 822 241 626 330 104 228 
68 9 774 49 822 242 623 330 108 226 
68 9 774 49 822 243 624 330 104 226 
68 9 774 49 822 244 621 330 108 223 
68 9 774 49 822 245 622 328 104 226 
68 9 774 49 822 246 620 328 106 223 
68 9 774 49 822 247 621 328 102 223 
68 9 774 49 822 248 622 328 98 223 
68 9 774 49 822 249 619 329 102 220 
68 9 774 49 822 250 620 326 100 223 
68 9 774 49 822 251 617 327 104 222 
68 9 774 49 822 252 618 327 100 222 
68 9 774 49 822 253 615 327 104 219 
68 9 774 49 822 254 616 325 100 222 
68 9 774 49 822 255 617 325 96 222 
68 9 774 49 822 256 615 325 98 219 
68 9 774 49 822 257 616 325 96 219 
68 9 774 49 822 258 613 326 100 216 
68 9 774 49 822 259 614 323 96 219 
68 9 774 49 822 260 611 324 100 216 
68 9 774 49 822 261 612 324 96 216 
68 9 774 49 822 262 613 324 92 216 
68 9 774 49 822 263 610 323 96 216 
68 9 774 49 822 264 611 323 92 216 
68 9 774 49 822 265 608 323 96 213 
68 9 774 49 822 266 608 323 94 213 
68 9 774 49 822 267 608 323 94 213 
68 9 774 49 822 268 608 321 92 213 
68 9 774 49 822 269 606 321 92 213 
68 9 774 49 822 270 606 322 92 210 
68 9 774 49 822 271 604 322 92 210 
68 9 774 49 822 272 601 319 96 211 
68 9 774 49 822 273 601 319 94 211 
68 9 774 49 822 274 601 319 92 211 
68 9 774 49 822 275 601 320 92 208 
68 9 774 49 822 276 599 320 92 208 
68 9 774 49 822 277 596 318 96 208 
68 9 774 49 822 278 597 318 92 208 
68 9 774 49 822 279 594 318 96 205 
68 9 774 49 822 280 595 318 92 205 
68 9 774 49 822 281 592 318 94 205 
68 9 774 49 822 282 591 318 96 204 
68 9 774 49 822 283 592 318 92 204 
68 9 774 49 822 284 589 318 96 202 
68 9 774 49 822 285 590 318 92 202 
68 9 774 49 822 286 587 316 96 202 
68 9 774 49 822 287 585 316 96 202 
68 9 774 49 822 288 585 316 94 202 
68 9 774 49 822 289 584 316 96 199 
68 9 774 49 822 290 585 316 92 199 
68 9 774 49 822 291 582 314 96 199 
68 9 774 49 822 292 580 314 96 199 
68 9 774 49 822 293 580 315 96 198 
68 9 774 49 822 294 578 315 96 198 
68 9 774 49 822 295 579 315 92 198 
68 9 774 49 822 296 576 313 96 198 
68 9 774 49 822 297 575 313 96 198 
68 9 774 49 822 298 575 313 96 195 
68 9 774 49 822 299 573 313 96 195 
68 9 774 49 822 300 573 313 96 195 
68 9 774 49 822 301 571 311 96 195 
68 9 774 49 822 302 569 311 96 195 
68 9 774 49 822 303 569 311 96 195 
68 9 774 49 822 304 568 311 96 195 
68 9 774 49 822 305 568 311 96 195 
68 9 774 49 822 306 566 310 96 193 
68 9 774 49 822 307 566 310 96 193 
68 9 774 49 822 308 564 310 96 193 
68 9 774 49 822 309 564 310 96 193 
68 9 774 49 822 310 562 310 96 193 
68 9 774 49 822 311 560 308 96 195 
68 9 774 49 822 312 560 308 96 195 
68 9 774 49 822 313 559 308 96 195 
68 9 774 49 822 314 559 308 96 195 
68 9 774 49 822 315 557 308 96 195 
68 9 774 49 822 316 557 308 96 195 
68 9 774 49 822 317 555 306 96 195 
68 9 774 49 822 318 555 306 96 195 
68 9 774 49 822 319 553 306 96 195 
68 9 774 49 822 320 552 306 96 195 
68 9 774 49 822 321 552 306 96 195 
68 9 774 49 822 322 550 304 96 195 
68 9 774 49 822 323 550 304 96 195 
68 9 774 49 822 324 548 304 96 195 
68 9 774 49 822 325 548 304 96 195 
68 9 774 49 822 326 546 304 96 195 
68 9 774 49 822 327 546 304 96 195 
68 9 774 49 822 328 544 303 96 193 
68 9 774 49 822 329 544 303 96 193 
68 9 774 49 822 330 543 303 96 193 
68 9 774 49 822 331 543 303 96 193 
68 9 774 49 822 332 541 303 96 193 
68 9 774 49 822 333 541 303 96 193 
68 9 774 49 822 334 539 303 96 193 
68 9 774 49 822 335 539 303 96 193 
68 9 774 49 822 336 537 303 96 193 
68 9 774 49 822 337 537 303 96 193 
68 9 774 49 822 338 536 303 96 193 
68 9 774 49 822 339 536 303 96 193 
68 9 774 49 822 340 534 303 96 193 
68 9 774 49 822 341 534 303 96 193 
68 9 774 49 822 342 532 303 96 193 
68 9 774 49 822 343 532 303 96 193 
68 9 774 49 822 344 532 303 96 193 
68 9 774 49 822 345 530 301 96 195 
68 9 774 49 822 346 528 301 96 195 
68 9 774 49 822 347 527 302 96 192 
68 9 774 49 822 348 525 299 96 195 
68 9 774 49 822 349 525 300 96 192 
68 9 774 49 822 350 523 300 96 192 
68 9 774 49 822 351 521 298 96 192 
68 9 774 49 822 352 520 298 96 192 
68 9 774 49 822 353 518 298 96 189 
68 9 774 49 822 354 518 296 96 192 
68 9 774 49 822 355 516 296 96 190 
68 9 774 49 822 356 514 296 96 190 
68 9 774 49 822 357 512 295 96 189 
68 9 774 49 822 358 511 295 96 189 
68 9 774 49 822 359 511 296 96 186 
68 9 774 49 822 360 509 293 96 189 
68 9 774 49 822 361 507 294 96 186 
68 9 774 49 822 362 505 294 96 186 
68 9 774 49 822 363 505 294 96 186 
68 9 774 49 822 364 504 291 96 187 
68 9 774 49 822 365 504 291 96 187 
68 9 774 49 822 366 502 291 96 187 
68 9 774 49 822 367 502 291 96 187 
68 9 774 49 822 368 502 291 96 187 
68 9 774 49 822 369 500 292 96 184 
68 9 774 49 822 370 500 292 96 184 
68 9 774 49 822 371 500 292 96 184 
68 9 774 49 822 372 498 292 96 184 
68 9 774 49 822 373 498 292 96 184 
68 9 774 49 822 374 498 292 96 184 
68 9 774 49 822 375 496 290 96 184 
68 9 774 49 822 376 496 290 94 184 
68 9 774 49 822 377 495 290 96 181 
68 9 774 49 822 378 496 290 92 181 
68 9 774 49 822 379 494 289 92 183 
68 9 774 49 822 380 494 290 92 180 
68 9 774 49 822 381 492 290 92 180 
68 9 774 49 822 382 492 290 92 180 
68 9 774 49 822 383 489 287 94 181 
68 9 774 49 822 384 489 287 94 181 
68 9 774 49 822 385 489 287 92 181 
68 9 774 49 822 386 489 287 92 181 
68 9 774 49 822 387 487 288 92 178 
68 9 774 49 822 388 487 288 92 178 
68 9 774 49 822 389 485 288 92 178 
68 9 774 49 822 390 485 285 92 181 
68 9 774 49 822 391 483 286 92 178 
68 9 774 49 822 392 483 286 92 178 
68 9 774 49 822 393 480 286 94 178 
68 9 774 49 822 394 480 286 94 178 
68 9 774 49 822 395 480 286 92 178 
68 9 774 49 822 396 480 286 92 175 
68 9 774 49 822 397 478 284 92 178 
68 9 774 49 822 398 478 284 92 178 
68 9 774 49 822 399 476 284 92 178 
68 9 774 49 822 400 476 284 92 177 
68 9 774 49 822 401 473 284 94 177 
68 9 774 49 822 402 473 284 94 177 
68 9 774 49 822 403 473 284 92 177 
68 9 774 49 822 404 473 284 92 177 
68 9 774 49 822 405 471 282 92 177 
68 9 774 49 822 406 471 282 92 177 
68 9 774 49 822 407 472 282 88 177 
68 9 774 49 822 408 472 282 88 177 
68 9 774 49 822 409 472 283 88 174 
68 9 774 49 822 410 473 283 84 174 
68 9 774 49 822 411 473 283 84 174 
68 9 774 49 822 412 470 283 88 174 
68 9 774 49 822 413 470 283 86 174 
68 9 774 49 822 414 470 283 86 171 
68 9 774 49 822 415 470 283 86 171 
68 9 774 49 822 416 471 283 82 171 
68 9 774 49 822 417 471 283 82 171 
68 9 774 49 822 418 471 283 82 171 
68 9 774 49 822 419 471 283 82 171 
68 9 774 49 822 420 471 283 82 171 
68 9 774 49 822 421 470 283 86 171 
68 9 774 49 822 422 470 283 86 174 
68 9 774 49 822 423 470 283 88 174 
68 9 774 49 822 424 470 283 88 174 
68 9 774 49 822 425 469 282 92 177 
68 9 774 49 822 426 464 281 94 175 
68 9 774 49 822 427 462 279 92 175 
68 9 774 49 822 428 460 277 92 175 
68 9 774 49 822 429 457 275 94 177 
68 9 774 49 822 430 457 275 94 177 
68 9 774 49 822 431 457 276 92 174 
68 9 774 49 822 432 457 276 92 174 
68 9 774 49 822 433 457 276 92 174 
68 9 774 49 822 434 455 276 92 171 
68 9 774 49 822 435 455 276 92 171 
68 9 774 49 822 436 455 276 92 171 
68 9 774 49 822 437 453 277 92 168 
68 9 774 49 822 438 453 277 92 168 
68 9 774 49 822 439 453 277 92 168 
68 9 774 49 822 440 451 277 92 166 
68 9 774 49 822 441 451 277 92 166 
68 9 774 49 822 442 451 277 92 166 
68 9 774 49 822 443 448 277 94 166 
68 9 774 49 822 444 448 277 92 166 
68 9 774 49 822 445 448 277 92 166 
68 9 774 49 822 446 446 277 92 166 
68 9 774 49 822 447 446 277 92 166 
68 9 774 49 822 448 444 277 92 166 
68 9 774 49 822 449 444 277 92 166 
68 9 774 49 822 450 441 277 94 166 
68 9 774 49 822 451 441 277 92 166 
68 9 774 49 822 452 441 277 92 166 
68 9 774 49 822 453 439 277 92 166 
68 9 774 49 822 454 439 277 92 166 
68 9 774 49 822 455 437 277 92 166 
68 9 774 49 822 456 437 277 92 166 
68 9 774 49 822 457 435 276 92 165 
68 9 774 49 822 458 435 276 92 165 
68 9 774 49 822 459 435 276 92 165 
68 9 774 49 822 460 435 276 92 165 
68 9 774 49 822 461 432 277 94 162 
68 9 774 49 822 462 432 277 94 162 
68 9 774 49 822 463 432 277 94 162 
68 9 774 49 822 464 432 277 94 162 
68 9 774 49 822 465 432 277 92 159 
68 9 774 49 822 466 432 277 92 159 
68 9 774 49 822 467 432 277 92 159 
68 9 774 49 822 468 432 277 92 159 
68 9 774 49 822 469 430 278 92 156 
68 9 774 49 822 470 430 278 92 156 
68 9 774 49 822 471 430 278 92 156 
68 9 774 49 822 472 430 278 92 156 
68 9 774 49 822 473 428 275 92 157 
68 9 774 49 822 474 428 276 92 154 
68 9 774 49 822 475 425 276 94 154 
68 9 774 49 822 476 425 276 94 151 
68 9 774 49 822 477 425 276 94 151 
68 9 774 49 822 478 425 277 92 148 
68 9 774 49 822 479 425 277 92 148 
68 9 774 49 822 480 425 277 92 147 
68 9 774 49 822 481 423 277 92 147 
68 9 774 49 822 482 423 278 92 144 
68 9 774 49 822 483 423 278 92 144 
68 9 774 49 822 484 421 278 92 141 
68 9 774 49 822 485 421 278 92 141 
68 9 774 49 822 486 421 279 92 138 
68 9 774 49 822 487 419 279 92 138 
68 9 774 49 822 488 419 279 92 135 
68 9 774 49 822 489 419 279 92 135 
68 9 774 49 822 490 416 277 94 136 
68 9 774 49 822 491 416 277 94 136 
68 9 774 49 822 492 416 277 94 136 
68 9 774 49 822 493 416 277 94 136 
68 9 774 49 822 494 416 277 94 136 
68 9 774 49 822 495 416 275 94 136 
68 9 774 49 822 496 416 275 94 136 
68 9 774 49 822 497 416 275 94 136 
68 9 774 49 822 498 416 275 92 136 
68 9 774 49 822 499 416 275 92 136 
68 9 774 49 822 500 416 275 92 136 
68 9 774 49 822 501 416 273 92 136 
68 9 774 49 822 502 416 273 92 136 
68 9 774 49 822 503 416 273 92 136 
68 9 774 49 822 504 416 273 92 136 
68 9 774 49 822 505 416 273 92 136 
68 9 774 49 822 506 416 273 92 136 
68 9 774 49 822 507 414 272 92 135 
68 9 774 49 822 508 414 272 92 135 
68 9 774 49 822 509 414 272 92 135 
68 9 774 49 822 510 412 272 92 135 
68 9 774 49 822 511 412 272 92 135 
68 9 774 49 822 512 412 272 92 135 
68 9 774 49 822 513 409 272 94 135 
68 9 774 49 822 514 409 272 94 135 
68 9 774 49 822 515 409 270 94 136 
68 9 774 49 822 516 409 270 92 136 
68 9 774 49 822 517 409 270 92 136 
68 9 774 49 822 518 409 270 92 136 
68 9 774 49 822 519 407 270 92 136 
68 9 774 49 822 520 407 270 92 136 
68 9 774 49 822 521 407 270 92 136 
68 9 774 49 822 522 407 270 92 136 
68 9 774 49 822 523 405 270 92 133 
68 9 774 49 822 524 405 271 92 130 
68 9 774 49 822 525 403 271 92 130 
68 9 774 49 822 526 403 271 92 127 
68 9 774 49 822 527 403 271 92 127 
68 9 774 49 822 528 400 272 94 124 
68 9 774 49 822 529 400 272 94 124 
68 9 774 49 822 530 400 272 94 123 
68 9 774 49 822 531 400 272 92 123 
68 9 774 49 822 532 400 273 92 120 
68 9 774 49 822 533 400 273 92 120 
68 9 774 49 822 534 398 273 92 120 
68 9 774 49 822 535 398 273 92 120 
68 9 774 49 822 536 398 273 92 120 
68 9 774 49 822 537 396 273 92 120 
68 9 774 49 822 538 396 273 92 120 
68 9 774 49 822 539 396 273 92 120 
68 9 774 49 822 540 396 273 92 120 
68 9 774 49 822 541 393 273 94 120 
68 9 774 49 822 542 393 273 94 120 
68 9 774 49 822 543 393 273 94 120 
68 9 774 49 822 544 393 273 92 120 
68 9 774 49 822 545 393 273 92 120 
68 9 774 49 822 546 393 273 92 120 
68 9 774 49 822 547 393 273 92 120 
68 9 774 49 822 548 391 273 92 120 
68 9 774 49 822 549 391 273 92 120 
68 9 774 49 822 550 391 273 92 120 
68 9 774 49 822 551 389 273 92 120 
68 9 774 49 822 552 389 273 92 120 
68 9 774 49 822 553 389 273 92 120 
68 9 774 49 822 554 389 273 92 120 
68 9 774 49 822 555 387 271 92 120 
68 9 774 49 822 556 387 271 92 120 
68 9 774 49 822 557 384 271 94 120 
68 9 774 49 822 558 384 271 94 120 
68 9 774 49 822 559 384 271 92 120 
68 9 774 49 822 560 384 271 92 120 
68 9 774 49 822 561 382 271 92 120 
68 9 774 49 822 562 382 271 92 120 
68 9 774 49 822 563 380 271 92 120 
68 9 774 49 822 564 380 271 92 120 
68 9 774 49 822 565 377 269 94 120 
68 9 774 49 822 566 377 269 94 120 
68 9 774 49 822 567 377 269 92 120 
68 9 774 49 822 568 377 269 92 120 
68 9 774 49 822 569 375 269 92 120 
68 9 774 49 822 570 375 269 92 120 
68 9 774 49 822 571 373 269 92 120 
68 9 774 49 822 572 373 269 92 120 
68 9 774 49 822 573 371 269 92 120 
68 9 774 49 822 574 371 269 92 120 
68 9 774 49 822 575 371 269 92 120 
68 9 774 49 822 576 368 268 94 120 
68 9 774 49 822 577 368 268 94 120 
68 9 774 49 822 578 369 268 90 120 
68 9 774 49 822 579 369 268 90 120 
68 9 774 49 822 580 370 268 86 120 
68 9 774 49 822 581 369 268 88 120 
68 9 774 49 822 582 370 268 84 120 
68 9 774 49 822 583 370 268 84 120 
68 9 774 49 822 584 370 268 84 120 
68 9 774 49 822 585 370 268 82 120 
68 9 774 49 822 586 370 268 82 120 
68 9 774 49 822 587 368 268 82 120 
68 9 774 49 822 588 368 268 82 120 
68 9 774 49 822 589 369 268 78 120 
68 9 774 49 822 590 369 268 78 120 
68 9 774 49 822 591 369 268 78 120 
68 9 774 49 822 592 370 268 74 120 
68 9 774 49 822 593 367 268 78 120 
68 9 774 49 822 594 368 268 74 120 
68 9 774 49 822 595 368 268 74 120 
68 9 774 49 822 596 369 268 72 120 
68 9 774 49 822 597 369 268 72 120 
68 9 774 49 822 598 369 268 72 120 
68 9 774 49 822 599 367 265 72 123 
68 9 774 49 822 600 367 265 72 123 
68 9 774 49 822 601 366 263 70 126 
68 9 774 49 822 602 366 263 70 126 
68 9 774 49 822 603 366 263 70 126 
68 9 774 49 822 604 366 263 70 126 
68 9 774 49 822 605 366 263 70 126 
68 9 774 49 822 606 367 263 66 126 
68 9 774 49 822 607 367 263 66 126 
68 9 774 49 822 608 367 263 66 126 
68 9 774 49 822 609 364 263 70 126 
68 9 774 49 822 610 364 263 70 126 
68 9 774 49 822 611 365 263 68 126 
68 9 774 49 822 612 365 263 68 126 
68 9 774 49 822 613 365 263 68 126 
68 9 774 49 822 614 365 263 68 126 
68 9 774 49 822 615 365 263 68 126 
68 9 774 49 822 616 366 263 64 126 
68 9 774 49 822 617 363 263 68 126 
68 9 774 49 822 618 363 263 68 126 
68 9 774 49 822 619 363 263 68 126 
68 9 774 49 822 620 363 263 68 126 
68 9 774 49 822 621 363 263 68 126 
68 9 774 49 822 622 364 260 64 129 
68 9 774 49 822 623 364 260 64 129 
68 9 774 49 822 624 364 260 64 129 
68 9 774 49 822 625 364 260 64 129 
68 9 774 49 822 626 361 260 68 129 
68 9 774 49 822 627 362 260 64 129 
68 9 774 49 822 628 362 260 64 129 
68 9 774 49 822 629 362 260 64 129 
68 9 774 49 822 630 362 260 64 129 
68 9 774 49 822 631 362 260 64 129 
68 9 774 49 822 632 363 260 60 129 
68 9 774 49 822 633 363 260 60 129 
68 9 774 49 822 634 360 260 64 129 
68 9 774 49 822 635 360 260 64 129 
68 9 774 49 822 636 360 260 64 129 
68 9 774 49 822 637 360 260 62 129 
68 9 774 49 822 638 360 260 62 129 
68 9 774 49 822 639 360 260 62 129 
68 9 774 49 822 640 360 260 62 129 
68 9 774 49 822 641 360 260 62 129 
68 9 774 49 822 642 360 260 62 129 
68 9 774 49 822 643 360 258 60 129 
68 9 774 49 822 644 360 258 60 129 
68 9 774 49 822 645 360 258 60 129 
68 9 774 49 822 646 360 258 60 129 
68 9 774 49 822 647 360 258 60 129 
68 9 774 49 822 648 360 258 60 129 
68 9 774 49 822 649 360 258 60 129 
68 9 774 49 822 650 358 259 60 126 
68 9 774 49 822 651 358 259 60 126 
68 9 774 49 822 652 358 259 60 126 
68 9 774 49 822 653 358 259 60 126 
68 9 774 49 822 654 358 259 60 126 
68 9 774 49 822 655 358 259 60 126 
68 9 774 49 822 656 358 259 60 126 
68 9 774 49 822 657 358 259 60 126 
68 9 774 49 822 658 356 259 60 123 
68 9 774 49 822 659 356 259 60 123 
68 9 774 49 822 660 356 259 60 123 
68 9 774 49 822 661 356 259 60 123 
68 9 774 49 822 662 356 259 60 123 
68 9 774 49 822 663 356 259 60 123 
68 9 774 49 822 664 356 259 60 123 
68 9 774 49 822 665 353 260 62 120 
68 9 774 49 822 666 353 260 62 120 
68 9 774 49 822 667 353 260 62 120 
68 9 774 49 822 668 353 260 62 120 
68 9 774 49 822 669 353 260 62 120 
68 9 774 49 822 670 353 260 62 120 
68 9 774 49 822 671 353 260 62 120 
68 9 774 49 822 672 353 260 62 120 
68 9 774 49 822 673 353 260 60 118 
68 9 774 49 822 674 353 260 60 118 
68 9 774 49 822 675 353 260 60 118 
68 9 774 49 822 676 353 260 60 118 
68 9 774 49 822 677 353 260 60 118 
68 9 774 49 822 678 353 260 60 118 
68 9 774 49 822 679 353 260 60 118 
68 9 774 49 822 680 351 260 60 115 
68 9 774 49 822 681 351 260 60 115 
68 9 774 49 822 682 351 260 60 115 
68 9 774 49 822 683 351 260 60 115 
68 9 774 49 822 684 351 260 60 115 
68 9 774 49 822 685 351 260 60 115 
68 9 774 49 822 686 351 260 60 115 
68 9 774 49 822 687 351 260 60 115 
68 9 774 49 822 688 349 261 60 112 
68 9 774 49 822 689 349 261 60 112 
68 9 774 49 822 690 349 261 60 112 
68 9 774 49 822 691 349 261 60 112 
68 9 774 49 822 692 349 261 60 112 
68 9 774 49 822 693 349 261 60 112 
68 9 774 49 822 694 349 261 60 112 
68 9 774 49 822 695 347 261 60 109 
68 9 774 49 822 696 347 261 60 109 
68 9 774 49 822 697 347 261 60 109 
68 9 774 49 822 698 347 261 60 109 
68 9 774 49 822 699 347 261 60 109 
68 9 774 49 822 700 347 261 60 109 
68 9 774 49 822 701 347 261 60 109 
68 9 774 49 822 702 347 261 60 109 
68 9 774 49 822 703 344 260 62 109 
68 9 774 49 822 704 344 260 62 109 
68 9 774 49 822 705 344 260 62 109 
68 9 774 49 822 706 344 260 62 109 
68 9 774 49 822 707 344 260 62 109 
68 9 774 49 822 708 344 260 62 109 
68 9 774 49 822 709 344 260 62 109 
68 9 774 49 822 710 344 260 62 109 
68 9 774 49 822 711 344 260 62 109 
68 9 774 49 822 712 344 260 62 109 
68 9 774 49 822 713 344 260 62 109 
68 9 774 49 822 714 344 258 62 109 
68 9 774 49 822 715 344 258 62 109 
68 9 774 49 822 716 344 258 62 109 
68 9 774 49 822 717 344 258 62 109 
68 9 774 49 822 718 344 258 62 109 
68 9 774 49 822 719 344 258 62 109 
68 9 774 49 822 720 344 258 62 109 
68 9 774 49 822 721 344 258 62 109 
68 9 774 49 822 722 344 258 62 109 
68 9 774 49 822 723 344 258 62 109 
68 9 774 49 822 724 344 258 62 109 
68 9 774 49 822 725 344 256 62 109 
68 9 774 49 822 726 344 256 62 109 
68 9 774 49 822 727 344 256 62 109 
68 9 774 49 822 728 344 256 62 109 
68 9 774 49 822 729 344 256 62 109 
68 9 774 49 822 730 344 256 62 109 
68 9 774 49 822 731 344 256 62 109 
68 9 774 49 822 732 344 256 62 109 
68 9 774 49 822 733 344 256 62 109 
68 9 774 49 822 734 344 256 62 109 
68 9 774 49 822 735 344 256 62 109 
68 9 774 49 822 736 344 254 62 109 
68 9 774 49 822 737 344 254 62 109 
68 9 774 49 822 738 344 254 62 109 
68 9 774 49 822 739 344 254 62 109 
68 9 774 49 822 740 344 254 62 109 
68 9 774 49 822 741 344 254 62 109 
68 9 774 49 822 742 344 254 62 109 
68 9 774 49 822 743 344 254 62 109 
68 9 774 49 822 744 344 254 62 109 
68 9 774 49 822 745 344 254 62 109 
68 9 774 49 822 746 344 254 62 109 
68 9 774 49 822 747 344 254 62 108 
68 9 774 49 822 748 344 254 62 108 
68 9 774 49 822 749 344 254 62 108 
68 9 774 49 822 750 344 254 62 108 
68 9 774 49 822 751 344 254 62 108 
68 9 774 49 822 752 344 254 62 108 
68 9 774 49 822 753 344 254 62 108 
68 9 774 49 822 754 344 254 62 108 
68 9 774 49 822 755 344 254 62 108 
68 9 774 49 822 756 344 254 62 108 
68 9 774 49 822 757 344 254 62 108 
68 9 774 49 822 758 344 251 62 109 
68 9 774 49 822 759 344 251 62 109 
68 9 774 49 822 760 344 251 62 109 
68 9 774 49 822 761 344 251 62 109 
68 9 774 49 822 762 344 251 62 109 
68 9 774 49 822 763 344 251 62 109 
68 9 774 49 822 764 344 251 62 109 
68 9 774 49 822 765 344 251 62 109 
68 9 774 49 822 766 344 251 62 109 
68 9 774 49 822 767 344 251 62 109 
68 9 774 49 822 768 344 251 62 109 
68 9 774 49 822 769 344 249 60 109 
68 9 774 49 822 770 344 249 60 109 
68 9 774 49 822 771 344 249 60 109 
68 9 774 49 822 772 344 249 60 109 
68 9 774 49 822 773 344 249 60 109 
68 9 774 49 822 774 344 249 60 109 
68 9 774 49 822 775 344 249 60 109 
68 9 774 49 822 776 344 249 60 109 
68 9 774 49 822 777 342 249 60 109 
68 9 774 49 822 778 342 249 60 109 
68 9 774 49 822 779 342 249 60 109 
68 9 774 49 822 780 342 249 60 109 
68 9 774 49 822 781 342 249 60 109 
68 9 774 49 822 782 342 249 60 109 
68 9 774 49 822 783 342 249 60 109 
68 9 774 49 822 784 342 249 60 109 
68 9 774 49 822 785 342 249 60 109 
68 9 774 49 822 786 340 250 60 106 
68 9 774 49 822 787 340 250 60 106 
68 9 774 49 822 788 340 250 60 106 
68 9 774 49 822 789 340 250 60 106 
68 9 774 49 822 790 340 247 60 109 
68 9 774 49 822 791 340 247 60 109 
68 9 774 49 822 792 340 247 60 109 
68 9 774 49 822 793 340 247 60 109 
68 9 774 49 822 794 340 247 60 109 
68 9 774 49 822 795 337 247 62 109 
68 9 774 49 822 796 337 247 62 109 
68 9 774 49 822 797 337 247 62 109 
68 9 774 49 822 798 337 247 62 109 
68 9 774 49 822 799 337 247 62 109 
68 9 774 49 822 800 337 247 62 109 
68 9 774 49 822 801 337 247 62 109 
68 9 774 49 822 802 337 247 62 109 
68 9 774 49 822 803 337 248 60 106 
68 9 774 49 822 804 337 248 60 106 
68 9 774 49 822 805 337 248 60 106 
68 9 774 49 822 806 337 248 60 106 
68 9 774 49 822 807 337 248 60 106 
68 9 774 49 822 808 337 248 60 106 
68 9 774 49 822 809 337 248 60 106 
68 9 774 49 822 810 337 248 60 106 
68 9 774 49 822 811 337 248 60 106 
68 9 774 49 822 812 335 245 60 109 
68 9 774 49 822 813 335 245 60 109 
68 9 774 49 822 814 335 245 60 109 
68 9 774 49 822 815 335 245 60 109 
68 9 774 49 822 816 335 245 60 109 
68 9 774 49 822 817 335 245 60 109 
68 9 774 49 822 818 335 245 60 109 
68 9 774 49 822 819 335 245 60 109 
68 9 774 49 822 820 335 245 60 109 
68 9 774 49 822 821 333 246 60 108 
68 9 774 49 822 822 333 246 60 108 
69 9 639 63 701 63 1033 416 146 291 
69 9 639 63 701 64 1031 415 146 289 
69 9 639 63 701 65 1027 416 146 288 
69 9 639 63 701 66 1026 414 146 288 
69 9 639 63 701 67 1024 414 146 285 
69 9 639 63 701 68 1022 412 146 288 
69 9 639 63 701 69 1021 412 142 285 
69 9 639 63 701 70 1017 410 146 285 
69 9 639 63 701 71 1015 410 146 283 
69 9 639 63 701 72 1014 408 142 283 
69 9 639 63 701 73 1012 408 144 282 
69 9 639 63 701 74 1011 408 142 282 
69 9 639 63 701 75 1007 406 142 282 
69 9 639 63 701 76 1005 406 142 280 
69 9 639 63 701 77 1004 404 142 280 
69 9 639 63 701 78 1002 404 142 277 
69 9 639 63 701 79 998 402 142 277 
69 9 639 63 701 80 996 402 144 277 
69 9 639 63 701 81 995 402 142 276 
69 9 639 63 701 82 994 399 138 277 
69 9 639 63 701 83 992 400 138 274 
69 9 639 63 701 84 988 398 142 274 
69 9 639 63 701 85 987 398 138 271 
69 9 639 63 701 86 985 396 138 274 
69 9 639 63 701 87 983 396 140 273 
69 9 639 63 701 88 981 394 140 273 
69 9 639 63 701 89 978 395 138 270 
69 9 639 63 701 90 976 394 138 268 
69 9 639 63 701 91 974 392 140 268 
69 9 639 63 701 92 974 392 134 268 
69 9 639 63 701 93 972 390 134 270 
69 9 639 63 701 94 967 390 140 267 
69 9 639 63 701 95 966 388 136 267 
69 9 639 63 701 96 965 389 134 264 
69 9 639 63 701 97 963 388 134 264 
69 9 639 63 701 98 961 388 136 264 
69 9 639 63 701 99 958 386 134 264 
69 9 639 63 701 100 956 386 134 264 
69 9 639 63 701 101 955 386 132 261 
69 9 639 63 701 102 953 384 132 264 
69 9 639 63 701 103 951 384 132 261 
69 9 639 63 701 104 951 384 128 261 
69 9 639 63 701 105 946 382 132 261 
69 9 639 63 701 106 944 382 132 261 
69 9 639 63 701 107 944 382 128 259 
69 9 639 63 701 108 942 382 128 259 
69 9 639 63 701 109 940 380 128 262 
69 9 639 63 701 110 939 380 124 259 
69 9 639 63 701 111 936 380 126 259 
69 9 639 63 701 112 933 380 128 258 
69 9 639 63 701 113 932 380 124 258 
69 9 639 63 701 114 929 380 126 255 
69 9 639 63 701 115 929 378 124 258 
69 9 639 63 701 116 928 378 120 256 
69 9 639 63 701 117 926 378 120 256 
69 9 639 63 701 118 923 378 122 256 
69 9 639 63 701 119 921 376 122 256 
69 9 639 63 701 120 921 376 120 253 
69 9 639 63 701 121 919 374 120 256 
69 9 639 63 701 122 916 374 122 253 
69 9 639 63 701 123 914 374 122 253 
69 9 639 63 701 124 914 374 120 252 
69 9 639 63 701 125 912 374 120 252 
69 9 639 63 701 126 910 374 120 250 
69 9 639 63 701 127 907 371 122 253 
69 9 639 63 701 128 908 372 118 250 
69 9 639 63 701 129 906 372 118 250 
69 9 639 63 701 130 906 370 116 250 
69 9 639 63 701 131 903 370 118 250 
69 9 639 63 701 132 901 370 118 247 
69 9 639 63 701 133 899 368 118 249 
69 9 639 63 701 134 899 368 116 249 
69 9 639 63 701 135 897 366 116 249 
69 9 639 63 701 136 894 366 118 249 
69 9 639 63 701 137 895 367 114 246 
69 9 639 63 701 138 893 365 114 247 
69 9 639 63 701 139 891 366 114 244 
69 9 639 63 701 140 890 366 114 244 
69 9 639 63 701 141 888 364 114 244 
69 9 639 63 701 142 886 364 114 244 
69 9 639 63 701 143 884 364 114 243 
69 9 639 63 701 144 884 362 112 246 
69 9 639 63 701 145 881 362 114 243 
69 9 639 63 701 146 881 362 114 243 
69 9 639 63 701 147 879 360 114 243 
69 9 639 63 701 148 877 360 114 243 
69 9 639 63 701 149 875 361 114 240 
69 9 639 63 701 150 874 359 114 241 
69 9 639 63 701 151 872 360 114 240 
69 9 639 63 701 152 870 360 114 240 
69 9 639 63 701 153 871 358 110 240 
69 9 639 63 701 154 869 358 110 240 
69 9 639 63 701 155 868 358 110 237 
69 9 639 63 701 156 866 356 110 240 
69 9 639 63 701 157 864 356 110 237 
69 9 639 63 701 158 862 356 110 237 
69 9 639 63 701 159 862 357 110 234 
69 9 639 63 701 160 860 354 112 237 
69 9 639 63 701 161 859 354 110 235 
69 9 639 63 701 162 857 354 110 235 
69 9 639 63 701 163 855 352 110 235 
69 9 639 63 701 164 853 352 110 235 
69 9 639 63 701 165 852 353 110 232 
69 9 639 63 701 166 853 352 106 234 
69 9 639 63 701 167 851 352 106 231 
69 9 639 63 701 168 849 352 106 231 
69 9 639 63 701 169 847 350 108 232 
69 9 639 63 701 170 845 350 108 232 
69 9 639 63 701 171 844 350 106 229 
69 9 639 63 701 172 844 350 106 229 
69 9 639 63 701 173 842 348 106 229 
69 9 639 63 701 174 840 348 106 229 
69 9 639 63 701 175 838 349 108 226 
69 9 639 63 701 176 837 346 106 229 
69 9 639 63 701 177 835 347 106 226 
69 9 639 63 701 178 836 347 102 226 
69 9 639 63 701 179 834 346 104 226 
69 9 639 63 701 180 832 346 104 226 
69 9 639 63 701 181 829 346 108 223 
69 9 639 63 701 182 828 344 106 226 
69 9 639 63 701 183 826 344 106 223 
69 9 639 63 701 184 827 344 102 223 
69 9 639 63 701 185 825 342 104 223 
69 9 639 63 701 186 823 342 104 223 
69 9 639 63 701 187 822 343 102 222 
69 9 639 63 701 188 820 343 102 222 
69 9 639 63 701 189 821 341 100 222 
69 9 639 63 701 190 818 341 104 222 
69 9 639 63 701 191 816 341 104 219 
69 9 639 63 701 192 814 339 104 222 
69 9 639 63 701 193 813 339 102 219 
69 9 639 63 701 194 811 339 102 219 
69 9 639 63 701 195 812 338 100 217 
69 9 639 63 701 196 810 338 100 217 
69 9 639 63 701 197 808 339 100 216 
69 9 639 63 701 198 807 336 98 219 
69 9 639 63 701 199 804 337 102 216 
69 9 639 63 701 200 802 337 104 216 
69 9 639 63 701 201 803 335 100 216 
69 9 639 63 701 202 801 335 100 216 
69 9 639 63 701 203 799 335 100 213 
69 9 639 63 701 204 798 335 98 213 
69 9 639 63 701 205 796 333 100 214 
69 9 639 63 701 206 797 333 96 214 
69 9 639 63 701 207 795 333 96 211 
69 9 639 63 701 208 792 332 100 213 
69 9 639 63 701 209 791 333 98 210 
69 9 639 63 701 210 789 333 100 210 
69 9 639 63 701 211 787 331 100 210 
69 9 639 63 701 212 788 331 96 210 
69 9 639 63 701 213 786 331 96 207 
69 9 639 63 701 214 784 329 96 210 
69 9 639 63 701 215 783 329 96 208 
69 9 639 63 701 216 781 329 96 208 
69 9 639 63 701 217 781 329 96 208 
69 9 639 63 701 218 779 327 96 208 
69 9 639 63 701 219 777 327 96 208 
69 9 639 63 701 220 776 327 96 208 
69 9 639 63 701 221 777 327 92 205 
69 9 639 63 701 222 775 327 92 205 
69 9 639 63 701 223 772 327 96 205 
69 9 639 63 701 224 770 327 96 205 
69 9 639 63 701 225 771 328 92 202 
69 9 639 63 701 226 768 328 94 202 
69 9 639 63 701 227 768 325 92 205 
69 9 639 63 701 228 765 326 96 204 
69 9 639 63 701 229 766 326 92 204 
69 9 639 63 701 230 764 326 92 204 
69 9 639 63 701 231 761 326 94 204 
69 9 639 63 701 232 761 326 92 201 
69 9 639 63 701 233 761 326 92 201 
69 9 639 63 701 234 759 326 92 201 
69 9 639 63 701 235 757 326 92 201 
69 9 639 63 701 236 755 325 92 199 
69 9 639 63 701 237 755 325 90 199 
69 9 639 63 701 238 752 325 94 199 
69 9 639 63 701 239 752 326 92 196 
69 9 639 63 701 240 750 326 92 196 
69 9 639 63 701 241 751 326 88 196 
69 9 639 63 701 242 748 326 90 196 
69 9 639 63 701 243 746 326 90 193 
69 9 639 63 701 244 745 326 92 193 
69 9 639 63 701 245 746 326 88 193 
69 9 639 63 701 246 744 324 88 195 
69 9 639 63 701 247 742 324 88 195 
69 9 639 63 701 248 739 324 90 195 
69 9 639 63 701 249 739 324 90 195 
69 9 639 63 701 250 737 325 90 192 
69 9 639 63 701 251 737 325 88 192 
69 9 639 63 701 252 735 325 88 192 
69 9 639 63 701 253 735 325 86 192 
69 9 639 63 701 254 732 325 90 189 
69 9 639 63 701 255 730 323 90 192 
69 9 639 63 701 256 730 323 88 192 
69 9 639 63 701 257 731 323 84 189 
69 9 639 63 701 258 729 323 84 189 
69 9 639 63 701 259 726 323 88 189 
69 9 639 63 701 260 723 323 90 189 
69 9 639 63 701 261 724 323 86 187 
69 9 639 63 701 262 722 323 86 187 
69 9 639 63 701 263 722 323 84 187 
69 9 639 63 701 264 722 323 84 187 
69 9 639 63 701 265 719 321 86 187 
69 9 639 63 701 266 720 321 82 187 
69 9 639 63 701 267 717 322 86 184 
69 9 639 63 701 268 718 322 82 184 
69 9 639 63 701 269 715 321 86 183 
69 9 639 63 701 270 716 321 82 183 
69 9 639 63 701 271 715 321 84 183 
69 9 639 63 701 272 716 322 80 180 
69 9 639 63 701 273 713 319 84 183 
69 9 639 63 701 274 713 319 82 181 
69 9 639 63 701 275 710 319 86 181 
69 9 639 63 701 276 711 319 82 181 
69 9 639 63 701 277 708 317 86 181 
69 9 639 63 701 278 709 317 82 181 
69 9 639 63 701 279 706 318 86 178 
69 9 639 63 701 280 707 318 82 178 
69 9 639 63 701 281 706 316 84 178 
69 9 639 63 701 282 706 316 82 178 
69 9 639 63 701 283 707 316 78 178 
69 9 639 63 701 284 704 316 82 177 
69 9 639 63 701 285 705 314 78 180 
69 9 639 63 701 286 702 314 82 177 
69 9 639 63 701 287 703 314 78 177 
69 9 639 63 701 288 700 314 82 177 
69 9 639 63 701 289 701 313 78 175 
69 9 639 63 701 290 700 313 80 175 
69 9 639 63 701 291 700 314 78 172 
69 9 639 63 701 292 697 314 82 172 
69 9 639 63 701 293 698 312 78 172 
69 9 639 63 701 294 695 312 82 172 
69 9 639 63 701 295 696 312 78 172 
69 9 639 63 701 296 693 312 82 171 
69 9 639 63 701 297 694 310 78 174 
69 9 639 63 701 298 691 310 82 171 
69 9 639 63 701 299 692 310 80 171 
69 9 639 63 701 300 692 310 80 171 
69 9 639 63 701 301 691 308 78 171 
69 9 639 63 701 302 691 308 78 171 
69 9 639 63 701 303 691 308 78 171 
69 9 639 63 701 304 688 307 82 172 
69 9 639 63 701 305 689 307 78 172 
69 9 639 63 701 306 689 307 78 172 
69 9 639 63 701 307 686 304 82 175 
69 9 639 63 701 308 686 304 82 175 
69 9 639 63 701 309 687 305 78 172 
69 9 639 63 701 310 687 305 78 172 
69 9 639 63 701 311 684 302 82 175 
69 9 639 63 701 312 684 302 82 175 
69 9 639 63 701 313 685 302 78 175 
69 9 639 63 701 314 684 300 80 178 
69 9 639 63 701 315 684 300 80 178 
69 9 639 63 701 316 684 300 80 178 
69 9 639 63 701 317 684 300 80 178 
69 9 639 63 701 318 681 298 82 180 
69 9 639 63 701 319 679 298 82 180 
69 9 639 63 701 320 679 298 82 180 
69 9 639 63 701 321 677 298 82 180 
69 9 639 63 701 322 675 298 82 180 
69 9 639 63 701 323 675 297 82 178 
69 9 639 63 701 324 674 297 82 178 
69 9 639 63 701 325 672 297 82 178 
69 9 639 63 701 326 672 297 82 178 
69 9 639 63 701 327 670 297 82 178 
69 9 639 63 701 328 668 295 82 178 
69 9 639 63 701 329 668 295 82 178 
69 9 639 63 701 330 668 295 80 178 
69 9 639 63 701 331 665 295 82 178 
69 9 639 63 701 332 665 295 82 178 
69 9 639 63 701 333 663 293 82 178 
69 9 639 63 701 334 663 293 82 178 
69 9 639 63 701 335 661 293 82 178 
69 9 639 63 701 336 661 293 82 178 
69 9 639 63 701 337 659 293 82 178 
69 9 639 63 701 338 659 293 82 178 
69 9 639 63 701 339 658 291 82 178 
69 9 639 63 701 340 658 291 82 178 
69 9 639 63 701 341 656 291 82 178 
69 9 639 63 701 342 656 291 82 178 
69 9 639 63 701 343 654 291 82 178 
69 9 639 63 701 344 654 291 82 178 
69 9 639 63 701 345 652 290 82 178 
69 9 639 63 701 346 652 290 82 178 
69 9 639 63 701 347 652 290 80 178 
69 9 639 63 701 348 652 290 80 178 
69 9 639 63 701 349 649 290 82 178 
69 9 639 63 701 350 649 290 82 178 
69 9 639 63 701 351 649 290 82 178 
69 9 639 63 701 352 647 288 82 178 
69 9 639 63 701 353 645 288 82 178 
69 9 639 63 701 354 645 288 82 178 
69 9 639 63 701 355 643 288 82 178 
69 9 639 63 701 356 643 288 82 178 
69 9 639 63 701 357 642 286 82 178 
69 9 639 63 701 358 639 286 86 178 
69 9 639 63 701 359 640 286 82 178 
69 9 639 63 701 360 637 286 86 178 
69 9 639 63 701 361 638 286 82 178 
69 9 639 63 701 362 635 286 86 178 
69 9 639 63 701 363 635 284 84 178 
69 9 639 63 701 364 635 284 84 178 
69 9 639 63 701 365 633 284 84 178 
69 9 639 63 701 366 633 284 84 178 
69 9 639 63 701 367 630 284 86 178 
69 9 639 63 701 368 630 284 86 178 
69 9 639 63 701 369 628 282 86 180 
69 9 639 63 701 370 628 282 86 180 
69 9 639 63 701 371 625 282 90 180 
69 9 639 63 701 372 626 282 86 180 
69 9 639 63 701 373 625 282 88 177 
69 9 639 63 701 374 625 282 88 177 
69 9 639 63 701 375 626 282 84 177 
69 9 639 63 701 376 623 282 88 177 
69 9 639 63 701 377 623 282 88 177 
69 9 639 63 701 378 620 283 92 174 
69 9 639 63 701 379 620 283 90 174 
69 9 639 63 701 380 620 283 90 174 
69 9 639 63 701 381 617 283 94 174 
69 9 639 63 701 382 618 282 90 172 
69 9 639 63 701 383 617 282 92 172 
69 9 639 63 701 384 617 282 92 172 
69 9 639 63 701 385 618 282 88 172 
69 9 639 63 701 386 615 282 92 172 
69 9 639 63 701 387 615 282 92 169 
69 9 639 63 701 388 612 282 96 169 
69 9 639 63 701 389 613 282 92 169 
69 9 639 63 701 390 613 282 92 169 
69 9 639 63 701 391 610 283 96 168 
69 9 639 63 701 392 611 283 92 168 
69 9 639 63 701 393 608 283 96 168 
69 9 639 63 701 394 608 283 96 168 
69 9 639 63 701 395 608 283 96 168 
69 9 639 63 701 396 607 281 96 168 
69 9 639 63 701 397 607 281 96 168 
69 9 639 63 701 398 605 281 96 168 
69 9 639 63 701 399 605 281 96 168 
69 9 639 63 701 400 603 281 96 168 
69 9 639 63 701 401 603 281 96 168 
69 9 639 63 701 402 603 281 96 168 
69 9 639 63 701 403 601 281 96 168 
69 9 639 63 701 404 601 281 96 168 
69 9 639 63 701 405 600 281 96 168 
69 9 639 63 701 406 600 281 96 168 
69 9 639 63 701 407 600 281 96 165 
69 9 639 63 701 408 598 281 96 165 
69 9 639 63 701 409 598 281 96 165 
69 9 639 63 701 410 596 281 96 165 
69 9 639 63 701 411 596 281 96 165 
69 9 639 63 701 412 596 281 96 165 
69 9 639 63 701 413 594 281 96 165 
69 9 639 63 701 414 594 281 96 165 
69 9 639 63 701 415 592 281 96 165 
69 9 639 63 701 416 592 281 96 165 
69 9 639 63 701 417 592 281 96 165 
69 9 639 63 701 418 591 279 96 165 
69 9 639 63 701 419 589 279 96 165 
69 9 639 63 701 420 589 279 96 165 
69 9 639 63 701 421 587 279 96 163 
69 9 639 63 701 422 587 277 96 166 
69 9 639 63 701 423 585 277 96 166 
69 9 639 63 701 424 585 277 96 163 
69 9 639 63 701 425 584 277 96 163 
69 9 639 63 701 426 584 277 96 163 
69 9 639 63 701 427 582 277 96 162 
69 9 639 63 701 428 582 277 96 162 
69 9 639 63 701 429 580 277 96 162 
69 9 639 63 701 430 580 277 96 159 
69 9 639 63 701 431 578 277 96 159 
69 9 639 63 701 432 578 275 96 162 
69 9 639 63 701 433 576 275 96 159 
69 9 639 63 701 434 576 275 96 159 
69 9 639 63 701 435 575 275 96 159 
69 9 639 63 701 436 575 275 96 159 
69 9 639 63 701 437 573 275 96 157 
69 9 639 63 701 438 574 275 92 157 
69 9 639 63 701 439 574 275 92 157 
69 9 639 63 701 440 572 275 92 157 
69 9 639 63 701 441 572 275 92 157 
69 9 639 63 701 442 572 275 90 157 
69 9 639 63 701 443 572 275 90 157 
69 9 639 63 701 444 570 275 90 157 
69 9 639 63 701 445 570 275 90 157 
69 9 639 63 701 446 571 276 86 154 
69 9 639 63 701 447 571 276 86 154 
69 9 639 63 701 448 571 276 84 154 
69 9 639 63 701 449 571 276 84 154 
69 9 639 63 701 450 572 276 80 154 
69 9 639 63 701 451 572 276 80 154 
69 9 639 63 701 452 569 276 82 154 
69 9 639 63 701 453 569 276 82 154 
69 9 639 63 701 454 570 276 78 154 
69 9 639 63 701 455 570 276 78 154 
69 9 639 63 701 456 568 274 78 154 
69 9 639 63 701 457 565 274 82 154 
69 9 639 63 701 458 566 274 78 154 
69 9 639 63 701 459 563 274 82 154 
69 9 639 63 701 460 564 272 80 154 
69 9 639 63 701 461 562 272 82 154 
69 9 639 63 701 462 563 272 78 154 
69 9 639 63 701 463 560 272 82 154 
69 9 639 63 701 464 561 272 78 154 
69 9 639 63 701 465 558 270 82 156 
69 9 639 63 701 466 556 270 82 156 
69 9 639 63 701 467 556 270 82 156 
69 9 639 63 701 468 556 270 80 156 
69 9 639 63 701 469 556 269 80 154 
69 9 639 63 701 470 553 269 82 154 
69 9 639 63 701 471 553 269 82 154 
69 9 639 63 701 472 551 269 82 154 
69 9 639 63 701 473 551 269 82 154 
69 9 639 63 701 474 549 267 82 154 
69 9 639 63 701 475 549 267 82 154 
69 9 639 63 701 476 549 267 82 154 
69 9 639 63 701 477 547 267 82 154 
69 9 639 63 701 478 547 267 82 154 
69 9 639 63 701 479 547 267 82 154 
69 9 639 63 701 480 547 267 82 154 
69 9 639 63 701 481 546 267 82 154 
69 9 639 63 701 482 546 267 82 154 
69 9 639 63 701 483 546 267 82 151 
69 9 639 63 701 484 544 267 82 151 
69 9 639 63 701 485 544 267 82 151 
69 9 639 63 701 486 544 267 82 151 
69 9 639 63 701 487 544 267 82 151 
69 9 639 63 701 488 542 267 82 151 
69 9 639 63 701 489 542 267 82 151 
69 9 639 63 701 490 542 267 82 151 
69 9 639 63 701 491 542 267 82 151 
69 9 639 63 701 492 540 265 82 151 
69 9 639 63 701 493 540 265 80 151 
69 9 639 63 701 494 540 265 80 151 
69 9 639 63 701 495 537 265 82 151 
69 9 639 63 701 496 535 265 82 151 
69 9 639 63 701 497 535 265 82 151 
69 9 639 63 701 498 533 265 82 151 
69 9 639 63 701 499 533 265 82 151 
69 9 639 63 701 500 531 265 82 151 
69 9 639 63 701 501 530 265 82 151 
69 9 639 63 701 502 530 265 82 151 
69 9 639 63 701 503 528 265 82 151 
69 9 639 63 701 504 528 265 82 151 
69 9 639 63 701 505 526 265 82 151 
69 9 639 63 701 506 524 265 82 151 
69 9 639 63 701 507 524 265 82 151 
69 9 639 63 701 508 524 265 80 151 
69 9 639 63 701 509 524 265 80 151 
69 9 639 63 701 510 521 263 82 153 
69 9 639 63 701 511 519 263 82 153 
69 9 639 63 701 512 519 263 82 153 
69 9 639 63 701 513 517 263 82 153 
69 9 639 63 701 514 517 264 82 150 
69 9 639 63 701 515 515 264 82 150 
69 9 639 63 701 516 515 264 82 150 
69 9 639 63 701 517 514 262 82 151 
69 9 639 63 701 518 514 263 82 148 
69 9 639 63 701 519 512 263 82 148 
69 9 639 63 701 520 512 263 82 148 
69 9 639 63 701 521 510 263 82 148 
69 9 639 63 701 522 510 263 82 145 
69 9 639 63 701 523 508 263 82 145 
69 9 639 63 701 524 508 261 82 148 
69 9 639 63 701 525 508 261 80 148 
69 9 639 63 701 526 508 261 80 147 
69 9 639 63 701 527 505 261 82 147 
69 9 639 63 701 528 505 261 82 147 
69 9 639 63 701 529 503 261 82 147 
69 9 639 63 701 530 503 261 82 147 
69 9 639 63 701 531 501 262 82 144 
69 9 639 63 701 532 501 262 82 144 
69 9 639 63 701 533 499 262 82 144 
69 9 639 63 701 534 499 262 82 144 
69 9 639 63 701 535 499 262 82 144 
69 9 639 63 701 536 498 262 82 144 
69 9 639 63 701 537 498 262 82 144 
69 9 639 63 701 538 496 262 82 141 
69 9 639 63 701 539 496 262 82 141 
69 9 639 63 701 540 496 262 82 141 
69 9 639 63 701 541 494 262 82 141 
69 9 639 63 701 542 494 262 82 141 
69 9 639 63 701 543 494 262 82 141 
69 9 639 63 701 544 492 262 82 141 
69 9 639 63 701 545 492 263 82 138 
69 9 639 63 701 546 492 263 80 138 
69 9 639 63 701 547 492 263 80 138 
69 9 639 63 701 548 492 263 80 138 
69 9 639 63 701 549 489 263 82 138 
69 9 639 63 701 550 489 263 82 138 
69 9 639 63 701 551 489 263 82 138 
69 9 639 63 701 552 487 263 82 135 
69 9 639 63 701 553 487 263 82 135 
69 9 639 63 701 554 485 263 82 135 
69 9 639 63 701 555 485 263 82 135 
69 9 639 63 701 556 485 263 82 135 
69 9 639 63 701 557 483 263 82 135 
69 9 639 63 701 558 483 263 82 135 
69 9 639 63 701 559 483 266 82 132 
69 9 639 63 701 560 482 263 82 133 
69 9 639 63 701 561 482 263 82 133 
69 9 639 63 701 562 482 263 82 133 
69 9 639 63 701 563 480 263 82 133 
69 9 639 63 701 564 480 263 82 133 
69 9 639 63 701 565 480 263 82 133 
69 9 639 63 701 566 478 263 82 133 
69 9 639 63 701 567 478 263 82 133 
69 9 639 63 701 568 478 261 82 133 
69 9 639 63 701 569 478 261 82 133 
69 9 639 63 701 570 476 261 82 133 
69 9 639 63 701 571 476 261 82 133 
69 9 639 63 701 572 476 261 82 133 
69 9 639 63 701 573 476 261 80 133 
69 9 639 63 701 574 476 261 80 133 
69 9 639 63 701 575 476 261 80 133 
69 9 639 63 701 576 476 259 80 133 
69 9 639 63 701 577 473 259 82 133 
69 9 639 63 701 578 473 259 82 133 
69 9 639 63 701 579 473 259 82 133 
69 9 639 63 701 580 471 259 82 133 
69 9 639 63 701 581 471 259 82 133 
69 9 639 63 701 582 471 259 82 133 
69 9 639 63 701 583 471 259 82 133 
69 9 639 63 701 584 469 257 82 133 
69 9 639 63 701 585 469 257 82 133 
69 9 639 63 701 586 469 257 82 133 
69 9 639 63 701 587 467 257 82 133 
69 9 639 63 701 588 467 257 82 133 
69 9 639 63 701 589 467 257 82 133 
69 9 639 63 701 590 466 257 82 133 
69 9 639 63 701 591 466 257 82 133 
69 9 639 63 701 592 466 256 82 133 
69 9 639 63 701 593 466 256 82 133 
69 9 639 63 701 594 464 256 82 133 
69 9 639 63 701 595 464 256 82 133 
69 9 639 63 701 596 464 256 82 133 
69 9 639 63 701 597 462 256 82 133 
69 9 639 63 701 598 462 256 82 133 
69 9 639 63 701 599 462 256 82 133 
69 9 639 63 701 600 462 256 82 133 
69 9 639 63 701 601 460 257 82 130 
69 9 639 63 701 602 460 257 82 130 
69 9 639 63 701 603 460 257 82 130 
69 9 639 63 701 604 461 257 78 130 
69 9 639 63 701 605 460 257 80 130 
69 9 639 63 701 606 460 257 80 130 
69 9 639 63 701 607 460 257 78 130 
69 9 639 63 701 608 460 257 78 130 
69 9 639 63 701 609 457 257 82 130 
69 9 639 63 701 610 458 257 78 130 
69 9 639 63 701 611 458 257 78 127 
69 9 639 63 701 612 458 257 78 127 
69 9 639 63 701 613 456 257 78 127 
69 9 639 63 701 614 456 257 78 127 
69 9 639 63 701 615 456 257 78 127 
69 9 639 63 701 616 457 257 74 127 
69 9 639 63 701 617 454 257 78 127 
69 9 639 63 701 618 454 257 78 127 
69 9 639 63 701 619 455 257 76 127 
69 9 639 63 701 620 455 259 76 126 
69 9 639 63 701 621 452 259 80 123 
69 9 639 63 701 622 453 259 76 123 
69 9 639 63 701 623 453 259 76 123 
69 9 639 63 701 624 453 259 76 123 
69 9 639 63 701 625 452 259 74 123 
69 9 639 63 701 626 452 259 74 123 
69 9 639 63 701 627 452 259 74 123 
69 9 639 63 701 628 453 259 70 123 
69 9 639 63 701 629 450 259 74 123 
69 9 639 63 701 630 450 259 74 123 
69 9 639 63 701 631 451 260 70 120 
69 9 639 63 701 632 451 260 70 120 
69 9 639 63 701 633 448 260 74 120 
69 9 639 63 701 634 449 260 72 120 
69 9 639 63 701 635 449 260 72 120 
69 9 639 63 701 636 449 260 72 120 
69 9 639 63 701 637 447 260 72 120 
69 9 639 63 701 638 447 260 72 120 
69 9 639 63 701 639 447 260 72 120 
69 9 639 63 701 640 447 262 72 117 
69 9 639 63 701 641 446 260 70 118 
69 9 639 63 701 642 446 260 70 118 
69 9 639 63 701 643 446 260 70 118 
69 9 639 63 701 644 446 260 70 118 
69 9 639 63 701 645 446 260 70 118 
69 9 639 63 701 646 443 260 74 118 
69 9 639 63 701 647 443 260 74 118 
69 9 639 63 701 648 444 260 70 118 
69 9 639 63 701 649 444 260 70 115 
69 9 639 63 701 650 444 260 70 115 
69 9 639 63 701 651 441 260 74 115 
69 9 639 63 701 652 441 260 74 115 
69 9 639 63 701 653 441 259 74 117 
69 9 639 63 701 654 441 259 74 117 
69 9 639 63 701 655 442 259 72 117 
69 9 639 63 701 656 442 259 72 117 
69 9 639 63 701 657 439 260 76 114 
69 9 639 63 701 658 439 260 76 114 
69 9 639 63 701 659 439 260 76 114 
69 9 639 63 701 660 439 260 76 114 
69 9 639 63 701 661 439 260 76 114 
69 9 639 63 701 662 437 260 76 114 
69 9 639 63 701 663 437 260 76 114 
69 9 639 63 701 664 437 260 76 114 
69 9 639 63 701 665 437 258 76 114 
69 9 639 63 701 666 437 258 76 114 
69 9 639 63 701 667 437 258 76 114 
69 9 639 63 701 668 435 258 78 114 
69 9 639 63 701 669 436 258 74 114 
69 9 639 63 701 670 436 258 74 114 
69 9 639 63 701 671 436 258 74 114 
69 9 639 63 701 672 436 258 74 114 
69 9 639 63 701 673 433 258 78 112 
69 9 639 63 701 674 433 258 78 112 
69 9 639 63 701 675 433 258 78 112 
69 9 639 63 701 676 434 258 74 112 
69 9 639 63 701 677 434 255 74 115 
69 9 639 63 701 678 434 255 74 115 
69 9 639 63 701 679 431 255 78 115 
69 9 639 63 701 680 431 255 78 115 
69 9 639 63 701 681 431 256 78 112 
69 9 639 63 701 682 431 256 78 112 
69 9 639 63 701 683 432 256 74 112 
69 9 639 63 701 684 429 256 78 112 
69 9 639 63 701 685 429 256 78 112 
69 9 639 63 701 686 429 256 78 112 
69 9 639 63 701 687 429 256 78 112 
69 9 639 63 701 688 429 256 78 112 
69 9 639 63 701 689 429 256 78 112 
69 9 639 63 701 690 428 256 78 109 
69 9 639 63 701 691 428 256 78 109 
69 9 639 63 701 692 428 256 78 109 
69 9 639 63 701 693 428 256 78 109 
69 9 639 63 701 694 428 256 78 109 
69 9 639 63 701 695 428 256 78 109 
69 9 639 63 701 696 428 256 78 109 
69 9 639 63 701 697 428 256 78 109 
69 9 639 63 701 698 428 256 78 109 
69 9 639 63 701 699 429 256 74 109 
69 9 639 63 701 700 429 256 74 109 
69 9 639 63 701 701 429 256 74 109 
70 9 836 67 902 67 1004 483 106 235 
70 9 836 67 902 68 1000 482 106 236 
70 9 836 67 902 69 998 480 108 238 
70 9 836 67 902 70 997 480 106 238 
70 9 836 67 902 71 995 478 106 240 
70 9 836 67 902 72 994 476 104 242 
70 9 836 67 902 73 989 476 108 242 
70 9 836 67 902 74 988 474 106 244 
70 9 836 67 902 75 986 474 106 244 
70 9 836 67 902 76 984 473 106 245 
70 9 836 67 902 77 983 471 104 247 
70 9 836 67 902 78 982 472 102 246 
70 9 836 67 902 79 977 469 106 249 
70 9 836 67 902 80 975 470 108 249 
70 9 836 67 902 81 974 468 104 251 
70 9 836 67 902 82 973 467 102 251 
70 9 836 67 902 83 971 467 102 251 
70 9 836 67 902 84 969 465 104 253 
70 9 836 67 902 85 965 465 106 253 
70 9 836 67 902 86 964 463 102 255 
70 9 836 67 902 87 962 461 104 258 
70 9 836 67 902 88 960 461 104 257 
70 9 836 67 902 89 958 459 104 259 
70 9 836 67 902 90 957 459 102 259 
70 9 836 67 902 91 953 458 104 260 
70 9 836 67 902 92 951 456 104 262 
70 9 836 67 902 93 950 454 102 264 
70 9 836 67 902 94 948 455 102 264 
70 9 836 67 902 95 947 453 100 264 
70 9 836 67 902 96 945 451 100 265 
70 9 836 67 902 97 941 452 102 264 
70 9 836 67 902 98 939 450 102 264 
70 9 836 67 902 99 937 448 104 264 
70 9 836 67 902 100 936 448 100 261 
70 9 836 67 902 101 935 446 98 261 
70 9 836 67 902 102 933 444 100 264 
70 9 836 67 902 103 931 444 100 262 
70 9 836 67 902 104 926 443 104 261 
70 9 836 67 902 105 926 441 98 261 
70 9 836 67 902 106 924 442 100 258 
70 9 836 67 902 107 922 439 100 261 
70 9 836 67 902 108 920 437 100 262 
70 9 836 67 902 109 919 437 98 259 
70 9 836 67 902 110 918 437 96 258 
70 9 836 67 902 111 913 435 100 258 
70 9 836 67 902 112 911 435 100 255 
70 9 836 67 902 113 910 433 98 258 
70 9 836 67 902 114 908 430 100 259 
70 9 836 67 902 115 907 431 96 256 
70 9 836 67 902 116 905 429 96 256 
70 9 836 67 902 117 904 428 96 255 
70 9 836 67 902 118 899 428 100 253 
70 9 836 67 902 119 897 426 100 256 
70 9 836 67 902 120 896 424 96 256 
70 9 836 67 902 121 895 424 96 253 
70 9 836 67 902 122 893 422 96 253 
70 9 836 67 902 123 891 422 96 252 
70 9 836 67 902 124 889 422 96 252 
70 9 836 67 902 125 886 419 96 253 
70 9 836 67 902 126 884 417 96 253 
70 9 836 67 902 127 882 418 96 250 
70 9 836 67 902 128 880 415 96 253 
70 9 836 67 902 129 879 416 96 250 
70 9 836 67 902 130 877 414 96 252 
70 9 836 67 902 131 875 414 96 252 
70 9 836 67 902 132 873 413 96 250 
70 9 836 67 902 133 872 413 96 247 
70 9 836 67 902 134 871 411 92 250 
70 9 836 67 902 135 869 409 92 250 
70 9 836 67 902 136 867 409 92 247 
70 9 836 67 902 137 864 407 94 250 
70 9 836 67 902 138 864 407 92 249 
70 9 836 67 902 139 859 406 96 247 
70 9 836 67 902 140 857 407 96 244 
70 9 836 67 902 141 856 404 96 247 
70 9 836 67 902 142 854 405 96 244 
70 9 836 67 902 143 852 403 96 246 
70 9 836 67 902 144 851 400 92 249 
70 9 836 67 902 145 848 401 94 246 
70 9 836 67 902 146 848 399 92 246 
70 9 836 67 902 147 846 399 92 246 
70 9 836 67 902 148 844 398 92 244 
70 9 836 67 902 149 841 398 94 241 
70 9 836 67 902 150 841 396 92 244 
70 9 836 67 902 151 839 396 92 243 
70 9 836 67 902 152 837 394 92 243 
70 9 836 67 902 153 835 394 92 243 
70 9 836 67 902 154 832 392 92 243 
70 9 836 67 902 155 830 393 92 240 
70 9 836 67 902 156 828 393 92 240 
70 9 836 67 902 157 825 392 94 240 
70 9 836 67 902 158 825 392 92 237 
70 9 836 67 902 159 823 392 92 237 
70 9 836 67 902 160 821 393 92 234 
70 9 836 67 902 161 819 390 90 237 
70 9 836 67 902 162 817 391 90 234 
70 9 836 67 902 163 817 391 88 231 
70 9 836 67 902 164 815 391 88 231 
70 9 836 67 902 165 809 389 94 232 
70 9 836 67 902 166 809 389 92 232 
70 9 836 67 902 167 807 389 92 229 
70 9 836 67 902 168 805 390 92 226 
70 9 836 67 902 169 803 387 90 229 
70 9 836 67 902 170 801 388 90 226 
70 9 836 67 902 171 801 388 88 226 
70 9 836 67 902 172 799 388 88 225 
70 9 836 67 902 173 796 386 90 225 
70 9 836 67 902 174 794 386 90 225 
70 9 836 67 902 175 794 387 88 222 
70 9 836 67 902 176 792 387 88 222 
70 9 836 67 902 177 790 386 88 220 
70 9 836 67 902 178 787 386 90 217 
70 9 836 67 902 179 787 384 90 220 
70 9 836 67 902 180 785 384 90 219 
70 9 836 67 902 181 785 382 88 222 
70 9 836 67 902 182 785 382 88 219 
70 9 836 67 902 183 783 380 88 222 
70 9 836 67 902 184 783 380 86 219 
70 9 836 67 902 185 780 381 90 216 
70 9 836 67 902 186 778 379 90 217 
70 9 836 67 902 187 779 380 86 216 
70 9 836 67 902 188 778 377 88 219 
70 9 836 67 902 189 779 378 84 216 
70 9 836 67 902 190 777 375 84 219 
70 9 836 67 902 191 774 376 88 216 
70 9 836 67 902 192 774 376 86 213 
70 9 836 67 902 193 772 374 86 216 
70 9 836 67 902 194 772 374 86 213 
70 9 836 67 902 195 770 372 86 216 
70 9 836 67 902 196 770 372 84 214 
70 9 836 67 902 197 770 371 84 216 
70 9 836 67 902 198 767 371 86 213 
70 9 836 67 902 199 767 371 86 213 
70 9 836 67 902 200 765 369 86 213 
70 9 836 67 902 201 765 369 86 213 
70 9 836 67 902 202 763 370 86 210 
70 9 836 67 902 203 763 367 86 213 
70 9 836 67 902 204 763 367 84 213 
70 9 836 67 902 205 763 367 84 211 
70 9 836 67 902 206 764 367 80 211 
70 9 836 67 902 207 761 365 84 211 
70 9 836 67 902 208 761 365 82 211 
70 9 836 67 902 209 758 365 86 211 
70 9 836 67 902 210 759 366 82 208 
70 9 836 67 902 211 759 365 82 210 
70 9 836 67 902 212 756 365 86 207 
70 9 836 67 902 213 757 365 82 207 
70 9 836 67 902 214 754 365 86 207 
70 9 836 67 902 215 755 363 82 207 
70 9 836 67 902 216 755 363 82 207 
70 9 836 67 902 217 754 363 82 207 
70 9 836 67 902 218 754 363 82 205 
70 9 836 67 902 219 752 361 82 208 
70 9 836 67 902 220 752 361 82 205 
70 9 836 67 902 221 753 361 78 205 
70 9 836 67 902 222 750 359 82 208 
70 9 836 67 902 223 750 359 82 205 
70 9 836 67 902 224 748 359 82 205 
70 9 836 67 902 225 748 360 82 202 
70 9 836 67 902 226 749 357 78 205 
70 9 836 67 902 227 748 357 80 205 
70 9 836 67 902 228 748 358 78 204 
70 9 836 67 902 229 745 358 82 204 
70 9 836 67 902 230 746 356 78 205 
70 9 836 67 902 231 746 357 78 202 
70 9 836 67 902 232 744 357 78 202 
70 9 836 67 902 233 744 357 78 199 
70 9 836 67 902 234 741 355 82 202 
70 9 836 67 902 235 742 355 78 202 
70 9 836 67 902 236 742 355 78 199 
70 9 836 67 902 237 740 355 80 199 
70 9 836 67 902 238 740 353 80 199 
70 9 836 67 902 239 739 353 78 199 
70 9 836 67 902 240 739 353 78 199 
70 9 836 67 902 241 740 351 74 201 
70 9 836 67 902 242 737 351 78 201 
70 9 836 67 902 243 738 351 74 201 
70 9 836 67 902 244 735 352 78 198 
70 9 836 67 902 245 735 350 78 199 
70 9 836 67 902 246 736 351 74 196 
70 9 836 67 902 247 733 351 78 196 
70 9 836 67 902 248 734 351 76 196 
70 9 836 67 902 249 732 349 78 196 
70 9 836 67 902 250 733 349 74 196 
70 9 836 67 902 251 733 349 74 195 
70 9 836 67 902 252 731 349 74 195 
70 9 836 67 902 253 731 347 74 198 
70 9 836 67 902 254 729 347 74 195 
70 9 836 67 902 255 729 347 74 195 
70 9 836 67 902 256 729 347 74 195 
70 9 836 67 902 257 727 345 76 195 
70 9 836 67 902 258 725 345 76 195 
70 9 836 67 902 259 726 346 72 192 
70 9 836 67 902 260 724 346 74 192 
70 9 836 67 902 261 722 343 74 195 
70 9 836 67 902 262 723 344 70 192 
70 9 836 67 902 263 720 344 74 192 
70 9 836 67 902 264 718 344 76 192 
70 9 836 67 902 265 719 343 72 192 
70 9 836 67 902 266 718 343 70 192 
70 9 836 67 902 267 715 343 74 192 
70 9 836 67 902 268 716 343 70 189 
70 9 836 67 902 269 714 343 72 189 
70 9 836 67 902 270 711 341 76 189 
70 9 836 67 902 271 712 341 72 189 
70 9 836 67 902 272 710 341 72 189 
70 9 836 67 902 273 708 342 74 186 
70 9 836 67 902 274 709 339 70 189 
70 9 836 67 902 275 707 339 70 189 
70 9 836 67 902 276 705 339 72 187 
70 9 836 67 902 277 705 339 72 187 
70 9 836 67 902 278 703 339 72 187 
70 9 836 67 902 279 702 337 70 187 
70 9 836 67 902 280 702 337 70 187 
70 9 836 67 902 281 700 338 70 184 
70 9 836 67 902 282 698 338 72 184 
70 9 836 67 902 283 699 337 68 186 
70 9 836 67 902 284 696 337 72 183 
70 9 836 67 902 285 694 337 72 183 
70 9 836 67 902 286 695 337 68 183 
70 9 836 67 902 287 693 335 70 183 
70 9 836 67 902 288 691 335 70 183 
70 9 836 67 902 289 692 335 68 183 
70 9 836 67 902 290 689 335 72 181 
70 9 836 67 902 291 687 335 72 181 
70 9 836 67 902 292 688 333 68 181 
70 9 836 67 902 293 687 333 66 181 
70 9 836 67 902 294 684 333 70 181 
70 9 836 67 902 295 685 334 68 178 
70 9 836 67 902 296 683 331 68 181 
70 9 836 67 902 297 680 331 72 181 
70 9 836 67 902 298 681 332 68 178 
70 9 836 67 902 299 679 332 68 178 
70 9 836 67 902 300 679 332 68 178 
70 9 836 67 902 301 678 330 66 180 
70 9 836 67 902 302 675 330 70 180 
70 9 836 67 902 303 673 329 72 178 
70 9 836 67 902 304 673 329 72 178 
70 9 836 67 902 305 671 329 72 178 
70 9 836 67 902 306 669 327 74 178 
70 9 836 67 902 307 670 327 70 178 
70 9 836 67 902 308 667 325 74 178 
70 9 836 67 902 309 665 325 74 178 
70 9 836 67 902 310 662 325 78 178 
70 9 836 67 902 311 663 323 76 178 
70 9 836 67 902 312 660 323 80 178 
70 9 836 67 902 313 659 323 78 178 
70 9 836 67 902 314 659 322 78 178 
70 9 836 67 902 315 657 322 78 178 
70 9 836 67 902 316 654 320 82 178 
70 9 836 67 902 317 652 320 82 178 
70 9 836 67 902 318 652 320 82 178 
70 9 836 67 902 319 652 318 80 178 
70 9 836 67 902 320 649 318 84 178 
70 9 836 67 902 321 649 318 84 178 
70 9 836 67 902 322 646 316 86 178 
70 9 836 67 902 323 644 316 86 178 
70 9 836 67 902 324 642 316 86 178 
70 9 836 67 902 325 642 316 84 178 
70 9 836 67 902 326 639 316 86 177 
70 9 836 67 902 327 637 316 86 177 
70 9 836 67 902 328 635 316 86 177 
70 9 836 67 902 329 635 316 86 177 
70 9 836 67 902 330 635 317 84 174 
70 9 836 67 902 331 633 317 84 174 
70 9 836 67 902 332 630 317 86 174 
70 9 836 67 902 333 628 317 86 174 
70 9 836 67 902 334 626 317 86 171 
70 9 836 67 902 335 626 317 84 171 
70 9 836 67 902 336 626 317 84 171 
70 9 836 67 902 337 623 317 86 171 
70 9 836 67 902 338 621 318 86 168 
70 9 836 67 902 339 619 318 86 168 
70 9 836 67 902 340 619 318 84 168 
70 9 836 67 902 341 617 318 84 168 
70 9 836 67 902 342 614 318 86 165 
70 9 836 67 902 343 614 318 86 165 
70 9 836 67 902 344 612 318 86 165 
70 9 836 67 902 345 610 318 86 165 
70 9 836 67 902 346 610 318 84 163 
70 9 836 67 902 347 607 318 86 163 
70 9 836 67 902 348 605 318 86 163 
70 9 836 67 902 349 603 318 86 163 
70 9 836 67 902 350 603 318 86 163 
70 9 836 67 902 351 603 316 84 163 
70 9 836 67 902 352 601 316 84 163 
70 9 836 67 902 353 601 316 84 163 
70 9 836 67 902 354 598 316 86 163 
70 9 836 67 902 355 598 317 86 160 
70 9 836 67 902 356 596 317 86 160 
70 9 836 67 902 357 596 317 86 160 
70 9 836 67 902 358 594 317 86 160 
70 9 836 67 902 359 594 317 84 157 
70 9 836 67 902 360 594 317 84 157 
70 9 836 67 902 361 591 317 86 157 
70 9 836 67 902 362 591 317 86 157 
70 9 836 67 902 363 589 318 86 156 
70 9 836 67 902 364 589 318 86 156 
70 9 836 67 902 365 587 318 86 156 
70 9 836 67 902 366 587 318 84 156 
70 9 836 67 902 367 587 318 84 153 
70 9 836 67 902 368 585 318 84 153 
70 9 836 67 902 369 585 318 84 153 
70 9 836 67 902 370 582 318 86 153 
70 9 836 67 902 371 582 318 86 153 
70 9 836 67 902 372 580 317 86 151 
70 9 836 67 902 373 578 317 86 151 
70 9 836 67 902 374 578 317 86 151 
70 9 836 67 902 375 578 317 84 151 
70 9 836 67 902 376 578 315 84 151 
70 9 836 67 902 377 575 315 86 151 
70 9 836 67 902 378 575 315 86 151 
70 9 836 67 902 379 573 315 86 151 
70 9 836 67 902 380 573 313 86 151 
70 9 836 67 902 381 571 313 86 151 
70 9 836 67 902 382 571 313 84 151 
70 9 836 67 902 383 571 313 84 151 
70 9 836 67 902 384 569 311 84 153 
70 9 836 67 902 385 569 311 84 153 
70 9 836 67 902 386 566 311 86 153 
70 9 836 67 902 387 566 311 86 153 
70 9 836 67 902 388 564 310 86 151 
70 9 836 67 902 389 564 310 86 151 
70 9 836 67 902 390 562 310 86 151 
70 9 836 67 902 391 562 310 84 151 
70 9 836 67 902 392 562 308 84 151 
70 9 836 67 902 393 559 308 86 151 
70 9 836 67 902 394 559 308 86 151 
70 9 836 67 902 395 557 308 86 151 
70 9 836 67 902 396 557 306 86 151 
70 9 836 67 902 397 555 306 86 151 
70 9 836 67 902 398 555 306 86 151 
70 9 836 67 902 399 555 306 84 151 
70 9 836 67 902 400 555 306 84 151 
70 9 836 67 902 401 553 304 84 153 
70 9 836 67 902 402 550 304 86 153 
70 9 836 67 902 403 550 304 86 153 
70 9 836 67 902 404 548 304 86 153 
70 9 836 67 902 405 548 304 86 153 
70 9 836 67 902 406 546 304 86 153 
70 9 836 67 902 407 546 304 86 153 
70 9 836 67 902 408 546 304 84 153 
70 9 836 67 902 409 546 304 84 153 
70 9 836 67 902 410 543 304 86 153 
70 9 836 67 902 411 543 304 86 153 
70 9 836 67 902 412 541 302 86 153 
70 9 836 67 902 413 539 302 86 153 
70 9 836 67 902 414 539 302 84 153 
70 9 836 67 902 415 537 302 84 153 
70 9 836 67 902 416 537 301 84 151 
70 9 836 67 902 417 534 301 86 151 
70 9 836 67 902 418 532 301 86 151 
70 9 836 67 902 419 530 301 86 151 
70 9 836 67 902 420 530 299 86 151 
70 9 836 67 902 421 530 299 84 151 
70 9 836 67 902 422 527 299 86 151 
70 9 836 67 902 423 525 299 86 151 
70 9 836 67 902 424 525 299 86 151 
70 9 836 67 902 425 523 297 86 151 
70 9 836 67 902 426 523 297 84 151 
70 9 836 67 902 427 521 297 84 151 
70 9 836 67 902 428 521 297 84 151 
70 9 836 67 902 429 518 298 86 150 
70 9 836 67 902 430 516 298 86 150 
70 9 836 67 902 431 514 298 86 150 
70 9 836 67 902 432 514 298 86 150 
70 9 836 67 902 433 514 296 84 150 
70 9 836 67 902 434 511 296 86 150 
70 9 836 67 902 435 509 296 86 150 
70 9 836 67 902 436 509 296 86 150 
70 9 836 67 902 437 507 296 86 147 
70 9 836 67 902 438 507 296 84 147 
70 9 836 67 902 439 505 296 84 147 
70 9 836 67 902 440 505 296 84 147 
70 9 836 67 902 441 502 295 86 145 
70 9 836 67 902 442 502 295 86 145 
70 9 836 67 902 443 502 295 86 145 
70 9 836 67 902 444 500 293 86 147 
70 9 836 67 902 445 500 293 86 147 
70 9 836 67 902 446 500 293 86 147 
70 9 836 67 902 447 498 291 86 147 
70 9 836 67 902 448 498 291 86 147 
70 9 836 67 902 449 498 291 86 147 
70 9 836 67 902 450 498 291 84 147 
70 9 836 67 902 451 495 291 86 147 
70 9 836 67 902 452 495 291 86 147 
70 9 836 67 902 453 493 291 86 147 
70 9 836 67 902 454 493 291 86 147 
70 9 836 67 902 455 491 291 86 147 
70 9 836 67 902 456 491 291 86 147 
70 9 836 67 902 457 491 291 84 147 
70 9 836 67 902 458 491 291 84 147 
70 9 836 67 902 459 489 291 84 147 
70 9 836 67 902 460 489 291 84 147 
70 9 836 67 902 461 486 291 86 147 
70 9 836 67 902 462 486 291 86 147 
70 9 836 67 902 463 484 291 86 147 
70 9 836 67 902 464 484 291 86 147 
70 9 836 67 902 465 482 291 86 147 
70 9 836 67 902 466 482 291 86 147 
70 9 836 67 902 467 482 289 84 147 
70 9 836 67 902 468 482 289 82 147 
70 9 836 67 902 469 479 289 86 147 
70 9 836 67 902 470 480 289 82 147 
70 9 836 67 902 471 480 289 82 147 
70 9 836 67 902 472 478 290 82 144 
70 9 836 67 902 473 478 290 82 144 
70 9 836 67 902 474 476 290 82 144 
70 9 836 67 902 475 476 290 82 144 
70 9 836 67 902 476 477 290 78 144 
70 9 836 67 902 477 476 288 78 144 
70 9 836 67 902 478 476 288 78 144 
70 9 836 67 902 479 474 288 78 144 
70 9 836 67 902 480 474 288 78 144 
70 9 836 67 902 481 475 288 74 144 
70 9 836 67 902 482 472 288 78 142 
70 9 836 67 902 483 473 288 74 142 
70 9 836 67 902 484 470 288 78 142 
70 9 836 67 902 485 471 288 76 142 
70 9 836 67 902 486 471 288 76 142 
70 9 836 67 902 487 469 287 76 141 
70 9 836 67 902 488 469 287 76 141 
70 9 836 67 902 489 469 287 76 141 
70 9 836 67 902 490 468 287 74 141 
70 9 836 67 902 491 468 287 74 141 
70 9 836 67 902 492 468 287 74 141 
70 9 836 67 902 493 466 287 74 141 
70 9 836 67 902 494 466 285 74 141 
70 9 836 67 902 495 466 285 74 141 
70 9 836 67 902 496 464 285 74 141 
70 9 836 67 902 497 464 285 74 141 
70 9 836 67 902 498 464 285 74 141 
70 9 836 67 902 499 462 285 76 141 
70 9 836 67 902 500 462 285 76 141 
70 9 836 67 902 501 462 285 76 141 
70 9 836 67 902 502 461 283 74 141 
70 9 836 67 902 503 461 283 74 141 
70 9 836 67 902 504 461 283 74 141 
70 9 836 67 902 505 459 283 74 141 
70 9 836 67 902 506 459 283 74 141 
70 9 836 67 902 507 459 283 74 139 
70 9 836 67 902 508 459 283 74 139 
70 9 836 67 902 509 457 281 74 142 
70 9 836 67 902 510 457 281 74 142 
70 9 836 67 902 511 457 281 74 142 
70 9 836 67 902 512 457 281 74 142 
70 9 836 67 902 513 455 281 76 139 
70 9 836 67 902 514 455 281 76 139 
70 9 836 67 902 515 455 281 76 139 
70 9 836 67 902 516 455 281 76 139 
70 9 836 67 902 517 453 280 76 141 
70 9 836 67 902 518 453 280 76 141 
70 9 836 67 902 519 453 281 76 138 
70 9 836 67 902 520 453 281 76 138 
70 9 836 67 902 521 452 281 74 138 
70 9 836 67 902 522 452 281 74 138 
70 9 836 67 902 523 452 281 74 138 
70 9 836 67 902 524 452 281 74 138 
70 9 836 67 902 525 450 281 74 135 
70 9 836 67 902 526 450 281 74 135 
70 9 836 67 902 527 450 281 74 135 
70 9 836 67 902 528 451 281 70 135 
70 9 836 67 902 529 448 281 74 135 
70 9 836 67 902 530 448 281 74 135 
70 9 836 67 902 531 449 281 72 135 
70 9 836 67 902 532 449 281 72 135 
70 9 836 67 902 533 449 281 72 135 
70 9 836 67 902 534 447 282 72 132 
70 9 836 67 902 535 447 282 72 132 
70 9 836 67 902 536 447 282 72 132 
70 9 836 67 902 537 448 282 68 132 
70 9 836 67 902 538 448 282 68 132 
70 9 836 67 902 539 446 282 70 132 
70 9 836 67 902 540 447 282 66 132 
70 9 836 67 902 541 447 282 66 132 
70 9 836 67 902 542 447 282 66 132 
70 9 836 67 902 543 447 282 66 132 
70 9 836 67 902 544 445 279 68 133 
70 9 836 67 902 545 445 280 68 130 
70 9 836 67 902 546 445 280 68 130 
70 9 836 67 902 547 443 280 68 127 
70 9 836 67 902 548 443 281 68 124 
70 9 836 67 902 549 443 281 68 124 
70 9 836 67 902 550 441 281 68 123 
70 9 836 67 902 551 441 279 68 123 
70 9 836 67 902 552 441 279 68 123 
70 9 836 67 902 553 439 280 68 120 
70 9 836 67 902 554 439 280 68 120 
70 9 836 67 902 555 439 280 68 117 
70 9 836 67 902 556 438 281 66 114 
70 9 836 67 902 557 438 281 66 114 
70 9 836 67 902 558 438 278 66 115 
70 9 836 67 902 559 436 279 68 112 
70 9 836 67 902 560 436 279 68 112 
70 9 836 67 902 561 436 279 68 109 
70 9 836 67 902 562 434 280 68 106 
70 9 836 67 902 563 434 280 68 106 
70 9 836 67 902 564 434 280 68 105 
70 9 836 67 902 565 434 280 68 105 
70 9 836 67 902 566 432 278 68 105 
70 9 836 67 902 567 432 278 68 105 
70 9 836 67 902 568 432 278 68 105 
70 9 836 67 902 569 432 278 68 105 
70 9 836 67 902 570 432 278 68 105 
70 9 836 67 902 571 431 278 66 105 
70 9 836 67 902 572 431 278 66 105 
70 9 836 67 902 573 431 278 66 105 
70 9 836 67 902 574 431 278 66 105 
70 9 836 67 902 575 431 278 66 105 
70 9 836 67 902 576 431 278 66 105 
70 9 836 67 902 577 429 277 68 103 
70 9 836 67 902 578 429 277 68 103 
70 9 836 67 902 579 429 277 68 103 
70 9 836 67 902 580 429 277 68 103 
70 9 836 67 902 581 429 277 68 103 
70 9 836 67 902 582 427 277 68 103 
70 9 836 67 902 583 427 277 68 103 
70 9 836 67 902 584 427 277 68 103 
70 9 836 67 902 585 427 277 68 103 
70 9 836 67 902 586 427 277 68 103 
70 9 836 67 902 587 427 277 68 103 
70 9 836 67 902 588 425 277 68 103 
70 9 836 67 902 589 425 277 68 103 
70 9 836 67 902 590 425 277 68 103 
70 9 836 67 902 591 423 277 68 103 
70 9 836 67 902 592 423 277 68 103 
70 9 836 67 902 593 423 277 68 103 
70 9 836 67 902 594 422 277 66 103 
70 9 836 67 902 595 422 277 66 103 
70 9 836 67 902 596 422 277 66 103 
70 9 836 67 902 597 420 277 68 103 
70 9 836 67 902 598 420 277 68 103 
70 9 836 67 902 599 420 277 68 103 
70 9 836 67 902 600 420 277 68 103 
70 9 836 67 902 601 418 275 68 106 
70 9 836 67 902 602 418 275 68 106 
70 9 836 67 902 603 418 275 68 106 
70 9 836 67 902 604 418 275 68 106 
70 9 836 67 902 605 418 275 68 106 
70 9 836 67 902 606 415 275 72 106 
70 9 836 67 902 607 415 275 72 106 
70 9 836 67 902 608 416 275 68 106 
70 9 836 67 902 609 416 275 68 106 
70 9 836 67 902 610 416 275 68 106 
70 9 836 67 902 611 416 275 68 106 
70 9 836 67 902 612 414 275 70 106 
70 9 836 67 902 613 414 275 70 106 
70 9 836 67 902 614 414 275 70 106 
70 9 836 67 902 615 415 275 66 106 
70 9 836 67 902 616 415 275 66 106 
70 9 836 67 902 617 412 275 70 106 
70 9 836 67 902 618 412 275 70 106 
70 9 836 67 902 619 412 275 70 106 
70 9 836 67 902 620 412 275 70 106 
70 9 836 67 902 621 412 275 70 106 
70 9 836 67 902 622 413 275 68 106 
70 9 836 67 902 623 410 275 72 106 
70 9 836 67 902 624 410 275 72 106 
70 9 836 67 902 625 410 275 72 106 
70 9 836 67 902 626 410 275 72 106 
70 9 836 67 902 627 410 275 72 106 
70 9 836 67 902 628 410 275 72 106 
70 9 836 67 902 629 408 272 72 109 
70 9 836 67 902 630 408 272 72 109 
70 9 836 67 902 631 408 272 72 109 
70 9 836 67 902 632 408 272 72 109 
70 9 836 67 902 633 408 272 72 109 
70 9 836 67 902 634 405 272 76 109 
70 9 836 67 902 635 405 272 76 109 
70 9 836 67 902 636 406 272 72 109 
70 9 836 67 902 637 406 272 72 109 
70 9 836 67 902 638 406 272 72 109 
70 9 836 67 902 639 406 272 72 109 
70 9 836 67 902 640 404 272 74 109 
70 9 836 67 902 641 404 272 74 109 
70 9 836 67 902 642 404 272 74 109 
70 9 836 67 902 643 405 272 70 109 
70 9 836 67 902 644 405 272 70 109 
70 9 836 67 902 645 402 272 74 109 
70 9 836 67 902 646 402 272 74 109 
70 9 836 67 902 647 402 272 74 109 
70 9 836 67 902 648 402 272 74 109 
70 9 836 67 902 649 402 272 74 109 
70 9 836 67 902 650 403 272 70 109 
70 9 836 67 902 651 400 272 74 109 
70 9 836 67 902 652 400 272 74 109 
70 9 836 67 902 653 400 272 74 109 
70 9 836 67 902 654 400 272 74 109 
70 9 836 67 902 655 400 272 74 109 
70 9 836 67 902 656 400 272 74 109 
70 9 836 67 902 657 398 270 76 109 
70 9 836 67 902 658 398 270 76 109 
70 9 836 67 902 659 398 270 76 109 
70 9 836 67 902 660 399 270 72 109 
70 9 836 67 902 661 397 270 74 109 
70 9 836 67 902 662 397 270 74 109 
70 9 836 67 902 663 398 270 70 109 
70 9 836 67 902 664 398 270 70 109 
70 9 836 67 902 665 395 270 74 109 
70 9 836 67 902 666 396 271 70 106 
70 9 836 67 902 667 396 271 70 106 
70 9 836 67 902 668 396 271 70 106 
70 9 836 67 902 669 396 271 70 106 
70 9 836 67 902 670 394 271 72 106 
70 9 836 67 902 671 394 271 72 106 
70 9 836 67 902 672 394 271 72 106 
70 9 836 67 902 673 395 270 68 108 
70 9 836 67 902 674 392 270 72 108 
70 9 836 67 902 675 392 270 72 108 
70 9 836 67 902 676 393 270 68 106 
70 9 836 67 902 677 393 270 68 106 
70 9 836 67 902 678 393 270 68 106 
70 9 836 67 902 679 391 270 68 106 
70 9 836 67 902 680 391 270 68 106 
70 9 836 67 902 681 391 270 68 106 
70 9 836 67 902 682 391 270 68 106 
70 9 836 67 902 683 390 270 66 106 
70 9 836 67 902 684 390 270 66 106 
70 9 836 67 902 685 390 270 66 106 
70 9 836 67 902 686 391 270 64 103 
70 9 836 67 902 687 391 270 64 103 
70 9 836 67 902 688 388 270 68 103 
70 9 836 67 902 689 389 268 64 106 
70 9 836 67 902 690 389 268 64 106 
70 9 836 67 902 691 389 268 64 106 
70 9 836 67 902 692 387 268 64 106 
70 9 836 67 902 693 387 268 64 106 
70 9 836 67 902 694 387 268 64 106 
70 9 836 67 902 695 387 268 64 106 
70 9 836 67 902 696 388 268 60 103 
70 9 836 67 902 697 385 268 64 103 
70 9 836 67 902 698 385 268 64 103 
70 9 836 67 902 699 385 268 62 103 
70 9 836 67 902 700 385 268 62 103 
70 9 836 67 902 701 384 268 64 103 
70 9 836 67 902 702 385 268 60 103 
70 9 836 67 902 703 385 268 60 103 
70 9 836 67 902 704 385 268 60 103 
70 9 836 67 902 705 385 268 60 103 
70 9 836 67 902 706 383 266 60 103 
70 9 836 67 902 707 383 266 60 103 
70 9 836 67 902 708 383 266 60 103 
70 9 836 67 902 709 383 266 60 103 
70 9 836 67 902 710 383 266 60 103 
70 9 836 67 902 711 383 266 60 103 
70 9 836 67 902 712 383 266 60 103 
70 9 836 67 902 713 383 266 60 103 
70 9 836 67 902 714 383 266 60 103 
70 9 836 67 902 715 381 266 60 103 
70 9 836 67 902 716 381 267 60 102 
70 9 836 67 902 717 381 267 60 102 
70 9 836 67 902 718 381 264 60 105 
70 9 836 67 902 719 381 264 60 105 
70 9 836 67 902 720 381 264 60 105 
70 9 836 67 902 721 381 264 60 105 
70 9 836 67 902 722 381 264 60 105 
70 9 836 67 902 723 381 264 60 105 
70 9 836 67 902 724 379 264 60 105 
70 9 836 67 902 725 379 264 60 105 
70 9 836 67 902 726 379 264 60 105 
70 9 836 67 902 727 379 265 60 102 
70 9 836 67 902 728 379 265 60 102 
70 9 836 67 902 729 379 265 60 102 
70 9 836 67 902 730 379 265 60 102 
70 9 836 67 902 731 379 262 60 105 
70 9 836 67 902 732 379 262 60 105 
70 9 836 67 902 733 376 262 62 105 
70 9 836 67 902 734 376 262 62 105 
70 9 836 67 902 735 376 262 62 105 
70 9 836 67 902 736 376 262 62 105 
70 9 836 67 902 737 376 262 62 105 
70 9 836 67 902 738 376 263 62 102 
70 9 836 67 902 739 376 263 62 102 
70 9 836 67 902 740 376 263 62 102 
70 9 836 67 902 741 376 263 62 102 
70 9 836 67 902 742 376 263 60 102 
70 9 836 67 902 743 376 263 60 102 
70 9 836 67 902 744 376 261 60 103 
70 9 836 67 902 745 376 261 60 103 
70 9 836 67 902 746 376 261 60 103 
70 9 836 67 902 747 376 261 60 103 
70 9 836 67 902 748 376 262 60 100 
70 9 836 67 902 749 376 262 60 100 
70 9 836 67 902 750 376 262 60 100 
70 9 836 67 902 751 374 262 60 100 
70 9 836 67 902 752 374 262 60 100 
70 9 836 67 902 753 374 262 60 100 
70 9 836 67 902 754 374 262 60 100 
70 9 836 67 902 755 374 262 60 100 
70 9 836 67 902 756 374 262 60 100 
70 9 836 67 902 757 374 259 60 103 
70 9 836 67 902 758 374 259 60 103 
70 9 836 67 902 759 374 260 60 100 
70 9 836 67 902 760 372 260 60 100 
70 9 836 67 902 761 372 260 60 100 
70 9 836 67 902 762 372 260 60 100 
70 9 836 67 902 763 372 260 60 100 
70 9 836 67 902 764 372 260 60 100 
70 9 836 67 902 765 372 260 60 100 
70 9 836 67 902 766 372 260 60 100 
70 9 836 67 902 767 372 260 60 100 
70 9 836 67 902 768 372 260 60 100 
70 9 836 67 902 769 372 260 60 100 
70 9 836 67 902 770 372 258 60 102 
70 9 836 67 902 771 372 258 60 102 
70 9 836 67 902 772 372 258 60 102 
70 9 836 67 902 773 372 258 60 102 
70 9 836 67 902 774 372 258 60 102 
70 9 836 67 902 775 372 258 60 102 
70 9 836 67 902 776 372 258 60 102 
70 9 836 67 902 777 372 258 60 102 
70 9 836 67 902 778 372 258 60 102 
70 9 836 67 902 779 372 258 60 102 
70 9 836 67 902 780 372 258 60 102 
70 9 836 67 902 781 372 258 60 102 
70 9 836 67 902 782 372 258 60 102 
70 9 836 67 902 783 372 258 60 102 
70 9 836 67 902 784 372 258 60 99 
70 9 836 67 902 785 372 258 60 99 
70 9 836 67 902 786 372 258 60 99 
70 9 836 67 902 787 372 258 60 99 
70 9 836 67 902 788 372 258 60 99 
70 9 836 67 902 789 372 258 60 99 
70 9 836 67 902 790 372 258 60 99 
70 9 836 67 902 791 372 258 60 99 
70 9 836 67 902 792 372 258 60 99 
70 9 836 67 902 793 372 258 60 99 
70 9 836 67 902 794 372 258 60 99 
70 9 836 67 902 795 372 258 60 99 
70 9 836 67 902 796 372 258 60 99 
70 9 836 67 902 797 372 258 60 99 
70 9 836 67 902 798 374 258 60 99 
70 9 836 67 902 799 374 259 60 96 
70 9 836 67 902 800 374 259 60 96 
70 9 836 67 902 801 374 259 60 96 
70 9 836 67 902 802 374 259 60 96 
70 9 836 67 902 803 374 259 60 96 
70 9 836 67 902 804 374 259 60 96 
70 9 836 67 902 805 374 259 60 96 
70 9 836 67 902 806 374 259 60 96 
70 9 836 67 902 807 374 259 60 96 
70 9 836 67 902 808 374 259 60 96 
70 9 836 67 902 809 374 259 60 96 
70 9 836 67 902 810 374 259 60 96 
70 9 836 67 902 811 374 259 60 96 
70 9 836 67 902 812 374 259 60 96 
70 9 836 67 902 813 374 259 60 93 
70 9 836 67 902 814 374 259 60 93 
70 9 836 67 902 815 374 259 60 93 
70 9 836 67 902 816 374 259 60 93 
70 9 836 67 902 817 374 259 60 93 
70 9 836 67 902 818 374 259 60 93 
70 9 836 67 902 819 374 259 60 93 
70 9 836 67 902 820 374 259 60 93 
70 9 836 67 902 821 374 259 60 93 
70 9 836 67 902 822 374 259 60 93 
70 9 836 67 902 823 374 259 60 93 
70 9 836 67 902 824 374 259 60 93 
70 9 836 67 902 825 374 259 60 93 
70 9 836 67 902 826 374 259 60 93 
70 9 836 67 902 827 376 259 60 93 
70 9 836 67 902 828 374 257 60 94 
70 9 836 67 902 829 374 257 60 94 
70 9 836 67 902 830 374 257 60 94 
70 9 836 67 902 831 374 257 60 94 
70 9 836 67 902 832 372 257 60 94 
70 9 836 67 902 833 372 257 60 94 
70 9 836 67 902 834 372 257 60 94 
70 9 836 67 902 835 372 257 60 94 
70 9 836 67 902 836 372 257 60 94 
70 9 836 67 902 837 369 257 62 94 
70 9 836 67 902 838 369 257 62 94 
70 9 836 67 902 839 369 257 62 91 
70 9 836 67 902 840 369 257 62 91 
70 9 836 67 902 841 369 257 62 91 
70 9 836 67 902 842 369 257 60 91 
70 9 836 67 902 843 369 257 60 91 
70 9 836 67 902 844 369 257 60 91 
70 9 836 67 902 845 369 257 60 91 
70 9 836 67 902 846 369 256 60 93 
70 9 836 67 902 847 367 256 60 93 
70 9 836 67 902 848 367 256 60 93 
70 9 836 67 902 849 367 256 60 93 
70 9 836 67 902 850 367 256 60 93 
70 9 836 67 902 851 367 257 60 90 
70 9 836 67 902 852 365 257 60 90 
70 9 836 67 902 853 365 257 60 90 
70 9 836 67 902 854 365 257 60 90 
70 9 836 67 902 855 365 257 60 90 
70 9 836 67 902 856 365 257 60 90 
70 9 836 67 902 857 363 257 60 90 
70 9 836 67 902 858 363 257 60 90 
70 9 836 67 902 859 363 257 60 90 
70 9 836 67 902 860 363 257 60 90 
70 9 836 67 902 861 363 257 60 90 
70 9 836 67 902 862 360 257 62 90 
70 9 836 67 902 863 360 257 62 87 
70 9 836 67 902 864 360 257 62 87 
70 9 836 67 902 865 360 255 62 90 
70 9 836 67 902 866 360 255 62 90 
70 9 836 67 902 867 360 255 60 90 
70 9 836 67 902 868 360 255 60 90 
70 9 836 67 902 869 360 255 60 90 
70 9 836 67 902 870 360 255 60 90 
70 9 836 67 902 871 360 255 60 90 
70 9 836 67 902 872 358 255 60 90 
70 9 836 67 902 873 358 255 60 90 
70 9 836 67 902 874 358 255 60 90 
70 9 836 67 902 875 358 255 60 87 
70 9 836 67 902 876 358 255 60 87 
70 9 836 67 902 877 356 255 60 87 
70 9 836 67 902 878 356 255 60 87 
70 9 836 67 902 879 356 255 60 87 
70 9 836 67 902 880 356 255 60 87 
70 9 836 67 902 881 356 255 60 87 
70 9 836 67 902 882 353 255 62 87 
70 9 836 67 902 883 353 255 62 87 
70 9 836 67 902 884 353 253 62 90 
70 9 836 67 902 885 353 253 62 90 
70 9 836 67 902 886 353 253 62 88 
70 9 836 67 902 887 353 253 60 88 
70 9 836 67 902 888 353 253 60 88 
70 9 836 67 902 889 353 253 60 88 
70 9 836 67 902 890 353 253 60 88 
70 9 836 67 902 891 353 253 60 88 
70 9 836 67 902 892 351 253 60 88 
70 9 836 67 902 893 351 253 60 88 
70 9 836 67 902 894 351 253 60 88 
70 9 836 67 902 895 351 253 60 88 
70 9 836 67 902 896 351 253 60 88 
70 9 836 67 902 897 349 253 60 88 
70 9 836 67 902 898 349 253 60 85 
70 9 836 67 902 899 349 253 60 85 
70 9 836 67 902 900 349 253 60 85 
70 9 836 67 902 901 349 253 60 85 
70 9 836 67 902 902 347 253 60 85 
71 11 98 184 281 184 296 216 68 67 
71 11 98 184 281 185 296 216 68 67 
71 11 98 184 281 186 296 216 68 67 
71 11 98 184 281 187 296 216 68 67 
71 11 98 184 281 188 296 216 68 67 
71 11 98 184 281 189 296 216 68 67 
71 11 98 184 281 190 296 216 68 67 
71 11 98 184 281 191 296 216 68 67 
71 11 98 184 281 192 296 216 68 67 
71 11 98 184 281 193 296 216 68 67 
71 11 98 184 281 194 296 216 68 67 
71 11 98 184 281 195 296 216 68 67 
71 11 98 184 281 196 296 216 68 67 
71 11 98 184 281 197 296 216 68 67 
71 11 98 184 281 198 296 216 68 67 
71 11 98 184 281 199 296 216 68 67 
71 11 98 184 281 200 296 216 68 67 
71 11 98 184 281 201 296 216 68 67 
71 11 98 184 281 202 296 216 68 67 
71 11 98 184 281 203 296 216 68 67 
71 11 98 184 281 204 296 216 68 67 
71 11 98 184 281 205 296 216 68 67 
71 11 98 184 281 206 296 216 68 67 
71 11 98 184 281 207 296 216 68 67 
71 11 98 184 281 208 296 216 68 67 
71 11 98 184 281 209 296 216 68 67 
71 11 98 184 281 210 296 216 68 67 
71 11 98 184 281 211 296 216 68 67 
71 11 98 184 281 212 296 216 68 67 
71 11 98 184 281 213 296 216 68 67 
71 11 98 184 281 214 296 216 68 67 
71 11 98 184 281 215 296 216 68 67 
71 11 98 184 281 216 296 216 68 67 
71 11 98 184 281 217 296 216 68 67 
71 11 98 184 281 218 296 216 68 67 
71 11 98 184 281 219 296 216 68 67 
71 11 98 184 281 220 296 216 68 67 
71 11 98 184 281 221 296 216 68 67 
71 11 98 184 281 222 296 216 68 67 
71 11 98 184 281 223 296 216 68 67 
71 11 98 184 281 224 296 216 68 67 
71 11 98 184 281 225 296 216 68 67 
71 11 98 184 281 226 296 216 68 67 
71 11 98 184 281 227 296 216 68 67 
71 11 98 184 281 228 296 216 68 67 
71 11 98 184 281 229 296 216 68 67 
71 11 98 184 281 230 296 216 68 67 
71 11 98 184 281 231 296 216 68 67 
71 11 98 184 281 232 296 216 68 67 
71 11 98 184 281 233 296 216 68 67 
71 11 98 184 281 234 296 216 68 67 
71 11 98 184 281 235 296 216 68 67 
71 11 98 184 281 236 296 216 68 67 
71 11 98 184 281 237 296 216 68 67 
71 11 98 184 281 238 296 216 68 67 
71 11 98 184 281 239 296 216 68 67 
71 11 98 184 281 240 296 216 68 67 
71 11 98 184 281 241 296 216 68 67 
71 11 98 184 281 242 296 216 68 67 
71 11 98 184 281 243 296 216 68 67 
71 11 98 184 281 244 296 216 68 67 
71 11 98 184 281 245 296 216 68 67 
71 11 98 184 281 246 296 216 68 67 
71 11 98 184 281 247 296 216 68 67 
71 11 98 184 281 248 296 216 68 67 
71 11 98 184 281 249 296 216 68 67 
71 11 98 184 281 250 296 216 68 67 
71 11 98 184 281 251 296 216 68 67 
71 11 98 184 281 252 296 216 68 67 
71 11 98 184 281 253 296 216 68 67 
71 11 98 184 281 254 296 216 68 67 
71 11 98 184 281 255 296 216 68 67 
71 11 98 184 281 256 296 216 68 67 
71 11 98 184 281 257 296 216 68 67 
71 11 98 184 281 258 296 216 68 67 
71 11 98 184 281 259 296 216 68 67 
71 11 98 184 281 260 296 216 68 67 
71 11 98 184 281 261 296 216 68 67 
71 11 98 184 281 262 296 216 68 67 
71 11 98 184 281 263 296 216 68 67 
71 11 98 184 281 264 296 216 68 67 
71 11 98 184 281 265 296 216 68 67 
71 11 98 184 281 266 296 216 68 67 
71 11 98 184 281 267 296 216 68 67 
71 11 98 184 281 268 296 216 68 67 
71 11 98 184 281 269 296 216 68 67 
71 11 98 184 281 270 296 216 68 67 
71 11 98 184 281 271 296 216 68 67 
71 11 98 184 281 272 296 216 68 67 
71 11 98 184 281 273 296 216 68 67 
71 11 98 184 281 274 296 216 68 67 
71 11 98 184 281 275 296 216 68 67 
71 11 98 184 281 276 296 216 68 67 
71 11 98 184 281 277 296 216 68 67 
71 11 98 184 281 278 296 216 68 67 
71 11 98 184 281 279 296 216 68 67 
71 11 98 184 281 280 296 216 68 67 
71 11 98 184 281 281 296 216 68 67 
