0 9 565 0 564 0 653 319 78 147 
0 9 565 0 564 1 652 318 78 145 
0 9 565 0 564 2 650 318 78 145 
0 9 565 0 564 3 648 318 78 145 
0 9 565 0 564 4 646 318 78 145 
0 9 565 0 564 5 644 318 80 145 
0 9 565 0 564 6 643 318 78 145 
0 9 565 0 564 7 643 318 78 145 
0 9 565 0 564 8 641 316 78 147 
0 9 565 0 564 9 639 316 78 147 
0 9 565 0 564 10 637 316 78 147 
0 9 565 0 564 11 636 316 78 147 
0 9 565 0 564 12 634 316 78 147 
0 9 565 0 564 13 634 316 78 147 
0 9 565 0 564 14 632 314 78 147 
0 9 565 0 564 15 630 314 78 147 
0 9 565 0 564 16 628 314 80 147 
0 9 565 0 564 17 627 312 78 147 
0 9 565 0 564 18 625 312 78 147 
0 9 565 0 564 19 623 312 78 147 
0 9 565 0 564 20 621 311 78 145 
0 9 565 0 564 21 621 311 78 145 
0 9 565 0 564 22 620 311 78 145 
0 9 565 0 564 23 620 311 78 145 
0 9 565 0 564 24 618 311 78 145 
0 9 565 0 564 25 618 311 78 145 
0 9 565 0 564 26 618 311 78 145 
0 9 565 0 564 27 616 309 78 147 
0 9 565 0 564 28 614 309 78 147 
0 9 565 0 564 29 614 309 78 147 
0 9 565 0 564 30 612 309 80 147 
0 9 565 0 564 31 612 309 80 147 
0 9 565 0 564 32 611 309 78 147 
0 9 565 0 564 33 611 309 78 147 
0 9 565 0 564 34 609 307 78 147 
0 9 565 0 564 35 607 307 78 147 
0 9 565 0 564 36 605 307 78 147 
0 9 565 0 564 37 604 307 78 147 
0 9 565 0 564 38 602 307 78 147 
0 9 565 0 564 39 602 307 78 147 
0 9 565 0 564 40 600 305 78 147 
0 9 565 0 564 41 598 305 78 147 
0 9 565 0 564 42 596 305 80 147 
0 9 565 0 564 43 595 305 78 147 
0 9 565 0 564 44 593 305 78 147 
0 9 565 0 564 45 591 305 78 147 
0 9 565 0 564 46 591 305 78 147 
0 9 565 0 564 47 589 303 78 147 
0 9 565 0 564 48 589 303 78 147 
0 9 565 0 564 49 588 302 78 145 
0 9 565 0 564 50 588 302 78 145 
0 9 565 0 564 51 586 302 78 145 
0 9 565 0 564 52 586 300 78 147 
0 9 565 0 564 53 584 300 78 147 
0 9 565 0 564 54 584 300 78 147 
0 9 565 0 564 55 582 298 78 147 
0 9 565 0 564 56 580 298 80 147 
0 9 565 0 564 57 580 298 80 147 
0 9 565 0 564 58 579 298 78 147 
0 9 565 0 564 59 577 298 78 147 
0 9 565 0 564 60 577 298 78 147 
0 9 565 0 564 61 575 296 78 147 
0 9 565 0 564 62 573 296 78 147 
0 9 565 0 564 63 573 296 78 147 
0 9 565 0 564 64 572 296 78 147 
0 9 565 0 564 65 570 296 78 147 
0 9 565 0 564 66 570 296 78 147 
0 9 565 0 564 67 568 295 78 145 
0 9 565 0 564 68 566 295 78 145 
0 9 565 0 564 69 564 295 80 145 
0 9 565 0 564 70 564 295 80 145 
0 9 565 0 564 71 563 295 78 145 
0 9 565 0 564 72 561 295 78 145 
0 9 565 0 564 73 561 295 78 145 
0 9 565 0 564 74 559 295 78 145 
0 9 565 0 564 75 557 295 78 145 
0 9 565 0 564 76 557 295 78 145 
0 9 565 0 564 77 556 293 78 147 
0 9 565 0 564 78 556 293 78 147 
0 9 565 0 564 79 556 293 78 147 
0 9 565 0 564 80 556 291 78 147 
0 9 565 0 564 81 554 291 78 147 
0 9 565 0 564 82 554 291 78 147 
0 9 565 0 564 83 554 289 78 147 
0 9 565 0 564 84 554 289 78 147 
0 9 565 0 564 85 554 289 78 147 
0 9 565 0 564 86 552 289 78 147 
0 9 565 0 564 87 553 289 74 147 
0 9 565 0 564 88 551 289 76 147 
0 9 565 0 564 89 552 289 72 147 
0 9 565 0 564 90 550 289 72 147 
0 9 565 0 564 91 551 289 68 147 
0 9 565 0 564 92 551 289 68 147 
0 9 565 0 564 93 550 287 66 147 
0 9 565 0 564 94 548 287 68 147 
0 9 565 0 564 95 548 287 68 147 
0 9 565 0 564 96 546 288 68 144 
0 9 565 0 564 97 546 288 68 144 
0 9 565 0 564 98 544 288 68 144 
0 9 565 0 564 99 544 288 68 144 
0 9 565 0 564 100 543 288 66 144 
0 9 565 0 564 101 543 288 66 144 
0 9 565 0 564 102 541 288 68 144 
0 9 565 0 564 103 541 288 68 144 
0 9 565 0 564 104 539 288 68 144 
0 9 565 0 564 105 539 288 68 144 
0 9 565 0 564 106 539 288 68 144 
0 9 565 0 564 107 537 287 68 144 
0 9 565 0 564 108 537 287 68 144 
0 9 565 0 564 109 537 287 68 144 
0 9 565 0 564 110 537 287 68 144 
0 9 565 0 564 111 537 287 68 144 
0 9 565 0 564 112 537 287 68 144 
0 9 565 0 564 113 537 287 68 144 
0 9 565 0 564 114 535 285 68 144 
0 9 565 0 564 115 534 285 66 144 
0 9 565 0 564 116 534 285 66 144 
0 9 565 0 564 117 532 283 68 144 
0 9 565 0 564 118 532 283 68 144 
0 9 565 0 564 119 530 283 68 144 
0 9 565 0 564 120 530 283 68 144 
0 9 565 0 564 121 528 283 68 141 
0 9 565 0 564 122 528 283 68 141 
0 9 565 0 564 123 527 283 66 141 
0 9 565 0 564 124 527 283 66 139 
0 9 565 0 564 125 525 283 68 139 
0 9 565 0 564 126 525 286 68 136 
0 9 565 0 564 127 523 286 68 136 
0 9 565 0 564 128 523 286 68 136 
0 9 565 0 564 129 521 286 68 136 
0 9 565 0 564 130 521 286 68 136 
0 9 565 0 564 131 519 286 68 136 
0 9 565 0 564 132 519 288 68 135 
0 9 565 0 564 133 518 286 66 136 
0 9 565 0 564 134 518 286 66 136 
0 9 565 0 564 135 518 286 66 136 
0 9 565 0 564 136 516 286 68 136 
0 9 565 0 564 137 516 284 68 136 
0 9 565 0 564 138 516 284 68 136 
0 9 565 0 564 139 514 284 68 136 
0 9 565 0 564 140 514 284 68 136 
0 9 565 0 564 141 514 284 68 136 
0 9 565 0 564 142 512 282 68 136 
0 9 565 0 564 143 512 282 68 136 
0 9 565 0 564 144 511 282 66 136 
0 9 565 0 564 145 511 282 66 136 
0 9 565 0 564 146 509 281 68 135 
0 9 565 0 564 147 509 281 68 135 
0 9 565 0 564 148 507 281 68 135 
0 9 565 0 564 149 507 281 68 135 
0 9 565 0 564 150 505 279 68 135 
0 9 565 0 564 151 503 279 68 135 
0 9 565 0 564 152 503 279 68 135 
0 9 565 0 564 153 502 279 66 135 
0 9 565 0 564 154 500 279 68 135 
0 9 565 0 564 155 500 279 68 135 
0 9 565 0 564 156 498 279 68 133 
0 9 565 0 564 157 498 279 68 133 
0 9 565 0 564 158 496 279 68 133 
0 9 565 0 564 159 496 279 68 133 
0 9 565 0 564 160 496 279 68 133 
0 9 565 0 564 161 495 280 66 130 
0 9 565 0 564 162 495 280 66 130 
0 9 565 0 564 163 495 280 66 130 
0 9 565 0 564 164 493 280 68 130 
0 9 565 0 564 165 493 280 68 130 
0 9 565 0 564 166 493 280 68 130 
0 9 565 0 564 167 491 280 68 127 
0 9 565 0 564 168 491 280 68 127 
0 9 565 0 564 169 491 280 68 127 
0 9 565 0 564 170 489 280 68 127 
0 9 565 0 564 171 489 280 68 127 
0 9 565 0 564 172 489 280 68 127 
0 9 565 0 564 173 487 278 68 127 
0 9 565 0 564 174 487 278 68 127 
0 9 565 0 564 175 486 276 66 129 
0 9 565 0 564 176 486 276 66 129 
0 9 565 0 564 177 484 274 68 129 
0 9 565 0 564 178 484 274 68 129 
0 9 565 0 564 179 482 274 68 129 
0 9 565 0 564 180 482 274 68 129 
0 9 565 0 564 181 480 276 68 129 
0 9 565 0 564 182 480 276 68 129 
0 9 565 0 564 183 479 276 66 129 
0 9 565 0 564 184 479 278 66 127 
0 9 565 0 564 185 477 278 68 127 
0 9 565 0 564 186 477 278 68 127 
0 9 565 0 564 187 475 278 68 127 
0 9 565 0 564 188 475 278 68 127 
0 9 565 0 564 189 475 278 68 127 
0 9 565 0 564 190 473 278 68 127 
0 9 565 0 564 191 473 278 68 127 
0 9 565 0 564 192 473 278 68 127 
0 9 565 0 564 193 471 276 68 129 
0 9 565 0 564 194 470 276 66 129 
0 9 565 0 564 195 470 276 66 129 
0 9 565 0 564 196 468 276 68 129 
0 9 565 0 564 197 466 274 68 129 
0 9 565 0 564 198 466 274 68 129 
0 9 565 0 564 199 464 274 68 129 
0 9 565 0 564 200 464 274 68 129 
0 9 565 0 564 201 463 273 66 127 
0 9 565 0 564 202 463 273 66 127 
0 9 565 0 564 203 463 273 66 127 
0 9 565 0 564 204 461 273 68 127 
0 9 565 0 564 205 461 273 68 127 
0 9 565 0 564 206 461 273 68 127 
0 9 565 0 564 207 461 273 68 127 
0 9 565 0 564 208 459 273 68 127 
0 9 565 0 564 209 459 273 68 127 
0 9 565 0 564 210 457 273 68 127 
0 9 565 0 564 211 457 273 68 127 
0 9 565 0 564 212 455 273 68 127 
0 9 565 0 564 213 455 273 68 127 
0 9 565 0 564 214 455 273 68 127 
0 9 565 0 564 215 454 271 66 127 
0 9 565 0 564 216 454 271 66 127 
0 9 565 0 564 217 454 271 66 127 
0 9 565 0 564 218 454 269 66 127 
0 9 565 0 564 219 454 269 66 127 
0 9 565 0 564 220 454 269 66 127 
0 9 565 0 564 221 454 269 66 127 
0 9 565 0 564 222 452 269 68 127 
0 9 565 0 564 223 452 269 68 127 
0 9 565 0 564 224 450 269 68 127 
0 9 565 0 564 225 450 269 68 127 
0 9 565 0 564 226 448 269 68 127 
0 9 565 0 564 227 448 269 68 127 
0 9 565 0 564 228 447 269 66 127 
0 9 565 0 564 229 447 269 66 127 
0 9 565 0 564 230 445 269 68 127 
0 9 565 0 564 231 445 269 68 127 
0 9 565 0 564 232 443 269 68 127 
0 9 565 0 564 233 443 269 68 127 
0 9 565 0 564 234 441 269 68 127 
0 9 565 0 564 235 441 269 68 127 
0 9 565 0 564 236 441 269 68 127 
0 9 565 0 564 237 439 267 68 129 
0 9 565 0 564 238 439 267 68 129 
0 9 565 0 564 239 439 267 68 129 
0 9 565 0 564 240 439 267 68 129 
0 9 565 0 564 241 439 267 68 129 
0 9 565 0 564 242 438 266 66 127 
0 9 565 0 564 243 438 266 66 127 
0 9 565 0 564 244 438 266 66 127 
0 9 565 0 564 245 438 266 66 127 
0 9 565 0 564 246 438 266 66 127 
0 9 565 0 564 247 436 264 68 127 
0 9 565 0 564 248 436 264 68 127 
0 9 565 0 564 249 436 264 68 127 
0 9 565 0 564 250 436 264 68 127 
0 9 565 0 564 251 436 264 68 127 
0 9 565 0 564 252 436 264 68 127 
0 9 565 0 564 253 434 262 68 127 
0 9 565 0 564 254 434 262 68 127 
0 9 565 0 564 255 434 262 68 127 
0 9 565 0 564 256 432 262 68 127 
0 9 565 0 564 257 432 262 68 127 
0 9 565 0 564 258 432 262 68 127 
0 9 565 0 564 259 431 262 66 127 
0 9 565 0 564 260 431 262 66 127 
0 9 565 0 564 261 431 262 66 127 
0 9 565 0 564 262 429 263 68 126 
0 9 565 0 564 263 429 263 68 126 
0 9 565 0 564 264 429 263 68 126 
0 9 565 0 564 265 429 263 68 126 
0 9 565 0 564 266 429 263 68 123 
0 9 565 0 564 267 429 263 68 123 
0 9 565 0 564 268 429 263 68 123 
0 9 565 0 564 269 429 263 68 123 
0 9 565 0 564 270 429 264 68 120 
0 9 565 0 564 271 429 264 68 120 
0 9 565 0 564 272 429 264 68 120 
0 9 565 0 564 273 429 266 68 117 
0 9 565 0 564 274 427 264 68 117 
0 9 565 0 564 275 427 264 68 117 
0 9 565 0 564 276 427 264 68 117 
0 9 565 0 564 277 427 264 68 117 
0 9 565 0 564 278 425 262 68 117 
0 9 565 0 564 279 425 262 68 117 
0 9 565 0 564 280 425 262 68 117 
0 9 565 0 564 281 425 262 68 117 
0 9 565 0 564 282 423 260 68 118 
0 9 565 0 564 283 423 260 68 118 
0 9 565 0 564 284 423 260 68 118 
0 9 565 0 564 285 423 260 68 118 
0 9 565 0 564 286 423 260 68 118 
0 9 565 0 564 287 422 260 66 118 
0 9 565 0 564 288 422 260 66 118 
0 9 565 0 564 289 422 260 66 118 
0 9 565 0 564 290 422 260 66 118 
0 9 565 0 564 291 420 260 68 118 
0 9 565 0 564 292 420 260 68 118 
0 9 565 0 564 293 420 260 68 118 
0 9 565 0 564 294 420 260 68 118 
0 9 565 0 564 295 420 260 68 118 
0 9 565 0 564 296 418 260 68 118 
0 9 565 0 564 297 418 260 68 118 
0 9 565 0 564 298 418 260 68 118 
0 9 565 0 564 299 418 260 68 118 
0 9 565 0 564 300 418 260 68 118 
0 9 565 0 564 301 416 259 68 117 
0 9 565 0 564 302 416 259 68 117 
0 9 565 0 564 303 416 259 68 117 
0 9 565 0 564 304 416 259 68 117 
0 9 565 0 564 305 415 259 66 117 
0 9 565 0 564 306 415 259 66 117 
0 9 565 0 564 307 415 259 66 117 
0 9 565 0 564 308 415 259 66 117 
0 9 565 0 564 309 416 259 64 117 
0 9 565 0 564 310 413 260 68 114 
0 9 565 0 564 311 413 260 68 114 
0 9 565 0 564 312 413 260 68 114 
0 9 565 0 564 313 414 260 64 114 
0 9 565 0 564 314 414 260 64 114 
0 9 565 0 564 315 411 260 68 114 
0 9 565 0 564 316 411 260 68 114 
0 9 565 0 564 317 412 260 64 114 
0 9 565 0 564 318 412 260 64 114 
0 9 565 0 564 319 412 260 64 114 
0 9 565 0 564 320 409 260 68 111 
0 9 565 0 564 321 409 260 68 111 
0 9 565 0 564 322 410 260 64 111 
0 9 565 0 564 323 410 260 64 111 
0 9 565 0 564 324 410 260 64 111 
0 9 565 0 564 325 407 260 68 111 
0 9 565 0 564 326 408 260 64 111 
0 9 565 0 564 327 408 260 64 111 
0 9 565 0 564 328 408 260 64 111 
0 9 565 0 564 329 408 260 64 111 
0 9 565 0 564 330 407 260 64 109 
0 9 565 0 564 331 407 260 64 109 
0 9 565 0 564 332 407 260 64 109 
0 9 565 0 564 333 407 260 64 109 
0 9 565 0 564 334 408 260 60 109 
0 9 565 0 564 335 405 260 64 109 
0 9 565 0 564 336 405 260 64 109 
0 9 565 0 564 337 405 260 64 109 
0 9 565 0 564 338 406 260 60 109 
0 9 565 0 564 339 406 260 60 109 
0 9 565 0 564 340 403 261 64 106 
0 9 565 0 564 341 403 261 64 106 
0 9 565 0 564 342 403 261 64 106 
0 9 565 0 564 343 404 261 60 106 
0 9 565 0 564 344 404 261 60 106 
0 9 565 0 564 345 401 261 64 106 
0 9 565 0 564 346 401 261 64 106 
0 9 565 0 564 347 401 261 62 106 
0 9 565 0 564 348 401 261 62 106 
0 9 565 0 564 349 401 261 62 106 
0 9 565 0 564 350 400 261 64 103 
0 9 565 0 564 351 401 261 60 103 
0 9 565 0 564 352 401 261 60 103 
0 9 565 0 564 353 401 261 60 103 
0 9 565 0 564 354 401 261 60 103 
0 9 565 0 564 355 399 261 60 103 
0 9 565 0 564 356 399 261 60 103 
0 9 565 0 564 357 399 261 60 103 
0 9 565 0 564 358 399 261 60 103 
0 9 565 0 564 359 399 261 60 103 
0 9 565 0 564 360 397 259 60 103 
0 9 565 0 564 361 397 259 60 103 
0 9 565 0 564 362 397 259 60 103 
0 9 565 0 564 363 397 259 60 103 
0 9 565 0 564 364 397 259 60 103 
0 9 565 0 564 365 397 259 60 103 
0 9 565 0 564 366 397 259 60 103 
0 9 565 0 564 367 397 259 60 103 
0 9 565 0 564 368 397 259 60 103 
0 9 565 0 564 369 395 259 60 103 
0 9 565 0 564 370 395 259 60 103 
0 9 565 0 564 371 395 259 60 103 
0 9 565 0 564 372 395 260 60 100 
0 9 565 0 564 373 395 260 60 100 
0 9 565 0 564 374 395 260 60 100 
0 9 565 0 564 375 395 260 60 100 
0 9 565 0 564 376 395 260 60 100 
0 9 565 0 564 377 395 257 60 103 
0 9 565 0 564 378 395 257 60 103 
0 9 565 0 564 379 392 257 62 103 
0 9 565 0 564 380 392 257 62 103 
0 9 565 0 564 381 392 257 62 103 
0 9 565 0 564 382 392 257 62 103 
0 9 565 0 564 383 392 257 62 103 
0 9 565 0 564 384 392 258 62 102 
0 9 565 0 564 385 392 258 62 102 
0 9 565 0 564 386 392 258 62 102 
0 9 565 0 564 387 392 258 62 102 
0 9 565 0 564 388 392 258 62 102 
0 9 565 0 564 389 392 258 60 102 
0 9 565 0 564 390 392 258 60 102 
0 9 565 0 564 391 392 258 60 102 
0 9 565 0 564 392 392 258 60 102 
0 9 565 0 564 393 392 258 60 102 
0 9 565 0 564 394 392 258 60 102 
0 9 565 0 564 395 392 255 60 105 
0 9 565 0 564 396 392 256 60 102 
0 9 565 0 564 397 392 256 60 102 
0 9 565 0 564 398 392 256 60 102 
0 9 565 0 564 399 390 256 60 102 
0 9 565 0 564 400 390 256 60 102 
0 9 565 0 564 401 390 256 60 102 
0 9 565 0 564 402 390 256 60 102 
0 9 565 0 564 403 390 256 60 102 
0 9 565 0 564 404 390 256 60 102 
0 9 565 0 564 405 390 256 60 102 
0 9 565 0 564 406 390 256 60 102 
0 9 565 0 564 407 390 256 60 102 
0 9 565 0 564 408 390 256 60 99 
0 9 565 0 564 409 388 256 60 99 
0 9 565 0 564 410 388 256 60 99 
0 9 565 0 564 411 388 256 60 99 
0 9 565 0 564 412 388 255 60 100 
0 9 565 0 564 413 388 255 60 100 
0 9 565 0 564 414 388 255 60 100 
0 9 565 0 564 415 388 255 60 100 
0 9 565 0 564 416 388 255 60 100 
0 9 565 0 564 417 388 255 60 100 
0 9 565 0 564 418 388 255 60 100 
0 9 565 0 564 419 385 255 62 100 
0 9 565 0 564 420 385 255 62 97 
0 9 565 0 564 421 385 255 62 97 
0 9 565 0 564 422 385 255 62 97 
0 9 565 0 564 423 385 255 62 97 
0 9 565 0 564 424 385 255 62 97 
0 9 565 0 564 425 385 255 62 97 
0 9 565 0 564 426 385 255 62 97 
0 9 565 0 564 427 385 255 62 97 
0 9 565 0 564 428 385 255 62 97 
0 9 565 0 564 429 385 255 60 97 
0 9 565 0 564 430 385 253 60 100 
0 9 565 0 564 431 385 253 60 100 
0 9 565 0 564 432 385 253 60 99 
0 9 565 0 564 433 385 253 60 99 
0 9 565 0 564 434 385 253 60 99 
0 9 565 0 564 435 385 253 60 99 
0 9 565 0 564 436 385 253 60 99 
0 9 565 0 564 437 385 253 60 99 
0 9 565 0 564 438 385 253 60 99 
0 9 565 0 564 439 383 253 60 99 
0 9 565 0 564 440 383 253 60 99 
0 9 565 0 564 441 383 253 60 99 
0 9 565 0 564 442 383 253 60 99 
0 9 565 0 564 443 383 253 60 99 
0 9 565 0 564 444 383 253 60 99 
0 9 565 0 564 445 383 254 60 96 
0 9 565 0 564 446 383 254 60 96 
0 9 565 0 564 447 383 251 60 99 
0 9 565 0 564 448 381 251 60 99 
0 9 565 0 564 449 381 251 60 99 
0 9 565 0 564 450 381 251 60 99 
0 9 565 0 564 451 381 251 60 99 
0 9 565 0 564 452 381 251 60 99 
0 9 565 0 564 453 381 251 60 99 
0 9 565 0 564 454 381 251 60 99 
0 9 565 0 564 455 381 251 60 99 
0 9 565 0 564 456 381 251 60 99 
0 9 565 0 564 457 381 252 60 96 
0 9 565 0 564 458 379 252 60 96 
0 9 565 0 564 459 379 252 60 96 
0 9 565 0 564 460 379 252 60 96 
0 9 565 0 564 461 379 252 60 96 
0 9 565 0 564 462 379 252 60 96 
0 9 565 0 564 463 379 252 60 96 
0 9 565 0 564 464 379 252 60 96 
0 9 565 0 564 465 379 249 60 99 
0 9 565 0 564 466 379 249 60 99 
0 9 565 0 564 467 379 249 60 99 
0 9 565 0 564 468 376 249 62 99 
0 9 565 0 564 469 376 250 62 96 
0 9 565 0 564 470 376 250 62 96 
0 9 565 0 564 471 376 250 62 96 
0 9 565 0 564 472 376 250 62 96 
0 9 565 0 564 473 376 250 62 96 
0 9 565 0 564 474 376 250 62 96 
0 9 565 0 564 475 376 250 62 96 
0 9 565 0 564 476 376 250 62 96 
0 9 565 0 564 477 376 250 62 96 
0 9 565 0 564 478 376 250 60 96 
0 9 565 0 564 479 376 250 60 96 
0 9 565 0 564 480 376 250 60 96 
0 9 565 0 564 481 376 250 60 93 
0 9 565 0 564 482 376 248 60 96 
0 9 565 0 564 483 376 248 60 96 
0 9 565 0 564 484 376 248 60 96 
0 9 565 0 564 485 376 248 60 96 
0 9 565 0 564 486 376 248 60 96 
0 9 565 0 564 487 376 248 60 96 
0 9 565 0 564 488 374 248 60 96 
0 9 565 0 564 489 374 248 60 96 
0 9 565 0 564 490 374 248 60 96 
0 9 565 0 564 491 374 248 60 96 
0 9 565 0 564 492 374 248 60 96 
0 9 565 0 564 493 374 248 60 94 
0 9 565 0 564 494 374 248 60 94 
0 9 565 0 564 495 374 248 60 94 
0 9 565 0 564 496 374 248 60 94 
0 9 565 0 564 497 374 248 60 94 
0 9 565 0 564 498 372 248 60 94 
0 9 565 0 564 499 372 248 60 94 
0 9 565 0 564 500 372 247 60 96 
0 9 565 0 564 501 372 247 60 96 
0 9 565 0 564 502 372 247 60 96 
0 9 565 0 564 503 372 247 60 96 
0 9 565 0 564 504 372 247 60 96 
0 9 565 0 564 505 372 247 60 93 
0 9 565 0 564 506 372 247 60 93 
0 9 565 0 564 507 372 247 60 93 
0 9 565 0 564 508 369 247 62 93 
0 9 565 0 564 509 369 247 62 93 
0 9 565 0 564 510 369 247 62 93 
0 9 565 0 564 511 369 247 62 93 
0 9 565 0 564 512 369 247 62 93 
0 9 565 0 564 513 369 247 62 93 
0 9 565 0 564 514 369 247 62 93 
0 9 565 0 564 515 369 247 62 93 
0 9 565 0 564 516 369 247 62 93 
0 9 565 0 564 517 369 247 62 93 
0 9 565 0 564 518 369 245 60 93 
0 9 565 0 564 519 369 245 60 93 
0 9 565 0 564 520 369 245 60 93 
0 9 565 0 564 521 369 245 60 93 
0 9 565 0 564 522 367 245 60 93 
0 9 565 0 564 523 367 245 60 93 
0 9 565 0 564 524 367 245 60 93 
0 9 565 0 564 525 367 245 60 93 
0 9 565 0 564 526 367 245 60 93 
0 9 565 0 564 527 365 246 60 90 
0 9 565 0 564 528 365 246 60 90 
0 9 565 0 564 529 365 246 60 90 
0 9 565 0 564 530 365 246 60 90 
0 9 565 0 564 531 365 246 60 90 
0 9 565 0 564 532 363 246 60 90 
0 9 565 0 564 533 363 243 60 93 
0 9 565 0 564 534 363 243 60 93 
0 9 565 0 564 535 363 243 60 93 
0 9 565 0 564 536 360 243 62 91 
0 9 565 0 564 537 360 243 62 91 
0 9 565 0 564 538 360 243 62 91 
0 9 565 0 564 539 360 243 62 91 
0 9 565 0 564 540 360 243 62 91 
0 9 565 0 564 541 360 243 60 91 
0 9 565 0 564 542 360 243 60 91 
0 9 565 0 564 543 360 243 60 91 
0 9 565 0 564 544 360 243 60 91 
0 9 565 0 564 545 360 243 60 91 
0 9 565 0 564 546 358 244 60 88 
0 9 565 0 564 547 358 244 60 88 
0 9 565 0 564 548 358 244 60 88 
0 9 565 0 564 549 358 241 60 91 
0 9 565 0 564 550 356 241 60 91 
0 9 565 0 564 551 356 241 60 91 
0 9 565 0 564 552 356 241 60 91 
0 9 565 0 564 553 356 241 60 91 
0 9 565 0 564 554 356 241 60 91 
0 9 565 0 564 555 353 242 62 88 
0 9 565 0 564 556 353 242 62 88 
0 9 565 0 564 557 353 242 62 88 
0 9 565 0 564 558 353 242 62 88 
0 9 565 0 564 559 353 242 62 88 
0 9 565 0 564 560 353 242 60 88 
0 9 565 0 564 561 353 242 60 88 
0 9 565 0 564 562 353 242 60 88 
0 9 565 0 564 563 353 242 60 88 
0 9 565 0 564 564 353 242 60 88 
2 12 82 136 217 136 236 220 92 68 
2 12 82 136 217 137 236 220 92 68 
2 12 82 136 217 138 236 220 92 68 
2 12 82 136 217 139 236 220 92 68 
2 12 82 136 217 140 236 220 92 68 
2 12 82 136 217 141 236 220 92 68 
2 12 82 136 217 142 236 220 92 68 
2 12 82 136 217 143 236 220 92 68 
2 12 82 136 217 144 236 220 92 68 
2 12 82 136 217 145 236 220 92 68 
2 12 82 136 217 146 236 220 92 68 
2 12 82 136 217 147 236 220 92 68 
2 12 82 136 217 148 236 220 92 68 
2 12 82 136 217 149 236 220 92 68 
2 12 82 136 217 150 236 220 92 68 
2 12 82 136 217 151 236 220 92 68 
2 12 82 136 217 152 236 220 92 68 
2 12 82 136 217 153 236 220 92 68 
2 12 82 136 217 154 236 220 92 68 
2 12 82 136 217 155 236 220 92 68 
2 12 82 136 217 156 236 220 92 68 
2 12 82 136 217 157 236 220 92 68 
2 12 82 136 217 158 236 220 92 68 
2 12 82 136 217 159 236 220 92 68 
2 12 82 136 217 160 236 220 92 68 
2 12 82 136 217 161 236 220 92 68 
2 12 82 136 217 162 236 220 92 68 
2 12 82 136 217 163 236 220 92 68 
2 12 82 136 217 164 236 220 92 68 
2 12 82 136 217 165 236 220 92 68 
2 12 82 136 217 166 236 220 92 68 
2 12 82 136 217 167 236 220 92 68 
2 12 82 136 217 168 236 220 92 68 
2 12 82 136 217 169 236 220 92 68 
2 12 82 136 217 170 236 220 92 68 
2 12 82 136 217 171 236 220 92 68 
2 12 82 136 217 172 236 220 92 68 
2 12 82 136 217 173 236 220 92 68 
2 12 82 136 217 174 236 220 92 68 
2 12 82 136 217 175 236 220 92 68 
2 12 82 136 217 176 236 220 92 68 
2 12 82 136 217 177 236 220 92 68 
2 12 82 136 217 178 236 220 92 68 
2 12 82 136 217 179 236 220 92 68 
2 12 82 136 217 180 236 220 92 68 
2 12 82 136 217 181 236 220 92 68 
2 12 82 136 217 182 236 220 92 68 
2 12 82 136 217 183 236 220 92 68 
2 12 82 136 217 184 236 220 92 68 
2 12 82 136 217 185 236 220 92 68 
2 12 82 136 217 186 236 220 92 68 
2 12 82 136 217 187 236 220 92 68 
2 12 82 136 217 188 236 220 92 68 
2 12 82 136 217 189 236 220 92 68 
2 12 82 136 217 190 236 220 92 68 
2 12 82 136 217 191 236 220 92 68 
2 12 82 136 217 192 236 220 92 68 
2 12 82 136 217 193 236 220 92 68 
2 12 82 136 217 194 236 220 92 68 
2 12 82 136 217 195 236 220 92 68 
2 12 82 136 217 196 236 220 92 68 
2 12 82 136 217 197 236 220 92 68 
2 12 82 136 217 198 236 220 92 68 
2 12 82 136 217 199 236 220 92 68 
2 12 82 136 217 200 236 220 92 68 
2 12 82 136 217 201 236 220 92 68 
2 12 82 136 217 202 236 220 92 68 
2 12 82 136 217 203 236 220 92 68 
2 12 82 136 217 204 236 220 92 68 
2 12 82 136 217 205 236 220 92 68 
2 12 82 136 217 206 236 220 92 68 
2 12 82 136 217 207 236 220 92 68 
2 12 82 136 217 208 236 220 92 68 
2 12 82 136 217 209 236 220 92 68 
2 12 82 136 217 210 236 220 92 68 
2 12 82 136 217 211 236 220 92 68 
2 12 82 136 217 212 236 220 92 68 
2 12 82 136 217 213 236 220 92 68 
2 12 82 136 217 214 236 220 92 68 
2 12 82 136 217 215 236 220 92 68 
2 12 82 136 217 216 236 220 92 68 
2 12 82 136 217 217 236 220 92 68 
3 12 52 166 217 166 253 217 62 69 
3 12 52 166 217 167 253 217 62 69 
3 12 52 166 217 168 253 217 62 69 
3 12 52 166 217 169 253 217 62 69 
3 12 52 166 217 170 253 217 62 69 
3 12 52 166 217 171 253 217 62 69 
3 12 52 166 217 172 253 217 62 69 
3 12 52 166 217 173 253 217 62 69 
3 12 52 166 217 174 253 217 62 69 
3 12 52 166 217 175 253 217 62 69 
3 12 52 166 217 176 253 217 62 69 
3 12 52 166 217 177 253 217 62 69 
3 12 52 166 217 178 253 217 62 69 
3 12 52 166 217 179 253 217 62 69 
3 12 52 166 217 180 253 217 62 69 
3 12 52 166 217 181 253 217 62 69 
3 12 52 166 217 182 253 217 62 69 
3 12 52 166 217 183 253 217 62 69 
3 12 52 166 217 184 253 217 62 69 
3 12 52 166 217 185 253 217 62 69 
3 12 52 166 217 186 253 217 62 69 
3 12 52 166 217 187 253 217 62 69 
3 12 52 166 217 188 253 217 62 69 
3 12 52 166 217 189 253 217 62 69 
3 12 52 166 217 190 253 217 62 69 
3 12 52 166 217 191 253 217 62 69 
3 12 52 166 217 192 253 217 62 69 
3 12 52 166 217 193 253 217 62 69 
3 12 52 166 217 194 253 217 62 69 
3 12 52 166 217 195 253 217 62 69 
3 12 52 166 217 196 253 217 62 69 
3 12 52 166 217 197 253 217 62 69 
3 12 52 166 217 198 253 217 62 69 
3 12 52 166 217 199 253 217 62 69 
3 12 52 166 217 200 253 217 62 69 
3 12 52 166 217 201 253 217 62 69 
3 12 52 166 217 202 253 217 62 69 
3 12 52 166 217 203 253 217 62 69 
3 12 52 166 217 204 253 217 62 69 
3 12 52 166 217 205 253 217 62 69 
3 12 52 166 217 206 253 217 62 69 
3 12 52 166 217 207 253 217 62 69 
3 12 52 166 217 208 253 217 62 69 
3 12 52 166 217 209 253 217 62 69 
3 12 52 166 217 210 253 217 62 69 
3 12 52 166 217 211 253 217 62 69 
3 12 52 166 217 212 253 217 62 69 
3 12 52 166 217 213 253 217 62 69 
3 12 52 166 217 214 253 217 62 69 
3 12 52 166 217 215 253 217 62 69 
3 12 52 166 217 216 253 217 62 69 
3 12 52 166 217 217 253 217 62 69 
