4 9 258 45 302 45 0 301 96 151 
4 9 258 45 302 46 3 301 100 154 
4 9 258 45 302 47 7 301 98 154 
4 9 258 45 302 48 12 302 100 156 
4 9 258 45 302 49 15 302 100 156 
4 9 258 45 302 50 21 304 100 154 
4 9 258 45 302 51 24 304 100 154 
4 9 258 45 302 52 30 303 98 157 
4 9 258 45 302 53 33 306 100 154 
4 9 258 45 302 54 39 305 98 157 
4 9 258 45 302 55 42 308 100 154 
4 9 258 45 302 56 47 307 100 157 
4 9 258 45 302 57 51 307 100 157 
4 9 258 45 302 58 56 310 100 156 
4 9 258 45 302 59 60 310 100 156 
4 9 258 45 302 60 65 310 100 157 
4 9 258 45 302 61 69 310 100 157 
4 9 258 45 302 62 74 310 100 157 
4 9 258 45 302 63 78 310 98 157 
4 9 258 45 302 64 83 310 100 157 
4 9 258 45 302 65 87 310 98 157 
4 9 258 45 302 66 92 310 100 157 
4 9 258 45 302 67 95 310 100 157 
4 9 258 45 302 68 101 310 100 157 
4 9 258 45 302 69 104 310 100 157 
4 9 258 45 302 70 110 310 98 157 
4 9 258 45 302 71 115 310 100 157 
4 9 258 45 302 72 119 310 98 157 
4 9 258 45 302 73 124 310 100 157 
4 9 258 45 302 74 127 310 100 157 
4 9 258 45 302 75 133 310 100 157 
4 9 258 45 302 76 136 310 100 157 
4 9 258 45 302 77 142 310 98 157 
4 9 258 45 302 78 145 310 100 157 
4 9 258 45 302 79 151 310 98 157 
4 9 258 45 302 80 156 312 100 157 
4 9 258 45 302 81 159 312 100 157 
4 9 258 45 302 82 163 312 100 157 
4 9 258 45 302 83 167 312 98 157 
4 9 258 45 302 84 170 312 100 157 
4 9 258 45 302 85 174 312 98 157 
4 9 258 45 302 86 177 312 100 157 
4 9 258 45 302 87 183 312 98 157 
4 9 258 45 302 88 186 312 100 157 
4 9 258 45 302 89 190 312 98 157 
4 9 258 45 302 90 193 312 100 157 
4 9 258 45 302 91 197 312 100 157 
4 9 258 45 302 92 200 312 100 157 
4 9 258 45 302 93 204 312 100 157 
4 9 258 45 302 94 209 312 100 157 
4 9 258 45 302 95 213 312 100 157 
4 9 258 45 302 96 216 312 100 157 
4 9 258 45 302 97 220 312 100 157 
4 9 258 45 302 98 223 312 100 157 
4 9 258 45 302 99 227 312 100 157 
4 9 258 45 302 100 232 312 100 157 
4 9 258 45 302 101 234 310 100 157 
4 9 258 45 302 102 238 310 98 157 
4 9 258 45 302 103 241 310 100 157 
4 9 258 45 302 104 245 310 100 157 
4 9 258 45 302 105 248 310 100 157 
4 9 258 45 302 106 252 310 100 157 
4 9 258 45 302 107 255 310 100 157 
4 9 258 45 302 108 259 310 100 156 
4 9 258 45 302 109 263 310 98 156 
4 9 258 45 302 110 266 310 100 156 
4 9 258 45 302 111 270 310 98 156 
4 9 258 45 302 112 273 310 100 156 
4 9 258 45 302 113 277 310 100 156 
4 9 258 45 302 114 280 310 100 156 
4 9 258 45 302 115 284 310 100 156 
4 9 258 45 302 116 287 307 100 157 
4 9 258 45 302 117 291 307 100 157 
4 9 258 45 302 118 295 307 98 157 
4 9 258 45 302 119 298 307 100 157 
4 9 258 45 302 120 302 307 98 157 
4 9 258 45 302 121 305 307 100 157 
4 9 258 45 302 122 309 307 100 157 
4 9 258 45 302 123 312 305 100 157 
4 9 258 45 302 124 316 305 100 157 
4 9 258 45 302 125 319 305 100 157 
4 9 258 45 302 126 323 305 100 157 
4 9 258 45 302 127 327 305 98 157 
4 9 258 45 302 128 330 305 100 157 
4 9 258 45 302 129 334 305 98 157 
4 9 258 45 302 130 337 305 100 157 
4 9 258 45 302 131 341 305 100 157 
4 9 258 45 302 132 344 305 100 157 
4 9 258 45 302 133 348 305 100 157 
4 9 258 45 302 134 353 305 100 157 
4 9 258 45 302 135 357 305 100 157 
4 9 258 45 302 136 360 305 100 157 
4 9 258 45 302 137 366 305 98 157 
4 9 258 45 302 138 369 305 100 157 
4 9 258 45 302 139 373 305 100 157 
4 9 258 45 302 140 378 305 100 157 
4 9 258 45 302 141 382 305 98 157 
4 9 258 45 302 142 385 305 100 157 
4 9 258 45 302 143 389 305 100 157 
4 9 258 45 302 144 394 305 100 157 
4 9 258 45 302 145 398 305 98 157 
4 9 258 45 302 146 401 305 100 157 
4 9 258 45 302 147 407 305 98 157 
4 9 258 45 302 148 410 305 100 157 
4 9 258 45 302 149 414 305 98 157 
4 9 258 45 302 150 419 305 100 157 
4 9 258 45 302 151 421 306 100 154 
4 9 258 45 302 152 423 306 98 154 
4 9 258 45 302 153 427 306 96 154 
4 9 258 45 302 154 429 306 96 151 
4 9 258 45 302 155 432 306 96 151 
4 9 258 45 302 156 434 306 96 151 
4 9 258 45 302 157 439 307 92 150 
4 9 258 45 302 158 441 307 92 150 
4 9 258 45 302 159 444 307 90 150 
4 9 258 45 302 160 446 307 92 150 
4 9 258 45 302 161 448 307 92 147 
4 9 258 45 302 162 451 307 90 147 
4 9 258 45 302 163 454 307 88 147 
4 9 258 45 302 164 459 308 84 144 
4 9 258 45 302 165 458 308 90 144 
4 9 258 45 302 166 463 308 86 144 
4 9 258 45 302 167 466 308 84 141 
4 9 258 45 302 168 469 308 82 141 
4 9 258 45 302 169 471 308 82 141 
4 9 258 45 302 170 476 308 80 141 
4 9 258 45 302 171 476 306 82 141 
4 9 258 45 302 172 480 306 82 141 
4 9 258 45 302 173 483 306 82 141 
4 9 258 45 302 174 487 306 82 141 
4 9 258 45 302 175 492 306 80 141 
4 9 258 45 302 176 492 306 82 141 
4 9 258 45 302 177 496 306 82 141 
4 9 258 45 302 178 499 306 82 141 
4 9 258 45 302 179 503 306 82 141 
4 9 258 45 302 180 508 306 80 141 
4 9 258 45 302 181 508 306 82 141 
4 9 258 45 302 182 512 306 82 141 
4 9 258 45 302 183 515 306 82 141 
4 9 258 45 302 184 519 306 82 141 
4 9 258 45 302 185 524 306 80 141 
4 9 258 45 302 186 524 306 82 141 
4 9 258 45 302 187 528 306 82 141 
4 9 258 45 302 188 531 306 82 141 
4 9 258 45 302 189 535 306 82 141 
4 9 258 45 302 190 540 306 80 141 
4 9 258 45 302 191 540 304 82 142 
4 9 258 45 302 192 544 304 82 142 
4 9 258 45 302 193 546 304 82 142 
4 9 258 45 302 194 549 304 82 142 
4 9 258 45 302 195 551 304 82 142 
4 9 258 45 302 196 556 304 80 142 
4 9 258 45 302 197 556 304 82 142 
4 9 258 45 302 198 560 304 82 142 
4 9 258 45 302 199 562 304 82 142 
4 9 258 45 302 200 565 304 82 142 
4 9 258 45 302 201 567 303 82 141 
4 9 258 45 302 202 572 303 80 141 
4 9 258 45 302 203 572 303 82 141 
4 9 258 45 302 204 576 303 82 141 
4 9 258 45 302 205 578 303 82 141 
4 9 258 45 302 206 581 303 82 141 
4 9 258 45 302 207 583 303 82 141 
4 9 258 45 302 208 588 303 80 141 
4 9 258 45 302 209 588 303 82 141 
4 9 258 45 302 210 592 303 82 141 
4 9 258 45 302 211 594 303 82 141 
4 9 258 45 302 212 597 303 82 141 
4 9 258 45 302 213 599 303 82 141 
4 9 258 45 302 214 604 303 80 141 
4 9 258 45 302 215 604 303 82 141 
4 9 258 45 302 216 608 303 82 141 
4 9 258 45 302 217 610 303 82 141 
4 9 258 45 302 218 613 303 82 141 
4 9 258 45 302 219 615 303 82 141 
4 9 258 45 302 220 620 303 80 141 
4 9 258 45 302 221 620 303 82 141 
4 9 258 45 302 222 624 303 82 141 
4 9 258 45 302 223 626 303 82 141 
4 9 258 45 302 224 629 303 82 141 
4 9 258 45 302 225 631 303 82 141 
4 9 258 45 302 226 636 303 80 141 
4 9 258 45 302 227 636 303 82 141 
4 9 258 45 302 228 640 303 82 141 
4 9 258 45 302 229 642 303 82 141 
4 9 258 45 302 230 645 303 82 141 
4 9 258 45 302 231 647 301 82 141 
4 9 258 45 302 232 649 301 82 141 
4 9 258 45 302 233 652 301 80 141 
4 9 258 45 302 234 652 301 82 141 
4 9 258 45 302 235 654 301 82 141 
4 9 258 45 302 236 656 301 82 141 
4 9 258 45 302 237 659 299 82 141 
4 9 258 45 302 238 661 299 82 141 
4 9 258 45 302 239 663 299 82 141 
4 9 258 45 302 240 665 299 82 141 
4 9 258 45 302 241 668 299 80 141 
4 9 258 45 302 242 668 299 82 141 
4 9 258 45 302 243 670 299 82 141 
4 9 258 45 302 244 674 297 82 142 
4 9 258 45 302 245 675 297 82 142 
4 9 258 45 302 246 677 297 82 142 
4 9 258 45 302 247 679 297 82 142 
4 9 258 45 302 248 681 297 82 142 
4 9 258 45 302 249 684 297 80 142 
4 9 258 45 302 250 686 297 82 142 
4 9 258 45 302 251 686 297 82 142 
4 9 258 45 302 252 686 297 82 142 
4 9 258 45 302 253 688 297 82 142 
4 9 258 45 302 254 688 297 82 142 
4 9 258 45 302 255 688 297 82 142 
4 9 258 45 302 256 690 297 82 142 
4 9 258 45 302 257 690 297 82 142 
4 9 258 45 302 258 690 297 82 142 
4 9 258 45 302 259 691 297 82 142 
4 9 258 45 302 260 691 297 82 142 
4 9 258 45 302 261 691 297 82 142 
4 9 258 45 302 262 693 297 82 142 
4 9 258 45 302 263 693 297 82 142 
4 9 258 45 302 264 693 297 82 142 
4 9 258 45 302 265 695 297 82 142 
4 9 258 45 302 266 695 297 82 142 
4 9 258 45 302 267 695 297 82 142 
4 9 258 45 302 268 697 297 82 142 
4 9 258 45 302 269 697 297 82 142 
4 9 258 45 302 270 700 297 80 142 
4 9 258 45 302 271 700 296 80 141 
4 9 258 45 302 272 700 296 80 141 
4 9 258 45 302 273 700 296 82 141 
4 9 258 45 302 274 700 296 82 141 
4 9 258 45 302 275 702 296 82 141 
4 9 258 45 302 276 702 296 82 141 
4 9 258 45 302 277 702 296 82 141 
4 9 258 45 302 278 704 296 82 141 
4 9 258 45 302 279 704 296 82 141 
4 9 258 45 302 280 706 296 82 141 
4 9 258 45 302 281 706 296 82 141 
4 9 258 45 302 282 706 296 82 141 
4 9 258 45 302 283 706 296 82 141 
4 9 258 45 302 284 706 296 82 141 
4 9 258 45 302 285 706 296 82 141 
4 9 258 45 302 286 706 296 82 141 
4 9 258 45 302 287 706 296 82 141 
4 9 258 45 302 288 706 296 82 141 
4 9 258 45 302 289 706 296 82 141 
4 9 258 45 302 290 707 296 82 141 
4 9 258 45 302 291 707 296 82 141 
4 9 258 45 302 292 707 296 82 141 
4 9 258 45 302 293 707 296 82 141 
4 9 258 45 302 294 707 296 82 141 
4 9 258 45 302 295 707 296 82 141 
4 9 258 45 302 296 707 296 82 141 
4 9 258 45 302 297 707 296 82 141 
4 9 258 45 302 298 707 296 82 141 
4 9 258 45 302 299 707 296 82 141 
4 9 258 45 302 300 709 296 82 141 
4 9 258 45 302 301 709 296 82 141 
4 9 258 45 302 302 709 296 82 141 
5 11 91 247 337 247 131 296 683 173 
5 11 91 247 337 248 131 296 683 173 
5 11 91 247 337 249 131 296 683 173 
5 11 91 247 337 250 131 296 683 173 
5 11 91 247 337 251 131 296 683 173 
5 11 91 247 337 252 131 296 683 173 
5 11 91 247 337 253 131 296 683 173 
5 11 91 247 337 254 131 296 683 173 
5 11 91 247 337 255 131 296 683 173 
5 11 91 247 337 256 131 296 683 173 
5 11 91 247 337 257 131 296 683 173 
5 11 91 247 337 258 131 296 683 173 
5 11 91 247 337 259 131 296 683 173 
5 11 91 247 337 260 131 296 683 173 
5 11 91 247 337 261 131 296 683 173 
5 11 91 247 337 262 131 296 683 173 
5 11 91 247 337 263 131 296 683 173 
5 11 91 247 337 264 131 296 683 173 
5 11 91 247 337 265 131 296 683 173 
5 11 91 247 337 266 131 296 683 173 
5 11 91 247 337 267 131 296 683 173 
5 11 91 247 337 268 131 296 683 173 
5 11 91 247 337 269 131 296 683 173 
5 11 91 247 337 270 131 296 683 173 
5 11 91 247 337 271 131 296 683 173 
5 11 91 247 337 272 131 296 683 173 
5 11 91 247 337 273 131 296 683 173 
5 11 91 247 337 274 131 296 683 173 
5 11 91 247 337 275 131 296 683 173 
5 11 91 247 337 276 131 296 683 173 
5 11 91 247 337 277 131 296 683 173 
5 11 91 247 337 278 131 296 683 173 
5 11 91 247 337 279 131 296 683 173 
5 11 91 247 337 280 131 296 683 173 
5 11 91 247 337 281 131 296 683 173 
5 11 91 247 337 282 131 296 683 173 
5 11 91 247 337 283 131 296 683 173 
5 11 91 247 337 284 131 296 683 173 
5 11 91 247 337 285 131 296 683 173 
5 11 91 247 337 286 131 296 683 173 
5 11 91 247 337 287 131 296 683 173 
5 11 91 247 337 288 131 296 683 173 
5 11 91 247 337 289 131 296 683 173 
5 11 91 247 337 290 131 296 683 173 
5 11 91 247 337 291 131 296 683 173 
5 11 91 247 337 292 131 296 683 173 
5 11 91 247 337 293 131 296 683 173 
5 11 91 247 337 294 131 296 683 173 
5 11 91 247 337 295 131 296 683 173 
5 11 91 247 337 296 131 296 683 173 
5 11 91 247 337 297 131 296 683 173 
5 11 91 247 337 298 131 296 683 173 
5 11 91 247 337 299 131 296 683 173 
5 11 91 247 337 300 131 296 683 173 
5 11 91 247 337 301 131 296 683 173 
5 11 91 247 337 302 131 296 683 173 
5 11 91 247 337 303 131 296 683 173 
5 11 91 247 337 304 131 296 683 173 
5 11 91 247 337 305 131 296 683 173 
5 11 91 247 337 306 131 296 683 173 
5 11 91 247 337 307 131 296 683 173 
5 11 91 247 337 308 131 296 683 173 
5 11 91 247 337 309 131 296 683 173 
5 11 91 247 337 310 131 296 683 173 
5 11 91 247 337 311 131 296 683 173 
5 11 91 247 337 312 131 296 683 173 
5 11 91 247 337 313 131 296 683 173 
5 11 91 247 337 314 131 296 683 173 
5 11 91 247 337 315 131 296 683 173 
5 11 91 247 337 316 131 296 683 173 
5 11 91 247 337 317 131 296 683 173 
5 11 91 247 337 318 131 296 683 173 
5 11 91 247 337 319 131 296 683 173 
5 11 91 247 337 320 131 296 683 173 
5 11 91 247 337 321 131 296 683 173 
5 11 91 247 337 322 131 296 683 173 
5 11 91 247 337 323 131 296 683 173 
5 11 91 247 337 324 131 296 683 173 
5 11 91 247 337 325 131 296 683 173 
5 11 91 247 337 326 131 296 683 173 
5 11 91 247 337 327 131 296 683 173 
5 11 91 247 337 328 131 296 683 173 
5 11 91 247 337 329 131 296 683 173 
5 11 91 247 337 330 131 296 683 173 
5 11 91 247 337 331 131 296 683 173 
5 11 91 247 337 332 131 296 683 173 
5 11 91 247 337 333 131 296 683 173 
5 11 91 247 337 334 131 296 683 173 
5 11 91 247 337 335 131 296 683 173 
5 11 91 247 337 336 131 296 683 173 
5 11 91 247 337 337 131 296 683 173 
6 9 531 0 530 0 247 226 54 84 
6 9 531 0 530 1 247 226 54 84 
6 9 531 0 530 2 247 226 54 84 
6 9 531 0 530 3 247 226 54 84 
6 9 531 0 530 4 247 226 54 84 
6 9 531 0 530 5 247 226 54 84 
6 9 531 0 530 6 247 226 54 84 
6 9 531 0 530 7 247 226 54 84 
6 9 531 0 530 8 247 226 54 84 
6 9 531 0 530 9 247 226 54 84 
6 9 531 0 530 10 247 226 54 84 
6 9 531 0 530 11 247 226 54 84 
6 9 531 0 530 12 247 226 54 84 
6 9 531 0 530 13 247 226 54 84 
6 9 531 0 530 14 247 226 54 84 
6 9 531 0 530 15 247 226 54 84 
6 9 531 0 530 16 247 226 54 84 
6 9 531 0 530 17 247 226 54 84 
6 9 531 0 530 18 247 226 54 84 
6 9 531 0 530 19 247 226 54 84 
6 9 531 0 530 20 247 226 54 84 
6 9 531 0 530 21 247 226 54 84 
6 9 531 0 530 22 247 226 54 84 
6 9 531 0 530 23 247 226 54 84 
6 9 531 0 530 24 247 226 54 84 
6 9 531 0 530 25 250 226 52 84 
6 9 531 0 530 26 250 226 52 84 
6 9 531 0 530 27 250 226 52 84 
6 9 531 0 530 28 250 226 52 84 
6 9 531 0 530 29 250 226 52 84 
6 9 531 0 530 30 250 226 52 84 
6 9 531 0 530 31 250 226 52 84 
6 9 531 0 530 32 250 226 52 84 
6 9 531 0 530 33 250 226 52 84 
6 9 531 0 530 34 250 226 52 84 
6 9 531 0 530 35 250 226 52 84 
6 9 531 0 530 36 250 226 52 84 
6 9 531 0 530 37 250 226 52 84 
6 9 531 0 530 38 250 226 52 84 
6 9 531 0 530 39 250 226 52 84 
6 9 531 0 530 40 250 226 52 84 
6 9 531 0 530 41 250 226 52 84 
6 9 531 0 530 42 250 226 52 84 
6 9 531 0 530 43 250 226 52 84 
6 9 531 0 530 44 250 226 52 84 
6 9 531 0 530 45 250 226 52 84 
6 9 531 0 530 46 250 226 52 84 
6 9 531 0 530 47 250 226 52 84 
6 9 531 0 530 48 250 226 52 84 
6 9 531 0 530 49 250 226 52 84 
6 9 531 0 530 50 250 226 54 84 
6 9 531 0 530 51 250 226 54 84 
6 9 531 0 530 52 250 226 54 84 
6 9 531 0 530 53 250 226 54 84 
6 9 531 0 530 54 250 226 54 84 
6 9 531 0 530 55 250 226 54 84 
6 9 531 0 530 56 250 226 54 84 
6 9 531 0 530 57 250 226 54 84 
6 9 531 0 530 58 250 226 54 84 
6 9 531 0 530 59 250 226 54 84 
6 9 531 0 530 60 250 226 54 84 
6 9 531 0 530 61 250 226 54 84 
6 9 531 0 530 62 250 226 54 84 
6 9 531 0 530 63 250 226 54 84 
6 9 531 0 530 64 250 226 54 84 
6 9 531 0 530 65 252 226 54 84 
6 9 531 0 530 66 252 226 54 84 
6 9 531 0 530 67 252 226 54 84 
6 9 531 0 530 68 252 226 54 84 
6 9 531 0 530 69 252 226 54 84 
6 9 531 0 530 70 252 226 54 84 
6 9 531 0 530 71 252 226 54 84 
6 9 531 0 530 72 252 226 54 84 
6 9 531 0 530 73 252 226 54 84 
6 9 531 0 530 74 252 226 54 84 
6 9 531 0 530 75 252 226 54 84 
6 9 531 0 530 76 252 226 54 84 
6 9 531 0 530 77 252 226 54 84 
6 9 531 0 530 78 252 226 54 84 
6 9 531 0 530 79 252 226 54 84 
6 9 531 0 530 80 254 226 54 84 
6 9 531 0 530 81 254 226 54 84 
6 9 531 0 530 82 254 226 54 84 
6 9 531 0 530 83 254 226 54 84 
6 9 531 0 530 84 254 226 54 84 
6 9 531 0 530 85 254 226 54 84 
6 9 531 0 530 86 254 226 54 84 
6 9 531 0 530 87 254 226 54 84 
6 9 531 0 530 88 254 226 54 84 
6 9 531 0 530 89 254 226 54 84 
6 9 531 0 530 90 254 226 54 84 
6 9 531 0 530 91 254 226 54 84 
6 9 531 0 530 92 254 226 54 84 
6 9 531 0 530 93 254 226 54 84 
6 9 531 0 530 94 254 226 54 84 
6 9 531 0 530 95 257 226 52 84 
6 9 531 0 530 96 257 226 52 84 
6 9 531 0 530 97 257 226 52 84 
6 9 531 0 530 98 257 226 52 84 
6 9 531 0 530 99 257 226 52 84 
6 9 531 0 530 100 257 226 52 84 
6 9 531 0 530 101 257 226 52 84 
6 9 531 0 530 102 257 226 52 84 
6 9 531 0 530 103 257 226 52 84 
6 9 531 0 530 104 257 226 52 84 
6 9 531 0 530 105 257 226 52 84 
6 9 531 0 530 106 257 226 52 84 
6 9 531 0 530 107 257 226 52 84 
6 9 531 0 530 108 257 226 52 84 
6 9 531 0 530 109 257 226 52 84 
6 9 531 0 530 110 259 226 52 84 
6 9 531 0 530 111 259 226 52 84 
6 9 531 0 530 112 259 226 52 84 
6 9 531 0 530 113 259 226 52 84 
6 9 531 0 530 114 259 226 52 84 
6 9 531 0 530 115 259 226 52 84 
6 9 531 0 530 116 259 226 52 84 
6 9 531 0 530 117 259 226 52 84 
6 9 531 0 530 118 259 226 52 84 
6 9 531 0 530 119 259 226 52 84 
6 9 531 0 530 120 259 226 52 84 
6 9 531 0 530 121 259 226 52 84 
6 9 531 0 530 122 259 226 52 84 
6 9 531 0 530 123 259 226 52 84 
6 9 531 0 530 124 259 226 54 84 
6 9 531 0 530 125 259 226 54 84 
6 9 531 0 530 126 259 226 54 84 
6 9 531 0 530 127 259 226 54 84 
6 9 531 0 530 128 259 226 54 84 
6 9 531 0 530 129 259 226 54 84 
6 9 531 0 530 130 259 226 54 85 
6 9 531 0 530 131 259 226 54 85 
6 9 531 0 530 132 259 226 54 85 
6 9 531 0 530 133 259 226 54 85 
6 9 531 0 530 134 259 226 54 85 
6 9 531 0 530 135 259 226 54 85 
6 9 531 0 530 136 259 226 54 85 
6 9 531 0 530 137 261 226 54 85 
6 9 531 0 530 138 261 226 54 85 
6 9 531 0 530 139 261 226 54 85 
6 9 531 0 530 140 261 226 54 85 
6 9 531 0 530 141 261 226 54 85 
6 9 531 0 530 142 261 226 54 85 
6 9 531 0 530 143 261 226 54 85 
6 9 531 0 530 144 261 226 54 85 
6 9 531 0 530 145 261 226 54 85 
6 9 531 0 530 146 261 226 54 85 
6 9 531 0 530 147 261 226 54 85 
6 9 531 0 530 148 261 226 54 85 
6 9 531 0 530 149 261 226 54 85 
6 9 531 0 530 150 263 228 54 85 
6 9 531 0 530 151 263 228 54 85 
6 9 531 0 530 152 263 228 54 85 
6 9 531 0 530 153 263 228 54 85 
6 9 531 0 530 154 263 228 54 85 
6 9 531 0 530 155 263 228 54 85 
6 9 531 0 530 156 266 228 52 85 
6 9 531 0 530 157 266 228 52 85 
6 9 531 0 530 158 266 228 52 85 
6 9 531 0 530 159 266 228 52 85 
6 9 531 0 530 160 266 228 52 85 
6 9 531 0 530 161 266 228 52 85 
6 9 531 0 530 162 266 228 54 85 
6 9 531 0 530 163 266 230 54 85 
6 9 531 0 530 164 266 230 54 85 
6 9 531 0 530 165 266 230 54 85 
6 9 531 0 530 166 266 230 54 85 
6 9 531 0 530 167 268 230 54 85 
6 9 531 0 530 168 268 230 54 85 
6 9 531 0 530 169 268 230 54 85 
6 9 531 0 530 170 268 230 54 85 
6 9 531 0 530 171 268 230 54 85 
6 9 531 0 530 172 268 230 54 85 
6 9 531 0 530 173 270 230 54 85 
6 9 531 0 530 174 270 230 54 85 
6 9 531 0 530 175 270 232 54 85 
6 9 531 0 530 176 270 232 54 85 
6 9 531 0 530 177 270 232 54 85 
6 9 531 0 530 178 273 232 52 85 
6 9 531 0 530 179 273 232 52 85 
6 9 531 0 530 180 273 232 52 85 
6 9 531 0 530 181 273 232 52 85 
6 9 531 0 530 182 273 232 52 85 
6 9 531 0 530 183 273 232 52 85 
6 9 531 0 530 184 275 232 52 85 
6 9 531 0 530 185 275 232 52 85 
6 9 531 0 530 186 275 232 52 85 
6 9 531 0 530 187 275 232 52 85 
6 9 531 0 530 188 275 233 52 85 
6 9 531 0 530 189 275 233 54 85 
6 9 531 0 530 190 275 233 54 85 
6 9 531 0 530 191 275 233 54 85 
6 9 531 0 530 192 275 233 54 85 
6 9 531 0 530 193 275 233 54 85 
6 9 531 0 530 194 275 233 54 85 
6 9 531 0 530 195 277 233 54 85 
6 9 531 0 530 196 277 233 54 85 
6 9 531 0 530 197 277 233 54 85 
6 9 531 0 530 198 277 233 54 85 
6 9 531 0 530 199 277 233 54 85 
6 9 531 0 530 200 279 235 54 85 
6 9 531 0 530 201 279 235 54 85 
6 9 531 0 530 202 279 235 54 85 
6 9 531 0 530 203 279 235 54 85 
6 9 531 0 530 204 279 235 54 85 
6 9 531 0 530 205 279 235 54 85 
6 9 531 0 530 206 279 235 54 85 
6 9 531 0 530 207 279 235 54 85 
6 9 531 0 530 208 279 235 54 85 
6 9 531 0 530 209 279 235 54 85 
6 9 531 0 530 210 282 235 52 85 
6 9 531 0 530 211 282 235 52 85 
6 9 531 0 530 212 282 235 52 85 
6 9 531 0 530 213 282 235 52 85 
6 9 531 0 530 214 282 235 52 85 
6 9 531 0 530 215 282 235 52 85 
6 9 531 0 530 216 282 235 52 85 
6 9 531 0 530 217 282 235 52 85 
6 9 531 0 530 218 282 235 52 85 
6 9 531 0 530 219 282 235 52 85 
6 9 531 0 530 220 282 235 54 85 
6 9 531 0 530 221 282 235 54 85 
6 9 531 0 530 222 282 235 54 85 
6 9 531 0 530 223 282 235 54 85 
6 9 531 0 530 224 282 235 54 85 
6 9 531 0 530 225 282 237 54 85 
6 9 531 0 530 226 282 237 54 85 
6 9 531 0 530 227 282 237 54 85 
6 9 531 0 530 228 282 237 54 85 
6 9 531 0 530 229 282 237 54 85 
6 9 531 0 530 230 284 237 54 85 
6 9 531 0 530 231 284 237 54 85 
6 9 531 0 530 232 284 237 54 85 
6 9 531 0 530 233 284 237 54 85 
6 9 531 0 530 234 284 237 54 85 
6 9 531 0 530 235 284 237 54 85 
6 9 531 0 530 236 284 237 54 85 
6 9 531 0 530 237 284 237 54 85 
6 9 531 0 530 238 284 237 54 85 
6 9 531 0 530 239 284 237 54 85 
6 9 531 0 530 240 286 237 54 85 
6 9 531 0 530 241 286 237 54 85 
6 9 531 0 530 242 286 237 54 85 
6 9 531 0 530 243 286 237 54 85 
6 9 531 0 530 244 286 237 54 85 
6 9 531 0 530 245 286 237 54 85 
6 9 531 0 530 246 286 237 54 85 
6 9 531 0 530 247 286 237 54 85 
6 9 531 0 530 248 286 237 54 85 
6 9 531 0 530 249 286 237 54 85 
6 9 531 0 530 250 289 239 52 85 
6 9 531 0 530 251 289 239 52 85 
6 9 531 0 530 252 289 239 52 85 
6 9 531 0 530 253 289 239 52 85 
6 9 531 0 530 254 289 239 52 85 
6 9 531 0 530 255 289 239 52 85 
6 9 531 0 530 256 289 239 52 85 
6 9 531 0 530 257 289 239 52 85 
6 9 531 0 530 258 291 239 52 85 
6 9 531 0 530 259 291 239 52 85 
6 9 531 0 530 260 291 239 52 85 
6 9 531 0 530 261 291 239 52 85 
6 9 531 0 530 262 291 239 52 85 
6 9 531 0 530 263 291 239 52 85 
6 9 531 0 530 264 291 239 52 85 
6 9 531 0 530 265 291 239 52 85 
6 9 531 0 530 266 291 239 54 85 
6 9 531 0 530 267 291 239 54 85 
6 9 531 0 530 268 291 239 54 85 
6 9 531 0 530 269 291 239 54 85 
6 9 531 0 530 270 291 239 54 85 
6 9 531 0 530 271 291 239 54 85 
6 9 531 0 530 272 291 239 54 85 
6 9 531 0 530 273 291 239 54 85 
6 9 531 0 530 274 293 239 54 85 
6 9 531 0 530 275 293 239 54 85 
6 9 531 0 530 276 293 239 54 85 
6 9 531 0 530 277 293 239 54 85 
6 9 531 0 530 278 293 239 54 85 
6 9 531 0 530 279 293 239 54 85 
6 9 531 0 530 280 293 239 54 85 
6 9 531 0 530 281 293 239 54 85 
6 9 531 0 530 282 295 239 54 85 
6 9 531 0 530 283 295 239 54 85 
6 9 531 0 530 284 295 239 54 85 
6 9 531 0 530 285 295 239 54 85 
6 9 531 0 530 286 295 239 54 85 
6 9 531 0 530 287 295 239 54 85 
6 9 531 0 530 288 295 239 54 85 
6 9 531 0 530 289 295 239 54 85 
6 9 531 0 530 290 298 242 52 84 
6 9 531 0 530 291 298 242 52 84 
6 9 531 0 530 292 298 242 52 84 
6 9 531 0 530 293 298 242 52 84 
6 9 531 0 530 294 298 242 52 84 
6 9 531 0 530 295 298 242 54 84 
6 9 531 0 530 296 298 242 54 84 
6 9 531 0 530 297 298 242 54 84 
6 9 531 0 530 298 298 242 54 84 
6 9 531 0 530 299 298 242 54 84 
6 9 531 0 530 300 300 242 54 84 
6 9 531 0 530 301 300 242 54 84 
6 9 531 0 530 302 300 242 54 84 
6 9 531 0 530 303 300 242 54 84 
6 9 531 0 530 304 300 242 54 84 
6 9 531 0 530 305 300 242 54 84 
6 9 531 0 530 306 300 242 54 84 
6 9 531 0 530 307 299 242 58 84 
6 9 531 0 530 308 299 241 58 87 
6 9 531 0 530 309 299 242 58 85 
6 9 531 0 530 310 299 242 58 85 
6 9 531 0 530 311 299 242 58 85 
6 9 531 0 530 312 299 242 58 85 
6 9 531 0 530 313 299 242 58 85 
6 9 531 0 530 314 299 242 60 85 
6 9 531 0 530 315 299 242 60 85 
6 9 531 0 530 316 299 242 60 88 
6 9 531 0 530 317 299 242 60 88 
6 9 531 0 530 318 302 244 56 85 
6 9 531 0 530 319 302 244 56 85 
6 9 531 0 530 320 302 244 56 85 
6 9 531 0 530 321 301 244 60 85 
6 9 531 0 530 322 301 244 60 85 
6 9 531 0 530 323 301 244 60 85 
6 9 531 0 530 324 301 244 60 88 
6 9 531 0 530 325 301 244 60 88 
6 9 531 0 530 326 301 244 60 88 
6 9 531 0 530 327 301 246 60 85 
6 9 531 0 530 328 300 246 64 85 
6 9 531 0 530 329 300 246 64 85 
6 9 531 0 530 330 300 246 64 85 
6 9 531 0 530 331 300 246 64 85 
6 9 531 0 530 332 300 246 64 88 
6 9 531 0 530 333 300 246 64 88 
6 9 531 0 530 334 300 246 64 88 
6 9 531 0 530 335 302 248 64 85 
6 9 531 0 530 336 302 248 64 85 
6 9 531 0 530 337 302 248 64 85 
6 9 531 0 530 338 302 248 64 85 
6 9 531 0 530 339 302 248 64 87 
6 9 531 0 530 340 302 248 64 87 
6 9 531 0 530 341 302 248 64 87 
6 9 531 0 530 342 301 248 68 87 
6 9 531 0 530 343 301 248 68 87 
6 9 531 0 530 344 301 249 68 85 
6 9 531 0 530 345 301 249 68 85 
6 9 531 0 530 346 301 249 68 85 
6 9 531 0 530 347 301 249 68 88 
6 9 531 0 530 348 301 249 68 88 
6 9 531 0 530 349 300 249 70 88 
6 9 531 0 530 350 300 249 70 88 
6 9 531 0 530 351 300 249 70 88 
6 9 531 0 530 352 300 249 70 88 
6 9 531 0 530 353 303 251 66 85 
6 9 531 0 530 354 303 251 66 85 
6 9 531 0 530 355 303 251 66 88 
6 9 531 0 530 356 302 251 70 88 
6 9 531 0 530 357 302 251 70 88 
6 9 531 0 530 358 302 251 70 88 
6 9 531 0 530 359 302 251 70 88 
6 9 531 0 530 360 302 251 70 88 
6 9 531 0 530 361 302 251 70 88 
6 9 531 0 530 362 302 253 70 85 
6 9 531 0 530 363 301 253 74 88 
6 9 531 0 530 364 301 253 74 88 
6 9 531 0 530 365 301 253 74 88 
6 9 531 0 530 366 301 253 74 88 
6 9 531 0 530 367 301 253 74 88 
6 9 531 0 530 368 301 253 74 88 
6 9 531 0 530 369 301 253 74 88 
6 9 531 0 530 370 302 255 76 87 
6 9 531 0 530 371 301 255 74 87 
6 9 531 0 530 372 301 255 74 87 
6 9 531 0 530 373 301 255 74 87 
6 9 531 0 530 374 301 255 74 87 
6 9 531 0 530 375 299 255 74 87 
6 9 531 0 530 376 299 255 74 87 
6 9 531 0 530 377 299 255 74 87 
6 9 531 0 530 378 299 255 74 90 
6 9 531 0 530 379 297 255 74 90 
6 9 531 0 530 380 297 255 74 90 
6 9 531 0 530 381 297 255 74 90 
6 9 531 0 530 382 297 255 74 90 
6 9 531 0 530 383 295 255 76 90 
6 9 531 0 530 384 295 255 76 90 
6 9 531 0 530 385 295 255 76 90 
6 9 531 0 530 386 295 254 76 93 
6 9 531 0 530 387 293 254 76 93 
6 9 531 0 530 388 293 254 76 93 
6 9 531 0 530 389 293 254 76 93 
6 9 531 0 530 390 293 254 76 93 
6 9 531 0 530 391 292 254 74 93 
6 9 531 0 530 392 292 254 74 93 
6 9 531 0 530 393 292 254 74 93 
6 9 531 0 530 394 292 254 74 96 
6 9 531 0 530 395 290 254 74 96 
6 9 531 0 530 396 290 254 74 96 
6 9 531 0 530 397 290 254 74 96 
6 9 531 0 530 398 290 254 74 96 
6 9 531 0 530 399 288 254 74 96 
6 9 531 0 530 400 288 254 74 96 
6 9 531 0 530 401 288 254 74 96 
6 9 531 0 530 402 288 256 74 96 
6 9 531 0 530 403 286 256 76 96 
6 9 531 0 530 404 286 256 76 96 
6 9 531 0 530 405 285 256 74 96 
6 9 531 0 530 406 285 255 74 97 
6 9 531 0 530 407 283 255 74 97 
6 9 531 0 530 408 283 255 74 97 
6 9 531 0 530 409 281 255 74 100 
6 9 531 0 530 410 281 256 74 99 
6 9 531 0 530 411 279 256 76 99 
6 9 531 0 530 412 279 256 76 102 
6 9 531 0 530 413 277 256 76 102 
6 9 531 0 530 414 277 256 76 102 
6 9 531 0 530 415 276 255 74 105 
6 9 531 0 530 416 276 255 74 105 
6 9 531 0 530 417 274 255 74 105 
6 9 531 0 530 418 274 257 74 103 
6 9 531 0 530 419 272 257 74 103 
6 9 531 0 530 420 270 257 76 103 
6 9 531 0 530 421 269 257 74 103 
6 9 531 0 530 422 267 257 74 103 
6 9 531 0 530 423 265 257 74 103 
6 9 531 0 530 424 263 257 76 103 
6 9 531 0 530 425 263 257 76 103 
6 9 531 0 530 426 261 257 76 103 
6 9 531 0 530 427 260 257 74 103 
6 9 531 0 530 428 258 257 74 103 
6 9 531 0 530 429 256 257 74 103 
6 9 531 0 530 430 254 257 76 103 
6 9 531 0 530 431 253 257 74 103 
6 9 531 0 530 432 253 257 74 103 
6 9 531 0 530 433 251 257 74 103 
6 9 531 0 530 434 249 257 74 103 
6 9 531 0 530 435 247 257 76 103 
6 9 531 0 530 436 245 257 76 103 
6 9 531 0 530 437 244 257 74 103 
6 9 531 0 530 438 242 257 74 103 
6 9 531 0 530 439 242 257 74 103 
6 9 531 0 530 440 240 257 74 103 
6 9 531 0 530 441 238 257 76 103 
6 9 531 0 530 442 237 257 74 103 
6 9 531 0 530 443 235 257 74 103 
6 9 531 0 530 444 233 257 74 103 
6 9 531 0 530 445 231 257 76 103 
6 9 531 0 530 446 231 257 76 103 
6 9 531 0 530 447 229 257 76 103 
6 9 531 0 530 448 228 257 74 103 
6 9 531 0 530 449 226 257 74 103 
6 9 531 0 530 450 224 257 74 103 
6 9 531 0 530 451 222 257 76 103 
6 9 531 0 530 452 221 257 74 103 
6 9 531 0 530 453 221 257 74 103 
6 9 531 0 530 454 219 257 74 103 
6 9 531 0 530 455 217 257 74 103 
6 9 531 0 530 456 215 257 76 103 
6 9 531 0 530 457 213 257 76 103 
6 9 531 0 530 458 212 257 74 103 
6 9 531 0 530 459 210 257 74 103 
6 9 531 0 530 460 210 257 74 103 
6 9 531 0 530 461 208 257 74 103 
6 9 531 0 530 462 206 257 76 103 
6 9 531 0 530 463 205 257 74 103 
6 9 531 0 530 464 203 257 74 103 
6 9 531 0 530 465 201 257 74 103 
6 9 531 0 530 466 199 257 76 103 
6 9 531 0 530 467 199 257 76 103 
6 9 531 0 530 468 197 257 76 103 
6 9 531 0 530 469 196 257 74 103 
6 9 531 0 530 470 194 257 74 103 
6 9 531 0 530 471 192 257 74 103 
6 9 531 0 530 472 190 257 76 103 
6 9 531 0 530 473 189 257 74 103 
6 9 531 0 530 474 189 257 74 103 
6 9 531 0 530 475 185 258 74 102 
6 9 531 0 530 476 183 258 76 99 
6 9 531 0 530 477 181 259 76 96 
6 9 531 0 530 478 180 259 74 93 
6 9 531 0 530 479 178 259 74 91 
6 9 531 0 530 480 176 259 74 91 
6 9 531 0 530 481 174 260 76 88 
6 9 531 0 530 482 173 260 74 85 
6 9 531 0 530 483 171 261 74 82 
6 9 531 0 530 484 169 261 74 79 
6 9 531 0 530 485 167 261 76 79 
6 9 531 0 530 486 165 262 76 78 
6 9 531 0 530 487 164 262 74 75 
6 9 531 0 530 488 162 263 74 72 
6 9 531 0 530 489 160 263 74 69 
6 9 531 0 530 490 158 266 76 66 
6 9 531 0 530 491 157 266 74 64 
6 9 531 0 530 492 155 266 74 64 
6 9 531 0 530 493 153 266 74 64 
6 9 531 0 530 494 151 266 76 64 
6 9 531 0 530 495 149 266 76 64 
6 9 531 0 530 496 148 266 74 64 
6 9 531 0 530 497 146 266 74 64 
6 9 531 0 530 498 144 266 74 64 
6 9 531 0 530 499 142 266 76 64 
6 9 531 0 530 500 141 266 74 64 
6 9 531 0 530 501 139 266 74 64 
6 9 531 0 530 502 137 266 74 64 
6 9 531 0 530 503 135 266 76 64 
6 9 531 0 530 504 133 266 76 64 
6 9 531 0 530 505 132 266 74 64 
6 9 531 0 530 506 130 266 74 64 
6 9 531 0 530 507 128 266 74 64 
6 9 531 0 530 508 126 266 76 64 
6 9 531 0 530 509 125 266 74 64 
6 9 531 0 530 510 123 268 74 61 
6 9 531 0 530 511 121 269 74 58 
6 9 531 0 530 512 119 269 76 58 
6 9 531 0 530 513 117 269 76 58 
6 9 531 0 530 514 116 269 74 58 
6 9 531 0 530 515 114 269 74 58 
6 9 531 0 530 516 112 269 74 58 
6 9 531 0 530 517 110 269 76 58 
6 9 531 0 530 518 109 269 74 58 
6 9 531 0 530 519 107 269 74 58 
6 9 531 0 530 520 105 269 74 58 
6 9 531 0 530 521 103 269 76 58 
6 9 531 0 530 522 101 269 76 58 
6 9 531 0 530 523 100 269 74 58 
6 9 531 0 530 524 98 269 74 58 
6 9 531 0 530 525 96 269 74 58 
6 9 531 0 530 526 94 269 76 58 
6 9 531 0 530 527 93 269 74 58 
6 9 531 0 530 528 91 269 74 58 
6 9 531 0 530 529 89 269 74 58 
6 9 531 0 530 530 87 270 76 57 
