0 12 63 153 215 153 248 221 84 61 
0 12 63 153 215 154 248 221 84 61 
0 12 63 153 215 155 248 221 84 61 
0 12 63 153 215 156 248 221 84 61 
0 12 63 153 215 157 248 221 84 61 
0 12 63 153 215 158 248 221 84 61 
0 12 63 153 215 159 248 221 84 61 
0 12 63 153 215 160 248 221 84 61 
0 12 63 153 215 161 248 221 84 61 
0 12 63 153 215 162 248 221 84 61 
0 12 63 153 215 163 248 221 84 61 
0 12 63 153 215 164 248 221 84 61 
0 12 63 153 215 165 248 221 84 61 
0 12 63 153 215 166 248 221 84 61 
0 12 63 153 215 167 248 221 84 61 
0 12 63 153 215 168 248 221 84 61 
0 12 63 153 215 169 248 221 84 61 
0 12 63 153 215 170 248 221 84 61 
0 12 63 153 215 171 248 221 84 61 
0 12 63 153 215 172 248 221 84 61 
0 12 63 153 215 173 248 221 84 61 
0 12 63 153 215 174 248 221 84 61 
0 12 63 153 215 175 248 221 84 61 
0 12 63 153 215 176 248 221 84 61 
0 12 63 153 215 177 248 221 84 61 
0 12 63 153 215 178 248 221 84 61 
0 12 63 153 215 179 248 221 84 61 
0 12 63 153 215 180 248 221 84 61 
0 12 63 153 215 181 248 221 84 61 
0 12 63 153 215 182 248 221 84 61 
0 12 63 153 215 183 248 221 84 61 
0 12 63 153 215 184 248 221 84 61 
0 12 63 153 215 185 248 221 84 61 
0 12 63 153 215 186 248 221 84 61 
0 12 63 153 215 187 248 221 84 61 
0 12 63 153 215 188 248 221 84 61 
0 12 63 153 215 189 248 221 84 61 
0 12 63 153 215 190 248 221 84 61 
0 12 63 153 215 191 248 221 84 61 
0 12 63 153 215 192 248 221 84 61 
0 12 63 153 215 193 248 221 84 61 
0 12 63 153 215 194 248 221 84 61 
0 12 63 153 215 195 248 221 84 61 
0 12 63 153 215 196 248 221 84 61 
0 12 63 153 215 197 248 221 84 61 
0 12 63 153 215 198 248 221 84 61 
0 12 63 153 215 199 248 221 84 61 
0 12 63 153 215 200 248 221 84 61 
0 12 63 153 215 201 248 221 84 61 
0 12 63 153 215 202 248 221 84 61 
0 12 63 153 215 203 248 221 84 61 
0 12 63 153 215 204 248 221 84 61 
0 12 63 153 215 205 248 221 84 61 
0 12 63 153 215 206 248 221 84 61 
0 12 63 153 215 207 248 221 84 61 
0 12 63 153 215 208 248 221 84 61 
0 12 63 153 215 209 248 221 84 61 
0 12 63 153 215 210 248 221 84 61 
0 12 63 153 215 211 248 221 84 61 
0 12 63 153 215 212 248 221 84 61 
0 12 63 153 215 213 248 221 84 61 
0 12 63 153 215 214 248 221 84 61 
0 12 63 153 215 215 248 221 84 61 
