6 11 158 171 328 171 286 211 103 83 
6 11 158 171 328 172 286 211 103 83 
6 11 158 171 328 173 286 211 103 83 
6 11 158 171 328 174 286 211 103 83 
6 11 158 171 328 175 286 211 103 83 
6 11 158 171 328 176 286 211 103 83 
6 11 158 171 328 177 286 211 103 83 
6 11 158 171 328 178 286 211 103 83 
6 11 158 171 328 179 286 211 103 83 
6 11 158 171 328 180 286 211 103 83 
6 11 158 171 328 181 286 211 103 83 
6 11 158 171 328 182 286 211 103 83 
6 11 158 171 328 183 286 211 103 83 
6 11 158 171 328 184 286 211 103 83 
6 11 158 171 328 185 286 211 103 83 
6 11 158 171 328 186 286 211 103 83 
6 11 158 171 328 187 286 211 103 83 
6 11 158 171 328 188 286 211 103 83 
6 11 158 171 328 189 286 211 103 83 
6 11 158 171 328 190 286 211 103 83 
6 11 158 171 328 191 286 211 103 83 
6 11 158 171 328 192 286 211 103 83 
6 11 158 171 328 193 286 211 103 83 
6 11 158 171 328 194 286 211 103 83 
6 11 158 171 328 195 286 211 103 83 
6 11 158 171 328 196 286 211 103 83 
6 11 158 171 328 197 286 211 103 83 
6 11 158 171 328 198 286 211 103 83 
6 11 158 171 328 199 286 211 103 83 
6 11 158 171 328 200 286 211 103 83 
6 11 158 171 328 201 286 211 103 83 
6 11 158 171 328 202 286 211 103 83 
6 11 158 171 328 203 286 211 103 83 
6 11 158 171 328 204 286 211 103 83 
6 11 158 171 328 205 286 211 103 83 
6 11 158 171 328 206 286 211 103 83 
6 11 158 171 328 207 286 211 103 83 
6 11 158 171 328 208 286 211 103 83 
6 11 158 171 328 209 286 211 103 83 
6 11 158 171 328 210 286 211 103 83 
6 11 158 171 328 211 286 211 103 83 
6 11 158 171 328 212 286 211 103 83 
6 11 158 171 328 213 286 211 103 83 
6 11 158 171 328 214 286 211 103 83 
6 11 158 171 328 215 286 211 103 83 
6 11 158 171 328 216 286 211 103 83 
6 11 158 171 328 217 286 211 103 83 
6 11 158 171 328 218 286 211 103 83 
6 11 158 171 328 219 286 211 103 83 
6 11 158 171 328 220 286 211 103 83 
6 11 158 171 328 221 286 211 103 83 
6 11 158 171 328 222 286 211 103 83 
6 11 158 171 328 223 286 211 103 83 
6 11 158 171 328 224 286 211 103 83 
6 11 158 171 328 225 286 211 103 83 
6 11 158 171 328 226 286 211 103 83 
6 11 158 171 328 227 286 211 103 83 
6 11 158 171 328 228 286 211 103 83 
6 11 158 171 328 229 286 211 103 83 
6 11 158 171 328 230 286 211 103 83 
6 11 158 171 328 231 286 211 103 83 
6 11 158 171 328 232 286 211 103 83 
6 11 158 171 328 233 286 211 103 83 
6 11 158 171 328 234 286 211 103 83 
6 11 158 171 328 235 286 211 103 83 
6 11 158 171 328 236 286 211 103 83 
6 11 158 171 328 237 286 211 103 83 
6 11 158 171 328 238 286 211 103 83 
6 11 158 171 328 239 286 211 103 83 
6 11 158 171 328 240 286 211 103 83 
6 11 158 171 328 241 286 211 103 83 
6 11 158 171 328 242 286 211 103 83 
6 11 158 171 328 243 286 211 103 83 
6 11 158 171 328 244 286 211 103 83 
6 11 158 171 328 245 286 211 103 83 
6 11 158 171 328 246 286 211 103 83 
6 11 158 171 328 247 286 211 103 83 
6 11 158 171 328 248 286 211 103 83 
6 11 158 171 328 249 286 211 103 83 
6 11 158 171 328 250 286 211 103 83 
6 11 158 171 328 251 286 211 103 83 
6 11 158 171 328 252 286 211 103 83 
6 11 158 171 328 253 286 211 103 83 
6 11 158 171 328 254 286 211 103 83 
6 11 158 171 328 255 286 211 103 83 
6 11 158 171 328 256 286 211 103 83 
6 11 158 171 328 257 286 211 103 83 
6 11 158 171 328 258 286 211 103 83 
6 11 158 171 328 259 286 211 103 83 
6 11 158 171 328 260 286 211 103 83 
6 11 158 171 328 261 286 211 103 83 
6 11 158 171 328 262 286 211 103 83 
6 11 158 171 328 263 286 211 103 83 
6 11 158 171 328 264 286 211 103 83 
6 11 158 171 328 265 286 211 103 83 
6 11 158 171 328 266 286 211 103 83 
6 11 158 171 328 267 286 211 103 83 
6 11 158 171 328 268 286 211 103 83 
6 11 158 171 328 269 286 211 103 83 
6 11 158 171 328 270 286 211 103 83 
6 11 158 171 328 271 286 211 103 83 
6 11 158 171 328 272 286 211 103 83 
6 11 158 171 328 273 286 211 103 83 
6 11 158 171 328 274 286 211 103 83 
6 11 158 171 328 275 286 211 103 83 
6 11 158 171 328 276 286 211 103 83 
6 11 158 171 328 277 286 211 103 83 
6 11 158 171 328 278 286 211 103 83 
6 11 158 171 328 279 286 211 103 83 
6 11 158 171 328 280 286 211 103 83 
6 11 158 171 328 281 286 211 103 83 
6 11 158 171 328 282 286 211 103 83 
6 11 158 171 328 283 286 211 103 83 
6 11 158 171 328 284 286 211 103 83 
6 11 158 171 328 285 286 211 103 83 
6 11 158 171 328 286 286 211 103 83 
6 11 158 171 328 287 286 211 103 83 
6 11 158 171 328 288 286 211 103 83 
6 11 158 171 328 289 286 211 103 83 
6 11 158 171 328 290 286 211 103 83 
6 11 158 171 328 291 286 211 103 83 
6 11 158 171 328 292 286 211 103 83 
6 11 158 171 328 293 286 211 103 83 
6 11 158 171 328 294 286 211 103 83 
6 11 158 171 328 295 286 211 103 83 
6 11 158 171 328 296 286 211 103 83 
6 11 158 171 328 297 286 211 103 83 
6 11 158 171 328 298 286 211 103 83 
6 11 158 171 328 299 286 211 103 83 
6 11 158 171 328 300 286 211 103 83 
6 11 158 171 328 301 286 211 103 83 
6 11 158 171 328 302 286 211 103 83 
6 11 158 171 328 303 286 211 103 83 
6 11 158 171 328 304 286 211 103 83 
6 11 158 171 328 305 286 211 103 83 
6 11 158 171 328 306 286 211 103 83 
6 11 158 171 328 307 286 211 103 83 
6 11 158 171 328 308 286 211 103 83 
6 11 158 171 328 309 286 211 103 83 
6 11 158 171 328 310 286 211 103 83 
6 11 158 171 328 311 286 211 103 83 
6 11 158 171 328 312 286 211 103 83 
6 11 158 171 328 313 286 211 103 83 
6 11 158 171 328 314 286 211 103 83 
6 11 158 171 328 315 286 211 103 83 
6 11 158 171 328 316 286 211 103 83 
6 11 158 171 328 317 286 211 103 83 
6 11 158 171 328 318 286 211 103 83 
6 11 158 171 328 319 286 211 103 83 
6 11 158 171 328 320 286 211 103 83 
6 11 158 171 328 321 286 211 103 83 
6 11 158 171 328 322 286 211 103 83 
6 11 158 171 328 323 286 211 103 83 
6 11 158 171 328 324 286 211 103 83 
6 11 158 171 328 325 286 211 103 83 
6 11 158 171 328 326 286 211 103 83 
6 11 158 171 328 327 286 211 103 83 
6 11 158 171 328 328 286 211 103 83 
7 11 158 171 328 171 303 218 74 75 
7 11 158 171 328 172 303 218 74 75 
7 11 158 171 328 173 303 218 74 75 
7 11 158 171 328 174 303 218 74 75 
7 11 158 171 328 175 303 218 74 75 
7 11 158 171 328 176 303 218 74 75 
7 11 158 171 328 177 303 218 74 75 
7 11 158 171 328 178 303 218 74 75 
7 11 158 171 328 179 303 218 74 75 
7 11 158 171 328 180 303 218 74 75 
7 11 158 171 328 181 303 218 74 75 
7 11 158 171 328 182 303 218 74 75 
7 11 158 171 328 183 303 218 74 75 
7 11 158 171 328 184 303 218 74 75 
7 11 158 171 328 185 303 218 74 75 
7 11 158 171 328 186 303 218 74 75 
7 11 158 171 328 187 303 218 74 75 
7 11 158 171 328 188 303 218 74 75 
7 11 158 171 328 189 303 218 74 75 
7 11 158 171 328 190 303 218 74 75 
7 11 158 171 328 191 303 218 74 75 
7 11 158 171 328 192 303 218 74 75 
7 11 158 171 328 193 303 218 74 75 
7 11 158 171 328 194 303 218 74 75 
7 11 158 171 328 195 303 218 74 75 
7 11 158 171 328 196 303 218 74 75 
7 11 158 171 328 197 303 218 74 75 
7 11 158 171 328 198 303 218 74 75 
7 11 158 171 328 199 303 218 74 75 
7 11 158 171 328 200 303 218 74 75 
7 11 158 171 328 201 303 218 74 75 
7 11 158 171 328 202 303 218 74 75 
7 11 158 171 328 203 303 218 74 75 
7 11 158 171 328 204 303 218 74 75 
7 11 158 171 328 205 303 218 74 75 
7 11 158 171 328 206 303 218 74 75 
7 11 158 171 328 207 303 218 74 75 
7 11 158 171 328 208 303 218 74 75 
7 11 158 171 328 209 303 218 74 75 
7 11 158 171 328 210 303 218 74 75 
7 11 158 171 328 211 303 218 74 75 
7 11 158 171 328 212 303 218 74 75 
7 11 158 171 328 213 303 218 74 75 
7 11 158 171 328 214 303 218 74 75 
7 11 158 171 328 215 303 218 74 75 
7 11 158 171 328 216 303 218 74 75 
7 11 158 171 328 217 303 218 74 75 
7 11 158 171 328 218 303 218 74 75 
7 11 158 171 328 219 303 218 74 75 
7 11 158 171 328 220 303 218 74 75 
7 11 158 171 328 221 303 218 74 75 
7 11 158 171 328 222 303 218 74 75 
7 11 158 171 328 223 303 218 74 75 
7 11 158 171 328 224 303 218 74 75 
7 11 158 171 328 225 303 218 74 75 
7 11 158 171 328 226 303 218 74 75 
7 11 158 171 328 227 303 218 74 75 
7 11 158 171 328 228 303 218 74 75 
7 11 158 171 328 229 303 218 74 75 
7 11 158 171 328 230 303 218 74 75 
7 11 158 171 328 231 303 218 74 75 
7 11 158 171 328 232 303 218 74 75 
7 11 158 171 328 233 303 218 74 75 
7 11 158 171 328 234 303 218 74 75 
7 11 158 171 328 235 303 218 74 75 
7 11 158 171 328 236 303 218 74 75 
7 11 158 171 328 237 303 218 74 75 
7 11 158 171 328 238 303 218 74 75 
7 11 158 171 328 239 303 218 74 75 
7 11 158 171 328 240 303 218 74 75 
7 11 158 171 328 241 303 218 74 75 
7 11 158 171 328 242 303 218 74 75 
7 11 158 171 328 243 303 218 74 75 
7 11 158 171 328 244 303 218 74 75 
7 11 158 171 328 245 303 218 74 75 
7 11 158 171 328 246 303 218 74 75 
7 11 158 171 328 247 303 218 74 75 
7 11 158 171 328 248 303 218 74 75 
7 11 158 171 328 249 303 218 74 75 
7 11 158 171 328 250 303 218 74 75 
7 11 158 171 328 251 303 218 74 75 
7 11 158 171 328 252 303 218 74 75 
7 11 158 171 328 253 303 218 74 75 
7 11 158 171 328 254 303 218 74 75 
7 11 158 171 328 255 303 218 74 75 
7 11 158 171 328 256 303 218 74 75 
7 11 158 171 328 257 303 218 74 75 
7 11 158 171 328 258 303 218 74 75 
7 11 158 171 328 259 303 218 74 75 
7 11 158 171 328 260 303 218 74 75 
7 11 158 171 328 261 303 218 74 75 
7 11 158 171 328 262 303 218 74 75 
7 11 158 171 328 263 303 218 74 75 
7 11 158 171 328 264 303 218 74 75 
7 11 158 171 328 265 303 218 74 75 
7 11 158 171 328 266 303 218 74 75 
7 11 158 171 328 267 303 218 74 75 
7 11 158 171 328 268 303 218 74 75 
7 11 158 171 328 269 303 218 74 75 
7 11 158 171 328 270 303 218 74 75 
7 11 158 171 328 271 303 218 74 75 
7 11 158 171 328 272 303 218 74 75 
7 11 158 171 328 273 303 218 74 75 
7 11 158 171 328 274 303 218 74 75 
7 11 158 171 328 275 303 218 74 75 
7 11 158 171 328 276 303 218 74 75 
7 11 158 171 328 277 303 218 74 75 
7 11 158 171 328 278 303 218 74 75 
7 11 158 171 328 279 303 218 74 75 
7 11 158 171 328 280 303 218 74 75 
7 11 158 171 328 281 303 218 74 75 
7 11 158 171 328 282 303 218 74 75 
7 11 158 171 328 283 303 218 74 75 
7 11 158 171 328 284 303 218 74 75 
7 11 158 171 328 285 303 218 74 75 
7 11 158 171 328 286 303 218 74 75 
7 11 158 171 328 287 303 218 74 75 
7 11 158 171 328 288 303 218 74 75 
7 11 158 171 328 289 303 218 74 75 
7 11 158 171 328 290 303 218 74 75 
7 11 158 171 328 291 303 218 74 75 
7 11 158 171 328 292 303 218 74 75 
7 11 158 171 328 293 303 218 74 75 
7 11 158 171 328 294 303 218 74 75 
7 11 158 171 328 295 303 218 74 75 
7 11 158 171 328 296 303 218 74 75 
7 11 158 171 328 297 303 218 74 75 
7 11 158 171 328 298 303 218 74 75 
7 11 158 171 328 299 303 218 74 75 
7 11 158 171 328 300 303 218 74 75 
7 11 158 171 328 301 303 218 74 75 
7 11 158 171 328 302 303 218 74 75 
7 11 158 171 328 303 303 218 74 75 
7 11 158 171 328 304 303 218 74 75 
7 11 158 171 328 305 303 218 74 75 
7 11 158 171 328 306 303 218 74 75 
7 11 158 171 328 307 303 218 74 75 
7 11 158 171 328 308 303 218 74 75 
7 11 158 171 328 309 303 218 74 75 
7 11 158 171 328 310 303 218 74 75 
7 11 158 171 328 311 303 218 74 75 
7 11 158 171 328 312 303 218 74 75 
7 11 158 171 328 313 303 218 74 75 
7 11 158 171 328 314 303 218 74 75 
7 11 158 171 328 315 303 218 74 75 
7 11 158 171 328 316 303 218 74 75 
7 11 158 171 328 317 303 218 74 75 
7 11 158 171 328 318 303 218 74 75 
7 11 158 171 328 319 303 218 74 75 
7 11 158 171 328 320 303 218 74 75 
7 11 158 171 328 321 303 218 74 75 
7 11 158 171 328 322 303 218 74 75 
7 11 158 171 328 323 303 218 74 75 
7 11 158 171 328 324 303 218 74 75 
7 11 158 171 328 325 303 218 74 75 
7 11 158 171 328 326 303 218 74 75 
7 11 158 171 328 327 303 218 74 75 
7 11 158 171 328 328 303 218 74 75 
