2 9 469 0 468 0 309 248 46 91 
2 9 469 0 468 1 309 248 46 91 
2 9 469 0 468 2 309 248 46 91 
2 9 469 0 468 3 311 248 46 91 
2 9 469 0 468 4 311 248 46 91 
2 9 469 0 468 5 311 248 46 91 
2 9 469 0 468 6 313 248 46 91 
2 9 469 0 468 7 313 248 46 91 
2 9 469 0 468 8 313 248 46 91 
2 9 469 0 468 9 315 248 46 91 
2 9 469 0 468 10 315 248 46 91 
2 9 469 0 468 11 315 248 46 91 
2 9 469 0 468 12 316 248 48 91 
2 9 469 0 468 13 316 248 48 91 
2 9 469 0 468 14 316 248 48 91 
2 9 469 0 468 15 318 248 46 91 
2 9 469 0 468 16 318 248 46 91 
2 9 469 0 468 17 320 248 46 91 
2 9 469 0 468 18 320 248 46 91 
2 9 469 0 468 19 320 248 46 91 
2 9 469 0 468 20 322 248 46 91 
2 9 469 0 468 21 322 248 46 91 
2 9 469 0 468 22 322 248 46 91 
2 9 469 0 468 23 324 248 46 91 
2 9 469 0 468 24 324 248 46 91 
2 9 469 0 468 25 324 248 46 91 
2 9 469 0 468 26 325 248 46 91 
2 9 469 0 468 27 325 248 46 91 
2 9 469 0 468 28 325 248 46 91 
2 9 469 0 468 29 327 248 46 91 
2 9 469 0 468 30 327 248 46 91 
2 9 469 0 468 31 327 248 46 91 
2 9 469 0 468 32 329 248 46 91 
2 9 469 0 468 33 329 248 46 91 
2 9 469 0 468 34 331 248 46 91 
2 9 469 0 468 35 331 248 46 91 
2 9 469 0 468 36 331 248 46 91 
2 9 469 0 468 37 332 248 48 91 
2 9 469 0 468 38 332 248 48 91 
2 9 469 0 468 39 332 248 48 91 
2 9 469 0 468 40 334 248 46 91 
2 9 469 0 468 41 334 248 46 91 
2 9 469 0 468 42 334 248 46 91 
2 9 469 0 468 43 336 248 46 91 
2 9 469 0 468 44 336 248 46 91 
2 9 469 0 468 45 336 248 46 91 
2 9 469 0 468 46 338 248 46 91 
2 9 469 0 468 47 338 248 46 91 
2 9 469 0 468 48 340 250 46 91 
2 9 469 0 468 49 340 250 46 91 
2 9 469 0 468 50 340 250 46 91 
2 9 469 0 468 51 341 250 46 91 
2 9 469 0 468 52 341 250 46 91 
2 9 469 0 468 53 343 250 46 91 
2 9 469 0 468 54 343 250 46 91 
2 9 469 0 468 55 343 250 46 91 
2 9 469 0 468 56 345 250 46 91 
2 9 469 0 468 57 345 250 46 91 
2 9 469 0 468 58 347 250 46 91 
2 9 469 0 468 59 347 250 46 91 
2 9 469 0 468 60 348 253 48 90 
2 9 469 0 468 61 348 253 48 90 
2 9 469 0 468 62 348 253 48 90 
2 9 469 0 468 63 350 253 46 90 
2 9 469 0 468 64 350 253 46 90 
2 9 469 0 468 65 352 253 46 90 
2 9 469 0 468 66 352 253 46 90 
2 9 469 0 468 67 354 253 46 90 
2 9 469 0 468 68 354 253 46 90 
2 9 469 0 468 69 354 253 46 90 
2 9 469 0 468 70 356 253 46 90 
2 9 469 0 468 71 356 255 46 90 
2 9 469 0 468 72 357 255 46 90 
2 9 469 0 468 73 357 255 46 90 
2 9 469 0 468 74 359 255 46 90 
2 9 469 0 468 75 359 255 46 90 
2 9 469 0 468 76 359 255 46 90 
2 9 469 0 468 77 361 255 46 90 
2 9 469 0 468 78 361 255 46 90 
2 9 469 0 468 79 363 255 46 90 
2 9 469 0 468 80 363 255 46 90 
2 9 469 0 468 81 363 255 46 90 
2 9 469 0 468 82 364 257 48 90 
2 9 469 0 468 83 364 257 48 90 
2 9 469 0 468 84 366 257 46 90 
2 9 469 0 468 85 366 257 46 90 
2 9 469 0 468 86 368 257 46 90 
2 9 469 0 468 87 368 257 46 90 
2 9 469 0 468 88 368 257 46 90 
2 9 469 0 468 89 370 257 46 90 
2 9 469 0 468 90 370 257 46 90 
2 9 469 0 468 91 372 257 46 90 
2 9 469 0 468 92 372 257 46 90 
2 9 469 0 468 93 373 257 46 91 
2 9 469 0 468 94 373 257 46 91 
2 9 469 0 468 95 373 257 46 91 
2 9 469 0 468 96 375 257 46 91 
2 9 469 0 468 97 375 257 46 91 
2 9 469 0 468 98 377 257 46 91 
2 9 469 0 468 99 377 257 46 91 
2 9 469 0 468 100 379 257 46 91 
2 9 469 0 468 101 379 257 46 91 
2 9 469 0 468 102 379 257 46 91 
2 9 469 0 468 103 380 257 48 91 
2 9 469 0 468 104 380 259 48 91 
2 9 469 0 468 105 382 259 46 91 
2 9 469 0 468 106 382 259 46 91 
2 9 469 0 468 107 382 259 46 91 
2 9 469 0 468 108 384 259 46 91 
2 9 469 0 468 109 384 259 46 91 
2 9 469 0 468 110 386 259 46 91 
2 9 469 0 468 111 386 259 46 91 
2 9 469 0 468 112 388 259 46 91 
2 9 469 0 468 113 388 259 46 91 
2 9 469 0 468 114 388 259 46 91 
2 9 469 0 468 115 389 262 46 90 
2 9 469 0 468 116 389 262 46 90 
2 9 469 0 468 117 391 262 46 90 
2 9 469 0 468 118 391 262 46 90 
2 9 469 0 468 119 393 262 46 90 
2 9 469 0 468 120 393 262 46 90 
2 9 469 0 468 121 393 262 46 90 
2 9 469 0 468 122 395 262 46 90 
2 9 469 0 468 123 395 262 46 90 
2 9 469 0 468 124 396 262 48 90 
2 9 469 0 468 125 396 262 48 90 
2 9 469 0 468 126 398 264 46 90 
2 9 469 0 468 127 398 264 46 90 
2 9 469 0 468 128 400 264 46 90 
2 9 469 0 468 129 399 264 50 90 
2 9 469 0 468 130 402 264 46 90 
2 9 469 0 468 131 404 263 46 93 
2 9 469 0 468 132 404 263 48 93 
2 9 469 0 468 133 405 263 46 93 
2 9 469 0 468 134 404 263 50 93 
2 9 469 0 468 135 406 263 50 93 
2 9 469 0 468 136 409 263 46 96 
2 9 469 0 468 137 408 263 50 96 
2 9 469 0 468 138 410 263 50 96 
2 9 469 0 468 139 410 263 50 96 
2 9 469 0 468 140 411 263 50 96 
2 9 469 0 468 141 413 262 50 97 
2 9 469 0 468 142 413 262 50 97 
2 9 469 0 468 143 415 262 50 97 
2 9 469 0 468 144 414 262 54 97 
2 9 469 0 468 145 417 262 52 97 
2 9 469 0 468 146 420 262 48 100 
2 9 469 0 468 147 419 262 52 100 
2 9 469 0 468 148 419 262 54 100 
2 9 469 0 468 149 419 262 54 100 
2 9 469 0 468 150 421 262 54 100 
2 9 469 0 468 151 423 261 54 103 
2 9 469 0 468 152 423 261 54 103 
2 9 469 0 468 153 426 261 52 103 
2 9 469 0 468 154 425 261 56 103 
2 9 469 0 468 155 426 261 54 103 
2 9 469 0 468 156 428 261 54 106 
2 9 469 0 468 157 427 261 58 106 
2 9 469 0 468 158 430 261 54 106 
2 9 469 0 468 159 430 261 56 106 
2 9 469 0 468 160 432 261 56 106 
2 9 469 0 468 161 434 262 56 108 
2 9 469 0 468 162 434 262 56 108 
2 9 469 0 468 163 433 262 60 108 
2 9 469 0 468 164 433 262 62 108 
2 9 469 0 468 165 433 262 62 108 
2 9 469 0 468 166 436 262 60 108 
2 9 469 0 468 167 435 262 64 108 
2 9 469 0 468 168 438 262 60 108 
2 9 469 0 468 169 437 262 64 108 
2 9 469 0 468 170 436 262 68 108 
2 9 469 0 468 171 438 262 66 108 
2 9 469 0 468 172 438 262 66 108 
2 9 469 0 468 173 439 262 68 108 
2 9 469 0 468 174 438 262 72 108 
2 9 469 0 468 175 441 262 68 108 
2 9 469 0 468 176 440 262 72 108 
2 9 469 0 468 177 439 262 76 108 
2 9 469 0 468 178 442 262 72 108 
2 9 469 0 468 179 441 262 74 108 
2 9 469 0 468 180 443 262 74 108 
2 9 469 0 468 181 442 262 78 108 
2 9 469 0 468 182 445 262 74 108 
2 9 469 0 468 183 444 262 78 108 
2 9 469 0 468 184 444 262 80 108 
2 9 469 0 468 185 445 262 78 108 
2 9 469 0 468 186 444 262 82 108 
2 9 469 0 468 187 446 262 82 108 
2 9 469 0 468 188 446 262 82 108 
2 9 469 0 468 189 448 262 82 108 
2 9 469 0 468 190 447 262 86 108 
2 9 469 0 468 191 447 262 88 108 
2 9 469 0 468 192 450 262 84 108 
2 9 469 0 468 193 449 262 88 108 
2 9 469 0 468 194 449 262 90 108 
2 9 469 0 468 195 449 262 90 108 
2 9 469 0 468 196 451 262 90 108 
2 9 469 0 468 197 451 262 92 108 
2 9 469 0 468 198 453 264 92 106 
2 9 469 0 468 199 452 264 96 106 
2 9 469 0 468 200 454 264 96 106 
2 9 469 0 468 201 458 266 88 106 
2 9 469 0 468 202 457 266 92 106 
2 9 469 0 468 203 456 266 96 106 
2 9 469 0 468 204 457 266 92 106 
2 9 469 0 468 205 457 266 92 106 
2 9 469 0 468 206 457 266 92 106 
2 9 469 0 468 207 458 266 88 106 
2 9 469 0 468 208 458 266 88 106 
2 9 469 0 468 209 458 266 88 106 
2 9 469 0 468 210 459 266 84 106 
2 9 469 0 468 211 459 266 84 106 
2 9 469 0 468 212 459 266 84 106 
2 9 469 0 468 213 460 266 80 106 
2 9 469 0 468 214 460 266 80 106 
2 9 469 0 468 215 460 266 80 106 
2 9 469 0 468 216 460 266 78 106 
2 9 469 0 468 217 460 266 78 106 
2 9 469 0 468 218 460 266 78 106 
2 9 469 0 468 219 461 266 74 106 
2 9 469 0 468 220 461 266 74 106 
2 9 469 0 468 221 461 266 74 106 
2 9 469 0 468 222 462 266 70 106 
2 9 469 0 468 223 462 266 70 106 
2 9 469 0 468 224 462 266 70 106 
2 9 469 0 468 225 463 266 66 106 
2 9 469 0 468 226 463 266 66 106 
2 9 469 0 468 227 463 266 66 106 
2 9 469 0 468 228 464 266 64 106 
2 9 469 0 468 229 464 266 64 106 
2 9 469 0 468 230 464 266 64 106 
2 9 469 0 468 231 465 266 60 106 
2 9 469 0 468 232 465 266 60 106 
2 9 469 0 468 233 465 266 60 106 
2 9 469 0 468 234 465 266 60 106 
2 9 469 0 468 235 463 266 60 106 
2 9 469 0 468 236 463 266 60 106 
2 9 469 0 468 237 463 266 60 106 
2 9 469 0 468 238 460 266 64 106 
2 9 469 0 468 239 460 266 64 106 
2 9 469 0 468 240 461 266 60 106 
2 9 469 0 468 241 458 266 64 106 
2 9 469 0 468 242 458 266 64 106 
2 9 469 0 468 243 458 266 64 106 
2 9 469 0 468 244 455 266 68 106 
2 9 469 0 468 245 456 266 64 106 
2 9 469 0 468 246 456 266 64 106 
2 9 469 0 468 247 454 266 66 106 
2 9 469 0 468 248 454 266 66 106 
2 9 469 0 468 249 454 268 66 106 
2 9 469 0 468 250 452 268 68 106 
2 9 469 0 468 251 452 268 68 106 
2 9 469 0 468 252 452 268 68 106 
2 9 469 0 468 253 450 268 68 106 
2 9 469 0 468 254 450 268 68 106 
2 9 469 0 468 255 450 268 68 106 
2 9 469 0 468 256 447 268 72 106 
2 9 469 0 468 257 448 268 68 106 
2 9 469 0 468 258 448 268 68 106 
2 9 469 0 468 259 446 268 70 106 
2 9 469 0 468 260 447 267 66 109 
2 9 469 0 468 261 447 267 66 109 
2 9 469 0 468 262 444 270 70 106 
2 9 469 0 468 263 444 270 70 106 
2 9 469 0 468 264 445 270 68 106 
2 9 469 0 468 265 442 270 72 106 
2 9 469 0 468 266 442 270 72 106 
2 9 469 0 468 267 442 270 72 106 
2 9 469 0 468 268 443 270 68 106 
2 9 469 0 468 269 440 270 72 106 
2 9 469 0 468 270 440 270 72 108 
2 9 469 0 468 271 441 270 68 108 
2 9 469 0 468 272 438 270 72 108 
2 9 469 0 468 273 438 270 72 108 
2 9 469 0 468 274 438 270 72 108 
2 9 469 0 468 275 437 271 70 106 
2 9 469 0 468 276 437 271 70 106 
2 9 469 0 468 277 437 271 70 106 
2 9 469 0 468 278 434 271 74 106 
2 9 469 0 468 279 435 271 70 106 
2 9 469 0 468 280 435 270 70 109 
2 9 469 0 468 281 432 270 74 109 
2 9 469 0 468 282 433 270 72 109 
2 9 469 0 468 283 433 270 72 109 
2 9 469 0 468 284 433 270 72 109 
2 9 469 0 468 285 430 270 76 109 
2 9 469 0 468 286 431 270 72 109 
2 9 469 0 468 287 431 270 72 109 
2 9 469 0 468 288 429 273 74 106 
2 9 469 0 468 289 429 273 74 106 
2 9 469 0 468 290 430 272 70 109 
2 9 469 0 468 291 427 272 74 109 
2 9 469 0 468 292 427 272 74 109 
2 9 469 0 468 293 428 272 70 109 
2 9 469 0 468 294 425 272 74 109 
2 9 469 0 468 295 425 272 74 109 
2 9 469 0 468 296 425 272 74 109 
2 9 469 0 468 297 423 272 76 109 
2 9 469 0 468 298 423 272 76 109 
2 9 469 0 468 299 423 272 76 109 
2 9 469 0 468 300 423 274 76 109 
2 9 469 0 468 301 420 275 80 106 
2 9 469 0 468 302 420 275 80 106 
2 9 469 0 468 303 420 275 80 106 
2 9 469 0 468 304 420 275 80 106 
2 9 469 0 468 305 420 275 80 106 
2 9 469 0 468 306 420 275 80 106 
2 9 469 0 468 307 420 275 80 103 
2 9 469 0 468 308 420 278 80 100 
2 9 469 0 468 309 420 278 80 100 
2 9 469 0 468 310 420 278 80 100 
2 9 469 0 468 311 420 278 80 100 
2 9 469 0 468 312 420 278 80 100 
2 9 469 0 468 313 418 278 82 97 
2 9 469 0 468 314 418 278 82 97 
2 9 469 0 468 315 418 278 82 97 
2 9 469 0 468 316 418 280 82 96 
2 9 469 0 468 317 418 280 82 96 
2 9 469 0 468 318 418 280 82 96 
2 9 469 0 468 319 418 280 82 94 
2 9 469 0 468 320 418 280 82 94 
2 9 469 0 468 321 418 280 82 94 
2 9 469 0 468 322 418 280 82 94 
2 9 469 0 468 323 418 280 82 94 
2 9 469 0 468 324 418 282 84 91 
2 9 469 0 468 325 418 282 84 91 
2 9 469 0 468 326 418 282 84 91 
2 9 469 0 468 327 418 282 84 93 
2 9 469 0 468 328 418 282 84 93 
2 9 469 0 468 329 418 282 84 96 
2 9 469 0 468 330 418 282 86 96 
2 9 469 0 468 331 418 281 86 99 
2 9 469 0 468 332 418 281 86 99 
2 9 469 0 468 333 418 281 86 102 
2 9 469 0 468 334 418 281 86 102 
2 9 469 0 468 335 420 281 86 102 
2 9 469 0 468 336 420 280 86 105 
2 9 469 0 468 337 420 280 86 105 
2 9 469 0 468 338 420 280 86 106 
2 9 469 0 468 339 420 280 86 106 
2 9 469 0 468 340 422 279 86 109 
2 9 469 0 468 341 422 279 86 109 
2 9 469 0 468 342 422 279 86 112 
2 9 469 0 468 343 422 279 86 112 
2 9 469 0 468 344 422 279 86 112 
2 9 469 0 468 345 425 278 84 115 
2 9 469 0 468 346 425 278 84 115 
2 9 469 0 468 347 425 278 84 117 
2 9 469 0 468 348 425 278 84 117 
2 9 469 0 468 349 425 278 84 120 
2 9 469 0 468 350 427 278 84 120 
2 9 469 0 468 351 427 277 84 123 
2 9 469 0 468 352 427 277 84 123 
2 9 469 0 468 353 427 277 84 123 
2 9 469 0 468 354 427 277 84 126 
2 9 469 0 468 355 427 277 86 126 
2 9 469 0 468 356 427 276 86 129 
2 9 469 0 468 357 427 276 86 129 
2 9 469 0 468 358 427 276 86 130 
2 9 469 0 468 359 427 276 86 130 
2 9 469 0 468 360 429 275 86 133 
2 9 469 0 468 361 429 275 86 133 
2 9 469 0 468 362 429 275 86 133 
2 9 469 0 468 363 432 275 82 133 
2 9 469 0 468 364 432 277 82 133 
2 9 469 0 468 365 432 277 82 133 
2 9 469 0 468 366 435 277 78 133 
2 9 469 0 468 367 435 277 78 133 
2 9 469 0 468 368 435 279 78 133 
2 9 469 0 468 369 437 279 76 133 
2 9 469 0 468 370 437 279 76 133 
2 9 469 0 468 371 437 282 76 132 
2 9 469 0 468 372 440 282 72 132 
2 9 469 0 468 373 440 282 72 132 
2 9 469 0 468 374 443 282 68 132 
2 9 469 0 468 375 443 282 68 133 
2 9 469 0 468 376 443 282 68 133 
2 9 469 0 468 377 446 282 64 133 
2 9 469 0 468 378 446 284 64 133 
2 9 469 0 468 379 446 284 64 133 
2 9 469 0 468 380 449 284 60 133 
2 9 469 0 468 381 449 284 60 133 
2 9 469 0 468 382 449 286 60 133 
2 9 469 0 468 383 450 286 58 133 
2 9 469 0 468 384 450 286 58 133 
2 9 469 0 468 385 452 288 58 133 
2 9 469 0 468 386 452 288 58 133 
2 9 469 0 468 387 452 288 58 133 
2 9 469 0 468 388 455 288 56 133 
2 9 469 0 468 389 455 288 56 133 
2 9 469 0 468 390 457 288 56 133 
2 9 469 0 468 391 457 288 56 133 
2 9 469 0 468 392 457 289 58 133 
2 9 469 0 468 393 457 289 58 133 
2 9 469 0 468 394 456 289 62 133 
2 9 469 0 468 395 459 289 58 133 
2 9 469 0 468 396 459 289 60 133 
2 9 469 0 468 397 462 289 56 133 
2 9 469 0 468 398 461 291 60 133 
2 9 469 0 468 399 464 291 56 133 
2 9 469 0 468 400 463 291 60 133 
2 9 469 0 468 401 463 291 60 133 
2 9 469 0 468 402 465 291 60 133 
2 9 469 0 468 403 465 291 60 133 
2 9 469 0 468 404 465 291 62 133 
2 9 469 0 468 405 465 293 62 133 
2 9 469 0 468 406 468 293 60 133 
2 9 469 0 468 407 468 293 60 133 
2 9 469 0 468 408 470 293 60 133 
2 9 469 0 468 409 470 293 60 133 
2 9 469 0 468 410 469 293 64 133 
2 9 469 0 468 411 472 295 60 133 
2 9 469 0 468 412 471 295 64 133 
2 9 469 0 468 413 472 295 62 133 
2 9 469 0 468 414 472 295 64 133 
2 9 469 0 468 415 475 295 60 133 
2 9 469 0 468 416 474 295 64 133 
2 9 469 0 468 417 474 295 64 133 
2 9 469 0 468 418 476 298 64 132 
2 9 469 0 468 419 476 298 64 132 
2 9 469 0 468 420 478 298 64 132 
2 9 469 0 468 421 478 298 64 132 
2 9 469 0 468 422 480 298 64 132 
2 9 469 0 468 423 480 298 64 132 
2 9 469 0 468 424 481 298 64 133 
2 9 469 0 468 425 481 298 64 133 
2 9 469 0 468 426 481 298 64 133 
2 9 469 0 468 427 483 298 64 136 
2 9 469 0 468 428 483 298 64 136 
2 9 469 0 468 429 482 297 68 139 
2 9 469 0 468 430 485 297 64 139 
2 9 469 0 468 431 484 297 68 142 
2 9 469 0 468 432 487 297 64 142 
2 9 469 0 468 433 486 297 66 142 
2 9 469 0 468 434 486 297 66 144 
2 9 469 0 468 435 487 297 68 144 
2 9 469 0 468 436 487 299 68 144 
2 9 469 0 468 437 489 299 68 144 
2 9 469 0 468 438 489 298 68 147 
2 9 469 0 468 439 488 298 72 147 
2 9 469 0 468 440 491 298 68 147 
2 9 469 0 468 441 490 298 72 150 
2 9 469 0 468 442 493 298 68 150 
2 9 469 0 468 443 492 297 70 151 
2 9 469 0 468 444 492 297 70 151 
2 9 469 0 468 445 494 297 70 154 
2 9 469 0 468 446 494 297 70 154 
2 9 469 0 468 447 495 299 72 154 
2 9 469 0 468 448 495 299 72 154 
2 9 469 0 468 449 495 299 72 154 
2 9 469 0 468 450 495 299 72 154 
2 9 469 0 468 451 498 299 68 154 
2 9 469 0 468 452 501 299 64 154 
2 9 469 0 468 453 504 299 60 154 
2 9 469 0 468 454 504 299 62 154 
2 9 469 0 468 455 507 299 58 154 
2 9 469 0 468 456 510 299 54 154 
2 9 469 0 468 457 513 299 50 154 
2 9 469 0 468 458 516 299 48 154 
2 9 469 0 468 459 516 299 48 154 
2 9 469 0 468 460 516 299 48 154 
2 9 469 0 468 461 516 299 48 154 
2 9 469 0 468 462 516 299 48 154 
2 9 469 0 468 463 516 299 48 154 
2 9 469 0 468 464 516 299 48 154 
2 9 469 0 468 465 516 299 48 154 
2 9 469 0 468 466 516 299 48 154 
2 9 469 0 468 467 516 299 48 154 
2 9 469 0 468 468 516 299 48 154 
