0 12 66 80 145 80 594 279 169 154 
0 12 66 80 145 81 594 279 169 154 
0 12 66 80 145 82 594 279 169 154 
0 12 66 80 145 83 594 279 169 154 
0 12 66 80 145 84 594 279 169 154 
0 12 66 80 145 85 594 279 169 154 
0 12 66 80 145 86 594 279 169 154 
0 12 66 80 145 87 594 279 169 154 
0 12 66 80 145 88 594 279 169 154 
0 12 66 80 145 89 594 279 169 154 
0 12 66 80 145 90 594 279 169 154 
0 12 66 80 145 91 594 279 169 154 
0 12 66 80 145 92 594 279 169 154 
0 12 66 80 145 93 594 279 169 154 
0 12 66 80 145 94 594 279 169 154 
0 12 66 80 145 95 594 279 169 154 
0 12 66 80 145 96 594 279 169 154 
0 12 66 80 145 97 594 279 169 154 
0 12 66 80 145 98 594 279 169 154 
0 12 66 80 145 99 594 279 169 154 
0 12 66 80 145 100 594 279 169 154 
0 12 66 80 145 101 594 279 169 154 
0 12 66 80 145 102 594 279 169 154 
0 12 66 80 145 103 594 279 169 154 
0 12 66 80 145 104 594 279 169 154 
0 12 66 80 145 105 594 279 169 154 
0 12 66 80 145 106 594 279 169 154 
0 12 66 80 145 107 594 279 169 154 
0 12 66 80 145 108 594 279 169 154 
0 12 66 80 145 109 594 279 169 154 
0 12 66 80 145 110 594 279 169 154 
0 12 66 80 145 111 594 279 169 154 
0 12 66 80 145 112 594 279 169 154 
0 12 66 80 145 113 594 279 169 154 
0 12 66 80 145 114 594 279 169 154 
0 12 66 80 145 115 594 279 169 154 
0 12 66 80 145 116 594 279 169 154 
0 12 66 80 145 117 594 279 169 154 
0 12 66 80 145 118 594 279 169 154 
0 12 66 80 145 119 594 279 169 154 
0 12 66 80 145 120 594 279 169 154 
0 12 66 80 145 121 594 279 169 154 
0 12 66 80 145 122 594 279 169 154 
0 12 66 80 145 123 594 279 169 154 
0 12 66 80 145 124 594 279 169 154 
0 12 66 80 145 125 594 279 169 154 
0 12 66 80 145 126 594 279 169 154 
0 12 66 80 145 127 594 279 169 154 
0 12 66 80 145 128 594 279 169 154 
0 12 66 80 145 129 594 279 169 154 
0 12 66 80 145 130 594 279 169 154 
0 12 66 80 145 131 594 279 169 154 
0 12 66 80 145 132 594 279 169 154 
0 12 66 80 145 133 594 279 169 154 
0 12 66 80 145 134 594 279 169 154 
0 12 66 80 145 135 594 279 169 154 
0 12 66 80 145 136 594 279 169 154 
0 12 66 80 145 137 594 279 169 154 
0 12 66 80 145 138 594 279 169 154 
0 12 66 80 145 139 594 279 169 154 
0 12 66 80 145 140 594 279 169 154 
0 12 66 80 145 141 594 279 169 154 
0 12 66 80 145 142 594 279 169 154 
0 12 66 80 145 143 594 279 169 154 
0 12 66 80 145 144 594 279 169 154 
0 12 66 80 145 145 594 279 169 154 
1 9 60 141 200 141 618 279 78 153 
1 9 60 141 200 142 619 281 74 151 
1 9 60 141 200 143 615 282 76 150 
1 9 60 141 200 144 613 282 76 150 
1 9 60 141 200 145 612 282 74 150 
1 9 60 141 200 146 610 282 74 150 
1 9 60 141 200 147 605 282 78 150 
1 9 60 141 200 148 605 282 74 150 
1 9 60 141 200 149 603 282 74 150 
1 9 60 141 200 150 601 282 74 150 
1 9 60 141 200 151 599 282 76 150 
1 9 60 141 200 152 595 282 78 150 
1 9 60 141 200 153 594 282 74 150 
1 9 60 141 200 154 592 282 74 150 
1 9 60 141 200 155 590 282 76 150 
1 9 60 141 200 156 586 282 78 147 
1 9 60 141 200 157 584 282 78 147 
1 9 60 141 200 158 582 282 78 147 
1 9 60 141 200 159 581 282 76 147 
1 9 60 141 200 160 580 282 74 147 
1 9 60 141 200 161 575 282 78 147 
1 9 60 141 200 162 573 282 78 147 
1 9 60 141 200 163 572 282 78 147 
1 9 60 141 200 164 571 282 74 147 
1 9 60 141 200 165 566 282 78 147 
1 9 60 141 200 166 564 282 80 147 
1 9 60 141 200 167 563 282 78 147 
1 9 60 141 200 168 561 282 78 147 
1 9 60 141 200 169 559 285 78 144 
1 9 60 141 200 170 556 283 80 144 
1 9 60 141 200 171 553 283 82 144 
1 9 60 141 200 172 551 283 82 144 
1 9 60 141 200 173 546 283 86 144 
1 9 60 141 200 174 546 283 84 144 
1 9 60 141 200 175 543 283 86 141 
1 9 60 141 200 176 541 283 86 141 
1 9 60 141 200 177 538 283 88 141 
1 9 60 141 200 178 536 283 88 141 
1 9 60 141 200 179 534 283 88 141 
1 9 60 141 200 180 531 283 92 141 
1 9 60 141 200 181 528 281 94 142 
1 9 60 141 200 182 528 281 92 142 
1 9 60 141 200 183 529 281 88 142 
1 9 60 141 200 184 526 281 92 142 
1 9 60 141 200 185 527 281 88 142 
1 9 60 141 200 186 524 281 90 139 
1 9 60 141 200 187 521 281 94 139 
1 9 60 141 200 188 522 281 90 139 
1 9 60 141 200 189 522 281 88 139 
1 9 60 141 200 190 522 280 88 141 
1 9 60 141 200 191 520 280 88 141 
1 9 60 141 200 192 521 281 84 138 
1 9 60 141 200 193 518 281 88 138 
1 9 60 141 200 194 515 281 90 138 
1 9 60 141 200 195 516 281 86 138 
1 9 60 141 200 196 514 281 86 138 
1 9 60 141 200 197 514 281 86 135 
1 9 60 141 200 198 514 281 84 135 
1 9 60 141 200 199 514 279 82 138 
1 9 60 141 200 200 511 279 86 138 
2 9 130 358 487 358 383 252 86 120 
2 9 130 358 487 359 383 252 86 120 
2 9 130 358 487 360 383 252 86 120 
2 9 130 358 487 361 381 252 86 120 
2 9 130 358 487 362 381 249 86 123 
2 9 130 358 487 363 381 249 86 123 
2 9 130 358 487 364 378 249 90 123 
2 9 130 358 487 365 379 250 86 120 
2 9 130 358 487 366 379 250 86 120 
2 9 130 358 487 367 378 250 88 120 
2 9 130 358 487 368 378 250 88 120 
2 9 130 358 487 369 379 250 84 120 
2 9 130 358 487 370 376 250 88 120 
2 9 130 358 487 371 376 250 88 120 
2 9 130 358 487 372 376 250 88 120 
2 9 130 358 487 373 374 248 88 120 
2 9 130 358 487 374 374 248 88 120 
2 9 130 358 487 375 374 248 88 120 
2 9 130 358 487 376 374 248 88 120 
2 9 130 358 487 377 374 248 86 120 
2 9 130 358 487 378 374 248 86 120 
2 9 130 358 487 379 374 248 86 120 
2 9 130 358 487 380 374 248 86 120 
2 9 130 358 487 381 375 248 82 120 
2 9 130 358 487 382 375 248 82 120 
2 9 130 358 487 383 375 248 82 117 
2 9 130 358 487 384 375 248 82 117 
2 9 130 358 487 385 376 248 78 117 
2 9 130 358 487 386 376 248 78 117 
2 9 130 358 487 387 376 248 78 117 
2 9 130 358 487 388 373 246 82 120 
2 9 130 358 487 389 373 246 82 120 
2 9 130 358 487 390 374 246 78 120 
2 9 130 358 487 391 374 246 78 120 
2 9 130 358 487 392 374 246 78 120 
2 9 130 358 487 393 374 246 78 117 
2 9 130 358 487 394 375 246 76 117 
2 9 130 358 487 395 375 246 76 117 
2 9 130 358 487 396 375 246 76 117 
2 9 130 358 487 397 375 246 76 117 
2 9 130 358 487 398 376 246 72 117 
2 9 130 358 487 399 376 246 72 117 
2 9 130 358 487 400 376 246 72 117 
2 9 130 358 487 401 376 246 72 117 
2 9 130 358 487 402 376 246 72 117 
2 9 130 358 487 403 374 244 72 118 
2 9 130 358 487 404 374 244 72 118 
2 9 130 358 487 405 373 244 70 118 
2 9 130 358 487 406 373 244 70 118 
2 9 130 358 487 407 371 244 70 118 
2 9 130 358 487 408 371 244 70 118 
2 9 130 358 487 409 369 244 72 118 
2 9 130 358 487 410 369 244 72 118 
2 9 130 358 487 411 367 244 72 118 
2 9 130 358 487 412 367 244 72 118 
2 9 130 358 487 413 367 244 72 118 
2 9 130 358 487 414 366 244 70 118 
2 9 130 358 487 415 366 244 70 118 
2 9 130 358 487 416 364 244 70 118 
2 9 130 358 487 417 364 244 70 118 
2 9 130 358 487 418 362 244 72 118 
2 9 130 358 487 419 362 244 72 118 
2 9 130 358 487 420 360 244 72 118 
2 9 130 358 487 421 360 244 72 118 
2 9 130 358 487 422 358 244 72 118 
2 9 130 358 487 423 358 244 72 118 
2 9 130 358 487 424 358 244 72 118 
2 9 130 358 487 425 357 244 70 118 
2 9 130 358 487 426 357 244 70 118 
2 9 130 358 487 427 355 244 70 118 
2 9 130 358 487 428 355 244 70 118 
2 9 130 358 487 429 353 244 72 118 
2 9 130 358 487 430 353 244 72 118 
2 9 130 358 487 431 351 244 72 118 
2 9 130 358 487 432 351 244 72 118 
2 9 130 358 487 433 350 244 70 118 
2 9 130 358 487 434 350 244 70 118 
2 9 130 358 487 435 350 244 70 118 
2 9 130 358 487 436 348 244 70 118 
2 9 130 358 487 437 348 244 70 118 
2 9 130 358 487 438 346 244 72 118 
2 9 130 358 487 439 346 244 72 118 
2 9 130 358 487 440 344 244 72 118 
2 9 130 358 487 441 344 244 72 118 
2 9 130 358 487 442 342 244 72 118 
2 9 130 358 487 443 342 244 72 118 
2 9 130 358 487 444 342 244 72 118 
2 9 130 358 487 445 341 243 70 117 
2 9 130 358 487 446 341 243 70 117 
2 9 130 358 487 447 341 243 70 117 
2 9 130 358 487 448 342 243 66 117 
2 9 130 358 487 449 339 243 70 117 
2 9 130 358 487 450 339 243 70 117 
2 9 130 358 487 451 339 243 70 117 
2 9 130 358 487 452 340 243 68 117 
2 9 130 358 487 453 340 243 68 117 
2 9 130 358 487 454 337 243 72 117 
2 9 130 358 487 455 337 243 72 117 
2 9 130 358 487 456 338 243 68 117 
2 9 130 358 487 457 338 243 68 117 
2 9 130 358 487 458 338 243 68 117 
2 9 130 358 487 459 335 243 72 117 
2 9 130 358 487 460 336 243 68 117 
2 9 130 358 487 461 336 243 68 117 
2 9 130 358 487 462 336 243 68 117 
2 9 130 358 487 463 336 243 68 117 
2 9 130 358 487 464 335 243 66 117 
2 9 130 358 487 465 335 243 66 117 
2 9 130 358 487 466 335 241 66 117 
2 9 130 358 487 467 335 241 66 117 
2 9 130 358 487 468 333 241 68 117 
2 9 130 358 487 469 333 241 68 117 
2 9 130 358 487 470 333 241 68 117 
2 9 130 358 487 471 333 241 68 117 
2 9 130 358 487 472 334 241 64 117 
2 9 130 358 487 473 331 241 68 117 
2 9 130 358 487 474 331 241 68 117 
2 9 130 358 487 475 331 241 68 117 
2 9 130 358 487 476 332 241 64 117 
2 9 130 358 487 477 332 241 64 117 
2 9 130 358 487 478 329 241 68 117 
2 9 130 358 487 479 329 241 68 117 
2 9 130 358 487 480 330 241 64 117 
2 9 130 358 487 481 330 241 64 117 
2 9 130 358 487 482 330 241 64 117 
2 9 130 358 487 483 327 241 68 117 
2 9 130 358 487 484 328 241 64 117 
2 9 130 358 487 485 328 241 64 117 
2 9 130 358 487 486 328 241 64 117 
2 9 130 358 487 487 328 241 64 117 
3 9 36 0 35 0 385 261 52 93 
3 9 36 0 35 1 385 262 52 90 
3 9 36 0 35 2 387 262 52 90 
3 9 36 0 35 3 387 262 54 90 
3 9 36 0 35 4 389 262 54 90 
3 9 36 0 35 5 391 262 54 90 
3 9 36 0 35 6 394 262 52 90 
3 9 36 0 35 7 394 262 54 90 
3 9 36 0 35 8 396 262 54 90 
3 9 36 0 35 9 398 262 54 90 
3 9 36 0 35 10 401 262 50 90 
3 9 36 0 35 11 404 262 48 90 
3 9 36 0 35 12 404 262 50 90 
3 9 36 0 35 13 406 262 50 90 
3 9 36 0 35 14 408 262 50 88 
3 9 36 0 35 15 410 262 50 88 
3 9 36 0 35 16 411 262 50 88 
3 9 36 0 35 17 413 262 50 88 
3 9 36 0 35 18 415 262 50 88 
3 9 36 0 35 19 417 262 50 88 
3 9 36 0 35 20 417 262 50 88 
3 9 36 0 35 21 420 262 48 88 
3 9 36 0 35 22 420 262 50 88 
3 9 36 0 35 23 422 262 50 88 
3 9 36 0 35 24 424 262 50 88 
3 9 36 0 35 25 426 262 50 88 
3 9 36 0 35 26 427 262 50 88 
3 9 36 0 35 27 429 262 50 85 
3 9 36 0 35 28 431 262 50 85 
3 9 36 0 35 29 433 262 50 85 
3 9 36 0 35 30 436 262 46 85 
3 9 36 0 35 31 437 262 46 85 
3 9 36 0 35 32 439 262 46 85 
3 9 36 0 35 33 441 262 46 85 
3 9 36 0 35 34 443 262 46 85 
3 9 36 0 35 35 444 262 48 85 
