8 9 339 0 338 0 568 541 192 177 
8 9 339 0 338 1 563 538 192 180 
8 9 339 0 338 2 560 536 192 182 
8 9 339 0 338 3 556 534 192 184 
8 9 339 0 338 4 552 532 190 187 
8 9 339 0 338 5 547 531 192 188 
8 9 339 0 338 6 544 529 192 190 
8 9 339 0 338 7 540 524 192 195 
8 9 339 0 338 8 536 523 190 195 
8 9 339 0 338 9 531 521 192 197 
8 9 339 0 338 10 528 518 192 200 
8 9 339 0 338 11 524 516 192 202 
8 9 339 0 338 12 520 514 190 204 
8 9 339 0 338 13 515 510 192 208 
8 9 339 0 338 14 512 508 192 210 
8 9 339 0 338 15 509 506 188 212 
8 9 339 0 338 16 504 505 190 213 
8 9 339 0 338 17 499 503 192 215 
8 9 339 0 338 18 496 501 192 217 
8 9 339 0 338 19 493 496 188 222 
8 9 339 0 338 20 488 495 190 223 
8 9 339 0 338 21 486 493 188 225 
8 9 339 0 338 22 480 491 192 228 
8 9 339 0 338 23 477 489 188 230 
8 9 339 0 338 24 472 488 190 231 
8 9 339 0 338 25 470 483 188 236 
8 9 339 0 338 26 465 481 188 238 
8 9 339 0 338 27 461 479 188 240 
8 9 339 0 338 28 456 477 190 241 
8 9 339 0 338 29 454 475 188 243 
8 9 339 0 338 30 449 473 188 245 
8 9 339 0 338 31 445 470 188 249 
8 9 339 0 338 32 440 467 190 251 
8 9 339 0 338 33 438 465 188 253 
8 9 339 0 338 34 433 463 188 255 
8 9 339 0 338 35 429 461 188 256 
8 9 339 0 338 36 424 460 190 255 
8 9 339 0 338 37 423 455 184 261 
8 9 339 0 338 38 418 453 186 262 
8 9 339 0 338 39 413 452 188 261 
8 9 339 0 338 40 408 450 190 264 
8 9 339 0 338 41 407 448 184 264 
8 9 339 0 338 42 402 446 186 264 
8 9 339 0 338 43 397 442 188 268 
8 9 339 0 338 44 392 440 190 268 
8 9 339 0 338 45 391 438 184 270 
8 9 339 0 338 46 386 435 186 273 
8 9 339 0 338 47 381 434 188 271 
8 9 339 0 338 48 377 432 186 271 
8 9 339 0 338 49 375 427 184 277 
8 9 339 0 338 50 370 425 186 277 
8 9 339 0 338 51 365 424 188 277 
8 9 339 0 338 52 361 422 186 280 
8 9 339 0 338 53 359 420 184 280 
8 9 339 0 338 54 354 418 186 280 
8 9 339 0 338 55 352 417 184 282 
8 9 339 0 338 56 347 415 186 282 
8 9 339 0 338 57 345 413 184 282 
8 9 339 0 338 58 343 413 182 280 
8 9 339 0 338 59 339 411 182 280 
8 9 339 0 338 60 339 411 180 277 
8 9 339 0 338 61 334 409 182 277 
8 9 339 0 338 62 333 410 178 276 
8 9 339 0 338 63 330 409 178 274 
8 9 339 0 338 64 328 407 178 274 
8 9 339 0 338 65 324 407 178 271 
8 9 339 0 338 66 324 405 174 271 
8 9 339 0 338 67 320 406 174 270 
8 9 339 0 338 68 318 404 174 270 
8 9 339 0 338 69 315 404 174 267 
8 9 339 0 338 70 314 403 170 265 
8 9 339 0 338 71 310 401 172 267 
8 9 339 0 338 72 309 402 170 264 
8 9 339 0 338 73 305 400 170 264 
8 9 339 0 338 74 304 400 168 261 
8 9 339 0 338 75 301 398 166 261 
8 9 339 0 338 76 299 398 166 259 
8 9 339 0 338 77 295 396 168 259 
8 9 339 0 338 78 294 396 166 258 
8 9 339 0 338 79 292 396 166 255 
8 9 339 0 338 80 291 394 164 256 
8 9 339 0 338 81 289 392 164 256 
8 9 339 0 338 82 287 392 164 253 
8 9 339 0 338 83 283 390 166 256 
8 9 339 0 338 84 282 389 164 255 
8 9 339 0 338 85 280 390 164 252 
8 9 339 0 338 86 279 387 162 253 
8 9 339 0 338 87 278 385 160 253 
8 9 339 0 338 88 276 386 160 250 
8 9 339 0 338 89 274 384 160 250 
8 9 339 0 338 90 270 384 162 250 
8 9 339 0 338 91 269 382 160 252 
8 9 339 0 338 92 267 381 160 250 
8 9 339 0 338 93 265 381 160 247 
8 9 339 0 338 94 264 379 160 247 
8 9 339 0 338 95 263 377 156 247 
8 9 339 0 338 96 261 378 156 246 
8 9 339 0 338 97 256 375 160 249 
8 9 339 0 338 98 256 374 156 247 
8 9 339 0 338 99 254 375 156 244 
8 9 339 0 338 100 252 373 156 244 
8 9 339 0 338 101 249 373 158 243 
8 9 339 0 338 102 250 371 152 243 
8 9 339 0 338 103 245 369 156 246 
8 9 339 0 338 104 243 369 156 243 
8 9 339 0 338 105 241 367 154 243 
8 9 339 0 338 106 241 366 152 241 
8 9 339 0 338 107 239 367 152 240 
8 9 339 0 338 108 236 365 154 240 
8 9 339 0 338 109 235 363 150 240 
8 9 339 0 338 110 232 363 152 240 
8 9 339 0 338 111 230 361 152 240 
8 9 339 0 338 112 227 361 154 238 
8 9 339 0 338 113 226 360 150 237 
8 9 339 0 338 114 226 358 148 237 
8 9 339 0 338 115 223 359 150 234 
8 9 339 0 338 116 222 357 146 234 
8 9 339 0 338 117 219 354 148 237 
8 9 339 0 338 118 217 354 148 235 
8 9 339 0 338 119 214 352 150 235 
8 9 339 0 338 120 213 352 146 234 
8 9 339 0 338 121 211 352 146 231 
8 9 339 0 338 122 210 350 146 232 
8 9 339 0 338 123 208 350 146 232 
8 9 339 0 338 124 206 348 146 232 
8 9 339 0 338 125 204 348 146 229 
8 9 339 0 338 126 204 346 144 232 
8 9 339 0 338 127 201 346 146 229 
8 9 339 0 338 128 199 346 146 229 
8 9 339 0 338 129 200 346 142 228 
8 9 339 0 338 130 198 346 142 228 
8 9 339 0 338 131 196 346 144 226 
8 9 339 0 338 132 195 344 142 226 
8 9 339 0 338 133 193 344 142 226 
8 9 339 0 338 134 191 344 142 223 
8 9 339 0 338 135 192 342 138 226 
8 9 339 0 338 136 190 342 140 223 
8 9 339 0 338 137 189 342 138 223 
8 9 339 0 338 138 187 340 138 225 
8 9 339 0 338 139 185 340 138 225 
8 9 339 0 338 140 183 338 140 225 
8 9 339 0 338 141 184 339 136 222 
8 9 339 0 338 142 182 339 136 222 
8 9 339 0 338 143 181 338 134 220 
8 9 339 0 338 144 178 338 138 220 
8 9 339 0 338 145 176 338 138 217 
8 9 339 0 338 146 174 336 140 220 
8 9 339 0 338 147 175 336 136 219 
8 9 339 0 338 148 174 337 134 216 
8 9 339 0 338 149 172 334 134 219 
8 9 339 0 338 150 170 335 136 216 
8 9 339 0 338 151 168 335 136 216 
8 9 339 0 338 152 166 333 136 216 
8 9 339 0 338 153 167 333 132 216 
8 9 339 0 338 154 166 333 130 214 
8 9 339 0 338 155 164 332 132 216 
8 9 339 0 338 156 162 332 132 213 
8 9 339 0 338 157 160 330 132 213 
8 9 339 0 338 158 159 330 130 213 
8 9 339 0 338 159 160 331 128 210 
8 9 339 0 338 160 158 328 128 213 
8 9 339 0 338 161 156 329 128 210 
8 9 339 0 338 162 154 329 128 210 
8 9 339 0 338 163 152 326 128 211 
8 9 339 0 338 164 152 326 128 211 
8 9 339 0 338 165 151 327 128 208 
8 9 339 0 338 166 149 325 128 208 
8 9 339 0 338 167 147 325 128 208 
8 9 339 0 338 168 145 325 128 205 
8 9 339 0 338 169 144 324 128 207 
8 9 339 0 338 170 145 324 124 205 
8 9 339 0 338 171 143 324 124 205 
8 9 339 0 338 172 141 322 124 205 
8 9 339 0 338 173 139 323 124 202 
8 9 339 0 338 174 136 320 126 205 
8 9 339 0 338 175 136 321 124 202 
8 9 339 0 338 176 137 321 120 202 
8 9 339 0 338 177 135 319 120 202 
8 9 339 0 338 178 132 319 122 202 
8 9 339 0 338 179 130 319 122 201 
8 9 339 0 338 180 130 318 120 202 
8 9 339 0 338 181 128 318 120 199 
8 9 339 0 338 182 129 319 116 196 
8 9 339 0 338 183 126 316 118 199 
8 9 339 0 338 184 124 317 118 196 
8 9 339 0 338 185 121 317 122 196 
8 9 339 0 338 186 121 315 120 198 
8 9 339 0 338 187 119 315 120 198 
8 9 339 0 338 188 119 315 118 195 
8 9 339 0 338 189 117 313 118 195 
8 9 339 0 338 190 115 313 118 195 
8 9 339 0 338 191 115 311 116 195 
8 9 339 0 338 192 113 311 116 195 
8 9 339 0 338 193 110 312 118 192 
8 9 339 0 338 194 111 310 114 193 
8 9 339 0 338 195 109 311 114 192 
8 9 339 0 338 196 107 311 114 192 
8 9 339 0 338 197 106 309 114 192 
8 9 339 0 338 198 104 309 114 189 
8 9 339 0 338 199 102 309 114 189 
8 9 339 0 338 200 103 307 110 189 
8 9 339 0 338 201 101 307 110 189 
8 9 339 0 338 202 100 307 110 187 
8 9 339 0 338 203 98 305 110 190 
8 9 339 0 338 204 96 305 110 187 
8 9 339 0 338 205 96 305 110 187 
8 9 339 0 338 206 94 305 110 186 
8 9 339 0 338 207 92 305 112 186 
8 9 339 0 338 208 92 305 112 183 
8 9 339 0 338 209 91 305 110 183 
8 9 339 0 338 210 92 303 106 183 
8 9 339 0 338 211 89 303 110 183 
8 9 339 0 338 212 90 303 106 183 
8 9 339 0 338 213 88 303 106 181 
8 9 339 0 338 214 88 303 106 181 
8 9 339 0 338 215 86 301 108 181 
8 9 339 0 338 216 87 301 104 181 
8 9 339 0 338 217 85 301 106 181 
8 9 339 0 338 218 83 302 106 178 
8 9 339 0 338 219 84 299 102 181 
8 9 339 0 338 220 81 300 106 178 
8 9 339 0 338 221 82 300 104 178 
8 9 339 0 338 222 79 300 108 178 
8 9 339 0 338 223 80 300 104 177 
8 9 339 0 338 224 78 298 104 180 
8 9 339 0 338 225 78 298 104 177 
8 9 339 0 338 226 77 298 102 177 
8 9 339 0 338 227 78 298 98 177 
8 9 339 0 338 228 75 297 102 175 
8 9 339 0 338 229 73 297 104 175 
8 9 339 0 338 230 74 298 100 172 
8 9 339 0 338 231 71 298 104 172 
8 9 339 0 338 232 72 298 100 172 
8 9 339 0 338 233 71 296 98 172 
8 9 339 0 338 234 71 296 98 172 
8 9 339 0 338 235 69 296 100 171 
8 9 339 0 338 236 69 296 100 171 
8 9 339 0 338 237 67 294 100 171 
8 9 339 0 338 238 68 294 96 171 
8 9 339 0 338 239 65 294 100 171 
8 9 339 0 338 240 66 295 96 168 
8 9 339 0 338 241 64 295 96 168 
8 9 339 0 338 242 62 293 98 168 
8 9 339 0 338 243 63 293 96 168 
8 9 339 0 338 244 61 293 96 168 
8 9 339 0 338 245 61 293 96 166 
8 9 339 0 338 246 59 292 96 168 
8 9 339 0 338 247 60 292 92 165 
8 9 339 0 338 248 57 292 96 165 
8 9 339 0 338 249 57 292 94 165 
8 9 339 0 338 250 56 293 96 162 
8 9 339 0 338 251 57 290 92 165 
8 9 339 0 338 252 55 291 92 162 
8 9 339 0 338 253 52 291 96 162 
8 9 339 0 338 254 53 291 92 162 
8 9 339 0 338 255 51 289 92 162 
8 9 339 0 338 256 51 289 92 162 
8 9 339 0 338 257 48 289 94 160 
8 9 339 0 338 258 49 289 90 160 
8 9 339 0 338 259 48 289 92 160 
8 9 339 0 338 260 49 287 88 160 
8 9 339 0 338 261 47 287 88 160 
8 9 339 0 338 262 47 287 88 157 
8 9 339 0 338 263 44 287 90 157 
8 9 339 0 338 264 44 287 90 157 
8 9 339 0 338 265 42 285 90 157 
8 9 339 0 338 266 42 285 88 157 
8 9 339 0 338 267 40 285 88 157 
8 9 339 0 338 268 38 284 88 157 
8 9 339 0 338 269 35 284 90 157 
8 9 339 0 338 270 33 284 90 157 
8 9 339 0 338 271 33 284 88 157 
8 9 339 0 338 272 31 282 88 157 
8 9 339 0 338 273 28 282 90 157 
8 9 339 0 338 274 26 282 90 157 
8 9 339 0 338 275 26 280 88 157 
8 9 339 0 338 276 24 280 88 157 
8 9 339 0 338 277 22 280 88 157 
8 9 339 0 338 278 19 280 90 157 
8 9 339 0 338 279 17 278 90 157 
8 9 339 0 338 280 17 278 88 157 
8 9 339 0 338 281 15 278 88 157 
8 9 339 0 338 282 12 278 90 156 
8 9 339 0 338 283 10 278 90 156 
8 9 339 0 338 284 10 278 88 156 
8 9 339 0 338 285 8 278 88 156 
8 9 339 0 338 286 6 275 88 157 
8 9 339 0 338 287 3 275 90 157 
8 9 339 0 338 288 1 275 90 157 
8 9 339 0 338 289 1 273 88 157 
8 9 339 0 338 290 0 273 87 157 
8 9 339 0 338 291 0 273 86 157 
8 9 339 0 338 292 0 273 86 157 
8 9 339 0 338 293 0 271 84 157 
8 9 339 0 338 294 0 271 81 157 
8 9 339 0 338 295 0 271 79 157 
8 9 339 0 338 296 0 271 76 157 
8 9 339 0 338 297 0 271 75 157 
8 9 339 0 338 298 0 271 72 157 
8 9 339 0 338 299 0 271 70 157 
8 9 339 0 338 300 0 271 67 157 
8 9 339 0 338 301 0 269 67 157 
8 9 339 0 338 302 0 269 64 157 
8 9 339 0 338 303 0 269 64 157 
8 9 339 0 338 304 0 269 62 157 
8 9 339 0 338 305 0 269 62 157 
8 9 339 0 338 306 0 269 59 157 
8 9 339 0 338 307 0 269 59 157 
8 9 339 0 338 308 0 268 56 157 
8 9 339 0 338 309 0 268 55 157 
8 9 339 0 338 310 0 268 56 157 
8 9 339 0 338 311 0 268 53 157 
8 9 339 0 338 312 0 268 53 157 
8 9 339 0 338 313 0 268 51 157 
8 9 339 0 338 314 0 268 51 157 
8 9 339 0 338 315 0 266 48 157 
8 9 339 0 338 316 0 266 47 157 
8 9 339 0 338 317 0 266 47 157 
8 9 339 0 338 318 0 266 44 157 
8 9 339 0 338 319 0 266 45 157 
8 9 339 0 338 320 0 266 42 157 
8 9 339 0 338 321 0 266 42 157 
8 9 339 0 338 322 0 264 39 157 
8 9 339 0 338 323 0 264 36 157 
8 9 339 0 338 324 0 264 34 157 
8 9 339 0 338 325 0 264 34 157 
8 9 339 0 338 326 0 264 31 157 
8 9 339 0 338 327 0 264 28 157 
8 9 339 0 338 328 0 264 28 157 
8 9 339 0 338 329 0 264 25 157 
8 9 339 0 338 330 0 264 24 157 
8 9 339 0 338 331 0 264 24 157 
8 9 339 0 338 332 0 264 21 157 
8 9 339 0 338 333 0 264 18 157 
8 9 339 0 338 334 0 264 18 157 
8 9 339 0 338 335 0 264 18 157 
8 9 339 0 338 336 0 264 18 157 
8 9 339 0 338 337 0 264 18 157 
8 9 339 0 338 338 0 264 18 157 
9 11 124 545 668 545 272 220 87 69 
9 11 124 545 668 546 272 220 87 69 
9 11 124 545 668 547 272 220 87 69 
9 11 124 545 668 548 272 220 87 69 
9 11 124 545 668 549 272 220 87 69 
9 11 124 545 668 550 272 220 87 69 
9 11 124 545 668 551 272 220 87 69 
9 11 124 545 668 552 272 220 87 69 
9 11 124 545 668 553 272 220 87 69 
9 11 124 545 668 554 272 220 87 69 
9 11 124 545 668 555 272 220 87 69 
9 11 124 545 668 556 272 220 87 69 
9 11 124 545 668 557 272 220 87 69 
9 11 124 545 668 558 272 220 87 69 
9 11 124 545 668 559 272 220 87 69 
9 11 124 545 668 560 272 220 87 69 
9 11 124 545 668 561 272 220 87 69 
9 11 124 545 668 562 272 220 87 69 
9 11 124 545 668 563 272 220 87 69 
9 11 124 545 668 564 272 220 87 69 
9 11 124 545 668 565 272 220 87 69 
9 11 124 545 668 566 272 220 87 69 
9 11 124 545 668 567 272 220 87 69 
9 11 124 545 668 568 272 220 87 69 
9 11 124 545 668 569 272 220 87 69 
9 11 124 545 668 570 272 220 87 69 
9 11 124 545 668 571 272 220 87 69 
9 11 124 545 668 572 272 220 87 69 
9 11 124 545 668 573 272 220 87 69 
9 11 124 545 668 574 272 220 87 69 
9 11 124 545 668 575 272 220 87 69 
9 11 124 545 668 576 272 220 87 69 
9 11 124 545 668 577 272 220 87 69 
9 11 124 545 668 578 272 220 87 69 
9 11 124 545 668 579 272 220 87 69 
9 11 124 545 668 580 272 220 87 69 
9 11 124 545 668 581 272 220 87 69 
9 11 124 545 668 582 272 220 87 69 
9 11 124 545 668 583 272 220 87 69 
9 11 124 545 668 584 272 220 87 69 
9 11 124 545 668 585 272 220 87 69 
9 11 124 545 668 586 272 220 87 69 
9 11 124 545 668 587 272 220 87 69 
9 11 124 545 668 588 272 220 87 69 
9 11 124 545 668 589 272 220 87 69 
9 11 124 545 668 590 272 220 87 69 
9 11 124 545 668 591 272 220 87 69 
9 11 124 545 668 592 272 220 87 69 
9 11 124 545 668 593 272 220 87 69 
9 11 124 545 668 594 272 220 87 69 
9 11 124 545 668 595 272 220 87 69 
9 11 124 545 668 596 272 220 87 69 
9 11 124 545 668 597 272 220 87 69 
9 11 124 545 668 598 272 220 87 69 
9 11 124 545 668 599 272 220 87 69 
9 11 124 545 668 600 272 220 87 69 
9 11 124 545 668 601 272 220 87 69 
9 11 124 545 668 602 272 220 87 69 
9 11 124 545 668 603 272 220 87 69 
9 11 124 545 668 604 272 220 87 69 
9 11 124 545 668 605 272 220 87 69 
9 11 124 545 668 606 272 220 87 69 
9 11 124 545 668 607 272 220 87 69 
9 11 124 545 668 608 272 220 87 69 
9 11 124 545 668 609 272 220 87 69 
9 11 124 545 668 610 272 220 87 69 
9 11 124 545 668 611 272 220 87 69 
9 11 124 545 668 612 272 220 87 69 
9 11 124 545 668 613 272 220 87 69 
9 11 124 545 668 614 272 220 87 69 
9 11 124 545 668 615 272 220 87 69 
9 11 124 545 668 616 272 220 87 69 
9 11 124 545 668 617 272 220 87 69 
9 11 124 545 668 618 272 220 87 69 
9 11 124 545 668 619 272 220 87 69 
9 11 124 545 668 620 272 220 87 69 
9 11 124 545 668 621 272 220 87 69 
9 11 124 545 668 622 272 220 87 69 
9 11 124 545 668 623 272 220 87 69 
9 11 124 545 668 624 272 220 87 69 
9 11 124 545 668 625 272 220 87 69 
9 11 124 545 668 626 272 220 87 69 
9 11 124 545 668 627 272 220 87 69 
9 11 124 545 668 628 272 220 87 69 
9 11 124 545 668 629 272 220 87 69 
9 11 124 545 668 630 272 220 87 69 
9 11 124 545 668 631 272 220 87 69 
9 11 124 545 668 632 272 220 87 69 
9 11 124 545 668 633 272 220 87 69 
9 11 124 545 668 634 272 220 87 69 
9 11 124 545 668 635 272 220 87 69 
9 11 124 545 668 636 272 220 87 69 
9 11 124 545 668 637 272 220 87 69 
9 11 124 545 668 638 272 220 87 69 
9 11 124 545 668 639 272 220 87 69 
9 11 124 545 668 640 272 220 87 69 
9 11 124 545 668 641 272 220 87 69 
9 11 124 545 668 642 272 220 87 69 
9 11 124 545 668 643 272 220 87 69 
9 11 124 545 668 644 272 220 87 69 
9 11 124 545 668 645 272 220 87 69 
9 11 124 545 668 646 272 220 87 69 
9 11 124 545 668 647 272 220 87 69 
9 11 124 545 668 648 272 220 87 69 
9 11 124 545 668 649 272 220 87 69 
9 11 124 545 668 650 272 220 87 69 
9 11 124 545 668 651 272 220 87 69 
9 11 124 545 668 652 272 220 87 69 
9 11 124 545 668 653 272 220 87 69 
9 11 124 545 668 654 272 220 87 69 
9 11 124 545 668 655 272 220 87 69 
9 11 124 545 668 656 272 220 87 69 
9 11 124 545 668 657 272 220 87 69 
9 11 124 545 668 658 272 220 87 69 
9 11 124 545 668 659 272 220 87 69 
9 11 124 545 668 660 272 220 87 69 
9 11 124 545 668 661 272 220 87 69 
9 11 124 545 668 662 272 220 87 69 
9 11 124 545 668 663 272 220 87 69 
9 11 124 545 668 664 272 220 87 69 
9 11 124 545 668 665 272 220 87 69 
9 11 124 545 668 666 272 220 87 69 
9 11 124 545 668 667 272 220 87 69 
9 11 124 545 668 668 272 220 87 69 
10 9 123 1148 1270 1148 926 556 140 163 
10 9 123 1148 1270 1149 923 551 138 168 
10 9 123 1148 1270 1150 917 549 140 169 
10 9 123 1148 1270 1151 915 547 134 171 
10 9 123 1148 1270 1152 909 542 138 176 
10 9 123 1148 1270 1153 906 541 136 178 
10 9 123 1148 1270 1154 902 538 136 180 
10 9 123 1148 1270 1155 899 533 134 185 
10 9 123 1148 1270 1156 895 531 136 188 
10 9 123 1148 1270 1157 892 529 134 189 
10 9 123 1148 1270 1158 888 527 136 191 
10 9 123 1148 1270 1159 885 524 134 194 
10 9 123 1148 1270 1160 881 522 136 196 
10 9 123 1148 1270 1161 878 521 134 198 
10 9 123 1148 1270 1162 877 518 132 200 
10 9 123 1148 1270 1163 873 516 132 203 
10 9 123 1148 1270 1164 870 513 130 205 
10 9 123 1148 1270 1165 866 511 132 208 
10 9 123 1148 1270 1166 863 509 130 209 
10 9 123 1148 1270 1167 859 507 132 211 
10 9 123 1148 1270 1168 855 504 132 214 
10 9 123 1148 1270 1169 852 502 132 216 
10 9 123 1148 1270 1170 850 501 132 218 
10 9 123 1148 1270 1171 847 498 130 220 
10 9 123 1148 1270 1172 846 496 128 223 
10 9 123 1148 1270 1173 844 493 128 225 
10 9 123 1148 1270 1174 840 491 128 228 
10 9 123 1148 1270 1175 840 489 124 229 
10 9 123 1148 1270 1176 838 487 124 231 
10 9 123 1148 1270 1177 832 482 128 236 
10 9 123 1148 1270 1178 825 481 132 238 
10 9 123 1148 1270 1179 819 478 134 240 
10 9 123 1148 1270 1180 813 475 138 243 
10 9 123 1148 1270 1181 809 473 138 245 
10 9 123 1148 1270 1182 807 471 140 247 
10 9 123 1148 1270 1183 804 470 138 248 
10 9 123 1148 1270 1184 802 468 138 250 
10 9 123 1148 1270 1185 800 466 138 252 
10 9 123 1148 1270 1186 797 467 138 252 
10 9 123 1148 1270 1187 795 465 138 254 
10 9 123 1148 1270 1188 793 464 138 255 
10 9 123 1148 1270 1189 789 462 140 257 
10 9 123 1148 1270 1190 788 460 138 259 
10 9 123 1148 1270 1191 786 460 138 258 
10 9 123 1148 1270 1192 782 458 140 260 
10 9 123 1148 1270 1193 779 456 138 262 
10 9 123 1148 1270 1194 778 456 136 263 
10 9 123 1148 1270 1195 774 454 136 264 
10 9 123 1148 1270 1196 773 452 134 266 
10 9 123 1148 1270 1197 769 450 136 268 
10 9 123 1148 1270 1198 768 450 132 269 
10 9 123 1148 1270 1199 765 447 132 271 
10 9 123 1148 1270 1200 763 448 132 270 
10 9 123 1148 1270 1201 759 446 132 271 
10 9 123 1148 1270 1202 759 444 128 273 
10 9 123 1148 1270 1203 754 442 132 273 
10 9 123 1148 1270 1204 753 443 128 270 
10 9 123 1148 1270 1205 752 442 128 268 
10 9 123 1148 1270 1206 748 440 128 268 
10 9 123 1148 1270 1207 746 438 128 270 
10 9 123 1148 1270 1208 744 438 126 267 
10 9 123 1148 1270 1209 741 436 128 267 
10 9 123 1148 1270 1210 740 435 124 265 
10 9 123 1148 1270 1211 736 433 128 267 
10 9 123 1148 1270 1212 735 434 124 264 
10 9 123 1148 1270 1213 733 432 124 264 
10 9 123 1148 1270 1214 728 430 126 264 
10 9 123 1148 1270 1215 728 430 124 261 
10 9 123 1148 1270 1216 727 428 120 262 
10 9 123 1148 1270 1217 722 427 122 261 
10 9 123 1148 1270 1218 722 425 120 261 
10 9 123 1148 1270 1219 721 426 116 258 
10 9 123 1148 1270 1220 715 423 122 259 
10 9 123 1148 1270 1221 714 421 118 259 
10 9 123 1148 1270 1222 711 421 120 258 
10 9 123 1148 1270 1223 709 421 118 255 
10 9 123 1148 1270 1224 707 419 118 255 
10 9 123 1148 1270 1225 705 417 116 256 
10 9 123 1148 1270 1226 702 415 118 256 
10 9 123 1148 1270 1227 701 415 114 253 
10 9 123 1148 1270 1228 698 413 116 253 
10 9 123 1148 1270 1229 696 412 114 253 
10 9 123 1148 1270 1230 694 413 114 250 
10 9 123 1148 1270 1231 695 411 110 250 
10 9 123 1148 1270 1232 692 409 110 250 
10 9 123 1148 1270 1233 690 407 110 250 
10 9 123 1148 1270 1234 688 407 110 249 
10 9 123 1148 1270 1235 686 406 110 247 
10 9 123 1148 1270 1236 684 407 112 244 
10 9 123 1148 1270 1237 683 404 110 247 
10 9 123 1148 1270 1238 682 405 106 244 
10 9 123 1148 1270 1239 680 403 106 246 
10 9 123 1148 1270 1240 678 403 108 243 
10 9 123 1148 1270 1241 677 401 106 243 
10 9 123 1148 1270 1242 675 402 106 240 
10 9 123 1148 1270 1243 673 399 106 243 
10 9 123 1148 1270 1244 671 400 108 240 
10 9 123 1148 1270 1245 670 399 104 240 
10 9 123 1148 1270 1246 669 397 102 240 
10 9 123 1148 1270 1247 667 397 102 237 
10 9 123 1148 1270 1248 665 395 104 240 
10 9 123 1148 1270 1249 663 395 104 237 
10 9 123 1148 1270 1250 662 393 102 238 
10 9 123 1148 1270 1251 658 393 104 235 
10 9 123 1148 1270 1252 656 393 104 234 
10 9 123 1148 1270 1253 654 393 104 231 
10 9 123 1148 1270 1254 653 391 102 234 
10 9 123 1148 1270 1255 651 391 102 231 
10 9 123 1148 1270 1256 649 389 104 232 
10 9 123 1148 1270 1257 647 389 104 229 
10 9 123 1148 1270 1258 647 387 98 229 
10 9 123 1148 1270 1259 645 385 100 232 
10 9 123 1148 1270 1260 643 385 100 229 
10 9 123 1148 1270 1261 641 384 100 229 
10 9 123 1148 1270 1262 639 385 100 226 
10 9 123 1148 1270 1263 638 383 98 226 
10 9 123 1148 1270 1264 637 383 96 223 
10 9 123 1148 1270 1265 635 381 96 226 
10 9 123 1148 1270 1266 633 381 96 223 
10 9 123 1148 1270 1267 632 379 96 225 
10 9 123 1148 1270 1268 630 380 96 222 
10 9 123 1148 1270 1269 628 379 96 220 
10 9 123 1148 1270 1270 626 379 96 220 
11 9 49 1222 1270 1222 1217 505 61 213 
11 9 49 1222 1270 1223 1211 503 67 215 
11 9 49 1222 1270 1224 1204 502 75 216 
11 9 49 1222 1270 1225 1198 500 81 218 
11 9 49 1222 1270 1226 1192 497 86 221 
11 9 49 1222 1270 1227 1187 494 92 225 
11 9 49 1222 1270 1228 1182 492 97 227 
11 9 49 1222 1270 1229 1176 492 102 227 
11 9 49 1222 1270 1230 1173 492 106 227 
11 9 49 1222 1270 1231 1168 491 111 228 
11 9 49 1222 1270 1232 1165 488 114 230 
11 9 49 1222 1270 1233 1159 486 120 233 
11 9 49 1222 1270 1234 1156 483 123 235 
11 9 49 1222 1270 1235 1154 482 120 236 
11 9 49 1222 1270 1236 1147 479 124 239 
11 9 49 1222 1270 1237 1145 477 120 241 
11 9 49 1222 1270 1238 1140 474 122 244 
11 9 49 1222 1270 1239 1138 477 120 242 
11 9 49 1222 1270 1240 1131 475 122 244 
11 9 49 1222 1270 1241 1129 474 120 244 
11 9 49 1222 1270 1242 1121 472 126 246 
11 9 49 1222 1270 1243 1119 470 124 249 
11 9 49 1222 1270 1244 1115 468 124 251 
11 9 49 1222 1270 1245 1109 468 128 251 
11 9 49 1222 1270 1246 1105 467 128 251 
11 9 49 1222 1270 1247 1102 465 128 253 
11 9 49 1222 1270 1248 1095 463 132 256 
11 9 49 1222 1270 1249 1092 461 132 258 
11 9 49 1222 1270 1250 1088 461 132 258 
11 9 49 1222 1270 1251 1085 459 132 260 
11 9 49 1222 1270 1252 1081 458 132 260 
11 9 49 1222 1270 1253 1078 458 130 260 
11 9 49 1222 1270 1254 1074 456 132 262 
11 9 49 1222 1270 1255 1071 456 130 262 
11 9 49 1222 1270 1256 1067 454 132 265 
11 9 49 1222 1270 1257 1063 452 132 267 
11 9 49 1222 1270 1258 1060 452 132 267 
11 9 49 1222 1270 1259 1056 451 132 267 
11 9 49 1222 1270 1260 1056 451 128 267 
11 9 49 1222 1270 1261 1052 449 128 268 
11 9 49 1222 1270 1262 1048 447 128 270 
11 9 49 1222 1270 1263 1045 447 128 270 
11 9 49 1222 1270 1264 1041 445 128 270 
11 9 49 1222 1270 1265 1038 445 128 270 
11 9 49 1222 1270 1266 1034 443 128 270 
11 9 49 1222 1270 1267 1031 442 128 268 
11 9 49 1222 1270 1268 1027 442 128 268 
11 9 49 1222 1270 1269 1024 440 128 268 
11 9 49 1222 1270 1270 1023 440 124 268 
