9 9 142 0 141 0 696 375 114 219 
9 9 142 0 141 1 698 375 114 219 
9 9 142 0 141 2 701 375 114 219 
9 9 142 0 141 3 703 375 114 219 
9 9 142 0 141 4 708 377 112 219 
9 9 142 0 141 5 710 377 114 219 
9 9 142 0 141 6 712 377 114 219 
9 9 142 0 141 7 715 379 114 217 
9 9 142 0 141 8 717 379 114 217 
9 9 142 0 141 9 721 379 114 217 
9 9 142 0 141 10 724 380 114 219 
9 9 142 0 141 11 726 380 114 219 
9 9 142 0 141 12 728 380 114 219 
9 9 142 0 141 13 730 380 114 219 
9 9 142 0 141 14 731 380 114 219 
9 9 142 0 141 15 733 380 114 219 
9 9 142 0 141 16 735 380 114 219 
9 9 142 0 141 17 737 380 114 219 
9 9 142 0 141 18 740 380 112 219 
9 9 142 0 141 19 740 380 114 219 
9 9 142 0 141 20 744 382 114 219 
9 9 142 0 141 21 744 384 114 219 
9 9 142 0 141 22 743 386 118 217 
9 9 142 0 141 23 746 387 116 219 
9 9 142 0 141 24 745 389 120 219 
9 9 142 0 141 25 745 393 122 219 
9 9 142 0 141 26 744 395 126 217 
9 9 142 0 141 27 744 396 128 219 
9 9 142 0 141 28 746 398 128 219 
9 9 142 0 141 29 745 400 132 219 
9 9 142 0 141 30 747 403 132 219 
9 9 142 0 141 31 749 403 132 219 
9 9 142 0 141 32 752 403 132 222 
9 9 142 0 141 33 756 402 132 225 
9 9 142 0 141 34 758 402 130 228 
9 9 142 0 141 35 761 401 132 229 
9 9 142 0 141 36 765 401 132 229 
9 9 142 0 141 37 767 401 130 232 
9 9 142 0 141 38 770 400 132 235 
9 9 142 0 141 39 774 400 130 238 
9 9 142 0 141 40 777 402 132 237 
9 9 142 0 141 41 779 402 132 240 
9 9 142 0 141 42 781 404 132 240 
9 9 142 0 141 43 784 403 132 243 
9 9 142 0 141 44 786 405 132 243 
9 9 142 0 141 45 790 407 130 241 
9 9 142 0 141 46 791 407 132 244 
9 9 142 0 141 47 793 408 132 246 
9 9 142 0 141 48 797 407 132 249 
9 9 142 0 141 49 799 409 130 247 
9 9 142 0 141 50 802 411 132 247 
9 9 142 0 141 51 804 411 132 247 
9 9 142 0 141 52 807 413 132 247 
9 9 142 0 141 53 811 413 132 250 
9 9 142 0 141 54 812 414 134 252 
9 9 142 0 141 55 815 416 136 250 
9 9 142 0 141 56 819 416 134 250 
9 9 142 0 141 57 820 418 138 250 
9 9 142 0 141 58 823 417 140 253 
9 9 142 0 141 59 827 419 138 253 
9 9 142 0 141 60 830 422 140 252 
9 9 142 0 141 61 831 422 142 252 
9 9 142 0 141 62 832 422 146 253 
9 9 142 0 141 63 834 424 148 253 
9 9 142 0 141 64 833 426 154 253 
9 9 142 0 141 65 838 428 152 253 
9 9 142 0 141 66 839 429 156 253 
9 9 142 0 141 67 840 431 160 253 
9 9 142 0 141 68 840 433 164 253 
9 9 142 0 141 69 841 435 168 253 
9 9 142 0 141 70 844 438 170 252 
9 9 142 0 141 71 844 437 176 255 
9 9 142 0 141 72 848 437 174 259 
9 9 142 0 141 73 852 439 174 261 
9 9 142 0 141 74 852 441 178 261 
9 9 142 0 141 75 856 443 178 264 
9 9 142 0 141 76 859 443 178 267 
9 9 142 0 141 77 860 445 182 267 
9 9 142 0 141 78 865 447 180 270 
9 9 142 0 141 79 867 448 182 270 
9 9 142 0 141 80 871 450 182 268 
9 9 142 0 141 81 874 450 182 268 
9 9 142 0 141 82 881 451 180 267 
9 9 142 0 141 83 883 451 182 267 
9 9 142 0 141 84 890 453 180 265 
9 9 142 0 141 85 894 453 182 265 
9 9 142 0 141 86 899 455 180 263 
9 9 142 0 141 87 903 455 182 263 
9 9 142 0 141 88 906 457 182 261 
9 9 142 0 141 89 913 457 180 261 
9 9 142 0 141 90 917 458 182 261 
9 9 142 0 141 91 922 457 180 261 
9 9 142 0 141 92 924 457 182 261 
9 9 142 0 141 93 929 459 180 259 
9 9 142 0 141 94 931 458 182 260 
9 9 142 0 141 95 935 461 182 258 
9 9 142 0 141 96 938 460 182 258 
9 9 142 0 141 97 942 460 182 259 
9 9 142 0 141 98 947 462 180 257 
9 9 142 0 141 99 949 461 182 257 
9 9 142 0 141 100 954 463 180 255 
9 9 142 0 141 101 956 463 182 255 
9 9 142 0 141 102 963 464 180 255 
9 9 142 0 141 103 967 466 182 252 
9 9 142 0 141 104 970 468 182 250 
9 9 142 0 141 105 977 470 180 248 
9 9 142 0 141 106 981 470 182 248 
9 9 142 0 141 107 986 471 180 247 
9 9 142 0 141 108 990 474 182 245 
9 9 142 0 141 109 995 476 182 243 
9 9 142 0 141 110 1002 478 180 241 
9 9 142 0 141 111 1001 480 186 238 
9 9 142 0 141 112 1006 481 184 237 
9 9 142 0 141 113 1010 484 184 234 
9 9 142 0 141 114 1009 489 190 229 
9 9 142 0 141 115 1014 490 188 228 
9 9 142 0 141 116 1016 493 190 226 
9 9 142 0 141 117 1018 498 192 221 
9 9 142 0 141 118 1022 500 192 218 
9 9 142 0 141 119 1025 501 192 217 
9 9 142 0 141 120 1028 506 196 212 
9 9 142 0 141 121 1030 506 194 212 
9 9 142 0 141 122 1033 509 196 209 
9 9 142 0 141 123 1035 510 196 208 
9 9 142 0 141 124 1039 513 194 206 
9 9 142 0 141 125 1040 515 196 203 
9 9 142 0 141 126 1044 518 196 201 
9 9 142 0 141 127 1046 520 194 198 
9 9 142 0 141 128 1049 521 196 197 
9 9 142 0 141 129 1051 524 196 194 
9 9 142 0 141 130 1055 526 194 192 
9 9 142 0 141 131 1062 526 194 192 
9 9 142 0 141 132 1069 529 196 189 
9 9 142 0 141 133 1076 530 196 188 
9 9 142 0 141 134 1083 533 196 186 
9 9 142 0 141 135 1090 535 189 183 
9 9 142 0 141 136 1097 535 182 183 
9 9 142 0 141 137 1104 538 175 181 
9 9 142 0 141 138 1111 540 168 178 
9 9 142 0 141 139 1119 541 159 177 
9 9 142 0 141 140 1127 544 152 174 
9 9 142 0 141 141 1133 546 146 172 
10 11 116 456 571 456 300 231 54 49 
10 11 116 456 571 457 300 231 54 49 
10 11 116 456 571 458 300 231 54 49 
10 11 116 456 571 459 300 231 54 49 
10 11 116 456 571 460 300 231 54 49 
10 11 116 456 571 461 300 231 54 49 
10 11 116 456 571 462 300 231 54 49 
10 11 116 456 571 463 300 231 54 49 
10 11 116 456 571 464 300 231 54 49 
10 11 116 456 571 465 300 231 54 49 
10 11 116 456 571 466 300 231 54 49 
10 11 116 456 571 467 300 231 54 49 
10 11 116 456 571 468 300 231 54 49 
10 11 116 456 571 469 300 231 54 49 
10 11 116 456 571 470 300 231 54 49 
10 11 116 456 571 471 300 231 54 49 
10 11 116 456 571 472 300 231 54 49 
10 11 116 456 571 473 300 231 54 49 
10 11 116 456 571 474 300 231 54 49 
10 11 116 456 571 475 300 231 54 49 
10 11 116 456 571 476 300 231 54 49 
10 11 116 456 571 477 300 231 54 49 
10 11 116 456 571 478 300 231 54 49 
10 11 116 456 571 479 300 231 54 49 
10 11 116 456 571 480 300 231 54 49 
10 11 116 456 571 481 300 231 54 49 
10 11 116 456 571 482 300 231 54 49 
10 11 116 456 571 483 300 231 54 49 
10 11 116 456 571 484 300 231 54 49 
10 11 116 456 571 485 300 231 54 49 
10 11 116 456 571 486 300 231 54 49 
10 11 116 456 571 487 300 231 54 49 
10 11 116 456 571 488 300 231 54 49 
10 11 116 456 571 489 300 231 54 49 
10 11 116 456 571 490 300 231 54 49 
10 11 116 456 571 491 300 231 54 49 
10 11 116 456 571 492 300 231 54 49 
10 11 116 456 571 493 300 231 54 49 
10 11 116 456 571 494 300 231 54 49 
10 11 116 456 571 495 300 231 54 49 
10 11 116 456 571 496 300 231 54 49 
10 11 116 456 571 497 300 231 54 49 
10 11 116 456 571 498 300 231 54 49 
10 11 116 456 571 499 300 231 54 49 
10 11 116 456 571 500 300 231 54 49 
10 11 116 456 571 501 300 231 54 49 
10 11 116 456 571 502 300 231 54 49 
10 11 116 456 571 503 300 231 54 49 
10 11 116 456 571 504 300 231 54 49 
10 11 116 456 571 505 300 231 54 49 
10 11 116 456 571 506 300 231 54 49 
10 11 116 456 571 507 300 231 54 49 
10 11 116 456 571 508 300 231 54 49 
10 11 116 456 571 509 300 231 54 49 
10 11 116 456 571 510 300 231 54 49 
10 11 116 456 571 511 300 231 54 49 
10 11 116 456 571 512 300 231 54 49 
10 11 116 456 571 513 300 231 54 49 
10 11 116 456 571 514 300 231 54 49 
10 11 116 456 571 515 300 231 54 49 
10 11 116 456 571 516 300 231 54 49 
10 11 116 456 571 517 300 231 54 49 
10 11 116 456 571 518 300 231 54 49 
10 11 116 456 571 519 300 231 54 49 
10 11 116 456 571 520 300 231 54 49 
10 11 116 456 571 521 300 231 54 49 
10 11 116 456 571 522 300 231 54 49 
10 11 116 456 571 523 300 231 54 49 
10 11 116 456 571 524 300 231 54 49 
10 11 116 456 571 525 300 231 54 49 
10 11 116 456 571 526 300 231 54 49 
10 11 116 456 571 527 300 231 54 49 
10 11 116 456 571 528 300 231 54 49 
10 11 116 456 571 529 300 231 54 49 
10 11 116 456 571 530 300 231 54 49 
10 11 116 456 571 531 300 231 54 49 
10 11 116 456 571 532 300 231 54 49 
10 11 116 456 571 533 300 231 54 49 
10 11 116 456 571 534 300 231 54 49 
10 11 116 456 571 535 300 231 54 49 
10 11 116 456 571 536 300 231 54 49 
10 11 116 456 571 537 300 231 54 49 
10 11 116 456 571 538 300 231 54 49 
10 11 116 456 571 539 300 231 54 49 
10 11 116 456 571 540 300 231 54 49 
10 11 116 456 571 541 300 231 54 49 
10 11 116 456 571 542 300 231 54 49 
10 11 116 456 571 543 300 231 54 49 
10 11 116 456 571 544 300 231 54 49 
10 11 116 456 571 545 300 231 54 49 
10 11 116 456 571 546 300 231 54 49 
10 11 116 456 571 547 300 231 54 49 
10 11 116 456 571 548 300 231 54 49 
10 11 116 456 571 549 300 231 54 49 
10 11 116 456 571 550 300 231 54 49 
10 11 116 456 571 551 300 231 54 49 
10 11 116 456 571 552 300 231 54 49 
10 11 116 456 571 553 300 231 54 49 
10 11 116 456 571 554 300 231 54 49 
10 11 116 456 571 555 300 231 54 49 
10 11 116 456 571 556 300 231 54 49 
10 11 116 456 571 557 300 231 54 49 
10 11 116 456 571 558 300 231 54 49 
10 11 116 456 571 559 300 231 54 49 
10 11 116 456 571 560 300 231 54 49 
10 11 116 456 571 561 300 231 54 49 
10 11 116 456 571 562 300 231 54 49 
10 11 116 456 571 563 300 231 54 49 
10 11 116 456 571 564 300 231 54 49 
10 11 116 456 571 565 300 231 54 49 
10 11 116 456 571 566 300 231 54 49 
10 11 116 456 571 567 300 231 54 49 
10 11 116 456 571 568 300 231 54 49 
10 11 116 456 571 569 300 231 54 49 
10 11 116 456 571 570 300 231 54 49 
10 11 116 456 571 571 300 231 54 49 
11 9 404 240 643 240 780 504 210 214 
11 9 404 240 643 241 780 501 210 217 
11 9 404 240 643 242 777 500 210 218 
11 9 404 240 643 243 775 498 210 221 
11 9 404 240 643 244 773 498 210 221 
11 9 404 240 643 245 770 495 210 223 
11 9 404 240 643 246 768 495 210 223 
11 9 404 240 643 247 766 493 210 226 
11 9 404 240 643 248 764 490 208 228 
11 9 404 240 643 249 761 490 210 228 
11 9 404 240 643 250 759 489 210 229 
11 9 404 240 643 251 757 489 210 229 
11 9 404 240 643 252 754 486 210 232 
11 9 404 240 643 253 752 484 210 234 
11 9 404 240 643 254 748 481 210 237 
11 9 404 240 643 255 748 480 208 238 
11 9 404 240 643 256 743 478 210 241 
11 9 404 240 643 257 741 475 210 243 
11 9 404 240 643 258 738 473 210 246 
11 9 404 240 643 259 736 470 210 248 
11 9 404 240 643 260 732 469 210 249 
11 9 404 240 643 261 732 466 208 252 
11 9 404 240 643 262 727 464 210 254 
11 9 404 240 643 263 725 462 210 256 
11 9 404 240 643 264 723 462 210 257 
11 9 404 240 643 265 722 459 210 259 
11 9 404 240 643 266 720 459 210 259 
11 9 404 240 643 267 718 457 210 261 
11 9 404 240 643 268 716 455 210 263 
11 9 404 240 643 269 716 453 208 265 
11 9 404 240 643 270 713 452 210 266 
11 9 404 240 643 271 711 452 210 266 
11 9 404 240 643 272 707 450 210 268 
11 9 404 240 643 273 707 448 206 270 
11 9 404 240 643 274 706 446 202 272 
11 9 404 240 643 275 702 446 204 273 
11 9 404 240 643 276 701 443 202 275 
11 9 404 240 643 277 700 441 198 277 
11 9 404 240 643 278 696 439 200 279 
11 9 404 240 643 279 695 437 196 281 
11 9 404 240 643 280 695 436 192 282 
11 9 404 240 643 281 693 434 192 284 
11 9 404 240 643 282 692 432 188 286 
11 9 404 240 643 283 692 433 186 285 
11 9 404 240 643 284 693 433 182 285 
11 9 404 240 643 285 695 431 174 287 
11 9 404 240 643 286 696 431 170 287 
11 9 404 240 643 287 694 431 172 287 
11 9 404 240 643 288 696 430 164 288 
11 9 404 240 643 289 697 430 160 288 
11 9 404 240 643 290 697 431 158 287 
11 9 404 240 643 291 698 431 154 287 
11 9 404 240 643 292 698 429 152 289 
11 9 404 240 643 293 696 427 152 292 
11 9 404 240 643 294 694 427 152 292 
11 9 404 240 643 295 691 425 154 294 
11 9 404 240 643 296 689 423 154 294 
11 9 404 240 643 297 689 423 152 294 
11 9 404 240 643 298 687 422 152 292 
11 9 404 240 643 299 684 420 154 292 
11 9 404 240 643 300 684 420 154 292 
11 9 404 240 643 301 682 418 152 291 
11 9 404 240 643 302 680 416 152 291 
11 9 404 240 643 303 678 417 152 288 
11 9 404 240 643 304 675 416 154 288 
11 9 404 240 643 305 673 414 154 285 
11 9 404 240 643 306 673 415 152 282 
11 9 404 240 643 307 671 413 152 282 
11 9 404 240 643 308 668 413 154 280 
11 9 404 240 643 309 666 411 154 280 
11 9 404 240 643 310 664 409 152 277 
11 9 404 240 643 311 662 410 152 276 
11 9 404 240 643 312 659 409 154 274 
11 9 404 240 643 313 657 409 154 271 
11 9 404 240 643 314 657 408 152 268 
11 9 404 240 643 315 655 406 152 270 
11 9 404 240 643 316 652 406 154 267 
11 9 404 240 643 317 650 404 154 267 
11 9 404 240 643 318 650 405 152 264 
11 9 404 240 643 319 648 404 152 261 
11 9 404 240 643 320 646 402 152 261 
11 9 404 240 643 321 643 400 154 261 
11 9 404 240 643 322 641 398 154 261 
11 9 404 240 643 323 641 396 154 262 
11 9 404 240 643 324 641 395 152 261 
11 9 404 240 643 325 639 393 152 261 
11 9 404 240 643 326 639 394 150 258 
11 9 404 240 643 327 636 391 154 259 
11 9 404 240 643 328 637 392 150 256 
11 9 404 240 643 329 635 390 150 256 
11 9 404 240 643 330 635 390 148 253 
11 9 404 240 643 331 635 390 148 252 
11 9 404 240 643 332 633 390 148 250 
11 9 404 240 643 333 633 388 146 250 
11 9 404 240 643 334 631 388 146 247 
11 9 404 240 643 335 628 386 150 247 
11 9 404 240 643 336 629 387 146 246 
11 9 404 240 643 337 627 385 146 246 
11 9 404 240 643 338 627 385 146 246 
11 9 404 240 643 339 626 383 146 246 
11 9 404 240 643 340 626 382 146 244 
11 9 404 240 643 341 624 382 146 244 
11 9 404 240 643 342 624 380 146 244 
11 9 404 240 643 343 624 380 146 244 
11 9 404 240 643 344 622 378 146 246 
11 9 404 240 643 345 622 378 146 246 
11 9 404 240 643 346 620 376 146 246 
11 9 404 240 643 347 620 376 146 246 
11 9 404 240 643 348 620 375 146 244 
11 9 404 240 643 349 620 375 144 244 
11 9 404 240 643 350 620 373 144 244 
11 9 404 240 643 351 617 373 146 244 
11 9 404 240 643 352 617 371 146 246 
11 9 404 240 643 353 617 371 146 246 
11 9 404 240 643 354 615 369 146 246 
11 9 404 240 643 355 615 369 146 246 
11 9 404 240 643 356 613 367 146 246 
11 9 404 240 643 357 613 367 146 246 
11 9 404 240 643 358 613 366 146 244 
11 9 404 240 643 359 611 366 146 244 
11 9 404 240 643 360 611 364 146 244 
11 9 404 240 643 361 611 364 146 244 
11 9 404 240 643 362 610 362 146 246 
11 9 404 240 643 363 610 362 146 243 
11 9 404 240 643 364 611 362 142 243 
11 9 404 240 643 365 611 360 142 243 
11 9 404 240 643 366 608 360 146 243 
11 9 404 240 643 367 609 361 142 240 
11 9 404 240 643 368 609 361 142 240 
11 9 404 240 643 369 609 360 142 240 
11 9 404 240 643 370 610 360 138 240 
11 9 404 240 643 371 607 360 142 237 
11 9 404 240 643 372 607 358 142 237 
11 9 404 240 643 373 608 358 138 237 
11 9 404 240 643 374 608 359 138 234 
11 9 404 240 643 375 608 359 138 234 
11 9 404 240 643 376 606 357 140 234 
11 9 404 240 643 377 606 357 140 234 
11 9 404 240 643 378 606 357 140 232 
11 9 404 240 643 379 607 357 136 232 
11 9 404 240 643 380 607 355 136 232 
11 9 404 240 643 381 605 355 138 229 
11 9 404 240 643 382 606 355 134 229 
11 9 404 240 643 383 606 353 134 229 
11 9 404 240 643 384 606 353 134 229 
11 9 404 240 643 385 607 354 130 228 
11 9 404 240 643 386 604 354 134 228 
11 9 404 240 643 387 604 353 134 226 
11 9 404 240 643 388 605 353 132 226 
11 9 404 240 643 389 605 353 132 223 
11 9 404 240 643 390 605 353 132 223 
11 9 404 240 643 391 603 351 132 223 
11 9 404 240 643 392 603 352 132 220 
11 9 404 240 643 393 603 350 132 222 
11 9 404 240 643 394 604 350 128 219 
11 9 404 240 643 395 604 348 128 219 
11 9 404 240 643 396 604 349 128 216 
11 9 404 240 643 397 604 347 128 217 
11 9 404 240 643 398 605 348 124 216 
11 9 404 240 643 399 605 346 124 216 
11 9 404 240 643 400 605 346 124 213 
11 9 404 240 643 401 606 344 120 213 
11 9 404 240 643 402 606 345 120 210 
11 9 404 240 643 403 606 342 120 211 
11 9 404 240 643 404 606 342 120 211 
11 9 404 240 643 405 603 340 122 211 
11 9 404 240 643 406 603 340 122 211 
11 9 404 240 643 407 604 341 118 208 
11 9 404 240 643 408 601 340 122 210 
11 9 404 240 643 409 601 340 122 207 
11 9 404 240 643 410 602 340 118 207 
11 9 404 240 643 411 602 338 118 210 
11 9 404 240 643 412 601 338 120 208 
11 9 404 240 643 413 602 338 116 208 
11 9 404 240 643 414 602 336 116 208 
11 9 404 240 643 415 602 336 116 208 
11 9 404 240 643 416 599 336 118 205 
11 9 404 240 643 417 599 334 118 208 
11 9 404 240 643 418 599 334 118 208 
11 9 404 240 643 419 600 334 114 205 
11 9 404 240 643 420 597 334 118 205 
11 9 404 240 643 421 598 334 114 204 
11 9 404 240 643 422 598 334 114 204 
11 9 404 240 643 423 598 334 114 202 
11 9 404 240 643 424 596 331 114 205 
11 9 404 240 643 425 596 331 114 205 
11 9 404 240 643 426 596 332 114 202 
11 9 404 240 643 427 596 329 112 205 
11 9 404 240 643 428 596 330 112 202 
11 9 404 240 643 429 596 330 112 202 
11 9 404 240 643 430 596 328 110 202 
11 9 404 240 643 431 593 328 114 202 
11 9 404 240 643 432 593 328 114 202 
11 9 404 240 643 433 594 328 110 201 
11 9 404 240 643 434 594 326 110 204 
11 9 404 240 643 435 592 326 110 201 
11 9 404 240 643 436 592 326 110 201 
11 9 404 240 643 437 592 325 110 199 
11 9 404 240 643 438 593 325 106 199 
11 9 404 240 643 439 590 325 110 199 
11 9 404 240 643 440 590 323 110 199 
11 9 404 240 643 441 591 323 108 199 
11 9 404 240 643 442 591 324 108 196 
11 9 404 240 643 443 588 321 112 199 
11 9 404 240 643 444 589 322 108 198 
11 9 404 240 643 445 589 322 108 198 
11 9 404 240 643 446 589 322 108 198 
11 9 404 240 643 447 588 320 106 198 
11 9 404 240 643 448 588 320 106 198 
11 9 404 240 643 449 588 320 106 198 
11 9 404 240 643 450 586 320 106 195 
11 9 404 240 643 451 586 319 106 196 
11 9 404 240 643 452 586 319 106 196 
11 9 404 240 643 453 586 319 106 193 
11 9 404 240 643 454 584 319 106 193 
11 9 404 240 643 455 584 317 106 196 
11 9 404 240 643 456 584 317 106 195 
11 9 404 240 643 457 584 317 106 195 
11 9 404 240 643 458 582 317 108 195 
11 9 404 240 643 459 582 318 108 192 
11 9 404 240 643 460 582 315 108 195 
11 9 404 240 643 461 581 315 106 195 
11 9 404 240 643 462 581 316 106 192 
11 9 404 240 643 463 581 316 106 192 
11 9 404 240 643 464 581 313 106 195 
11 9 404 240 643 465 579 314 106 192 
11 9 404 240 643 466 579 314 106 192 
11 9 404 240 643 467 579 314 106 192 
11 9 404 240 643 468 579 314 106 192 
11 9 404 240 643 469 577 312 106 192 
11 9 404 240 643 470 577 312 106 192 
11 9 404 240 643 471 575 312 108 190 
11 9 404 240 643 472 575 311 108 192 
11 9 404 240 643 473 573 311 108 189 
11 9 404 240 643 474 573 311 108 189 
11 9 404 240 643 475 572 311 106 189 
11 9 404 240 643 476 572 309 106 189 
11 9 404 240 643 477 570 309 106 189 
11 9 404 240 643 478 570 310 106 186 
11 9 404 240 643 479 568 307 106 189 
11 9 404 240 643 480 568 307 106 187 
11 9 404 240 643 481 566 307 108 187 
11 9 404 240 643 482 566 307 108 187 
11 9 404 240 643 483 565 305 106 187 
11 9 404 240 643 484 565 305 106 187 
11 9 404 240 643 485 563 306 106 184 
11 9 404 240 643 486 563 305 106 186 
11 9 404 240 643 487 561 305 106 183 
11 9 404 240 643 488 561 305 106 183 
11 9 404 240 643 489 559 305 108 183 
11 9 404 240 643 490 559 303 108 183 
11 9 404 240 643 491 557 303 108 183 
11 9 404 240 643 492 557 303 108 181 
11 9 404 240 643 493 556 301 106 184 
11 9 404 240 643 494 556 301 106 181 
11 9 404 240 643 495 554 301 106 181 
11 9 404 240 643 496 554 301 106 181 
11 9 404 240 643 497 552 299 106 181 
11 9 404 240 643 498 550 299 108 181 
11 9 404 240 643 499 549 299 106 181 
11 9 404 240 643 500 549 300 106 178 
11 9 404 240 643 501 547 300 106 178 
11 9 404 240 643 502 545 297 106 181 
11 9 404 240 643 503 543 298 108 180 
11 9 404 240 643 504 543 298 108 180 
11 9 404 240 643 505 541 298 108 180 
11 9 404 240 643 506 540 298 106 177 
11 9 404 240 643 507 538 297 106 178 
11 9 404 240 643 508 538 297 106 178 
11 9 404 240 643 509 536 297 106 175 
11 9 404 240 643 510 534 297 108 175 
11 9 404 240 643 511 534 297 108 175 
11 9 404 240 643 512 533 295 106 175 
11 9 404 240 643 513 531 295 106 175 
11 9 404 240 643 514 531 295 106 175 
11 9 404 240 643 515 529 295 106 175 
11 9 404 240 643 516 529 295 106 175 
11 9 404 240 643 517 527 295 108 175 
11 9 404 240 643 518 527 295 108 175 
11 9 404 240 643 519 524 293 106 175 
11 9 404 240 643 520 522 291 106 177 
11 9 404 240 643 521 520 291 106 177 
11 9 404 240 643 522 518 290 108 175 
11 9 404 240 643 523 515 290 106 175 
11 9 404 240 643 524 513 288 106 175 
11 9 404 240 643 525 511 288 108 175 
11 9 404 240 643 526 509 286 108 175 
11 9 404 240 643 527 508 286 106 175 
11 9 404 240 643 528 506 284 106 177 
11 9 404 240 643 529 506 284 106 177 
11 9 404 240 643 530 504 284 106 177 
11 9 404 240 643 531 504 284 106 177 
11 9 404 240 643 532 502 284 108 177 
11 9 404 240 643 533 502 285 108 174 
11 9 404 240 643 534 501 285 106 174 
11 9 404 240 643 535 501 285 106 174 
11 9 404 240 643 536 499 285 106 174 
11 9 404 240 643 537 499 285 106 174 
11 9 404 240 643 538 499 285 106 174 
11 9 404 240 643 539 497 285 106 171 
11 9 404 240 643 540 497 285 106 171 
11 9 404 240 643 541 495 285 108 171 
11 9 404 240 643 542 495 285 108 171 
11 9 404 240 643 543 493 285 108 171 
11 9 404 240 643 544 493 286 108 168 
11 9 404 240 643 545 492 286 106 168 
11 9 404 240 643 546 492 286 106 168 
11 9 404 240 643 547 490 286 106 168 
11 9 404 240 643 548 490 286 106 168 
11 9 404 240 643 549 490 286 106 168 
11 9 404 240 643 550 488 284 106 168 
11 9 404 240 643 551 486 284 108 168 
11 9 404 240 643 552 486 284 108 168 
11 9 404 240 643 553 485 283 106 168 
11 9 404 240 643 554 485 283 106 168 
11 9 404 240 643 555 483 283 106 168 
11 9 404 240 643 556 483 283 106 168 
11 9 404 240 643 557 481 281 106 168 
11 9 404 240 643 558 481 281 106 168 
11 9 404 240 643 559 479 281 108 168 
11 9 404 240 643 560 479 281 108 168 
11 9 404 240 643 561 479 281 108 165 
11 9 404 240 643 562 477 281 108 165 
11 9 404 240 643 563 477 281 108 165 
11 9 404 240 643 564 477 281 108 165 
11 9 404 240 643 565 476 279 106 165 
11 9 404 240 643 566 476 279 106 165 
11 9 404 240 643 567 474 279 106 165 
11 9 404 240 643 568 474 279 106 165 
11 9 404 240 643 569 474 279 106 163 
11 9 404 240 643 570 472 279 106 163 
11 9 404 240 643 571 472 279 106 163 
11 9 404 240 643 572 472 279 106 163 
11 9 404 240 643 573 473 279 104 163 
11 9 404 240 643 574 474 279 100 163 
11 9 404 240 643 575 475 279 96 163 
11 9 404 240 643 576 476 279 92 163 
11 9 404 240 643 577 473 277 94 163 
11 9 404 240 643 578 473 277 94 163 
11 9 404 240 643 579 473 278 94 160 
11 9 404 240 643 580 473 278 92 160 
11 9 404 240 643 581 473 277 92 162 
11 9 404 240 643 582 473 277 92 159 
11 9 404 240 643 583 473 277 92 159 
11 9 404 240 643 584 471 277 92 159 
11 9 404 240 643 585 471 278 92 156 
11 9 404 240 643 586 471 275 92 159 
11 9 404 240 643 587 469 275 92 159 
11 9 404 240 643 588 469 275 92 157 
11 9 404 240 643 589 469 275 92 157 
11 9 404 240 643 590 469 275 92 157 
11 9 404 240 643 591 467 273 92 157 
11 9 404 240 643 592 464 273 94 157 
11 9 404 240 643 593 464 273 92 157 
11 9 404 240 643 594 464 273 92 157 
11 9 404 240 643 595 462 273 92 157 
11 9 404 240 643 596 462 273 92 157 
11 9 404 240 643 597 462 273 92 157 
11 9 404 240 643 598 460 271 92 157 
11 9 404 240 643 599 457 271 94 157 
11 9 404 240 643 600 457 271 94 157 
11 9 404 240 643 601 457 272 92 154 
11 9 404 240 643 602 458 272 88 154 
11 9 404 240 643 603 455 272 92 154 
11 9 404 240 643 604 456 272 88 154 
11 9 404 240 643 605 453 272 92 154 
11 9 404 240 643 606 454 272 88 153 
11 9 404 240 643 607 451 272 92 153 
11 9 404 240 643 608 451 272 90 153 
11 9 404 240 643 609 451 272 90 153 
11 9 404 240 643 610 449 272 90 153 
11 9 404 240 643 611 449 273 90 150 
11 9 404 240 643 612 449 273 88 150 
11 9 404 240 643 613 449 273 88 150 
11 9 404 240 643 614 447 273 88 150 
11 9 404 240 643 615 447 273 88 150 
11 9 404 240 643 616 444 273 90 150 
11 9 404 240 643 617 444 273 90 147 
11 9 404 240 643 618 445 273 86 147 
11 9 404 240 643 619 442 273 90 147 
11 9 404 240 643 620 443 273 86 147 
11 9 404 240 643 621 442 273 88 147 
11 9 404 240 643 622 443 276 84 141 
11 9 404 240 643 623 440 276 88 141 
11 9 404 240 643 624 441 276 84 141 
11 9 404 240 643 625 438 276 88 141 
11 9 404 240 643 626 438 276 86 141 
11 9 404 240 643 627 438 277 86 138 
11 9 404 240 643 628 436 277 86 138 
11 9 404 240 643 629 436 277 86 138 
11 9 404 240 643 630 434 277 86 138 
11 9 404 240 643 631 434 277 86 138 
11 9 404 240 643 632 434 277 84 138 
11 9 404 240 643 633 434 277 84 136 
11 9 404 240 643 634 431 277 86 136 
11 9 404 240 643 635 431 277 86 136 
11 9 404 240 643 636 432 277 82 136 
11 9 404 240 643 637 429 277 86 136 
11 9 404 240 643 638 430 277 82 133 
11 9 404 240 643 639 427 277 86 133 
11 9 404 240 643 640 428 277 82 133 
11 9 404 240 643 641 427 277 84 133 
11 9 404 240 643 642 428 277 80 133 
11 9 404 240 643 643 428 280 80 130 
12 9 377 245 621 245 901 550 228 168 
12 9 377 245 621 246 896 549 232 169 
12 9 377 245 621 247 890 546 234 172 
12 9 377 245 621 248 886 544 236 174 
12 9 377 245 621 249 882 541 238 177 
12 9 377 245 621 250 878 540 238 178 
12 9 377 245 621 251 874 538 242 181 
12 9 377 245 621 252 869 535 238 183 
12 9 377 245 621 253 867 533 234 186 
12 9 377 245 621 254 864 530 232 188 
12 9 377 245 621 255 863 529 224 189 
12 9 377 245 621 256 860 526 220 192 
12 9 377 245 621 257 855 524 220 194 
12 9 377 245 621 258 852 521 214 197 
12 9 377 245 621 259 850 520 210 198 
12 9 377 245 621 260 847 518 206 201 
12 9 377 245 621 261 845 515 202 203 
12 9 377 245 621 262 843 510 202 208 
12 9 377 245 621 263 841 509 202 209 
12 9 377 245 621 264 839 506 204 212 
12 9 377 245 621 265 837 504 204 214 
12 9 377 245 621 266 837 501 204 217 
12 9 377 245 621 267 836 500 202 218 
12 9 377 245 621 268 834 498 202 221 
12 9 377 245 621 269 832 495 202 223 
12 9 377 245 621 270 830 493 204 226 
12 9 377 245 621 271 830 490 204 228 
12 9 377 245 621 272 827 489 202 229 
12 9 377 245 621 273 823 486 204 232 
12 9 377 245 621 274 820 484 202 234 
12 9 377 245 621 275 818 481 202 237 
12 9 377 245 621 276 814 480 204 238 
12 9 377 245 621 277 811 478 202 241 
12 9 377 245 621 278 809 475 202 243 
12 9 377 245 621 279 805 473 204 246 
12 9 377 245 621 280 802 470 202 248 
12 9 377 245 621 281 800 469 202 249 
12 9 377 245 621 282 798 467 204 251 
12 9 377 245 621 283 799 465 200 253 
12 9 377 245 621 284 800 465 196 253 
12 9 377 245 621 285 799 463 194 255 
12 9 377 245 621 286 800 463 192 255 
12 9 377 245 621 287 801 462 188 256 
12 9 377 245 621 288 799 460 188 258 
12 9 377 245 621 289 800 460 184 258 
12 9 377 245 621 290 801 458 180 260 
12 9 377 245 621 291 801 458 178 260 
12 9 377 245 621 292 799 456 178 262 
12 9 377 245 621 293 800 454 174 264 
12 9 377 245 621 294 801 454 170 264 
12 9 377 245 621 295 802 452 168 266 
12 9 377 245 621 296 800 450 168 268 
12 9 377 245 621 297 801 448 164 270 
12 9 377 245 621 298 802 448 160 271 
12 9 377 245 621 299 803 446 156 273 
12 9 377 245 621 300 803 444 156 275 
12 9 377 245 621 301 800 442 158 277 
12 9 377 245 621 302 800 440 156 279 
12 9 377 245 621 303 798 440 156 278 
12 9 377 245 621 304 796 439 156 279 
12 9 377 245 621 305 793 437 158 281 
12 9 377 245 621 306 793 437 158 281 
12 9 377 245 621 307 791 433 156 285 
12 9 377 245 621 308 787 432 156 285 
12 9 377 245 621 309 784 430 156 285 
12 9 377 245 621 310 780 426 156 285 
12 9 377 245 621 311 777 424 156 286 
12 9 377 245 621 312 775 423 156 285 
12 9 377 245 621 313 773 422 156 282 
12 9 377 245 621 314 771 419 156 283 
12 9 377 245 621 315 768 420 158 277 
12 9 377 245 621 316 768 418 158 277 
12 9 377 245 621 317 768 419 156 274 
12 9 377 245 621 318 766 418 156 271 
12 9 377 245 621 319 764 419 156 268 
12 9 377 245 621 320 764 417 156 268 
12 9 377 245 621 321 761 418 158 264 
12 9 377 245 621 322 761 416 156 264 
12 9 377 245 621 323 761 416 156 261 
12 9 377 245 621 324 759 414 156 261 
12 9 377 245 621 325 757 414 156 261 
12 9 377 245 621 326 757 412 156 262 
12 9 377 245 621 327 755 412 156 262 
12 9 377 245 621 328 755 412 156 262 
12 9 377 245 621 329 751 411 160 261 
12 9 377 245 621 330 749 409 160 261 
12 9 377 245 621 331 747 407 160 261 
12 9 377 245 621 332 745 407 160 261 
12 9 377 245 621 333 744 405 160 262 
12 9 377 245 621 334 742 404 160 261 
12 9 377 245 621 335 740 402 160 261 
12 9 377 245 621 336 737 402 164 261 
12 9 377 245 621 337 735 400 164 261 
12 9 377 245 621 338 734 398 162 261 
12 9 377 245 621 339 732 396 164 262 
12 9 377 245 621 340 730 396 164 262 
12 9 377 245 621 341 728 395 164 261 
12 9 377 245 621 342 727 393 162 261 
12 9 377 245 621 343 725 391 164 261 
12 9 377 245 621 344 722 391 168 261 
12 9 377 245 621 345 720 389 168 259 
12 9 377 245 621 346 721 389 164 258 
12 9 377 245 621 347 722 389 160 255 
12 9 377 245 621 348 720 387 160 255 
12 9 377 245 621 349 720 385 158 256 
12 9 377 245 621 350 721 385 154 253 
12 9 377 245 621 351 721 383 152 253 
12 9 377 245 621 352 722 382 148 252 
12 9 377 245 621 353 722 382 146 249 
12 9 377 245 621 354 720 381 146 247 
12 9 377 245 621 355 721 379 142 247 
12 9 377 245 621 356 722 380 138 244 
12 9 377 245 621 357 720 378 138 246 
12 9 377 245 621 358 721 376 136 246 
12 9 377 245 621 359 722 376 132 243 
12 9 377 245 621 360 720 375 132 241 
12 9 377 245 621 361 718 375 134 241 
12 9 377 245 621 362 715 376 138 240 
12 9 377 245 621 363 715 373 138 243 
12 9 377 245 621 364 713 374 138 240 
12 9 377 245 621 365 710 374 142 240 
12 9 377 245 621 366 710 372 142 240 
12 9 377 245 621 367 707 372 146 240 
12 9 377 245 621 368 706 372 146 237 
12 9 377 245 621 369 706 370 146 240 
12 9 377 245 621 370 703 370 150 237 
12 9 377 245 621 371 700 370 154 237 
12 9 377 245 621 372 700 370 154 237 
12 9 377 245 621 373 698 368 154 238 
12 9 377 245 621 374 699 368 150 235 
12 9 377 245 621 375 699 368 150 234 
12 9 377 245 621 376 700 368 146 234 
12 9 377 245 621 377 700 366 146 234 
12 9 377 245 621 378 701 366 142 232 
12 9 377 245 621 379 701 364 142 232 
12 9 377 245 621 380 702 364 140 232 
12 9 377 245 621 381 702 362 140 232 
12 9 377 245 621 382 703 362 136 229 
12 9 377 245 621 383 703 362 136 229 
12 9 377 245 621 384 702 362 134 228 
12 9 377 245 621 385 702 362 134 226 
12 9 377 245 621 386 700 359 134 229 
12 9 377 245 621 387 700 360 134 226 
12 9 377 245 621 388 698 360 136 226 
12 9 377 245 621 389 698 358 136 226 
12 9 377 245 621 390 696 358 136 223 
12 9 377 245 621 391 696 358 136 223 
12 9 377 245 621 392 696 356 136 225 
12 9 377 245 621 393 694 356 136 225 
12 9 377 245 621 394 694 357 136 222 
12 9 377 245 621 395 693 355 134 222 
12 9 377 245 621 396 693 355 134 222 
12 9 377 245 621 397 691 354 134 220 
12 9 377 245 621 398 691 354 134 220 
12 9 377 245 621 399 689 354 136 217 
12 9 377 245 621 400 689 352 136 219 
12 9 377 245 621 401 689 352 136 219 
12 9 377 245 621 402 687 353 136 216 
12 9 377 245 621 403 687 350 136 219 
12 9 377 245 621 404 686 351 134 216 
12 9 377 245 621 405 686 351 134 213 
12 9 377 245 621 406 684 349 134 216 
12 9 377 245 621 407 684 349 134 214 
12 9 377 245 621 408 684 349 134 214 
12 9 377 245 621 409 682 348 136 213 
12 9 377 245 621 410 682 349 136 210 
12 9 377 245 621 411 680 349 136 210 
12 9 377 245 621 412 680 347 136 210 
12 9 377 245 621 413 678 347 136 210 
12 9 377 245 621 414 678 347 136 207 
12 9 377 245 621 415 677 345 134 210 
12 9 377 245 621 416 677 345 134 208 
12 9 377 245 621 417 675 345 134 208 
12 9 377 245 621 418 675 345 134 205 
12 9 377 245 621 419 673 343 136 208 
12 9 377 245 621 420 673 343 136 205 
12 9 377 245 621 421 671 344 136 202 
12 9 377 245 621 422 671 341 136 205 
12 9 377 245 621 423 670 342 134 204 
12 9 377 245 621 424 670 342 134 204 
12 9 377 245 621 425 668 342 134 201 
12 9 377 245 621 426 668 341 134 202 
12 9 377 245 621 427 666 341 136 199 
12 9 377 245 621 428 666 341 136 199 
12 9 377 245 621 429 664 339 136 199 
12 9 377 245 621 430 664 339 136 199 
12 9 377 245 621 431 662 340 136 196 
12 9 377 245 621 432 662 340 136 196 
12 9 377 245 621 433 661 338 134 198 
12 9 377 245 621 434 659 338 134 198 
12 9 377 245 621 435 660 338 132 195 
12 9 377 245 621 436 657 336 136 198 
12 9 377 245 621 437 658 336 132 198 
12 9 377 245 621 438 656 336 132 195 
12 9 377 245 621 439 654 336 134 195 
12 9 377 245 621 440 655 335 130 196 
12 9 377 245 621 441 653 335 132 193 
12 9 377 245 621 442 653 335 132 193 
12 9 377 245 621 443 651 336 132 192 
12 9 377 245 621 444 652 333 128 195 
12 9 377 245 621 445 649 333 132 195 
12 9 377 245 621 446 647 334 132 192 
12 9 377 245 621 447 648 334 128 192 
12 9 377 245 621 448 646 331 130 195 
12 9 377 245 621 449 647 332 128 192 
12 9 377 245 621 450 645 332 128 192 
12 9 377 245 621 451 645 332 128 192 
12 9 377 245 621 452 643 330 128 192 
12 9 377 245 621 453 641 330 128 192 
12 9 377 245 621 454 641 330 128 192 
12 9 377 245 621 455 640 328 128 192 
12 9 377 245 621 456 638 328 128 192 
12 9 377 245 621 457 638 328 128 192 
12 9 377 245 621 458 636 327 128 192 
12 9 377 245 621 459 634 327 128 192 
12 9 377 245 621 460 634 327 128 192 
12 9 377 245 621 461 632 325 128 192 
12 9 377 245 621 462 632 325 128 192 
12 9 377 245 621 463 631 323 128 192 
12 9 377 245 621 464 631 323 128 192 
12 9 377 245 621 465 629 321 128 192 
12 9 377 245 621 466 629 321 128 192 
12 9 377 245 621 467 627 321 128 192 
12 9 377 245 621 468 627 320 128 192 
12 9 377 245 621 469 625 320 128 192 
12 9 377 245 621 470 625 318 128 192 
12 9 377 245 621 471 624 318 128 192 
12 9 377 245 621 472 624 318 128 192 
12 9 377 245 621 473 622 316 128 192 
12 9 377 245 621 474 622 316 128 192 
12 9 377 245 621 475 620 314 128 192 
12 9 377 245 621 476 620 314 128 192 
12 9 377 245 621 477 620 314 128 192 
12 9 377 245 621 478 618 312 128 192 
12 9 377 245 621 479 619 312 124 192 
12 9 377 245 621 480 616 312 128 192 
12 9 377 245 621 481 616 312 126 190 
12 9 377 245 621 482 616 312 124 190 
12 9 377 245 621 483 616 312 124 190 
12 9 377 245 621 484 614 312 124 187 
12 9 377 245 621 485 615 312 120 187 
12 9 377 245 621 486 612 312 124 187 
12 9 377 245 621 487 612 312 122 186 
12 9 377 245 621 488 610 312 122 186 
12 9 377 245 621 489 610 312 122 186 
12 9 377 245 621 490 610 312 120 183 
12 9 377 245 621 491 610 312 120 183 
12 9 377 245 621 492 608 312 120 183 
12 9 377 245 621 493 609 312 116 181 
12 9 377 245 621 494 606 312 120 181 
12 9 377 245 621 495 606 312 118 181 
12 9 377 245 621 496 604 310 118 181 
12 9 377 245 621 497 604 310 118 181 
12 9 377 245 621 498 602 310 118 181 
12 9 377 245 621 499 603 311 114 178 
12 9 377 245 621 500 602 311 116 178 
12 9 377 245 621 501 602 311 114 178 
12 9 377 245 621 502 600 311 114 175 
12 9 377 245 621 503 600 311 114 175 
12 9 377 245 621 504 598 311 114 175 
12 9 377 245 621 505 598 311 114 175 
12 9 377 245 621 506 596 309 114 175 
12 9 377 245 621 507 597 309 110 175 
12 9 377 245 621 508 596 310 112 174 
12 9 377 245 621 509 596 307 110 177 
12 9 377 245 621 510 593 308 114 174 
12 9 377 245 621 511 594 308 110 174 
12 9 377 245 621 512 591 307 114 172 
12 9 377 245 621 513 592 307 110 172 
12 9 377 245 621 514 593 307 106 172 
12 9 377 245 621 515 590 305 110 172 
12 9 377 245 621 516 591 305 108 172 
12 9 377 245 621 517 588 305 112 171 
12 9 377 245 621 518 589 303 108 174 
12 9 377 245 621 519 587 303 110 171 
12 9 377 245 621 520 588 303 106 171 
12 9 377 245 621 521 588 303 106 171 
12 9 377 245 621 522 586 301 106 171 
12 9 377 245 621 523 584 301 106 171 
12 9 377 245 621 524 584 302 106 168 
12 9 377 245 621 525 582 302 108 168 
12 9 377 245 621 526 581 299 106 171 
12 9 377 245 621 527 581 300 106 168 
12 9 377 245 621 528 579 300 106 168 
12 9 377 245 621 529 577 300 106 168 
12 9 377 245 621 530 577 299 106 168 
12 9 377 245 621 531 575 299 108 168 
12 9 377 245 621 532 573 299 108 168 
12 9 377 245 621 533 573 299 108 165 
12 9 377 245 621 534 572 297 106 168 
12 9 377 245 621 535 570 297 106 168 
12 9 377 245 621 536 570 297 106 165 
12 9 377 245 621 537 568 297 106 165 
12 9 377 245 621 538 568 297 106 165 
12 9 377 245 621 539 566 295 108 165 
12 9 377 245 621 540 566 295 108 165 
12 9 377 245 621 541 566 295 108 165 
12 9 377 245 621 542 566 295 108 165 
12 9 377 245 621 543 565 293 106 166 
12 9 377 245 621 544 565 293 106 166 
12 9 377 245 621 545 565 293 106 166 
12 9 377 245 621 546 565 293 106 166 
12 9 377 245 621 547 563 292 106 165 
12 9 377 245 621 548 563 292 106 165 
12 9 377 245 621 549 563 292 106 165 
12 9 377 245 621 550 563 292 106 165 
12 9 377 245 621 551 563 292 106 165 
12 9 377 245 621 552 561 290 106 165 
12 9 377 245 621 553 559 290 108 165 
12 9 377 245 621 554 557 291 108 162 
12 9 377 245 621 555 557 291 108 162 
12 9 377 245 621 556 556 291 106 162 
12 9 377 245 621 557 554 289 106 162 
12 9 377 245 621 558 552 289 106 162 
12 9 377 245 621 559 552 289 106 162 
12 9 377 245 621 560 550 289 108 160 
12 9 377 245 621 561 549 289 106 160 
12 9 377 245 621 562 549 289 106 160 
12 9 377 245 621 563 547 287 106 160 
12 9 377 245 621 564 547 287 106 160 
12 9 377 245 621 565 545 287 106 160 
12 9 377 245 621 566 545 287 106 157 
12 9 377 245 621 567 543 287 108 157 
12 9 377 245 621 568 543 287 108 157 
12 9 377 245 621 569 544 287 104 157 
12 9 377 245 621 570 541 288 108 154 
12 9 377 245 621 571 542 288 104 154 
12 9 377 245 621 572 540 288 106 154 
12 9 377 245 621 573 540 288 106 154 
12 9 377 245 621 574 541 286 102 156 
12 9 377 245 621 575 538 286 106 156 
12 9 377 245 621 576 539 286 102 156 
12 9 377 245 621 577 536 286 106 153 
12 9 377 245 621 578 537 286 104 153 
12 9 377 245 621 579 537 286 104 153 
12 9 377 245 621 580 535 286 104 153 
12 9 377 245 621 581 535 287 104 150 
12 9 377 245 621 582 534 287 102 150 
12 9 377 245 621 583 534 287 102 150 
12 9 377 245 621 584 534 287 102 150 
12 9 377 245 621 585 535 287 98 150 
12 9 377 245 621 586 535 287 98 150 
12 9 377 245 621 587 536 287 96 150 
12 9 377 245 621 588 536 287 96 150 
12 9 377 245 621 589 536 287 96 150 
12 9 377 245 621 590 537 287 92 150 
12 9 377 245 621 591 537 287 92 150 
12 9 377 245 621 592 538 287 88 150 
12 9 377 245 621 593 538 287 88 150 
12 9 377 245 621 594 538 287 88 150 
12 9 377 245 621 595 536 286 88 148 
12 9 377 245 621 596 536 286 88 148 
12 9 377 245 621 597 536 286 88 148 
12 9 377 245 621 598 534 286 88 148 
12 9 377 245 621 599 534 286 88 148 
12 9 377 245 621 600 534 286 88 148 
12 9 377 245 621 601 531 284 90 148 
12 9 377 245 621 602 531 284 90 148 
12 9 377 245 621 603 531 284 90 148 
12 9 377 245 621 604 531 284 90 148 
12 9 377 245 621 605 529 284 90 148 
12 9 377 245 621 606 529 284 90 148 
12 9 377 245 621 607 529 284 90 148 
12 9 377 245 621 608 529 282 88 150 
12 9 377 245 621 609 529 282 88 150 
12 9 377 245 621 610 529 282 88 150 
12 9 377 245 621 611 527 282 88 150 
12 9 377 245 621 612 527 282 88 150 
12 9 377 245 621 613 527 282 88 150 
12 9 377 245 621 614 527 282 88 150 
12 9 377 245 621 615 524 280 90 150 
12 9 377 245 621 616 524 280 90 150 
12 9 377 245 621 617 524 280 90 150 
12 9 377 245 621 618 522 280 90 150 
12 9 377 245 621 619 522 280 90 150 
12 9 377 245 621 620 522 280 90 150 
12 9 377 245 621 621 522 280 90 150 
