0 9 168 0 167 0 289 342 116 216 
0 9 168 0 167 1 286 340 118 216 
0 9 168 0 167 2 284 340 118 214 
0 9 168 0 167 3 282 340 118 214 
0 9 168 0 167 4 283 340 114 211 
0 9 168 0 167 5 282 340 114 210 
0 9 168 0 167 6 280 340 114 210 
0 9 168 0 167 7 278 340 114 207 
0 9 168 0 167 8 279 340 110 207 
0 9 168 0 167 9 277 338 110 208 
0 9 168 0 167 10 276 338 110 205 
0 9 168 0 167 11 274 338 110 205 
0 9 168 0 167 12 275 339 106 202 
0 9 168 0 167 13 273 336 106 205 
0 9 168 0 167 14 271 337 108 202 
0 9 168 0 167 15 269 337 108 199 
0 9 168 0 167 16 270 337 104 199 
0 9 168 0 167 17 269 335 102 201 
0 9 168 0 167 18 267 335 102 201 
0 9 168 0 167 19 268 336 100 198 
0 9 168 0 167 20 266 336 100 195 
0 9 168 0 167 21 264 336 100 195 
0 9 168 0 167 22 263 335 98 193 
0 9 168 0 167 23 264 335 96 193 
0 9 168 0 167 24 262 336 96 192 
0 9 168 0 167 25 260 336 96 189 
0 9 168 0 167 26 258 334 96 192 
0 9 168 0 167 27 259 334 92 189 
0 9 168 0 167 28 256 334 94 189 
0 9 168 0 167 29 256 335 92 186 
0 9 168 0 167 30 254 333 92 186 
0 9 168 0 167 31 255 333 88 186 
0 9 168 0 167 32 252 333 90 184 
0 9 168 0 167 33 250 333 90 184 
0 9 168 0 167 34 250 331 88 184 
0 9 168 0 167 35 251 331 84 181 
0 9 168 0 167 36 249 331 84 181 
0 9 168 0 167 37 246 332 86 178 
0 9 168 0 167 38 246 332 86 178 
0 9 168 0 167 39 242 330 86 180 
0 9 168 0 167 40 242 330 84 180 
0 9 168 0 167 41 239 330 86 180 
0 9 168 0 167 42 237 330 86 177 
0 9 168 0 167 43 235 329 86 178 
0 9 168 0 167 44 235 329 84 178 
0 9 168 0 167 45 233 329 84 175 
0 9 168 0 167 46 230 329 86 175 
0 9 168 0 167 47 228 329 86 175 
0 9 168 0 167 48 226 327 86 175 
0 9 168 0 167 49 226 327 84 175 
0 9 168 0 167 50 223 327 86 175 
0 9 168 0 167 51 219 328 86 172 
0 9 168 0 167 52 219 328 84 172 
0 9 168 0 167 53 217 325 84 175 
0 9 168 0 167 54 214 326 86 174 
0 9 168 0 167 55 212 326 86 174 
0 9 168 0 167 56 210 326 86 174 
0 9 168 0 167 57 210 326 84 174 
0 9 168 0 167 58 207 324 86 174 
0 9 168 0 167 59 205 324 86 174 
0 9 168 0 167 60 203 324 86 174 
0 9 168 0 167 61 203 324 84 171 
0 9 168 0 167 62 201 323 84 172 
0 9 168 0 167 63 198 323 86 172 
0 9 168 0 167 64 194 323 86 169 
0 9 168 0 167 65 194 323 84 169 
0 9 168 0 167 66 191 323 86 169 
0 9 168 0 167 67 189 321 86 171 
0 9 168 0 167 68 187 321 86 171 
0 9 168 0 167 69 187 321 84 171 
0 9 168 0 167 70 185 322 84 168 
0 9 168 0 167 71 182 322 86 168 
0 9 168 0 167 72 180 319 86 171 
0 9 168 0 167 73 178 320 86 168 
0 9 168 0 167 74 178 320 84 168 
0 9 168 0 167 75 175 320 86 168 
0 9 168 0 167 76 173 320 86 168 
0 9 168 0 167 77 171 318 84 168 
0 9 168 0 167 78 169 318 84 168 
0 9 168 0 167 79 166 318 86 165 
0 9 168 0 167 80 164 318 86 165 
0 9 168 0 167 81 162 318 86 165 
0 9 168 0 167 82 162 318 84 163 
0 9 168 0 167 83 159 316 86 166 
0 9 168 0 167 84 157 316 86 166 
0 9 168 0 167 85 155 316 86 163 
0 9 168 0 167 86 155 316 84 163 
0 9 168 0 167 87 153 317 84 160 
0 9 168 0 167 88 150 317 86 160 
0 9 168 0 167 89 148 317 86 160 
0 9 168 0 167 90 146 316 84 159 
0 9 168 0 167 91 143 316 86 159 
0 9 168 0 167 92 141 316 86 159 
0 9 168 0 167 93 139 316 86 157 
0 9 168 0 167 94 139 316 84 157 
0 9 168 0 167 95 137 317 84 154 
0 9 168 0 167 96 134 317 86 154 
0 9 168 0 167 97 132 314 86 157 
0 9 168 0 167 98 130 315 86 154 
0 9 168 0 167 99 130 315 84 154 
0 9 168 0 167 100 127 315 86 154 
0 9 168 0 167 101 125 315 86 151 
0 9 168 0 167 102 123 315 86 151 
0 9 168 0 167 103 123 315 84 151 
0 9 168 0 167 104 118 313 86 151 
0 9 168 0 167 105 116 313 86 151 
0 9 168 0 167 106 114 314 86 150 
0 9 168 0 167 107 114 314 84 150 
0 9 168 0 167 108 111 314 86 147 
0 9 168 0 167 109 109 314 86 147 
0 9 168 0 167 110 107 315 86 144 
0 9 168 0 167 111 107 315 84 144 
0 9 168 0 167 112 105 315 84 141 
0 9 168 0 167 113 102 315 86 141 
0 9 168 0 167 114 100 315 86 141 
0 9 168 0 167 115 98 315 86 139 
0 9 168 0 167 116 98 315 84 139 
0 9 168 0 167 117 95 316 86 136 
0 9 168 0 167 118 93 316 86 136 
0 9 168 0 167 119 91 316 86 133 
0 9 168 0 167 120 91 316 84 133 
0 9 168 0 167 121 89 317 84 130 
0 9 168 0 167 122 86 317 86 130 
0 9 168 0 167 123 84 317 86 130 
0 9 168 0 167 124 82 317 84 127 
0 9 168 0 167 125 79 317 86 127 
0 9 168 0 167 126 78 317 82 127 
0 9 168 0 167 127 76 317 82 127 
0 9 168 0 167 128 76 317 80 127 
0 9 168 0 167 129 71 317 82 127 
0 9 168 0 167 130 69 317 82 127 
0 9 168 0 167 131 68 318 80 126 
0 9 168 0 167 132 67 318 78 126 
0 9 168 0 167 133 65 318 78 126 
0 9 168 0 167 134 64 318 74 126 
0 9 168 0 167 135 60 318 78 126 
0 9 168 0 167 136 59 320 74 123 
0 9 168 0 167 137 57 320 74 123 
0 9 168 0 167 138 55 321 76 120 
0 9 168 0 167 139 54 321 72 120 
0 9 168 0 167 140 53 321 70 120 
0 9 168 0 167 141 49 321 72 120 
0 9 168 0 167 142 47 321 72 120 
0 9 168 0 167 143 46 321 70 120 
0 9 168 0 167 144 45 321 68 120 
0 9 168 0 167 145 43 321 68 117 
0 9 168 0 167 146 39 321 68 117 
0 9 168 0 167 147 38 321 66 117 
0 9 168 0 167 148 36 321 68 117 
0 9 168 0 167 149 35 324 64 114 
0 9 168 0 167 150 33 324 64 114 
0 9 168 0 167 151 32 324 64 114 
0 9 168 0 167 152 28 324 64 114 
0 9 168 0 167 153 26 324 64 111 
0 9 168 0 167 154 24 324 62 111 
0 9 168 0 167 155 24 324 60 111 
0 9 168 0 167 156 22 324 60 111 
0 9 168 0 167 157 20 324 58 111 
0 9 168 0 167 158 17 324 60 111 
0 9 168 0 167 159 16 324 56 111 
0 9 168 0 167 160 14 324 56 109 
0 9 168 0 167 161 11 324 58 109 
0 9 168 0 167 162 10 326 54 108 
0 9 168 0 167 163 7 326 56 108 
0 9 168 0 167 164 5 326 54 108 
0 9 168 0 167 165 3 326 54 108 
0 9 168 0 167 166 3 326 52 108 
0 9 168 0 167 167 1 326 50 105 
1 9 534 180 713 180 1137 484 141 234 
1 9 534 180 713 181 1135 482 144 236 
1 9 534 180 713 182 1128 482 151 236 
1 9 534 180 713 183 1121 481 158 238 
1 9 534 180 713 184 1118 481 160 238 
1 9 534 180 713 185 1111 478 168 240 
1 9 534 180 713 186 1108 478 166 240 
1 9 534 180 713 187 1101 476 172 243 
1 9 534 180 713 188 1098 476 170 243 
1 9 534 180 713 189 1092 473 174 245 
1 9 534 180 713 190 1087 473 178 246 
1 9 534 180 713 191 1083 471 178 247 
1 9 534 180 713 192 1080 470 178 248 
1 9 534 180 713 193 1076 468 178 250 
1 9 534 180 713 194 1073 466 178 252 
1 9 534 180 713 195 1069 464 178 254 
1 9 534 180 713 196 1068 465 176 254 
1 9 534 180 713 197 1065 464 174 255 
1 9 534 180 713 198 1061 462 174 257 
1 9 534 180 713 199 1058 460 174 259 
1 9 534 180 713 200 1054 458 174 261 
1 9 534 180 713 201 1053 458 172 260 
1 9 534 180 713 202 1050 456 170 262 
1 9 534 180 713 203 1046 456 172 263 
1 9 534 180 713 204 1043 454 170 265 
1 9 534 180 713 205 1039 451 172 267 
1 9 534 180 713 206 1037 452 172 266 
1 9 534 180 713 207 1034 450 170 268 
1 9 534 180 713 208 1030 449 172 269 
1 9 534 180 713 209 1027 447 170 271 
1 9 534 180 713 210 1023 445 172 273 
1 9 534 180 713 211 1020 443 170 275 
1 9 534 180 713 212 1019 444 166 274 
1 9 534 180 713 213 1015 442 168 276 
1 9 534 180 713 214 1012 441 166 274 
1 9 534 180 713 215 1008 439 168 274 
1 9 534 180 713 216 1005 437 166 274 
1 9 534 180 713 217 1004 437 164 271 
1 9 534 180 713 218 1000 435 164 273 
1 9 534 180 713 219 997 434 164 271 
1 9 534 180 713 220 993 432 164 271 
1 9 534 180 713 221 990 430 162 271 
1 9 534 180 713 222 988 431 164 270 
1 9 534 180 713 223 984 429 164 270 
1 9 534 180 713 224 983 427 162 270 
1 9 534 180 713 225 982 427 160 267 
1 9 534 180 713 226 977 426 164 265 
1 9 534 180 713 227 976 424 160 267 
1 9 534 180 713 228 975 425 160 264 
1 9 534 180 713 229 971 423 160 264 
1 9 534 180 713 230 969 423 160 264 
1 9 534 180 713 231 969 421 156 264 
1 9 534 180 713 232 964 420 160 264 
1 9 534 180 713 233 962 420 160 261 
1 9 534 180 713 234 960 418 158 261 
1 9 534 180 713 235 957 419 160 258 
1 9 534 180 713 236 956 417 156 258 
1 9 534 180 713 237 953 414 158 259 
1 9 534 180 713 238 951 414 156 259 
1 9 534 180 713 239 949 412 156 259 
1 9 534 180 713 240 947 413 154 256 
1 9 534 180 713 241 945 412 154 255 
1 9 534 180 713 242 942 410 156 256 
1 9 534 180 713 243 940 410 154 253 
1 9 534 180 713 244 938 408 154 253 
1 9 534 180 713 245 936 408 152 253 
1 9 534 180 713 246 934 406 152 253 
1 9 534 180 713 247 932 406 150 252 
1 9 534 180 713 248 929 406 152 250 
1 9 534 180 713 249 927 404 150 250 
1 9 534 180 713 250 925 404 150 247 
1 9 534 180 713 251 922 402 152 247 
1 9 534 180 713 252 921 400 148 249 
1 9 534 180 713 253 918 400 150 249 
1 9 534 180 713 254 914 398 150 249 
1 9 534 180 713 255 914 399 148 246 
1 9 534 180 713 256 912 398 146 244 
1 9 534 180 713 257 907 396 150 244 
1 9 534 180 713 258 908 396 144 243 
1 9 534 180 713 259 905 394 146 243 
1 9 534 180 713 260 903 394 146 243 
1 9 534 180 713 261 899 392 146 243 
1 9 534 180 713 262 898 393 146 240 
1 9 534 180 713 263 897 392 142 240 
1 9 534 180 713 264 895 392 142 240 
1 9 534 180 713 265 892 390 144 240 
1 9 534 180 713 266 890 390 142 237 
1 9 534 180 713 267 888 390 142 237 
1 9 534 180 713 268 886 388 142 237 
1 9 534 180 713 269 883 389 142 234 
1 9 534 180 713 270 881 386 142 237 
1 9 534 180 713 271 879 386 142 235 
1 9 534 180 713 272 878 384 140 235 
1 9 534 180 713 273 874 384 142 235 
1 9 534 180 713 274 872 385 142 232 
1 9 534 180 713 275 871 384 140 231 
1 9 534 180 713 276 869 384 140 231 
1 9 534 180 713 277 865 382 142 232 
1 9 534 180 713 278 864 382 138 229 
1 9 534 180 713 279 862 380 140 232 
1 9 534 180 713 280 861 380 138 229 
1 9 534 180 713 281 857 381 138 226 
1 9 534 180 713 282 855 378 140 229 
1 9 534 180 713 283 854 379 136 226 
1 9 534 180 713 284 853 378 134 226 
1 9 534 180 713 285 848 378 138 226 
1 9 534 180 713 286 847 376 136 226 
1 9 534 180 713 287 846 376 134 223 
1 9 534 180 713 288 844 376 134 223 
1 9 534 180 713 289 840 374 136 223 
1 9 534 180 713 290 838 375 136 222 
1 9 534 180 713 291 837 372 134 225 
1 9 534 180 713 292 836 373 132 222 
1 9 534 180 713 293 831 371 136 222 
1 9 534 180 713 294 830 371 134 222 
1 9 534 180 713 295 829 371 132 219 
1 9 534 180 713 296 827 370 132 217 
1 9 534 180 713 297 822 370 136 217 
1 9 534 180 713 298 822 368 130 219 
1 9 534 180 713 299 820 369 132 216 
1 9 534 180 713 300 818 369 132 216 
1 9 534 180 713 301 815 367 130 216 
1 9 534 180 713 302 813 367 132 213 
1 9 534 180 713 303 811 367 132 213 
1 9 534 180 713 304 809 365 132 214 
1 9 534 180 713 305 808 365 128 214 
1 9 534 180 713 306 804 365 132 211 
1 9 534 180 713 307 802 364 132 213 
1 9 534 180 713 308 800 365 132 210 
1 9 534 180 713 309 799 365 130 210 
1 9 534 180 713 310 798 363 128 210 
1 9 534 180 713 311 796 363 128 210 
1 9 534 180 713 312 791 363 132 207 
1 9 534 180 713 313 790 363 130 207 
1 9 534 180 713 314 788 361 132 208 
1 9 534 180 713 315 787 361 128 208 
1 9 534 180 713 316 785 361 128 205 
1 9 534 180 713 317 781 359 132 208 
1 9 534 180 713 318 779 359 132 205 
1 9 534 180 713 319 778 359 128 205 
1 9 534 180 713 320 776 357 128 205 
1 9 534 180 713 321 775 357 128 205 
1 9 534 180 713 322 773 358 128 204 
1 9 534 180 713 323 768 358 132 204 
1 9 534 180 713 324 768 357 128 202 
1 9 534 180 713 325 766 357 128 202 
1 9 534 180 713 326 764 357 128 199 
1 9 534 180 713 327 762 355 128 202 
1 9 534 180 713 328 758 355 130 199 
1 9 534 180 713 329 757 355 128 199 
1 9 534 180 713 330 755 353 128 199 
1 9 534 180 713 331 753 353 128 199 
1 9 534 180 713 332 752 354 128 198 
1 9 534 180 713 333 750 354 128 198 
1 9 534 180 713 334 746 352 128 198 
1 9 534 180 713 335 744 352 128 198 
1 9 534 180 713 336 743 352 128 195 
1 9 534 180 713 337 741 351 128 196 
1 9 534 180 713 338 739 351 128 196 
1 9 534 180 713 339 737 351 128 193 
1 9 534 180 713 340 736 351 128 193 
1 9 534 180 713 341 735 349 124 196 
1 9 534 180 713 342 733 349 124 195 
1 9 534 180 713 343 731 349 124 195 
1 9 534 180 713 344 728 347 126 198 
1 9 534 180 713 345 728 347 124 195 
1 9 534 180 713 346 726 347 124 195 
1 9 534 180 713 347 724 347 124 195 
1 9 534 180 713 348 721 345 124 195 
1 9 534 180 713 349 719 345 124 195 
1 9 534 180 713 350 717 346 124 192 
1 9 534 180 713 351 715 343 124 195 
1 9 534 180 713 352 712 343 126 195 
1 9 534 180 713 353 712 344 124 192 
1 9 534 180 713 354 710 344 124 192 
1 9 534 180 713 355 708 342 122 193 
1 9 534 180 713 356 706 343 122 192 
1 9 534 180 713 357 706 343 120 192 
1 9 534 180 713 358 704 340 120 195 
1 9 534 180 713 359 702 341 120 192 
1 9 534 180 713 360 699 341 122 192 
1 9 534 180 713 361 697 341 122 192 
1 9 534 180 713 362 697 339 120 192 
1 9 534 180 713 363 695 339 120 192 
1 9 534 180 713 364 695 339 118 189 
1 9 534 180 713 365 693 337 118 192 
1 9 534 180 713 366 690 337 122 190 
1 9 534 180 713 367 691 337 118 190 
1 9 534 180 713 368 691 337 116 187 
1 9 534 180 713 369 692 336 112 189 
1 9 534 180 713 370 689 337 114 186 
1 9 534 180 713 371 686 337 118 186 
1 9 534 180 713 372 687 334 114 189 
1 9 534 180 713 373 685 335 114 186 
1 9 534 180 713 374 683 335 114 186 
1 9 534 180 713 375 684 335 112 183 
1 9 534 180 713 376 682 333 114 186 
1 9 534 180 713 377 683 333 110 184 
1 9 534 180 713 378 681 333 110 184 
1 9 534 180 713 379 679 333 110 181 
1 9 534 180 713 380 680 331 106 184 
1 9 534 180 713 381 677 331 110 184 
1 9 534 180 713 382 676 331 110 181 
1 9 534 180 713 383 677 329 106 184 
1 9 534 180 713 384 675 329 106 181 
1 9 534 180 713 385 676 329 102 181 
1 9 534 180 713 386 673 330 106 180 
1 9 534 180 713 387 671 328 108 181 
1 9 534 180 713 388 672 329 104 178 
1 9 534 180 713 389 670 329 104 178 
1 9 534 180 713 390 670 329 104 178 
1 9 534 180 713 391 669 327 102 178 
1 9 534 180 713 392 667 327 102 178 
1 9 534 180 713 393 667 327 102 175 
1 9 534 180 713 394 665 325 104 178 
1 9 534 180 713 395 665 325 104 178 
1 9 534 180 713 396 663 325 104 175 
1 9 534 180 713 397 664 325 100 175 
1 9 534 180 713 398 662 323 102 178 
1 9 534 180 713 399 663 323 98 177 
1 9 534 180 713 400 660 323 102 177 
1 9 534 180 713 401 661 323 100 177 
1 9 534 180 713 402 658 322 104 175 
1 9 534 180 713 403 659 322 100 175 
1 9 534 180 713 404 657 322 100 175 
1 9 534 180 713 405 657 323 100 172 
1 9 534 180 713 406 655 320 100 175 
1 9 534 180 713 407 655 321 100 172 
1 9 534 180 713 408 654 321 98 172 
1 9 534 180 713 409 654 321 98 172 
1 9 534 180 713 410 652 319 100 174 
1 9 534 180 713 411 650 319 100 174 
1 9 534 180 713 412 650 319 100 174 
1 9 534 180 713 413 648 319 100 171 
1 9 534 180 713 414 648 317 100 174 
1 9 534 180 713 415 647 317 98 174 
1 9 534 180 713 416 647 317 98 171 
1 9 534 180 713 417 645 317 100 171 
1 9 534 180 713 418 646 315 96 174 
1 9 534 180 713 419 643 315 100 171 
1 9 534 180 713 420 644 315 96 171 
1 9 534 180 713 421 641 316 100 168 
1 9 534 180 713 422 642 314 96 169 
1 9 534 180 713 423 640 314 96 169 
1 9 534 180 713 424 640 315 96 168 
1 9 534 180 713 425 639 315 96 168 
1 9 534 180 713 426 639 312 96 171 
1 9 534 180 713 427 637 313 96 168 
1 9 534 180 713 428 637 313 96 168 
1 9 534 180 713 429 635 313 96 168 
1 9 534 180 713 430 633 311 96 168 
1 9 534 180 713 431 633 311 96 168 
1 9 534 180 713 432 632 311 96 168 
1 9 534 180 713 433 632 311 96 165 
1 9 534 180 713 434 630 309 96 168 
1 9 534 180 713 435 630 309 96 166 
1 9 534 180 713 436 628 309 96 166 
1 9 534 180 713 437 629 309 92 166 
1 9 534 180 713 438 626 308 96 165 
1 9 534 180 713 439 627 308 92 165 
1 9 534 180 713 440 624 308 96 165 
1 9 534 180 713 441 624 309 94 162 
1 9 534 180 713 442 623 306 96 165 
1 9 534 180 713 443 624 306 92 165 
1 9 534 180 713 444 622 307 92 162 
1 9 534 180 713 445 622 307 92 162 
1 9 534 180 713 446 620 304 92 165 
1 9 534 180 713 447 620 305 92 162 
1 9 534 180 713 448 617 305 94 162 
1 9 534 180 713 449 617 305 94 162 
1 9 534 180 713 450 617 302 92 163 
1 9 534 180 713 451 615 302 92 163 
1 9 534 180 713 452 615 302 92 163 
1 9 534 180 713 453 613 303 92 160 
1 9 534 180 713 454 613 303 92 160 
1 9 534 180 713 455 611 300 92 163 
1 9 534 180 713 456 611 301 90 160 
1 9 534 180 713 457 608 301 94 160 
1 9 534 180 713 458 608 301 92 160 
1 9 534 180 713 459 608 301 92 160 
1 9 534 180 713 460 606 300 92 159 
1 9 534 180 713 461 606 300 92 159 
1 9 534 180 713 462 604 300 92 159 
1 9 534 180 713 463 604 300 90 157 
1 9 534 180 713 464 601 300 94 157 
1 9 534 180 713 465 601 298 92 160 
1 9 534 180 713 466 601 298 92 160 
1 9 534 180 713 467 599 298 92 157 
1 9 534 180 713 468 600 298 88 157 
1 9 534 180 713 469 597 298 92 157 
1 9 534 180 713 470 598 296 88 157 
1 9 534 180 713 471 595 296 92 157 
1 9 534 180 713 472 595 296 90 157 
1 9 534 180 713 473 592 296 94 157 
1 9 534 180 713 474 592 297 92 154 
1 9 534 180 713 475 593 294 88 157 
1 9 534 180 713 476 590 294 92 157 
1 9 534 180 713 477 591 295 88 154 
1 9 534 180 713 478 588 295 92 154 
1 9 534 180 713 479 588 295 90 154 
1 9 534 180 713 480 586 294 90 154 
1 9 534 180 713 481 585 294 92 154 
1 9 534 180 713 482 586 294 88 154 
1 9 534 180 713 483 583 294 92 154 
1 9 534 180 713 484 584 294 88 151 
1 9 534 180 713 485 581 292 92 154 
1 9 534 180 713 486 582 292 88 154 
1 9 534 180 713 487 579 292 90 151 
1 9 534 180 713 488 579 292 90 151 
1 9 534 180 713 489 577 292 90 151 
1 9 534 180 713 490 576 290 92 154 
1 9 534 180 713 491 577 290 88 151 
1 9 534 180 713 492 575 290 88 151 
1 9 534 180 713 493 575 290 88 151 
1 9 534 180 713 494 572 291 90 150 
1 9 534 180 713 495 572 288 90 153 
1 9 534 180 713 496 570 288 90 153 
1 9 534 180 713 497 569 288 92 153 
1 9 534 180 713 498 570 289 88 150 
1 9 534 180 713 499 568 289 88 150 
1 9 534 180 713 500 568 286 88 153 
1 9 534 180 713 501 566 287 88 150 
1 9 534 180 713 502 566 287 88 150 
1 9 534 180 713 503 563 287 90 150 
1 9 534 180 713 504 563 287 90 150 
1 9 534 180 713 505 561 286 90 148 
1 9 534 180 713 506 561 286 90 148 
1 9 534 180 713 507 561 286 88 148 
1 9 534 180 713 508 561 286 88 148 
1 9 534 180 713 509 559 286 88 145 
1 9 534 180 713 510 559 286 88 145 
1 9 534 180 713 511 559 286 86 145 
1 9 534 180 713 512 556 284 90 148 
1 9 534 180 713 513 557 284 86 148 
1 9 534 180 713 514 554 284 90 147 
1 9 534 180 713 515 555 284 86 147 
1 9 534 180 713 516 554 284 88 147 
1 9 534 180 713 517 555 284 84 147 
1 9 534 180 713 518 555 285 84 144 
1 9 534 180 713 519 553 282 84 147 
1 9 534 180 713 520 553 282 84 147 
1 9 534 180 713 521 550 282 86 147 
1 9 534 180 713 522 550 282 86 147 
1 9 534 180 713 523 551 283 82 144 
1 9 534 180 713 524 548 283 86 144 
1 9 534 180 713 525 549 283 82 144 
1 9 534 180 713 526 546 283 86 144 
1 9 534 180 713 527 547 280 82 147 
1 9 534 180 713 528 546 281 84 144 
1 9 534 180 713 529 546 281 82 144 
1 9 534 180 713 530 546 281 82 144 
1 9 534 180 713 531 544 281 82 144 
1 9 534 180 713 532 544 281 82 142 
1 9 534 180 713 533 542 281 82 142 
1 9 534 180 713 534 542 280 82 144 
1 9 534 180 713 535 540 280 82 144 
1 9 534 180 713 536 540 280 82 144 
1 9 534 180 713 537 541 280 78 141 
1 9 534 180 713 538 540 280 80 141 
1 9 534 180 713 539 540 280 78 141 
1 9 534 180 713 540 537 280 82 141 
1 9 534 180 713 541 538 278 78 144 
1 9 534 180 713 542 538 278 78 141 
1 9 534 180 713 543 536 278 78 141 
1 9 534 180 713 544 536 278 78 141 
1 9 534 180 713 545 534 278 78 141 
1 9 534 180 713 546 534 279 78 138 
1 9 534 180 713 547 532 279 80 138 
1 9 534 180 713 548 532 279 80 138 
1 9 534 180 713 549 532 276 80 141 
1 9 534 180 713 550 531 276 78 141 
1 9 534 180 713 551 531 277 78 138 
1 9 534 180 713 552 529 277 78 138 
1 9 534 180 713 553 529 277 78 138 
1 9 534 180 713 554 527 277 78 138 
1 9 534 180 713 555 527 277 78 136 
1 9 534 180 713 556 528 274 74 139 
1 9 534 180 713 557 525 274 78 139 
1 9 534 180 713 558 526 274 76 139 
1 9 534 180 713 559 524 274 78 139 
1 9 534 180 713 560 525 275 74 136 
1 9 534 180 713 561 525 275 74 136 
1 9 534 180 713 562 523 275 74 136 
1 9 534 180 713 563 523 272 74 139 
1 9 534 180 713 564 521 272 74 139 
1 9 534 180 713 565 521 273 74 136 
1 9 534 180 713 566 519 273 76 136 
1 9 534 180 713 567 519 273 76 136 
1 9 534 180 713 568 520 273 72 136 
1 9 534 180 713 569 517 273 76 133 
1 9 534 180 713 570 518 273 72 133 
1 9 534 180 713 571 516 272 74 135 
1 9 534 180 713 572 517 272 70 135 
1 9 534 180 713 573 514 272 74 135 
1 9 534 180 713 574 515 272 70 133 
1 9 534 180 713 575 515 272 70 133 
1 9 534 180 713 576 513 272 72 133 
1 9 534 180 713 577 513 272 72 133 
1 9 534 180 713 578 511 270 72 136 
1 9 534 180 713 579 511 270 72 133 
1 9 534 180 713 580 512 270 68 133 
1 9 534 180 713 581 510 270 70 133 
1 9 534 180 713 582 511 270 66 133 
1 9 534 180 713 583 508 271 70 130 
1 9 534 180 713 584 509 271 68 130 
1 9 534 180 713 585 506 268 72 133 
1 9 534 180 713 586 507 268 68 133 
1 9 534 180 713 587 507 268 68 133 
1 9 534 180 713 588 505 269 68 130 
1 9 534 180 713 589 505 269 68 130 
1 9 534 180 713 590 503 269 68 130 
1 9 534 180 713 591 503 269 68 130 
1 9 534 180 713 592 503 269 68 130 
1 9 534 180 713 593 502 267 66 130 
1 9 534 180 713 594 500 267 68 130 
1 9 534 180 713 595 500 267 68 130 
1 9 534 180 713 596 498 267 68 130 
1 9 534 180 713 597 496 267 68 129 
1 9 534 180 713 598 496 267 68 129 
1 9 534 180 713 599 495 267 66 129 
1 9 534 180 713 600 495 267 66 129 
1 9 534 180 713 601 493 266 68 127 
1 9 534 180 713 602 490 266 72 127 
1 9 534 180 713 603 490 266 72 127 
1 9 534 180 713 604 488 266 72 127 
1 9 534 180 713 605 488 266 72 127 
1 9 534 180 713 606 485 264 76 130 
1 9 534 180 713 607 485 264 76 127 
1 9 534 180 713 608 484 264 74 127 
1 9 534 180 713 609 484 264 74 127 
1 9 534 180 713 610 481 264 78 127 
1 9 534 180 713 611 481 264 78 127 
1 9 534 180 713 612 479 262 78 130 
1 9 534 180 713 613 479 262 78 127 
1 9 534 180 713 614 476 262 82 127 
1 9 534 180 713 615 477 262 78 127 
1 9 534 180 713 616 476 262 80 127 
1 9 534 180 713 617 476 260 80 130 
1 9 534 180 713 618 473 260 84 130 
1 9 534 180 713 619 473 260 82 129 
1 9 534 180 713 620 470 260 86 129 
1 9 534 180 713 621 470 260 86 129 
1 9 534 180 713 622 467 260 90 129 
1 9 534 180 713 623 465 258 90 132 
1 9 534 180 713 624 465 258 90 132 
1 9 534 180 713 625 464 258 92 132 
1 9 534 180 713 626 465 258 88 129 
1 9 534 180 713 627 462 258 92 129 
1 9 534 180 713 628 462 257 92 130 
1 9 534 180 713 629 459 257 96 130 
1 9 534 180 713 630 460 257 92 130 
1 9 534 180 713 631 457 257 96 130 
1 9 534 180 713 632 457 257 96 127 
1 9 534 180 713 633 455 257 98 127 
1 9 534 180 713 634 456 255 96 130 
1 9 534 180 713 635 453 255 100 130 
1 9 534 180 713 636 453 255 100 130 
1 9 534 180 713 637 451 255 100 130 
1 9 534 180 713 638 451 255 100 127 
1 9 534 180 713 639 448 253 104 130 
1 9 534 180 713 640 448 253 104 130 
1 9 534 180 713 641 446 253 104 130 
1 9 534 180 713 642 446 253 104 130 
1 9 534 180 713 643 444 253 106 130 
1 9 534 180 713 644 444 253 106 130 
1 9 534 180 713 645 442 251 106 130 
1 9 534 180 713 646 442 251 106 130 
1 9 534 180 713 647 442 251 106 130 
1 9 534 180 713 648 442 251 106 130 
1 9 534 180 713 649 440 251 106 130 
1 9 534 180 713 650 440 251 106 130 
1 9 534 180 713 651 440 251 106 130 
1 9 534 180 713 652 440 251 106 130 
1 9 534 180 713 653 438 251 108 130 
1 9 534 180 713 654 438 251 108 130 
1 9 534 180 713 655 438 251 108 130 
1 9 534 180 713 656 438 251 108 130 
1 9 534 180 713 657 437 250 106 130 
1 9 534 180 713 658 437 250 106 130 
1 9 534 180 713 659 437 250 106 130 
1 9 534 180 713 660 437 250 106 130 
1 9 534 180 713 661 435 250 106 130 
1 9 534 180 713 662 435 250 106 130 
1 9 534 180 713 663 435 250 106 130 
1 9 534 180 713 664 435 250 106 130 
1 9 534 180 713 665 433 250 106 130 
1 9 534 180 713 666 433 250 106 130 
1 9 534 180 713 667 433 250 106 130 
1 9 534 180 713 668 433 250 106 130 
1 9 534 180 713 669 431 248 108 130 
1 9 534 180 713 670 431 248 108 130 
1 9 534 180 713 671 431 248 108 130 
1 9 534 180 713 672 431 248 108 130 
1 9 534 180 713 673 429 248 108 130 
1 9 534 180 713 674 429 248 108 130 
1 9 534 180 713 675 429 248 108 130 
1 9 534 180 713 676 429 248 108 130 
1 9 534 180 713 677 428 248 106 130 
1 9 534 180 713 678 428 248 106 130 
1 9 534 180 713 679 428 248 106 130 
1 9 534 180 713 680 428 248 106 130 
1 9 534 180 713 681 426 246 106 130 
1 9 534 180 713 682 426 246 106 130 
1 9 534 180 713 683 426 246 106 130 
1 9 534 180 713 684 426 246 106 130 
1 9 534 180 713 685 424 246 106 130 
1 9 534 180 713 686 424 246 106 130 
1 9 534 180 713 687 424 246 106 130 
1 9 534 180 713 688 424 246 106 130 
1 9 534 180 713 689 422 246 108 130 
1 9 534 180 713 690 422 246 108 130 
1 9 534 180 713 691 422 246 108 130 
1 9 534 180 713 692 422 246 108 130 
1 9 534 180 713 693 422 246 108 130 
1 9 534 180 713 694 422 246 108 130 
1 9 534 180 713 695 422 246 108 130 
1 9 534 180 713 696 422 246 108 130 
1 9 534 180 713 697 422 246 108 130 
1 9 534 180 713 698 422 246 108 130 
1 9 534 180 713 699 422 246 108 130 
1 9 534 180 713 700 422 246 108 130 
1 9 534 180 713 701 422 246 108 130 
1 9 534 180 713 702 422 246 108 130 
1 9 534 180 713 703 422 246 108 130 
1 9 534 180 713 704 422 246 108 130 
1 9 534 180 713 705 422 246 108 130 
1 9 534 180 713 706 422 246 108 130 
1 9 534 180 713 707 422 246 108 130 
1 9 534 180 713 708 422 246 108 130 
1 9 534 180 713 709 422 246 108 130 
1 9 534 180 713 710 422 246 108 130 
1 9 534 180 713 711 422 246 108 130 
1 9 534 180 713 712 422 246 108 130 
1 9 534 180 713 713 422 246 108 130 
2 9 224 490 713 490 776 573 190 145 
2 9 224 490 713 491 769 571 192 148 
2 9 224 490 713 492 765 567 188 151 
2 9 224 490 713 493 760 564 188 154 
2 9 224 490 713 494 754 562 186 156 
2 9 224 490 713 495 750 558 184 160 
2 9 224 490 713 496 746 556 180 163 
2 9 224 490 713 497 739 553 182 165 
2 9 224 490 713 498 734 550 182 168 
2 9 224 490 713 499 730 549 180 169 
2 9 224 490 713 500 723 547 182 171 
2 9 224 490 713 501 718 544 184 174 
2 9 224 490 713 502 714 542 182 176 
2 9 224 490 713 503 709 541 182 178 
2 9 224 490 713 504 704 538 184 180 
2 9 224 490 713 505 697 536 186 183 
2 9 224 490 713 506 695 533 182 185 
2 9 224 490 713 507 690 531 184 188 
2 9 224 490 713 508 683 529 186 189 
2 9 224 490 713 509 679 527 184 191 
2 9 224 490 713 510 674 524 186 194 
2 9 224 490 713 511 670 522 184 196 
2 9 224 490 713 512 665 521 184 198 
2 9 224 490 713 513 657 518 190 200 
2 9 224 490 713 514 656 516 184 203 
2 9 224 490 713 515 649 513 186 205 
2 9 224 490 713 516 644 511 188 208 
2 9 224 490 713 517 639 509 188 209 
2 9 224 490 713 518 635 507 186 211 
2 9 224 490 713 519 630 504 188 214 
2 9 224 490 713 520 625 502 188 216 
2 9 224 490 713 521 621 501 188 218 
2 9 224 490 713 522 617 496 186 223 
2 9 224 490 713 523 615 491 182 228 
2 9 224 490 713 524 612 489 178 229 
2 9 224 490 713 525 612 484 174 234 
2 9 224 490 713 526 609 481 170 238 
2 9 224 490 713 527 606 478 168 240 
2 9 224 490 713 528 604 473 164 245 
2 9 224 490 713 529 603 471 160 248 
2 9 224 490 713 530 591 471 172 248 
2 9 224 490 713 531 579 473 182 245 
2 9 224 490 713 532 568 476 192 243 
2 9 224 490 713 533 566 473 188 245 
2 9 224 490 713 534 562 471 186 248 
2 9 224 490 713 535 560 469 184 249 
2 9 224 490 713 536 556 467 182 251 
2 9 224 490 713 537 554 464 180 254 
2 9 224 490 713 538 550 462 178 256 
2 9 224 490 713 539 548 461 176 258 
2 9 224 490 713 540 544 458 174 260 
2 9 224 490 713 541 540 456 176 263 
2 9 224 490 713 542 538 453 170 265 
2 9 224 490 713 543 534 451 172 268 
2 9 224 490 713 544 532 449 166 269 
2 9 224 490 713 545 528 447 168 271 
2 9 224 490 713 546 526 444 162 274 
2 9 224 490 713 547 522 444 164 274 
2 9 224 490 713 548 519 442 162 276 
2 9 224 490 713 549 518 442 160 277 
2 9 224 490 713 550 514 440 160 278 
2 9 224 490 713 551 512 440 160 278 
2 9 224 490 713 552 509 438 160 280 
2 9 224 490 713 553 508 437 156 282 
2 9 224 490 713 554 505 435 156 284 
2 9 224 490 713 555 503 436 156 283 
2 9 224 490 713 556 499 435 156 284 
2 9 224 490 713 557 497 433 154 286 
2 9 224 490 713 558 495 431 152 287 
2 9 224 490 713 559 492 431 154 287 
2 9 224 490 713 560 490 430 152 288 
2 9 224 490 713 561 489 429 148 289 
2 9 224 490 713 562 484 427 150 291 
2 9 224 490 713 563 482 428 150 290 
2 9 224 490 713 564 479 426 150 292 
2 9 224 490 713 565 478 424 146 294 
2 9 224 490 713 566 476 422 144 296 
2 9 224 490 713 567 473 423 146 294 
2 9 224 490 713 568 469 422 146 292 
2 9 224 490 713 569 466 420 146 292 
2 9 224 490 713 570 462 418 146 294 
2 9 224 490 713 571 460 418 144 291 
2 9 224 490 713 572 458 416 142 291 
2 9 224 490 713 573 454 415 142 289 
2 9 224 490 713 574 451 416 142 288 
2 9 224 490 713 575 447 414 142 288 
2 9 224 490 713 576 446 412 140 288 
2 9 224 490 713 577 443 412 138 285 
2 9 224 490 713 578 439 410 140 285 
2 9 224 490 713 579 436 408 138 286 
2 9 224 490 713 580 434 408 138 286 
2 9 224 490 713 581 430 407 140 285 
2 9 224 490 713 582 427 405 138 285 
2 9 224 490 713 583 423 406 140 282 
2 9 224 490 713 584 421 403 140 283 
2 9 224 490 713 585 418 404 138 280 
2 9 224 490 713 586 414 402 140 280 
2 9 224 490 713 587 411 402 138 280 
2 9 224 490 713 588 409 401 138 279 
2 9 224 490 713 589 405 402 140 276 
2 9 224 490 713 590 402 399 138 277 
2 9 224 490 713 591 398 397 140 277 
2 9 224 490 713 592 397 398 138 274 
2 9 224 490 713 593 393 396 138 274 
2 9 224 490 713 594 389 396 140 274 
2 9 224 490 713 595 386 394 138 276 
2 9 224 490 713 596 384 394 138 273 
2 9 224 490 713 597 381 393 138 271 
2 9 224 490 713 598 377 394 138 268 
2 9 224 490 713 599 373 392 140 268 
2 9 224 490 713 600 372 392 138 268 
2 9 224 490 713 601 368 390 138 270 
2 9 224 490 713 602 364 387 142 273 
2 9 224 490 713 603 360 386 142 271 
2 9 224 490 713 604 355 386 146 271 
2 9 224 490 713 605 355 384 142 271 
2 9 224 490 713 606 350 382 146 274 
2 9 224 490 713 607 347 382 148 271 
2 9 224 490 713 608 342 380 150 274 
2 9 224 490 713 609 340 378 150 276 
2 9 224 490 713 610 338 376 148 277 
2 9 224 490 713 611 332 377 154 274 
2 9 224 490 713 612 329 374 156 277 
2 9 224 490 713 613 325 372 156 277 
2 9 224 490 713 614 323 372 156 277 
2 9 224 490 713 615 320 370 156 277 
2 9 224 490 713 616 315 369 160 279 
2 9 224 490 713 617 311 370 162 276 
2 9 224 490 713 618 310 367 160 279 
2 9 224 490 713 619 305 365 164 280 
2 9 224 490 713 620 302 362 162 283 
2 9 224 490 713 621 297 363 168 280 
2 9 224 490 713 622 293 360 170 283 
2 9 224 490 713 623 292 360 166 282 
2 9 224 490 713 624 287 360 172 282 
2 9 224 490 713 625 284 358 170 282 
2 9 224 490 713 626 279 355 174 285 
2 9 224 490 713 627 277 355 174 285 
2 9 224 490 713 628 277 353 170 286 
2 9 224 490 713 629 275 353 170 283 
2 9 224 490 713 630 273 353 170 282 
2 9 224 490 713 631 271 353 172 282 
2 9 224 490 713 632 269 351 172 282 
2 9 224 490 713 633 268 351 170 279 
2 9 224 490 713 634 266 351 170 279 
2 9 224 490 713 635 264 349 170 280 
2 9 224 490 713 636 266 349 164 277 
2 9 224 490 713 637 264 347 164 280 
2 9 224 490 713 638 263 347 162 277 
2 9 224 490 713 639 261 348 164 274 
2 9 224 490 713 640 259 345 164 277 
2 9 224 490 713 641 257 346 164 276 
2 9 224 490 713 642 255 345 164 274 
2 9 224 490 713 643 254 345 162 274 
2 9 224 490 713 644 252 345 164 271 
2 9 224 490 713 645 254 343 156 271 
2 9 224 490 713 646 252 343 156 271 
2 9 224 490 713 647 249 341 158 271 
2 9 224 490 713 648 249 342 156 270 
2 9 224 490 713 649 247 342 156 270 
2 9 224 490 713 650 245 340 156 270 
2 9 224 490 713 651 243 340 156 267 
2 9 224 490 713 652 240 339 158 265 
2 9 224 490 713 653 240 339 156 265 
2 9 224 490 713 654 242 337 148 267 
2 9 224 490 713 655 239 338 150 264 
2 9 224 490 713 656 237 338 150 264 
2 9 224 490 713 657 235 336 150 264 
2 9 224 490 713 658 235 336 148 261 
2 9 224 490 713 659 233 334 148 264 
2 9 224 490 713 660 230 334 150 261 
2 9 224 490 713 661 228 334 150 259 
2 9 224 490 713 662 226 332 150 262 
2 9 224 490 713 663 228 332 144 259 
2 9 224 490 713 664 227 332 142 258 
2 9 224 490 713 665 225 332 142 258 
2 9 224 490 713 666 223 332 142 255 
2 9 224 490 713 667 221 330 142 256 
2 9 224 490 713 668 220 330 142 256 
2 9 224 490 713 669 218 328 142 256 
2 9 224 490 713 670 216 328 142 253 
2 9 224 490 713 671 217 328 138 253 
2 9 224 490 713 672 215 326 140 253 
2 9 224 490 713 673 213 327 140 250 
2 9 224 490 713 674 212 327 138 250 
2 9 224 490 713 675 210 326 138 250 
2 9 224 490 713 676 208 326 138 250 
2 9 224 490 713 677 206 326 140 247 
2 9 224 490 713 678 206 327 140 244 
2 9 224 490 713 679 205 324 138 247 
2 9 224 490 713 680 203 325 138 244 
2 9 224 490 713 681 201 325 138 244 
2 9 224 490 713 682 199 325 140 243 
2 9 224 490 713 683 197 323 140 243 
2 9 224 490 713 684 196 323 138 243 
2 9 224 490 713 685 196 324 138 240 
2 9 224 490 713 686 194 324 138 240 
2 9 224 490 713 687 192 322 138 240 
2 9 224 490 713 688 190 322 140 237 
2 9 224 490 713 689 189 322 138 237 
2 9 224 490 713 690 187 322 138 235 
2 9 224 490 713 691 185 320 138 238 
2 9 224 490 713 692 185 320 138 235 
2 9 224 490 713 693 183 321 140 232 
2 9 224 490 713 694 181 321 140 232 
2 9 224 490 713 695 180 320 138 231 
2 9 224 490 713 696 178 320 138 231 
2 9 224 490 713 697 176 320 138 229 
2 9 224 490 713 698 176 320 138 229 
2 9 224 490 713 699 174 318 140 229 
2 9 224 490 713 700 173 319 138 226 
2 9 224 490 713 701 173 319 138 226 
2 9 224 490 713 702 171 319 138 223 
2 9 224 490 713 703 171 319 138 223 
2 9 224 490 713 704 169 320 138 220 
2 9 224 490 713 705 167 320 140 220 
2 9 224 490 713 706 167 318 140 222 
2 9 224 490 713 707 165 318 140 222 
2 9 224 490 713 708 165 318 140 219 
2 9 224 490 713 709 164 318 138 219 
2 9 224 490 713 710 162 319 138 216 
2 9 224 490 713 711 162 319 138 216 
2 9 224 490 713 712 160 319 138 213 
2 9 224 490 713 713 160 319 138 213 
