0 11 105 112 216 112 265 224 69 58 
0 11 105 112 216 113 265 224 69 58 
0 11 105 112 216 114 265 224 69 58 
0 11 105 112 216 115 265 224 69 58 
0 11 105 112 216 116 265 224 69 58 
0 11 105 112 216 117 265 224 69 58 
0 11 105 112 216 118 265 224 69 58 
0 11 105 112 216 119 265 224 69 58 
0 11 105 112 216 120 265 224 69 58 
0 11 105 112 216 121 265 224 69 58 
0 11 105 112 216 122 265 224 69 58 
0 11 105 112 216 123 265 224 69 58 
0 11 105 112 216 124 265 224 69 58 
0 11 105 112 216 125 265 224 69 58 
0 11 105 112 216 126 265 224 69 58 
0 11 105 112 216 127 265 224 69 58 
0 11 105 112 216 128 265 224 69 58 
0 11 105 112 216 129 265 224 69 58 
0 11 105 112 216 130 265 224 69 58 
0 11 105 112 216 131 265 224 69 58 
0 11 105 112 216 132 265 224 69 58 
0 11 105 112 216 133 265 224 69 58 
0 11 105 112 216 134 265 224 69 58 
0 11 105 112 216 135 265 224 69 58 
0 11 105 112 216 136 265 224 69 58 
0 11 105 112 216 137 265 224 69 58 
0 11 105 112 216 138 265 224 69 58 
0 11 105 112 216 139 265 224 69 58 
0 11 105 112 216 140 265 224 69 58 
0 11 105 112 216 141 265 224 69 58 
0 11 105 112 216 142 265 224 69 58 
0 11 105 112 216 143 265 224 69 58 
0 11 105 112 216 144 265 224 69 58 
0 11 105 112 216 145 265 224 69 58 
0 11 105 112 216 146 265 224 69 58 
0 11 105 112 216 147 265 224 69 58 
0 11 105 112 216 148 265 224 69 58 
0 11 105 112 216 149 265 224 69 58 
0 11 105 112 216 150 265 224 69 58 
0 11 105 112 216 151 265 224 69 58 
0 11 105 112 216 152 265 224 69 58 
0 11 105 112 216 153 265 224 69 58 
0 11 105 112 216 154 265 224 69 58 
0 11 105 112 216 155 265 224 69 58 
0 11 105 112 216 156 265 224 69 58 
0 11 105 112 216 157 265 224 69 58 
0 11 105 112 216 158 265 224 69 58 
0 11 105 112 216 159 265 224 69 58 
0 11 105 112 216 160 265 224 69 58 
0 11 105 112 216 161 265 224 69 58 
0 11 105 112 216 162 265 224 69 58 
0 11 105 112 216 163 265 224 69 58 
0 11 105 112 216 164 265 224 69 58 
0 11 105 112 216 165 265 224 69 58 
0 11 105 112 216 166 265 224 69 58 
0 11 105 112 216 167 265 224 69 58 
0 11 105 112 216 168 265 224 69 58 
0 11 105 112 216 169 265 224 69 58 
0 11 105 112 216 170 265 224 69 58 
0 11 105 112 216 171 265 224 69 58 
0 11 105 112 216 172 265 224 69 58 
0 11 105 112 216 173 265 224 69 58 
0 11 105 112 216 174 265 224 69 58 
0 11 105 112 216 175 265 224 69 58 
0 11 105 112 216 176 265 224 69 58 
0 11 105 112 216 177 265 224 69 58 
0 11 105 112 216 178 265 224 69 58 
0 11 105 112 216 179 265 224 69 58 
0 11 105 112 216 180 265 224 69 58 
0 11 105 112 216 181 265 224 69 58 
0 11 105 112 216 182 265 224 69 58 
0 11 105 112 216 183 265 224 69 58 
0 11 105 112 216 184 265 224 69 58 
0 11 105 112 216 185 265 224 69 58 
0 11 105 112 216 186 265 224 69 58 
0 11 105 112 216 187 265 224 69 58 
0 11 105 112 216 188 265 224 69 58 
0 11 105 112 216 189 265 224 69 58 
0 11 105 112 216 190 265 224 69 58 
0 11 105 112 216 191 265 224 69 58 
0 11 105 112 216 192 265 224 69 58 
0 11 105 112 216 193 265 224 69 58 
0 11 105 112 216 194 265 224 69 58 
0 11 105 112 216 195 265 224 69 58 
0 11 105 112 216 196 265 224 69 58 
0 11 105 112 216 197 265 224 69 58 
0 11 105 112 216 198 265 224 69 58 
0 11 105 112 216 199 265 224 69 58 
0 11 105 112 216 200 265 224 69 58 
0 11 105 112 216 201 265 224 69 58 
0 11 105 112 216 202 265 224 69 58 
0 11 105 112 216 203 265 224 69 58 
0 11 105 112 216 204 265 224 69 58 
0 11 105 112 216 205 265 224 69 58 
0 11 105 112 216 206 265 224 69 58 
0 11 105 112 216 207 265 224 69 58 
0 11 105 112 216 208 265 224 69 58 
0 11 105 112 216 209 265 224 69 58 
0 11 105 112 216 210 265 224 69 58 
0 11 105 112 216 211 265 224 69 58 
0 11 105 112 216 212 265 224 69 58 
0 11 105 112 216 213 265 224 69 58 
0 11 105 112 216 214 265 224 69 58 
0 11 105 112 216 215 265 224 69 58 
0 11 105 112 216 216 265 224 69 58 
1 12 47 167 213 167 258 228 75 48 
1 12 47 167 213 168 258 228 75 48 
1 12 47 167 213 169 258 228 75 48 
1 12 47 167 213 170 258 228 75 48 
1 12 47 167 213 171 258 228 75 48 
1 12 47 167 213 172 258 228 75 48 
1 12 47 167 213 173 258 228 75 48 
1 12 47 167 213 174 258 228 75 48 
1 12 47 167 213 175 258 228 75 48 
1 12 47 167 213 176 258 228 75 48 
1 12 47 167 213 177 258 228 75 48 
1 12 47 167 213 178 258 228 75 48 
1 12 47 167 213 179 258 228 75 48 
1 12 47 167 213 180 258 228 75 48 
1 12 47 167 213 181 258 228 75 48 
1 12 47 167 213 182 258 228 75 48 
1 12 47 167 213 183 258 228 75 48 
1 12 47 167 213 184 258 228 75 48 
1 12 47 167 213 185 258 228 75 48 
1 12 47 167 213 186 258 228 75 48 
1 12 47 167 213 187 258 228 75 48 
1 12 47 167 213 188 258 228 75 48 
1 12 47 167 213 189 258 228 75 48 
1 12 47 167 213 190 258 228 75 48 
1 12 47 167 213 191 258 228 75 48 
1 12 47 167 213 192 258 228 75 48 
1 12 47 167 213 193 258 228 75 48 
1 12 47 167 213 194 258 228 75 48 
1 12 47 167 213 195 258 228 75 48 
1 12 47 167 213 196 258 228 75 48 
1 12 47 167 213 197 258 228 75 48 
1 12 47 167 213 198 258 228 75 48 
1 12 47 167 213 199 258 228 75 48 
1 12 47 167 213 200 258 228 75 48 
1 12 47 167 213 201 258 228 75 48 
1 12 47 167 213 202 258 228 75 48 
1 12 47 167 213 203 258 228 75 48 
1 12 47 167 213 204 258 228 75 48 
1 12 47 167 213 205 258 228 75 48 
1 12 47 167 213 206 258 228 75 48 
1 12 47 167 213 207 258 228 75 48 
1 12 47 167 213 208 258 228 75 48 
1 12 47 167 213 209 258 228 75 48 
1 12 47 167 213 210 258 228 75 48 
1 12 47 167 213 211 258 228 75 48 
1 12 47 167 213 212 258 228 75 48 
1 12 47 167 213 213 258 228 75 48 
2 11 97 249 345 249 280 226 59 62 
2 11 97 249 345 250 280 226 59 62 
2 11 97 249 345 251 280 226 59 62 
2 11 97 249 345 252 280 226 59 62 
2 11 97 249 345 253 280 226 59 62 
2 11 97 249 345 254 280 226 59 62 
2 11 97 249 345 255 280 226 59 62 
2 11 97 249 345 256 280 226 59 62 
2 11 97 249 345 257 280 226 59 62 
2 11 97 249 345 258 280 226 59 62 
2 11 97 249 345 259 280 226 59 62 
2 11 97 249 345 260 280 226 59 62 
2 11 97 249 345 261 280 226 59 62 
2 11 97 249 345 262 280 226 59 62 
2 11 97 249 345 263 280 226 59 62 
2 11 97 249 345 264 280 226 59 62 
2 11 97 249 345 265 280 226 59 62 
2 11 97 249 345 266 280 226 59 62 
2 11 97 249 345 267 280 226 59 62 
2 11 97 249 345 268 280 226 59 62 
2 11 97 249 345 269 280 226 59 62 
2 11 97 249 345 270 280 226 59 62 
2 11 97 249 345 271 280 226 59 62 
2 11 97 249 345 272 280 226 59 62 
2 11 97 249 345 273 280 226 59 62 
2 11 97 249 345 274 280 226 59 62 
2 11 97 249 345 275 280 226 59 62 
2 11 97 249 345 276 280 226 59 62 
2 11 97 249 345 277 280 226 59 62 
2 11 97 249 345 278 280 226 59 62 
2 11 97 249 345 279 280 226 59 62 
2 11 97 249 345 280 280 226 59 62 
2 11 97 249 345 281 280 226 59 62 
2 11 97 249 345 282 280 226 59 62 
2 11 97 249 345 283 280 226 59 62 
2 11 97 249 345 284 280 226 59 62 
2 11 97 249 345 285 280 226 59 62 
2 11 97 249 345 286 280 226 59 62 
2 11 97 249 345 287 280 226 59 62 
2 11 97 249 345 288 280 226 59 62 
2 11 97 249 345 289 280 226 59 62 
2 11 97 249 345 290 280 226 59 62 
2 11 97 249 345 291 280 226 59 62 
2 11 97 249 345 292 280 226 59 62 
2 11 97 249 345 293 280 226 59 62 
2 11 97 249 345 294 280 226 59 62 
2 11 97 249 345 295 280 226 59 62 
2 11 97 249 345 296 280 226 59 62 
2 11 97 249 345 297 280 226 59 62 
2 11 97 249 345 298 280 226 59 62 
2 11 97 249 345 299 280 226 59 62 
2 11 97 249 345 300 280 226 59 62 
2 11 97 249 345 301 280 226 59 62 
2 11 97 249 345 302 280 226 59 62 
2 11 97 249 345 303 280 226 59 62 
2 11 97 249 345 304 280 226 59 62 
2 11 97 249 345 305 280 226 59 62 
2 11 97 249 345 306 280 226 59 62 
2 11 97 249 345 307 280 226 59 62 
2 11 97 249 345 308 280 226 59 62 
2 11 97 249 345 309 280 226 59 62 
2 11 97 249 345 310 280 226 59 62 
2 11 97 249 345 311 280 226 59 62 
2 11 97 249 345 312 280 226 59 62 
2 11 97 249 345 313 280 226 59 62 
2 11 97 249 345 314 280 226 59 62 
2 11 97 249 345 315 280 226 59 62 
2 11 97 249 345 316 280 226 59 62 
2 11 97 249 345 317 280 226 59 62 
2 11 97 249 345 318 280 226 59 62 
2 11 97 249 345 319 280 226 59 62 
2 11 97 249 345 320 280 226 59 62 
2 11 97 249 345 321 280 226 59 62 
2 11 97 249 345 322 280 226 59 62 
2 11 97 249 345 323 280 226 59 62 
2 11 97 249 345 324 280 226 59 62 
2 11 97 249 345 325 280 226 59 62 
2 11 97 249 345 326 280 226 59 62 
2 11 97 249 345 327 280 226 59 62 
2 11 97 249 345 328 280 226 59 62 
2 11 97 249 345 329 280 226 59 62 
2 11 97 249 345 330 280 226 59 62 
2 11 97 249 345 331 280 226 59 62 
2 11 97 249 345 332 280 226 59 62 
2 11 97 249 345 333 280 226 59 62 
2 11 97 249 345 334 280 226 59 62 
2 11 97 249 345 335 280 226 59 62 
2 11 97 249 345 336 280 226 59 62 
2 11 97 249 345 337 280 226 59 62 
2 11 97 249 345 338 280 226 59 62 
2 11 97 249 345 339 280 226 59 62 
2 11 97 249 345 340 280 226 59 62 
2 11 97 249 345 341 280 226 59 62 
2 11 97 249 345 342 280 226 59 62 
2 11 97 249 345 343 280 226 59 62 
2 11 97 249 345 344 280 226 59 62 
2 11 97 249 345 345 280 226 59 62 
3 9 249 404 652 404 226 236 46 61 
3 9 249 404 652 405 226 236 46 61 
3 9 249 404 652 406 226 236 46 61 
3 9 249 404 652 407 226 236 46 61 
3 9 249 404 652 408 226 236 46 61 
3 9 249 404 652 409 226 236 46 61 
3 9 249 404 652 410 226 236 46 61 
3 9 249 404 652 411 226 236 46 61 
3 9 249 404 652 412 226 236 46 61 
3 9 249 404 652 413 226 236 46 61 
3 9 249 404 652 414 226 236 46 61 
3 9 249 404 652 415 226 236 46 61 
3 9 249 404 652 416 226 237 46 61 
3 9 249 404 652 417 226 237 46 61 
3 9 249 404 652 418 226 237 46 61 
3 9 249 404 652 419 226 237 46 61 
3 9 249 404 652 420 226 237 46 61 
3 9 249 404 652 421 226 237 46 61 
3 9 249 404 652 422 226 237 46 61 
3 9 249 404 652 423 226 237 46 61 
3 9 249 404 652 424 226 237 46 61 
3 9 249 404 652 425 226 237 46 61 
3 9 249 404 652 426 226 237 46 61 
3 9 249 404 652 427 226 237 46 61 
3 9 249 404 652 428 228 237 46 61 
3 9 249 404 652 429 228 237 46 61 
3 9 249 404 652 430 228 237 46 61 
3 9 249 404 652 431 228 237 46 61 
3 9 249 404 652 432 228 237 46 61 
3 9 249 404 652 433 228 237 46 61 
3 9 249 404 652 434 228 237 46 61 
3 9 249 404 652 435 228 237 46 61 
3 9 249 404 652 436 228 237 46 61 
3 9 249 404 652 437 228 237 46 61 
3 9 249 404 652 438 228 237 46 61 
3 9 249 404 652 439 228 237 46 61 
3 9 249 404 652 440 228 239 46 61 
3 9 249 404 652 441 228 239 46 61 
3 9 249 404 652 442 228 239 46 61 
3 9 249 404 652 443 228 239 46 61 
3 9 249 404 652 444 228 239 46 61 
3 9 249 404 652 445 228 239 46 61 
3 9 249 404 652 446 228 239 46 61 
3 9 249 404 652 447 228 239 46 61 
3 9 249 404 652 448 228 239 46 61 
3 9 249 404 652 449 228 239 46 61 
3 9 249 404 652 450 228 239 46 61 
3 9 249 404 652 451 228 239 46 61 
3 9 249 404 652 452 228 239 46 61 
3 9 249 404 652 453 228 239 46 61 
3 9 249 404 652 454 228 239 46 61 
3 9 249 404 652 455 228 239 46 61 
3 9 249 404 652 456 228 239 46 61 
3 9 249 404 652 457 228 239 46 61 
3 9 249 404 652 458 228 239 46 61 
3 9 249 404 652 459 228 239 46 61 
3 9 249 404 652 460 228 239 46 61 
3 9 249 404 652 461 228 239 46 61 
3 9 249 404 652 462 228 239 46 61 
3 9 249 404 652 463 228 239 46 61 
3 9 249 404 652 464 229 241 46 61 
3 9 249 404 652 465 229 241 46 61 
3 9 249 404 652 466 229 241 46 61 
3 9 249 404 652 467 229 241 46 61 
3 9 249 404 652 468 229 241 46 61 
3 9 249 404 652 469 229 241 46 61 
3 9 249 404 652 470 229 241 46 61 
3 9 249 404 652 471 229 241 46 61 
3 9 249 404 652 472 231 241 46 61 
3 9 249 404 652 473 231 241 46 61 
3 9 249 404 652 474 231 241 46 61 
3 9 249 404 652 475 231 241 46 61 
3 9 249 404 652 476 231 241 46 61 
3 9 249 404 652 477 231 241 46 64 
3 9 249 404 652 478 231 241 46 64 
3 9 249 404 652 479 231 241 46 64 
3 9 249 404 652 480 233 241 46 64 
3 9 249 404 652 481 233 241 46 64 
3 9 249 404 652 482 233 241 46 64 
3 9 249 404 652 483 233 241 46 64 
3 9 249 404 652 484 233 241 46 64 
3 9 249 404 652 485 233 241 46 64 
3 9 249 404 652 486 233 241 46 64 
3 9 249 404 652 487 233 243 46 61 
3 9 249 404 652 488 235 243 46 61 
3 9 249 404 652 489 235 243 46 63 
3 9 249 404 652 490 235 243 46 63 
3 9 249 404 652 491 235 243 46 63 
3 9 249 404 652 492 235 243 46 63 
3 9 249 404 652 493 235 243 46 63 
3 9 249 404 652 494 235 243 46 63 
3 9 249 404 652 495 235 243 46 63 
3 9 249 404 652 496 236 243 48 63 
3 9 249 404 652 497 236 243 48 63 
3 9 249 404 652 498 236 243 48 63 
3 9 249 404 652 499 236 243 48 63 
3 9 249 404 652 500 236 243 48 63 
3 9 249 404 652 501 236 243 48 63 
3 9 249 404 652 502 236 243 48 66 
3 9 249 404 652 503 236 243 48 66 
3 9 249 404 652 504 238 243 46 66 
3 9 249 404 652 505 238 243 46 66 
3 9 249 404 652 506 238 243 46 66 
3 9 249 404 652 507 238 243 46 66 
3 9 249 404 652 508 238 243 46 66 
3 9 249 404 652 509 238 243 46 66 
3 9 249 404 652 510 238 245 46 63 
3 9 249 404 652 511 238 245 46 63 
3 9 249 404 652 512 240 245 46 63 
3 9 249 404 652 513 240 245 46 63 
3 9 249 404 652 514 240 245 46 66 
3 9 249 404 652 515 240 245 46 66 
3 9 249 404 652 516 240 245 46 66 
3 9 249 404 652 517 240 245 46 66 
3 9 249 404 652 518 240 245 46 66 
3 9 249 404 652 519 240 245 46 66 
3 9 249 404 652 520 242 245 46 66 
3 9 249 404 652 521 242 245 46 66 
3 9 249 404 652 522 242 245 46 66 
3 9 249 404 652 523 242 245 46 66 
3 9 249 404 652 524 242 245 46 66 
3 9 249 404 652 525 242 245 46 66 
3 9 249 404 652 526 242 244 46 69 
3 9 249 404 652 527 242 244 46 69 
3 9 249 404 652 528 244 244 46 69 
3 9 249 404 652 529 244 244 46 69 
3 9 249 404 652 530 244 244 46 69 
3 9 249 404 652 531 244 244 46 69 
3 9 249 404 652 532 244 245 46 67 
3 9 249 404 652 533 244 245 46 67 
3 9 249 404 652 534 244 245 46 67 
3 9 249 404 652 535 244 245 46 67 
3 9 249 404 652 536 245 245 46 67 
3 9 249 404 652 537 245 245 46 67 
3 9 249 404 652 538 245 245 46 67 
3 9 249 404 652 539 245 245 46 70 
3 9 249 404 652 540 245 245 46 70 
3 9 249 404 652 541 245 245 46 70 
3 9 249 404 652 542 245 245 46 70 
3 9 249 404 652 543 245 245 46 70 
3 9 249 404 652 544 247 245 46 70 
3 9 249 404 652 545 247 245 46 70 
3 9 249 404 652 546 247 245 46 70 
3 9 249 404 652 547 247 245 46 70 
3 9 249 404 652 548 247 245 46 70 
3 9 249 404 652 549 247 245 46 70 
3 9 249 404 652 550 247 245 46 70 
3 9 249 404 652 551 247 245 46 72 
3 9 249 404 652 552 249 245 46 72 
3 9 249 404 652 553 249 245 46 72 
3 9 249 404 652 554 249 245 46 72 
3 9 249 404 652 555 249 247 46 69 
3 9 249 404 652 556 249 247 46 69 
3 9 249 404 652 557 249 247 46 69 
3 9 249 404 652 558 249 247 46 69 
3 9 249 404 652 559 249 247 46 69 
3 9 249 404 652 560 251 247 46 69 
3 9 249 404 652 561 251 247 46 69 
3 9 249 404 652 562 251 247 46 69 
3 9 249 404 652 563 251 247 46 72 
3 9 249 404 652 564 251 247 46 72 
3 9 249 404 652 565 251 247 46 72 
3 9 249 404 652 566 251 247 46 72 
3 9 249 404 652 567 251 247 46 72 
3 9 249 404 652 568 252 247 48 72 
3 9 249 404 652 569 252 247 48 72 
3 9 249 404 652 570 252 247 48 72 
3 9 249 404 652 571 252 247 48 72 
3 9 249 404 652 572 252 247 48 72 
3 9 249 404 652 573 252 247 48 72 
3 9 249 404 652 574 252 247 48 72 
3 9 249 404 652 575 252 247 48 72 
3 9 249 404 652 576 254 246 46 75 
3 9 249 404 652 577 254 246 46 75 
3 9 249 404 652 578 254 249 46 72 
3 9 249 404 652 579 254 249 46 72 
3 9 249 404 652 580 254 249 46 72 
3 9 249 404 652 581 254 249 46 72 
3 9 249 404 652 582 254 249 46 72 
3 9 249 404 652 583 254 249 46 72 
3 9 249 404 652 584 256 249 46 72 
3 9 249 404 652 585 256 249 46 72 
3 9 249 404 652 586 256 249 46 72 
3 9 249 404 652 587 256 249 46 72 
3 9 249 404 652 588 256 248 46 75 
3 9 249 404 652 589 256 248 46 75 
3 9 249 404 652 590 256 248 46 75 
3 9 249 404 652 591 256 248 46 75 
3 9 249 404 652 592 258 248 46 75 
3 9 249 404 652 593 258 248 46 75 
3 9 249 404 652 594 258 248 46 75 
3 9 249 404 652 595 258 248 46 75 
3 9 249 404 652 596 258 248 46 75 
3 9 249 404 652 597 258 248 46 75 
3 9 249 404 652 598 258 248 46 75 
3 9 249 404 652 599 258 248 46 75 
3 9 249 404 652 600 260 250 46 73 
3 9 249 404 652 601 260 248 46 76 
3 9 249 404 652 602 260 248 46 76 
3 9 249 404 652 603 260 248 46 76 
3 9 249 404 652 604 260 248 46 76 
3 9 249 404 652 605 260 248 46 76 
3 9 249 404 652 606 260 248 48 76 
3 9 249 404 652 607 260 248 48 76 
3 9 249 404 652 608 260 247 48 79 
3 9 249 404 652 609 260 247 48 79 
3 9 249 404 652 610 260 247 48 79 
3 9 249 404 652 611 260 245 48 82 
3 9 249 404 652 612 259 245 52 82 
3 9 249 404 652 613 259 245 52 82 
3 9 249 404 652 614 259 245 52 82 
3 9 249 404 652 615 259 244 52 85 
3 9 249 404 652 616 259 244 52 85 
3 9 249 404 652 617 259 244 52 85 
3 9 249 404 652 618 258 244 56 85 
3 9 249 404 652 619 258 244 56 85 
3 9 249 404 652 620 258 244 56 85 
3 9 249 404 652 621 258 242 56 88 
3 9 249 404 652 622 258 242 56 88 
3 9 249 404 652 623 258 241 56 91 
3 9 249 404 652 624 257 241 60 91 
3 9 249 404 652 625 257 241 60 91 
3 9 249 404 652 626 257 241 60 91 
3 9 249 404 652 627 257 241 60 91 
3 9 249 404 652 628 257 241 60 91 
3 9 249 404 652 629 257 241 60 91 
3 9 249 404 652 630 257 241 62 94 
3 9 249 404 652 631 257 241 62 94 
3 9 249 404 652 632 257 241 62 94 
3 9 249 404 652 633 257 241 62 94 
3 9 249 404 652 634 260 241 60 94 
3 9 249 404 652 635 260 241 60 94 
3 9 249 404 652 636 260 241 60 94 
3 9 249 404 652 637 260 241 60 94 
3 9 249 404 652 638 262 241 60 94 
3 9 249 404 652 639 262 241 60 94 
3 9 249 404 652 640 262 241 60 94 
3 9 249 404 652 641 262 241 60 94 
3 9 249 404 652 642 264 241 60 94 
3 9 249 404 652 643 264 241 60 94 
3 9 249 404 652 644 264 241 60 94 
3 9 249 404 652 645 264 241 60 94 
3 9 249 404 652 646 264 241 62 94 
3 9 249 404 652 647 264 241 62 94 
3 9 249 404 652 648 264 241 62 94 
3 9 249 404 652 649 264 241 62 94 
3 9 249 404 652 650 267 243 60 93 
3 9 249 404 652 651 267 243 60 93 
3 9 249 404 652 652 269 243 60 93 
