2 12 49 231 279 231 642 320 125 104 
2 12 49 231 279 232 642 320 125 104 
2 12 49 231 279 233 642 320 125 104 
2 12 49 231 279 234 642 320 125 104 
2 12 49 231 279 235 642 320 125 104 
2 12 49 231 279 236 642 320 125 104 
2 12 49 231 279 237 642 320 125 104 
2 12 49 231 279 238 642 320 125 104 
2 12 49 231 279 239 642 320 125 104 
2 12 49 231 279 240 642 320 125 104 
2 12 49 231 279 241 642 320 125 104 
2 12 49 231 279 242 642 320 125 104 
2 12 49 231 279 243 642 320 125 104 
2 12 49 231 279 244 642 320 125 104 
2 12 49 231 279 245 642 320 125 104 
2 12 49 231 279 246 642 320 125 104 
2 12 49 231 279 247 642 320 125 104 
2 12 49 231 279 248 642 320 125 104 
2 12 49 231 279 249 642 320 125 104 
2 12 49 231 279 250 642 320 125 104 
2 12 49 231 279 251 642 320 125 104 
2 12 49 231 279 252 642 320 125 104 
2 12 49 231 279 253 642 320 125 104 
2 12 49 231 279 254 642 320 125 104 
2 12 49 231 279 255 642 320 125 104 
2 12 49 231 279 256 642 320 125 104 
2 12 49 231 279 257 642 320 125 104 
2 12 49 231 279 258 642 320 125 104 
2 12 49 231 279 259 642 320 125 104 
2 12 49 231 279 260 642 320 125 104 
2 12 49 231 279 261 642 320 125 104 
2 12 49 231 279 262 642 320 125 104 
2 12 49 231 279 263 642 320 125 104 
2 12 49 231 279 264 642 320 125 104 
2 12 49 231 279 265 642 320 125 104 
2 12 49 231 279 266 642 320 125 104 
2 12 49 231 279 267 642 320 125 104 
2 12 49 231 279 268 642 320 125 104 
2 12 49 231 279 269 642 320 125 104 
2 12 49 231 279 270 642 320 125 104 
2 12 49 231 279 271 642 320 125 104 
2 12 49 231 279 272 642 320 125 104 
2 12 49 231 279 273 642 320 125 104 
2 12 49 231 279 274 642 320 125 104 
2 12 49 231 279 275 642 320 125 104 
2 12 49 231 279 276 642 320 125 104 
2 12 49 231 279 277 642 320 125 104 
2 12 49 231 279 278 642 320 125 104 
2 12 49 231 279 279 642 320 125 104 
3 9 476 279 754 279 657 320 60 102 
3 9 476 279 754 280 655 320 60 102 
3 9 476 279 754 281 653 320 60 102 
3 9 476 279 754 282 651 320 60 102 
3 9 476 279 754 283 648 320 62 102 
3 9 476 279 754 284 648 320 60 102 
3 9 476 279 754 285 646 320 60 102 
3 9 476 279 754 286 644 320 60 102 
3 9 476 279 754 287 641 320 62 102 
3 9 476 279 754 288 641 320 60 102 
3 9 476 279 754 289 639 320 60 102 
3 9 476 279 754 290 637 320 60 102 
3 9 476 279 754 291 635 320 60 102 
3 9 476 279 754 292 632 320 62 102 
3 9 476 279 754 293 632 320 60 102 
3 9 476 279 754 294 630 320 60 102 
3 9 476 279 754 295 625 319 64 100 
3 9 476 279 754 296 624 319 64 100 
3 9 476 279 754 297 622 319 64 100 
3 9 476 279 754 298 620 316 64 103 
3 9 476 279 754 299 618 316 64 103 
3 9 476 279 754 300 616 316 64 103 
3 9 476 279 754 301 613 314 64 106 
3 9 476 279 754 302 611 314 64 106 
3 9 476 279 754 303 609 311 64 109 
3 9 476 279 754 304 605 311 68 109 
3 9 476 279 754 305 603 311 68 109 
3 9 476 279 754 306 601 309 68 112 
3 9 476 279 754 307 599 308 68 115 
3 9 476 279 754 308 596 308 68 115 
3 9 476 279 754 309 594 307 68 117 
3 9 476 279 754 310 592 307 68 117 
3 9 476 279 754 311 588 307 70 117 
3 9 476 279 754 312 586 305 72 120 
3 9 476 279 754 313 584 305 72 120 
3 9 476 279 754 314 582 304 72 123 
3 9 476 279 754 315 581 302 70 123 
3 9 476 279 754 316 579 302 70 123 
3 9 476 279 754 317 577 302 72 123 
3 9 476 279 754 318 577 302 72 123 
3 9 476 279 754 319 575 302 72 123 
3 9 476 279 754 320 574 300 70 123 
3 9 476 279 754 321 572 300 70 123 
3 9 476 279 754 322 572 300 70 123 
3 9 476 279 754 323 570 300 72 123 
3 9 476 279 754 324 568 300 72 123 
3 9 476 279 754 325 566 299 72 121 
3 9 476 279 754 326 566 299 72 121 
3 9 476 279 754 327 565 299 70 121 
3 9 476 279 754 328 563 299 70 121 
3 9 476 279 754 329 563 299 70 121 
3 9 476 279 754 330 561 299 72 121 
3 9 476 279 754 331 559 299 72 121 
3 9 476 279 754 332 559 299 72 121 
3 9 476 279 754 333 558 299 70 121 
3 9 476 279 754 334 556 299 70 121 
3 9 476 279 754 335 556 299 70 121 
3 9 476 279 754 336 554 300 72 123 
3 9 476 279 754 337 552 300 72 123 
3 9 476 279 754 338 552 300 72 123 
3 9 476 279 754 339 550 300 72 123 
3 9 476 279 754 340 550 300 72 123 
3 9 476 279 754 341 549 300 70 123 
3 9 476 279 754 342 547 302 70 123 
3 9 476 279 754 343 547 302 70 123 
3 9 476 279 754 344 545 302 72 123 
3 9 476 279 754 345 543 302 72 123 
3 9 476 279 754 346 543 302 72 123 
3 9 476 279 754 347 542 302 70 123 
3 9 476 279 754 348 542 304 70 123 
3 9 476 279 754 349 540 304 70 123 
3 9 476 279 754 350 540 304 70 123 
3 9 476 279 754 351 537 304 74 124 
3 9 476 279 754 352 537 304 74 124 
3 9 476 279 754 353 538 304 72 124 
3 9 476 279 754 354 535 303 76 127 
3 9 476 279 754 355 535 303 76 127 
3 9 476 279 754 356 535 303 76 127 
3 9 476 279 754 357 532 303 80 130 
3 9 476 279 754 358 533 303 76 130 
3 9 476 279 754 359 533 303 76 130 
3 9 476 279 754 360 531 302 78 133 
3 9 476 279 754 361 531 302 78 133 
3 9 476 279 754 362 531 304 78 133 
3 9 476 279 754 363 531 304 78 133 
3 9 476 279 754 364 531 304 78 133 
3 9 476 279 754 365 531 304 78 133 
3 9 476 279 754 366 531 304 78 133 
3 9 476 279 754 367 531 304 78 133 
3 9 476 279 754 368 531 304 78 133 
3 9 476 279 754 369 531 305 78 133 
3 9 476 279 754 370 531 305 78 133 
3 9 476 279 754 371 531 305 78 133 
3 9 476 279 754 372 532 305 80 133 
3 9 476 279 754 373 532 305 80 133 
3 9 476 279 754 374 532 305 80 133 
3 9 476 279 754 375 532 307 80 133 
3 9 476 279 754 376 532 307 80 133 
3 9 476 279 754 377 532 307 80 133 
3 9 476 279 754 378 532 307 80 133 
3 9 476 279 754 379 532 307 80 133 
3 9 476 279 754 380 532 307 80 133 
3 9 476 279 754 381 534 309 78 133 
3 9 476 279 754 382 534 309 78 133 
3 9 476 279 754 383 534 309 78 133 
3 9 476 279 754 384 536 309 78 133 
3 9 476 279 754 385 536 311 78 133 
3 9 476 279 754 386 538 311 78 133 
3 9 476 279 754 387 538 311 78 133 
3 9 476 279 754 388 538 311 78 133 
3 9 476 279 754 389 540 314 78 132 
3 9 476 279 754 390 540 314 78 132 
3 9 476 279 754 391 541 314 78 132 
3 9 476 279 754 392 541 314 78 132 
3 9 476 279 754 393 543 314 78 133 
3 9 476 279 754 394 543 314 78 133 
3 9 476 279 754 395 543 314 78 133 
3 9 476 279 754 396 545 314 78 133 
3 9 476 279 754 397 545 316 78 133 
3 9 476 279 754 398 547 316 78 133 
3 9 476 279 754 399 547 316 78 133 
3 9 476 279 754 400 548 318 80 133 
3 9 476 279 754 401 548 318 80 133 
3 9 476 279 754 402 548 318 80 133 
3 9 476 279 754 403 547 318 82 136 
3 9 476 279 754 404 547 318 82 136 
3 9 476 279 754 405 549 318 82 138 
3 9 476 279 754 406 549 318 82 138 
3 9 476 279 754 407 548 317 86 141 
3 9 476 279 754 408 548 317 86 141 
3 9 476 279 754 409 550 317 86 144 
3 9 476 279 754 410 550 317 86 144 
3 9 476 279 754 411 550 316 88 147 
3 9 476 279 754 412 550 316 88 147 
3 9 476 279 754 413 552 316 88 148 
3 9 476 279 754 414 552 316 88 148 
3 9 476 279 754 415 551 315 92 151 
3 9 476 279 754 416 551 315 92 151 
3 9 476 279 754 417 553 315 92 154 
3 9 476 279 754 418 553 315 92 154 
3 9 476 279 754 419 553 315 92 154 
3 9 476 279 754 420 553 317 94 151 
3 9 476 279 754 421 553 317 94 151 
3 9 476 279 754 422 556 317 92 154 
3 9 476 279 754 423 556 318 92 153 
3 9 476 279 754 424 559 318 88 153 
3 9 476 279 754 425 558 318 92 153 
3 9 476 279 754 426 561 321 88 150 
3 9 476 279 754 427 560 320 92 153 
3 9 476 279 754 428 561 320 90 153 
3 9 476 279 754 429 561 323 90 150 
3 9 476 279 754 430 563 323 90 150 
3 9 476 279 754 431 563 323 90 150 
3 9 476 279 754 432 566 325 88 148 
3 9 476 279 754 433 566 325 88 148 
3 9 476 279 754 434 566 325 88 148 
3 9 476 279 754 435 568 325 88 148 
3 9 476 279 754 436 568 327 88 148 
3 9 476 279 754 437 570 327 88 148 
3 9 476 279 754 438 570 327 88 148 
3 9 476 279 754 439 570 327 88 148 
3 9 476 279 754 440 570 328 90 150 
3 9 476 279 754 441 570 328 90 150 
3 9 476 279 754 442 572 328 90 150 
3 9 476 279 754 443 572 328 90 150 
3 9 476 279 754 444 572 330 90 150 
3 9 476 279 754 445 575 330 88 150 
3 9 476 279 754 446 575 330 88 150 
3 9 476 279 754 447 577 332 88 148 
3 9 476 279 754 448 577 332 88 148 
3 9 476 279 754 449 577 332 88 148 
3 9 476 279 754 450 576 331 92 151 
3 9 476 279 754 451 577 331 90 151 
3 9 476 279 754 452 576 331 94 154 
3 9 476 279 754 453 576 333 94 151 
3 9 476 279 754 454 576 333 96 154 
3 9 476 279 754 455 579 333 92 154 
3 9 476 279 754 456 578 332 96 157 
3 9 476 279 754 457 578 332 96 157 
3 9 476 279 754 458 580 333 96 157 
3 9 476 279 754 459 580 333 96 157 
3 9 476 279 754 460 582 333 96 160 
3 9 476 279 754 461 585 335 92 160 
3 9 476 279 754 462 585 335 94 160 
3 9 476 279 754 463 585 334 94 163 
3 9 476 279 754 464 588 337 92 162 
3 9 476 279 754 465 591 337 88 162 
3 9 476 279 754 466 593 336 88 165 
3 9 476 279 754 467 593 338 90 165 
3 9 476 279 754 468 593 338 90 165 
3 9 476 279 754 469 595 338 90 165 
3 9 476 279 754 470 598 338 86 165 
3 9 476 279 754 471 598 338 88 165 
3 9 476 279 754 472 600 340 88 165 
3 9 476 279 754 473 603 340 84 165 
3 9 476 279 754 474 602 340 88 165 
3 9 476 279 754 475 603 340 86 165 
3 9 476 279 754 476 605 340 86 165 
3 9 476 279 754 477 604 341 90 166 
3 9 476 279 754 478 607 341 86 166 
3 9 476 279 754 479 610 341 84 166 
3 9 476 279 754 480 610 341 84 166 
3 9 476 279 754 481 610 341 86 166 
3 9 476 279 754 482 612 343 86 165 
3 9 476 279 754 483 611 343 90 165 
3 9 476 279 754 484 614 343 88 165 
3 9 476 279 754 485 616 343 88 165 
3 9 476 279 754 486 618 345 88 165 
3 9 476 279 754 487 617 345 92 165 
3 9 476 279 754 488 617 345 94 165 
3 9 476 279 754 489 620 345 92 165 
3 9 476 279 754 490 621 347 96 165 
3 9 476 279 754 491 621 347 96 165 
3 9 476 279 754 492 623 347 96 165 
3 9 476 279 754 493 623 347 96 168 
3 9 476 279 754 494 624 347 96 168 
3 9 476 279 754 495 624 348 96 168 
3 9 476 279 754 496 626 348 96 168 
3 9 476 279 754 497 628 348 96 168 
3 9 476 279 754 498 628 347 96 171 
3 9 476 279 754 499 630 350 96 168 
3 9 476 279 754 500 630 349 96 171 
3 9 476 279 754 501 632 349 96 171 
3 9 476 279 754 502 633 349 96 171 
3 9 476 279 754 503 633 351 96 171 
3 9 476 279 754 504 635 351 96 171 
3 9 476 279 754 505 635 351 96 174 
3 9 476 279 754 506 637 351 96 174 
3 9 476 279 754 507 639 353 96 172 
3 9 476 279 754 508 639 353 96 172 
3 9 476 279 754 509 640 353 96 172 
3 9 476 279 754 510 640 352 96 175 
3 9 476 279 754 511 642 355 96 172 
3 9 476 279 754 512 644 355 96 172 
3 9 476 279 754 513 644 354 96 175 
3 9 476 279 754 514 646 356 96 174 
3 9 476 279 754 515 646 355 96 177 
3 9 476 279 754 516 648 355 96 177 
3 9 476 279 754 517 649 358 96 174 
3 9 476 279 754 518 649 357 96 175 
3 9 476 279 754 519 651 357 96 175 
3 9 476 279 754 520 651 357 96 178 
3 9 476 279 754 521 653 359 96 175 
3 9 476 279 754 522 655 359 96 175 
3 9 476 279 754 523 655 359 96 178 
3 9 476 279 754 524 656 361 96 175 
3 9 476 279 754 525 656 361 96 178 
3 9 476 279 754 526 658 361 96 178 
3 9 476 279 754 527 660 362 96 177 
3 9 476 279 754 528 660 362 96 180 
3 9 476 279 754 529 662 362 96 180 
3 9 476 279 754 530 664 364 96 178 
3 9 476 279 754 531 664 364 96 178 
3 9 476 279 754 532 665 363 96 181 
3 9 476 279 754 533 667 363 96 181 
3 9 476 279 754 534 667 363 96 184 
3 9 476 279 754 535 669 365 96 181 
3 9 476 279 754 536 671 365 96 184 
3 9 476 279 754 537 672 365 96 184 
3 9 476 279 754 538 672 365 96 186 
3 9 476 279 754 539 674 365 96 186 
3 9 476 279 754 540 676 367 96 186 
3 9 476 279 754 541 678 367 96 186 
3 9 476 279 754 542 678 366 96 189 
3 9 476 279 754 543 680 366 96 189 
3 9 476 279 754 544 681 366 96 192 
3 9 476 279 754 545 683 368 96 192 
3 9 476 279 754 546 683 368 96 192 
3 9 476 279 754 547 682 368 100 192 
3 9 476 279 754 548 684 368 100 192 
3 9 476 279 754 549 684 369 100 192 
3 9 476 279 754 550 683 369 102 192 
3 9 476 279 754 551 685 369 102 192 
3 9 476 279 754 552 684 369 106 192 
3 9 476 279 754 553 686 371 104 192 
3 9 476 279 754 554 685 371 108 192 
3 9 476 279 754 555 684 371 112 192 
3 9 476 279 754 556 687 373 108 192 
3 9 476 279 754 557 686 373 110 192 
3 9 476 279 754 558 688 373 110 192 
3 9 476 279 754 559 687 373 114 192 
3 9 476 279 754 560 687 375 114 192 
3 9 476 279 754 561 689 375 114 192 
3 9 476 279 754 562 689 375 116 192 
3 9 476 279 754 563 691 376 116 192 
3 9 476 279 754 564 691 376 116 192 
3 9 476 279 754 565 691 378 118 192 
3 9 476 279 754 566 691 378 118 192 
3 9 476 279 754 567 693 380 118 192 
3 9 476 279 754 568 695 382 118 192 
3 9 476 279 754 569 695 382 118 192 
3 9 476 279 754 570 698 384 116 192 
3 9 476 279 754 571 698 385 118 192 
3 9 476 279 754 572 698 385 118 192 
3 9 476 279 754 573 700 387 118 192 
3 9 476 279 754 574 700 387 118 192 
3 9 476 279 754 575 702 389 118 192 
3 9 476 279 754 576 705 391 116 192 
3 9 476 279 754 577 705 391 116 192 
3 9 476 279 754 578 707 392 116 192 
3 9 476 279 754 579 707 394 118 192 
3 9 476 279 754 580 707 393 118 195 
3 9 476 279 754 581 709 393 118 198 
3 9 476 279 754 582 711 392 118 201 
3 9 476 279 754 583 711 392 120 202 
3 9 476 279 754 584 713 391 120 205 
3 9 476 279 754 585 713 391 122 208 
3 9 476 279 754 586 713 393 122 208 
3 9 476 279 754 587 715 393 122 210 
3 9 476 279 754 588 718 392 120 213 
3 9 476 279 754 589 717 392 124 216 
3 9 476 279 754 590 719 391 124 219 
3 9 476 279 754 591 721 391 124 222 
3 9 476 279 754 592 721 393 126 220 
3 9 476 279 754 593 721 393 128 220 
3 9 476 279 754 594 723 393 128 220 
3 9 476 279 754 595 725 395 128 217 
3 9 476 279 754 596 727 395 128 217 
3 9 476 279 754 597 728 397 128 216 
3 9 476 279 754 598 730 397 128 216 
3 9 476 279 754 599 732 397 128 216 
3 9 476 279 754 600 734 399 128 213 
3 9 476 279 754 601 736 399 128 213 
3 9 476 279 754 602 737 401 128 213 
3 9 476 279 754 603 739 401 128 216 
3 9 476 279 754 604 741 403 128 216 
3 9 476 279 754 605 744 404 128 214 
3 9 476 279 754 606 746 404 128 216 
3 9 476 279 754 607 748 406 128 216 
3 9 476 279 754 608 750 408 128 216 
3 9 476 279 754 609 752 408 128 216 
3 9 476 279 754 610 755 410 128 216 
3 9 476 279 754 611 757 412 128 216 
3 9 476 279 754 612 759 411 128 217 
3 9 476 279 754 613 760 413 128 216 
3 9 476 279 754 614 762 415 128 216 
3 9 476 279 754 615 766 414 128 219 
3 9 476 279 754 616 768 416 128 219 
3 9 476 279 754 617 769 419 128 216 
3 9 476 279 754 618 771 418 128 217 
3 9 476 279 754 619 773 419 128 219 
3 9 476 279 754 620 776 421 128 219 
3 9 476 279 754 621 778 421 128 219 
3 9 476 279 754 622 780 421 128 219 
3 9 476 279 754 623 781 421 132 222 
3 9 476 279 754 624 783 421 130 222 
3 9 476 279 754 625 783 423 136 222 
3 9 476 279 754 626 785 423 136 222 
3 9 476 279 754 627 787 422 134 223 
3 9 476 279 754 628 788 422 138 223 
3 9 476 279 754 629 789 422 140 226 
3 9 476 279 754 630 790 424 142 223 
3 9 476 279 754 631 792 424 142 223 
3 9 476 279 754 632 794 424 142 226 
3 9 476 279 754 633 796 424 144 226 
3 9 476 279 754 634 796 423 146 229 
3 9 476 279 754 635 797 426 150 226 
3 9 476 279 754 636 799 426 150 228 
3 9 476 279 754 637 802 426 148 228 
3 9 476 279 754 638 801 425 154 231 
3 9 476 279 754 639 803 425 154 231 
3 9 476 279 754 640 805 426 156 232 
3 9 476 279 754 641 807 425 156 235 
3 9 476 279 754 642 809 427 156 235 
3 9 476 279 754 643 809 430 158 234 
3 9 476 279 754 644 812 432 156 234 
3 9 476 279 754 645 816 432 156 235 
3 9 476 279 754 646 816 432 158 238 
3 9 476 279 754 647 819 434 156 237 
3 9 476 279 754 648 821 436 156 237 
3 9 476 279 754 649 823 438 156 237 
3 9 476 279 754 650 825 440 158 240 
3 9 476 279 754 651 828 439 156 241 
3 9 476 279 754 652 830 440 156 243 
3 9 476 279 754 653 832 442 156 243 
3 9 476 279 754 654 832 444 158 243 
3 9 476 279 754 655 837 446 156 241 
3 9 476 279 754 656 839 446 156 244 
3 9 476 279 754 657 841 447 156 246 
3 9 476 279 754 658 841 449 158 246 
3 9 476 279 754 659 844 451 156 246 
3 9 476 279 754 660 848 452 156 247 
3 9 476 279 754 661 848 452 158 247 
3 9 476 279 754 662 851 452 156 250 
3 9 476 279 754 663 853 454 156 250 
3 9 476 279 754 664 855 454 156 252 
3 9 476 279 754 665 857 454 158 253 
3 9 476 279 754 666 860 454 156 256 
3 9 476 279 754 667 862 456 156 256 
3 9 476 279 754 668 864 455 156 259 
3 9 476 279 754 669 864 458 158 258 
3 9 476 279 754 670 869 457 156 261 
3 9 476 279 754 671 871 457 156 262 
3 9 476 279 754 672 873 459 156 260 
3 9 476 279 754 673 873 458 158 260 
3 9 476 279 754 674 876 459 156 259 
3 9 476 279 754 675 880 459 156 260 
3 9 476 279 754 676 880 461 158 258 
3 9 476 279 754 677 883 460 156 258 
3 9 476 279 754 678 885 462 156 256 
3 9 476 279 754 679 887 462 156 256 
3 9 476 279 754 680 889 464 158 254 
3 9 476 279 754 681 891 464 160 254 
3 9 476 279 754 682 894 466 162 252 
3 9 476 279 754 683 896 467 168 251 
3 9 476 279 754 684 899 469 170 249 
3 9 476 279 754 685 901 471 174 247 
3 9 476 279 754 686 901 473 182 245 
3 9 476 279 754 687 906 475 180 244 
3 9 476 279 754 688 907 477 186 242 
3 9 476 279 754 689 911 479 188 240 
3 9 476 279 754 690 913 481 192 237 
3 9 476 279 754 691 913 481 200 237 
3 9 476 279 754 692 916 483 202 235 
3 9 476 279 754 693 918 484 206 235 
3 9 476 279 754 694 922 486 206 232 
3 9 476 279 754 695 924 488 210 230 
3 9 476 279 754 696 924 490 218 228 
3 9 476 279 754 697 928 492 220 227 
3 9 476 279 754 698 930 494 224 225 
3 9 476 279 754 699 933 496 228 223 
3 9 476 279 754 700 935 498 232 221 
3 9 476 279 754 701 939 498 230 221 
3 9 476 279 754 702 942 500 232 218 
3 9 476 279 754 703 946 501 232 217 
3 9 476 279 754 704 951 501 232 217 
3 9 476 279 754 705 955 504 230 214 
3 9 476 279 754 706 958 506 232 212 
3 9 476 279 754 707 964 506 230 212 
3 9 476 279 754 708 967 509 232 209 
3 9 476 279 754 709 971 510 230 208 
3 9 476 279 754 710 976 513 232 206 
3 9 476 279 754 711 980 515 230 203 
3 9 476 279 754 712 983 518 232 201 
3 9 476 279 754 713 987 520 230 198 
3 9 476 279 754 714 990 521 232 197 
3 9 476 279 754 715 996 526 230 192 
3 9 476 279 754 716 999 529 232 189 
3 9 476 279 754 717 1003 530 230 188 
3 9 476 279 754 718 1006 533 232 186 
3 9 476 279 754 719 1010 535 232 183 
3 9 476 279 754 720 1015 540 232 178 
3 9 476 279 754 721 1019 540 230 178 
3 9 476 279 754 722 1024 541 232 177 
3 9 476 279 754 723 1030 541 230 177 
3 9 476 279 754 724 1035 544 230 174 
3 9 476 279 754 725 1040 544 232 174 
3 9 476 279 754 726 1046 546 230 172 
3 9 476 279 754 727 1051 546 227 172 
3 9 476 279 754 728 1056 549 223 169 
3 9 476 279 754 729 1062 549 216 169 
3 9 476 279 754 730 1067 550 211 168 
3 9 476 279 754 731 1070 550 209 168 
3 9 476 279 754 732 1074 553 205 166 
3 9 476 279 754 733 1078 555 200 163 
3 9 476 279 754 734 1081 558 198 161 
3 9 476 279 754 735 1085 560 193 158 
3 9 476 279 754 736 1088 561 191 157 
3 9 476 279 754 737 1092 564 186 154 
3 9 476 279 754 738 1095 566 184 152 
3 9 476 279 754 739 1099 569 179 149 
3 9 476 279 754 740 1102 570 177 148 
3 9 476 279 754 741 1111 575 168 143 
3 9 476 279 754 742 1118 581 160 137 
3 9 476 279 754 743 1126 586 153 132 
3 9 476 279 754 744 1135 593 144 126 
3 9 476 279 754 745 1145 600 133 118 
3 9 476 279 754 746 1153 604 126 114 
3 9 476 279 754 747 1162 610 117 108 
3 9 476 279 754 748 1169 615 109 103 
3 9 476 279 754 749 1177 621 102 97 
3 9 476 279 754 750 1186 629 92 89 
3 9 476 279 754 751 1189 629 89 89 
3 9 476 279 754 752 1195 630 83 88 
3 9 476 279 754 753 1197 633 82 86 
3 9 476 279 754 754 1203 635 76 83 
4 9 776 0 775 0 227 227 54 81 
4 9 776 0 775 1 227 227 54 81 
4 9 776 0 775 2 227 227 54 81 
4 9 776 0 775 3 227 227 54 81 
4 9 776 0 775 4 227 227 54 81 
4 9 776 0 775 5 227 227 54 81 
4 9 776 0 775 6 227 227 54 81 
4 9 776 0 775 7 227 227 54 81 
4 9 776 0 775 8 229 227 54 81 
4 9 776 0 775 9 229 227 54 81 
4 9 776 0 775 10 229 227 54 81 
4 9 776 0 775 11 229 227 54 81 
4 9 776 0 775 12 229 227 54 81 
4 9 776 0 775 13 229 227 54 81 
4 9 776 0 775 14 229 227 54 81 
4 9 776 0 775 15 231 227 54 81 
4 9 776 0 775 16 231 227 54 81 
4 9 776 0 775 17 231 227 54 81 
4 9 776 0 775 18 231 227 54 81 
4 9 776 0 775 19 231 227 54 81 
4 9 776 0 775 20 231 227 54 81 
4 9 776 0 775 21 231 227 54 81 
4 9 776 0 775 22 234 227 52 81 
4 9 776 0 775 23 234 227 52 81 
4 9 776 0 775 24 234 227 52 81 
4 9 776 0 775 25 234 227 52 81 
4 9 776 0 775 26 234 227 52 81 
4 9 776 0 775 27 234 227 52 81 
4 9 776 0 775 28 234 229 52 79 
4 9 776 0 775 29 234 229 54 79 
4 9 776 0 775 30 234 229 54 79 
4 9 776 0 775 31 234 229 54 79 
4 9 776 0 775 32 234 229 54 79 
4 9 776 0 775 33 234 229 54 79 
4 9 776 0 775 34 234 229 54 79 
4 9 776 0 775 35 234 229 54 79 
4 9 776 0 775 36 236 229 54 79 
4 9 776 0 775 37 236 229 54 79 
4 9 776 0 775 38 236 229 54 79 
4 9 776 0 775 39 236 229 54 79 
4 9 776 0 775 40 236 229 54 79 
4 9 776 0 775 41 236 229 54 79 
4 9 776 0 775 42 236 229 54 79 
4 9 776 0 775 43 238 229 54 79 
4 9 776 0 775 44 238 229 54 79 
4 9 776 0 775 45 238 229 54 79 
4 9 776 0 775 46 238 229 54 79 
4 9 776 0 775 47 238 229 54 79 
4 9 776 0 775 48 238 229 54 79 
4 9 776 0 775 49 238 229 54 79 
4 9 776 0 775 50 241 229 52 79 
4 9 776 0 775 51 241 229 52 79 
4 9 776 0 775 52 241 229 52 79 
4 9 776 0 775 53 241 229 52 79 
4 9 776 0 775 54 241 229 52 79 
4 9 776 0 775 55 241 231 52 79 
4 9 776 0 775 56 241 231 52 79 
4 9 776 0 775 57 241 231 52 79 
4 9 776 0 775 58 243 231 52 79 
4 9 776 0 775 59 243 231 52 79 
4 9 776 0 775 60 243 231 52 79 
4 9 776 0 775 61 243 231 52 79 
4 9 776 0 775 62 243 231 52 79 
4 9 776 0 775 63 243 231 52 79 
4 9 776 0 775 64 243 231 52 79 
4 9 776 0 775 65 243 231 54 79 
4 9 776 0 775 66 243 231 54 79 
4 9 776 0 775 67 243 231 54 79 
4 9 776 0 775 68 243 231 54 79 
4 9 776 0 775 69 243 231 54 79 
4 9 776 0 775 70 243 231 54 79 
4 9 776 0 775 71 243 231 54 79 
4 9 776 0 775 72 245 231 54 79 
4 9 776 0 775 73 245 231 54 79 
4 9 776 0 775 74 245 231 54 79 
4 9 776 0 775 75 245 231 54 79 
4 9 776 0 775 76 245 231 54 79 
4 9 776 0 775 77 245 231 54 79 
4 9 776 0 775 78 245 231 54 79 
4 9 776 0 775 79 247 231 54 79 
4 9 776 0 775 80 247 231 54 79 
4 9 776 0 775 81 247 231 54 79 
4 9 776 0 775 82 247 233 54 79 
4 9 776 0 775 83 247 233 54 79 
4 9 776 0 775 84 247 233 54 79 
4 9 776 0 775 85 247 233 54 79 
4 9 776 0 775 86 250 233 52 79 
4 9 776 0 775 87 250 233 52 79 
4 9 776 0 775 88 250 233 52 79 
4 9 776 0 775 89 250 233 52 79 
4 9 776 0 775 90 250 233 52 79 
4 9 776 0 775 91 250 233 52 79 
4 9 776 0 775 92 250 233 52 79 
4 9 776 0 775 93 250 233 54 79 
4 9 776 0 775 94 250 233 54 79 
4 9 776 0 775 95 250 233 54 79 
4 9 776 0 775 96 250 233 54 79 
4 9 776 0 775 97 250 233 54 79 
4 9 776 0 775 98 250 233 54 79 
4 9 776 0 775 99 250 233 54 79 
4 9 776 0 775 100 252 233 54 79 
4 9 776 0 775 101 252 233 54 79 
4 9 776 0 775 102 252 233 54 79 
4 9 776 0 775 103 252 233 54 79 
4 9 776 0 775 104 252 233 54 79 
4 9 776 0 775 105 252 233 54 79 
4 9 776 0 775 106 252 233 54 79 
4 9 776 0 775 107 252 233 54 79 
4 9 776 0 775 108 254 233 54 79 
4 9 776 0 775 109 254 233 54 79 
4 9 776 0 775 110 254 234 54 81 
4 9 776 0 775 111 254 234 54 81 
4 9 776 0 775 112 254 234 54 81 
4 9 776 0 775 113 254 234 54 81 
4 9 776 0 775 114 254 234 54 81 
4 9 776 0 775 115 257 234 52 81 
4 9 776 0 775 116 257 234 52 81 
4 9 776 0 775 117 257 234 52 81 
4 9 776 0 775 118 257 234 52 81 
4 9 776 0 775 119 257 234 52 81 
4 9 776 0 775 120 257 234 52 81 
4 9 776 0 775 121 257 234 52 81 
4 9 776 0 775 122 259 234 52 81 
4 9 776 0 775 123 259 234 52 81 
4 9 776 0 775 124 259 234 52 81 
4 9 776 0 775 125 259 234 52 81 
4 9 776 0 775 126 259 234 52 81 
4 9 776 0 775 127 259 234 52 81 
4 9 776 0 775 128 259 234 52 81 
4 9 776 0 775 129 259 234 54 81 
4 9 776 0 775 130 259 234 54 81 
4 9 776 0 775 131 259 234 54 81 
4 9 776 0 775 132 259 234 54 81 
4 9 776 0 775 133 259 234 54 81 
4 9 776 0 775 134 259 234 54 81 
4 9 776 0 775 135 259 234 54 81 
4 9 776 0 775 136 261 234 54 81 
4 9 776 0 775 137 261 236 54 81 
4 9 776 0 775 138 261 236 54 81 
4 9 776 0 775 139 261 236 54 81 
4 9 776 0 775 140 261 236 54 81 
4 9 776 0 775 141 261 236 54 81 
4 9 776 0 775 142 261 236 54 81 
4 9 776 0 775 143 263 236 54 81 
4 9 776 0 775 144 263 236 54 81 
4 9 776 0 775 145 263 236 54 81 
4 9 776 0 775 146 263 236 54 81 
4 9 776 0 775 147 263 236 54 81 
4 9 776 0 775 148 263 236 54 81 
4 9 776 0 775 149 263 236 54 81 
4 9 776 0 775 150 266 236 52 81 
4 9 776 0 775 151 266 236 52 81 
4 9 776 0 775 152 266 236 52 81 
4 9 776 0 775 153 266 236 52 81 
4 9 776 0 775 154 266 236 52 81 
4 9 776 0 775 155 266 236 52 81 
4 9 776 0 775 156 266 236 52 81 
4 9 776 0 775 157 266 236 52 81 
4 9 776 0 775 158 266 236 54 81 
4 9 776 0 775 159 266 236 54 81 
4 9 776 0 775 160 266 236 54 81 
4 9 776 0 775 161 266 236 54 81 
4 9 776 0 775 162 266 236 54 81 
4 9 776 0 775 163 266 236 54 81 
4 9 776 0 775 164 266 238 54 79 
4 9 776 0 775 165 268 238 54 79 
4 9 776 0 775 166 268 238 54 79 
4 9 776 0 775 167 268 238 54 79 
4 9 776 0 775 168 268 238 54 79 
4 9 776 0 775 169 268 238 54 79 
4 9 776 0 775 170 268 238 54 79 
4 9 776 0 775 171 268 238 54 79 
4 9 776 0 775 172 270 238 54 79 
4 9 776 0 775 173 270 238 54 79 
4 9 776 0 775 174 270 238 54 79 
4 9 776 0 775 175 270 238 54 79 
4 9 776 0 775 176 270 238 54 79 
4 9 776 0 775 177 270 238 54 79 
4 9 776 0 775 178 270 238 54 79 
4 9 776 0 775 179 273 238 52 79 
4 9 776 0 775 180 273 238 52 79 
4 9 776 0 775 181 273 238 52 79 
4 9 776 0 775 182 273 238 52 79 
4 9 776 0 775 183 273 238 52 79 
4 9 776 0 775 184 273 238 52 79 
4 9 776 0 775 185 273 238 52 79 
4 9 776 0 775 186 275 238 52 79 
4 9 776 0 775 187 275 238 52 79 
4 9 776 0 775 188 275 238 52 79 
4 9 776 0 775 189 275 238 52 79 
4 9 776 0 775 190 275 238 52 79 
4 9 776 0 775 191 275 240 52 79 
4 9 776 0 775 192 275 240 52 79 
4 9 776 0 775 193 275 240 54 79 
4 9 776 0 775 194 275 240 54 79 
4 9 776 0 775 195 275 240 54 79 
4 9 776 0 775 196 275 240 54 79 
4 9 776 0 775 197 275 240 54 79 
4 9 776 0 775 198 275 240 54 79 
4 9 776 0 775 199 275 240 54 79 
4 9 776 0 775 200 277 240 54 79 
4 9 776 0 775 201 277 240 54 79 
4 9 776 0 775 202 277 240 54 79 
4 9 776 0 775 203 277 240 54 79 
4 9 776 0 775 204 277 240 54 79 
4 9 776 0 775 205 277 240 54 79 
4 9 776 0 775 206 277 240 54 79 
4 9 776 0 775 207 277 240 54 79 
4 9 776 0 775 208 279 240 54 79 
4 9 776 0 775 209 279 240 54 79 
4 9 776 0 775 210 279 240 54 79 
4 9 776 0 775 211 279 240 54 79 
4 9 776 0 775 212 279 240 54 79 
4 9 776 0 775 213 279 240 54 79 
4 9 776 0 775 214 279 240 54 79 
4 9 776 0 775 215 282 240 52 79 
4 9 776 0 775 216 282 240 52 79 
4 9 776 0 775 217 282 240 52 79 
4 9 776 0 775 218 282 240 52 79 
4 9 776 0 775 219 282 242 52 79 
4 9 776 0 775 220 282 242 52 79 
4 9 776 0 775 221 282 242 52 79 
4 9 776 0 775 222 282 242 54 79 
4 9 776 0 775 223 282 242 54 79 
4 9 776 0 775 224 282 242 54 79 
4 9 776 0 775 225 282 242 54 79 
4 9 776 0 775 226 282 242 54 79 
4 9 776 0 775 227 282 242 54 79 
4 9 776 0 775 228 282 242 54 79 
4 9 776 0 775 229 284 242 54 79 
4 9 776 0 775 230 284 242 54 79 
4 9 776 0 775 231 284 242 54 79 
4 9 776 0 775 232 284 242 54 79 
4 9 776 0 775 233 284 242 54 79 
4 9 776 0 775 234 284 242 54 79 
4 9 776 0 775 235 284 242 54 79 
4 9 776 0 775 236 286 242 54 79 
4 9 776 0 775 237 286 242 54 79 
4 9 776 0 775 238 286 242 54 79 
4 9 776 0 775 239 286 242 54 79 
4 9 776 0 775 240 286 242 54 79 
4 9 776 0 775 241 286 242 54 79 
4 9 776 0 775 242 286 242 54 79 
4 9 776 0 775 243 289 242 52 79 
4 9 776 0 775 244 289 242 52 79 
4 9 776 0 775 245 289 242 52 79 
4 9 776 0 775 246 289 243 52 81 
4 9 776 0 775 247 289 243 52 81 
4 9 776 0 775 248 289 243 52 81 
4 9 776 0 775 249 289 243 52 81 
4 9 776 0 775 250 291 243 52 81 
4 9 776 0 775 251 291 243 52 81 
4 9 776 0 775 252 291 243 52 81 
4 9 776 0 775 253 291 243 52 81 
4 9 776 0 775 254 291 243 52 81 
4 9 776 0 775 255 291 243 52 81 
4 9 776 0 775 256 291 243 52 81 
4 9 776 0 775 257 291 243 52 81 
4 9 776 0 775 258 291 243 54 81 
4 9 776 0 775 259 291 243 54 81 
4 9 776 0 775 260 291 243 54 81 
4 9 776 0 775 261 291 243 54 81 
4 9 776 0 775 262 291 243 54 81 
4 9 776 0 775 263 291 243 54 81 
4 9 776 0 775 264 291 243 54 81 
4 9 776 0 775 265 293 243 54 81 
4 9 776 0 775 266 293 243 54 81 
4 9 776 0 775 267 293 243 54 81 
4 9 776 0 775 268 293 243 54 81 
4 9 776 0 775 269 293 243 54 81 
4 9 776 0 775 270 293 243 54 81 
4 9 776 0 775 271 293 243 54 81 
4 9 776 0 775 272 295 243 54 81 
4 9 776 0 775 273 295 245 54 79 
4 9 776 0 775 274 295 245 54 79 
4 9 776 0 775 275 295 245 54 79 
4 9 776 0 775 276 295 245 54 79 
4 9 776 0 775 277 295 245 54 79 
4 9 776 0 775 278 295 245 54 79 
4 9 776 0 775 279 298 245 52 79 
4 9 776 0 775 280 298 245 52 79 
4 9 776 0 775 281 298 245 52 79 
4 9 776 0 775 282 298 245 52 79 
4 9 776 0 775 283 298 245 52 79 
4 9 776 0 775 284 298 245 52 79 
4 9 776 0 775 285 298 245 52 79 
4 9 776 0 775 286 298 245 54 79 
4 9 776 0 775 287 298 245 54 79 
4 9 776 0 775 288 298 245 54 79 
4 9 776 0 775 289 298 245 54 79 
4 9 776 0 775 290 298 245 54 79 
4 9 776 0 775 291 298 245 54 79 
4 9 776 0 775 292 298 245 54 79 
4 9 776 0 775 293 300 245 54 79 
4 9 776 0 775 294 300 245 54 79 
4 9 776 0 775 295 300 245 54 79 
4 9 776 0 775 296 300 245 54 79 
4 9 776 0 775 297 300 245 54 79 
4 9 776 0 775 298 300 245 54 79 
4 9 776 0 775 299 300 245 54 79 
4 9 776 0 775 300 302 247 54 79 
4 9 776 0 775 301 302 245 54 82 
4 9 776 0 775 302 302 245 54 82 
4 9 776 0 775 303 302 244 54 85 
4 9 776 0 775 304 302 244 54 85 
4 9 776 0 775 305 302 244 54 85 
4 9 776 0 775 306 302 244 54 88 
4 9 776 0 775 307 302 244 54 88 
4 9 776 0 775 308 302 244 54 88 
4 9 776 0 775 309 305 243 52 91 
4 9 776 0 775 310 305 243 52 91 
4 9 776 0 775 311 305 243 52 91 
4 9 776 0 775 312 305 243 52 93 
4 9 776 0 775 313 305 243 52 93 
4 9 776 0 775 314 305 243 52 93 
4 9 776 0 775 315 305 243 52 96 
4 9 776 0 775 316 305 243 52 96 
4 9 776 0 775 317 305 243 52 96 
4 9 776 0 775 318 307 242 52 99 
4 9 776 0 775 319 307 242 52 99 
4 9 776 0 775 320 307 242 52 99 
4 9 776 0 775 321 307 242 52 99 
4 9 776 0 775 322 307 242 52 99 
4 9 776 0 775 323 307 242 52 99 
4 9 776 0 775 324 307 242 52 99 
4 9 776 0 775 325 307 242 52 99 
4 9 776 0 775 326 307 242 52 99 
4 9 776 0 775 327 307 242 52 99 
4 9 776 0 775 328 307 244 54 99 
4 9 776 0 775 329 307 244 54 99 
4 9 776 0 775 330 307 244 54 99 
4 9 776 0 775 331 307 244 54 99 
4 9 776 0 775 332 307 244 54 99 
4 9 776 0 775 333 307 244 54 99 
4 9 776 0 775 334 307 244 54 99 
4 9 776 0 775 335 307 244 54 99 
4 9 776 0 775 336 307 244 54 99 
4 9 776 0 775 337 307 244 54 99 
4 9 776 0 775 338 309 246 54 97 
4 9 776 0 775 339 309 246 54 97 
4 9 776 0 775 340 309 246 54 97 
4 9 776 0 775 341 309 246 54 97 
4 9 776 0 775 342 309 246 54 97 
4 9 776 0 775 343 309 246 54 97 
4 9 776 0 775 344 309 246 54 97 
4 9 776 0 775 345 309 246 54 97 
4 9 776 0 775 346 309 246 54 97 
4 9 776 0 775 347 309 246 54 97 
4 9 776 0 775 348 311 247 54 99 
4 9 776 0 775 349 311 247 54 99 
4 9 776 0 775 350 311 247 54 99 
4 9 776 0 775 351 311 247 54 99 
4 9 776 0 775 352 311 247 54 99 
4 9 776 0 775 353 311 247 54 99 
4 9 776 0 775 354 311 247 54 99 
4 9 776 0 775 355 311 247 54 99 
4 9 776 0 775 356 311 247 54 99 
4 9 776 0 775 357 314 249 52 99 
4 9 776 0 775 358 314 249 52 99 
4 9 776 0 775 359 314 249 52 99 
4 9 776 0 775 360 314 249 52 99 
4 9 776 0 775 361 314 249 52 99 
4 9 776 0 775 362 314 249 52 99 
4 9 776 0 775 363 314 249 52 99 
4 9 776 0 775 364 314 249 52 99 
4 9 776 0 775 365 314 249 52 99 
4 9 776 0 775 366 314 249 52 99 
4 9 776 0 775 367 314 249 52 99 
4 9 776 0 775 368 314 249 52 99 
4 9 776 0 775 369 314 249 52 99 
4 9 776 0 775 370 314 249 54 99 
4 9 776 0 775 371 314 249 54 99 
4 9 776 0 775 372 314 249 54 99 
4 9 776 0 775 373 314 249 54 99 
4 9 776 0 775 374 314 249 54 99 
4 9 776 0 775 375 314 249 54 99 
4 9 776 0 775 376 314 249 54 99 
4 9 776 0 775 377 314 249 54 99 
4 9 776 0 775 378 314 249 54 99 
4 9 776 0 775 379 314 249 54 99 
4 9 776 0 775 380 314 249 54 99 
4 9 776 0 775 381 314 249 54 99 
4 9 776 0 775 382 314 249 54 99 
4 9 776 0 775 383 316 249 54 99 
4 9 776 0 775 384 316 249 54 99 
4 9 776 0 775 385 316 249 54 99 
4 9 776 0 775 386 316 249 54 99 
4 9 776 0 775 387 316 249 54 99 
4 9 776 0 775 388 316 249 54 99 
4 9 776 0 775 389 316 249 54 99 
4 9 776 0 775 390 316 249 54 99 
4 9 776 0 775 391 316 249 54 99 
4 9 776 0 775 392 316 249 54 99 
4 9 776 0 775 393 316 249 54 99 
4 9 776 0 775 394 316 249 54 99 
4 9 776 0 775 395 318 249 54 99 
4 9 776 0 775 396 318 249 54 99 
4 9 776 0 775 397 318 249 54 99 
4 9 776 0 775 398 318 249 54 99 
4 9 776 0 775 399 318 249 54 99 
4 9 776 0 775 400 318 249 54 99 
4 9 776 0 775 401 321 249 52 99 
4 9 776 0 775 402 321 249 52 99 
4 9 776 0 775 403 321 249 52 99 
4 9 776 0 775 404 321 249 52 99 
4 9 776 0 775 405 321 249 52 99 
4 9 776 0 775 406 323 251 52 99 
4 9 776 0 775 407 323 251 52 99 
4 9 776 0 775 408 323 251 52 99 
4 9 776 0 775 409 323 251 52 99 
4 9 776 0 775 410 323 251 52 99 
4 9 776 0 775 411 323 251 54 99 
4 9 776 0 775 412 323 251 54 99 
4 9 776 0 775 413 323 251 54 99 
4 9 776 0 775 414 323 251 54 99 
4 9 776 0 775 415 323 251 54 99 
4 9 776 0 775 416 325 253 54 99 
4 9 776 0 775 417 325 253 54 99 
4 9 776 0 775 418 325 253 54 99 
4 9 776 0 775 419 325 253 54 99 
4 9 776 0 775 420 325 253 54 99 
4 9 776 0 775 421 327 253 54 99 
4 9 776 0 775 422 327 253 54 99 
4 9 776 0 775 423 327 253 54 99 
4 9 776 0 775 424 327 253 54 99 
4 9 776 0 775 425 327 253 54 99 
4 9 776 0 775 426 330 255 52 97 
4 9 776 0 775 427 330 255 52 97 
4 9 776 0 775 428 330 255 52 97 
4 9 776 0 775 429 330 255 52 97 
4 9 776 0 775 430 330 255 52 97 
4 9 776 0 775 431 330 255 54 97 
4 9 776 0 775 432 330 255 54 97 
4 9 776 0 775 433 330 255 54 97 
4 9 776 0 775 434 330 255 54 97 
4 9 776 0 775 435 330 255 54 97 
4 9 776 0 775 436 332 256 54 99 
4 9 776 0 775 437 332 256 54 99 
4 9 776 0 775 438 332 256 54 99 
4 9 776 0 775 439 332 256 54 99 
4 9 776 0 775 440 332 256 54 99 
4 9 776 0 775 441 334 256 54 99 
4 9 776 0 775 442 334 256 54 99 
4 9 776 0 775 443 334 256 54 99 
4 9 776 0 775 444 334 256 54 99 
4 9 776 0 775 445 334 256 54 99 
4 9 776 0 775 446 337 258 52 99 
4 9 776 0 775 447 337 258 52 99 
4 9 776 0 775 448 337 258 52 99 
4 9 776 0 775 449 337 258 52 99 
4 9 776 0 775 450 337 258 52 99 
4 9 776 0 775 451 337 258 52 99 
4 9 776 0 775 452 339 258 52 99 
4 9 776 0 775 453 339 258 52 102 
4 9 776 0 775 454 339 258 52 102 
4 9 776 0 775 455 339 258 52 102 
4 9 776 0 775 456 339 258 52 102 
4 9 776 0 775 457 339 258 52 102 
4 9 776 0 775 458 339 258 54 102 
4 9 776 0 775 459 339 258 54 102 
4 9 776 0 775 460 339 257 54 103 
4 9 776 0 775 461 339 257 54 103 
4 9 776 0 775 462 339 257 54 103 
4 9 776 0 775 463 341 257 54 103 
4 9 776 0 775 464 341 257 54 103 
4 9 776 0 775 465 341 257 54 103 
4 9 776 0 775 466 341 257 54 103 
4 9 776 0 775 467 341 257 54 106 
4 9 776 0 775 468 341 257 54 106 
4 9 776 0 775 469 343 257 54 106 
4 9 776 0 775 470 343 257 54 106 
4 9 776 0 775 471 343 257 54 106 
4 9 776 0 775 472 343 257 54 106 
4 9 776 0 775 473 343 257 54 106 
4 9 776 0 775 474 343 256 54 109 
4 9 776 0 775 475 346 256 52 109 
4 9 776 0 775 476 346 256 52 109 
4 9 776 0 775 477 346 256 52 109 
4 9 776 0 775 478 346 256 52 109 
4 9 776 0 775 479 346 256 52 109 
4 9 776 0 775 480 346 256 54 112 
4 9 776 0 775 481 346 256 54 112 
4 9 776 0 775 482 346 256 54 112 
4 9 776 0 775 483 346 256 54 112 
4 9 776 0 775 484 346 256 54 112 
4 9 776 0 775 485 348 256 54 112 
4 9 776 0 775 486 348 256 54 112 
4 9 776 0 775 487 348 256 54 112 
4 9 776 0 775 488 348 256 54 112 
4 9 776 0 775 489 348 256 54 112 
4 9 776 0 775 490 350 256 54 112 
4 9 776 0 775 491 350 256 54 112 
4 9 776 0 775 492 350 256 54 112 
4 9 776 0 775 493 350 258 54 112 
4 9 776 0 775 494 350 258 54 112 
4 9 776 0 775 495 353 258 52 112 
4 9 776 0 775 496 353 258 52 112 
4 9 776 0 775 497 353 258 52 112 
4 9 776 0 775 498 353 258 52 112 
4 9 776 0 775 499 353 258 52 112 
4 9 776 0 775 500 355 258 52 112 
4 9 776 0 775 501 355 258 52 112 
4 9 776 0 775 502 355 258 52 112 
4 9 776 0 775 503 355 258 52 112 
4 9 776 0 775 504 355 258 52 112 
4 9 776 0 775 505 355 258 54 112 
4 9 776 0 775 506 355 260 54 111 
4 9 776 0 775 507 355 260 54 111 
4 9 776 0 775 508 355 260 54 111 
4 9 776 0 775 509 355 260 54 111 
4 9 776 0 775 510 357 260 54 111 
4 9 776 0 775 511 357 260 54 111 
4 9 776 0 775 512 357 260 54 111 
4 9 776 0 775 513 357 260 54 111 
4 9 776 0 775 514 357 260 54 111 
4 9 776 0 775 515 359 260 54 111 
4 9 776 0 775 516 359 260 54 111 
4 9 776 0 775 517 359 260 54 111 
4 9 776 0 775 518 359 260 54 111 
4 9 776 0 775 519 362 261 52 112 
4 9 776 0 775 520 362 261 52 112 
4 9 776 0 775 521 362 261 52 112 
4 9 776 0 775 522 361 261 56 112 
4 9 776 0 775 523 362 261 54 112 
4 9 776 0 775 524 362 261 54 112 
4 9 776 0 775 525 361 261 58 112 
4 9 776 0 775 526 361 260 58 115 
4 9 776 0 775 527 364 260 54 115 
4 9 776 0 775 528 363 260 58 115 
4 9 776 0 775 529 363 260 58 115 
4 9 776 0 775 530 366 260 54 115 
4 9 776 0 775 531 366 260 56 115 
4 9 776 0 775 532 366 260 56 118 
4 9 776 0 775 533 366 260 56 118 
4 9 776 0 775 534 368 260 56 118 
4 9 776 0 775 535 368 260 56 118 
4 9 776 0 775 536 368 260 56 118 
4 9 776 0 775 537 370 260 56 118 
4 9 776 0 775 538 370 260 56 118 
4 9 776 0 775 539 370 260 56 120 
4 9 776 0 775 540 369 260 60 120 
4 9 776 0 775 541 370 260 58 120 
4 9 776 0 775 542 370 260 58 120 
4 9 776 0 775 543 369 260 62 120 
4 9 776 0 775 544 372 260 58 120 
4 9 776 0 775 545 372 259 58 123 
4 9 776 0 775 546 372 259 60 123 
4 9 776 0 775 547 372 259 60 123 
4 9 776 0 775 548 375 259 56 123 
4 9 776 0 775 549 374 259 60 123 
4 9 776 0 775 550 374 259 60 123 
4 9 776 0 775 551 376 261 60 123 
4 9 776 0 775 552 376 262 60 120 
4 9 776 0 775 553 376 262 60 120 
4 9 776 0 775 554 376 262 60 120 
4 9 776 0 775 555 376 262 62 120 
4 9 776 0 775 556 376 262 62 120 
4 9 776 0 775 557 376 264 62 117 
4 9 776 0 775 558 376 264 62 117 
4 9 776 0 775 559 379 264 60 117 
4 9 776 0 775 560 379 264 60 117 
4 9 776 0 775 561 379 264 60 117 
4 9 776 0 775 562 381 264 60 117 
4 9 776 0 775 563 381 267 60 114 
4 9 776 0 775 564 381 267 60 114 
4 9 776 0 775 565 381 267 60 114 
4 9 776 0 775 566 383 267 60 114 
4 9 776 0 775 567 383 267 60 114 
4 9 776 0 775 568 383 267 60 114 
4 9 776 0 775 569 383 269 60 111 
4 9 776 0 775 570 385 269 60 111 
4 9 776 0 775 571 385 269 60 111 
4 9 776 0 775 572 385 269 60 111 
4 9 776 0 775 573 385 269 62 111 
4 9 776 0 775 574 385 269 62 111 
4 9 776 0 775 575 385 270 62 109 
4 9 776 0 775 576 385 270 62 109 
4 9 776 0 775 577 388 270 60 109 
4 9 776 0 775 578 388 270 60 109 
4 9 776 0 775 579 388 270 60 109 
4 9 776 0 775 580 390 273 60 106 
4 9 776 0 775 581 390 273 60 106 
4 9 776 0 775 582 390 273 60 106 
4 9 776 0 775 583 390 273 60 106 
4 9 776 0 775 584 389 273 64 106 
4 9 776 0 775 585 392 273 60 106 
4 9 776 0 775 586 392 273 60 106 
4 9 776 0 775 587 391 273 64 106 
4 9 776 0 775 588 391 273 64 106 
4 9 776 0 775 589 391 273 64 106 
4 9 776 0 775 590 392 273 64 106 
4 9 776 0 775 591 392 273 64 106 
4 9 776 0 775 592 392 273 64 106 
4 9 776 0 775 593 392 273 64 106 
4 9 776 0 775 594 391 273 68 106 
4 9 776 0 775 595 394 273 64 106 
4 9 776 0 775 596 394 273 64 106 
4 9 776 0 775 597 393 273 68 106 
4 9 776 0 775 598 393 273 68 106 
4 9 776 0 775 599 393 273 68 106 
4 9 776 0 775 600 395 273 68 106 
4 9 776 0 775 601 395 273 68 106 
4 9 776 0 775 602 394 272 72 109 
4 9 776 0 775 603 393 272 74 109 
4 9 776 0 775 604 396 272 70 112 
4 9 776 0 775 605 395 272 74 112 
4 9 776 0 775 606 394 271 78 115 
4 9 776 0 775 607 394 274 78 112 
4 9 776 0 775 608 396 274 78 114 
4 9 776 0 775 609 396 274 80 114 
4 9 776 0 775 610 395 273 84 117 
4 9 776 0 775 611 395 273 84 120 
4 9 776 0 775 612 395 273 86 120 
4 9 776 0 775 613 394 272 90 123 
4 9 776 0 775 614 394 275 90 120 
4 9 776 0 775 615 393 274 94 121 
4 9 776 0 775 616 396 274 92 121 
4 9 776 0 775 617 396 274 92 124 
4 9 776 0 775 618 395 274 96 124 
4 9 776 0 775 619 394 273 100 127 
4 9 776 0 775 620 396 274 100 129 
4 9 776 0 775 621 396 274 100 129 
4 9 776 0 775 622 398 274 98 129 
4 9 776 0 775 623 398 274 98 129 
4 9 776 0 775 624 399 274 100 129 
4 9 776 0 775 625 399 276 100 129 
4 9 776 0 775 626 401 276 100 129 
4 9 776 0 775 627 401 276 100 129 
4 9 776 0 775 628 403 276 100 129 
4 9 776 0 775 629 403 276 100 129 
4 9 776 0 775 630 405 278 100 127 
4 9 776 0 775 631 405 278 100 127 
4 9 776 0 775 632 407 278 98 127 
4 9 776 0 775 633 407 278 98 127 
4 9 776 0 775 634 408 278 100 127 
4 9 776 0 775 635 408 280 100 127 
4 9 776 0 775 636 410 280 100 127 
4 9 776 0 775 637 410 280 100 127 
4 9 776 0 775 638 412 280 100 127 
4 9 776 0 775 639 412 280 100 127 
4 9 776 0 775 640 414 282 98 127 
4 9 776 0 775 641 414 282 98 127 
4 9 776 0 775 642 414 282 98 127 
4 9 776 0 775 643 415 282 100 127 
4 9 776 0 775 644 415 282 100 127 
4 9 776 0 775 645 415 283 100 129 
4 9 776 0 775 646 417 283 100 129 
4 9 776 0 775 647 417 283 100 129 
4 9 776 0 775 648 417 283 100 129 
4 9 776 0 775 649 419 283 100 129 
4 9 776 0 775 650 419 285 100 127 
4 9 776 0 775 651 419 285 100 127 
4 9 776 0 775 652 421 285 100 127 
4 9 776 0 775 653 421 285 100 127 
4 9 776 0 775 654 421 285 100 127 
4 9 776 0 775 655 423 287 98 127 
4 9 776 0 775 656 423 287 98 127 
4 9 776 0 775 657 423 287 98 127 
4 9 776 0 775 658 424 287 100 127 
4 9 776 0 775 659 424 287 100 127 
4 9 776 0 775 660 426 289 100 127 
4 9 776 0 775 661 426 289 100 127 
4 9 776 0 775 662 426 289 100 127 
4 9 776 0 775 663 426 289 100 127 
4 9 776 0 775 664 426 289 100 127 
4 9 776 0 775 665 428 289 100 127 
4 9 776 0 775 666 428 289 100 127 
4 9 776 0 775 667 428 289 100 127 
4 9 776 0 775 668 428 289 100 127 
4 9 776 0 775 669 428 289 100 127 
4 9 776 0 775 670 430 289 98 127 
4 9 776 0 775 671 430 289 98 127 
4 9 776 0 775 672 430 289 98 127 
4 9 776 0 775 673 430 289 98 127 
4 9 776 0 775 674 430 289 98 127 
4 9 776 0 775 675 431 289 100 127 
4 9 776 0 775 676 431 289 100 127 
4 9 776 0 775 677 431 289 100 127 
4 9 776 0 775 678 431 289 100 127 
4 9 776 0 775 679 431 289 100 127 
4 9 776 0 775 680 433 289 100 127 
4 9 776 0 775 681 433 289 100 127 
4 9 776 0 775 682 433 289 100 127 
4 9 776 0 775 683 435 289 100 127 
4 9 776 0 775 684 435 289 100 127 
4 9 776 0 775 685 435 289 100 127 
4 9 776 0 775 686 437 289 100 127 
4 9 776 0 775 687 437 289 100 127 
4 9 776 0 775 688 437 289 100 127 
4 9 776 0 775 689 439 289 98 127 
4 9 776 0 775 690 439 289 98 127 
4 9 776 0 775 691 440 289 100 127 
4 9 776 0 775 692 440 289 100 127 
4 9 776 0 775 693 440 289 100 127 
4 9 776 0 775 694 442 289 100 127 
4 9 776 0 775 695 442 289 100 127 
4 9 776 0 775 696 442 289 100 127 
4 9 776 0 775 697 444 289 100 127 
4 9 776 0 775 698 444 289 100 127 
4 9 776 0 775 699 444 289 100 127 
4 9 776 0 775 700 446 289 98 127 
4 9 776 0 775 701 446 289 98 127 
4 9 776 0 775 702 447 289 100 127 
4 9 776 0 775 703 447 289 100 127 
4 9 776 0 775 704 447 289 100 127 
4 9 776 0 775 705 449 289 100 127 
4 9 776 0 775 706 449 289 100 127 
4 9 776 0 775 707 449 289 100 127 
4 9 776 0 775 708 451 289 100 127 
4 9 776 0 775 709 451 289 100 127 
4 9 776 0 775 710 453 290 100 129 
4 9 776 0 775 711 453 290 100 129 
4 9 776 0 775 712 455 290 98 129 
4 9 776 0 775 713 455 290 98 129 
4 9 776 0 775 714 456 290 100 129 
4 9 776 0 775 715 456 290 100 129 
4 9 776 0 775 716 458 290 100 129 
4 9 776 0 775 717 458 290 100 129 
4 9 776 0 775 718 460 290 100 129 
4 9 776 0 775 719 460 290 100 129 
4 9 776 0 775 720 462 292 98 129 
4 9 776 0 775 721 463 292 100 129 
4 9 776 0 775 722 463 292 100 129 
4 9 776 0 775 723 465 292 100 129 
4 9 776 0 775 724 465 292 100 129 
4 9 776 0 775 725 467 292 100 129 
4 9 776 0 775 726 467 292 100 129 
4 9 776 0 775 727 469 292 100 129 
4 9 776 0 775 728 469 292 100 129 
4 9 776 0 775 729 471 292 98 129 
4 9 776 0 775 730 472 294 100 127 
4 9 776 0 775 731 472 294 100 127 
4 9 776 0 775 732 474 294 100 127 
4 9 776 0 775 733 476 294 100 127 
4 9 776 0 775 734 478 296 98 127 
4 9 776 0 775 735 478 296 98 127 
4 9 776 0 775 736 479 296 100 127 
4 9 776 0 775 737 481 298 100 127 
4 9 776 0 775 738 483 298 100 127 
4 9 776 0 775 739 483 298 100 127 
4 9 776 0 775 740 485 299 100 129 
4 9 776 0 775 741 487 299 98 129 
4 9 776 0 775 742 488 299 100 129 
4 9 776 0 775 743 488 299 100 129 
4 9 776 0 775 744 490 301 100 127 
4 9 776 0 775 745 492 301 100 127 
4 9 776 0 775 746 494 301 98 127 
4 9 776 0 775 747 494 303 98 127 
4 9 776 0 775 748 495 303 100 127 
4 9 776 0 775 749 497 303 100 127 
4 9 776 0 775 750 499 305 100 127 
4 9 776 0 775 751 499 305 100 127 
4 9 776 0 775 752 501 305 100 127 
4 9 776 0 775 753 501 305 100 130 
4 9 776 0 775 754 503 305 98 130 
4 9 776 0 775 755 504 306 100 132 
4 9 776 0 775 756 504 306 100 132 
4 9 776 0 775 757 506 305 100 133 
4 9 776 0 775 758 506 305 100 133 
4 9 776 0 775 759 508 305 100 136 
4 9 776 0 775 760 510 307 98 133 
4 9 776 0 775 761 510 307 98 133 
4 9 776 0 775 762 511 307 100 136 
4 9 776 0 775 763 511 307 100 136 
4 9 776 0 775 764 513 306 100 139 
4 9 776 0 775 765 515 309 100 136 
4 9 776 0 775 766 515 309 100 138 
4 9 776 0 775 767 517 309 100 138 
4 9 776 0 775 768 517 308 100 141 
4 9 776 0 775 769 519 308 98 141 
4 9 776 0 775 770 520 310 100 141 
4 9 776 0 775 771 520 310 100 141 
4 9 776 0 775 772 520 310 100 144 
4 9 776 0 775 773 520 310 100 144 
4 9 776 0 775 774 520 309 100 147 
4 9 776 0 775 775 520 309 100 148 
5 9 73 549 621 549 276 248 60 87 
5 9 73 549 621 550 278 248 60 87 
5 9 73 549 621 551 278 249 60 88 
5 9 73 549 621 552 280 249 60 88 
5 9 73 549 621 553 280 251 62 88 
5 9 73 549 621 554 280 251 62 88 
5 9 73 549 621 555 283 250 60 91 
5 9 73 549 621 556 283 250 60 93 
5 9 73 549 621 557 285 253 60 90 
5 9 73 549 621 558 285 252 60 93 
5 9 73 549 621 559 287 252 60 96 
5 9 73 549 621 560 287 254 60 93 
5 9 73 549 621 561 289 254 60 96 
5 9 73 549 621 562 289 253 60 99 
5 9 73 549 621 563 289 253 62 99 
5 9 73 549 621 564 289 255 62 97 
5 9 73 549 621 565 292 255 60 100 
5 9 73 549 621 566 294 255 60 100 
5 9 73 549 621 567 294 256 60 102 
5 9 73 549 621 568 296 255 60 105 
5 9 73 549 621 569 296 255 60 105 
5 9 73 549 621 570 296 255 62 106 
5 9 73 549 621 571 296 257 62 106 
5 9 73 549 621 572 299 257 60 106 
5 9 73 549 621 573 299 256 60 109 
5 9 73 549 621 574 301 258 60 109 
5 9 73 549 621 575 301 258 60 109 
5 9 73 549 621 576 303 258 60 112 
5 9 73 549 621 577 305 260 60 111 
5 9 73 549 621 578 305 260 60 111 
5 9 73 549 621 579 305 260 62 114 
5 9 73 549 621 580 305 261 62 112 
5 9 73 549 621 581 308 260 60 115 
5 9 73 549 621 582 308 263 60 112 
5 9 73 549 621 583 310 262 60 115 
5 9 73 549 621 584 310 265 60 114 
5 9 73 549 621 585 312 265 60 114 
5 9 73 549 621 586 312 264 60 117 
5 9 73 549 621 587 312 267 62 114 
5 9 73 549 621 588 312 266 62 117 
5 9 73 549 621 589 315 269 60 114 
5 9 73 549 621 590 315 268 60 117 
5 9 73 549 621 591 317 269 60 118 
5 9 73 549 621 592 317 269 60 118 
5 9 73 549 621 593 319 269 60 120 
5 9 73 549 621 594 319 271 60 117 
5 9 73 549 621 595 321 271 60 120 
5 9 73 549 621 596 321 273 60 117 
5 9 73 549 621 597 321 273 62 120 
5 9 73 549 621 598 324 275 60 120 
5 9 73 549 621 599 324 275 60 120 
5 9 73 549 621 600 326 276 60 120 
5 9 73 549 621 601 328 275 60 123 
5 9 73 549 621 602 328 277 62 123 
5 9 73 549 621 603 331 277 60 126 
5 9 73 549 621 604 333 279 60 126 
5 9 73 549 621 605 335 278 60 127 
5 9 73 549 621 606 337 280 60 127 
5 9 73 549 621 607 337 282 62 127 
5 9 73 549 621 608 340 282 60 130 
5 9 73 549 621 609 342 283 60 130 
5 9 73 549 621 610 344 282 60 133 
5 9 73 549 621 611 344 284 62 133 
5 9 73 549 621 612 347 284 60 136 
5 9 73 549 621 613 349 286 60 136 
5 9 73 549 621 614 351 286 60 138 
5 9 73 549 621 615 353 288 60 138 
5 9 73 549 621 616 353 288 62 139 
5 9 73 549 621 617 356 290 60 139 
5 9 73 549 621 618 357 293 64 138 
5 9 73 549 621 619 359 295 64 138 
5 9 73 549 621 620 359 297 68 138 
5 9 73 549 621 621 363 297 68 139 
6 9 476 279 754 279 657 320 60 102 
6 9 476 279 754 280 655 320 60 102 
6 9 476 279 754 281 653 320 60 102 
6 9 476 279 754 282 651 320 60 102 
6 9 476 279 754 283 648 320 62 102 
6 9 476 279 754 284 648 320 60 102 
6 9 476 279 754 285 646 320 60 102 
6 9 476 279 754 286 644 320 60 102 
6 9 476 279 754 287 641 320 62 102 
6 9 476 279 754 288 641 320 60 102 
6 9 476 279 754 289 639 320 60 102 
6 9 476 279 754 290 637 320 60 102 
6 9 476 279 754 291 635 320 60 102 
6 9 476 279 754 292 632 320 62 102 
6 9 476 279 754 293 632 320 60 102 
6 9 476 279 754 294 630 320 60 102 
6 9 476 279 754 295 625 319 64 100 
6 9 476 279 754 296 624 319 64 100 
6 9 476 279 754 297 622 319 64 100 
6 9 476 279 754 298 620 316 64 103 
6 9 476 279 754 299 618 316 64 103 
6 9 476 279 754 300 616 316 64 103 
6 9 476 279 754 301 613 314 64 106 
6 9 476 279 754 302 611 314 64 106 
6 9 476 279 754 303 609 311 64 109 
6 9 476 279 754 304 605 311 68 109 
6 9 476 279 754 305 603 311 68 109 
6 9 476 279 754 306 601 309 68 112 
6 9 476 279 754 307 599 308 68 115 
6 9 476 279 754 308 596 308 68 115 
6 9 476 279 754 309 594 307 68 117 
6 9 476 279 754 310 592 307 68 117 
6 9 476 279 754 311 588 307 70 117 
6 9 476 279 754 312 586 305 72 120 
6 9 476 279 754 313 584 305 72 120 
6 9 476 279 754 314 582 304 72 123 
6 9 476 279 754 315 581 302 70 123 
6 9 476 279 754 316 579 302 70 123 
6 9 476 279 754 317 577 302 72 123 
6 9 476 279 754 318 577 302 72 123 
6 9 476 279 754 319 575 302 72 123 
6 9 476 279 754 320 574 300 70 123 
6 9 476 279 754 321 572 300 70 123 
6 9 476 279 754 322 572 300 70 123 
6 9 476 279 754 323 570 300 72 123 
6 9 476 279 754 324 568 300 72 123 
6 9 476 279 754 325 566 299 72 121 
6 9 476 279 754 326 566 299 72 121 
6 9 476 279 754 327 565 299 70 121 
6 9 476 279 754 328 563 299 70 121 
6 9 476 279 754 329 563 299 70 121 
6 9 476 279 754 330 561 299 72 121 
6 9 476 279 754 331 559 299 72 121 
6 9 476 279 754 332 559 299 72 121 
6 9 476 279 754 333 558 299 70 121 
6 9 476 279 754 334 556 299 70 121 
6 9 476 279 754 335 556 299 70 121 
6 9 476 279 754 336 554 300 72 123 
6 9 476 279 754 337 552 300 72 123 
6 9 476 279 754 338 552 300 72 123 
6 9 476 279 754 339 550 300 72 123 
6 9 476 279 754 340 550 300 72 123 
6 9 476 279 754 341 549 300 70 123 
6 9 476 279 754 342 547 302 70 123 
6 9 476 279 754 343 547 302 70 123 
6 9 476 279 754 344 545 302 72 123 
6 9 476 279 754 345 543 302 72 123 
6 9 476 279 754 346 543 302 72 123 
6 9 476 279 754 347 542 302 70 123 
6 9 476 279 754 348 542 304 70 123 
6 9 476 279 754 349 540 304 70 123 
6 9 476 279 754 350 540 304 70 123 
6 9 476 279 754 351 537 304 74 124 
6 9 476 279 754 352 537 304 74 124 
6 9 476 279 754 353 538 304 72 124 
6 9 476 279 754 354 535 303 76 127 
6 9 476 279 754 355 535 303 76 127 
6 9 476 279 754 356 535 303 76 127 
6 9 476 279 754 357 532 303 80 130 
6 9 476 279 754 358 533 303 76 130 
6 9 476 279 754 359 533 303 76 130 
6 9 476 279 754 360 531 302 78 133 
6 9 476 279 754 361 531 302 78 133 
6 9 476 279 754 362 531 304 78 133 
6 9 476 279 754 363 531 304 78 133 
6 9 476 279 754 364 531 304 78 133 
6 9 476 279 754 365 531 304 78 133 
6 9 476 279 754 366 531 304 78 133 
6 9 476 279 754 367 531 304 78 133 
6 9 476 279 754 368 531 304 78 133 
6 9 476 279 754 369 531 305 78 133 
6 9 476 279 754 370 531 305 78 133 
6 9 476 279 754 371 531 305 78 133 
6 9 476 279 754 372 532 305 80 133 
6 9 476 279 754 373 532 305 80 133 
6 9 476 279 754 374 532 305 80 133 
6 9 476 279 754 375 532 307 80 133 
6 9 476 279 754 376 532 307 80 133 
6 9 476 279 754 377 532 307 80 133 
6 9 476 279 754 378 532 307 80 133 
6 9 476 279 754 379 532 307 80 133 
6 9 476 279 754 380 532 307 80 133 
6 9 476 279 754 381 534 309 78 133 
6 9 476 279 754 382 534 309 78 133 
6 9 476 279 754 383 534 309 78 133 
6 9 476 279 754 384 536 309 78 133 
6 9 476 279 754 385 536 311 78 133 
6 9 476 279 754 386 538 311 78 133 
6 9 476 279 754 387 538 311 78 133 
6 9 476 279 754 388 538 311 78 133 
6 9 476 279 754 389 540 314 78 132 
6 9 476 279 754 390 540 314 78 132 
6 9 476 279 754 391 541 314 78 132 
6 9 476 279 754 392 541 314 78 132 
6 9 476 279 754 393 543 314 78 133 
6 9 476 279 754 394 543 314 78 133 
6 9 476 279 754 395 543 314 78 133 
6 9 476 279 754 396 545 314 78 133 
6 9 476 279 754 397 545 316 78 133 
6 9 476 279 754 398 547 316 78 133 
6 9 476 279 754 399 547 316 78 133 
6 9 476 279 754 400 548 318 80 133 
6 9 476 279 754 401 548 318 80 133 
6 9 476 279 754 402 548 318 80 133 
6 9 476 279 754 403 547 318 82 136 
6 9 476 279 754 404 547 318 82 136 
6 9 476 279 754 405 549 318 82 138 
6 9 476 279 754 406 549 318 82 138 
6 9 476 279 754 407 548 317 86 141 
6 9 476 279 754 408 548 317 86 141 
6 9 476 279 754 409 550 317 86 144 
6 9 476 279 754 410 550 317 86 144 
6 9 476 279 754 411 550 316 88 147 
6 9 476 279 754 412 550 316 88 147 
6 9 476 279 754 413 552 316 88 148 
6 9 476 279 754 414 552 316 88 148 
6 9 476 279 754 415 551 315 92 151 
6 9 476 279 754 416 551 315 92 151 
6 9 476 279 754 417 553 315 92 154 
6 9 476 279 754 418 553 315 92 154 
6 9 476 279 754 419 553 315 92 154 
6 9 476 279 754 420 553 317 94 151 
6 9 476 279 754 421 553 317 94 151 
6 9 476 279 754 422 556 317 92 154 
6 9 476 279 754 423 556 318 92 153 
6 9 476 279 754 424 559 318 88 153 
6 9 476 279 754 425 558 318 92 153 
6 9 476 279 754 426 561 321 88 150 
6 9 476 279 754 427 560 320 92 153 
6 9 476 279 754 428 561 320 90 153 
6 9 476 279 754 429 561 323 90 150 
6 9 476 279 754 430 563 323 90 150 
6 9 476 279 754 431 563 323 90 150 
6 9 476 279 754 432 566 325 88 148 
6 9 476 279 754 433 566 325 88 148 
6 9 476 279 754 434 566 325 88 148 
6 9 476 279 754 435 568 325 88 148 
6 9 476 279 754 436 568 327 88 148 
6 9 476 279 754 437 570 327 88 148 
6 9 476 279 754 438 570 327 88 148 
6 9 476 279 754 439 570 327 88 148 
6 9 476 279 754 440 570 328 90 150 
6 9 476 279 754 441 570 328 90 150 
6 9 476 279 754 442 572 328 90 150 
6 9 476 279 754 443 572 328 90 150 
6 9 476 279 754 444 572 330 90 150 
6 9 476 279 754 445 575 330 88 150 
6 9 476 279 754 446 575 330 88 150 
6 9 476 279 754 447 577 332 88 148 
6 9 476 279 754 448 577 332 88 148 
6 9 476 279 754 449 577 332 88 148 
6 9 476 279 754 450 576 331 92 151 
6 9 476 279 754 451 577 331 90 151 
6 9 476 279 754 452 576 331 94 154 
6 9 476 279 754 453 576 333 94 151 
6 9 476 279 754 454 576 333 96 154 
6 9 476 279 754 455 579 333 92 154 
6 9 476 279 754 456 578 332 96 157 
6 9 476 279 754 457 578 332 96 157 
6 9 476 279 754 458 580 333 96 157 
6 9 476 279 754 459 580 333 96 157 
6 9 476 279 754 460 582 333 96 160 
6 9 476 279 754 461 585 335 92 160 
6 9 476 279 754 462 585 335 94 160 
6 9 476 279 754 463 585 334 94 163 
6 9 476 279 754 464 588 337 92 162 
6 9 476 279 754 465 591 337 88 162 
6 9 476 279 754 466 593 336 88 165 
6 9 476 279 754 467 593 338 90 165 
6 9 476 279 754 468 593 338 90 165 
6 9 476 279 754 469 595 338 90 165 
6 9 476 279 754 470 598 338 86 165 
6 9 476 279 754 471 598 338 88 165 
6 9 476 279 754 472 600 340 88 165 
6 9 476 279 754 473 603 340 84 165 
6 9 476 279 754 474 602 340 88 165 
6 9 476 279 754 475 603 340 86 165 
6 9 476 279 754 476 605 340 86 165 
6 9 476 279 754 477 604 341 90 166 
6 9 476 279 754 478 607 341 86 166 
6 9 476 279 754 479 610 341 84 166 
6 9 476 279 754 480 610 341 84 166 
6 9 476 279 754 481 610 341 86 166 
6 9 476 279 754 482 612 343 86 165 
6 9 476 279 754 483 611 343 90 165 
6 9 476 279 754 484 614 343 88 165 
6 9 476 279 754 485 616 343 88 165 
6 9 476 279 754 486 618 345 88 165 
6 9 476 279 754 487 617 345 92 165 
6 9 476 279 754 488 617 345 94 165 
6 9 476 279 754 489 620 345 92 165 
6 9 476 279 754 490 621 347 96 165 
6 9 476 279 754 491 621 347 96 165 
6 9 476 279 754 492 623 347 96 165 
6 9 476 279 754 493 623 347 96 168 
6 9 476 279 754 494 624 347 96 168 
6 9 476 279 754 495 624 348 96 168 
6 9 476 279 754 496 626 348 96 168 
6 9 476 279 754 497 628 348 96 168 
6 9 476 279 754 498 628 347 96 171 
6 9 476 279 754 499 630 350 96 168 
6 9 476 279 754 500 630 349 96 171 
6 9 476 279 754 501 632 349 96 171 
6 9 476 279 754 502 633 349 96 171 
6 9 476 279 754 503 633 351 96 171 
6 9 476 279 754 504 635 351 96 171 
6 9 476 279 754 505 635 351 96 174 
6 9 476 279 754 506 637 351 96 174 
6 9 476 279 754 507 639 353 96 172 
6 9 476 279 754 508 639 353 96 172 
6 9 476 279 754 509 640 353 96 172 
6 9 476 279 754 510 640 352 96 175 
6 9 476 279 754 511 642 355 96 172 
6 9 476 279 754 512 644 355 96 172 
6 9 476 279 754 513 644 354 96 175 
6 9 476 279 754 514 646 356 96 174 
6 9 476 279 754 515 646 355 96 177 
6 9 476 279 754 516 648 355 96 177 
6 9 476 279 754 517 649 358 96 174 
6 9 476 279 754 518 649 357 96 175 
6 9 476 279 754 519 651 357 96 175 
6 9 476 279 754 520 651 357 96 178 
6 9 476 279 754 521 653 359 96 175 
6 9 476 279 754 522 655 359 96 175 
6 9 476 279 754 523 655 359 96 178 
6 9 476 279 754 524 656 361 96 175 
6 9 476 279 754 525 656 361 96 178 
6 9 476 279 754 526 658 361 96 178 
6 9 476 279 754 527 660 362 96 177 
6 9 476 279 754 528 660 362 96 180 
6 9 476 279 754 529 662 362 96 180 
6 9 476 279 754 530 664 364 96 178 
6 9 476 279 754 531 664 364 96 178 
6 9 476 279 754 532 665 363 96 181 
6 9 476 279 754 533 667 363 96 181 
6 9 476 279 754 534 667 363 96 184 
6 9 476 279 754 535 669 365 96 181 
6 9 476 279 754 536 671 365 96 184 
6 9 476 279 754 537 672 365 96 184 
6 9 476 279 754 538 672 365 96 186 
6 9 476 279 754 539 674 365 96 186 
6 9 476 279 754 540 676 367 96 186 
6 9 476 279 754 541 678 367 96 186 
6 9 476 279 754 542 678 366 96 189 
6 9 476 279 754 543 680 366 96 189 
6 9 476 279 754 544 681 366 96 192 
6 9 476 279 754 545 683 368 96 192 
6 9 476 279 754 546 683 368 96 192 
6 9 476 279 754 547 682 368 100 192 
6 9 476 279 754 548 684 368 100 192 
6 9 476 279 754 549 684 369 100 192 
6 9 476 279 754 550 683 369 102 192 
6 9 476 279 754 551 685 369 102 192 
6 9 476 279 754 552 684 369 106 192 
6 9 476 279 754 553 686 371 104 192 
6 9 476 279 754 554 685 371 108 192 
6 9 476 279 754 555 684 371 112 192 
6 9 476 279 754 556 687 373 108 192 
6 9 476 279 754 557 686 373 110 192 
6 9 476 279 754 558 688 373 110 192 
6 9 476 279 754 559 687 373 114 192 
6 9 476 279 754 560 687 375 114 192 
6 9 476 279 754 561 689 375 114 192 
6 9 476 279 754 562 689 375 116 192 
6 9 476 279 754 563 691 376 116 192 
6 9 476 279 754 564 691 376 116 192 
6 9 476 279 754 565 691 378 118 192 
6 9 476 279 754 566 691 378 118 192 
6 9 476 279 754 567 693 380 118 192 
6 9 476 279 754 568 695 382 118 192 
6 9 476 279 754 569 695 382 118 192 
6 9 476 279 754 570 698 384 116 192 
6 9 476 279 754 571 698 385 118 192 
6 9 476 279 754 572 698 385 118 192 
6 9 476 279 754 573 700 387 118 192 
6 9 476 279 754 574 700 387 118 192 
6 9 476 279 754 575 702 389 118 192 
6 9 476 279 754 576 705 391 116 192 
6 9 476 279 754 577 705 391 116 192 
6 9 476 279 754 578 707 392 116 192 
6 9 476 279 754 579 707 394 118 192 
6 9 476 279 754 580 707 393 118 195 
6 9 476 279 754 581 709 393 118 198 
6 9 476 279 754 582 711 392 118 201 
6 9 476 279 754 583 711 392 120 202 
6 9 476 279 754 584 713 391 120 205 
6 9 476 279 754 585 713 391 122 208 
6 9 476 279 754 586 713 393 122 208 
6 9 476 279 754 587 715 393 122 210 
6 9 476 279 754 588 718 392 120 213 
6 9 476 279 754 589 717 392 124 216 
6 9 476 279 754 590 719 391 124 219 
6 9 476 279 754 591 721 391 124 222 
6 9 476 279 754 592 721 393 126 220 
6 9 476 279 754 593 721 393 128 220 
6 9 476 279 754 594 723 393 128 220 
6 9 476 279 754 595 725 395 128 217 
6 9 476 279 754 596 727 395 128 217 
6 9 476 279 754 597 728 397 128 216 
6 9 476 279 754 598 730 397 128 216 
6 9 476 279 754 599 732 397 128 216 
6 9 476 279 754 600 734 399 128 213 
6 9 476 279 754 601 736 399 128 213 
6 9 476 279 754 602 737 401 128 213 
6 9 476 279 754 603 739 401 128 216 
6 9 476 279 754 604 741 403 128 216 
6 9 476 279 754 605 744 404 128 214 
6 9 476 279 754 606 746 404 128 216 
6 9 476 279 754 607 748 406 128 216 
6 9 476 279 754 608 750 408 128 216 
6 9 476 279 754 609 752 408 128 216 
6 9 476 279 754 610 755 410 128 216 
6 9 476 279 754 611 757 412 128 216 
6 9 476 279 754 612 759 411 128 217 
6 9 476 279 754 613 760 413 128 216 
6 9 476 279 754 614 762 415 128 216 
6 9 476 279 754 615 766 414 128 219 
6 9 476 279 754 616 768 416 128 219 
6 9 476 279 754 617 769 419 128 216 
6 9 476 279 754 618 771 418 128 217 
6 9 476 279 754 619 773 419 128 219 
6 9 476 279 754 620 776 421 128 219 
6 9 476 279 754 621 778 421 128 219 
6 9 476 279 754 622 780 421 128 219 
6 9 476 279 754 623 781 421 132 222 
6 9 476 279 754 624 783 421 130 222 
6 9 476 279 754 625 783 423 136 222 
6 9 476 279 754 626 785 423 136 222 
6 9 476 279 754 627 787 422 134 223 
6 9 476 279 754 628 788 422 138 223 
6 9 476 279 754 629 789 422 140 226 
6 9 476 279 754 630 790 424 142 223 
6 9 476 279 754 631 792 424 142 223 
6 9 476 279 754 632 794 424 142 226 
6 9 476 279 754 633 796 424 144 226 
6 9 476 279 754 634 796 423 146 229 
6 9 476 279 754 635 797 426 150 226 
6 9 476 279 754 636 799 426 150 228 
6 9 476 279 754 637 802 426 148 228 
6 9 476 279 754 638 801 425 154 231 
6 9 476 279 754 639 803 425 154 231 
6 9 476 279 754 640 805 426 156 232 
6 9 476 279 754 641 807 425 156 235 
6 9 476 279 754 642 809 427 156 235 
6 9 476 279 754 643 809 430 158 234 
6 9 476 279 754 644 812 432 156 234 
6 9 476 279 754 645 816 432 156 235 
6 9 476 279 754 646 816 432 158 238 
6 9 476 279 754 647 819 434 156 237 
6 9 476 279 754 648 821 436 156 237 
6 9 476 279 754 649 823 438 156 237 
6 9 476 279 754 650 825 440 158 240 
6 9 476 279 754 651 828 439 156 241 
6 9 476 279 754 652 830 440 156 243 
6 9 476 279 754 653 832 442 156 243 
6 9 476 279 754 654 832 444 158 243 
6 9 476 279 754 655 837 446 156 241 
6 9 476 279 754 656 839 446 156 244 
6 9 476 279 754 657 841 447 156 246 
6 9 476 279 754 658 841 449 158 246 
6 9 476 279 754 659 844 451 156 246 
6 9 476 279 754 660 848 452 156 247 
6 9 476 279 754 661 848 452 158 247 
6 9 476 279 754 662 851 452 156 250 
6 9 476 279 754 663 853 454 156 250 
6 9 476 279 754 664 855 454 156 252 
6 9 476 279 754 665 857 454 158 253 
6 9 476 279 754 666 860 454 156 256 
6 9 476 279 754 667 862 456 156 256 
6 9 476 279 754 668 864 455 156 259 
6 9 476 279 754 669 864 458 158 258 
6 9 476 279 754 670 869 457 156 261 
6 9 476 279 754 671 871 457 156 262 
6 9 476 279 754 672 873 459 156 260 
6 9 476 279 754 673 873 458 158 260 
6 9 476 279 754 674 876 459 156 259 
6 9 476 279 754 675 880 459 156 260 
6 9 476 279 754 676 880 461 158 258 
6 9 476 279 754 677 883 460 156 258 
6 9 476 279 754 678 885 462 156 256 
6 9 476 279 754 679 887 462 156 256 
6 9 476 279 754 680 889 464 158 254 
6 9 476 279 754 681 891 464 160 254 
6 9 476 279 754 682 894 466 162 252 
6 9 476 279 754 683 896 467 168 251 
6 9 476 279 754 684 899 469 170 249 
6 9 476 279 754 685 901 471 174 247 
6 9 476 279 754 686 901 473 182 245 
6 9 476 279 754 687 906 475 180 244 
6 9 476 279 754 688 907 477 186 242 
6 9 476 279 754 689 911 479 188 240 
6 9 476 279 754 690 913 481 192 237 
6 9 476 279 754 691 913 481 200 237 
6 9 476 279 754 692 916 483 202 235 
6 9 476 279 754 693 918 484 206 235 
6 9 476 279 754 694 922 486 206 232 
6 9 476 279 754 695 924 488 210 230 
6 9 476 279 754 696 924 490 218 228 
6 9 476 279 754 697 928 492 220 227 
6 9 476 279 754 698 930 494 224 225 
6 9 476 279 754 699 933 496 228 223 
6 9 476 279 754 700 935 498 232 221 
6 9 476 279 754 701 939 498 230 221 
6 9 476 279 754 702 942 500 232 218 
6 9 476 279 754 703 946 501 232 217 
6 9 476 279 754 704 951 501 232 217 
6 9 476 279 754 705 955 504 230 214 
6 9 476 279 754 706 958 506 232 212 
6 9 476 279 754 707 964 506 230 212 
6 9 476 279 754 708 967 509 232 209 
6 9 476 279 754 709 971 510 230 208 
6 9 476 279 754 710 976 513 232 206 
6 9 476 279 754 711 980 515 230 203 
6 9 476 279 754 712 983 518 232 201 
6 9 476 279 754 713 987 520 230 198 
6 9 476 279 754 714 990 521 232 197 
6 9 476 279 754 715 996 526 230 192 
6 9 476 279 754 716 999 529 232 189 
6 9 476 279 754 717 1003 530 230 188 
6 9 476 279 754 718 1006 533 232 186 
6 9 476 279 754 719 1010 535 232 183 
6 9 476 279 754 720 1015 540 232 178 
6 9 476 279 754 721 1019 540 230 178 
6 9 476 279 754 722 1024 541 232 177 
6 9 476 279 754 723 1030 541 230 177 
6 9 476 279 754 724 1035 544 230 174 
6 9 476 279 754 725 1040 544 232 174 
6 9 476 279 754 726 1046 546 230 172 
6 9 476 279 754 727 1051 546 227 172 
6 9 476 279 754 728 1056 549 223 169 
6 9 476 279 754 729 1062 549 216 169 
6 9 476 279 754 730 1067 550 211 168 
6 9 476 279 754 731 1070 550 209 168 
6 9 476 279 754 732 1074 553 205 166 
6 9 476 279 754 733 1078 555 200 163 
6 9 476 279 754 734 1081 558 198 161 
6 9 476 279 754 735 1085 560 193 158 
6 9 476 279 754 736 1088 561 191 157 
6 9 476 279 754 737 1092 564 186 154 
6 9 476 279 754 738 1095 566 184 152 
6 9 476 279 754 739 1099 569 179 149 
6 9 476 279 754 740 1102 570 177 148 
6 9 476 279 754 741 1111 575 168 143 
6 9 476 279 754 742 1118 581 160 137 
6 9 476 279 754 743 1126 586 153 132 
6 9 476 279 754 744 1135 593 144 126 
6 9 476 279 754 745 1145 600 133 118 
6 9 476 279 754 746 1153 604 126 114 
6 9 476 279 754 747 1162 610 117 108 
6 9 476 279 754 748 1169 615 109 103 
6 9 476 279 754 749 1177 621 102 97 
6 9 476 279 754 750 1186 629 92 89 
6 9 476 279 754 751 1189 629 89 89 
6 9 476 279 754 752 1195 630 83 88 
6 9 476 279 754 753 1197 633 82 86 
6 9 476 279 754 754 1203 635 76 83 
7 9 99 600 698 600 317 268 78 133 
7 9 99 600 698 601 317 268 78 133 
7 9 99 600 698 602 319 270 78 133 
7 9 99 600 698 603 321 270 78 133 
7 9 99 600 698 604 323 272 78 133 
7 9 99 600 698 605 324 272 80 133 
7 9 99 600 698 606 326 273 78 133 
7 9 99 600 698 607 328 273 78 133 
7 9 99 600 698 608 330 275 78 133 
7 9 99 600 698 609 332 275 78 133 
7 9 99 600 698 610 333 277 78 133 
7 9 99 600 698 611 333 279 78 133 
7 9 99 600 698 612 335 279 78 133 
7 9 99 600 698 613 337 282 78 132 
7 9 99 600 698 614 339 282 78 132 
7 9 99 600 698 615 340 282 80 133 
7 9 99 600 698 616 342 282 78 133 
7 9 99 600 698 617 344 284 78 133 
7 9 99 600 698 618 346 284 78 133 
7 9 99 600 698 619 348 286 78 133 
7 9 99 600 698 620 349 288 78 133 
7 9 99 600 698 621 353 289 78 133 
7 9 99 600 698 622 356 291 80 136 
7 9 99 600 698 623 360 293 78 138 
7 9 99 600 698 624 364 294 78 141 
7 9 99 600 698 625 366 296 82 144 
7 9 99 600 698 626 370 297 82 144 
7 9 99 600 698 627 373 301 82 144 
7 9 99 600 698 628 377 302 82 145 
7 9 99 600 698 629 380 303 82 150 
7 9 99 600 698 630 383 304 86 153 
7 9 99 600 698 631 386 306 86 151 
7 9 99 600 698 632 390 308 86 154 
7 9 99 600 698 633 395 310 84 156 
7 9 99 600 698 634 397 312 86 157 
7 9 99 600 698 635 401 314 88 160 
7 9 99 600 698 636 403 316 90 159 
7 9 99 600 698 637 408 316 88 163 
7 9 99 600 698 638 410 318 90 165 
7 9 99 600 698 639 415 320 88 168 
7 9 99 600 698 640 416 324 94 168 
7 9 99 600 698 641 423 324 92 171 
7 9 99 600 698 642 428 326 92 174 
7 9 99 600 698 643 432 329 96 175 
7 9 99 600 698 644 438 330 96 180 
7 9 99 600 698 645 442 333 100 181 
7 9 99 600 698 646 447 335 100 183 
7 9 99 600 698 647 453 336 100 189 
7 9 99 600 698 648 457 339 104 189 
7 9 99 600 698 649 462 340 104 195 
7 9 99 600 698 650 467 343 106 195 
7 9 99 600 698 651 472 345 106 198 
7 9 99 600 698 652 477 346 108 202 
7 9 99 600 698 653 482 350 110 202 
7 9 99 600 698 654 487 350 110 208 
7 9 99 600 698 655 491 354 114 208 
7 9 99 600 698 656 497 355 114 213 
7 9 99 600 698 657 502 356 114 216 
7 9 99 600 698 658 506 359 118 219 
7 9 99 600 698 659 513 361 116 220 
7 9 99 600 698 660 516 363 122 225 
7 9 99 600 698 661 522 369 128 226 
7 9 99 600 698 662 530 373 132 232 
7 9 99 600 698 663 538 377 136 235 
7 9 99 600 698 664 546 383 138 240 
7 9 99 600 698 665 553 387 146 246 
7 9 99 600 698 666 562 391 148 249 
7 9 99 600 698 667 570 396 152 253 
7 9 99 600 698 668 576 401 158 256 
7 9 99 600 698 669 585 405 160 262 
7 9 99 600 698 670 592 410 168 265 
7 9 99 600 698 671 600 415 170 270 
7 9 99 600 698 672 608 419 174 274 
7 9 99 600 698 673 616 424 178 277 
7 9 99 600 698 674 625 429 180 282 
7 9 99 600 698 675 632 433 188 286 
7 9 99 600 698 676 640 438 192 280 
7 9 99 600 698 677 647 442 196 276 
7 9 99 600 698 678 655 447 200 271 
7 9 99 600 698 679 663 452 204 266 
7 9 99 600 698 680 670 456 210 262 
7 9 99 600 698 681 688 467 210 251 
7 9 99 600 698 682 706 481 210 237 
7 9 99 600 698 683 723 491 210 227 
7 9 99 600 698 684 741 505 210 213 
7 9 99 600 698 685 759 518 210 200 
7 9 99 600 698 686 777 529 210 189 
7 9 99 600 698 687 796 542 208 176 
7 9 99 600 698 688 812 553 210 165 
7 9 99 600 698 689 830 567 210 151 
7 9 99 600 698 690 848 580 210 138 
7 9 99 600 698 691 848 580 210 138 
7 9 99 600 698 692 848 580 210 138 
7 9 99 600 698 693 848 580 210 138 
7 9 99 600 698 694 848 580 210 138 
7 9 99 600 698 695 848 580 210 138 
7 9 99 600 698 696 848 580 210 138 
7 9 99 600 698 697 848 580 210 138 
7 9 99 600 698 698 848 580 210 138 
