1 12 49 414 462 414 665 281 134 146 
1 12 49 414 462 415 665 281 134 146 
1 12 49 414 462 416 665 281 134 146 
1 12 49 414 462 417 665 281 134 146 
1 12 49 414 462 418 665 281 134 146 
1 12 49 414 462 419 665 281 134 146 
1 12 49 414 462 420 665 281 134 146 
1 12 49 414 462 421 665 281 134 146 
1 12 49 414 462 422 665 281 134 146 
1 12 49 414 462 423 665 281 134 146 
1 12 49 414 462 424 665 281 134 146 
1 12 49 414 462 425 665 281 134 146 
1 12 49 414 462 426 665 281 134 146 
1 12 49 414 462 427 665 281 134 146 
1 12 49 414 462 428 665 281 134 146 
1 12 49 414 462 429 665 281 134 146 
1 12 49 414 462 430 665 281 134 146 
1 12 49 414 462 431 665 281 134 146 
1 12 49 414 462 432 665 281 134 146 
1 12 49 414 462 433 665 281 134 146 
1 12 49 414 462 434 665 281 134 146 
1 12 49 414 462 435 665 281 134 146 
1 12 49 414 462 436 665 281 134 146 
1 12 49 414 462 437 665 281 134 146 
1 12 49 414 462 438 665 281 134 146 
1 12 49 414 462 439 665 281 134 146 
1 12 49 414 462 440 665 281 134 146 
1 12 49 414 462 441 665 281 134 146 
1 12 49 414 462 442 665 281 134 146 
1 12 49 414 462 443 665 281 134 146 
1 12 49 414 462 444 665 281 134 146 
1 12 49 414 462 445 665 281 134 146 
1 12 49 414 462 446 665 281 134 146 
1 12 49 414 462 447 665 281 134 146 
1 12 49 414 462 448 665 281 134 146 
1 12 49 414 462 449 665 281 134 146 
1 12 49 414 462 450 665 281 134 146 
1 12 49 414 462 451 665 281 134 146 
1 12 49 414 462 452 665 281 134 146 
1 12 49 414 462 453 665 281 134 146 
1 12 49 414 462 454 665 281 134 146 
1 12 49 414 462 455 665 281 134 146 
1 12 49 414 462 456 665 281 134 146 
1 12 49 414 462 457 665 281 134 146 
1 12 49 414 462 458 665 281 134 146 
1 12 49 414 462 459 665 281 134 146 
1 12 49 414 462 460 665 281 134 146 
1 12 49 414 462 461 665 281 134 146 
1 12 49 414 462 462 665 281 134 146 
2 9 77 600 676 600 475 256 86 135 
2 9 77 600 676 601 475 254 84 136 
2 9 77 600 676 602 475 254 84 136 
2 9 77 600 676 603 476 254 80 136 
2 9 77 600 676 604 473 254 84 136 
2 9 77 600 676 605 473 254 84 136 
2 9 77 600 676 606 473 254 82 136 
2 9 77 600 676 607 470 254 86 133 
2 9 77 600 676 608 471 254 82 133 
2 9 77 600 676 609 471 254 82 133 
2 9 77 600 676 610 468 254 86 133 
2 9 77 600 676 611 469 254 82 133 
2 9 77 600 676 612 469 254 82 133 
2 9 77 600 676 613 467 254 82 133 
2 9 77 600 676 614 467 255 82 130 
2 9 77 600 676 615 467 255 82 130 
2 9 77 600 676 616 466 252 82 133 
2 9 77 600 676 617 466 252 82 133 
2 9 77 600 676 618 467 252 78 133 
2 9 77 600 676 619 464 252 82 133 
2 9 77 600 676 620 464 252 82 133 
2 9 77 600 676 621 465 253 78 130 
2 9 77 600 676 622 462 253 82 130 
2 9 77 600 676 623 463 253 78 130 
2 9 77 600 676 624 463 253 78 130 
2 9 77 600 676 625 460 253 82 130 
2 9 77 600 676 626 461 253 78 130 
2 9 77 600 676 627 461 253 78 130 
2 9 77 600 676 628 460 253 78 127 
2 9 77 600 676 629 460 253 78 127 
2 9 77 600 676 630 460 253 78 127 
2 9 77 600 676 631 458 251 78 130 
2 9 77 600 676 632 458 251 78 130 
2 9 77 600 676 633 459 251 74 130 
2 9 77 600 676 634 456 251 78 130 
2 9 77 600 676 635 456 251 78 129 
2 9 77 600 676 636 457 251 74 129 
2 9 77 600 676 637 454 251 78 129 
2 9 77 600 676 638 454 251 78 129 
2 9 77 600 676 639 455 251 76 129 
2 9 77 600 676 640 452 251 80 129 
2 9 77 600 676 641 453 251 76 129 
2 9 77 600 676 642 453 252 76 126 
2 9 77 600 676 643 451 252 78 126 
2 9 77 600 676 644 452 252 74 126 
2 9 77 600 676 645 452 252 74 126 
2 9 77 600 676 646 450 250 74 127 
2 9 77 600 676 647 450 250 74 127 
2 9 77 600 676 648 450 250 74 127 
2 9 77 600 676 649 448 251 74 124 
2 9 77 600 676 650 448 251 74 124 
2 9 77 600 676 651 449 251 72 124 
2 9 77 600 676 652 446 251 76 124 
2 9 77 600 676 653 446 251 76 124 
2 9 77 600 676 654 447 251 72 124 
2 9 77 600 676 655 445 251 74 124 
2 9 77 600 676 656 446 251 70 121 
2 9 77 600 676 657 446 251 70 121 
2 9 77 600 676 658 443 251 74 121 
2 9 77 600 676 659 444 251 70 121 
2 9 77 600 676 660 444 251 70 121 
2 9 77 600 676 661 442 249 72 124 
2 9 77 600 676 662 442 249 72 124 
2 9 77 600 676 663 442 249 72 123 
2 9 77 600 676 664 440 249 72 123 
2 9 77 600 676 665 440 249 72 123 
2 9 77 600 676 666 441 249 68 123 
2 9 77 600 676 667 438 249 72 123 
2 9 77 600 676 668 438 249 72 123 
2 9 77 600 676 669 439 249 68 123 
2 9 77 600 676 670 437 250 70 120 
2 9 77 600 676 671 438 250 66 120 
2 9 77 600 676 672 438 250 66 120 
2 9 77 600 676 673 435 250 70 120 
2 9 77 600 676 674 436 250 68 120 
2 9 77 600 676 675 436 250 68 120 
2 9 77 600 676 676 436 250 68 120 
3 9 654 23 676 23 1158 546 120 172 
3 9 654 23 676 24 1151 544 127 174 
3 9 654 23 676 25 1145 541 132 177 
3 9 654 23 676 26 1141 540 128 178 
3 9 654 23 676 27 1134 538 128 181 
3 9 654 23 676 28 1128 535 126 183 
3 9 654 23 676 29 1124 533 122 186 
3 9 654 23 676 30 1120 533 120 186 
3 9 654 23 676 31 1112 529 124 189 
3 9 654 23 676 32 1103 526 130 192 
3 9 654 23 676 33 1094 524 136 194 
3 9 654 23 676 34 1085 521 142 197 
3 9 654 23 676 35 1076 520 150 198 
3 9 654 23 676 36 1068 515 154 203 
3 9 654 23 676 37 1060 513 160 206 
3 9 654 23 676 38 1052 510 164 208 
3 9 654 23 676 39 1043 509 170 209 
3 9 654 23 676 40 1036 506 176 212 
3 9 654 23 676 41 1032 504 170 214 
3 9 654 23 676 42 1030 501 166 217 
3 9 654 23 676 43 1027 500 164 218 
3 9 654 23 676 44 1022 498 162 221 
3 9 654 23 676 45 1019 495 160 223 
3 9 654 23 676 46 1017 493 156 226 
3 9 654 23 676 47 1011 490 156 228 
3 9 654 23 676 48 1009 489 152 229 
3 9 654 23 676 49 1005 486 150 232 
3 9 654 23 676 50 1004 484 144 234 
3 9 654 23 676 51 1000 482 142 236 
3 9 654 23 676 52 997 481 140 237 
3 9 654 23 676 53 994 479 138 239 
3 9 654 23 676 54 991 479 136 239 
3 9 654 23 676 55 991 477 130 241 
3 9 654 23 676 56 988 475 128 243 
3 9 654 23 676 57 984 475 126 243 
3 9 654 23 676 58 982 473 124 245 
3 9 654 23 676 59 978 472 122 246 
3 9 654 23 676 60 979 472 116 246 
3 9 654 23 676 61 971 470 122 248 
3 9 654 23 676 62 968 468 124 250 
3 9 654 23 676 63 964 466 124 252 
3 9 654 23 676 64 957 466 132 252 
3 9 654 23 676 65 952 465 136 253 
3 9 654 23 676 66 949 463 134 255 
3 9 654 23 676 67 941 463 142 255 
3 9 654 23 676 68 938 461 142 257 
3 9 654 23 676 69 933 459 146 259 
3 9 654 23 676 70 930 459 148 259 
3 9 654 23 676 71 923 457 150 261 
3 9 654 23 676 72 918 456 150 262 
3 9 654 23 676 73 914 457 148 261 
3 9 654 23 676 74 907 455 150 263 
3 9 654 23 676 75 905 456 148 262 
3 9 654 23 676 76 898 454 150 264 
3 9 654 23 676 77 893 452 150 266 
3 9 654 23 676 78 889 453 148 262 
3 9 654 23 676 79 882 452 150 261 
3 9 654 23 676 80 879 453 150 258 
3 9 654 23 676 81 876 451 146 258 
3 9 654 23 676 82 876 449 142 258 
3 9 654 23 676 83 875 446 138 259 
3 9 654 23 676 84 874 444 136 259 
3 9 654 23 676 85 873 444 132 258 
3 9 654 23 676 86 872 442 128 258 
3 9 654 23 676 87 872 439 124 259 
3 9 654 23 676 88 871 437 120 259 
3 9 654 23 676 89 869 437 118 258 
3 9 654 23 676 90 868 435 114 258 
3 9 654 23 676 91 865 433 114 256 
3 9 654 23 676 92 861 431 114 256 
3 9 654 23 676 93 858 429 114 253 
3 9 654 23 676 94 854 430 114 252 
3 9 654 23 676 95 852 429 114 250 
3 9 654 23 676 96 849 427 114 247 
3 9 654 23 676 97 845 428 114 244 
3 9 654 23 676 98 842 426 114 243 
3 9 654 23 676 99 838 424 114 243 
3 9 654 23 676 100 836 425 114 240 
3 9 654 23 676 101 833 424 114 240 
3 9 654 23 676 102 829 424 114 240 
3 9 654 23 676 103 826 422 114 240 
3 9 654 23 676 104 821 422 118 240 
3 9 654 23 676 105 819 420 116 240 
3 9 654 23 676 106 814 420 118 240 
3 9 654 23 676 107 809 418 122 240 
3 9 654 23 676 108 807 418 120 240 
3 9 654 23 676 109 802 416 122 240 
3 9 654 23 676 110 799 416 124 240 
3 9 654 23 676 111 795 415 124 240 
3 9 654 23 676 112 792 415 126 237 
3 9 654 23 676 113 789 413 128 237 
3 9 654 23 676 114 787 414 128 234 
3 9 654 23 676 115 785 414 128 234 
3 9 654 23 676 116 781 411 132 235 
3 9 654 23 676 117 779 412 132 232 
3 9 654 23 676 118 774 410 136 232 
3 9 654 23 676 119 773 410 134 229 
3 9 654 23 676 120 771 410 134 229 
3 9 654 23 676 121 768 410 132 228 
3 9 654 23 676 122 765 407 132 229 
3 9 654 23 676 123 762 407 128 229 
3 9 654 23 676 124 759 405 128 229 
3 9 654 23 676 125 759 405 120 229 
3 9 654 23 676 126 754 403 122 229 
3 9 654 23 676 127 753 401 116 229 
3 9 654 23 676 128 748 401 118 229 
3 9 654 23 676 129 746 400 114 229 
3 9 654 23 676 130 745 400 110 229 
3 9 654 23 676 131 743 398 110 229 
3 9 654 23 676 132 741 396 110 229 
3 9 654 23 676 133 740 397 110 226 
3 9 654 23 676 134 738 395 110 226 
3 9 654 23 676 135 736 395 110 225 
3 9 654 23 676 136 734 394 110 223 
3 9 654 23 676 137 732 392 112 223 
3 9 654 23 676 138 731 393 110 220 
3 9 654 23 676 139 729 391 110 222 
3 9 654 23 676 140 729 391 110 222 
3 9 654 23 676 141 725 389 110 222 
3 9 654 23 676 142 725 389 106 219 
3 9 654 23 676 143 723 387 106 219 
3 9 654 23 676 144 719 388 108 216 
3 9 654 23 676 145 717 388 108 214 
3 9 654 23 676 146 717 387 102 213 
3 9 654 23 676 147 713 388 104 210 
3 9 654 23 676 148 711 386 104 210 
3 9 654 23 676 149 711 386 98 208 
3 9 654 23 676 150 709 386 100 205 
3 9 654 23 676 151 705 384 100 205 
3 9 654 23 676 152 703 384 100 205 
3 9 654 23 676 153 702 382 98 205 
3 9 654 23 676 154 700 382 100 205 
3 9 654 23 676 155 698 382 100 204 
3 9 654 23 676 156 697 382 96 204 
3 9 654 23 676 157 696 379 96 205 
3 9 654 23 676 158 694 379 96 205 
3 9 654 23 676 159 692 377 96 205 
3 9 654 23 676 160 690 377 96 205 
3 9 654 23 676 161 686 375 98 205 
3 9 654 23 676 162 683 375 102 205 
3 9 654 23 676 163 681 373 104 205 
3 9 654 23 676 164 678 373 108 205 
3 9 654 23 676 165 676 373 110 205 
3 9 654 23 676 166 674 372 110 205 
3 9 654 23 676 167 671 372 114 205 
3 9 654 23 676 168 669 370 114 205 
3 9 654 23 676 169 666 370 118 205 
3 9 654 23 676 170 665 370 120 205 
3 9 654 23 676 171 663 368 118 205 
3 9 654 23 676 172 662 369 114 202 
3 9 654 23 676 173 661 367 110 202 
3 9 654 23 676 174 660 367 110 202 
3 9 654 23 676 175 662 367 102 201 
3 9 654 23 676 176 661 366 100 199 
3 9 654 23 676 177 659 366 100 199 
3 9 654 23 676 178 658 364 96 199 
3 9 654 23 676 179 656 365 94 196 
3 9 654 23 676 180 657 365 90 196 
3 9 654 23 676 181 657 363 88 198 
3 9 654 23 676 182 654 363 92 198 
3 9 654 23 676 183 652 361 92 198 
3 9 654 23 676 184 649 361 96 198 
3 9 654 23 676 185 648 359 96 198 
3 9 654 23 676 186 645 359 100 198 
3 9 654 23 676 187 643 358 100 196 
3 9 654 23 676 188 640 358 104 196 
3 9 654 23 676 189 638 356 104 196 
3 9 654 23 676 190 636 356 106 196 
3 9 654 23 676 191 634 354 106 198 
3 9 654 23 676 192 632 354 106 198 
3 9 654 23 676 193 630 354 108 195 
3 9 654 23 676 194 629 354 106 195 
3 9 654 23 676 195 630 355 102 192 
3 9 654 23 676 196 628 352 102 195 
3 9 654 23 676 197 626 353 104 192 
3 9 654 23 676 198 624 353 104 192 
3 9 654 23 676 199 622 353 104 190 
3 9 654 23 676 200 623 353 100 190 
3 9 654 23 676 201 623 352 96 189 
3 9 654 23 676 202 621 353 96 186 
3 9 654 23 676 203 619 353 96 183 
3 9 654 23 676 204 617 351 96 186 
3 9 654 23 676 205 617 351 94 183 
3 9 654 23 676 206 618 351 88 181 
3 9 654 23 676 207 616 349 88 184 
3 9 654 23 676 208 614 349 88 181 
3 9 654 23 676 209 611 350 90 178 
3 9 654 23 676 210 612 350 86 178 
3 9 654 23 676 211 610 348 86 178 
3 9 654 23 676 212 609 348 88 178 
3 9 654 23 676 213 606 348 92 178 
3 9 654 23 676 214 606 348 92 178 
3 9 654 23 676 215 603 348 96 178 
3 9 654 23 676 216 600 346 100 180 
3 9 654 23 676 217 600 346 100 180 
3 9 654 23 676 218 598 346 102 180 
3 9 654 23 676 219 595 346 106 180 
3 9 654 23 676 220 595 346 106 180 
3 9 654 23 676 221 594 345 104 178 
3 9 654 23 676 222 592 345 104 178 
3 9 654 23 676 223 593 343 100 178 
3 9 654 23 676 224 591 343 100 178 
3 9 654 23 676 225 592 343 96 175 
3 9 654 23 676 226 592 341 92 178 
3 9 654 23 676 227 590 341 92 175 
3 9 654 23 676 228 591 339 88 178 
3 9 654 23 676 229 588 339 90 177 
3 9 654 23 676 230 589 339 86 177 
3 9 654 23 676 231 587 338 86 175 
3 9 654 23 676 232 587 338 86 175 
3 9 654 23 676 233 587 336 84 175 
3 9 654 23 676 234 587 336 84 175 
3 9 654 23 676 235 587 336 84 175 
3 9 654 23 676 236 585 334 84 175 
3 9 654 23 676 237 585 334 84 175 
3 9 654 23 676 238 582 332 86 177 
3 9 654 23 676 239 582 332 86 177 
3 9 654 23 676 240 582 332 86 177 
3 9 654 23 676 241 580 330 86 177 
3 9 654 23 676 242 578 331 86 174 
3 9 654 23 676 243 577 331 88 174 
3 9 654 23 676 244 578 331 84 171 
3 9 654 23 676 245 575 331 88 171 
3 9 654 23 676 246 572 330 90 169 
3 9 654 23 676 247 573 331 86 168 
3 9 654 23 676 248 570 331 90 168 
3 9 654 23 676 249 570 331 88 165 
3 9 654 23 676 250 570 331 88 165 
3 9 654 23 676 251 568 329 88 165 
3 9 654 23 676 252 569 329 84 165 
3 9 654 23 676 253 566 330 86 162 
3 9 654 23 676 254 567 330 82 162 
3 9 654 23 676 255 564 330 86 162 
3 9 654 23 676 256 565 327 82 163 
3 9 654 23 676 257 563 327 82 163 
3 9 654 23 676 258 564 328 80 160 
3 9 654 23 676 259 563 328 78 160 
3 9 654 23 676 260 563 328 78 160 
3 9 654 23 676 261 561 326 78 160 
3 9 654 23 676 262 561 326 78 160 
3 9 654 23 676 263 558 326 82 160 
3 9 654 23 676 264 558 326 82 160 
3 9 654 23 676 265 558 326 82 160 
3 9 654 23 676 266 555 325 86 159 
3 9 654 23 676 267 555 325 86 159 
3 9 654 23 676 268 554 325 88 159 
3 9 654 23 676 269 554 325 88 159 
3 9 654 23 676 270 554 325 88 159 
3 9 654 23 676 271 552 323 88 159 
3 9 654 23 676 272 553 323 84 159 
3 9 654 23 676 273 550 321 86 160 
3 9 654 23 676 274 551 321 82 160 
3 9 654 23 676 275 549 321 82 160 
3 9 654 23 676 276 550 319 78 160 
3 9 654 23 676 277 548 319 80 160 
3 9 654 23 676 278 549 317 76 160 
3 9 654 23 676 279 548 317 74 160 
3 9 654 23 676 280 549 317 70 160 
3 9 654 23 676 281 547 316 70 159 
3 9 654 23 676 282 547 316 70 159 
3 9 654 23 676 283 547 316 70 159 
3 9 654 23 676 284 545 314 72 160 
3 9 654 23 676 285 545 314 72 160 
3 9 654 23 676 286 545 314 72 160 
3 9 654 23 676 287 543 312 72 160 
3 9 654 23 676 288 543 312 72 160 
3 9 654 23 676 289 543 312 72 160 
3 9 654 23 676 290 543 312 72 160 
3 9 654 23 676 291 542 312 70 157 
3 9 654 23 676 292 542 312 70 157 
3 9 654 23 676 293 540 312 70 157 
3 9 654 23 676 294 540 313 70 154 
3 9 654 23 676 295 540 313 70 154 
3 9 654 23 676 296 538 313 72 154 
3 9 654 23 676 297 538 313 72 151 
3 9 654 23 676 298 536 313 72 151 
3 9 654 23 676 299 536 313 72 151 
3 9 654 23 676 300 536 313 72 151 
3 9 654 23 676 301 536 314 64 150 
3 9 654 23 676 302 537 314 58 147 
3 9 654 23 676 303 537 312 56 147 
3 9 654 23 676 304 538 312 52 147 
3 9 654 23 676 305 535 312 56 147 
3 9 654 23 676 306 535 313 54 144 
3 9 654 23 676 307 532 313 58 144 
3 9 654 23 676 308 533 313 54 144 
3 9 654 23 676 309 530 312 58 144 
3 9 654 23 676 310 531 312 54 144 
3 9 654 23 676 311 530 312 56 144 
3 9 654 23 676 312 531 312 52 141 
3 9 654 23 676 313 528 312 56 141 
3 9 654 23 676 314 529 312 52 141 
3 9 654 23 676 315 526 310 56 141 
3 9 654 23 676 316 526 310 54 141 
3 9 654 23 676 317 523 310 58 141 
3 9 654 23 676 318 524 310 54 141 
3 9 654 23 676 319 521 311 58 138 
3 9 654 23 676 320 522 311 54 138 
3 9 654 23 676 321 521 308 56 141 
3 9 654 23 676 322 522 309 52 138 
3 9 654 23 676 323 519 309 56 138 
3 9 654 23 676 324 519 309 54 138 
3 9 654 23 676 325 516 309 58 136 
3 9 654 23 676 326 517 309 54 136 
3 9 654 23 676 327 518 306 50 139 
3 9 654 23 676 328 515 307 54 136 
3 9 654 23 676 329 516 307 50 136 
3 9 654 23 676 330 515 307 52 136 
3 9 654 23 676 331 516 307 48 133 
3 9 654 23 676 332 513 307 52 133 
3 9 654 23 676 333 513 305 50 136 
3 9 654 23 676 334 510 305 54 136 
3 9 654 23 676 335 511 305 50 133 
3 9 654 23 676 336 508 305 54 133 
3 9 654 23 676 337 509 305 50 133 
3 9 654 23 676 338 506 306 54 132 
3 9 654 23 676 339 507 304 50 133 
3 9 654 23 676 340 506 304 52 133 
3 9 654 23 676 341 506 305 50 130 
3 9 654 23 676 342 503 305 54 130 
3 9 654 23 676 343 504 305 50 130 
3 9 654 23 676 344 501 305 54 127 
3 9 654 23 676 345 502 303 50 130 
3 9 654 23 676 346 499 303 54 130 
3 9 654 23 676 347 500 303 50 127 
3 9 654 23 676 348 499 303 52 127 
3 9 654 23 676 349 500 303 48 127 
3 9 654 23 676 350 500 303 48 127 
3 9 654 23 676 351 497 301 50 127 
3 9 654 23 676 352 495 301 50 127 
3 9 654 23 676 353 495 301 50 127 
3 9 654 23 676 354 493 301 50 127 
3 9 654 23 676 355 493 301 50 127 
3 9 654 23 676 356 491 302 50 126 
3 9 654 23 676 357 491 302 50 126 
3 9 654 23 676 358 490 299 50 129 
3 9 654 23 676 359 490 299 50 129 
3 9 654 23 676 360 488 299 50 129 
3 9 654 23 676 361 488 300 50 126 
3 9 654 23 676 362 486 300 50 126 
3 9 654 23 676 363 486 300 50 126 
3 9 654 23 676 364 484 300 50 126 
3 9 654 23 676 365 484 298 50 127 
3 9 654 23 676 366 484 299 48 124 
3 9 654 23 676 367 484 299 48 124 
3 9 654 23 676 368 481 299 50 124 
3 9 654 23 676 369 481 299 50 124 
3 9 654 23 676 370 479 299 50 124 
3 9 654 23 676 371 479 299 50 124 
3 9 654 23 676 372 477 297 50 124 
3 9 654 23 676 373 477 297 50 124 
3 9 654 23 676 374 475 297 50 124 
3 9 654 23 676 375 475 297 50 124 
3 9 654 23 676 376 474 297 50 124 
3 9 654 23 676 377 474 297 50 123 
3 9 654 23 676 378 472 297 50 123 
3 9 654 23 676 379 472 297 50 123 
3 9 654 23 676 380 470 295 50 126 
3 9 654 23 676 381 468 295 50 126 
3 9 654 23 676 382 468 295 50 123 
3 9 654 23 676 383 468 295 48 123 
3 9 654 23 676 384 468 295 48 123 
3 9 654 23 676 385 465 295 50 123 
3 9 654 23 676 386 465 295 50 123 
3 9 654 23 676 387 463 293 50 123 
3 9 654 23 676 388 463 293 50 123 
3 9 654 23 676 389 461 293 50 123 
3 9 654 23 676 390 461 293 50 123 
3 9 654 23 676 391 459 293 50 123 
3 9 654 23 676 392 459 293 50 123 
3 9 654 23 676 393 458 294 50 120 
3 9 654 23 676 394 458 291 50 123 
3 9 654 23 676 395 456 291 50 123 
3 9 654 23 676 396 456 291 50 123 
3 9 654 23 676 397 454 291 50 123 
3 9 654 23 676 398 454 292 50 120 
3 9 654 23 676 399 452 292 50 120 
3 9 654 23 676 400 452 292 50 120 
3 9 654 23 676 401 452 290 48 121 
3 9 654 23 676 402 452 290 48 121 
3 9 654 23 676 403 449 291 50 120 
3 9 654 23 676 404 449 291 50 120 
3 9 654 23 676 405 447 291 50 120 
3 9 654 23 676 406 447 291 50 120 
3 9 654 23 676 407 445 291 50 120 
3 9 654 23 676 408 445 291 50 120 
3 9 654 23 676 409 443 289 50 120 
3 9 654 23 676 410 443 289 50 120 
3 9 654 23 676 411 443 289 50 120 
3 9 654 23 676 412 442 289 50 120 
3 9 654 23 676 413 442 289 50 120 
3 9 654 23 676 414 442 289 50 117 
3 9 654 23 676 415 442 289 50 117 
3 9 654 23 676 416 440 287 50 120 
3 9 654 23 676 417 440 287 50 120 
3 9 654 23 676 418 440 287 50 120 
3 9 654 23 676 419 438 287 50 117 
3 9 654 23 676 420 438 287 50 117 
3 9 654 23 676 421 438 287 50 117 
3 9 654 23 676 422 438 287 50 117 
3 9 654 23 676 423 436 287 50 117 
3 9 654 23 676 424 436 285 50 120 
3 9 654 23 676 425 436 285 50 118 
3 9 654 23 676 426 436 285 48 118 
3 9 654 23 676 427 436 285 48 118 
3 9 654 23 676 428 436 285 48 118 
3 9 654 23 676 429 436 285 48 118 
3 9 654 23 676 430 433 285 50 115 
3 9 654 23 676 431 433 285 50 115 
3 9 654 23 676 432 433 284 50 117 
3 9 654 23 676 433 431 284 50 117 
3 9 654 23 676 434 431 284 50 117 
3 9 654 23 676 435 431 285 50 114 
3 9 654 23 676 436 431 285 50 114 
3 9 654 23 676 437 429 285 50 114 
3 9 654 23 676 438 429 285 50 114 
3 9 654 23 676 439 429 285 50 114 
3 9 654 23 676 440 427 282 50 117 
3 9 654 23 676 441 427 283 50 114 
3 9 654 23 676 442 427 283 50 114 
3 9 654 23 676 443 427 283 50 114 
3 9 654 23 676 444 426 283 50 114 
3 9 654 23 676 445 426 283 50 114 
3 9 654 23 676 446 426 283 50 111 
3 9 654 23 676 447 424 283 50 111 
3 9 654 23 676 448 424 281 50 114 
3 9 654 23 676 449 424 281 50 114 
3 9 654 23 676 450 424 281 50 114 
3 9 654 23 676 451 422 281 50 112 
3 9 654 23 676 452 422 281 50 112 
3 9 654 23 676 453 422 281 50 112 
3 9 654 23 676 454 420 281 50 112 
3 9 654 23 676 455 420 281 50 112 
3 9 654 23 676 456 420 278 50 115 
3 9 654 23 676 457 420 279 50 112 
3 9 654 23 676 458 420 279 48 112 
3 9 654 23 676 459 420 279 48 112 
3 9 654 23 676 460 420 279 48 112 
3 9 654 23 676 461 417 279 50 112 
3 9 654 23 676 462 417 279 50 109 
3 9 654 23 676 463 417 277 50 112 
3 9 654 23 676 464 417 277 50 112 
3 9 654 23 676 465 415 277 50 112 
3 9 654 23 676 466 415 277 50 112 
3 9 654 23 676 467 415 277 50 112 
3 9 654 23 676 468 413 277 50 109 
3 9 654 23 676 469 413 277 50 109 
3 9 654 23 676 470 413 277 50 109 
3 9 654 23 676 471 413 276 50 111 
3 9 654 23 676 472 411 276 50 111 
3 9 654 23 676 473 411 276 50 109 
3 9 654 23 676 474 411 276 50 109 
3 9 654 23 676 475 410 276 50 109 
3 9 654 23 676 476 410 276 50 109 
3 9 654 23 676 477 410 276 50 109 
3 9 654 23 676 478 410 277 50 106 
3 9 654 23 676 479 408 274 50 109 
3 9 654 23 676 480 408 274 50 109 
3 9 654 23 676 481 408 274 50 109 
3 9 654 23 676 482 406 274 50 109 
3 9 654 23 676 483 406 274 50 109 
3 9 654 23 676 484 406 275 50 106 
3 9 654 23 676 485 406 275 50 106 
3 9 654 23 676 486 404 275 50 106 
3 9 654 23 676 487 404 272 50 109 
3 9 654 23 676 488 404 272 50 109 
3 9 654 23 676 489 404 273 48 106 
3 9 654 23 676 490 404 273 48 106 
3 9 654 23 676 491 404 273 48 106 
3 9 654 23 676 492 404 273 48 106 
3 9 654 23 676 493 401 273 50 106 
3 9 654 23 676 494 401 273 50 103 
3 9 654 23 676 495 401 271 50 106 
3 9 654 23 676 496 399 271 50 106 
3 9 654 23 676 497 399 271 50 106 
3 9 654 23 676 498 399 271 50 106 
3 9 654 23 676 499 399 271 50 106 
3 9 654 23 676 500 397 271 50 105 
3 9 654 23 676 501 397 271 50 105 
3 9 654 23 676 502 397 271 50 105 
3 9 654 23 676 503 395 270 50 106 
3 9 654 23 676 504 395 270 50 106 
3 9 654 23 676 505 395 270 50 103 
3 9 654 23 676 506 395 270 50 103 
3 9 654 23 676 507 394 270 50 103 
3 9 654 23 676 508 394 270 50 103 
3 9 654 23 676 509 394 270 50 103 
3 9 654 23 676 510 394 270 50 103 
3 9 654 23 676 511 392 268 50 103 
3 9 654 23 676 512 392 268 50 103 
3 9 654 23 676 513 392 268 50 103 
3 9 654 23 676 514 392 268 50 103 
3 9 654 23 676 515 392 268 50 103 
3 9 654 23 676 516 392 268 50 103 
3 9 654 23 676 517 390 268 50 103 
3 9 654 23 676 518 390 269 50 100 
3 9 654 23 676 519 390 269 50 100 
3 9 654 23 676 520 390 269 50 100 
3 9 654 23 676 521 390 269 50 100 
3 9 654 23 676 522 390 269 50 100 
3 9 654 23 676 523 391 266 46 103 
3 9 654 23 676 524 388 266 50 103 
3 9 654 23 676 525 388 266 50 103 
3 9 654 23 676 526 388 267 50 102 
3 9 654 23 676 527 388 267 50 102 
3 9 654 23 676 528 388 267 50 102 
3 9 654 23 676 529 388 267 50 102 
3 9 654 23 676 530 389 267 46 102 
3 9 654 23 676 531 388 267 48 102 
3 9 654 23 676 532 388 267 48 102 
3 9 654 23 676 533 388 267 48 99 
3 9 654 23 676 534 388 267 48 99 
3 9 654 23 676 535 388 267 48 99 
3 9 654 23 676 536 388 265 46 102 
3 9 654 23 676 537 388 265 46 102 
3 9 654 23 676 538 385 265 50 102 
3 9 654 23 676 539 385 265 50 102 
3 9 654 23 676 540 385 265 50 102 
3 9 654 23 676 541 385 265 50 99 
3 9 654 23 676 542 385 265 50 99 
3 9 654 23 676 543 386 265 46 99 
3 9 654 23 676 544 386 265 46 99 
3 9 654 23 676 545 383 265 50 99 
3 9 654 23 676 546 383 265 50 99 
3 9 654 23 676 547 383 265 50 99 
3 9 654 23 676 548 383 266 50 96 
3 9 654 23 676 549 384 263 46 99 
3 9 654 23 676 550 384 263 46 99 
3 9 654 23 676 551 384 263 46 99 
3 9 654 23 676 552 381 263 50 99 
3 9 654 23 676 553 381 263 50 99 
3 9 654 23 676 554 381 263 50 99 
3 9 654 23 676 555 381 263 50 99 
3 9 654 23 676 556 382 264 46 96 
3 9 654 23 676 557 382 264 46 96 
3 9 654 23 676 558 382 264 46 96 
3 9 654 23 676 559 379 264 50 96 
3 9 654 23 676 560 379 264 50 96 
3 9 654 23 676 561 379 264 50 96 
3 9 654 23 676 562 380 262 48 97 
3 9 654 23 676 563 380 263 48 96 
3 9 654 23 676 564 380 263 48 96 
3 9 654 23 676 565 380 263 48 96 
3 9 654 23 676 566 378 263 50 96 
3 9 654 23 676 567 378 263 50 96 
3 9 654 23 676 568 379 263 46 96 
3 9 654 23 676 569 379 263 46 96 
3 9 654 23 676 570 379 263 46 96 
3 9 654 23 676 571 379 263 46 93 
3 9 654 23 676 572 379 263 46 93 
3 9 654 23 676 573 376 263 50 93 
3 9 654 23 676 574 376 263 50 93 
3 9 654 23 676 575 377 261 46 96 
3 9 654 23 676 576 377 261 46 96 
3 9 654 23 676 577 377 261 46 96 
3 9 654 23 676 578 377 261 46 93 
3 9 654 23 676 579 377 261 46 93 
3 9 654 23 676 580 374 261 50 93 
3 9 654 23 676 581 375 261 46 93 
3 9 654 23 676 582 375 261 46 93 
3 9 654 23 676 583 375 261 46 93 
3 9 654 23 676 584 375 261 46 93 
3 9 654 23 676 585 375 261 46 93 
3 9 654 23 676 586 375 262 46 90 
3 9 654 23 676 587 372 262 50 90 
3 9 654 23 676 588 373 259 46 93 
3 9 654 23 676 589 373 259 46 93 
3 9 654 23 676 590 373 259 46 93 
3 9 654 23 676 591 373 259 46 93 
3 9 654 23 676 592 373 259 46 93 
3 9 654 23 676 593 373 259 46 91 
3 9 654 23 676 594 372 259 46 91 
3 9 654 23 676 595 372 259 46 91 
3 9 654 23 676 596 372 259 46 91 
3 9 654 23 676 597 372 259 46 91 
3 9 654 23 676 598 372 259 46 91 
3 9 654 23 676 599 372 259 46 91 
3 9 654 23 676 600 372 259 46 91 
3 9 654 23 676 601 356 256 80 102 
3 9 654 23 676 602 355 255 78 100 
3 9 654 23 676 603 355 255 78 100 
3 9 654 23 676 604 355 255 78 100 
3 9 654 23 676 605 355 255 78 100 
3 9 654 23 676 606 355 255 78 100 
3 9 654 23 676 607 355 255 78 100 
3 9 654 23 676 608 355 255 78 100 
3 9 654 23 676 609 356 255 74 100 
3 9 654 23 676 610 356 255 74 100 
3 9 654 23 676 611 356 255 74 100 
3 9 654 23 676 612 356 255 74 97 
3 9 654 23 676 613 356 255 74 97 
3 9 654 23 676 614 356 253 74 100 
3 9 654 23 676 615 356 253 74 100 
3 9 654 23 676 616 356 253 74 100 
3 9 654 23 676 617 354 253 74 100 
3 9 654 23 676 618 354 253 74 100 
3 9 654 23 676 619 354 253 74 100 
3 9 654 23 676 620 354 253 74 100 
3 9 654 23 676 621 354 253 74 100 
3 9 654 23 676 622 354 253 74 100 
3 9 654 23 676 623 354 253 74 99 
3 9 654 23 676 624 355 253 70 99 
3 9 654 23 676 625 355 253 70 99 
3 9 654 23 676 626 355 253 70 99 
3 9 654 23 676 627 355 251 70 102 
3 9 654 23 676 628 355 251 70 102 
3 9 654 23 676 629 355 251 70 102 
3 9 654 23 676 630 355 251 70 102 
3 9 654 23 676 631 355 251 70 102 
3 9 654 23 676 632 353 251 72 102 
3 9 654 23 676 633 353 251 72 102 
3 9 654 23 676 634 353 251 72 99 
3 9 654 23 676 635 353 251 72 99 
3 9 654 23 676 636 353 251 72 99 
3 9 654 23 676 637 353 251 72 99 
3 9 654 23 676 638 353 251 72 99 
3 9 654 23 676 639 354 249 68 102 
3 9 654 23 676 640 354 249 68 102 
3 9 654 23 676 641 354 249 68 102 
3 9 654 23 676 642 354 249 68 102 
3 9 654 23 676 643 354 249 68 102 
3 9 654 23 676 644 354 249 68 99 
3 9 654 23 676 645 354 249 68 99 
3 9 654 23 676 646 354 249 68 99 
3 9 654 23 676 647 352 249 68 99 
3 9 654 23 676 648 352 249 68 99 
3 9 654 23 676 649 352 249 68 99 
3 9 654 23 676 650 352 249 68 99 
3 9 654 23 676 651 352 249 68 99 
3 9 654 23 676 652 352 247 68 102 
3 9 654 23 676 653 352 247 68 102 
3 9 654 23 676 654 353 247 64 102 
3 9 654 23 676 655 353 247 64 99 
3 9 654 23 676 656 353 247 64 99 
3 9 654 23 676 657 353 247 64 99 
3 9 654 23 676 658 353 247 64 99 
3 9 654 23 676 659 353 247 64 99 
3 9 654 23 676 660 353 247 64 99 
3 9 654 23 676 661 353 247 64 99 
3 9 654 23 676 662 352 247 64 99 
3 9 654 23 676 663 352 247 64 99 
3 9 654 23 676 664 352 246 64 100 
3 9 654 23 676 665 352 246 64 100 
3 9 654 23 676 666 352 246 64 97 
3 9 654 23 676 667 352 246 64 97 
3 9 654 23 676 668 352 246 64 97 
3 9 654 23 676 669 353 246 60 97 
3 9 654 23 676 670 353 246 60 97 
3 9 654 23 676 671 353 246 60 97 
3 9 654 23 676 672 353 246 60 97 
3 9 654 23 676 673 353 246 60 97 
3 9 654 23 676 674 353 246 60 97 
3 9 654 23 676 675 353 246 60 97 
3 9 654 23 676 676 353 246 60 97 
4 9 198 424 621 424 719 281 60 139 
4 9 198 424 621 425 719 281 60 139 
4 9 198 424 621 426 719 281 60 139 
4 9 198 424 621 427 719 281 60 139 
4 9 198 424 621 428 719 281 60 139 
4 9 198 424 621 429 712 281 62 139 
4 9 198 424 621 430 708 283 60 139 
4 9 198 424 621 431 705 283 62 139 
4 9 198 424 621 432 705 283 62 139 
4 9 198 424 621 433 705 283 62 139 
4 9 198 424 621 434 705 283 60 139 
4 9 198 424 621 435 705 283 60 139 
4 9 198 424 621 436 705 283 60 139 
4 9 198 424 621 437 703 286 60 138 
4 9 198 424 621 438 703 286 60 138 
4 9 198 424 621 439 703 286 60 138 
4 9 198 424 621 440 701 286 60 138 
4 9 198 424 621 441 701 286 60 138 
4 9 198 424 621 442 701 286 60 138 
4 9 198 424 621 443 699 288 60 138 
4 9 198 424 621 444 699 288 60 138 
4 9 198 424 621 445 699 288 60 138 
4 9 198 424 621 446 696 288 62 138 
4 9 198 424 621 447 696 288 62 138 
4 9 198 424 621 448 696 288 62 138 
4 9 198 424 621 449 696 288 62 139 
4 9 198 424 621 450 696 288 60 139 
4 9 198 424 621 451 694 288 60 139 
4 9 198 424 621 452 692 288 60 139 
4 9 198 424 621 453 692 288 60 139 
4 9 198 424 621 454 689 288 62 139 
4 9 198 424 621 455 689 288 60 139 
4 9 198 424 621 456 689 288 60 139 
4 9 198 424 621 457 687 288 60 139 
4 9 198 424 621 458 685 288 60 139 
4 9 198 424 621 459 685 288 60 139 
4 9 198 424 621 460 683 288 60 139 
4 9 198 424 621 461 680 288 62 139 
4 9 198 424 621 462 680 288 60 139 
4 9 198 424 621 463 680 288 60 139 
4 9 198 424 621 464 678 288 60 139 
4 9 198 424 621 465 676 288 60 139 
4 9 198 424 621 466 676 288 60 139 
4 9 198 424 621 467 673 288 62 139 
4 9 198 424 621 468 673 288 60 139 
4 9 198 424 621 469 673 288 60 139 
4 9 198 424 621 470 669 288 60 138 
4 9 198 424 621 471 667 288 60 138 
4 9 198 424 621 472 664 288 62 138 
4 9 198 424 621 473 664 288 60 138 
4 9 198 424 621 474 662 288 60 138 
4 9 198 424 621 475 660 288 60 138 
4 9 198 424 621 476 657 288 62 138 
4 9 198 424 621 477 655 288 60 138 
4 9 198 424 621 478 653 288 60 138 
4 9 198 424 621 479 651 288 60 138 
4 9 198 424 621 480 648 288 62 138 
4 9 198 424 621 481 648 286 60 138 
4 9 198 424 621 482 646 286 60 138 
4 9 198 424 621 483 644 286 60 138 
4 9 198 424 621 484 641 286 62 138 
4 9 198 424 621 485 639 286 60 138 
4 9 198 424 621 486 637 286 60 138 
4 9 198 424 621 487 635 286 60 138 
4 9 198 424 621 488 632 286 62 138 
4 9 198 424 621 489 632 286 60 138 
4 9 198 424 621 490 630 286 60 138 
4 9 198 424 621 491 628 286 60 138 
4 9 198 424 621 492 625 286 62 138 
4 9 198 424 621 493 625 283 60 139 
4 9 198 424 621 494 623 283 60 139 
4 9 198 424 621 495 621 283 60 139 
4 9 198 424 621 496 619 283 60 139 
4 9 198 424 621 497 616 284 62 136 
4 9 198 424 621 498 616 284 60 136 
4 9 198 424 621 499 614 284 60 136 
4 9 198 424 621 500 612 281 60 139 
4 9 198 424 621 501 609 282 62 136 
4 9 198 424 621 502 609 282 60 136 
4 9 198 424 621 503 607 282 60 136 
4 9 198 424 621 504 605 282 60 136 
4 9 198 424 621 505 603 282 60 136 
4 9 198 424 621 506 600 282 62 133 
4 9 198 424 621 507 600 281 60 135 
4 9 198 424 621 508 598 281 60 135 
4 9 198 424 621 509 596 281 60 135 
4 9 198 424 621 510 593 282 62 132 
4 9 198 424 621 511 593 282 60 132 
4 9 198 424 621 512 591 282 60 132 
4 9 198 424 621 513 589 282 60 132 
4 9 198 424 621 514 590 282 56 132 
4 9 198 424 621 515 587 279 58 133 
4 9 198 424 621 516 585 279 58 133 
4 9 198 424 621 517 585 279 58 133 
4 9 198 424 621 518 585 279 56 133 
4 9 198 424 621 519 583 279 56 133 
4 9 198 424 621 520 583 279 56 133 
4 9 198 424 621 521 580 280 58 130 
4 9 198 424 621 522 581 280 54 130 
4 9 198 424 621 523 578 280 58 130 
4 9 198 424 621 524 578 280 56 130 
4 9 198 424 621 525 579 280 52 130 
4 9 198 424 621 526 576 280 56 130 
4 9 198 424 621 527 574 278 56 130 
4 9 198 424 621 528 574 278 54 130 
4 9 198 424 621 529 571 278 58 130 
4 9 198 424 621 530 572 278 54 130 
4 9 198 424 621 531 570 278 54 130 
4 9 198 424 621 532 569 278 56 130 
4 9 198 424 621 533 570 278 52 127 
4 9 198 424 621 534 567 278 54 127 
4 9 198 424 621 535 564 278 58 127 
4 9 198 424 621 536 565 278 54 127 
4 9 198 424 621 537 563 278 54 127 
4 9 198 424 621 538 563 278 54 127 
4 9 198 424 621 539 563 276 52 129 
4 9 198 424 621 540 561 276 52 129 
4 9 198 424 621 541 561 276 52 129 
4 9 198 424 621 542 558 276 54 129 
4 9 198 424 621 543 556 277 54 126 
4 9 198 424 621 544 556 277 54 126 
4 9 198 424 621 545 554 277 54 126 
4 9 198 424 621 546 554 274 52 129 
4 9 198 424 621 547 554 274 52 129 
4 9 198 424 621 548 551 275 54 126 
4 9 198 424 621 549 549 275 54 126 
4 9 198 424 621 550 549 275 54 126 
4 9 198 424 621 551 547 275 54 126 
4 9 198 424 621 552 547 275 52 123 
4 9 198 424 621 553 547 275 52 123 
4 9 198 424 621 554 545 274 52 124 
4 9 198 424 621 555 542 274 54 124 
4 9 198 424 621 556 542 274 54 124 
4 9 198 424 621 557 540 274 54 121 
4 9 198 424 621 558 541 274 50 121 
4 9 198 424 621 559 538 274 54 121 
4 9 198 424 621 560 538 274 52 121 
4 9 198 424 621 561 538 275 50 120 
4 9 198 424 621 562 535 272 54 123 
4 9 198 424 621 563 533 272 54 123 
4 9 198 424 621 564 534 272 50 123 
4 9 198 424 621 565 531 272 54 123 
4 9 198 424 621 566 531 273 52 120 
4 9 198 424 621 567 532 273 48 120 
4 9 198 424 621 568 529 273 52 120 
4 9 198 424 621 569 526 270 54 123 
4 9 198 424 621 570 527 271 50 120 
4 9 198 424 621 571 524 271 54 120 
4 9 198 424 621 572 522 271 54 120 
4 9 198 424 621 573 523 271 50 120 
4 9 198 424 621 574 522 271 52 120 
4 9 198 424 621 575 522 271 50 117 
4 9 198 424 621 576 520 271 50 117 
4 9 198 424 621 577 517 269 54 120 
4 9 198 424 621 578 518 269 50 120 
4 9 198 424 621 579 516 269 50 118 
4 9 198 424 621 580 515 269 52 118 
4 9 198 424 621 581 516 269 48 118 
4 9 198 424 621 582 513 269 50 118 
4 9 198 424 621 583 510 269 54 118 
4 9 198 424 621 584 511 269 50 115 
4 9 198 424 621 585 509 268 50 117 
4 9 198 424 621 586 506 268 54 117 
4 9 198 424 621 587 507 268 50 117 
4 9 198 424 621 588 506 269 50 114 
4 9 198 424 621 589 503 269 54 114 
4 9 198 424 621 590 504 269 50 114 
4 9 198 424 621 591 502 269 50 114 
4 9 198 424 621 592 502 269 50 114 
4 9 198 424 621 593 500 267 50 114 
4 9 198 424 621 594 500 267 50 114 
4 9 198 424 621 595 500 267 48 114 
4 9 198 424 621 596 500 267 48 114 
4 9 198 424 621 597 497 267 50 114 
4 9 198 424 621 598 497 267 50 114 
4 9 198 424 621 599 498 267 46 114 
4 9 198 424 621 600 495 267 50 111 
4 9 198 424 621 601 496 267 46 111 
4 9 198 424 621 602 493 267 50 111 
4 9 198 424 621 603 493 267 50 111 
4 9 198 424 621 604 494 267 46 111 
4 9 198 424 621 605 491 267 50 111 
4 9 198 424 621 606 492 267 48 111 
4 9 198 424 621 607 490 267 50 109 
4 9 198 424 621 608 491 267 46 109 
4 9 198 424 621 609 488 267 50 109 
4 9 198 424 621 610 489 267 46 109 
4 9 198 424 621 611 489 267 46 109 
4 9 198 424 621 612 486 267 50 109 
4 9 198 424 621 613 487 267 46 109 
4 9 198 424 621 614 484 268 50 106 
4 9 198 424 621 615 485 268 46 106 
4 9 198 424 621 616 485 268 46 106 
4 9 198 424 621 617 484 268 46 106 
4 9 198 424 621 618 484 268 46 106 
4 9 198 424 621 619 482 268 46 106 
4 9 198 424 621 620 482 268 46 106 
4 9 198 424 621 621 482 268 46 106 
5 9 654 23 676 23 1158 546 120 172 
5 9 654 23 676 24 1151 544 127 174 
5 9 654 23 676 25 1145 541 132 177 
5 9 654 23 676 26 1141 540 128 178 
5 9 654 23 676 27 1134 538 128 181 
5 9 654 23 676 28 1128 535 126 183 
5 9 654 23 676 29 1124 533 122 186 
5 9 654 23 676 30 1120 533 120 186 
5 9 654 23 676 31 1112 529 124 189 
5 9 654 23 676 32 1103 526 130 192 
5 9 654 23 676 33 1094 524 136 194 
5 9 654 23 676 34 1085 521 142 197 
5 9 654 23 676 35 1076 520 150 198 
5 9 654 23 676 36 1068 515 154 203 
5 9 654 23 676 37 1060 513 160 206 
5 9 654 23 676 38 1052 510 164 208 
5 9 654 23 676 39 1043 509 170 209 
5 9 654 23 676 40 1036 506 176 212 
5 9 654 23 676 41 1032 504 170 214 
5 9 654 23 676 42 1030 501 166 217 
5 9 654 23 676 43 1027 500 164 218 
5 9 654 23 676 44 1022 498 162 221 
5 9 654 23 676 45 1019 495 160 223 
5 9 654 23 676 46 1017 493 156 226 
5 9 654 23 676 47 1011 490 156 228 
5 9 654 23 676 48 1009 489 152 229 
5 9 654 23 676 49 1005 486 150 232 
5 9 654 23 676 50 1004 484 144 234 
5 9 654 23 676 51 1000 482 142 236 
5 9 654 23 676 52 997 481 140 237 
5 9 654 23 676 53 994 479 138 239 
5 9 654 23 676 54 991 479 136 239 
5 9 654 23 676 55 991 477 130 241 
5 9 654 23 676 56 988 475 128 243 
5 9 654 23 676 57 984 475 126 243 
5 9 654 23 676 58 982 473 124 245 
5 9 654 23 676 59 978 472 122 246 
5 9 654 23 676 60 979 472 116 246 
5 9 654 23 676 61 971 470 122 248 
5 9 654 23 676 62 968 468 124 250 
5 9 654 23 676 63 964 466 124 252 
5 9 654 23 676 64 957 466 132 252 
5 9 654 23 676 65 952 465 136 253 
5 9 654 23 676 66 949 463 134 255 
5 9 654 23 676 67 941 463 142 255 
5 9 654 23 676 68 938 461 142 257 
5 9 654 23 676 69 933 459 146 259 
5 9 654 23 676 70 930 459 148 259 
5 9 654 23 676 71 923 457 150 261 
5 9 654 23 676 72 918 456 150 262 
5 9 654 23 676 73 914 457 148 261 
5 9 654 23 676 74 907 455 150 263 
5 9 654 23 676 75 905 456 148 262 
5 9 654 23 676 76 898 454 150 264 
5 9 654 23 676 77 893 452 150 266 
5 9 654 23 676 78 889 453 148 262 
5 9 654 23 676 79 882 452 150 261 
5 9 654 23 676 80 879 453 150 258 
5 9 654 23 676 81 876 451 146 258 
5 9 654 23 676 82 876 449 142 258 
5 9 654 23 676 83 875 446 138 259 
5 9 654 23 676 84 874 444 136 259 
5 9 654 23 676 85 873 444 132 258 
5 9 654 23 676 86 872 442 128 258 
5 9 654 23 676 87 872 439 124 259 
5 9 654 23 676 88 871 437 120 259 
5 9 654 23 676 89 869 437 118 258 
5 9 654 23 676 90 868 435 114 258 
5 9 654 23 676 91 865 433 114 256 
5 9 654 23 676 92 861 431 114 256 
5 9 654 23 676 93 858 429 114 253 
5 9 654 23 676 94 854 430 114 252 
5 9 654 23 676 95 852 429 114 250 
5 9 654 23 676 96 849 427 114 247 
5 9 654 23 676 97 845 428 114 244 
5 9 654 23 676 98 842 426 114 243 
5 9 654 23 676 99 838 424 114 243 
5 9 654 23 676 100 836 425 114 240 
5 9 654 23 676 101 833 424 114 240 
5 9 654 23 676 102 829 424 114 240 
5 9 654 23 676 103 826 422 114 240 
5 9 654 23 676 104 821 422 118 240 
5 9 654 23 676 105 819 420 116 240 
5 9 654 23 676 106 814 420 118 240 
5 9 654 23 676 107 809 418 122 240 
5 9 654 23 676 108 807 418 120 240 
5 9 654 23 676 109 802 416 122 240 
5 9 654 23 676 110 799 416 124 240 
5 9 654 23 676 111 795 415 124 240 
5 9 654 23 676 112 792 415 126 237 
5 9 654 23 676 113 789 413 128 237 
5 9 654 23 676 114 787 414 128 234 
5 9 654 23 676 115 785 414 128 234 
5 9 654 23 676 116 781 411 132 235 
5 9 654 23 676 117 779 412 132 232 
5 9 654 23 676 118 774 410 136 232 
5 9 654 23 676 119 773 410 134 229 
5 9 654 23 676 120 771 410 134 229 
5 9 654 23 676 121 768 410 132 228 
5 9 654 23 676 122 765 407 132 229 
5 9 654 23 676 123 762 407 128 229 
5 9 654 23 676 124 759 405 128 229 
5 9 654 23 676 125 759 405 120 229 
5 9 654 23 676 126 754 403 122 229 
5 9 654 23 676 127 753 401 116 229 
5 9 654 23 676 128 748 401 118 229 
5 9 654 23 676 129 746 400 114 229 
5 9 654 23 676 130 745 400 110 229 
5 9 654 23 676 131 743 398 110 229 
5 9 654 23 676 132 741 396 110 229 
5 9 654 23 676 133 740 397 110 226 
5 9 654 23 676 134 738 395 110 226 
5 9 654 23 676 135 736 395 110 225 
5 9 654 23 676 136 734 394 110 223 
5 9 654 23 676 137 732 392 112 223 
5 9 654 23 676 138 731 393 110 220 
5 9 654 23 676 139 729 391 110 222 
5 9 654 23 676 140 729 391 110 222 
5 9 654 23 676 141 725 389 110 222 
5 9 654 23 676 142 725 389 106 219 
5 9 654 23 676 143 723 387 106 219 
5 9 654 23 676 144 719 388 108 216 
5 9 654 23 676 145 717 388 108 214 
5 9 654 23 676 146 717 387 102 213 
5 9 654 23 676 147 713 388 104 210 
5 9 654 23 676 148 711 386 104 210 
5 9 654 23 676 149 711 386 98 208 
5 9 654 23 676 150 709 386 100 205 
5 9 654 23 676 151 705 384 100 205 
5 9 654 23 676 152 703 384 100 205 
5 9 654 23 676 153 702 382 98 205 
5 9 654 23 676 154 700 382 100 205 
5 9 654 23 676 155 698 382 100 204 
5 9 654 23 676 156 697 382 96 204 
5 9 654 23 676 157 696 379 96 205 
5 9 654 23 676 158 694 379 96 205 
5 9 654 23 676 159 692 377 96 205 
5 9 654 23 676 160 690 377 96 205 
5 9 654 23 676 161 686 375 98 205 
5 9 654 23 676 162 683 375 102 205 
5 9 654 23 676 163 681 373 104 205 
5 9 654 23 676 164 678 373 108 205 
5 9 654 23 676 165 676 373 110 205 
5 9 654 23 676 166 674 372 110 205 
5 9 654 23 676 167 671 372 114 205 
5 9 654 23 676 168 669 370 114 205 
5 9 654 23 676 169 666 370 118 205 
5 9 654 23 676 170 665 370 120 205 
5 9 654 23 676 171 663 368 118 205 
5 9 654 23 676 172 662 369 114 202 
5 9 654 23 676 173 661 367 110 202 
5 9 654 23 676 174 660 367 110 202 
5 9 654 23 676 175 662 367 102 201 
5 9 654 23 676 176 661 366 100 199 
5 9 654 23 676 177 659 366 100 199 
5 9 654 23 676 178 658 364 96 199 
5 9 654 23 676 179 656 365 94 196 
5 9 654 23 676 180 657 365 90 196 
5 9 654 23 676 181 657 363 88 198 
5 9 654 23 676 182 654 363 92 198 
5 9 654 23 676 183 652 361 92 198 
5 9 654 23 676 184 649 361 96 198 
5 9 654 23 676 185 648 359 96 198 
5 9 654 23 676 186 645 359 100 198 
5 9 654 23 676 187 643 358 100 196 
5 9 654 23 676 188 640 358 104 196 
5 9 654 23 676 189 638 356 104 196 
5 9 654 23 676 190 636 356 106 196 
5 9 654 23 676 191 634 354 106 198 
5 9 654 23 676 192 632 354 106 198 
5 9 654 23 676 193 630 354 108 195 
5 9 654 23 676 194 629 354 106 195 
5 9 654 23 676 195 630 355 102 192 
5 9 654 23 676 196 628 352 102 195 
5 9 654 23 676 197 626 353 104 192 
5 9 654 23 676 198 624 353 104 192 
5 9 654 23 676 199 622 353 104 190 
5 9 654 23 676 200 623 353 100 190 
5 9 654 23 676 201 623 352 96 189 
5 9 654 23 676 202 621 353 96 186 
5 9 654 23 676 203 619 353 96 183 
5 9 654 23 676 204 617 351 96 186 
5 9 654 23 676 205 617 351 94 183 
5 9 654 23 676 206 618 351 88 181 
5 9 654 23 676 207 616 349 88 184 
5 9 654 23 676 208 614 349 88 181 
5 9 654 23 676 209 611 350 90 178 
5 9 654 23 676 210 612 350 86 178 
5 9 654 23 676 211 610 348 86 178 
5 9 654 23 676 212 609 348 88 178 
5 9 654 23 676 213 606 348 92 178 
5 9 654 23 676 214 606 348 92 178 
5 9 654 23 676 215 603 348 96 178 
5 9 654 23 676 216 600 346 100 180 
5 9 654 23 676 217 600 346 100 180 
5 9 654 23 676 218 598 346 102 180 
5 9 654 23 676 219 595 346 106 180 
5 9 654 23 676 220 595 346 106 180 
5 9 654 23 676 221 594 345 104 178 
5 9 654 23 676 222 592 345 104 178 
5 9 654 23 676 223 593 343 100 178 
5 9 654 23 676 224 591 343 100 178 
5 9 654 23 676 225 592 343 96 175 
5 9 654 23 676 226 592 341 92 178 
5 9 654 23 676 227 590 341 92 175 
5 9 654 23 676 228 591 339 88 178 
5 9 654 23 676 229 588 339 90 177 
5 9 654 23 676 230 589 339 86 177 
5 9 654 23 676 231 587 338 86 175 
5 9 654 23 676 232 587 338 86 175 
5 9 654 23 676 233 587 336 84 175 
5 9 654 23 676 234 587 336 84 175 
5 9 654 23 676 235 587 336 84 175 
5 9 654 23 676 236 585 334 84 175 
5 9 654 23 676 237 585 334 84 175 
5 9 654 23 676 238 582 332 86 177 
5 9 654 23 676 239 582 332 86 177 
5 9 654 23 676 240 582 332 86 177 
5 9 654 23 676 241 580 330 86 177 
5 9 654 23 676 242 578 331 86 174 
5 9 654 23 676 243 577 331 88 174 
5 9 654 23 676 244 578 331 84 171 
5 9 654 23 676 245 575 331 88 171 
5 9 654 23 676 246 572 330 90 169 
5 9 654 23 676 247 573 331 86 168 
5 9 654 23 676 248 570 331 90 168 
5 9 654 23 676 249 570 331 88 165 
5 9 654 23 676 250 570 331 88 165 
5 9 654 23 676 251 568 329 88 165 
5 9 654 23 676 252 569 329 84 165 
5 9 654 23 676 253 566 330 86 162 
5 9 654 23 676 254 567 330 82 162 
5 9 654 23 676 255 564 330 86 162 
5 9 654 23 676 256 565 327 82 163 
5 9 654 23 676 257 563 327 82 163 
5 9 654 23 676 258 564 328 80 160 
5 9 654 23 676 259 563 328 78 160 
5 9 654 23 676 260 563 328 78 160 
5 9 654 23 676 261 561 326 78 160 
5 9 654 23 676 262 561 326 78 160 
5 9 654 23 676 263 558 326 82 160 
5 9 654 23 676 264 558 326 82 160 
5 9 654 23 676 265 558 326 82 160 
5 9 654 23 676 266 555 325 86 159 
5 9 654 23 676 267 555 325 86 159 
5 9 654 23 676 268 554 325 88 159 
5 9 654 23 676 269 554 325 88 159 
5 9 654 23 676 270 554 325 88 159 
5 9 654 23 676 271 552 323 88 159 
5 9 654 23 676 272 553 323 84 159 
5 9 654 23 676 273 550 321 86 160 
5 9 654 23 676 274 551 321 82 160 
5 9 654 23 676 275 549 321 82 160 
5 9 654 23 676 276 550 319 78 160 
5 9 654 23 676 277 548 319 80 160 
5 9 654 23 676 278 549 317 76 160 
5 9 654 23 676 279 548 317 74 160 
5 9 654 23 676 280 549 317 70 160 
5 9 654 23 676 281 547 316 70 159 
5 9 654 23 676 282 547 316 70 159 
5 9 654 23 676 283 547 316 70 159 
5 9 654 23 676 284 545 314 72 160 
5 9 654 23 676 285 545 314 72 160 
5 9 654 23 676 286 545 314 72 160 
5 9 654 23 676 287 543 312 72 160 
5 9 654 23 676 288 543 312 72 160 
5 9 654 23 676 289 543 312 72 160 
5 9 654 23 676 290 543 312 72 160 
5 9 654 23 676 291 542 312 70 157 
5 9 654 23 676 292 542 312 70 157 
5 9 654 23 676 293 540 312 70 157 
5 9 654 23 676 294 540 313 70 154 
5 9 654 23 676 295 540 313 70 154 
5 9 654 23 676 296 538 313 72 154 
5 9 654 23 676 297 538 313 72 151 
5 9 654 23 676 298 536 313 72 151 
5 9 654 23 676 299 536 313 72 151 
5 9 654 23 676 300 536 313 72 151 
5 9 654 23 676 301 536 314 64 150 
5 9 654 23 676 302 537 314 58 147 
5 9 654 23 676 303 537 312 56 147 
5 9 654 23 676 304 538 312 52 147 
5 9 654 23 676 305 535 312 56 147 
5 9 654 23 676 306 535 313 54 144 
5 9 654 23 676 307 532 313 58 144 
5 9 654 23 676 308 533 313 54 144 
5 9 654 23 676 309 530 312 58 144 
5 9 654 23 676 310 531 312 54 144 
5 9 654 23 676 311 530 312 56 144 
5 9 654 23 676 312 531 312 52 141 
5 9 654 23 676 313 528 312 56 141 
5 9 654 23 676 314 529 312 52 141 
5 9 654 23 676 315 526 310 56 141 
5 9 654 23 676 316 526 310 54 141 
5 9 654 23 676 317 523 310 58 141 
5 9 654 23 676 318 524 310 54 141 
5 9 654 23 676 319 521 311 58 138 
5 9 654 23 676 320 522 311 54 138 
5 9 654 23 676 321 521 308 56 141 
5 9 654 23 676 322 522 309 52 138 
5 9 654 23 676 323 519 309 56 138 
5 9 654 23 676 324 519 309 54 138 
5 9 654 23 676 325 516 309 58 136 
5 9 654 23 676 326 517 309 54 136 
5 9 654 23 676 327 518 306 50 139 
5 9 654 23 676 328 515 307 54 136 
5 9 654 23 676 329 516 307 50 136 
5 9 654 23 676 330 515 307 52 136 
5 9 654 23 676 331 516 307 48 133 
5 9 654 23 676 332 513 307 52 133 
5 9 654 23 676 333 513 305 50 136 
5 9 654 23 676 334 510 305 54 136 
5 9 654 23 676 335 511 305 50 133 
5 9 654 23 676 336 508 305 54 133 
5 9 654 23 676 337 509 305 50 133 
5 9 654 23 676 338 506 306 54 132 
5 9 654 23 676 339 507 304 50 133 
5 9 654 23 676 340 506 304 52 133 
5 9 654 23 676 341 506 305 50 130 
5 9 654 23 676 342 503 305 54 130 
5 9 654 23 676 343 504 305 50 130 
5 9 654 23 676 344 501 305 54 127 
5 9 654 23 676 345 502 303 50 130 
5 9 654 23 676 346 499 303 54 130 
5 9 654 23 676 347 500 303 50 127 
5 9 654 23 676 348 499 303 52 127 
5 9 654 23 676 349 500 303 48 127 
5 9 654 23 676 350 500 303 48 127 
5 9 654 23 676 351 497 301 50 127 
5 9 654 23 676 352 495 301 50 127 
5 9 654 23 676 353 495 301 50 127 
5 9 654 23 676 354 493 301 50 127 
5 9 654 23 676 355 493 301 50 127 
5 9 654 23 676 356 491 302 50 126 
5 9 654 23 676 357 491 302 50 126 
5 9 654 23 676 358 490 299 50 129 
5 9 654 23 676 359 490 299 50 129 
5 9 654 23 676 360 488 299 50 129 
5 9 654 23 676 361 488 300 50 126 
5 9 654 23 676 362 486 300 50 126 
5 9 654 23 676 363 486 300 50 126 
5 9 654 23 676 364 484 300 50 126 
5 9 654 23 676 365 484 298 50 127 
5 9 654 23 676 366 484 299 48 124 
5 9 654 23 676 367 484 299 48 124 
5 9 654 23 676 368 481 299 50 124 
5 9 654 23 676 369 481 299 50 124 
5 9 654 23 676 370 479 299 50 124 
5 9 654 23 676 371 479 299 50 124 
5 9 654 23 676 372 477 297 50 124 
5 9 654 23 676 373 477 297 50 124 
5 9 654 23 676 374 475 297 50 124 
5 9 654 23 676 375 475 297 50 124 
5 9 654 23 676 376 474 297 50 124 
5 9 654 23 676 377 474 297 50 123 
5 9 654 23 676 378 472 297 50 123 
5 9 654 23 676 379 472 297 50 123 
5 9 654 23 676 380 470 295 50 126 
5 9 654 23 676 381 468 295 50 126 
5 9 654 23 676 382 468 295 50 123 
5 9 654 23 676 383 468 295 48 123 
5 9 654 23 676 384 468 295 48 123 
5 9 654 23 676 385 465 295 50 123 
5 9 654 23 676 386 465 295 50 123 
5 9 654 23 676 387 463 293 50 123 
5 9 654 23 676 388 463 293 50 123 
5 9 654 23 676 389 461 293 50 123 
5 9 654 23 676 390 461 293 50 123 
5 9 654 23 676 391 459 293 50 123 
5 9 654 23 676 392 459 293 50 123 
5 9 654 23 676 393 458 294 50 120 
5 9 654 23 676 394 458 291 50 123 
5 9 654 23 676 395 456 291 50 123 
5 9 654 23 676 396 456 291 50 123 
5 9 654 23 676 397 454 291 50 123 
5 9 654 23 676 398 454 292 50 120 
5 9 654 23 676 399 452 292 50 120 
5 9 654 23 676 400 452 292 50 120 
5 9 654 23 676 401 452 290 48 121 
5 9 654 23 676 402 452 290 48 121 
5 9 654 23 676 403 449 291 50 120 
5 9 654 23 676 404 449 291 50 120 
5 9 654 23 676 405 447 291 50 120 
5 9 654 23 676 406 447 291 50 120 
5 9 654 23 676 407 445 291 50 120 
5 9 654 23 676 408 445 291 50 120 
5 9 654 23 676 409 443 289 50 120 
5 9 654 23 676 410 443 289 50 120 
5 9 654 23 676 411 443 289 50 120 
5 9 654 23 676 412 442 289 50 120 
5 9 654 23 676 413 442 289 50 120 
5 9 654 23 676 414 442 289 50 117 
5 9 654 23 676 415 442 289 50 117 
5 9 654 23 676 416 440 287 50 120 
5 9 654 23 676 417 440 287 50 120 
5 9 654 23 676 418 440 287 50 120 
5 9 654 23 676 419 438 287 50 117 
5 9 654 23 676 420 438 287 50 117 
5 9 654 23 676 421 438 287 50 117 
5 9 654 23 676 422 438 287 50 117 
5 9 654 23 676 423 436 287 50 117 
5 9 654 23 676 424 436 285 50 120 
5 9 654 23 676 425 436 285 50 118 
5 9 654 23 676 426 436 285 48 118 
5 9 654 23 676 427 436 285 48 118 
5 9 654 23 676 428 436 285 48 118 
5 9 654 23 676 429 436 285 48 118 
5 9 654 23 676 430 433 285 50 115 
5 9 654 23 676 431 433 285 50 115 
5 9 654 23 676 432 433 284 50 117 
5 9 654 23 676 433 431 284 50 117 
5 9 654 23 676 434 431 284 50 117 
5 9 654 23 676 435 431 285 50 114 
5 9 654 23 676 436 431 285 50 114 
5 9 654 23 676 437 429 285 50 114 
5 9 654 23 676 438 429 285 50 114 
5 9 654 23 676 439 429 285 50 114 
5 9 654 23 676 440 427 282 50 117 
5 9 654 23 676 441 427 283 50 114 
5 9 654 23 676 442 427 283 50 114 
5 9 654 23 676 443 427 283 50 114 
5 9 654 23 676 444 426 283 50 114 
5 9 654 23 676 445 426 283 50 114 
5 9 654 23 676 446 426 283 50 111 
5 9 654 23 676 447 424 283 50 111 
5 9 654 23 676 448 424 281 50 114 
5 9 654 23 676 449 424 281 50 114 
5 9 654 23 676 450 424 281 50 114 
5 9 654 23 676 451 422 281 50 112 
5 9 654 23 676 452 422 281 50 112 
5 9 654 23 676 453 422 281 50 112 
5 9 654 23 676 454 420 281 50 112 
5 9 654 23 676 455 420 281 50 112 
5 9 654 23 676 456 420 278 50 115 
5 9 654 23 676 457 420 279 50 112 
5 9 654 23 676 458 420 279 48 112 
5 9 654 23 676 459 420 279 48 112 
5 9 654 23 676 460 420 279 48 112 
5 9 654 23 676 461 417 279 50 112 
5 9 654 23 676 462 417 279 50 109 
5 9 654 23 676 463 417 277 50 112 
5 9 654 23 676 464 417 277 50 112 
5 9 654 23 676 465 415 277 50 112 
5 9 654 23 676 466 415 277 50 112 
5 9 654 23 676 467 415 277 50 112 
5 9 654 23 676 468 413 277 50 109 
5 9 654 23 676 469 413 277 50 109 
5 9 654 23 676 470 413 277 50 109 
5 9 654 23 676 471 413 276 50 111 
5 9 654 23 676 472 411 276 50 111 
5 9 654 23 676 473 411 276 50 109 
5 9 654 23 676 474 411 276 50 109 
5 9 654 23 676 475 410 276 50 109 
5 9 654 23 676 476 410 276 50 109 
5 9 654 23 676 477 410 276 50 109 
5 9 654 23 676 478 410 277 50 106 
5 9 654 23 676 479 408 274 50 109 
5 9 654 23 676 480 408 274 50 109 
5 9 654 23 676 481 408 274 50 109 
5 9 654 23 676 482 406 274 50 109 
5 9 654 23 676 483 406 274 50 109 
5 9 654 23 676 484 406 275 50 106 
5 9 654 23 676 485 406 275 50 106 
5 9 654 23 676 486 404 275 50 106 
5 9 654 23 676 487 404 272 50 109 
5 9 654 23 676 488 404 272 50 109 
5 9 654 23 676 489 404 273 48 106 
5 9 654 23 676 490 404 273 48 106 
5 9 654 23 676 491 404 273 48 106 
5 9 654 23 676 492 404 273 48 106 
5 9 654 23 676 493 401 273 50 106 
5 9 654 23 676 494 401 273 50 103 
5 9 654 23 676 495 401 271 50 106 
5 9 654 23 676 496 399 271 50 106 
5 9 654 23 676 497 399 271 50 106 
5 9 654 23 676 498 399 271 50 106 
5 9 654 23 676 499 399 271 50 106 
5 9 654 23 676 500 397 271 50 105 
5 9 654 23 676 501 397 271 50 105 
5 9 654 23 676 502 397 271 50 105 
5 9 654 23 676 503 395 270 50 106 
5 9 654 23 676 504 395 270 50 106 
5 9 654 23 676 505 395 270 50 103 
5 9 654 23 676 506 395 270 50 103 
5 9 654 23 676 507 394 270 50 103 
5 9 654 23 676 508 394 270 50 103 
5 9 654 23 676 509 394 270 50 103 
5 9 654 23 676 510 394 270 50 103 
5 9 654 23 676 511 392 268 50 103 
5 9 654 23 676 512 392 268 50 103 
5 9 654 23 676 513 392 268 50 103 
5 9 654 23 676 514 392 268 50 103 
5 9 654 23 676 515 392 268 50 103 
5 9 654 23 676 516 392 268 50 103 
5 9 654 23 676 517 390 268 50 103 
5 9 654 23 676 518 390 269 50 100 
5 9 654 23 676 519 390 269 50 100 
5 9 654 23 676 520 390 269 50 100 
5 9 654 23 676 521 390 269 50 100 
5 9 654 23 676 522 390 269 50 100 
5 9 654 23 676 523 391 266 46 103 
5 9 654 23 676 524 388 266 50 103 
5 9 654 23 676 525 388 266 50 103 
5 9 654 23 676 526 388 267 50 102 
5 9 654 23 676 527 388 267 50 102 
5 9 654 23 676 528 388 267 50 102 
5 9 654 23 676 529 388 267 50 102 
5 9 654 23 676 530 389 267 46 102 
5 9 654 23 676 531 388 267 48 102 
5 9 654 23 676 532 388 267 48 102 
5 9 654 23 676 533 388 267 48 99 
5 9 654 23 676 534 388 267 48 99 
5 9 654 23 676 535 388 267 48 99 
5 9 654 23 676 536 388 265 46 102 
5 9 654 23 676 537 388 265 46 102 
5 9 654 23 676 538 385 265 50 102 
5 9 654 23 676 539 385 265 50 102 
5 9 654 23 676 540 385 265 50 102 
5 9 654 23 676 541 385 265 50 99 
5 9 654 23 676 542 385 265 50 99 
5 9 654 23 676 543 386 265 46 99 
5 9 654 23 676 544 386 265 46 99 
5 9 654 23 676 545 383 265 50 99 
5 9 654 23 676 546 383 265 50 99 
5 9 654 23 676 547 383 265 50 99 
5 9 654 23 676 548 383 266 50 96 
5 9 654 23 676 549 384 263 46 99 
5 9 654 23 676 550 384 263 46 99 
5 9 654 23 676 551 384 263 46 99 
5 9 654 23 676 552 381 263 50 99 
5 9 654 23 676 553 381 263 50 99 
5 9 654 23 676 554 381 263 50 99 
5 9 654 23 676 555 381 263 50 99 
5 9 654 23 676 556 382 264 46 96 
5 9 654 23 676 557 382 264 46 96 
5 9 654 23 676 558 382 264 46 96 
5 9 654 23 676 559 379 264 50 96 
5 9 654 23 676 560 379 264 50 96 
5 9 654 23 676 561 379 264 50 96 
5 9 654 23 676 562 380 262 48 97 
5 9 654 23 676 563 380 263 48 96 
5 9 654 23 676 564 380 263 48 96 
5 9 654 23 676 565 380 263 48 96 
5 9 654 23 676 566 378 263 50 96 
5 9 654 23 676 567 378 263 50 96 
5 9 654 23 676 568 379 263 46 96 
5 9 654 23 676 569 379 263 46 96 
5 9 654 23 676 570 379 263 46 96 
5 9 654 23 676 571 379 263 46 93 
5 9 654 23 676 572 379 263 46 93 
5 9 654 23 676 573 376 263 50 93 
5 9 654 23 676 574 376 263 50 93 
5 9 654 23 676 575 377 261 46 96 
5 9 654 23 676 576 377 261 46 96 
5 9 654 23 676 577 377 261 46 96 
5 9 654 23 676 578 377 261 46 93 
5 9 654 23 676 579 377 261 46 93 
5 9 654 23 676 580 374 261 50 93 
5 9 654 23 676 581 375 261 46 93 
5 9 654 23 676 582 375 261 46 93 
5 9 654 23 676 583 375 261 46 93 
5 9 654 23 676 584 375 261 46 93 
5 9 654 23 676 585 375 261 46 93 
5 9 654 23 676 586 375 262 46 90 
5 9 654 23 676 587 372 262 50 90 
5 9 654 23 676 588 373 259 46 93 
5 9 654 23 676 589 373 259 46 93 
5 9 654 23 676 590 373 259 46 93 
5 9 654 23 676 591 373 259 46 93 
5 9 654 23 676 592 373 259 46 93 
5 9 654 23 676 593 373 259 46 91 
5 9 654 23 676 594 372 259 46 91 
5 9 654 23 676 595 372 259 46 91 
5 9 654 23 676 596 372 259 46 91 
5 9 654 23 676 597 372 259 46 91 
5 9 654 23 676 598 372 259 46 91 
5 9 654 23 676 599 372 259 46 91 
5 9 654 23 676 600 372 259 46 91 
5 9 654 23 676 601 356 256 80 102 
5 9 654 23 676 602 355 255 78 100 
5 9 654 23 676 603 355 255 78 100 
5 9 654 23 676 604 355 255 78 100 
5 9 654 23 676 605 355 255 78 100 
5 9 654 23 676 606 355 255 78 100 
5 9 654 23 676 607 355 255 78 100 
5 9 654 23 676 608 355 255 78 100 
5 9 654 23 676 609 356 255 74 100 
5 9 654 23 676 610 356 255 74 100 
5 9 654 23 676 611 356 255 74 100 
5 9 654 23 676 612 356 255 74 97 
5 9 654 23 676 613 356 255 74 97 
5 9 654 23 676 614 356 253 74 100 
5 9 654 23 676 615 356 253 74 100 
5 9 654 23 676 616 356 253 74 100 
5 9 654 23 676 617 354 253 74 100 
5 9 654 23 676 618 354 253 74 100 
5 9 654 23 676 619 354 253 74 100 
5 9 654 23 676 620 354 253 74 100 
5 9 654 23 676 621 354 253 74 100 
5 9 654 23 676 622 354 253 74 100 
5 9 654 23 676 623 354 253 74 99 
5 9 654 23 676 624 355 253 70 99 
5 9 654 23 676 625 355 253 70 99 
5 9 654 23 676 626 355 253 70 99 
5 9 654 23 676 627 355 251 70 102 
5 9 654 23 676 628 355 251 70 102 
5 9 654 23 676 629 355 251 70 102 
5 9 654 23 676 630 355 251 70 102 
5 9 654 23 676 631 355 251 70 102 
5 9 654 23 676 632 353 251 72 102 
5 9 654 23 676 633 353 251 72 102 
5 9 654 23 676 634 353 251 72 99 
5 9 654 23 676 635 353 251 72 99 
5 9 654 23 676 636 353 251 72 99 
5 9 654 23 676 637 353 251 72 99 
5 9 654 23 676 638 353 251 72 99 
5 9 654 23 676 639 354 249 68 102 
5 9 654 23 676 640 354 249 68 102 
5 9 654 23 676 641 354 249 68 102 
5 9 654 23 676 642 354 249 68 102 
5 9 654 23 676 643 354 249 68 102 
5 9 654 23 676 644 354 249 68 99 
5 9 654 23 676 645 354 249 68 99 
5 9 654 23 676 646 354 249 68 99 
5 9 654 23 676 647 352 249 68 99 
5 9 654 23 676 648 352 249 68 99 
5 9 654 23 676 649 352 249 68 99 
5 9 654 23 676 650 352 249 68 99 
5 9 654 23 676 651 352 249 68 99 
5 9 654 23 676 652 352 247 68 102 
5 9 654 23 676 653 352 247 68 102 
5 9 654 23 676 654 353 247 64 102 
5 9 654 23 676 655 353 247 64 99 
5 9 654 23 676 656 353 247 64 99 
5 9 654 23 676 657 353 247 64 99 
5 9 654 23 676 658 353 247 64 99 
5 9 654 23 676 659 353 247 64 99 
5 9 654 23 676 660 353 247 64 99 
5 9 654 23 676 661 353 247 64 99 
5 9 654 23 676 662 352 247 64 99 
5 9 654 23 676 663 352 247 64 99 
5 9 654 23 676 664 352 246 64 100 
5 9 654 23 676 665 352 246 64 100 
5 9 654 23 676 666 352 246 64 97 
5 9 654 23 676 667 352 246 64 97 
5 9 654 23 676 668 352 246 64 97 
5 9 654 23 676 669 353 246 60 97 
5 9 654 23 676 670 353 246 60 97 
5 9 654 23 676 671 353 246 60 97 
5 9 654 23 676 672 353 246 60 97 
5 9 654 23 676 673 353 246 60 97 
5 9 654 23 676 674 353 246 60 97 
5 9 654 23 676 675 353 246 60 97 
5 9 654 23 676 676 353 246 60 97 
