0 12 55 271 325 271 244 221 82 61 
0 12 55 271 325 272 244 221 82 61 
0 12 55 271 325 273 244 221 82 61 
0 12 55 271 325 274 244 221 82 61 
0 12 55 271 325 275 244 221 82 61 
0 12 55 271 325 276 244 221 82 61 
0 12 55 271 325 277 244 221 82 61 
0 12 55 271 325 278 244 221 82 61 
0 12 55 271 325 279 244 221 82 61 
0 12 55 271 325 280 244 221 82 61 
0 12 55 271 325 281 244 221 82 61 
0 12 55 271 325 282 244 221 82 61 
0 12 55 271 325 283 244 221 82 61 
0 12 55 271 325 284 244 221 82 61 
0 12 55 271 325 285 244 221 82 61 
0 12 55 271 325 286 244 221 82 61 
0 12 55 271 325 287 244 221 82 61 
0 12 55 271 325 288 244 221 82 61 
0 12 55 271 325 289 244 221 82 61 
0 12 55 271 325 290 244 221 82 61 
0 12 55 271 325 291 244 221 82 61 
0 12 55 271 325 292 244 221 82 61 
0 12 55 271 325 293 244 221 82 61 
0 12 55 271 325 294 244 221 82 61 
0 12 55 271 325 295 244 221 82 61 
0 12 55 271 325 296 244 221 82 61 
0 12 55 271 325 297 244 221 82 61 
0 12 55 271 325 298 244 221 82 61 
0 12 55 271 325 299 244 221 82 61 
0 12 55 271 325 300 244 221 82 61 
0 12 55 271 325 301 244 221 82 61 
0 12 55 271 325 302 244 221 82 61 
0 12 55 271 325 303 244 221 82 61 
0 12 55 271 325 304 244 221 82 61 
0 12 55 271 325 305 244 221 82 61 
0 12 55 271 325 306 244 221 82 61 
0 12 55 271 325 307 244 221 82 61 
0 12 55 271 325 308 244 221 82 61 
0 12 55 271 325 309 244 221 82 61 
0 12 55 271 325 310 244 221 82 61 
0 12 55 271 325 311 244 221 82 61 
0 12 55 271 325 312 244 221 82 61 
0 12 55 271 325 313 244 221 82 61 
0 12 55 271 325 314 244 221 82 61 
0 12 55 271 325 315 244 221 82 61 
0 12 55 271 325 316 244 221 82 61 
0 12 55 271 325 317 244 221 82 61 
0 12 55 271 325 318 244 221 82 61 
0 12 55 271 325 319 244 221 82 61 
0 12 55 271 325 320 244 221 82 61 
0 12 55 271 325 321 244 221 82 61 
0 12 55 271 325 322 244 221 82 61 
0 12 55 271 325 323 244 221 82 61 
0 12 55 271 325 324 244 221 82 61 
0 12 55 271 325 325 244 221 82 61 
1 9 129 300 428 300 179 220 42 67 
1 9 129 300 428 301 179 220 42 67 
1 9 129 300 428 302 179 220 42 67 
1 9 129 300 428 303 179 220 42 67 
1 9 129 300 428 304 179 220 42 67 
1 9 129 300 428 305 179 220 42 67 
1 9 129 300 428 306 179 220 42 67 
1 9 129 300 428 307 179 220 42 67 
1 9 129 300 428 308 179 220 42 67 
1 9 129 300 428 309 179 220 42 67 
1 9 129 300 428 310 179 220 42 67 
1 9 129 300 428 311 179 220 42 67 
1 9 129 300 428 312 179 220 42 67 
1 9 129 300 428 313 179 220 42 67 
1 9 129 300 428 314 179 220 42 67 
1 9 129 300 428 315 179 220 42 67 
1 9 129 300 428 316 179 220 42 67 
1 9 129 300 428 317 179 220 42 67 
1 9 129 300 428 318 179 220 42 67 
1 9 129 300 428 319 179 220 42 67 
1 9 129 300 428 320 179 220 42 67 
1 9 129 300 428 321 179 220 42 67 
1 9 129 300 428 322 179 220 42 67 
1 9 129 300 428 323 179 220 42 67 
1 9 129 300 428 324 179 220 42 67 
1 9 129 300 428 325 179 220 42 67 
1 9 129 300 428 326 179 220 42 67 
1 9 129 300 428 327 179 220 42 67 
1 9 129 300 428 328 179 220 42 67 
1 9 129 300 428 329 179 220 42 67 
1 9 129 300 428 330 179 220 42 67 
1 9 129 300 428 331 179 220 42 67 
1 9 129 300 428 332 179 220 42 67 
1 9 129 300 428 333 179 220 42 67 
1 9 129 300 428 334 179 220 42 67 
1 9 129 300 428 335 179 220 42 67 
1 9 129 300 428 336 179 220 42 67 
1 9 129 300 428 337 179 220 42 67 
1 9 129 300 428 338 179 220 42 67 
1 9 129 300 428 339 179 220 42 67 
1 9 129 300 428 340 179 220 42 67 
1 9 129 300 428 341 179 220 42 67 
1 9 129 300 428 342 179 220 42 67 
1 9 129 300 428 343 179 220 42 67 
1 9 129 300 428 344 179 220 42 67 
1 9 129 300 428 345 179 220 42 67 
1 9 129 300 428 346 179 220 42 67 
1 9 129 300 428 347 179 220 42 67 
1 9 129 300 428 348 179 220 42 67 
1 9 129 300 428 349 179 220 42 67 
1 9 129 300 428 350 179 220 42 67 
1 9 129 300 428 351 179 220 42 67 
1 9 129 300 428 352 179 220 42 67 
1 9 129 300 428 353 179 220 42 67 
1 9 129 300 428 354 179 220 42 67 
1 9 129 300 428 355 179 220 42 67 
1 9 129 300 428 356 179 220 42 67 
1 9 129 300 428 357 179 220 42 67 
1 9 129 300 428 358 179 220 42 67 
1 9 129 300 428 359 179 220 42 67 
1 9 129 300 428 360 179 220 42 67 
1 9 129 300 428 361 179 220 42 67 
1 9 129 300 428 362 179 220 42 67 
1 9 129 300 428 363 179 220 42 67 
1 9 129 300 428 364 179 220 42 67 
1 9 129 300 428 365 179 220 42 67 
1 9 129 300 428 366 179 220 42 67 
1 9 129 300 428 367 179 220 42 67 
1 9 129 300 428 368 179 220 42 67 
1 9 129 300 428 369 179 220 42 67 
1 9 129 300 428 370 179 220 42 67 
1 9 129 300 428 371 179 220 42 67 
1 9 129 300 428 372 179 220 42 67 
1 9 129 300 428 373 179 220 42 67 
1 9 129 300 428 374 179 220 42 67 
1 9 129 300 428 375 179 220 42 67 
1 9 129 300 428 376 179 220 42 67 
1 9 129 300 428 377 179 220 42 67 
1 9 129 300 428 378 179 220 42 67 
1 9 129 300 428 379 179 220 42 67 
1 9 129 300 428 380 179 220 42 67 
1 9 129 300 428 381 179 220 42 67 
1 9 129 300 428 382 179 220 42 67 
1 9 129 300 428 383 179 220 42 67 
1 9 129 300 428 384 179 220 42 67 
1 9 129 300 428 385 179 220 42 67 
1 9 129 300 428 386 179 220 42 67 
1 9 129 300 428 387 179 220 42 67 
1 9 129 300 428 388 179 220 42 67 
1 9 129 300 428 389 179 220 42 67 
1 9 129 300 428 390 179 220 42 67 
1 9 129 300 428 391 179 220 42 67 
1 9 129 300 428 392 179 220 42 67 
1 9 129 300 428 393 179 220 42 67 
1 9 129 300 428 394 179 220 42 67 
1 9 129 300 428 395 179 220 42 67 
1 9 129 300 428 396 179 220 42 67 
1 9 129 300 428 397 179 220 42 67 
1 9 129 300 428 398 179 220 42 67 
1 9 129 300 428 399 179 220 42 67 
1 9 129 300 428 400 179 220 42 67 
1 9 129 300 428 401 179 220 42 67 
1 9 129 300 428 402 179 220 42 67 
1 9 129 300 428 403 179 220 42 67 
1 9 129 300 428 404 179 220 42 67 
1 9 129 300 428 405 179 220 42 67 
1 9 129 300 428 406 179 220 42 67 
1 9 129 300 428 407 179 220 42 67 
1 9 129 300 428 408 179 220 42 67 
1 9 129 300 428 409 179 220 42 67 
1 9 129 300 428 410 179 220 42 67 
1 9 129 300 428 411 179 220 42 67 
1 9 129 300 428 412 179 220 42 67 
1 9 129 300 428 413 179 220 42 67 
1 9 129 300 428 414 179 220 42 67 
1 9 129 300 428 415 179 220 42 67 
1 9 129 300 428 416 179 220 42 67 
1 9 129 300 428 417 179 220 42 67 
1 9 129 300 428 418 179 220 42 67 
1 9 129 300 428 419 179 220 42 67 
1 9 129 300 428 420 179 220 42 67 
1 9 129 300 428 421 179 220 42 67 
1 9 129 300 428 422 179 220 42 67 
1 9 129 300 428 423 179 220 42 67 
1 9 129 300 428 424 179 220 42 67 
1 9 129 300 428 425 179 220 42 67 
1 9 129 300 428 426 179 220 42 67 
1 9 129 300 428 427 179 220 42 67 
1 9 129 300 428 428 179 220 42 67 
2 9 322 0 321 0 196 227 38 51 
2 9 322 0 321 1 194 225 40 51 
2 9 322 0 321 2 194 225 40 51 
2 9 322 0 321 3 194 225 40 51 
2 9 322 0 321 4 194 225 40 51 
2 9 322 0 321 5 194 225 40 51 
2 9 322 0 321 6 194 225 40 51 
2 9 322 0 321 7 192 225 40 51 
2 9 322 0 321 8 192 225 40 51 
2 9 322 0 321 9 192 225 40 51 
2 9 322 0 321 10 192 225 40 51 
2 9 322 0 321 11 192 225 40 51 
2 9 322 0 321 12 192 225 40 51 
2 9 322 0 321 13 192 225 40 51 
2 9 322 0 321 14 190 225 40 51 
2 9 322 0 321 15 190 225 40 51 
2 9 322 0 321 16 190 225 40 51 
2 9 322 0 321 17 190 225 40 51 
2 9 322 0 321 18 190 225 40 51 
2 9 322 0 321 19 190 225 40 51 
2 9 322 0 321 20 190 225 40 51 
2 9 322 0 321 21 189 223 38 51 
2 9 322 0 321 22 189 223 38 51 
2 9 322 0 321 23 189 223 38 51 
2 9 322 0 321 24 189 223 38 51 
2 9 322 0 321 25 189 223 38 51 
2 9 322 0 321 26 189 223 38 51 
2 9 322 0 321 27 187 223 38 51 
2 9 322 0 321 28 187 223 38 51 
2 9 322 0 321 29 187 223 38 51 
2 9 322 0 321 30 187 223 38 51 
2 9 322 0 321 31 187 223 38 51 
2 9 322 0 321 32 187 223 38 51 
2 9 322 0 321 33 185 223 40 51 
2 9 322 0 321 34 185 223 40 51 
2 9 322 0 321 35 185 223 40 51 
2 9 322 0 321 36 185 223 40 51 
2 9 322 0 321 37 185 223 40 51 
2 9 322 0 321 38 185 223 40 51 
2 9 322 0 321 39 183 223 40 51 
2 9 322 0 321 40 183 223 40 51 
2 9 322 0 321 41 183 223 40 51 
2 9 322 0 321 42 183 223 40 51 
2 9 322 0 321 43 183 223 40 51 
2 9 322 0 321 44 183 223 40 51 
2 9 322 0 321 45 183 223 40 51 
2 9 322 0 321 46 182 223 38 51 
2 9 322 0 321 47 182 223 38 51 
2 9 322 0 321 48 182 223 38 51 
2 9 322 0 321 49 182 223 38 51 
2 9 322 0 321 50 182 223 38 51 
2 9 322 0 321 51 182 223 38 51 
2 9 322 0 321 52 180 223 38 51 
2 9 322 0 321 53 180 223 38 51 
2 9 322 0 321 54 180 223 38 51 
2 9 322 0 321 55 180 223 38 51 
2 9 322 0 321 56 180 223 38 51 
2 9 322 0 321 57 180 223 38 51 
2 9 322 0 321 58 178 223 40 51 
2 9 322 0 321 59 178 223 40 51 
2 9 322 0 321 60 178 223 40 51 
2 9 322 0 321 61 178 223 40 51 
2 9 322 0 321 62 178 223 40 51 
2 9 322 0 321 63 178 223 40 51 
2 9 322 0 321 64 176 223 40 51 
2 9 322 0 321 65 176 223 40 51 
2 9 322 0 321 66 176 223 40 51 
2 9 322 0 321 67 176 223 40 51 
2 9 322 0 321 68 176 223 40 51 
2 9 322 0 321 69 176 223 40 51 
2 9 322 0 321 70 176 223 40 51 
2 9 322 0 321 71 174 224 40 48 
2 9 322 0 321 72 174 224 40 48 
2 9 322 0 321 73 174 224 40 48 
2 9 322 0 321 74 174 224 40 48 
2 9 322 0 321 75 174 224 40 48 
2 9 322 0 321 76 174 224 40 48 
2 9 322 0 321 77 174 224 40 48 
2 9 322 0 321 78 174 224 40 48 
2 9 322 0 321 79 174 224 40 48 
2 9 322 0 321 80 174 224 40 48 
2 9 322 0 321 81 174 224 40 48 
2 9 322 0 321 82 174 224 40 48 
2 9 322 0 321 83 174 224 40 48 
2 9 322 0 321 84 174 224 40 48 
2 9 322 0 321 85 174 224 40 48 
2 9 322 0 321 86 174 224 40 48 
2 9 322 0 321 87 174 224 40 48 
2 9 322 0 321 88 173 224 38 48 
2 9 322 0 321 89 173 224 38 48 
2 9 322 0 321 90 173 224 38 48 
2 9 322 0 321 91 173 224 38 48 
2 9 322 0 321 92 173 224 38 48 
2 9 322 0 321 93 173 224 38 48 
2 9 322 0 321 94 173 224 38 48 
2 9 322 0 321 95 173 224 38 48 
2 9 322 0 321 96 173 224 38 48 
2 9 322 0 321 97 173 224 38 48 
2 9 322 0 321 98 173 224 38 48 
2 9 322 0 321 99 173 224 38 48 
2 9 322 0 321 100 173 224 38 48 
2 9 322 0 321 101 173 224 38 48 
2 9 322 0 321 102 173 224 38 48 
2 9 322 0 321 103 173 224 38 48 
2 9 322 0 321 104 173 224 38 48 
2 9 322 0 321 105 173 224 38 48 
2 9 322 0 321 106 171 224 38 46 
2 9 322 0 321 107 171 224 38 46 
2 9 322 0 321 108 171 224 38 46 
2 9 322 0 321 109 171 224 38 46 
2 9 322 0 321 110 171 224 38 46 
2 9 322 0 321 111 171 224 38 46 
2 9 322 0 321 112 171 224 38 46 
2 9 322 0 321 113 171 224 38 46 
2 9 322 0 321 114 171 224 38 46 
2 9 322 0 321 115 171 224 38 46 
2 9 322 0 321 116 171 224 38 46 
2 9 322 0 321 117 171 224 38 46 
2 9 322 0 321 118 171 224 38 46 
2 9 322 0 321 119 171 224 38 46 
2 9 322 0 321 120 171 224 38 46 
2 9 322 0 321 121 171 224 38 46 
2 9 322 0 321 122 171 224 38 46 
2 9 322 0 321 123 169 224 40 46 
2 9 322 0 321 124 169 224 40 46 
2 9 322 0 321 125 169 224 40 46 
2 9 322 0 321 126 169 224 40 46 
2 9 322 0 321 127 169 224 40 46 
2 9 322 0 321 128 169 224 40 46 
2 9 322 0 321 129 169 224 40 46 
2 9 322 0 321 130 169 224 40 46 
2 9 322 0 321 131 169 224 40 46 
2 9 322 0 321 132 169 224 40 46 
2 9 322 0 321 133 169 224 40 46 
2 9 322 0 321 134 169 224 40 46 
2 9 322 0 321 135 169 224 40 46 
2 9 322 0 321 136 169 224 40 46 
2 9 322 0 321 137 169 224 40 46 
2 9 322 0 321 138 169 224 40 46 
2 9 322 0 321 139 169 224 40 46 
2 9 322 0 321 140 169 224 40 46 
2 9 322 0 321 141 169 224 40 46 
2 9 322 0 321 142 169 224 40 46 
2 9 322 0 321 143 169 224 40 46 
2 9 322 0 321 144 169 224 40 46 
2 9 322 0 321 145 169 224 40 46 
2 9 322 0 321 146 169 224 40 46 
2 9 322 0 321 147 169 224 40 46 
2 9 322 0 321 148 169 224 40 46 
2 9 322 0 321 149 169 224 40 46 
2 9 322 0 321 150 169 224 40 46 
2 9 322 0 321 151 169 224 40 46 
2 9 322 0 321 152 169 224 40 46 
2 9 322 0 321 153 169 224 40 46 
2 9 322 0 321 154 169 224 40 46 
2 9 322 0 321 155 169 224 40 46 
2 9 322 0 321 156 169 224 40 46 
2 9 322 0 321 157 169 224 40 46 
2 9 322 0 321 158 169 224 40 46 
2 9 322 0 321 159 169 224 40 46 
2 9 322 0 321 160 169 224 40 46 
2 9 322 0 321 161 169 224 40 46 
2 9 322 0 321 162 169 224 40 46 
2 9 322 0 321 163 169 224 40 46 
2 9 322 0 321 164 169 224 40 46 
2 9 322 0 321 165 169 224 40 46 
2 9 322 0 321 166 169 224 40 46 
2 9 322 0 321 167 169 224 40 46 
2 9 322 0 321 168 169 224 40 46 
2 9 322 0 321 169 169 224 40 46 
2 9 322 0 321 170 169 224 40 46 
2 9 322 0 321 171 169 224 40 46 
2 9 322 0 321 172 171 224 38 46 
2 9 322 0 321 173 171 224 38 46 
2 9 322 0 321 174 171 224 38 46 
2 9 322 0 321 175 171 224 38 46 
2 9 322 0 321 176 171 224 38 46 
2 9 322 0 321 177 171 224 38 46 
2 9 322 0 321 178 171 224 38 46 
2 9 322 0 321 179 171 224 38 46 
2 9 322 0 321 180 171 224 38 46 
2 9 322 0 321 181 171 224 38 46 
2 9 322 0 321 182 171 224 38 46 
2 9 322 0 321 183 171 224 38 46 
2 9 322 0 321 184 171 224 38 46 
2 9 322 0 321 185 171 224 38 46 
2 9 322 0 321 186 171 224 38 46 
2 9 322 0 321 187 171 224 38 46 
2 9 322 0 321 188 171 224 38 46 
2 9 322 0 321 189 171 224 38 46 
2 9 322 0 321 190 171 224 38 46 
2 9 322 0 321 191 171 224 38 46 
2 9 322 0 321 192 171 224 38 46 
2 9 322 0 321 193 171 224 38 46 
2 9 322 0 321 194 171 224 38 46 
2 9 322 0 321 195 171 224 38 46 
2 9 322 0 321 196 171 224 38 46 
2 9 322 0 321 197 171 224 38 46 
2 9 322 0 321 198 171 224 38 46 
2 9 322 0 321 199 171 224 38 46 
2 9 322 0 321 200 171 224 38 46 
2 9 322 0 321 201 171 224 38 46 
2 9 322 0 321 202 171 224 38 46 
2 9 322 0 321 203 171 224 38 46 
2 9 322 0 321 204 173 224 38 46 
2 9 322 0 321 205 173 224 38 46 
2 9 322 0 321 206 173 224 38 46 
2 9 322 0 321 207 173 224 38 46 
2 9 322 0 321 208 173 224 38 46 
2 9 322 0 321 209 173 224 38 46 
2 9 322 0 321 210 173 224 38 46 
2 9 322 0 321 211 173 224 38 46 
2 9 322 0 321 212 173 224 38 46 
2 9 322 0 321 213 173 224 38 46 
2 9 322 0 321 214 173 224 38 46 
2 9 322 0 321 215 173 224 38 46 
2 9 322 0 321 216 173 224 38 46 
2 9 322 0 321 217 173 224 38 46 
2 9 322 0 321 218 173 224 38 46 
2 9 322 0 321 219 173 224 38 46 
2 9 322 0 321 220 173 224 38 46 
2 9 322 0 321 221 173 224 38 46 
2 9 322 0 321 222 173 224 38 46 
2 9 322 0 321 223 173 224 38 46 
2 9 322 0 321 224 173 224 38 46 
2 9 322 0 321 225 173 224 38 46 
2 9 322 0 321 226 173 224 38 46 
2 9 322 0 321 227 173 224 38 46 
2 9 322 0 321 228 173 224 38 46 
2 9 322 0 321 229 173 224 38 46 
2 9 322 0 321 230 173 224 38 46 
2 9 322 0 321 231 173 224 38 46 
2 9 322 0 321 232 173 224 38 46 
2 9 322 0 321 233 173 224 38 46 
2 9 322 0 321 234 173 224 38 46 
2 9 322 0 321 235 173 224 38 46 
2 9 322 0 321 236 174 224 40 46 
2 9 322 0 321 237 174 224 40 46 
2 9 322 0 321 238 174 224 40 46 
2 9 322 0 321 239 174 224 40 46 
2 9 322 0 321 240 174 224 40 46 
2 9 322 0 321 241 174 224 40 46 
2 9 322 0 321 242 174 224 40 46 
2 9 322 0 321 243 174 224 40 46 
2 9 322 0 321 244 174 224 40 46 
2 9 322 0 321 245 174 224 40 46 
2 9 322 0 321 246 174 224 40 46 
2 9 322 0 321 247 174 224 40 46 
2 9 322 0 321 248 174 224 40 46 
2 9 322 0 321 249 174 224 40 46 
2 9 322 0 321 250 174 224 40 46 
2 9 322 0 321 251 174 224 40 46 
2 9 322 0 321 252 174 224 40 46 
2 9 322 0 321 253 174 224 40 46 
2 9 322 0 321 254 174 224 40 46 
2 9 322 0 321 255 174 224 40 46 
2 9 322 0 321 256 174 224 40 46 
2 9 322 0 321 257 174 224 40 46 
2 9 322 0 321 258 174 224 40 46 
2 9 322 0 321 259 174 224 40 46 
2 9 322 0 321 260 174 224 40 46 
2 9 322 0 321 261 174 224 40 46 
2 9 322 0 321 262 174 224 40 46 
2 9 322 0 321 263 174 224 40 46 
2 9 322 0 321 264 174 224 40 46 
2 9 322 0 321 265 174 224 40 46 
2 9 322 0 321 266 174 224 40 46 
2 9 322 0 321 267 174 224 40 46 
2 9 322 0 321 268 176 224 40 46 
2 9 322 0 321 269 176 224 40 46 
2 9 322 0 321 270 176 224 40 46 
2 9 322 0 321 271 176 224 40 46 
2 9 322 0 321 272 176 224 40 46 
2 9 322 0 321 273 176 224 40 46 
2 9 322 0 321 274 176 224 40 46 
2 9 322 0 321 275 176 224 40 46 
2 9 322 0 321 276 176 224 40 46 
2 9 322 0 321 277 176 224 40 46 
2 9 322 0 321 278 176 224 40 46 
2 9 322 0 321 279 176 224 40 46 
2 9 322 0 321 280 176 224 40 46 
2 9 322 0 321 281 176 224 40 46 
2 9 322 0 321 282 176 224 40 46 
2 9 322 0 321 283 176 224 40 46 
2 9 322 0 321 284 176 224 40 46 
2 9 322 0 321 285 176 224 40 46 
2 9 322 0 321 286 176 224 40 46 
2 9 322 0 321 287 176 224 40 46 
2 9 322 0 321 288 176 224 40 46 
2 9 322 0 321 289 176 224 40 46 
2 9 322 0 321 290 176 224 40 46 
2 9 322 0 321 291 176 224 40 46 
2 9 322 0 321 292 176 224 40 46 
2 9 322 0 321 293 176 224 40 46 
2 9 322 0 321 294 176 224 40 46 
2 9 322 0 321 295 176 224 40 46 
2 9 322 0 321 296 176 224 40 46 
2 9 322 0 321 297 176 224 40 46 
2 9 322 0 321 298 176 224 40 46 
2 9 322 0 321 299 176 224 40 46 
2 9 322 0 321 300 178 224 40 46 
2 9 322 0 321 301 176 224 40 46 
2 9 322 0 321 302 176 224 40 46 
2 9 322 0 321 303 176 224 40 46 
2 9 322 0 321 304 176 224 40 46 
2 9 322 0 321 305 176 224 40 46 
2 9 322 0 321 306 176 224 40 46 
2 9 322 0 321 307 176 224 40 46 
2 9 322 0 321 308 176 224 40 46 
2 9 322 0 321 309 176 224 40 46 
2 9 322 0 321 310 176 224 40 46 
2 9 322 0 321 311 176 224 40 48 
2 9 322 0 321 312 176 224 40 48 
2 9 322 0 321 313 176 224 40 48 
2 9 322 0 321 314 176 224 40 48 
2 9 322 0 321 315 176 224 40 48 
2 9 322 0 321 316 176 224 40 48 
2 9 322 0 321 317 176 224 40 48 
2 9 322 0 321 318 176 224 40 48 
2 9 322 0 321 319 176 224 40 48 
2 9 322 0 321 320 176 224 40 48 
2 9 322 0 321 321 176 223 40 51 
