8 9 332 1200 1531 1200 314 233 50 72 
8 9 332 1200 1531 1201 314 233 50 72 
8 9 332 1200 1531 1202 314 233 50 72 
8 9 332 1200 1531 1203 314 233 50 72 
8 9 332 1200 1531 1204 314 233 50 72 
8 9 332 1200 1531 1205 315 233 50 72 
8 9 332 1200 1531 1206 315 233 50 72 
8 9 332 1200 1531 1207 315 232 50 75 
8 9 332 1200 1531 1208 315 232 50 75 
8 9 332 1200 1531 1209 317 235 50 72 
8 9 332 1200 1531 1210 317 235 50 72 
8 9 332 1200 1531 1211 317 235 50 72 
8 9 332 1200 1531 1212 317 235 50 72 
8 9 332 1200 1531 1213 319 235 50 72 
8 9 332 1200 1531 1214 319 234 50 73 
8 9 332 1200 1531 1215 319 234 50 73 
8 9 332 1200 1531 1216 319 234 50 73 
8 9 332 1200 1531 1217 321 236 50 72 
8 9 332 1200 1531 1218 321 236 50 72 
8 9 332 1200 1531 1219 321 236 50 72 
8 9 332 1200 1531 1220 321 236 50 72 
8 9 332 1200 1531 1221 324 235 48 75 
8 9 332 1200 1531 1222 324 235 48 75 
8 9 332 1200 1531 1223 324 235 48 75 
8 9 332 1200 1531 1224 324 235 48 75 
8 9 332 1200 1531 1225 324 238 50 72 
8 9 332 1200 1531 1226 324 238 50 72 
8 9 332 1200 1531 1227 324 238 50 72 
8 9 332 1200 1531 1228 324 237 50 75 
8 9 332 1200 1531 1229 326 237 50 75 
8 9 332 1200 1531 1230 326 237 50 75 
8 9 332 1200 1531 1231 326 237 50 75 
8 9 332 1200 1531 1232 326 237 50 75 
8 9 332 1200 1531 1233 328 240 50 72 
8 9 332 1200 1531 1234 328 240 50 72 
8 9 332 1200 1531 1235 328 239 50 75 
8 9 332 1200 1531 1236 328 239 50 75 
8 9 332 1200 1531 1237 330 239 50 75 
8 9 332 1200 1531 1238 330 239 50 75 
8 9 332 1200 1531 1239 330 239 50 75 
8 9 332 1200 1531 1240 330 239 50 75 
8 9 332 1200 1531 1241 331 242 50 72 
8 9 332 1200 1531 1242 331 241 50 75 
8 9 332 1200 1531 1243 331 241 50 75 
8 9 332 1200 1531 1244 331 241 50 75 
8 9 332 1200 1531 1245 333 241 50 75 
8 9 332 1200 1531 1246 333 241 50 75 
8 9 332 1200 1531 1247 333 241 50 75 
8 9 332 1200 1531 1248 333 241 50 75 
8 9 332 1200 1531 1249 335 243 50 73 
8 9 332 1200 1531 1250 335 241 50 76 
8 9 332 1200 1531 1251 335 241 50 76 
8 9 332 1200 1531 1252 335 241 50 76 
8 9 332 1200 1531 1253 334 240 54 79 
8 9 332 1200 1531 1254 334 240 54 79 
8 9 332 1200 1531 1255 337 240 50 79 
8 9 332 1200 1531 1256 337 240 50 79 
8 9 332 1200 1531 1257 337 240 52 82 
8 9 332 1200 1531 1258 337 240 52 82 
8 9 332 1200 1531 1259 337 240 52 82 
8 9 332 1200 1531 1260 339 240 52 82 
8 9 332 1200 1531 1261 339 239 52 85 
8 9 332 1200 1531 1262 339 239 52 85 
8 9 332 1200 1531 1263 339 239 52 85 
8 9 332 1200 1531 1264 338 239 56 85 
8 9 332 1200 1531 1265 339 239 54 87 
8 9 332 1200 1531 1266 339 239 54 87 
8 9 332 1200 1531 1267 338 239 58 87 
8 9 332 1200 1531 1268 338 239 58 87 
8 9 332 1200 1531 1269 338 239 58 90 
8 9 332 1200 1531 1270 341 239 54 90 
8 9 332 1200 1531 1271 340 239 58 90 
8 9 332 1200 1531 1272 340 239 58 90 
8 9 332 1200 1531 1273 340 238 58 93 
8 9 332 1200 1531 1274 340 238 58 93 
8 9 332 1200 1531 1275 343 238 56 93 
8 9 332 1200 1531 1276 343 238 56 93 
8 9 332 1200 1531 1277 343 238 56 96 
8 9 332 1200 1531 1278 342 238 60 96 
8 9 332 1200 1531 1279 342 238 60 96 
8 9 332 1200 1531 1280 345 238 56 96 
8 9 332 1200 1531 1281 345 237 56 99 
8 9 332 1200 1531 1282 344 237 60 99 
8 9 332 1200 1531 1283 344 237 60 99 
8 9 332 1200 1531 1284 344 237 60 99 
8 9 332 1200 1531 1285 344 237 62 100 
8 9 332 1200 1531 1286 344 237 62 100 
8 9 332 1200 1531 1287 347 237 60 100 
8 9 332 1200 1531 1288 347 237 60 100 
8 9 332 1200 1531 1289 349 236 60 103 
8 9 332 1200 1531 1290 351 236 60 103 
8 9 332 1200 1531 1291 351 236 60 103 
8 9 332 1200 1531 1292 353 238 60 103 
8 9 332 1200 1531 1293 352 238 64 103 
8 9 332 1200 1531 1294 353 238 62 103 
8 9 332 1200 1531 1295 356 238 60 103 
8 9 332 1200 1531 1296 356 238 60 106 
8 9 332 1200 1531 1297 358 238 60 106 
8 9 332 1200 1531 1298 357 239 64 105 
8 9 332 1200 1531 1299 360 239 60 106 
8 9 332 1200 1531 1300 360 239 62 106 
8 9 332 1200 1531 1301 360 239 64 106 
8 9 332 1200 1531 1302 363 239 60 106 
8 9 332 1200 1531 1303 362 238 64 109 
8 9 332 1200 1531 1304 365 238 60 109 
8 9 332 1200 1531 1305 367 241 60 106 
8 9 332 1200 1531 1306 366 240 64 109 
8 9 332 1200 1531 1307 369 240 60 109 
8 9 332 1200 1531 1308 368 240 64 109 
8 9 332 1200 1531 1309 369 240 64 109 
8 9 332 1200 1531 1310 372 240 60 112 
8 9 332 1200 1531 1311 371 242 64 109 
8 9 332 1200 1531 1312 374 242 60 109 
8 9 332 1200 1531 1313 373 242 64 112 
8 9 332 1200 1531 1314 375 242 64 112 
8 9 332 1200 1531 1315 376 242 62 112 
8 9 332 1200 1531 1316 376 242 64 112 
8 9 332 1200 1531 1317 378 244 64 111 
8 9 332 1200 1531 1318 378 244 64 111 
8 9 332 1200 1531 1319 380 244 64 111 
8 9 332 1200 1531 1320 382 244 64 114 
8 9 332 1200 1531 1321 382 244 64 114 
8 9 332 1200 1531 1322 384 244 64 114 
8 9 332 1200 1531 1323 384 244 64 114 
8 9 332 1200 1531 1324 385 244 64 115 
8 9 332 1200 1531 1325 387 244 64 115 
8 9 332 1200 1531 1326 387 244 64 115 
8 9 332 1200 1531 1327 389 244 64 118 
8 9 332 1200 1531 1328 388 244 68 118 
8 9 332 1200 1531 1329 391 244 64 118 
8 9 332 1200 1531 1330 392 246 64 115 
8 9 332 1200 1531 1331 392 246 64 117 
8 9 332 1200 1531 1332 394 246 64 117 
8 9 332 1200 1531 1333 393 246 68 117 
8 9 332 1200 1531 1334 396 246 64 120 
8 9 332 1200 1531 1335 398 246 64 120 
8 9 332 1200 1531 1336 397 248 68 117 
8 9 332 1200 1531 1337 400 248 64 117 
8 9 332 1200 1531 1338 399 248 66 120 
8 9 332 1200 1531 1339 401 248 64 120 
8 9 332 1200 1531 1340 403 248 64 120 
8 9 332 1200 1531 1341 402 247 68 123 
8 9 332 1200 1531 1342 405 247 64 123 
8 9 332 1200 1531 1343 404 250 68 120 
8 9 332 1200 1531 1344 406 250 66 120 
8 9 332 1200 1531 1345 408 249 64 123 
8 9 332 1200 1531 1346 407 249 68 123 
8 9 332 1200 1531 1347 410 249 64 123 
8 9 332 1200 1531 1348 409 249 68 124 
8 9 332 1200 1531 1349 411 251 68 121 
8 9 332 1200 1531 1350 414 251 64 121 
8 9 332 1200 1531 1351 413 251 68 121 
8 9 332 1200 1531 1352 415 251 66 124 
8 9 332 1200 1531 1353 415 251 66 124 
8 9 332 1200 1531 1354 416 251 68 124 
8 9 332 1200 1531 1355 418 252 68 126 
8 9 332 1200 1531 1356 418 252 68 126 
8 9 332 1200 1531 1357 420 252 68 126 
8 9 332 1200 1531 1358 422 254 66 126 
8 9 332 1200 1531 1359 423 254 68 126 
8 9 332 1200 1531 1360 425 254 68 126 
8 9 332 1200 1531 1361 427 256 68 124 
8 9 332 1200 1531 1362 429 256 68 124 
8 9 332 1200 1531 1363 431 256 66 124 
8 9 332 1200 1531 1364 432 258 68 124 
8 9 332 1200 1531 1365 434 258 68 124 
8 9 332 1200 1531 1366 434 258 68 124 
8 9 332 1200 1531 1367 436 259 68 126 
8 9 332 1200 1531 1368 438 259 66 126 
8 9 332 1200 1531 1369 439 259 68 126 
8 9 332 1200 1531 1370 441 261 68 126 
8 9 332 1200 1531 1371 443 261 68 126 
8 9 332 1200 1531 1372 445 261 68 126 
8 9 332 1200 1531 1373 447 263 66 126 
8 9 332 1200 1531 1374 448 263 68 126 
8 9 332 1200 1531 1375 450 263 68 126 
8 9 332 1200 1531 1376 452 265 68 124 
8 9 332 1200 1531 1377 452 265 68 124 
8 9 332 1200 1531 1378 454 265 66 124 
8 9 332 1200 1531 1379 455 267 68 124 
8 9 332 1200 1531 1380 457 267 68 124 
8 9 332 1200 1531 1381 459 267 68 124 
8 9 332 1200 1531 1382 461 268 68 126 
8 9 332 1200 1531 1383 463 268 66 126 
8 9 332 1200 1531 1384 464 268 68 126 
8 9 332 1200 1531 1385 466 270 68 126 
8 9 332 1200 1531 1386 468 270 68 126 
8 9 332 1200 1531 1387 470 272 66 124 
8 9 332 1200 1531 1388 471 272 68 124 
8 9 332 1200 1531 1389 472 271 72 127 
8 9 332 1200 1531 1390 476 271 70 127 
8 9 332 1200 1531 1391 477 273 74 127 
8 9 332 1200 1531 1392 480 273 74 130 
8 9 332 1200 1531 1393 482 273 74 130 
8 9 332 1200 1531 1394 483 274 78 132 
8 9 332 1200 1531 1395 486 274 78 132 
8 9 332 1200 1531 1396 487 273 82 133 
8 9 332 1200 1531 1397 492 275 80 133 
8 9 332 1200 1531 1398 492 275 82 133 
8 9 332 1200 1531 1399 496 277 82 133 
8 9 332 1200 1531 1400 499 279 82 133 
8 9 332 1200 1531 1401 503 282 82 132 
8 9 332 1200 1531 1402 508 282 80 133 
8 9 332 1200 1531 1403 508 284 82 133 
8 9 332 1200 1531 1404 512 286 82 133 
8 9 332 1200 1531 1405 515 288 82 133 
8 9 332 1200 1531 1406 519 289 82 133 
8 9 332 1200 1531 1407 524 291 80 133 
8 9 332 1200 1531 1408 521 291 84 133 
8 9 332 1200 1531 1409 521 293 84 133 
8 9 332 1200 1531 1410 521 293 84 133 
8 9 332 1200 1531 1411 521 295 84 133 
8 9 332 1200 1531 1412 521 295 84 133 
8 9 332 1200 1531 1413 521 298 84 132 
8 9 332 1200 1531 1414 521 297 84 135 
8 9 332 1200 1531 1415 520 298 88 133 
8 9 332 1200 1531 1416 520 298 88 136 
8 9 332 1200 1531 1417 520 300 88 133 
8 9 332 1200 1531 1418 520 300 88 136 
8 9 332 1200 1531 1419 520 302 88 133 
8 9 332 1200 1531 1420 520 302 88 136 
8 9 332 1200 1531 1421 520 304 88 135 
8 9 332 1200 1531 1422 520 304 88 135 
8 9 332 1200 1531 1423 516 305 96 136 
8 9 332 1200 1531 1424 516 305 96 136 
8 9 332 1200 1531 1425 516 307 96 136 
8 9 332 1200 1531 1426 516 306 96 139 
8 9 332 1200 1531 1427 516 309 96 136 
8 9 332 1200 1531 1428 516 309 96 138 
8 9 332 1200 1531 1429 516 311 96 135 
8 9 332 1200 1531 1430 516 311 96 138 
8 9 332 1200 1531 1431 515 313 100 135 
8 9 332 1200 1531 1432 515 313 100 138 
8 9 332 1200 1531 1433 515 313 100 139 
8 9 332 1200 1531 1434 515 313 100 139 
8 9 332 1200 1531 1435 515 315 100 139 
8 9 332 1200 1531 1436 515 315 100 139 
8 9 332 1200 1531 1437 515 318 100 138 
8 9 332 1200 1531 1438 514 320 104 138 
8 9 332 1200 1531 1439 515 319 106 141 
8 9 332 1200 1531 1440 518 319 108 144 
8 9 332 1200 1531 1441 521 318 110 145 
8 9 332 1200 1531 1442 524 318 112 148 
8 9 332 1200 1531 1443 527 317 114 151 
8 9 332 1200 1531 1444 532 317 112 154 
8 9 332 1200 1531 1445 534 316 114 157 
8 9 332 1200 1531 1446 538 316 116 159 
8 9 332 1200 1531 1447 540 316 118 162 
8 9 332 1200 1531 1448 544 315 120 165 
8 9 332 1200 1531 1449 546 315 122 168 
8 9 332 1200 1531 1450 550 315 124 171 
8 9 332 1200 1531 1451 555 315 124 171 
8 9 332 1200 1531 1452 561 315 124 174 
8 9 332 1200 1531 1453 565 314 128 177 
8 9 332 1200 1531 1454 573 314 124 180 
8 9 332 1200 1531 1455 577 316 126 178 
8 9 332 1200 1531 1456 583 315 128 181 
8 9 332 1200 1531 1457 591 315 124 184 
8 9 332 1200 1531 1458 596 315 124 184 
8 9 332 1200 1531 1459 600 314 128 187 
8 9 332 1200 1531 1460 606 317 128 186 
8 9 332 1200 1531 1461 614 316 124 189 
8 9 332 1200 1531 1462 618 316 128 192 
8 9 332 1200 1531 1463 624 315 128 195 
8 9 332 1200 1531 1464 631 317 128 195 
8 9 332 1200 1531 1465 632 317 128 196 
8 9 332 1200 1531 1466 636 319 128 196 
8 9 332 1200 1531 1467 637 318 132 199 
8 9 332 1200 1531 1468 641 319 128 201 
8 9 332 1200 1531 1469 642 319 132 202 
8 9 332 1200 1531 1470 646 320 130 205 
8 9 332 1200 1531 1471 647 322 132 205 
8 9 332 1200 1531 1472 651 322 132 208 
8 9 332 1200 1531 1473 652 324 134 207 
8 9 332 1200 1531 1474 656 324 132 210 
8 9 332 1200 1531 1475 657 324 136 211 
8 9 332 1200 1531 1476 661 326 134 213 
8 9 332 1200 1531 1477 661 326 134 216 
8 9 332 1200 1531 1478 661 327 134 219 
8 9 332 1200 1531 1479 661 329 134 219 
8 9 332 1200 1531 1480 661 331 134 220 
8 9 332 1200 1531 1481 660 330 138 223 
8 9 332 1200 1531 1482 660 331 138 226 
8 9 332 1200 1531 1483 660 333 138 226 
8 9 332 1200 1531 1484 660 334 138 229 
8 9 332 1200 1531 1485 660 336 138 229 
8 9 332 1200 1531 1486 659 336 142 234 
8 9 332 1200 1531 1487 659 336 142 235 
8 9 332 1200 1531 1488 659 338 142 237 
8 9 332 1200 1531 1489 659 340 142 237 
8 9 332 1200 1531 1490 660 342 144 240 
8 9 332 1200 1531 1491 657 344 142 240 
8 9 332 1200 1531 1492 655 344 142 243 
8 9 332 1200 1531 1493 652 346 142 246 
8 9 332 1200 1531 1494 650 350 142 244 
8 9 332 1200 1531 1495 648 350 142 249 
8 9 332 1200 1531 1496 644 352 144 250 
8 9 332 1200 1531 1497 643 356 142 250 
8 9 332 1200 1531 1498 639 358 142 252 
8 9 332 1200 1531 1499 637 358 142 256 
8 9 332 1200 1531 1500 636 362 142 256 
8 9 332 1200 1531 1501 629 362 140 253 
8 9 332 1200 1531 1502 622 365 140 247 
8 9 332 1200 1531 1503 618 367 136 246 
8 9 332 1200 1531 1504 616 371 136 246 
8 9 332 1200 1531 1505 614 375 136 244 
8 9 332 1200 1531 1506 613 378 134 246 
8 9 332 1200 1531 1507 611 382 134 244 
8 9 332 1200 1531 1508 608 382 138 249 
8 9 332 1200 1531 1509 605 384 142 250 
8 9 332 1200 1531 1510 604 385 144 253 
8 9 332 1200 1531 1511 604 389 144 255 
8 9 332 1200 1531 1512 604 389 144 259 
8 9 332 1200 1531 1513 604 393 146 261 
8 9 332 1200 1531 1514 604 395 146 264 
8 9 332 1200 1531 1515 606 397 146 267 
8 9 332 1200 1531 1516 608 399 146 270 
8 9 332 1200 1531 1517 610 400 146 274 
8 9 332 1200 1531 1518 611 402 146 277 
8 9 332 1200 1531 1519 615 404 146 280 
8 9 332 1200 1531 1520 620 405 146 285 
8 9 332 1200 1531 1521 626 408 146 288 
8 9 332 1200 1531 1522 627 409 154 294 
8 9 332 1200 1531 1523 629 412 164 295 
8 9 332 1200 1531 1524 632 415 170 298 
8 9 332 1200 1531 1525 637 417 172 298 
8 9 332 1200 1531 1526 643 419 170 298 
8 9 332 1200 1531 1527 648 422 170 297 
8 9 332 1200 1531 1528 644 427 188 291 
8 9 332 1200 1531 1529 641 434 206 284 
8 9 332 1200 1531 1530 640 433 210 286 
8 9 332 1200 1531 1531 639 431 214 287 
9 9 139 1083 1221 1083 258 226 40 55 
9 9 139 1083 1221 1084 258 226 40 55 
9 9 139 1083 1221 1085 260 226 38 55 
9 9 139 1083 1221 1086 260 226 38 55 
9 9 139 1083 1221 1087 262 226 38 55 
9 9 139 1083 1221 1088 263 226 40 55 
9 9 139 1083 1221 1089 263 226 40 55 
9 9 139 1083 1221 1090 265 226 40 55 
9 9 139 1083 1221 1091 265 226 40 55 
9 9 139 1083 1221 1092 267 226 38 55 
9 9 139 1083 1221 1093 267 228 38 55 
9 9 139 1083 1221 1094 269 228 38 55 
9 9 139 1083 1221 1095 269 228 38 55 
9 9 139 1083 1221 1096 270 228 40 55 
9 9 139 1083 1221 1097 270 228 40 55 
9 9 139 1083 1221 1098 272 228 40 55 
9 9 139 1083 1221 1099 274 228 40 55 
9 9 139 1083 1221 1100 274 228 40 55 
9 9 139 1083 1221 1101 276 228 38 55 
9 9 139 1083 1221 1102 276 228 38 55 
9 9 139 1083 1221 1103 278 228 38 55 
9 9 139 1083 1221 1104 278 228 38 55 
9 9 139 1083 1221 1105 279 228 40 55 
9 9 139 1083 1221 1106 279 228 40 55 
9 9 139 1083 1221 1107 281 228 40 55 
9 9 139 1083 1221 1108 283 230 38 55 
9 9 139 1083 1221 1109 283 230 38 55 
9 9 139 1083 1221 1110 283 230 38 55 
9 9 139 1083 1221 1111 283 230 38 55 
9 9 139 1083 1221 1112 283 230 38 55 
9 9 139 1083 1221 1113 283 230 38 55 
9 9 139 1083 1221 1114 283 230 38 55 
9 9 139 1083 1221 1115 283 230 38 55 
9 9 139 1083 1221 1116 283 230 38 55 
9 9 139 1083 1221 1117 283 230 38 55 
9 9 139 1083 1221 1118 283 230 38 55 
9 9 139 1083 1221 1119 286 230 34 55 
9 9 139 1083 1221 1120 286 230 34 55 
9 9 139 1083 1221 1121 286 230 34 55 
9 9 139 1083 1221 1122 286 230 34 55 
9 9 139 1083 1221 1123 286 230 34 55 
9 9 139 1083 1221 1124 286 230 34 55 
9 9 139 1083 1221 1125 286 230 34 55 
9 9 139 1083 1221 1126 286 230 34 55 
9 9 139 1083 1221 1127 286 230 34 55 
9 9 139 1083 1221 1128 286 230 34 55 
9 9 139 1083 1221 1129 286 230 34 55 
9 9 139 1083 1221 1130 287 231 36 57 
9 9 139 1083 1221 1131 287 231 36 57 
9 9 139 1083 1221 1132 287 231 36 57 
9 9 139 1083 1221 1133 287 231 36 57 
9 9 139 1083 1221 1134 289 231 36 57 
9 9 139 1083 1221 1135 289 231 36 57 
9 9 139 1083 1221 1136 289 231 36 57 
9 9 139 1083 1221 1137 289 231 36 57 
9 9 139 1083 1221 1138 291 231 36 57 
9 9 139 1083 1221 1139 291 231 36 57 
9 9 139 1083 1221 1140 291 231 36 57 
9 9 139 1083 1221 1141 291 231 36 57 
9 9 139 1083 1221 1142 293 231 36 57 
9 9 139 1083 1221 1143 293 231 36 57 
9 9 139 1083 1221 1144 293 231 36 57 
9 9 139 1083 1221 1145 293 231 36 57 
9 9 139 1083 1221 1146 295 231 34 57 
9 9 139 1083 1221 1147 295 231 34 57 
9 9 139 1083 1221 1148 295 231 34 57 
9 9 139 1083 1221 1149 296 231 36 57 
9 9 139 1083 1221 1150 296 231 36 57 
9 9 139 1083 1221 1151 296 231 36 57 
9 9 139 1083 1221 1152 296 231 36 57 
9 9 139 1083 1221 1153 298 231 36 57 
9 9 139 1083 1221 1154 298 231 36 57 
9 9 139 1083 1221 1155 298 231 36 57 
9 9 139 1083 1221 1156 298 231 36 57 
9 9 139 1083 1221 1157 300 231 36 57 
9 9 139 1083 1221 1158 300 231 36 57 
9 9 139 1083 1221 1159 300 231 36 57 
9 9 139 1083 1221 1160 300 231 36 57 
9 9 139 1083 1221 1161 302 231 34 57 
9 9 139 1083 1221 1162 302 231 34 57 
9 9 139 1083 1221 1163 302 231 34 57 
9 9 139 1083 1221 1164 302 231 34 57 
9 9 139 1083 1221 1165 303 231 36 57 
9 9 139 1083 1221 1166 303 231 36 57 
9 9 139 1083 1221 1167 303 231 36 57 
9 9 139 1083 1221 1168 305 231 36 57 
9 9 139 1083 1221 1169 305 231 36 57 
9 9 139 1083 1221 1170 305 231 36 57 
9 9 139 1083 1221 1171 305 231 36 57 
9 9 139 1083 1221 1172 307 231 36 57 
9 9 139 1083 1221 1173 307 231 36 57 
9 9 139 1083 1221 1174 307 231 36 57 
9 9 139 1083 1221 1175 307 231 36 57 
9 9 139 1083 1221 1176 309 231 36 57 
9 9 139 1083 1221 1177 309 231 36 57 
9 9 139 1083 1221 1178 309 231 36 57 
9 9 139 1083 1221 1179 309 231 36 57 
9 9 139 1083 1221 1180 311 231 34 57 
9 9 139 1083 1221 1181 311 231 34 57 
9 9 139 1083 1221 1182 311 231 34 57 
9 9 139 1083 1221 1183 311 231 34 57 
9 9 139 1083 1221 1184 312 231 36 57 
9 9 139 1083 1221 1185 312 231 36 57 
9 9 139 1083 1221 1186 312 231 36 57 
9 9 139 1083 1221 1187 314 231 36 57 
9 9 139 1083 1221 1188 314 231 36 57 
9 9 139 1083 1221 1189 314 231 36 57 
9 9 139 1083 1221 1190 314 231 36 57 
9 9 139 1083 1221 1191 316 231 36 57 
9 9 139 1083 1221 1192 316 231 36 57 
9 9 139 1083 1221 1193 316 231 36 57 
9 9 139 1083 1221 1194 316 231 36 57 
9 9 139 1083 1221 1195 318 231 34 57 
9 9 139 1083 1221 1196 318 231 34 57 
9 9 139 1083 1221 1197 318 231 34 57 
9 9 139 1083 1221 1198 318 231 34 57 
9 9 139 1083 1221 1199 319 231 36 57 
9 9 139 1083 1221 1200 319 231 36 57 
9 9 139 1083 1221 1201 319 231 36 57 
9 9 139 1083 1221 1202 319 231 36 57 
9 9 139 1083 1221 1203 321 231 36 57 
9 9 139 1083 1221 1204 321 231 36 57 
9 9 139 1083 1221 1205 321 231 36 57 
9 9 139 1083 1221 1206 323 231 36 57 
9 9 139 1083 1221 1207 323 231 36 57 
9 9 139 1083 1221 1208 323 231 36 57 
9 9 139 1083 1221 1209 323 231 36 57 
9 9 139 1083 1221 1210 325 231 36 57 
9 9 139 1083 1221 1211 325 231 36 57 
9 9 139 1083 1221 1212 325 231 36 57 
9 9 139 1083 1221 1213 325 231 36 57 
9 9 139 1083 1221 1214 327 231 34 57 
9 9 139 1083 1221 1215 327 231 34 57 
9 9 139 1083 1221 1216 327 231 34 57 
9 9 139 1083 1221 1217 327 231 34 57 
9 9 139 1083 1221 1218 328 231 36 57 
9 9 139 1083 1221 1219 328 231 36 57 
9 9 139 1083 1221 1220 328 231 36 57 
9 9 139 1083 1221 1221 330 231 36 57 
