0 11 68 1196 1263 1196 256 227 77 54 
0 11 68 1196 1263 1197 256 227 77 54 
0 11 68 1196 1263 1198 256 227 77 54 
0 11 68 1196 1263 1199 256 227 77 54 
0 11 68 1196 1263 1200 256 227 77 54 
0 11 68 1196 1263 1201 256 227 77 54 
0 11 68 1196 1263 1202 256 227 77 54 
0 11 68 1196 1263 1203 256 227 77 54 
0 11 68 1196 1263 1204 256 227 77 54 
0 11 68 1196 1263 1205 256 227 77 54 
0 11 68 1196 1263 1206 256 227 77 54 
0 11 68 1196 1263 1207 256 227 77 54 
0 11 68 1196 1263 1208 256 227 77 54 
0 11 68 1196 1263 1209 256 227 77 54 
0 11 68 1196 1263 1210 256 227 77 54 
0 11 68 1196 1263 1211 256 227 77 54 
0 11 68 1196 1263 1212 256 227 77 54 
0 11 68 1196 1263 1213 256 227 77 54 
0 11 68 1196 1263 1214 256 227 77 54 
0 11 68 1196 1263 1215 256 227 77 54 
0 11 68 1196 1263 1216 256 227 77 54 
0 11 68 1196 1263 1217 256 227 77 54 
0 11 68 1196 1263 1218 256 227 77 54 
0 11 68 1196 1263 1219 256 227 77 54 
0 11 68 1196 1263 1220 256 227 77 54 
0 11 68 1196 1263 1221 256 227 77 54 
0 11 68 1196 1263 1222 256 227 77 54 
0 11 68 1196 1263 1223 256 227 77 54 
0 11 68 1196 1263 1224 256 227 77 54 
0 11 68 1196 1263 1225 256 227 77 54 
0 11 68 1196 1263 1226 256 227 77 54 
0 11 68 1196 1263 1227 256 227 77 54 
0 11 68 1196 1263 1228 256 227 77 54 
0 11 68 1196 1263 1229 256 227 77 54 
0 11 68 1196 1263 1230 256 227 77 54 
0 11 68 1196 1263 1231 256 227 77 54 
0 11 68 1196 1263 1232 256 227 77 54 
0 11 68 1196 1263 1233 256 227 77 54 
0 11 68 1196 1263 1234 256 227 77 54 
0 11 68 1196 1263 1235 256 227 77 54 
0 11 68 1196 1263 1236 256 227 77 54 
0 11 68 1196 1263 1237 256 227 77 54 
0 11 68 1196 1263 1238 256 227 77 54 
0 11 68 1196 1263 1239 256 227 77 54 
0 11 68 1196 1263 1240 256 227 77 54 
0 11 68 1196 1263 1241 256 227 77 54 
0 11 68 1196 1263 1242 256 227 77 54 
0 11 68 1196 1263 1243 256 227 77 54 
0 11 68 1196 1263 1244 256 227 77 54 
0 11 68 1196 1263 1245 256 227 77 54 
0 11 68 1196 1263 1246 256 227 77 54 
0 11 68 1196 1263 1247 256 227 77 54 
0 11 68 1196 1263 1248 256 227 77 54 
0 11 68 1196 1263 1249 256 227 77 54 
0 11 68 1196 1263 1250 256 227 77 54 
0 11 68 1196 1263 1251 256 227 77 54 
0 11 68 1196 1263 1252 256 227 77 54 
0 11 68 1196 1263 1253 256 227 77 54 
0 11 68 1196 1263 1254 256 227 77 54 
0 11 68 1196 1263 1255 256 227 77 54 
0 11 68 1196 1263 1256 256 227 77 54 
0 11 68 1196 1263 1257 256 227 77 54 
0 11 68 1196 1263 1258 256 227 77 54 
0 11 68 1196 1263 1259 256 227 77 54 
0 11 68 1196 1263 1260 256 227 77 54 
0 11 68 1196 1263 1261 256 227 77 54 
0 11 68 1196 1263 1262 256 227 77 54 
0 11 68 1196 1263 1263 256 227 77 54 
1 9 131 0 130 0 381 277 74 103 
1 9 131 0 130 1 379 277 74 103 
1 9 131 0 130 2 379 277 74 103 
1 9 131 0 130 3 379 277 74 103 
1 9 131 0 130 4 379 277 74 103 
1 9 131 0 130 5 379 277 74 103 
1 9 131 0 130 6 379 277 74 103 
1 9 131 0 130 7 379 277 74 103 
1 9 131 0 130 8 379 277 74 103 
1 9 131 0 130 9 379 277 74 103 
1 9 131 0 130 10 379 277 74 103 
1 9 131 0 130 11 380 275 70 106 
1 9 131 0 130 12 380 275 70 106 
1 9 131 0 130 13 380 275 70 106 
1 9 131 0 130 14 380 275 70 106 
1 9 131 0 130 15 383 275 66 106 
1 9 131 0 130 16 383 275 66 106 
1 9 131 0 130 17 383 275 66 106 
1 9 131 0 130 18 383 275 66 106 
1 9 131 0 130 19 383 275 66 106 
1 9 131 0 130 20 385 275 64 106 
1 9 131 0 130 21 384 272 64 109 
1 9 131 0 130 22 384 272 64 109 
1 9 131 0 130 23 384 272 64 109 
1 9 131 0 130 24 384 272 64 109 
1 9 131 0 130 25 384 272 64 109 
1 9 131 0 130 26 381 272 68 109 
1 9 131 0 130 27 381 272 68 109 
1 9 131 0 130 28 381 272 68 109 
1 9 131 0 130 29 381 272 68 109 
1 9 131 0 130 30 381 272 68 109 
1 9 131 0 130 31 381 270 68 109 
1 9 131 0 130 32 381 270 68 109 
1 9 131 0 130 33 381 270 68 109 
1 9 131 0 130 34 381 270 68 109 
1 9 131 0 130 35 381 270 68 109 
1 9 131 0 130 36 381 269 68 111 
1 9 131 0 130 37 381 269 68 111 
1 9 131 0 130 38 381 269 68 111 
1 9 131 0 130 39 381 269 68 111 
1 9 131 0 130 40 381 269 68 111 
1 9 131 0 130 41 381 269 68 111 
1 9 131 0 130 42 381 269 68 111 
1 9 131 0 130 43 381 269 68 111 
1 9 131 0 130 44 381 269 68 111 
1 9 131 0 130 45 381 269 68 111 
1 9 131 0 130 46 381 269 68 111 
1 9 131 0 130 47 381 269 68 111 
1 9 131 0 130 48 381 269 68 111 
1 9 131 0 130 49 381 269 68 111 
1 9 131 0 130 50 383 269 66 111 
1 9 131 0 130 51 383 267 66 111 
1 9 131 0 130 52 383 267 66 111 
1 9 131 0 130 53 383 267 66 111 
1 9 131 0 130 54 384 267 68 109 
1 9 131 0 130 55 384 267 68 109 
1 9 131 0 130 56 384 267 68 109 
1 9 131 0 130 57 386 268 68 106 
1 9 131 0 130 58 386 268 68 106 
1 9 131 0 130 59 386 268 68 106 
1 9 131 0 130 60 388 268 68 106 
1 9 131 0 130 61 388 266 68 106 
1 9 131 0 130 62 391 266 64 106 
1 9 131 0 130 63 391 266 64 106 
1 9 131 0 130 64 392 266 64 103 
1 9 131 0 130 65 392 266 64 103 
1 9 131 0 130 66 395 264 60 106 
1 9 131 0 130 67 394 264 64 105 
1 9 131 0 130 68 397 264 60 105 
1 9 131 0 130 69 397 264 60 105 
1 9 131 0 130 70 399 264 60 105 
1 9 131 0 130 71 399 262 60 105 
1 9 131 0 130 72 399 262 60 105 
1 9 131 0 130 73 401 262 60 105 
1 9 131 0 130 74 401 262 60 105 
1 9 131 0 130 75 401 262 62 105 
1 9 131 0 130 76 401 262 62 105 
1 9 131 0 130 77 401 262 62 105 
1 9 131 0 130 78 404 262 60 105 
1 9 131 0 130 79 404 262 60 105 
1 9 131 0 130 80 406 262 60 105 
1 9 131 0 130 81 406 262 60 105 
1 9 131 0 130 82 408 262 60 105 
1 9 131 0 130 83 407 262 64 105 
1 9 131 0 130 84 408 262 62 105 
1 9 131 0 130 85 408 262 64 105 
1 9 131 0 130 86 410 262 64 105 
1 9 131 0 130 87 410 262 64 105 
1 9 131 0 130 88 412 262 64 105 
1 9 131 0 130 89 411 262 68 105 
1 9 131 0 130 90 413 262 68 105 
1 9 131 0 130 91 413 261 68 103 
1 9 131 0 130 92 415 261 66 103 
1 9 131 0 130 93 417 261 64 103 
1 9 131 0 130 94 416 261 68 103 
1 9 131 0 130 95 419 261 64 103 
1 9 131 0 130 96 421 261 64 103 
1 9 131 0 130 97 421 261 64 103 
1 9 131 0 130 98 423 261 64 103 
1 9 131 0 130 99 424 261 62 103 
1 9 131 0 130 100 427 261 60 103 
1 9 131 0 130 101 427 259 60 103 
1 9 131 0 130 102 429 259 60 103 
1 9 131 0 130 103 429 259 60 103 
1 9 131 0 130 104 431 257 60 103 
1 9 131 0 130 105 431 257 60 103 
1 9 131 0 130 106 433 257 60 103 
1 9 131 0 130 107 433 255 60 105 
1 9 131 0 130 108 433 255 62 105 
1 9 131 0 130 109 433 255 62 105 
1 9 131 0 130 110 436 255 60 105 
1 9 131 0 130 111 436 254 60 103 
1 9 131 0 130 112 438 254 60 103 
1 9 131 0 130 113 440 254 60 103 
1 9 131 0 130 114 441 254 58 103 
1 9 131 0 130 115 443 254 58 103 
1 9 131 0 130 116 446 252 56 103 
1 9 131 0 130 117 449 252 52 103 
1 9 131 0 130 118 451 252 52 103 
1 9 131 0 130 119 451 252 54 103 
1 9 131 0 130 120 453 252 54 103 
1 9 131 0 130 121 453 253 54 100 
1 9 131 0 130 122 455 253 54 100 
1 9 131 0 130 123 458 253 52 100 
1 9 131 0 130 124 458 253 52 100 
1 9 131 0 130 125 458 255 54 97 
1 9 131 0 130 126 460 255 54 97 
1 9 131 0 130 127 460 255 54 97 
1 9 131 0 130 128 462 255 54 97 
1 9 131 0 130 129 465 255 52 97 
1 9 131 0 130 130 467 257 52 96 
2 9 218 356 573 356 2 266 68 93 
2 9 218 356 573 357 4 266 68 93 
2 9 218 356 573 358 6 266 66 93 
2 9 218 356 573 359 7 266 68 93 
2 9 218 356 573 360 11 266 68 93 
2 9 218 356 573 361 13 266 68 93 
2 9 218 356 573 362 15 266 66 93 
2 9 218 356 573 363 16 266 68 93 
2 9 218 356 573 364 18 266 68 93 
2 9 218 356 573 365 22 266 66 93 
2 9 218 356 573 366 23 266 68 93 
2 9 218 356 573 367 25 266 68 93 
2 9 218 356 573 368 27 266 68 93 
2 9 218 356 573 369 31 266 66 93 
2 9 218 356 573 370 32 266 68 93 
2 9 218 356 573 371 34 266 68 93 
2 9 218 356 573 372 36 266 68 93 
2 9 218 356 573 373 38 266 66 93 
2 9 218 356 573 374 41 264 68 94 
2 9 218 356 573 375 43 264 68 94 
2 9 218 356 573 376 45 264 68 94 
2 9 218 356 573 377 47 264 66 94 
2 9 218 356 573 378 50 264 68 94 
2 9 218 356 573 379 52 264 68 94 
2 9 218 356 573 380 54 264 66 94 
2 9 218 356 573 381 55 264 68 94 
2 9 218 356 573 382 57 264 68 94 
2 9 218 356 573 383 61 264 68 94 
2 9 218 356 573 384 63 264 66 94 
2 9 218 356 573 385 64 264 68 94 
2 9 218 356 573 386 66 264 68 94 
2 9 218 356 573 387 70 264 66 94 
2 9 218 356 573 388 71 264 68 94 
2 9 218 356 573 389 73 264 68 94 
2 9 218 356 573 390 75 264 68 94 
2 9 218 356 573 391 77 264 68 94 
2 9 218 356 573 392 80 264 68 94 
2 9 218 356 573 393 82 264 68 94 
2 9 218 356 573 394 84 264 68 94 
2 9 218 356 573 395 86 264 66 94 
2 9 218 356 573 396 89 264 68 94 
2 9 218 356 573 397 91 263 68 93 
2 9 218 356 573 398 93 263 68 93 
2 9 218 356 573 399 95 263 66 93 
2 9 218 356 573 400 96 263 68 93 
2 9 218 356 573 401 100 263 68 93 
2 9 218 356 573 402 102 263 66 93 
2 9 218 356 573 403 103 263 68 93 
2 9 218 356 573 404 105 263 68 93 
2 9 218 356 573 405 109 263 68 93 
2 9 218 356 573 406 111 263 66 93 
2 9 218 356 573 407 112 263 68 93 
2 9 218 356 573 408 114 263 68 93 
2 9 218 356 573 409 116 263 68 93 
2 9 218 356 573 410 119 263 68 93 
2 9 218 356 573 411 121 263 68 93 
2 9 218 356 573 412 123 263 68 93 
2 9 218 356 573 413 125 263 68 93 
2 9 218 356 573 414 128 263 68 93 
2 9 218 356 573 415 130 263 68 93 
2 9 218 356 573 416 132 263 68 93 
2 9 218 356 573 417 134 263 66 93 
2 9 218 356 573 418 135 263 68 93 
2 9 218 356 573 419 139 261 68 93 
2 9 218 356 573 420 141 261 68 93 
2 9 218 356 573 421 143 261 66 93 
2 9 218 356 573 422 144 261 68 93 
2 9 218 356 573 423 148 261 68 93 
2 9 218 356 573 424 150 261 66 93 
2 9 218 356 573 425 151 261 68 93 
2 9 218 356 573 426 153 261 68 93 
2 9 218 356 573 427 155 261 68 93 
2 9 218 356 573 428 159 261 66 93 
2 9 218 356 573 429 160 261 68 93 
2 9 218 356 573 430 162 261 68 93 
2 9 218 356 573 431 164 261 68 93 
2 9 218 356 573 432 167 261 68 93 
2 9 218 356 573 433 169 261 68 93 
2 9 218 356 573 434 171 261 68 93 
2 9 218 356 573 435 173 261 68 93 
2 9 218 356 573 436 175 261 66 93 
2 9 218 356 573 437 178 261 68 93 
2 9 218 356 573 438 180 261 68 93 
2 9 218 356 573 439 182 261 66 93 
2 9 218 356 573 440 183 261 68 93 
2 9 218 356 573 441 187 261 68 93 
2 9 218 356 573 442 189 259 68 93 
2 9 218 356 573 443 191 259 66 93 
2 9 218 356 573 444 192 259 68 93 
2 9 218 356 573 445 194 259 68 93 
2 9 218 356 573 446 196 259 68 93 
2 9 218 356 573 447 198 259 66 93 
2 9 218 356 573 448 201 259 68 93 
2 9 218 356 573 449 203 259 68 93 
2 9 218 356 573 450 205 259 68 93 
2 9 218 356 573 451 207 259 66 93 
2 9 218 356 573 452 208 259 68 93 
2 9 218 356 573 453 210 259 68 93 
2 9 218 356 573 454 212 259 68 93 
2 9 218 356 573 455 215 259 68 93 
2 9 218 356 573 456 217 259 68 93 
2 9 218 356 573 457 219 259 68 93 
2 9 218 356 573 458 221 259 68 93 
2 9 218 356 573 459 223 259 66 93 
2 9 218 356 573 460 224 259 68 93 
2 9 218 356 573 461 228 259 68 93 
2 9 218 356 573 462 230 259 66 93 
2 9 218 356 573 463 231 259 68 93 
2 9 218 356 573 464 233 259 68 93 
2 9 218 356 573 465 235 259 68 93 
2 9 218 356 573 466 237 257 68 94 
2 9 218 356 573 467 239 257 66 94 
2 9 218 356 573 468 242 257 68 94 
2 9 218 356 573 469 244 257 68 94 
2 9 218 356 573 470 246 257 66 94 
2 9 218 356 573 471 247 257 68 94 
2 9 218 356 573 472 249 257 68 94 
2 9 218 356 573 473 251 257 68 94 
2 9 218 356 573 474 253 257 68 94 
2 9 218 356 573 475 256 257 68 94 
2 9 218 356 573 476 258 257 68 94 
2 9 218 356 573 477 260 257 68 94 
2 9 218 356 573 478 262 257 66 94 
2 9 218 356 573 479 263 257 68 94 
2 9 218 356 573 480 265 257 68 94 
2 9 218 356 573 481 269 257 68 94 
2 9 218 356 573 482 271 257 66 94 
2 9 218 356 573 483 272 257 68 94 
2 9 218 356 573 484 274 257 68 94 
2 9 218 356 573 485 276 257 68 94 
2 9 218 356 573 486 278 257 66 94 
2 9 218 356 573 487 279 257 68 94 
2 9 218 356 573 488 283 257 68 94 
2 9 218 356 573 489 285 257 68 94 
2 9 218 356 573 490 287 256 66 93 
2 9 218 356 573 491 288 256 68 93 
2 9 218 356 573 492 290 256 68 93 
2 9 218 356 573 493 292 256 68 93 
2 9 218 356 573 494 294 256 66 93 
2 9 218 356 573 495 297 256 68 93 
2 9 218 356 573 496 299 256 68 93 
2 9 218 356 573 497 301 256 68 93 
2 9 218 356 573 498 303 256 66 93 
2 9 218 356 573 499 304 256 68 93 
2 9 218 356 573 500 306 256 68 93 
2 9 218 356 573 501 310 256 66 93 
2 9 218 356 573 502 311 256 68 93 
2 9 218 356 573 503 313 256 68 93 
2 9 218 356 573 504 315 256 68 93 
2 9 218 356 573 505 317 256 68 93 
2 9 218 356 573 506 319 256 66 93 
2 9 218 356 573 507 320 256 68 93 
2 9 218 356 573 508 324 256 68 93 
2 9 218 356 573 509 326 256 66 93 
2 9 218 356 573 510 327 256 68 93 
2 9 218 356 573 511 329 256 68 93 
2 9 218 356 573 512 331 256 68 93 
2 9 218 356 573 513 333 256 68 93 
2 9 218 356 573 514 335 254 66 93 
2 9 218 356 573 515 338 254 68 93 
2 9 218 356 573 516 340 254 68 93 
2 9 218 356 573 517 342 254 66 93 
2 9 218 356 573 518 343 254 68 93 
2 9 218 356 573 519 345 254 68 93 
2 9 218 356 573 520 347 254 68 93 
2 9 218 356 573 521 351 254 66 93 
2 9 218 356 573 522 352 254 68 93 
2 9 218 356 573 523 354 254 68 93 
2 9 218 356 573 524 356 254 68 93 
2 9 218 356 573 525 358 254 66 93 
2 9 218 356 573 526 359 254 68 93 
2 9 218 356 573 527 361 254 68 93 
2 9 218 356 573 528 365 254 68 93 
2 9 218 356 573 529 367 254 66 93 
2 9 218 356 573 530 368 254 68 93 
2 9 218 356 573 531 370 254 68 93 
2 9 218 356 573 532 372 254 68 93 
2 9 218 356 573 533 374 254 66 93 
2 9 218 356 573 534 375 254 68 93 
2 9 218 356 573 535 379 254 68 93 
2 9 218 356 573 536 381 254 68 93 
2 9 218 356 573 537 383 254 66 93 
2 9 218 356 573 538 384 252 68 93 
2 9 218 356 573 539 386 252 68 93 
2 9 218 356 573 540 388 252 68 93 
2 9 218 356 573 541 391 252 68 93 
2 9 218 356 573 542 393 252 68 93 
2 9 218 356 573 543 395 252 68 93 
2 9 218 356 573 544 397 252 68 93 
2 9 218 356 573 545 399 252 66 93 
2 9 218 356 573 546 400 252 68 93 
2 9 218 356 573 547 402 252 68 93 
2 9 218 356 573 548 406 252 66 93 
2 9 218 356 573 549 407 252 68 93 
2 9 218 356 573 550 409 252 68 93 
2 9 218 356 573 551 411 252 68 93 
2 9 218 356 573 552 413 252 68 93 
2 9 218 356 573 553 415 252 66 93 
2 9 218 356 573 554 416 252 68 93 
2 9 218 356 573 555 420 252 68 93 
2 9 218 356 573 556 422 252 66 93 
2 9 218 356 573 557 423 252 68 93 
2 9 218 356 573 558 425 252 68 93 
2 9 218 356 573 559 427 252 68 93 
2 9 218 356 573 560 429 252 68 93 
2 9 218 356 573 561 432 252 68 93 
2 9 218 356 573 562 432 252 68 93 
2 9 218 356 573 563 432 252 68 93 
2 9 218 356 573 564 432 252 68 93 
2 9 218 356 573 565 432 252 68 93 
2 9 218 356 573 566 432 252 68 93 
2 9 218 356 573 567 432 252 68 93 
2 9 218 356 573 568 432 252 68 93 
2 9 218 356 573 569 432 252 68 93 
2 9 218 356 573 570 432 252 68 93 
2 9 218 356 573 571 432 252 68 93 
2 9 218 356 573 572 432 252 68 93 
2 9 218 356 573 573 432 252 68 93 
3 9 759 608 1366 608 26 255 50 100 
3 9 759 608 1366 609 26 255 54 100 
3 9 759 608 1366 610 28 255 54 100 
3 9 759 608 1366 611 33 255 50 100 
3 9 759 608 1366 612 35 255 52 100 
3 9 759 608 1366 613 35 255 54 100 
3 9 759 608 1366 614 37 256 54 99 
3 9 759 608 1366 615 42 256 52 99 
3 9 759 608 1366 616 42 256 54 99 
3 9 759 608 1366 617 43 256 58 99 
3 9 759 608 1366 618 49 256 52 99 
3 9 759 608 1366 619 51 256 52 99 
3 9 759 608 1366 620 50 256 58 99 
3 9 759 608 1366 621 52 256 58 99 
3 9 759 608 1366 622 58 256 52 99 
3 9 759 608 1366 623 57 257 58 96 
3 9 759 608 1366 624 59 257 58 96 
3 9 759 608 1366 625 62 257 56 96 
3 9 759 608 1366 626 66 257 56 96 
3 9 759 608 1366 627 66 257 58 96 
3 9 759 608 1366 628 68 259 58 93 
3 9 759 608 1366 629 73 259 56 93 
3 9 759 608 1366 630 73 259 58 93 
3 9 759 608 1366 631 75 259 58 93 
3 9 759 608 1366 632 77 259 60 93 
3 9 759 608 1366 633 82 259 56 93 
3 9 759 608 1366 634 81 259 62 93 
3 9 759 608 1366 635 84 259 60 93 
3 9 759 608 1366 636 89 259 56 93 
3 9 759 608 1366 637 88 259 62 93 
3 9 759 608 1366 638 91 259 60 93 
3 9 759 608 1366 639 93 259 60 93 
3 9 759 608 1366 640 97 259 60 93 
3 9 759 608 1366 641 97 262 62 90 
3 9 759 608 1366 642 100 262 60 90 
3 9 759 608 1366 643 104 262 60 90 
3 9 759 608 1366 644 104 262 62 90 
3 9 759 608 1366 645 107 262 60 90 
3 9 759 608 1366 646 108 262 64 88 
3 9 759 608 1366 647 113 262 60 88 
3 9 759 608 1366 648 113 262 62 88 
3 9 759 608 1366 649 115 262 64 88 
3 9 759 608 1366 650 117 262 64 88 
3 9 759 608 1366 651 120 262 64 88 
3 9 759 608 1366 652 122 262 64 88 
3 9 759 608 1366 653 124 262 64 88 
3 9 759 608 1366 654 128 262 64 88 
3 9 759 608 1366 655 129 264 64 85 
3 9 759 608 1366 656 131 264 64 85 
3 9 759 608 1366 657 132 264 68 85 
3 9 759 608 1366 658 136 264 64 85 
3 9 759 608 1366 659 138 264 64 85 
3 9 759 608 1366 660 139 264 68 85 
3 9 759 608 1366 661 144 264 64 85 
3 9 759 608 1366 662 145 264 64 85 
3 9 759 608 1366 663 146 264 68 85 
3 9 759 608 1366 664 148 264 68 85 
3 9 759 608 1366 665 152 264 64 85 
3 9 759 608 1366 666 153 264 68 85 
3 9 759 608 1366 667 155 264 68 85 
3 9 759 608 1366 668 159 266 66 84 
3 9 759 608 1366 669 160 265 68 82 
3 9 759 608 1366 670 162 265 68 82 
3 9 759 608 1366 671 164 265 68 82 
3 9 759 608 1366 672 167 265 68 82 
3 9 759 608 1366 673 169 265 68 82 
3 9 759 608 1366 674 171 265 68 82 
3 9 759 608 1366 675 175 265 66 82 
3 9 759 608 1366 676 176 265 68 82 
3 9 759 608 1366 677 178 265 68 82 
3 9 759 608 1366 678 182 265 66 82 
3 9 759 608 1366 679 183 265 68 82 
3 9 759 608 1366 680 185 265 68 82 
3 9 759 608 1366 681 189 265 68 82 
3 9 759 608 1366 682 192 263 64 82 
3 9 759 608 1366 683 193 263 64 82 
3 9 759 608 1366 684 195 263 64 82 
3 9 759 608 1366 685 197 263 64 82 
3 9 759 608 1366 686 199 263 64 82 
3 9 759 608 1366 687 200 263 64 82 
3 9 759 608 1366 688 202 263 64 82 
3 9 759 608 1366 689 204 263 64 82 
3 9 759 608 1366 690 206 263 64 82 
3 9 759 608 1366 691 208 263 64 82 
3 9 759 608 1366 692 209 263 64 82 
3 9 759 608 1366 693 211 263 64 82 
3 9 759 608 1366 694 213 263 64 82 
3 9 759 608 1366 695 215 263 64 82 
3 9 759 608 1366 696 216 263 64 82 
3 9 759 608 1366 697 218 263 64 82 
3 9 759 608 1366 698 220 263 64 82 
3 9 759 608 1366 699 222 263 64 82 
3 9 759 608 1366 700 224 263 64 82 
3 9 759 608 1366 701 225 263 64 82 
3 9 759 608 1366 702 227 263 64 82 
3 9 759 608 1366 703 229 263 64 82 
3 9 759 608 1366 704 232 263 60 82 
3 9 759 608 1366 705 232 263 62 82 
3 9 759 608 1366 706 235 263 60 82 
3 9 759 608 1366 707 237 263 60 82 
3 9 759 608 1366 708 239 263 60 82 
3 9 759 608 1366 709 241 263 60 82 
3 9 759 608 1366 710 241 263 62 82 
3 9 759 608 1366 711 244 263 60 82 
3 9 759 608 1366 712 246 263 60 82 
3 9 759 608 1366 713 248 263 60 82 
3 9 759 608 1366 714 248 263 62 82 
3 9 759 608 1366 715 251 263 60 82 
3 9 759 608 1366 716 253 263 60 82 
3 9 759 608 1366 717 255 263 60 82 
3 9 759 608 1366 718 257 263 60 82 
3 9 759 608 1366 719 257 263 62 82 
3 9 759 608 1366 720 260 263 60 82 
3 9 759 608 1366 721 262 263 60 82 
3 9 759 608 1366 722 264 263 60 82 
3 9 759 608 1366 723 264 263 62 82 
3 9 759 608 1366 724 267 263 60 82 
3 9 759 608 1366 725 269 263 60 82 
3 9 759 608 1366 726 274 263 56 82 
3 9 759 608 1366 727 274 261 56 82 
3 9 759 608 1366 728 274 261 56 82 
3 9 759 608 1366 729 274 261 56 82 
3 9 759 608 1366 730 274 261 56 82 
3 9 759 608 1366 731 274 261 56 82 
3 9 759 608 1366 732 274 261 58 82 
3 9 759 608 1366 733 274 261 58 82 
3 9 759 608 1366 734 274 261 58 82 
3 9 759 608 1366 735 274 261 58 82 
3 9 759 608 1366 736 274 259 58 82 
3 9 759 608 1366 737 276 259 58 82 
3 9 759 608 1366 738 276 259 58 82 
3 9 759 608 1366 739 276 259 58 82 
3 9 759 608 1366 740 276 259 58 82 
3 9 759 608 1366 741 276 259 58 82 
3 9 759 608 1366 742 276 259 58 82 
3 9 759 608 1366 743 279 259 56 82 
3 9 759 608 1366 744 279 259 56 82 
3 9 759 608 1366 745 279 258 56 82 
3 9 759 608 1366 746 279 258 56 82 
3 9 759 608 1366 747 279 258 56 82 
3 9 759 608 1366 748 281 258 56 82 
3 9 759 608 1366 749 281 258 56 82 
3 9 759 608 1366 750 281 258 56 82 
3 9 759 608 1366 751 281 258 56 82 
3 9 759 608 1366 752 281 258 56 82 
3 9 759 608 1366 753 281 258 58 82 
3 9 759 608 1366 754 281 256 56 82 
3 9 759 608 1366 755 281 256 56 82 
3 9 759 608 1366 756 281 256 56 82 
3 9 759 608 1366 757 281 256 56 82 
3 9 759 608 1366 758 281 256 56 82 
3 9 759 608 1366 759 281 256 56 82 
3 9 759 608 1366 760 281 256 56 82 
3 9 759 608 1366 761 281 256 56 82 
3 9 759 608 1366 762 281 256 56 82 
3 9 759 608 1366 763 281 256 56 82 
3 9 759 608 1366 764 281 256 56 82 
3 9 759 608 1366 765 281 256 56 82 
3 9 759 608 1366 766 281 256 56 82 
3 9 759 608 1366 767 279 256 56 82 
3 9 759 608 1366 768 279 256 56 82 
3 9 759 608 1366 769 279 256 56 82 
3 9 759 608 1366 770 279 256 56 82 
3 9 759 608 1366 771 279 254 56 82 
3 9 759 608 1366 772 279 254 56 82 
3 9 759 608 1366 773 279 254 56 82 
3 9 759 608 1366 774 279 254 56 82 
3 9 759 608 1366 775 279 254 56 82 
3 9 759 608 1366 776 279 254 56 82 
3 9 759 608 1366 777 279 254 56 82 
3 9 759 608 1366 778 279 254 56 82 
3 9 759 608 1366 779 279 254 56 82 
3 9 759 608 1366 780 276 254 58 82 
3 9 759 608 1366 781 276 254 58 82 
3 9 759 608 1366 782 276 254 58 82 
3 9 759 608 1366 783 276 254 58 82 
3 9 759 608 1366 784 276 254 58 82 
3 9 759 608 1366 785 276 254 58 82 
3 9 759 608 1366 786 276 254 58 82 
3 9 759 608 1366 787 276 254 58 82 
3 9 759 608 1366 788 276 252 58 82 
3 9 759 608 1366 789 276 252 58 82 
3 9 759 608 1366 790 276 252 58 82 
3 9 759 608 1366 791 276 252 58 82 
3 9 759 608 1366 792 276 252 58 82 
3 9 759 608 1366 793 274 252 58 82 
3 9 759 608 1366 794 274 252 58 82 
3 9 759 608 1366 795 274 252 58 82 
3 9 759 608 1366 796 274 252 58 82 
3 9 759 608 1366 797 274 252 58 82 
3 9 759 608 1366 798 274 252 58 82 
3 9 759 608 1366 799 274 252 58 82 
3 9 759 608 1366 800 274 252 58 82 
3 9 759 608 1366 801 274 252 58 82 
3 9 759 608 1366 802 274 252 58 82 
3 9 759 608 1366 803 274 252 58 82 
3 9 759 608 1366 804 274 252 58 82 
3 9 759 608 1366 805 274 252 58 82 
3 9 759 608 1366 806 274 250 56 84 
3 9 759 608 1366 807 274 250 56 84 
3 9 759 608 1366 808 274 250 56 84 
3 9 759 608 1366 809 274 250 56 84 
3 9 759 608 1366 810 274 250 56 84 
3 9 759 608 1366 811 272 250 56 84 
3 9 759 608 1366 812 272 250 56 84 
3 9 759 608 1366 813 272 250 56 84 
3 9 759 608 1366 814 272 250 56 84 
3 9 759 608 1366 815 272 249 56 82 
3 9 759 608 1366 816 272 249 56 82 
3 9 759 608 1366 817 270 249 56 82 
3 9 759 608 1366 818 270 249 56 82 
3 9 759 608 1366 819 270 249 56 82 
3 9 759 608 1366 820 270 249 56 82 
3 9 759 608 1366 821 270 249 56 82 
3 9 759 608 1366 822 270 249 56 82 
3 9 759 608 1366 823 267 249 58 82 
3 9 759 608 1366 824 267 247 58 82 
3 9 759 608 1366 825 267 247 58 82 
3 9 759 608 1366 826 267 247 58 82 
3 9 759 608 1366 827 267 247 58 82 
3 9 759 608 1366 828 265 247 58 82 
3 9 759 608 1366 829 265 247 58 82 
3 9 759 608 1366 830 265 247 58 82 
3 9 759 608 1366 831 265 247 58 82 
3 9 759 608 1366 832 265 247 58 82 
3 9 759 608 1366 833 265 245 58 82 
3 9 759 608 1366 834 265 245 56 82 
3 9 759 608 1366 835 265 245 56 82 
3 9 759 608 1366 836 265 245 56 82 
3 9 759 608 1366 837 265 245 56 82 
3 9 759 608 1366 838 265 245 56 82 
3 9 759 608 1366 839 265 245 56 82 
3 9 759 608 1366 840 263 245 56 82 
3 9 759 608 1366 841 263 245 56 82 
3 9 759 608 1366 842 263 243 56 82 
3 9 759 608 1366 843 263 243 56 82 
3 9 759 608 1366 844 263 243 56 82 
3 9 759 608 1366 845 263 243 56 82 
3 9 759 608 1366 846 260 243 58 82 
3 9 759 608 1366 847 260 243 58 82 
3 9 759 608 1366 848 260 243 58 82 
3 9 759 608 1366 849 260 243 58 82 
3 9 759 608 1366 850 260 243 58 82 
3 9 759 608 1366 851 258 242 58 82 
3 9 759 608 1366 852 258 242 58 82 
3 9 759 608 1366 853 258 242 58 82 
3 9 759 608 1366 854 258 242 58 82 
3 9 759 608 1366 855 258 242 58 82 
3 9 759 608 1366 856 258 242 58 82 
3 9 759 608 1366 857 258 242 56 82 
3 9 759 608 1366 858 258 242 56 82 
3 9 759 608 1366 859 258 242 56 82 
3 9 759 608 1366 860 258 240 56 82 
3 9 759 608 1366 861 258 240 56 82 
3 9 759 608 1366 862 258 240 56 82 
3 9 759 608 1366 863 256 240 56 82 
3 9 759 608 1366 864 256 240 56 82 
3 9 759 608 1366 865 256 240 56 82 
3 9 759 608 1366 866 256 240 56 82 
3 9 759 608 1366 867 256 240 56 82 
3 9 759 608 1366 868 256 240 56 82 
3 9 759 608 1366 869 254 238 56 82 
3 9 759 608 1366 870 254 238 56 82 
3 9 759 608 1366 871 254 238 56 82 
3 9 759 608 1366 872 254 238 56 82 
3 9 759 608 1366 873 251 238 58 82 
3 9 759 608 1366 874 251 238 58 82 
3 9 759 608 1366 875 251 238 58 82 
3 9 759 608 1366 876 251 238 58 82 
3 9 759 608 1366 877 251 238 58 82 
3 9 759 608 1366 878 249 238 58 82 
3 9 759 608 1366 879 249 238 58 82 
3 9 759 608 1366 880 249 238 58 82 
3 9 759 608 1366 881 249 238 58 82 
3 9 759 608 1366 882 249 238 56 82 
3 9 759 608 1366 883 249 238 56 82 
3 9 759 608 1366 884 249 238 56 82 
3 9 759 608 1366 885 249 236 56 82 
3 9 759 608 1366 886 249 236 56 82 
3 9 759 608 1366 887 247 236 56 82 
3 9 759 608 1366 888 247 236 56 82 
3 9 759 608 1366 889 247 236 56 82 
3 9 759 608 1366 890 247 236 56 82 
3 9 759 608 1366 891 244 236 58 82 
3 9 759 608 1366 892 244 236 58 82 
3 9 759 608 1366 893 244 236 58 82 
3 9 759 608 1366 894 244 236 58 82 
3 9 759 608 1366 895 244 236 58 82 
3 9 759 608 1366 896 242 236 58 82 
3 9 759 608 1366 897 242 236 58 82 
3 9 759 608 1366 898 242 236 58 82 
3 9 759 608 1366 899 242 236 58 82 
3 9 759 608 1366 900 242 236 58 82 
3 9 759 608 1366 901 242 234 56 84 
3 9 759 608 1366 902 242 234 56 84 
3 9 759 608 1366 903 242 234 56 84 
3 9 759 608 1366 904 242 234 56 84 
3 9 759 608 1366 905 242 234 56 84 
3 9 759 608 1366 906 242 234 56 84 
3 9 759 608 1366 907 242 234 56 84 
3 9 759 608 1366 908 240 234 56 84 
3 9 759 608 1366 909 240 234 56 84 
3 9 759 608 1366 910 240 234 56 84 
3 9 759 608 1366 911 240 234 56 84 
3 9 759 608 1366 912 240 234 56 84 
3 9 759 608 1366 913 240 234 56 84 
3 9 759 608 1366 914 240 234 56 84 
3 9 759 608 1366 915 240 234 56 84 
3 9 759 608 1366 916 238 234 56 84 
3 9 759 608 1366 917 238 234 56 84 
3 9 759 608 1366 918 238 234 56 84 
3 9 759 608 1366 919 238 234 56 84 
3 9 759 608 1366 920 238 234 56 84 
3 9 759 608 1366 921 238 234 56 81 
3 9 759 608 1366 922 238 234 56 81 
3 9 759 608 1366 923 238 234 54 81 
3 9 759 608 1366 924 235 234 58 81 
3 9 759 608 1366 925 235 234 58 81 
3 9 759 608 1366 926 235 234 58 81 
3 9 759 608 1366 927 235 234 58 81 
3 9 759 608 1366 928 235 233 58 82 
3 9 759 608 1366 929 235 233 58 82 
3 9 759 608 1366 930 235 233 58 82 
3 9 759 608 1366 931 236 233 54 82 
3 9 759 608 1366 932 233 233 58 82 
3 9 759 608 1366 933 233 233 58 82 
3 9 759 608 1366 934 233 233 58 82 
3 9 759 608 1366 935 233 233 58 82 
3 9 759 608 1366 936 233 233 58 82 
3 9 759 608 1366 937 233 233 58 82 
3 9 759 608 1366 938 234 233 54 82 
3 9 759 608 1366 939 234 233 54 82 
3 9 759 608 1366 940 233 233 56 82 
3 9 759 608 1366 941 233 233 56 79 
3 9 759 608 1366 942 233 233 56 79 
3 9 759 608 1366 943 233 233 56 79 
3 9 759 608 1366 944 233 233 56 79 
3 9 759 608 1366 945 233 233 56 79 
3 9 759 608 1366 946 234 233 52 79 
3 9 759 608 1366 947 234 233 52 79 
3 9 759 608 1366 948 231 233 56 79 
3 9 759 608 1366 949 231 233 56 79 
3 9 759 608 1366 950 231 233 56 79 
3 9 759 608 1366 951 231 233 56 79 
3 9 759 608 1366 952 231 233 56 79 
3 9 759 608 1366 953 231 233 54 79 
3 9 759 608 1366 954 231 233 54 79 
3 9 759 608 1366 955 231 231 54 82 
3 9 759 608 1366 956 228 231 58 82 
3 9 759 608 1366 957 228 231 58 82 
3 9 759 608 1366 958 228 231 58 82 
3 9 759 608 1366 959 228 231 58 82 
3 9 759 608 1366 960 228 231 58 82 
3 9 759 608 1366 961 229 231 54 79 
3 9 759 608 1366 962 229 231 54 79 
3 9 759 608 1366 963 229 231 54 79 
3 9 759 608 1366 964 226 231 58 79 
3 9 759 608 1366 965 226 231 58 79 
3 9 759 608 1366 966 226 231 58 79 
3 9 759 608 1366 967 226 231 58 79 
3 9 759 608 1366 968 227 231 54 79 
3 9 759 608 1366 969 227 231 54 79 
3 9 759 608 1366 970 227 231 54 79 
3 9 759 608 1366 971 227 231 54 79 
3 9 759 608 1366 972 226 231 56 79 
3 9 759 608 1366 973 226 231 56 79 
3 9 759 608 1366 974 226 231 56 79 
3 9 759 608 1366 975 226 231 56 79 
3 9 759 608 1366 976 227 231 52 79 
3 9 759 608 1366 977 227 231 52 79 
3 9 759 608 1366 978 227 231 52 79 
3 9 759 608 1366 979 224 231 56 79 
3 9 759 608 1366 980 224 231 56 79 
3 9 759 608 1366 981 224 232 56 76 
3 9 759 608 1366 982 224 229 56 79 
3 9 759 608 1366 983 225 229 52 79 
3 9 759 608 1366 984 225 229 52 79 
3 9 759 608 1366 985 225 229 52 79 
3 9 759 608 1366 986 225 229 52 79 
3 9 759 608 1366 987 222 229 56 79 
3 9 759 608 1366 988 222 229 56 79 
3 9 759 608 1366 989 222 229 56 79 
3 9 759 608 1366 990 222 229 56 79 
3 9 759 608 1366 991 222 229 54 79 
3 9 759 608 1366 992 222 229 54 79 
3 9 759 608 1366 993 222 229 54 79 
3 9 759 608 1366 994 222 229 54 79 
3 9 759 608 1366 995 219 229 58 79 
3 9 759 608 1366 996 219 229 58 79 
3 9 759 608 1366 997 219 229 58 79 
3 9 759 608 1366 998 220 229 54 79 
3 9 759 608 1366 999 220 229 54 79 
3 9 759 608 1366 1000 220 229 54 79 
3 9 759 608 1366 1001 220 230 54 78 
3 9 759 608 1366 1002 220 230 54 78 
3 9 759 608 1366 1003 217 230 58 78 
3 9 759 608 1366 1004 217 230 58 78 
3 9 759 608 1366 1005 217 230 58 78 
3 9 759 608 1366 1006 218 230 54 78 
3 9 759 608 1366 1007 218 230 54 78 
3 9 759 608 1366 1008 218 230 54 78 
3 9 759 608 1366 1009 218 230 54 78 
3 9 759 608 1366 1010 218 227 54 81 
3 9 759 608 1366 1011 217 227 56 81 
3 9 759 608 1366 1012 217 227 56 81 
3 9 759 608 1366 1013 218 227 52 81 
3 9 759 608 1366 1014 218 227 52 81 
3 9 759 608 1366 1015 218 227 52 81 
3 9 759 608 1366 1016 218 227 52 81 
3 9 759 608 1366 1017 218 227 52 81 
3 9 759 608 1366 1018 218 227 52 81 
3 9 759 608 1366 1019 215 227 56 81 
3 9 759 608 1366 1020 215 227 56 81 
3 9 759 608 1366 1021 215 228 54 78 
3 9 759 608 1366 1022 215 228 54 78 
3 9 759 608 1366 1023 215 228 54 78 
3 9 759 608 1366 1024 215 228 54 78 
3 9 759 608 1366 1025 215 228 54 78 
3 9 759 608 1366 1026 215 228 54 78 
3 9 759 608 1366 1027 212 228 58 78 
3 9 759 608 1366 1028 213 228 54 78 
3 9 759 608 1366 1029 213 228 54 78 
3 9 759 608 1366 1030 213 228 54 78 
3 9 759 608 1366 1031 213 228 54 78 
3 9 759 608 1366 1032 213 228 54 78 
3 9 759 608 1366 1033 213 228 54 78 
3 9 759 608 1366 1034 213 228 54 78 
3 9 759 608 1366 1035 210 228 58 78 
3 9 759 608 1366 1036 211 228 54 78 
3 9 759 608 1366 1037 211 226 54 79 
3 9 759 608 1366 1038 211 226 54 79 
3 9 759 608 1366 1039 211 226 54 79 
3 9 759 608 1366 1040 211 226 54 79 
3 9 759 608 1366 1041 211 227 54 76 
3 9 759 608 1366 1042 211 227 54 76 
3 9 759 608 1366 1043 211 227 52 76 
3 9 759 608 1366 1044 211 227 52 76 
3 9 759 608 1366 1045 211 227 52 76 
3 9 759 608 1366 1046 211 227 52 76 
3 9 759 608 1366 1047 211 227 52 76 
3 9 759 608 1366 1048 211 227 52 76 
3 9 759 608 1366 1049 211 227 52 76 
3 9 759 608 1366 1050 211 227 52 76 
3 9 759 608 1366 1051 209 227 52 76 
3 9 759 608 1366 1052 209 227 52 76 
3 9 759 608 1366 1053 209 227 52 76 
3 9 759 608 1366 1054 209 227 52 76 
3 9 759 608 1366 1055 209 227 52 76 
3 9 759 608 1366 1056 209 227 52 76 
3 9 759 608 1366 1057 209 227 52 76 
3 9 759 608 1366 1058 206 227 54 76 
3 9 759 608 1366 1059 206 227 54 76 
3 9 759 608 1366 1060 206 227 54 76 
3 9 759 608 1366 1061 206 227 54 73 
3 9 759 608 1366 1062 206 227 54 73 
3 9 759 608 1366 1063 206 227 54 73 
3 9 759 608 1366 1064 206 225 54 76 
3 9 759 608 1366 1065 206 225 54 76 
3 9 759 608 1366 1066 204 225 54 76 
3 9 759 608 1366 1067 204 225 54 76 
3 9 759 608 1366 1068 204 225 54 76 
3 9 759 608 1366 1069 204 225 54 76 
3 9 759 608 1366 1070 204 225 54 76 
3 9 759 608 1366 1071 204 225 54 76 
3 9 759 608 1366 1072 204 225 54 76 
3 9 759 608 1366 1073 205 225 50 76 
3 9 759 608 1366 1074 202 225 54 76 
3 9 759 608 1366 1075 202 225 54 76 
3 9 759 608 1366 1076 202 225 54 76 
3 9 759 608 1366 1077 202 225 54 76 
3 9 759 608 1366 1078 202 225 54 76 
3 9 759 608 1366 1079 202 225 54 76 
3 9 759 608 1366 1080 202 225 54 76 
3 9 759 608 1366 1081 203 225 50 75 
3 9 759 608 1366 1082 202 225 52 75 
3 9 759 608 1366 1083 202 225 52 75 
3 9 759 608 1366 1084 202 225 52 75 
3 9 759 608 1366 1085 202 225 52 75 
3 9 759 608 1366 1086 202 225 52 75 
3 9 759 608 1366 1087 202 225 52 75 
3 9 759 608 1366 1088 202 225 50 75 
3 9 759 608 1366 1089 202 225 50 75 
3 9 759 608 1366 1090 199 225 54 75 
3 9 759 608 1366 1091 199 223 54 78 
3 9 759 608 1366 1092 199 223 54 78 
3 9 759 608 1366 1093 199 223 54 78 
3 9 759 608 1366 1094 199 223 54 78 
3 9 759 608 1366 1095 199 223 54 78 
3 9 759 608 1366 1096 200 223 50 78 
3 9 759 608 1366 1097 200 223 50 78 
3 9 759 608 1366 1098 197 223 54 78 
3 9 759 608 1366 1099 197 223 54 78 
3 9 759 608 1366 1100 197 223 54 78 
3 9 759 608 1366 1101 197 223 54 75 
3 9 759 608 1366 1102 197 223 54 75 
3 9 759 608 1366 1103 198 223 50 75 
3 9 759 608 1366 1104 198 223 50 75 
3 9 759 608 1366 1105 198 223 50 75 
3 9 759 608 1366 1106 195 223 54 75 
3 9 759 608 1366 1107 195 223 54 75 
3 9 759 608 1366 1108 195 223 54 75 
3 9 759 608 1366 1109 195 223 54 75 
3 9 759 608 1366 1110 195 223 54 75 
3 9 759 608 1366 1111 196 223 50 75 
3 9 759 608 1366 1112 196 223 50 75 
3 9 759 608 1366 1113 196 223 50 75 
3 9 759 608 1366 1114 195 223 52 75 
3 9 759 608 1366 1115 195 223 52 75 
3 9 759 608 1366 1116 195 223 52 75 
3 9 759 608 1366 1117 195 223 52 75 
3 9 759 608 1366 1118 196 223 48 75 
3 9 759 608 1366 1119 196 221 48 78 
3 9 759 608 1366 1120 196 221 48 78 
3 9 759 608 1366 1121 196 221 48 75 
3 9 759 608 1366 1122 193 221 52 75 
3 9 759 608 1366 1123 193 221 52 75 
3 9 759 608 1366 1124 193 221 52 75 
3 9 759 608 1366 1125 193 221 52 75 
3 9 759 608 1366 1126 193 221 50 75 
3 9 759 608 1366 1127 193 221 50 75 
3 9 759 608 1366 1128 193 221 50 75 
3 9 759 608 1366 1129 190 221 54 75 
3 9 759 608 1366 1130 190 221 54 75 
3 9 759 608 1366 1131 190 221 54 75 
3 9 759 608 1366 1132 190 221 54 75 
3 9 759 608 1366 1133 191 221 50 75 
3 9 759 608 1366 1134 191 221 50 75 
3 9 759 608 1366 1135 191 221 50 75 
3 9 759 608 1366 1136 191 221 50 75 
3 9 759 608 1366 1137 188 221 54 75 
3 9 759 608 1366 1138 188 221 54 75 
3 9 759 608 1366 1139 188 221 54 75 
3 9 759 608 1366 1140 188 221 54 75 
3 9 759 608 1366 1141 189 222 50 72 
3 9 759 608 1366 1142 189 222 50 72 
3 9 759 608 1366 1143 189 222 50 72 
3 9 759 608 1366 1144 189 222 50 72 
3 9 759 608 1366 1145 186 222 54 72 
3 9 759 608 1366 1146 186 219 54 75 
3 9 759 608 1366 1147 186 219 54 75 
3 9 759 608 1366 1148 187 219 50 75 
3 9 759 608 1366 1149 187 219 50 75 
3 9 759 608 1366 1150 187 219 50 75 
3 9 759 608 1366 1151 187 219 50 75 
3 9 759 608 1366 1152 187 219 50 75 
3 9 759 608 1366 1153 186 219 52 75 
3 9 759 608 1366 1154 186 219 52 75 
3 9 759 608 1366 1155 186 219 52 75 
3 9 759 608 1366 1156 186 219 50 75 
3 9 759 608 1366 1157 186 219 50 75 
3 9 759 608 1366 1158 186 219 50 75 
3 9 759 608 1366 1159 186 219 50 75 
3 9 759 608 1366 1160 186 219 50 75 
3 9 759 608 1366 1161 183 220 54 72 
3 9 759 608 1366 1162 183 220 54 72 
3 9 759 608 1366 1163 184 220 50 72 
3 9 759 608 1366 1164 184 220 50 72 
3 9 759 608 1366 1165 184 220 50 72 
3 9 759 608 1366 1166 184 220 50 72 
3 9 759 608 1366 1167 184 220 50 72 
3 9 759 608 1366 1168 184 220 50 72 
3 9 759 608 1366 1169 181 220 54 72 
3 9 759 608 1366 1170 181 220 54 72 
3 9 759 608 1366 1171 182 220 50 72 
3 9 759 608 1366 1172 182 220 50 72 
3 9 759 608 1366 1173 182 218 50 73 
3 9 759 608 1366 1174 182 218 50 73 
3 9 759 608 1366 1175 182 218 50 73 
3 9 759 608 1366 1176 182 218 50 73 
3 9 759 608 1366 1177 179 218 54 73 
3 9 759 608 1366 1178 180 218 50 73 
3 9 759 608 1366 1179 180 218 50 73 
3 9 759 608 1366 1180 180 218 50 73 
3 9 759 608 1366 1181 180 219 50 72 
3 9 759 608 1366 1182 180 219 50 72 
3 9 759 608 1366 1183 180 219 50 72 
3 9 759 608 1366 1184 180 219 50 72 
3 9 759 608 1366 1185 179 219 52 72 
3 9 759 608 1366 1186 180 219 48 72 
3 9 759 608 1366 1187 180 219 48 72 
3 9 759 608 1366 1188 180 219 48 72 
3 9 759 608 1366 1189 180 219 48 72 
3 9 759 608 1366 1190 180 219 48 72 
3 9 759 608 1366 1191 180 219 48 72 
3 9 759 608 1366 1192 180 219 48 72 
3 9 759 608 1366 1193 177 219 50 72 
3 9 759 608 1366 1194 177 219 50 72 
3 9 759 608 1366 1195 177 219 50 72 
3 9 759 608 1366 1196 177 219 50 72 
3 9 759 608 1366 1197 177 219 50 72 
3 9 759 608 1366 1198 177 219 50 72 
3 9 759 608 1366 1199 177 219 50 72 
3 9 759 608 1366 1200 177 219 50 72 
3 9 759 608 1366 1201 175 217 50 72 
3 9 759 608 1366 1202 175 217 50 72 
3 9 759 608 1366 1203 175 217 50 72 
3 9 759 608 1366 1204 175 217 50 72 
3 9 759 608 1366 1205 175 217 50 72 
3 9 759 608 1366 1206 175 217 50 72 
3 9 759 608 1366 1207 175 217 50 72 
3 9 759 608 1366 1208 175 217 50 72 
3 9 759 608 1366 1209 175 217 50 72 
3 9 759 608 1366 1210 175 217 50 72 
3 9 759 608 1366 1211 175 217 50 72 
3 9 759 608 1366 1212 175 217 50 72 
3 9 759 608 1366 1213 175 217 50 72 
3 9 759 608 1366 1214 176 217 46 72 
3 9 759 608 1366 1215 173 217 50 72 
3 9 759 608 1366 1216 173 217 50 72 
3 9 759 608 1366 1217 173 217 50 72 
3 9 759 608 1366 1218 173 217 50 72 
3 9 759 608 1366 1219 173 217 50 72 
3 9 759 608 1366 1220 173 217 50 72 
3 9 759 608 1366 1221 173 217 50 72 
3 9 759 608 1366 1222 173 217 50 72 
3 9 759 608 1366 1223 173 217 50 72 
3 9 759 608 1366 1224 173 217 50 72 
3 9 759 608 1366 1225 173 217 50 72 
3 9 759 608 1366 1226 173 217 50 72 
3 9 759 608 1366 1227 174 217 46 72 
3 9 759 608 1366 1228 174 217 46 72 
3 9 759 608 1366 1229 174 217 46 69 
3 9 759 608 1366 1230 171 217 50 69 
3 9 759 608 1366 1231 171 217 50 69 
3 9 759 608 1366 1232 171 217 50 69 
3 9 759 608 1366 1233 171 217 50 69 
3 9 759 608 1366 1234 171 217 50 69 
3 9 759 608 1366 1235 171 217 50 69 
3 9 759 608 1366 1236 171 217 50 69 
3 9 759 608 1366 1237 171 217 50 69 
3 9 759 608 1366 1238 171 217 50 69 
3 9 759 608 1366 1239 171 217 50 69 
3 9 759 608 1366 1240 172 217 48 69 
3 9 759 608 1366 1241 172 217 48 69 
3 9 759 608 1366 1242 172 217 48 69 
3 9 759 608 1366 1243 172 217 48 69 
3 9 759 608 1366 1244 172 217 48 69 
3 9 759 608 1366 1245 170 217 50 69 
3 9 759 608 1366 1246 170 217 50 69 
3 9 759 608 1366 1247 170 217 50 69 
3 9 759 608 1366 1248 170 217 50 69 
3 9 759 608 1366 1249 170 217 50 69 
3 9 759 608 1366 1250 170 217 50 69 
3 9 759 608 1366 1251 170 217 50 69 
3 9 759 608 1366 1252 170 217 50 69 
3 9 759 608 1366 1253 170 217 50 69 
3 9 759 608 1366 1254 171 217 46 69 
3 9 759 608 1366 1255 171 217 46 69 
3 9 759 608 1366 1256 171 217 46 69 
3 9 759 608 1366 1257 171 218 46 66 
3 9 759 608 1366 1258 171 218 46 66 
3 9 759 608 1366 1259 171 218 46 66 
3 9 759 608 1366 1260 168 218 50 66 
3 9 759 608 1366 1261 168 218 50 66 
3 9 759 608 1366 1262 168 218 50 66 
3 9 759 608 1366 1263 168 218 50 66 
3 9 759 608 1366 1264 168 218 50 66 
3 9 759 608 1366 1265 168 218 50 66 
3 9 759 608 1366 1266 168 218 50 66 
3 9 759 608 1366 1267 169 218 46 66 
3 9 759 608 1366 1268 169 218 46 66 
3 9 759 608 1366 1269 169 218 46 66 
3 9 759 608 1366 1270 169 218 46 66 
3 9 759 608 1366 1271 169 218 46 66 
3 9 759 608 1366 1272 169 218 46 66 
3 9 759 608 1366 1273 169 218 46 66 
3 9 759 608 1366 1274 169 218 46 66 
3 9 759 608 1366 1275 166 218 50 66 
3 9 759 608 1366 1276 166 218 50 66 
3 9 759 608 1366 1277 166 218 50 66 
3 9 759 608 1366 1278 166 218 50 66 
3 9 759 608 1366 1279 166 218 50 66 
3 9 759 608 1366 1280 167 218 46 66 
3 9 759 608 1366 1281 167 218 46 66 
3 9 759 608 1366 1282 167 218 46 66 
3 9 759 608 1366 1283 167 218 46 66 
3 9 759 608 1366 1284 167 218 46 66 
3 9 759 608 1366 1285 167 218 46 64 
3 9 759 608 1366 1286 167 218 46 64 
3 9 759 608 1366 1287 167 218 46 64 
3 9 759 608 1366 1288 167 218 46 64 
3 9 759 608 1366 1289 164 218 50 64 
3 9 759 608 1366 1290 164 218 50 64 
3 9 759 608 1366 1291 164 218 50 64 
3 9 759 608 1366 1292 164 218 50 64 
3 9 759 608 1366 1293 165 218 46 64 
3 9 759 608 1366 1294 165 218 46 64 
3 9 759 608 1366 1295 165 218 46 64 
3 9 759 608 1366 1296 165 218 46 64 
3 9 759 608 1366 1297 165 218 46 64 
3 9 759 608 1366 1298 165 218 46 64 
3 9 759 608 1366 1299 165 218 46 64 
3 9 759 608 1366 1300 165 218 46 64 
3 9 759 608 1366 1301 165 218 46 64 
3 9 759 608 1366 1302 165 218 46 64 
3 9 759 608 1366 1303 165 218 46 64 
3 9 759 608 1366 1304 164 218 48 64 
3 9 759 608 1366 1305 164 218 48 64 
3 9 759 608 1366 1306 164 218 48 64 
3 9 759 608 1366 1307 164 218 46 64 
3 9 759 608 1366 1308 164 218 46 64 
3 9 759 608 1366 1309 164 218 46 64 
3 9 759 608 1366 1310 164 218 46 64 
3 9 759 608 1366 1311 164 218 46 64 
3 9 759 608 1366 1312 164 218 46 64 
3 9 759 608 1366 1313 164 218 46 61 
3 9 759 608 1366 1314 164 218 46 61 
3 9 759 608 1366 1315 164 218 46 61 
3 9 759 608 1366 1316 164 218 46 61 
3 9 759 608 1366 1317 164 218 46 61 
3 9 759 608 1366 1318 164 218 46 61 
3 9 759 608 1366 1319 161 218 50 61 
3 9 759 608 1366 1320 162 218 46 61 
3 9 759 608 1366 1321 162 218 46 61 
3 9 759 608 1366 1322 162 218 46 61 
3 9 759 608 1366 1323 162 218 46 61 
3 9 759 608 1366 1324 162 218 46 61 
3 9 759 608 1366 1325 162 218 46 61 
3 9 759 608 1366 1326 162 218 46 61 
3 9 759 608 1366 1327 162 216 46 64 
3 9 759 608 1366 1328 162 216 46 64 
3 9 759 608 1366 1329 162 216 46 64 
3 9 759 608 1366 1330 162 216 46 64 
3 9 759 608 1366 1331 162 216 46 64 
3 9 759 608 1366 1332 162 216 46 64 
3 9 759 608 1366 1333 163 216 42 64 
3 9 759 608 1366 1334 160 216 46 64 
3 9 759 608 1366 1335 160 216 46 64 
3 9 759 608 1366 1336 160 216 46 64 
3 9 759 608 1366 1337 160 216 46 64 
3 9 759 608 1366 1338 160 216 46 64 
3 9 759 608 1366 1339 160 216 46 64 
3 9 759 608 1366 1340 160 216 46 64 
3 9 759 608 1366 1341 160 216 46 61 
3 9 759 608 1366 1342 160 216 46 61 
3 9 759 608 1366 1343 160 216 46 61 
3 9 759 608 1366 1344 160 216 46 61 
3 9 759 608 1366 1345 160 216 46 61 
3 9 759 608 1366 1346 161 216 42 61 
3 9 759 608 1366 1347 161 216 42 61 
3 9 759 608 1366 1348 161 216 42 61 
3 9 759 608 1366 1349 158 216 46 61 
3 9 759 608 1366 1350 158 216 46 61 
3 9 759 608 1366 1351 158 216 46 61 
3 9 759 608 1366 1352 158 216 46 61 
3 9 759 608 1366 1353 158 216 46 61 
3 9 759 608 1366 1354 158 216 46 61 
3 9 759 608 1366 1355 158 216 46 61 
3 9 759 608 1366 1356 158 216 46 61 
3 9 759 608 1366 1357 158 216 46 61 
3 9 759 608 1366 1358 158 216 46 61 
3 9 759 608 1366 1359 158 216 46 61 
3 9 759 608 1366 1360 159 216 44 61 
3 9 759 608 1366 1361 159 216 44 61 
3 9 759 608 1366 1362 159 216 44 61 
3 9 759 608 1366 1363 159 216 44 61 
3 9 759 608 1366 1364 156 216 48 61 
3 9 759 608 1366 1365 156 216 48 61 
3 9 759 608 1366 1366 156 216 48 61 
