34 7 47 0 46 0 932 398 150 264 
34 7 47 0 46 1 930 396 148 264 
34 7 47 0 46 2 927 396 150 264 
34 7 47 0 46 3 925 395 150 264 
34 7 47 0 46 4 923 395 148 264 
34 7 47 0 46 5 921 393 148 264 
34 7 47 0 46 6 918 393 150 264 
34 7 47 0 46 7 914 391 150 264 
34 7 47 0 46 8 914 391 148 264 
34 7 47 0 46 9 911 389 150 264 
34 7 47 0 46 10 909 389 150 264 
34 7 47 0 46 11 907 388 148 264 
34 7 47 0 46 12 905 388 148 264 
34 7 47 0 46 13 902 386 150 264 
34 7 47 0 46 14 898 386 150 264 
34 7 47 0 46 15 898 384 148 264 
34 7 47 0 46 16 895 384 150 264 
34 7 47 0 46 17 891 382 150 264 
34 7 47 0 46 18 891 382 148 264 
34 7 47 0 46 19 889 380 148 264 
34 7 47 0 46 20 886 380 150 264 
34 7 47 0 46 21 882 379 148 261 
34 7 47 0 46 22 877 380 150 258 
34 7 47 0 46 23 875 380 148 255 
34 7 47 0 46 24 870 381 150 250 
34 7 47 0 46 25 866 381 150 247 
34 7 47 0 46 26 863 382 150 244 
34 7 47 0 46 27 859 380 150 244 
34 7 47 0 46 28 859 380 148 244 
34 7 47 0 46 29 857 378 146 246 
34 7 47 0 46 30 852 378 150 246 
34 7 47 0 46 31 851 376 146 246 
34 7 47 0 46 32 850 376 146 246 
34 7 47 0 46 33 849 376 142 246 
34 7 47 0 46 34 844 375 146 244 
34 7 47 0 46 35 844 375 142 244 
34 7 47 0 46 36 842 373 142 244 
34 7 47 0 46 37 838 373 142 244 
34 7 47 0 46 38 836 371 144 246 
34 7 47 0 46 39 836 371 138 246 
34 7 47 0 46 40 834 371 138 246 
34 7 47 0 46 41 830 369 140 246 
34 7 47 0 46 42 827 367 138 246 
34 7 47 0 46 43 823 366 140 244 
34 7 47 0 46 44 820 364 138 244 
34 7 47 0 46 45 816 362 138 246 
34 7 47 0 46 46 813 360 138 246 
35 7 89 23 111 23 744 390 126 247 
35 7 89 23 111 24 744 388 126 247 
35 7 89 23 111 25 744 388 124 247 
35 7 89 23 111 26 744 388 124 247 
35 7 89 23 111 27 742 386 124 247 
35 7 89 23 111 28 740 384 124 249 
35 7 89 23 111 29 737 382 126 249 
35 7 89 23 111 30 737 381 124 247 
35 7 89 23 111 31 737 381 124 247 
35 7 89 23 111 32 735 379 124 247 
35 7 89 23 111 33 733 379 124 247 
35 7 89 23 111 34 733 377 124 247 
35 7 89 23 111 35 731 375 124 249 
35 7 89 23 111 36 728 375 126 249 
35 7 89 23 111 37 728 374 126 247 
35 7 89 23 111 38 728 374 124 247 
35 7 89 23 111 39 726 372 124 247 
35 7 89 23 111 40 726 372 124 247 
35 7 89 23 111 41 721 370 126 247 
35 7 89 23 111 42 721 370 124 247 
35 7 89 23 111 43 717 368 124 249 
35 7 89 23 111 44 715 368 124 249 
35 7 89 23 111 45 712 366 126 249 
35 7 89 23 111 46 710 366 124 249 
35 7 89 23 111 47 708 365 124 247 
35 7 89 23 111 48 705 365 126 247 
35 7 89 23 111 49 703 366 124 241 
35 7 89 23 111 50 701 367 124 237 
35 7 89 23 111 51 699 368 124 231 
35 7 89 23 111 52 696 369 126 226 
35 7 89 23 111 53 696 369 124 223 
35 7 89 23 111 54 694 369 124 223 
35 7 89 23 111 55 692 369 124 223 
35 7 89 23 111 56 692 369 124 223 
35 7 89 23 111 57 689 369 126 223 
35 7 89 23 111 58 689 369 124 223 
35 7 89 23 111 59 689 369 124 223 
35 7 89 23 111 60 687 369 124 223 
35 7 89 23 111 61 685 369 124 223 
35 7 89 23 111 62 685 369 124 223 
35 7 89 23 111 63 683 369 124 223 
35 7 89 23 111 64 683 369 124 223 
35 7 89 23 111 65 680 367 124 223 
35 7 89 23 111 66 678 365 124 223 
35 7 89 23 111 67 673 363 126 225 
35 7 89 23 111 68 673 362 124 223 
35 7 89 23 111 69 671 360 124 223 
35 7 89 23 111 70 667 358 124 223 
35 7 89 23 111 71 664 356 126 225 
35 7 89 23 111 72 664 356 124 225 
35 7 89 23 111 73 662 356 124 225 
35 7 89 23 111 74 660 356 124 225 
35 7 89 23 111 75 660 356 124 225 
35 7 89 23 111 76 657 356 126 225 
35 7 89 23 111 77 657 356 126 225 
35 7 89 23 111 78 657 356 126 225 
35 7 89 23 111 79 655 354 124 225 
35 7 89 23 111 80 653 353 124 223 
35 7 89 23 111 81 651 353 124 223 
35 7 89 23 111 82 648 351 126 223 
35 7 89 23 111 83 648 351 124 223 
35 7 89 23 111 84 646 352 124 220 
35 7 89 23 111 85 644 352 124 219 
35 7 89 23 111 86 641 353 126 216 
35 7 89 23 111 87 641 353 124 216 
35 7 89 23 111 88 639 353 124 213 
35 7 89 23 111 89 637 354 124 210 
35 7 89 23 111 90 635 354 124 208 
35 7 89 23 111 91 635 354 124 208 
35 7 89 23 111 92 632 354 126 205 
35 7 89 23 111 93 632 355 124 202 
35 7 89 23 111 94 630 355 124 202 
35 7 89 23 111 95 628 355 124 199 
35 7 89 23 111 96 625 356 126 196 
35 7 89 23 111 97 625 356 124 196 
35 7 89 23 111 98 623 356 124 195 
35 7 89 23 111 99 623 356 124 195 
35 7 89 23 111 100 621 354 124 195 
35 7 89 23 111 101 619 354 124 195 
35 7 89 23 111 102 619 352 122 195 
35 7 89 23 111 103 617 352 122 195 
35 7 89 23 111 104 617 351 120 193 
35 7 89 23 111 105 617 351 120 193 
35 7 89 23 111 106 615 352 120 192 
35 7 89 23 111 107 612 349 122 195 
35 7 89 23 111 108 613 350 118 192 
35 7 89 23 111 109 611 347 118 195 
35 7 89 23 111 110 611 348 116 192 
35 7 89 23 111 111 611 348 116 192 
36 9 584 0 583 0 845 417 138 253 
36 9 584 0 583 1 843 415 138 253 
36 9 584 0 583 2 841 416 138 250 
36 9 584 0 583 3 839 414 140 252 
36 9 584 0 583 4 837 414 140 252 
36 9 584 0 583 5 836 414 138 249 
36 9 584 0 583 6 834 413 138 247 
36 9 584 0 583 7 832 414 138 244 
36 9 584 0 583 8 830 411 140 247 
36 9 584 0 583 9 829 412 138 244 
36 9 584 0 583 10 827 412 138 243 
36 9 584 0 583 11 825 410 138 246 
36 9 584 0 583 12 823 410 140 243 
36 9 584 0 583 13 821 408 140 243 
36 9 584 0 583 14 820 409 138 240 
36 9 584 0 583 15 818 409 138 240 
36 9 584 0 583 16 816 408 138 240 
36 9 584 0 583 17 814 408 140 237 
36 9 584 0 583 18 814 408 140 237 
36 9 584 0 583 19 809 403 138 246 
36 9 584 0 583 20 804 397 138 253 
36 9 584 0 583 21 802 397 138 250 
36 9 584 0 583 22 800 397 138 247 
36 9 584 0 583 23 800 398 138 244 
36 9 584 0 583 24 798 398 140 241 
36 9 584 0 583 25 797 399 138 240 
36 9 584 0 583 26 797 399 138 237 
36 9 584 0 583 27 796 397 134 237 
36 9 584 0 583 28 794 395 136 237 
36 9 584 0 583 29 795 395 132 237 
36 9 584 0 583 30 794 393 128 238 
36 9 584 0 583 31 792 393 128 238 
36 9 584 0 583 32 792 392 126 237 
36 9 584 0 583 33 792 392 124 237 
36 9 584 0 583 34 791 390 120 237 
36 9 584 0 583 35 791 388 118 237 
36 9 584 0 583 36 789 388 118 237 
36 9 584 0 583 37 788 386 114 237 
36 9 584 0 583 38 789 386 110 237 
36 9 584 0 583 39 788 384 110 238 
36 9 584 0 583 40 789 384 106 238 
36 9 584 0 583 41 785 383 106 237 
36 9 584 0 583 42 781 383 108 237 
36 9 584 0 583 43 780 381 106 237 
36 9 584 0 583 44 776 381 106 237 
36 9 584 0 583 45 773 379 106 237 
36 9 584 0 583 46 771 379 106 237 
36 9 584 0 583 47 767 377 108 238 
36 9 584 0 583 48 765 377 108 238 
36 9 584 0 583 49 762 377 106 235 
36 9 584 0 583 50 760 380 106 229 
36 9 584 0 583 51 757 380 106 229 
36 9 584 0 583 52 755 383 106 223 
36 9 584 0 583 53 753 386 106 220 
36 9 584 0 583 54 751 384 108 220 
36 9 584 0 583 55 749 382 108 222 
36 9 584 0 583 56 749 382 108 222 
36 9 584 0 583 57 748 380 106 222 
36 9 584 0 583 58 748 379 106 220 
36 9 584 0 583 59 746 379 106 220 
36 9 584 0 583 60 746 377 106 220 
36 9 584 0 583 61 744 375 106 222 
36 9 584 0 583 62 744 375 106 222 
36 9 584 0 583 63 742 373 108 222 
36 9 584 0 583 64 742 373 108 222 
36 9 584 0 583 65 741 371 106 222 
36 9 584 0 583 66 739 371 106 222 
36 9 584 0 583 67 737 370 106 220 
36 9 584 0 583 68 735 370 108 220 
36 9 584 0 583 69 733 370 108 220 
36 9 584 0 583 70 732 368 106 220 
36 9 584 0 583 71 730 368 106 220 
36 9 584 0 583 72 730 368 106 220 
36 9 584 0 583 73 728 366 106 222 
36 9 584 0 583 74 726 366 108 222 
36 9 584 0 583 75 725 366 106 222 
36 9 584 0 583 76 723 364 106 222 
36 9 584 0 583 77 721 364 106 222 
36 9 584 0 583 78 719 364 108 222 
36 9 584 0 583 79 717 363 108 220 
36 9 584 0 583 80 716 363 106 220 
36 9 584 0 583 81 716 363 106 220 
36 9 584 0 583 82 714 363 106 220 
36 9 584 0 583 83 714 363 106 220 
36 9 584 0 583 84 712 361 106 220 
36 9 584 0 583 85 710 361 108 219 
36 9 584 0 583 86 709 362 106 216 
36 9 584 0 583 87 707 362 106 216 
36 9 584 0 583 88 705 362 106 213 
36 9 584 0 583 89 703 360 108 213 
36 9 584 0 583 90 701 360 108 213 
36 9 584 0 583 91 700 361 106 210 
36 9 584 0 583 92 698 361 106 208 
36 9 584 0 583 93 696 361 106 208 
36 9 584 0 583 94 694 359 108 208 
36 9 584 0 583 95 693 359 106 205 
36 9 584 0 583 96 691 359 106 205 
36 9 584 0 583 97 689 360 106 202 
36 9 584 0 583 98 687 360 108 201 
36 9 584 0 583 99 687 360 108 201 
36 9 584 0 583 100 685 358 108 201 
36 9 584 0 583 101 684 358 106 201 
36 9 584 0 583 102 682 359 106 198 
36 9 584 0 583 103 682 357 106 199 
36 9 584 0 583 104 680 357 106 199 
36 9 584 0 583 105 678 358 108 196 
36 9 584 0 583 106 677 355 106 199 
36 9 584 0 583 107 677 356 106 196 
36 9 584 0 583 108 675 356 106 196 
36 9 584 0 583 109 673 353 106 199 
36 9 584 0 583 110 671 354 108 198 
36 9 584 0 583 111 671 354 108 198 
36 9 584 0 583 112 669 351 108 201 
36 9 584 0 583 113 668 352 106 198 
36 9 584 0 583 114 668 352 106 198 
36 9 584 0 583 115 666 351 106 196 
36 9 584 0 583 116 664 351 106 196 
36 9 584 0 583 117 662 351 108 196 
36 9 584 0 583 118 662 349 108 196 
36 9 584 0 583 119 661 349 106 196 
36 9 584 0 583 120 659 349 106 196 
36 9 584 0 583 121 657 347 106 198 
36 9 584 0 583 122 657 347 106 198 
36 9 584 0 583 123 655 347 108 195 
36 9 584 0 583 124 653 345 108 198 
36 9 584 0 583 125 653 345 108 198 
36 9 584 0 583 126 652 345 106 195 
36 9 584 0 583 127 650 343 106 198 
36 9 584 0 583 128 648 343 106 198 
36 9 584 0 583 129 648 343 106 195 
36 9 584 0 583 130 646 342 108 196 
36 9 584 0 583 131 645 342 106 193 
36 9 584 0 583 132 643 342 106 193 
36 9 584 0 583 133 643 340 106 196 
36 9 584 0 583 134 641 340 106 195 
36 9 584 0 583 135 639 340 108 195 
36 9 584 0 583 136 639 340 108 195 
36 9 584 0 583 137 637 338 108 195 
36 9 584 0 583 138 636 338 106 195 
36 9 584 0 583 139 634 338 106 195 
36 9 584 0 583 140 632 336 106 195 
36 9 584 0 583 141 632 336 106 195 
36 9 584 0 583 142 630 336 108 195 
36 9 584 0 583 143 629 335 106 193 
36 9 584 0 583 144 627 335 106 193 
36 9 584 0 583 145 627 335 106 193 
36 9 584 0 583 146 625 333 106 195 
36 9 584 0 583 147 623 333 108 195 
36 9 584 0 583 148 621 333 108 195 
36 9 584 0 583 149 621 331 108 195 
36 9 584 0 583 150 620 331 106 195 
36 9 584 0 583 151 618 331 106 195 
36 9 584 0 583 152 616 329 106 195 
36 9 584 0 583 153 616 329 106 195 
36 9 584 0 583 154 614 329 108 195 
36 9 584 0 583 155 613 327 106 195 
36 9 584 0 583 156 611 327 106 195 
36 9 584 0 583 157 611 327 106 195 
36 9 584 0 583 158 609 326 106 193 
36 9 584 0 583 159 609 326 106 193 
36 9 584 0 583 160 609 326 106 193 
36 9 584 0 583 161 607 326 108 193 
36 9 584 0 583 162 607 326 108 193 
36 9 584 0 583 163 607 326 108 193 
36 9 584 0 583 164 605 326 108 193 
36 9 584 0 583 165 605 326 108 193 
36 9 584 0 583 166 605 326 108 193 
36 9 584 0 583 167 604 324 106 195 
36 9 584 0 583 168 605 325 102 192 
36 9 584 0 583 169 603 325 102 192 
36 9 584 0 583 170 604 325 100 189 
36 9 584 0 583 171 602 326 100 186 
36 9 584 0 583 172 603 326 96 186 
36 9 584 0 583 173 600 326 100 184 
36 9 584 0 583 174 601 326 96 181 
36 9 584 0 583 175 600 326 96 181 
36 9 584 0 583 176 601 327 92 178 
36 9 584 0 583 177 599 325 92 178 
36 9 584 0 583 178 600 325 88 178 
36 9 584 0 583 179 598 325 88 175 
36 9 584 0 583 180 598 326 88 174 
36 9 584 0 583 181 595 326 90 174 
36 9 584 0 583 182 596 326 86 171 
36 9 584 0 583 183 594 327 86 168 
36 9 584 0 583 184 595 327 82 168 
36 9 584 0 583 185 594 327 82 165 
36 9 584 0 583 186 595 327 78 163 
36 9 584 0 583 187 595 327 78 163 
36 9 584 0 583 188 593 325 78 163 
36 9 584 0 583 189 593 325 78 163 
36 9 584 0 583 190 593 325 78 163 
36 9 584 0 583 191 593 325 78 163 
36 9 584 0 583 192 591 325 78 163 
36 9 584 0 583 193 591 325 78 163 
36 9 584 0 583 194 591 325 78 163 
36 9 584 0 583 195 591 325 78 163 
36 9 584 0 583 196 589 325 78 162 
36 9 584 0 583 197 588 325 78 162 
36 9 584 0 583 198 588 325 78 162 
36 9 584 0 583 199 586 323 78 162 
36 9 584 0 583 200 584 323 78 162 
36 9 584 0 583 201 584 323 78 162 
36 9 584 0 583 202 582 321 78 162 
36 9 584 0 583 203 582 321 78 162 
36 9 584 0 583 204 580 321 80 162 
36 9 584 0 583 205 579 318 78 163 
36 9 584 0 583 206 579 318 78 163 
36 9 584 0 583 207 577 318 78 163 
36 9 584 0 583 208 577 316 78 163 
36 9 584 0 583 209 575 316 78 163 
36 9 584 0 583 210 573 316 78 163 
36 9 584 0 583 211 573 316 78 162 
36 9 584 0 583 212 572 316 78 162 
36 9 584 0 583 213 572 316 78 162 
36 9 584 0 583 214 570 314 78 162 
36 9 584 0 583 215 568 314 78 162 
36 9 584 0 583 216 568 314 78 162 
36 9 584 0 583 217 566 311 78 163 
36 9 584 0 583 218 566 311 78 163 
36 9 584 0 583 219 564 311 80 163 
36 9 584 0 583 220 563 309 78 163 
36 9 584 0 583 221 563 309 78 163 
36 9 584 0 583 222 561 309 78 163 
36 9 584 0 583 223 561 309 78 162 
36 9 584 0 583 224 559 309 78 162 
36 9 584 0 583 225 557 309 78 162 
36 9 584 0 583 226 557 307 78 162 
36 9 584 0 583 227 556 307 78 162 
36 9 584 0 583 228 556 307 78 162 
36 9 584 0 583 229 554 305 78 162 
36 9 584 0 583 230 554 305 78 162 
36 9 584 0 583 231 552 305 78 162 
36 9 584 0 583 232 552 305 78 162 
36 9 584 0 583 233 552 305 78 162 
36 9 584 0 583 234 550 302 78 163 
36 9 584 0 583 235 550 302 78 163 
36 9 584 0 583 236 550 302 78 163 
36 9 584 0 583 237 548 302 80 163 
36 9 584 0 583 238 548 302 80 163 
36 9 584 0 583 239 548 302 80 163 
36 9 584 0 583 240 547 300 78 163 
36 9 584 0 583 241 547 300 78 163 
36 9 584 0 583 242 545 300 78 163 
36 9 584 0 583 243 545 300 78 163 
36 9 584 0 583 244 545 300 78 163 
36 9 584 0 583 245 543 300 78 162 
36 9 584 0 583 246 543 300 78 162 
36 9 584 0 583 247 543 300 78 162 
36 9 584 0 583 248 541 300 78 162 
36 9 584 0 583 249 541 300 78 162 
36 9 584 0 583 250 541 300 78 162 
36 9 584 0 583 251 540 298 78 162 
36 9 584 0 583 252 540 298 78 162 
36 9 584 0 583 253 538 298 78 162 
36 9 584 0 583 254 538 295 78 163 
36 9 584 0 583 255 536 295 78 163 
36 9 584 0 583 256 536 295 78 163 
36 9 584 0 583 257 534 295 78 163 
36 9 584 0 583 258 534 293 78 163 
36 9 584 0 583 259 532 293 80 163 
36 9 584 0 583 260 532 293 80 163 
36 9 584 0 583 261 531 293 78 163 
36 9 584 0 583 262 531 293 78 162 
36 9 584 0 583 263 529 293 78 162 
36 9 584 0 583 264 529 293 78 162 
36 9 584 0 583 265 527 291 78 162 
36 9 584 0 583 266 527 291 78 162 
36 9 584 0 583 267 525 291 78 162 
36 9 584 0 583 268 525 291 78 162 
36 9 584 0 583 269 524 289 78 162 
36 9 584 0 583 270 524 289 78 162 
36 9 584 0 583 271 522 289 78 162 
36 9 584 0 583 272 522 289 78 162 
36 9 584 0 583 273 520 286 78 163 
36 9 584 0 583 274 520 286 78 163 
36 9 584 0 583 275 518 286 78 163 
36 9 584 0 583 276 518 286 78 163 
36 9 584 0 583 277 516 287 80 160 
36 9 584 0 583 278 516 287 80 160 
36 9 584 0 583 279 515 287 78 160 
36 9 584 0 583 280 515 287 78 157 
36 9 584 0 583 281 513 287 78 157 
36 9 584 0 583 282 513 287 78 157 
36 9 584 0 583 283 511 287 78 157 
36 9 584 0 583 284 511 288 78 154 
36 9 584 0 583 285 511 290 78 151 
36 9 584 0 583 286 509 290 78 151 
36 9 584 0 583 287 509 291 78 150 
36 9 584 0 583 288 508 291 78 150 
36 9 584 0 583 289 508 291 78 150 
36 9 584 0 583 290 506 291 78 150 
36 9 584 0 583 291 506 291 78 147 
36 9 584 0 583 292 504 291 78 147 
36 9 584 0 583 293 504 291 78 147 
36 9 584 0 583 294 504 294 78 144 
36 9 584 0 583 295 504 294 78 144 
36 9 584 0 583 296 504 294 78 144 
36 9 584 0 583 297 504 294 78 144 
36 9 584 0 583 298 504 294 78 144 
36 9 584 0 583 299 504 294 78 144 
36 9 584 0 583 300 504 294 78 144 
36 9 584 0 583 301 502 294 78 141 
36 9 584 0 583 302 502 294 78 141 
36 9 584 0 583 303 500 294 80 141 
36 9 584 0 583 304 500 294 80 141 
36 9 584 0 583 305 501 294 76 141 
36 9 584 0 583 306 499 295 78 138 
36 9 584 0 583 307 500 295 74 138 
36 9 584 0 583 308 497 295 78 138 
36 9 584 0 583 309 498 295 74 138 
36 9 584 0 583 310 498 295 74 138 
36 9 584 0 583 311 496 293 74 138 
36 9 584 0 583 312 494 293 76 138 
36 9 584 0 583 313 494 293 76 138 
36 9 584 0 583 314 493 293 74 138 
36 9 584 0 583 315 493 293 74 138 
36 9 584 0 583 316 491 293 74 138 
36 9 584 0 583 317 489 293 74 138 
36 9 584 0 583 318 489 293 74 138 
36 9 584 0 583 319 487 293 76 138 
36 9 584 0 583 320 487 293 76 138 
36 9 584 0 583 321 485 290 76 139 
36 9 584 0 583 322 485 290 76 139 
36 9 584 0 583 323 484 290 74 139 
36 9 584 0 583 324 484 290 74 139 
36 9 584 0 583 325 484 290 74 139 
36 9 584 0 583 326 482 290 74 139 
36 9 584 0 583 327 482 290 74 139 
36 9 584 0 583 328 480 290 74 139 
36 9 584 0 583 329 480 290 74 139 
36 9 584 0 583 330 480 290 74 139 
36 9 584 0 583 331 478 288 76 139 
36 9 584 0 583 332 478 288 76 139 
36 9 584 0 583 333 477 288 74 139 
36 9 584 0 583 334 477 288 74 139 
36 9 584 0 583 335 475 288 74 139 
36 9 584 0 583 336 475 288 74 138 
36 9 584 0 583 337 473 288 74 138 
36 9 584 0 583 338 473 288 74 138 
36 9 584 0 583 339 471 288 76 138 
36 9 584 0 583 340 471 288 76 138 
36 9 584 0 583 341 469 286 76 138 
36 9 584 0 583 342 469 286 76 138 
36 9 584 0 583 343 468 286 74 138 
36 9 584 0 583 344 468 286 74 138 
36 9 584 0 583 345 468 286 74 138 
36 9 584 0 583 346 466 286 74 138 
36 9 584 0 583 347 466 286 74 138 
36 9 584 0 583 348 464 286 74 138 
36 9 584 0 583 349 464 286 74 138 
36 9 584 0 583 350 464 286 74 138 
36 9 584 0 583 351 462 283 76 139 
36 9 584 0 583 352 462 283 76 139 
36 9 584 0 583 353 462 283 76 139 
36 9 584 0 583 354 461 283 74 139 
36 9 584 0 583 355 461 283 74 139 
36 9 584 0 583 356 461 283 74 139 
36 9 584 0 583 357 459 283 74 139 
36 9 584 0 583 358 459 283 74 139 
36 9 584 0 583 359 459 283 74 139 
36 9 584 0 583 360 459 283 74 139 
36 9 584 0 583 361 457 281 74 139 
36 9 584 0 583 362 457 281 74 139 
36 9 584 0 583 363 455 281 76 139 
36 9 584 0 583 364 455 281 76 139 
36 9 584 0 583 365 455 281 76 139 
36 9 584 0 583 366 453 281 76 139 
36 9 584 0 583 367 453 281 76 139 
36 9 584 0 583 368 452 281 74 139 
36 9 584 0 583 369 452 281 74 139 
36 9 584 0 583 370 452 281 74 139 
36 9 584 0 583 371 450 281 74 138 
36 9 584 0 583 372 450 281 74 138 
36 9 584 0 583 373 448 281 74 138 
36 9 584 0 583 374 448 281 74 138 
36 9 584 0 583 375 448 281 74 138 
36 9 584 0 583 376 446 281 76 138 
36 9 584 0 583 377 446 281 76 138 
36 9 584 0 583 378 445 281 74 138 
36 9 584 0 583 379 445 281 74 138 
36 9 584 0 583 380 445 281 74 138 
36 9 584 0 583 381 443 281 74 135 
36 9 584 0 583 382 443 281 74 135 
36 9 584 0 583 383 443 282 74 132 
36 9 584 0 583 384 444 282 70 132 
36 9 584 0 583 385 444 282 70 130 
36 9 584 0 583 386 444 282 70 130 
36 9 584 0 583 387 445 282 68 127 
36 9 584 0 583 388 445 282 68 127 
36 9 584 0 583 389 445 283 68 124 
36 9 584 0 583 390 445 283 68 124 
36 9 584 0 583 391 443 281 68 124 
36 9 584 0 583 392 443 281 68 124 
36 9 584 0 583 393 441 281 68 124 
36 9 584 0 583 394 441 279 68 126 
36 9 584 0 583 395 439 279 68 126 
36 9 584 0 583 396 439 279 68 126 
36 9 584 0 583 397 438 277 66 126 
36 9 584 0 583 398 438 277 66 126 
36 9 584 0 583 399 436 277 68 126 
36 9 584 0 583 400 436 277 68 126 
36 9 584 0 583 401 434 278 68 120 
36 9 584 0 583 402 432 278 68 117 
36 9 584 0 583 403 432 278 68 115 
36 9 584 0 583 404 431 279 66 109 
36 9 584 0 583 405 431 280 66 106 
36 9 584 0 583 406 429 280 68 105 
36 9 584 0 583 407 427 281 68 99 
36 9 584 0 583 408 427 282 68 96 
36 9 584 0 583 409 425 282 68 93 
36 9 584 0 583 410 425 282 68 91 
36 9 584 0 583 411 423 280 68 94 
36 9 584 0 583 412 423 280 68 94 
36 9 584 0 583 413 423 280 68 94 
36 9 584 0 583 414 421 280 70 96 
36 9 584 0 583 415 421 280 70 96 
36 9 584 0 583 416 421 278 70 97 
36 9 584 0 583 417 418 278 74 100 
36 9 584 0 583 418 418 278 74 100 
36 9 584 0 583 419 418 278 74 100 
36 9 584 0 583 420 418 277 74 103 
36 9 584 0 583 421 416 275 74 103 
36 9 584 0 583 422 416 275 74 103 
36 9 584 0 583 423 416 275 74 103 
36 9 584 0 583 424 417 275 72 103 
36 9 584 0 583 425 417 275 72 103 
36 9 584 0 583 426 414 275 76 103 
36 9 584 0 583 427 415 275 72 103 
36 9 584 0 583 428 415 275 72 103 
36 9 584 0 583 429 415 275 72 103 
36 9 584 0 583 430 415 275 72 103 
36 9 584 0 583 431 414 276 70 100 
36 9 584 0 583 432 414 276 70 100 
36 9 584 0 583 433 415 276 66 100 
36 9 584 0 583 434 412 276 70 100 
36 9 584 0 583 435 412 276 70 100 
36 9 584 0 583 436 413 276 68 100 
36 9 584 0 583 437 410 276 72 100 
36 9 584 0 583 438 411 276 68 100 
36 9 584 0 583 439 411 276 68 100 
36 9 584 0 583 440 411 278 68 97 
36 9 584 0 583 441 409 278 68 97 
36 9 584 0 583 442 409 278 68 97 
36 9 584 0 583 443 409 278 68 97 
36 9 584 0 583 444 407 278 68 97 
36 9 584 0 583 445 407 278 68 97 
36 9 584 0 583 446 407 278 68 97 
36 9 584 0 583 447 406 278 66 97 
36 9 584 0 583 448 406 278 66 97 
36 9 584 0 583 449 406 278 66 97 
36 9 584 0 583 450 406 279 66 99 
36 9 584 0 583 451 404 278 68 97 
36 9 584 0 583 452 404 278 68 97 
36 9 584 0 583 453 404 278 68 97 
36 9 584 0 583 454 404 278 68 97 
36 9 584 0 583 455 404 278 68 97 
36 9 584 0 583 456 402 276 68 99 
36 9 584 0 583 457 402 276 68 99 
36 9 584 0 583 458 402 276 68 99 
36 9 584 0 583 459 402 276 68 99 
36 9 584 0 583 460 402 276 68 99 
36 9 584 0 583 461 400 276 68 99 
36 9 584 0 583 462 400 276 68 99 
36 9 584 0 583 463 399 276 66 99 
36 9 584 0 583 464 399 276 66 99 
36 9 584 0 583 465 399 276 66 99 
36 9 584 0 583 466 397 276 68 99 
36 9 584 0 583 467 397 276 68 99 
36 9 584 0 583 468 395 276 68 99 
36 9 584 0 583 469 395 276 68 99 
36 9 584 0 583 470 395 276 68 99 
36 9 584 0 583 471 393 274 68 102 
36 9 584 0 583 472 393 274 68 102 
36 9 584 0 583 473 393 274 68 102 
36 9 584 0 583 474 393 274 68 102 
36 9 584 0 583 475 393 274 68 102 
36 9 584 0 583 476 391 274 68 102 
36 9 584 0 583 477 391 271 68 105 
36 9 584 0 583 478 391 271 68 105 
36 9 584 0 583 479 391 271 68 105 
36 9 584 0 583 480 391 271 68 106 
36 9 584 0 583 481 390 271 66 106 
36 9 584 0 583 482 390 271 66 106 
36 9 584 0 583 483 390 271 66 106 
36 9 584 0 583 484 390 270 66 108 
36 9 584 0 583 485 390 270 66 108 
36 9 584 0 583 486 388 270 68 108 
36 9 584 0 583 487 388 270 68 108 
36 9 584 0 583 488 388 270 68 108 
36 9 584 0 583 489 388 270 68 108 
36 9 584 0 583 490 388 269 68 111 
36 9 584 0 583 491 386 267 68 111 
36 9 584 0 583 492 386 267 68 111 
36 9 584 0 583 493 386 267 68 111 
36 9 584 0 583 494 386 267 68 111 
36 9 584 0 583 495 386 267 68 111 
36 9 584 0 583 496 386 267 68 111 
36 9 584 0 583 497 386 267 68 111 
36 9 584 0 583 498 386 267 68 111 
36 9 584 0 583 499 386 267 68 111 
36 9 584 0 583 500 386 267 68 111 
36 9 584 0 583 501 384 267 68 111 
36 9 584 0 583 502 384 267 68 111 
36 9 584 0 583 503 384 267 68 111 
36 9 584 0 583 504 384 267 68 111 
36 9 584 0 583 505 384 267 68 111 
36 9 584 0 583 506 383 267 66 111 
36 9 584 0 583 507 383 267 66 111 
36 9 584 0 583 508 383 267 66 111 
36 9 584 0 583 509 383 267 66 111 
36 9 584 0 583 510 383 267 66 111 
36 9 584 0 583 511 381 265 68 112 
36 9 584 0 583 512 381 265 68 112 
36 9 584 0 583 513 381 265 68 112 
36 9 584 0 583 514 381 265 68 112 
36 9 584 0 583 515 381 265 68 112 
36 9 584 0 583 516 379 265 68 112 
36 9 584 0 583 517 379 265 68 112 
36 9 584 0 583 518 379 265 68 112 
36 9 584 0 583 519 379 265 68 112 
36 9 584 0 583 520 379 265 68 112 
36 9 584 0 583 521 377 263 68 112 
36 9 584 0 583 522 377 263 68 112 
36 9 584 0 583 523 377 263 68 112 
36 9 584 0 583 524 377 263 68 112 
36 9 584 0 583 525 377 263 68 112 
36 9 584 0 583 526 375 263 68 112 
36 9 584 0 583 527 375 263 68 112 
36 9 584 0 583 528 375 263 68 112 
36 9 584 0 583 529 375 263 68 112 
36 9 584 0 583 530 375 263 68 112 
36 9 584 0 583 531 374 261 66 112 
36 9 584 0 583 532 374 261 66 112 
36 9 584 0 583 533 374 261 66 112 
36 9 584 0 583 534 374 261 66 112 
36 9 584 0 583 535 374 261 66 112 
36 9 584 0 583 536 374 261 66 112 
36 9 584 0 583 537 374 261 66 112 
36 9 584 0 583 538 374 261 66 112 
36 9 584 0 583 539 374 261 66 112 
36 9 584 0 583 540 374 261 66 112 
36 9 584 0 583 541 372 261 68 112 
36 9 584 0 583 542 372 261 68 112 
36 9 584 0 583 543 372 261 68 112 
36 9 584 0 583 544 372 261 68 112 
36 9 584 0 583 545 372 261 68 112 
36 9 584 0 583 546 370 261 68 112 
36 9 584 0 583 547 370 261 68 112 
36 9 584 0 583 548 370 261 68 112 
36 9 584 0 583 549 370 261 68 112 
36 9 584 0 583 550 370 261 68 112 
36 9 584 0 583 551 370 261 68 109 
36 9 584 0 583 552 370 261 68 109 
36 9 584 0 583 553 370 261 68 109 
36 9 584 0 583 554 370 261 68 109 
36 9 584 0 583 555 370 261 68 109 
36 9 584 0 583 556 370 262 68 108 
36 9 584 0 583 557 370 262 68 108 
36 9 584 0 583 558 370 262 68 108 
36 9 584 0 583 559 370 262 68 108 
36 9 584 0 583 560 370 262 68 108 
36 9 584 0 583 561 368 261 68 106 
36 9 584 0 583 562 368 261 68 106 
36 9 584 0 583 563 368 261 68 106 
36 9 584 0 583 564 368 261 68 106 
36 9 584 0 583 565 368 261 68 106 
36 9 584 0 583 566 368 259 68 106 
36 9 584 0 583 567 368 259 68 106 
36 9 584 0 583 568 368 259 68 106 
36 9 584 0 583 569 368 259 68 106 
36 9 584 0 583 570 368 259 68 106 
36 9 584 0 583 571 367 259 66 106 
36 9 584 0 583 572 367 259 66 106 
36 9 584 0 583 573 367 259 66 106 
36 9 584 0 583 574 367 259 66 106 
36 9 584 0 583 575 367 259 66 106 
36 9 584 0 583 576 367 259 66 106 
36 9 584 0 583 577 367 259 66 106 
36 9 584 0 583 578 367 259 66 106 
36 9 584 0 583 579 367 259 66 106 
36 9 584 0 583 580 367 259 66 106 
36 9 584 0 583 581 367 259 66 106 
36 9 584 0 583 582 367 259 66 106 
36 9 584 0 583 583 367 259 66 106 
37 9 584 0 583 0 794 409 100 247 
37 9 584 0 583 1 792 407 100 249 
37 9 584 0 583 2 791 406 98 247 
37 9 584 0 583 3 789 406 100 247 
37 9 584 0 583 4 787 404 100 247 
37 9 584 0 583 5 785 402 100 247 
37 9 584 0 583 6 783 402 100 247 
37 9 584 0 583 7 781 402 102 247 
37 9 584 0 583 8 778 402 106 247 
37 9 584 0 583 9 775 402 110 247 
37 9 584 0 583 10 772 402 114 247 
37 9 584 0 583 11 771 402 116 247 
37 9 584 0 583 12 768 402 120 247 
37 9 584 0 583 13 765 402 124 247 
37 9 584 0 583 14 760 400 126 249 
37 9 584 0 583 15 760 398 124 249 
37 9 584 0 583 16 756 397 124 247 
37 9 584 0 583 17 753 395 126 247 
37 9 584 0 583 18 753 393 124 247 
37 9 584 0 583 19 751 391 124 249 
37 9 584 0 583 20 749 391 124 249 
37 9 584 0 583 21 749 390 124 247 
37 9 584 0 583 22 747 390 124 247 
37 9 584 0 583 23 744 390 126 247 
37 9 584 0 583 24 744 388 126 247 
37 9 584 0 583 25 744 388 124 247 
37 9 584 0 583 26 744 388 124 247 
37 9 584 0 583 27 742 386 124 247 
37 9 584 0 583 28 740 384 124 249 
37 9 584 0 583 29 737 382 126 249 
37 9 584 0 583 30 737 381 124 247 
37 9 584 0 583 31 737 381 124 247 
37 9 584 0 583 32 735 379 124 247 
37 9 584 0 583 33 733 379 124 247 
37 9 584 0 583 34 733 377 124 247 
37 9 584 0 583 35 731 375 124 249 
37 9 584 0 583 36 728 375 126 249 
37 9 584 0 583 37 728 374 126 247 
37 9 584 0 583 38 728 374 124 247 
37 9 584 0 583 39 726 372 124 247 
37 9 584 0 583 40 726 372 124 247 
37 9 584 0 583 41 721 370 126 247 
37 9 584 0 583 42 721 370 124 247 
37 9 584 0 583 43 717 368 124 249 
37 9 584 0 583 44 715 368 124 249 
37 9 584 0 583 45 712 366 126 249 
37 9 584 0 583 46 710 366 124 249 
37 9 584 0 583 47 708 365 124 247 
37 9 584 0 583 48 705 365 126 247 
37 9 584 0 583 49 703 366 124 241 
37 9 584 0 583 50 701 367 124 237 
37 9 584 0 583 51 699 368 124 231 
37 9 584 0 583 52 696 369 126 226 
37 9 584 0 583 53 696 369 124 223 
37 9 584 0 583 54 694 369 124 223 
37 9 584 0 583 55 692 369 124 223 
37 9 584 0 583 56 692 369 124 223 
37 9 584 0 583 57 689 369 126 223 
37 9 584 0 583 58 689 369 124 223 
37 9 584 0 583 59 689 369 124 223 
37 9 584 0 583 60 687 369 124 223 
37 9 584 0 583 61 685 369 124 223 
37 9 584 0 583 62 685 369 124 223 
37 9 584 0 583 63 683 369 124 223 
37 9 584 0 583 64 683 369 124 223 
37 9 584 0 583 65 680 367 124 223 
37 9 584 0 583 66 678 365 124 223 
37 9 584 0 583 67 673 363 126 225 
37 9 584 0 583 68 673 362 124 223 
37 9 584 0 583 69 671 360 124 223 
37 9 584 0 583 70 667 358 124 223 
37 9 584 0 583 71 664 356 126 225 
37 9 584 0 583 72 664 356 124 225 
37 9 584 0 583 73 662 356 124 225 
37 9 584 0 583 74 660 356 124 225 
37 9 584 0 583 75 660 356 124 225 
37 9 584 0 583 76 657 356 126 225 
37 9 584 0 583 77 657 356 126 225 
37 9 584 0 583 78 657 356 126 225 
37 9 584 0 583 79 655 354 124 225 
37 9 584 0 583 80 653 353 124 223 
37 9 584 0 583 81 651 353 124 223 
37 9 584 0 583 82 648 351 126 223 
37 9 584 0 583 83 648 351 124 223 
37 9 584 0 583 84 646 352 124 220 
37 9 584 0 583 85 644 352 124 219 
37 9 584 0 583 86 641 353 126 216 
37 9 584 0 583 87 641 353 124 216 
37 9 584 0 583 88 639 353 124 213 
37 9 584 0 583 89 637 354 124 210 
37 9 584 0 583 90 635 354 124 208 
37 9 584 0 583 91 635 354 124 208 
37 9 584 0 583 92 632 354 126 205 
37 9 584 0 583 93 632 355 124 202 
37 9 584 0 583 94 630 355 124 202 
37 9 584 0 583 95 628 355 124 199 
37 9 584 0 583 96 625 356 126 196 
37 9 584 0 583 97 625 356 124 196 
37 9 584 0 583 98 623 356 124 195 
37 9 584 0 583 99 623 356 124 195 
37 9 584 0 583 100 621 354 124 195 
37 9 584 0 583 101 619 354 124 195 
37 9 584 0 583 102 619 352 122 195 
37 9 584 0 583 103 617 352 122 195 
37 9 584 0 583 104 617 351 120 193 
37 9 584 0 583 105 617 351 120 193 
37 9 584 0 583 106 615 352 120 192 
37 9 584 0 583 107 612 349 122 195 
37 9 584 0 583 108 613 350 118 192 
37 9 584 0 583 109 611 347 118 195 
37 9 584 0 583 110 611 348 116 192 
37 9 584 0 583 111 611 348 116 192 
37 9 584 0 583 112 609 346 116 192 
37 9 584 0 583 113 606 346 118 192 
37 9 584 0 583 114 607 346 114 189 
37 9 584 0 583 115 605 344 114 192 
37 9 584 0 583 116 602 344 118 192 
37 9 584 0 583 117 603 344 114 190 
37 9 584 0 583 118 602 343 114 192 
37 9 584 0 583 119 600 343 114 189 
37 9 584 0 583 120 600 343 114 189 
37 9 584 0 583 121 598 341 114 192 
37 9 584 0 583 122 596 341 114 189 
37 9 584 0 583 123 597 341 110 189 
37 9 584 0 583 124 596 339 112 189 
37 9 584 0 583 125 596 339 110 189 
37 9 584 0 583 126 594 339 110 189 
37 9 584 0 583 127 592 337 110 190 
37 9 584 0 583 128 592 337 110 190 
37 9 584 0 583 129 590 337 110 187 
37 9 584 0 583 130 588 336 112 189 
37 9 584 0 583 131 589 336 108 189 
37 9 584 0 583 132 587 337 110 186 
37 9 584 0 583 133 585 334 110 189 
37 9 584 0 583 134 586 335 106 186 
37 9 584 0 583 135 584 335 106 186 
37 9 584 0 583 136 584 335 106 186 
37 9 584 0 583 137 582 333 108 186 
37 9 584 0 583 138 581 333 106 186 
37 9 584 0 583 139 581 333 106 186 
37 9 584 0 583 140 579 333 106 186 
37 9 584 0 583 141 577 333 106 186 
37 9 584 0 583 142 577 333 106 186 
37 9 584 0 583 143 575 333 108 186 
37 9 584 0 583 144 573 333 108 186 
37 9 584 0 583 145 573 333 108 186 
37 9 584 0 583 146 572 333 106 186 
37 9 584 0 583 147 570 330 106 187 
37 9 584 0 583 148 570 330 106 187 
37 9 584 0 583 149 568 330 106 187 
37 9 584 0 583 150 566 330 108 187 
37 9 584 0 583 151 566 330 108 187 
37 9 584 0 583 152 565 330 106 187 
37 9 584 0 583 153 563 330 106 187 
37 9 584 0 583 154 563 330 106 187 
37 9 584 0 583 155 561 330 106 187 
37 9 584 0 583 156 559 330 108 187 
37 9 584 0 583 157 559 330 108 187 
37 9 584 0 583 158 557 328 108 187 
37 9 584 0 583 159 556 328 106 187 
37 9 584 0 583 160 556 328 106 187 
37 9 584 0 583 161 554 328 106 187 
37 9 584 0 583 162 554 328 106 186 
37 9 584 0 583 163 552 328 106 186 
37 9 584 0 583 164 552 328 106 186 
37 9 584 0 583 165 550 328 108 186 
37 9 584 0 583 166 550 328 108 186 
37 9 584 0 583 167 549 326 106 186 
37 9 584 0 583 168 550 323 102 187 
37 9 584 0 583 169 551 323 98 187 
37 9 584 0 583 170 552 321 96 187 
37 9 584 0 583 171 550 322 96 184 
37 9 584 0 583 172 550 321 96 186 
37 9 584 0 583 173 551 321 92 183 
37 9 584 0 583 174 552 319 88 186 
37 9 584 0 583 175 550 319 88 183 
37 9 584 0 583 176 550 317 86 184 
37 9 584 0 583 177 550 317 86 184 
37 9 584 0 583 178 551 315 82 184 
37 9 584 0 583 179 549 315 82 181 
37 9 584 0 583 180 550 313 78 184 
37 9 584 0 583 181 551 313 76 181 
37 9 584 0 583 182 551 312 76 183 
37 9 584 0 583 183 549 312 76 181 
37 9 584 0 583 184 550 310 72 181 
37 9 584 0 583 185 551 310 68 181 
37 9 584 0 583 186 552 308 64 181 
37 9 584 0 583 187 552 308 64 181 
37 9 584 0 583 188 551 306 64 181 
37 9 584 0 583 189 549 306 64 181 
37 9 584 0 583 190 549 306 64 181 
37 9 584 0 583 191 547 306 64 181 
37 9 584 0 583 192 547 307 64 178 
37 9 584 0 583 193 545 306 64 180 
37 9 584 0 583 194 545 306 64 180 
37 9 584 0 583 195 544 306 64 180 
37 9 584 0 583 196 544 306 64 178 
37 9 584 0 583 197 542 306 64 178 
37 9 584 0 583 198 542 303 64 181 
37 9 584 0 583 199 540 303 64 181 
37 9 584 0 583 200 540 304 64 178 
37 9 584 0 583 201 538 304 64 178 
37 9 584 0 583 202 538 304 64 178 
37 9 584 0 583 203 536 301 64 181 
37 9 584 0 583 204 536 302 64 178 
37 9 584 0 583 205 535 302 64 178 
37 9 584 0 583 206 535 302 64 178 
37 9 584 0 583 207 533 302 64 178 
37 9 584 0 583 208 533 300 64 178 
37 9 584 0 583 209 531 300 64 178 
37 9 584 0 583 210 531 300 64 178 
37 9 584 0 583 211 529 300 64 178 
37 9 584 0 583 212 529 300 64 177 
37 9 584 0 583 213 528 298 64 180 
37 9 584 0 583 214 528 298 64 180 
37 9 584 0 583 215 526 298 64 180 
37 9 584 0 583 216 526 298 64 177 
37 9 584 0 583 217 524 298 64 177 
37 9 584 0 583 218 524 297 64 178 
37 9 584 0 583 219 522 297 64 178 
37 9 584 0 583 220 522 297 64 175 
37 9 584 0 583 221 520 297 64 175 
37 9 584 0 583 222 520 297 64 175 
37 9 584 0 583 223 519 295 64 178 
37 9 584 0 583 224 519 295 64 175 
37 9 584 0 583 225 517 295 64 175 
37 9 584 0 583 226 517 295 64 175 
37 9 584 0 583 227 515 295 64 175 
37 9 584 0 583 228 515 295 64 175 
37 9 584 0 583 229 513 293 64 175 
37 9 584 0 583 230 513 293 64 175 
37 9 584 0 583 231 513 293 64 175 
37 9 584 0 583 232 512 293 64 175 
37 9 584 0 583 233 512 293 64 175 
37 9 584 0 583 234 512 291 64 177 
37 9 584 0 583 235 512 291 64 177 
37 9 584 0 583 236 510 291 64 177 
37 9 584 0 583 237 510 291 64 177 
37 9 584 0 583 238 510 291 64 177 
37 9 584 0 583 239 510 291 64 177 
37 9 584 0 583 240 508 290 64 175 
37 9 584 0 583 241 508 290 64 175 
37 9 584 0 583 242 508 290 64 175 
37 9 584 0 583 243 506 290 64 175 
37 9 584 0 583 244 506 290 64 175 
37 9 584 0 583 245 506 288 64 175 
37 9 584 0 583 246 506 288 64 175 
37 9 584 0 583 247 504 288 64 175 
37 9 584 0 583 248 504 288 64 175 
37 9 584 0 583 249 504 288 64 175 
37 9 584 0 583 250 504 288 64 175 
37 9 584 0 583 251 503 286 64 175 
37 9 584 0 583 252 503 286 64 175 
37 9 584 0 583 253 501 284 64 177 
37 9 584 0 583 254 501 284 64 177 
37 9 584 0 583 255 501 284 64 177 
37 9 584 0 583 256 499 282 64 177 
37 9 584 0 583 257 499 282 64 177 
37 9 584 0 583 258 497 282 64 177 
37 9 584 0 583 259 497 281 64 175 
37 9 584 0 583 260 497 281 64 175 
37 9 584 0 583 261 496 281 64 175 
37 9 584 0 583 262 496 279 64 175 
37 9 584 0 583 263 496 279 64 175 
37 9 584 0 583 264 494 279 64 175 
37 9 584 0 583 265 494 277 64 175 
37 9 584 0 583 266 492 277 64 175 
37 9 584 0 583 267 492 277 64 175 
37 9 584 0 583 268 492 275 64 177 
37 9 584 0 583 269 490 275 64 177 
37 9 584 0 583 270 490 275 64 177 
37 9 584 0 583 271 488 274 64 175 
37 9 584 0 583 272 488 274 64 175 
37 9 584 0 583 273 488 274 64 175 
37 9 584 0 583 274 487 272 64 175 
37 9 584 0 583 275 487 272 64 175 
37 9 584 0 583 276 487 272 64 175 
37 9 584 0 583 277 485 273 64 172 
37 9 584 0 583 278 483 273 64 172 
37 9 584 0 583 279 483 275 64 169 
37 9 584 0 583 280 481 275 64 169 
37 9 584 0 583 281 480 276 64 168 
37 9 584 0 583 282 480 277 64 166 
37 9 584 0 583 283 478 277 64 166 
37 9 584 0 583 284 478 277 64 166 
37 9 584 0 583 285 476 279 64 163 
37 9 584 0 583 286 474 280 64 160 
37 9 584 0 583 287 474 280 64 160 
37 9 584 0 583 288 472 282 64 157 
37 9 584 0 583 289 472 282 64 157 
37 9 584 0 583 290 471 283 64 154 
37 9 584 0 583 291 469 285 64 151 
37 9 584 0 583 292 469 285 64 151 
37 9 584 0 583 293 467 285 64 151 
37 9 584 0 583 294 467 287 64 150 
37 9 584 0 583 295 465 286 64 148 
37 9 584 0 583 296 465 286 64 148 
37 9 584 0 583 297 464 286 64 148 
37 9 584 0 583 298 464 286 64 148 
37 9 584 0 583 299 462 286 64 148 
37 9 584 0 583 300 462 286 64 148 
37 9 584 0 583 301 460 286 64 148 
37 9 584 0 583 302 457 286 68 148 
37 9 584 0 583 303 457 286 68 148 
37 9 584 0 583 304 455 286 68 148 
37 9 584 0 583 305 455 286 68 148 
37 9 584 0 583 306 453 286 70 148 
37 9 584 0 583 307 451 286 70 148 
37 9 584 0 583 308 451 286 70 148 
37 9 584 0 583 309 448 286 74 148 
37 9 584 0 583 310 448 287 74 150 
37 9 584 0 583 311 448 286 74 148 
37 9 584 0 583 312 448 286 74 148 
37 9 584 0 583 313 448 286 74 148 
37 9 584 0 583 314 448 286 74 148 
37 9 584 0 583 315 448 286 74 148 
37 9 584 0 583 316 448 286 74 148 
37 9 584 0 583 317 448 286 74 148 
37 9 584 0 583 318 448 286 74 148 
37 9 584 0 583 319 448 286 74 148 
37 9 584 0 583 320 448 286 74 148 
37 9 584 0 583 321 446 284 76 148 
37 9 584 0 583 322 446 284 76 148 
37 9 584 0 583 323 446 284 76 148 
37 9 584 0 583 324 445 284 74 148 
37 9 584 0 583 325 445 284 74 148 
37 9 584 0 583 326 445 282 74 150 
37 9 584 0 583 327 443 282 74 150 
37 9 584 0 583 328 443 282 74 150 
37 9 584 0 583 329 443 282 74 150 
37 9 584 0 583 330 443 282 74 150 
37 9 584 0 583 331 441 282 74 150 
37 9 584 0 583 332 441 282 74 150 
37 9 584 0 583 333 441 282 74 150 
37 9 584 0 583 334 441 282 74 150 
37 9 584 0 583 335 441 282 74 150 
37 9 584 0 583 336 439 282 76 150 
37 9 584 0 583 337 439 282 76 150 
37 9 584 0 583 338 439 282 76 150 
37 9 584 0 583 339 439 282 76 150 
37 9 584 0 583 340 439 282 76 150 
37 9 584 0 583 341 437 281 76 144 
37 9 584 0 583 342 436 281 74 139 
37 9 584 0 583 343 436 283 74 130 
37 9 584 0 583 344 434 284 74 126 
37 9 584 0 583 345 434 285 74 118 
37 9 584 0 583 346 432 285 74 114 
37 9 584 0 583 347 430 286 76 106 
37 9 584 0 583 348 430 287 76 100 
37 9 584 0 583 349 429 288 74 93 
37 9 584 0 583 350 429 289 74 87 
37 9 584 0 583 351 427 289 74 87 
37 9 584 0 583 352 427 289 74 87 
37 9 584 0 583 353 427 289 74 87 
37 9 584 0 583 354 427 289 74 87 
37 9 584 0 583 355 427 289 74 87 
37 9 584 0 583 356 425 289 74 87 
37 9 584 0 583 357 425 289 74 87 
37 9 584 0 583 358 425 289 74 87 
37 9 584 0 583 359 425 289 74 87 
37 9 584 0 583 360 425 289 74 87 
37 9 584 0 583 361 423 287 76 87 
37 9 584 0 583 362 421 287 76 87 
37 9 584 0 583 363 420 287 74 87 
37 9 584 0 583 364 420 287 74 87 
37 9 584 0 583 365 418 287 74 87 
37 9 584 0 583 366 416 287 74 87 
37 9 584 0 583 367 416 287 74 87 
37 9 584 0 583 368 414 287 76 87 
37 9 584 0 583 369 413 287 74 87 
37 9 584 0 583 370 413 287 74 87 
37 9 584 0 583 371 411 285 74 88 
37 9 584 0 583 372 411 285 74 88 
37 9 584 0 583 373 411 285 74 88 
37 9 584 0 583 374 409 285 74 88 
37 9 584 0 583 375 409 285 74 88 
37 9 584 0 583 376 409 285 74 88 
37 9 584 0 583 377 407 285 76 88 
37 9 584 0 583 378 407 285 76 88 
37 9 584 0 583 379 407 285 76 88 
37 9 584 0 583 380 407 285 76 88 
37 9 584 0 583 381 405 282 76 91 
37 9 584 0 583 382 404 282 74 91 
37 9 584 0 583 383 402 282 74 91 
37 9 584 0 583 384 402 282 74 91 
37 9 584 0 583 385 400 282 74 93 
37 9 584 0 583 386 398 280 76 96 
37 9 584 0 583 387 398 280 76 96 
37 9 584 0 583 388 397 280 74 96 
37 9 584 0 583 389 395 280 74 96 
37 9 584 0 583 390 395 279 74 99 
37 9 584 0 583 391 393 278 74 97 
37 9 584 0 583 392 393 278 74 97 
37 9 584 0 583 393 391 278 76 97 
37 9 584 0 583 394 391 278 76 97 
37 9 584 0 583 395 389 278 76 97 
37 9 584 0 583 396 389 278 76 97 
37 9 584 0 583 397 388 278 74 97 
37 9 584 0 583 398 388 278 74 97 
37 9 584 0 583 399 386 278 74 97 
37 9 584 0 583 400 386 278 74 97 
37 9 584 0 583 401 384 276 74 99 
37 9 584 0 583 402 384 276 74 99 
37 9 584 0 583 403 384 276 74 99 
37 9 584 0 583 404 382 274 76 99 
37 9 584 0 583 405 382 274 76 99 
37 9 584 0 583 406 382 274 76 99 
37 9 584 0 583 407 381 272 74 99 
37 9 584 0 583 408 381 272 74 99 
37 9 584 0 583 409 381 272 74 99 
37 9 584 0 583 410 381 272 74 99 
37 9 584 0 583 411 379 272 74 99 
37 9 584 0 583 412 379 272 74 99 
37 9 584 0 583 413 379 272 74 102 
37 9 584 0 583 414 379 272 74 102 
37 9 584 0 583 415 379 271 74 105 
37 9 584 0 583 416 379 271 74 105 
37 9 584 0 583 417 379 271 74 105 
37 9 584 0 583 418 379 271 74 106 
37 9 584 0 583 419 379 271 74 106 
37 9 584 0 583 420 379 273 74 106 
37 9 584 0 583 421 377 273 74 106 
37 9 584 0 583 422 377 273 74 106 
37 9 584 0 583 423 375 273 76 106 
37 9 584 0 583 424 375 273 76 106 
37 9 584 0 583 425 373 273 76 106 
37 9 584 0 583 426 373 273 76 106 
37 9 584 0 583 427 372 273 74 106 
37 9 584 0 583 428 372 273 74 106 
37 9 584 0 583 429 370 273 74 106 
37 9 584 0 583 430 370 273 74 106 
37 9 584 0 583 431 368 273 74 106 
37 9 584 0 583 432 368 273 74 106 
37 9 584 0 583 433 368 273 74 106 
37 9 584 0 583 434 366 273 76 106 
37 9 584 0 583 435 366 273 76 106 
37 9 584 0 583 436 366 273 76 106 
37 9 584 0 583 437 365 273 74 106 
37 9 584 0 583 438 365 273 74 106 
37 9 584 0 583 439 365 273 74 106 
37 9 584 0 583 440 365 273 74 106 
37 9 584 0 583 441 363 270 74 109 
37 9 584 0 583 442 363 270 74 109 
37 9 584 0 583 443 361 270 74 109 
37 9 584 0 583 444 361 270 74 109 
37 9 584 0 583 445 361 270 74 112 
37 9 584 0 583 446 359 269 76 114 
37 9 584 0 583 447 359 269 76 114 
37 9 584 0 583 448 357 269 76 114 
37 9 584 0 583 449 357 269 76 114 
37 9 584 0 583 450 357 268 76 117 
37 9 584 0 583 451 356 266 74 117 
37 9 584 0 583 452 356 266 74 117 
37 9 584 0 583 453 356 266 74 117 
37 9 584 0 583 454 356 266 74 117 
37 9 584 0 583 455 356 266 74 117 
37 9 584 0 583 456 356 266 74 117 
37 9 584 0 583 457 354 266 74 117 
37 9 584 0 583 458 354 266 74 117 
37 9 584 0 583 459 354 266 74 117 
37 9 584 0 583 460 354 266 74 117 
37 9 584 0 583 461 354 266 74 117 
37 9 584 0 583 462 354 266 74 117 
37 9 584 0 583 463 354 266 74 117 
37 9 584 0 583 464 352 266 74 117 
37 9 584 0 583 465 352 266 74 117 
37 9 584 0 583 466 352 266 74 117 
37 9 584 0 583 467 352 266 74 117 
37 9 584 0 583 468 352 266 74 117 
37 9 584 0 583 469 352 266 74 117 
37 9 584 0 583 470 352 266 74 117 
37 9 584 0 583 471 350 266 76 117 
37 9 584 0 583 472 350 266 76 117 
37 9 584 0 583 473 350 266 76 117 
37 9 584 0 583 474 350 266 76 117 
37 9 584 0 583 475 350 266 76 117 
37 9 584 0 583 476 350 266 76 117 
37 9 584 0 583 477 350 266 76 117 
37 9 584 0 583 478 350 266 76 117 
37 9 584 0 583 479 350 266 76 117 
37 9 584 0 583 480 350 266 76 117 
37 9 584 0 583 481 349 264 74 117 
37 9 584 0 583 482 349 264 74 117 
37 9 584 0 583 483 349 264 74 117 
37 9 584 0 583 484 347 262 74 117 
37 9 584 0 583 485 347 262 74 117 
37 9 584 0 583 486 347 262 74 117 
37 9 584 0 583 487 345 260 74 118 
37 9 584 0 583 488 345 260 74 118 
37 9 584 0 583 489 345 260 74 118 
37 9 584 0 583 490 345 260 74 118 
37 9 584 0 583 491 343 260 76 118 
37 9 584 0 583 492 343 260 76 118 
37 9 584 0 583 493 341 260 76 118 
37 9 584 0 583 494 341 260 76 118 
37 9 584 0 583 495 340 260 74 118 
37 9 584 0 583 496 340 260 74 118 
37 9 584 0 583 497 338 260 74 118 
37 9 584 0 583 498 338 260 74 118 
37 9 584 0 583 499 336 260 74 118 
37 9 584 0 583 500 336 262 74 117 
37 9 584 0 583 501 337 260 72 118 
37 9 584 0 583 502 337 260 72 118 
37 9 584 0 583 503 337 260 72 118 
37 9 584 0 583 504 337 260 72 118 
37 9 584 0 583 505 337 260 72 118 
37 9 584 0 583 506 338 260 68 118 
37 9 584 0 583 507 338 260 68 118 
37 9 584 0 583 508 338 260 68 118 
37 9 584 0 583 509 338 260 68 118 
37 9 584 0 583 510 338 260 68 118 
37 9 584 0 583 511 338 259 68 117 
37 9 584 0 583 512 338 259 68 117 
37 9 584 0 583 513 338 259 68 117 
37 9 584 0 583 514 338 259 68 117 
37 9 584 0 583 515 338 259 68 117 
37 9 584 0 583 516 338 259 68 117 
37 9 584 0 583 517 338 259 68 117 
37 9 584 0 583 518 338 259 68 117 
37 9 584 0 583 519 338 259 68 117 
37 9 584 0 583 520 338 259 68 117 
37 9 584 0 583 521 338 257 68 117 
37 9 584 0 583 522 338 257 68 117 
37 9 584 0 583 523 338 257 68 117 
37 9 584 0 583 524 338 257 68 117 
37 9 584 0 583 525 338 257 68 117 
37 9 584 0 583 526 338 257 68 117 
37 9 584 0 583 527 338 257 68 117 
37 9 584 0 583 528 338 257 68 117 
37 9 584 0 583 529 338 257 68 117 
37 9 584 0 583 530 338 257 68 117 
37 9 584 0 583 531 338 258 68 114 
37 9 584 0 583 532 338 258 68 114 
37 9 584 0 583 533 338 258 68 114 
37 9 584 0 583 534 338 258 68 112 
37 9 584 0 583 535 338 258 68 112 
37 9 584 0 583 536 338 258 68 112 
37 9 584 0 583 537 338 258 68 109 
37 9 584 0 583 538 338 258 68 109 
37 9 584 0 583 539 338 258 68 109 
37 9 584 0 583 540 338 258 68 109 
37 9 584 0 583 541 336 258 68 109 
37 9 584 0 583 542 336 258 68 109 
37 9 584 0 583 543 336 258 68 109 
37 9 584 0 583 544 336 258 68 109 
37 9 584 0 583 545 336 258 68 109 
37 9 584 0 583 546 336 258 68 109 
37 9 584 0 583 547 336 258 68 109 
37 9 584 0 583 548 336 258 68 109 
37 9 584 0 583 549 336 258 68 109 
37 9 584 0 583 550 336 258 68 109 
37 9 584 0 583 551 336 256 68 109 
37 9 584 0 583 552 336 256 68 109 
37 9 584 0 583 553 336 256 68 109 
37 9 584 0 583 554 336 256 68 109 
37 9 584 0 583 555 336 256 68 109 
37 9 584 0 583 556 336 256 68 109 
37 9 584 0 583 557 336 256 68 109 
37 9 584 0 583 558 336 256 68 109 
37 9 584 0 583 559 336 256 68 109 
37 9 584 0 583 560 338 256 68 109 
37 9 584 0 583 561 338 254 68 109 
37 9 584 0 583 562 338 254 68 109 
37 9 584 0 583 563 338 254 68 109 
37 9 584 0 583 564 338 254 68 109 
37 9 584 0 583 565 338 254 68 109 
37 9 584 0 583 566 338 254 68 108 
37 9 584 0 583 567 338 254 68 108 
37 9 584 0 583 568 338 254 68 108 
37 9 584 0 583 569 338 254 68 108 
37 9 584 0 583 570 340 254 68 108 
37 9 584 0 583 571 340 254 68 108 
37 9 584 0 583 572 340 254 68 108 
37 9 584 0 583 573 340 254 68 108 
37 9 584 0 583 574 340 254 68 108 
37 9 584 0 583 575 340 254 68 108 
37 9 584 0 583 576 340 254 68 108 
37 9 584 0 583 577 340 254 68 108 
37 9 584 0 583 578 340 254 68 108 
37 9 584 0 583 579 340 254 68 108 
37 9 584 0 583 580 340 254 68 108 
37 9 584 0 583 581 340 254 68 108 
37 9 584 0 583 582 340 254 68 108 
37 9 584 0 583 583 340 254 68 108 
38 9 78 0 77 0 692 434 166 271 
38 9 78 0 77 1 694 435 166 273 
38 9 78 0 77 2 697 439 168 271 
38 9 78 0 77 3 699 442 166 273 
38 9 78 0 77 4 702 446 168 271 
38 9 78 0 77 5 704 450 168 268 
38 9 78 0 77 6 708 453 166 265 
38 9 78 0 77 7 711 453 168 265 
38 9 78 0 77 8 715 455 166 263 
38 9 78 0 77 9 720 455 168 263 
38 9 78 0 77 10 724 457 166 261 
38 9 78 0 77 11 729 457 168 261 
38 9 78 0 77 12 733 458 166 260 
38 9 78 0 77 13 738 460 168 258 
38 9 78 0 77 14 743 464 168 254 
38 9 78 0 77 15 749 467 166 251 
38 9 78 0 77 16 756 471 166 247 
38 9 78 0 77 17 761 474 168 244 
38 9 78 0 77 18 768 478 168 240 
38 9 78 0 77 19 772 476 166 242 
38 9 78 0 77 20 777 475 168 243 
38 9 78 0 77 21 781 475 166 243 
38 9 78 0 77 22 786 474 168 244 
38 9 78 0 77 23 790 474 166 244 
38 9 78 0 77 24 795 474 166 245 
38 9 78 0 77 25 798 473 168 245 
38 9 78 0 77 26 804 473 166 246 
38 9 78 0 77 27 809 473 168 246 
38 9 78 0 77 28 814 475 168 243 
38 9 78 0 77 29 820 478 166 241 
38 9 78 0 77 30 825 480 168 238 
38 9 78 0 77 31 832 481 168 237 
38 9 78 0 77 32 838 484 166 234 
38 9 78 0 77 33 843 486 166 232 
38 9 78 0 77 34 848 486 168 232 
38 9 78 0 77 35 854 489 166 229 
38 9 78 0 77 36 861 490 166 228 
38 9 78 0 77 37 866 493 168 226 
38 9 78 0 77 38 871 495 168 223 
38 9 78 0 77 39 877 498 166 221 
38 9 78 0 77 40 884 500 166 218 
38 9 78 0 77 41 888 501 170 217 
38 9 78 0 77 42 892 504 176 214 
38 9 78 0 77 43 900 509 174 209 
38 9 78 0 77 44 904 510 178 208 
38 9 78 0 77 45 908 515 182 203 
38 9 78 0 77 46 915 520 182 198 
38 9 78 0 77 47 921 524 184 194 
38 9 78 0 77 48 927 529 188 189 
38 9 78 0 77 49 932 533 188 186 
38 9 78 0 77 50 936 538 190 181 
38 9 78 0 77 51 943 541 188 177 
38 9 78 0 77 52 950 546 188 172 
38 9 78 0 77 53 957 550 188 168 
38 9 78 0 77 54 964 553 188 166 
38 9 78 0 77 55 971 555 188 163 
38 9 78 0 77 56 977 560 190 158 
38 9 78 0 77 57 984 561 190 157 
38 9 78 0 77 58 993 566 188 152 
38 9 78 0 77 59 1000 569 188 149 
38 9 78 0 77 60 1007 573 188 146 
38 9 78 0 77 61 1014 578 188 141 
38 9 78 0 77 62 1021 580 188 138 
38 9 78 0 77 63 1028 584 188 134 
38 9 78 0 77 64 1035 589 188 129 
38 9 78 0 77 65 1044 590 188 128 
38 9 78 0 77 66 1053 593 188 126 
38 9 78 0 77 67 1064 598 188 121 
38 9 78 0 77 68 1073 600 188 118 
38 9 78 0 77 69 1080 604 190 114 
38 9 78 0 77 70 1092 609 187 109 
38 9 78 0 77 71 1101 613 178 106 
38 9 78 0 77 72 1112 618 167 101 
38 9 78 0 77 73 1121 620 158 98 
38 9 78 0 77 74 1129 621 149 97 
38 9 78 0 77 75 1138 626 141 92 
38 9 78 0 77 76 1146 629 133 89 
38 9 78 0 77 77 1155 633 124 86 
39 9 322 0 321 0 493 299 78 139 
39 9 322 0 321 1 492 297 78 139 
39 9 322 0 321 2 490 297 78 139 
39 9 322 0 321 3 490 297 78 139 
39 9 322 0 321 4 488 297 78 138 
39 9 322 0 321 5 486 297 78 138 
39 9 322 0 321 6 486 297 78 138 
39 9 322 0 321 7 484 295 80 138 
39 9 322 0 321 8 484 295 80 138 
39 9 322 0 321 9 484 295 80 138 
39 9 322 0 321 10 484 295 80 138 
39 9 322 0 321 11 483 295 78 138 
39 9 322 0 321 12 483 295 78 138 
39 9 322 0 321 13 483 293 78 138 
39 9 322 0 321 14 483 293 78 138 
39 9 322 0 321 15 481 293 78 138 
39 9 322 0 321 16 481 293 78 138 
39 9 322 0 321 17 481 293 78 138 
39 9 322 0 321 18 481 293 78 138 
39 9 322 0 321 19 479 290 78 139 
39 9 322 0 321 20 479 290 78 139 
39 9 322 0 321 21 479 290 78 139 
39 9 322 0 321 22 479 290 78 139 
39 9 322 0 321 23 479 290 78 139 
39 9 322 0 321 24 479 290 78 139 
39 9 322 0 321 25 479 290 78 139 
39 9 322 0 321 26 479 290 78 139 
39 9 322 0 321 27 477 288 78 139 
39 9 322 0 321 28 477 288 78 139 
39 9 322 0 321 29 476 288 78 139 
39 9 322 0 321 30 476 288 78 139 
39 9 322 0 321 31 474 288 78 139 
39 9 322 0 321 32 474 288 78 139 
39 9 322 0 321 33 472 288 78 139 
39 9 322 0 321 34 472 288 78 138 
39 9 322 0 321 35 470 288 78 138 
39 9 322 0 321 36 470 288 78 138 
39 9 322 0 321 37 468 288 80 138 
39 9 322 0 321 38 468 288 80 138 
39 9 322 0 321 39 467 288 78 138 
39 9 322 0 321 40 467 288 78 138 
39 9 322 0 321 41 465 286 78 138 
39 9 322 0 321 42 465 286 78 138 
39 9 322 0 321 43 463 283 78 139 
39 9 322 0 321 44 463 283 78 139 
39 9 322 0 321 45 463 283 78 139 
39 9 322 0 321 46 461 281 78 139 
39 9 322 0 321 47 461 281 78 139 
39 9 322 0 321 48 461 281 78 139 
39 9 322 0 321 49 460 281 78 139 
39 9 322 0 321 50 460 281 78 139 
39 9 322 0 321 51 460 281 78 139 
39 9 322 0 321 52 460 281 78 139 
39 9 322 0 321 53 458 281 78 139 
39 9 322 0 321 54 458 281 78 139 
39 9 322 0 321 55 458 281 78 139 
39 9 322 0 321 56 458 281 78 139 
39 9 322 0 321 57 456 281 78 139 
39 9 322 0 321 58 456 281 78 139 
39 9 322 0 321 59 456 281 78 139 
39 9 322 0 321 60 456 281 78 139 
39 9 322 0 321 61 454 281 78 139 
39 9 322 0 321 62 454 281 78 139 
39 9 322 0 321 63 454 281 78 139 
39 9 322 0 321 64 454 281 78 139 
39 9 322 0 321 65 452 281 80 138 
39 9 322 0 321 66 452 281 80 138 
39 9 322 0 321 67 451 281 78 138 
39 9 322 0 321 68 451 281 78 138 
39 9 322 0 321 69 451 281 78 138 
39 9 322 0 321 70 449 281 78 138 
39 9 322 0 321 71 449 281 78 138 
39 9 322 0 321 72 449 281 78 138 
39 9 322 0 321 73 447 279 78 138 
39 9 322 0 321 74 447 279 78 138 
39 9 322 0 321 75 447 279 78 135 
39 9 322 0 321 76 445 277 78 138 
39 9 322 0 321 77 445 277 78 136 
39 9 322 0 321 78 445 277 78 136 
39 9 322 0 321 79 444 275 78 136 
39 9 322 0 321 80 444 275 78 136 
39 9 322 0 321 81 444 275 78 136 
39 9 322 0 321 82 444 275 78 133 
39 9 322 0 321 83 444 275 78 133 
39 9 322 0 321 84 442 275 78 133 
39 9 322 0 321 85 442 275 78 133 
39 9 322 0 321 86 442 276 78 130 
39 9 322 0 321 87 442 276 78 130 
39 9 322 0 321 88 442 276 78 130 
39 9 322 0 321 89 440 276 78 129 
39 9 322 0 321 90 440 276 78 129 
39 9 322 0 321 91 440 276 78 129 
39 9 322 0 321 92 440 276 78 129 
39 9 322 0 321 93 440 277 78 126 
39 9 322 0 321 94 438 277 78 126 
39 9 322 0 321 95 438 277 78 126 
39 9 322 0 321 96 438 277 78 123 
39 9 322 0 321 97 438 277 78 123 
39 9 322 0 321 98 438 277 78 123 
39 9 322 0 321 99 438 277 78 123 
39 9 322 0 321 100 436 275 80 123 
39 9 322 0 321 101 436 275 80 123 
39 9 322 0 321 102 436 275 80 123 
39 9 322 0 321 103 436 275 80 123 
39 9 322 0 321 104 436 276 80 120 
39 9 322 0 321 105 435 276 78 120 
39 9 322 0 321 106 435 274 78 121 
39 9 322 0 321 107 435 274 78 121 
39 9 322 0 321 108 435 274 78 121 
39 9 322 0 321 109 435 275 78 120 
39 9 322 0 321 110 433 275 78 120 
39 9 322 0 321 111 433 275 78 120 
39 9 322 0 321 112 433 272 78 123 
39 9 322 0 321 113 433 273 78 120 
39 9 322 0 321 114 433 273 78 120 
39 9 322 0 321 115 431 273 78 120 
39 9 322 0 321 116 431 273 78 120 
39 9 322 0 321 117 431 273 78 120 
39 9 322 0 321 118 431 271 78 120 
39 9 322 0 321 119 431 271 78 120 
39 9 322 0 321 120 431 271 78 120 
39 9 322 0 321 121 429 271 78 120 
39 9 322 0 321 122 429 271 78 120 
39 9 322 0 321 123 429 271 78 117 
39 9 322 0 321 124 429 269 78 120 
39 9 322 0 321 125 429 269 78 120 
39 9 322 0 321 126 428 269 78 120 
39 9 322 0 321 127 428 269 78 118 
39 9 322 0 321 128 428 269 78 118 
39 9 322 0 321 129 428 269 78 118 
39 9 322 0 321 130 428 268 78 120 
39 9 322 0 321 131 426 268 78 120 
39 9 322 0 321 132 426 268 78 117 
39 9 322 0 321 133 426 268 78 117 
39 9 322 0 321 134 426 268 78 117 
39 9 322 0 321 135 426 268 78 117 
39 9 322 0 321 136 426 268 78 117 
39 9 322 0 321 137 424 266 78 117 
39 9 322 0 321 138 424 266 78 117 
39 9 322 0 321 139 424 266 78 117 
39 9 322 0 321 140 424 266 78 117 
39 9 322 0 321 141 422 266 78 117 
39 9 322 0 321 142 422 266 78 117 
39 9 322 0 321 143 422 266 78 117 
39 9 322 0 321 144 422 266 78 117 
39 9 322 0 321 145 420 266 80 117 
39 9 322 0 321 146 420 266 80 117 
39 9 322 0 321 147 420 267 80 114 
39 9 322 0 321 148 420 267 80 114 
39 9 322 0 321 149 419 267 78 114 
39 9 322 0 321 150 419 267 78 114 
39 9 322 0 321 151 419 267 78 114 
39 9 322 0 321 152 419 267 78 114 
39 9 322 0 321 153 417 267 78 114 
39 9 322 0 321 154 417 267 78 114 
39 9 322 0 321 155 417 267 78 114 
39 9 322 0 321 156 417 267 78 114 
39 9 322 0 321 157 417 267 78 114 
39 9 322 0 321 158 415 265 78 114 
39 9 322 0 321 159 415 265 78 114 
39 9 322 0 321 160 416 265 74 114 
39 9 322 0 321 161 416 265 74 114 
39 9 322 0 321 162 414 265 76 114 
39 9 322 0 321 163 414 265 76 114 
39 9 322 0 321 164 415 265 72 114 
39 9 322 0 321 165 415 265 72 114 
39 9 322 0 321 166 415 265 72 114 
39 9 322 0 321 167 414 262 70 115 
39 9 322 0 321 168 412 262 70 115 
39 9 322 0 321 169 412 262 70 115 
39 9 322 0 321 170 410 262 72 115 
39 9 322 0 321 171 410 262 72 115 
39 9 322 0 321 172 408 262 72 115 
39 9 322 0 321 173 408 262 72 115 
39 9 322 0 321 174 406 262 72 115 
39 9 322 0 321 175 405 262 70 115 
39 9 322 0 321 176 405 262 70 115 
39 9 322 0 321 177 403 260 70 115 
39 9 322 0 321 178 403 260 70 115 
39 9 322 0 321 179 401 260 72 115 
39 9 322 0 321 180 401 260 72 115 
39 9 322 0 321 181 399 260 72 115 
39 9 322 0 321 182 398 260 70 115 
39 9 322 0 321 183 398 260 70 115 
39 9 322 0 321 184 396 260 70 115 
39 9 322 0 321 185 396 260 70 115 
39 9 322 0 321 186 394 260 72 115 
39 9 322 0 321 187 394 260 72 115 
39 9 322 0 321 188 392 261 72 112 
39 9 322 0 321 189 393 261 68 109 
39 9 322 0 321 190 391 261 68 109 
39 9 322 0 321 191 392 262 64 108 
39 9 322 0 321 192 391 262 64 105 
39 9 322 0 321 193 392 262 60 105 
39 9 322 0 321 194 390 263 60 102 
39 9 322 0 321 195 391 265 56 99 
39 9 322 0 321 196 388 263 58 99 
39 9 322 0 321 197 388 263 58 99 
39 9 322 0 321 198 386 263 58 99 
39 9 322 0 321 199 386 263 58 99 
39 9 322 0 321 200 386 263 56 99 
39 9 322 0 321 201 386 263 56 99 
39 9 322 0 321 202 386 263 56 99 
39 9 322 0 321 203 384 263 56 99 
39 9 322 0 321 204 384 263 56 99 
39 9 322 0 321 205 382 263 56 99 
39 9 322 0 321 206 382 263 56 99 
39 9 322 0 321 207 382 263 56 99 
39 9 322 0 321 208 379 263 58 99 
39 9 322 0 321 209 379 263 58 99 
39 9 322 0 321 210 377 262 58 97 
39 9 322 0 321 211 377 262 58 97 
39 9 322 0 321 212 377 262 56 97 
39 9 322 0 321 213 377 262 56 97 
39 9 322 0 321 214 377 262 56 97 
39 9 322 0 321 215 375 262 56 97 
39 9 322 0 321 216 375 262 56 97 
39 9 322 0 321 217 372 262 58 97 
39 9 322 0 321 218 372 262 58 97 
39 9 322 0 321 219 372 262 58 97 
39 9 322 0 321 220 370 262 58 97 
39 9 322 0 321 221 370 262 58 97 
39 9 322 0 321 222 370 262 56 97 
39 9 322 0 321 223 370 262 56 97 
39 9 322 0 321 224 370 262 56 97 
39 9 322 0 321 225 368 262 56 97 
39 9 322 0 321 226 368 262 56 97 
39 9 322 0 321 227 368 262 56 97 
39 9 322 0 321 228 368 262 56 97 
39 9 322 0 321 229 366 260 56 99 
39 9 322 0 321 230 366 260 56 99 
39 9 322 0 321 231 366 260 56 99 
39 9 322 0 321 232 366 260 56 99 
39 9 322 0 321 233 366 260 56 99 
39 9 322 0 321 234 366 260 56 99 
39 9 322 0 321 235 366 258 56 99 
39 9 322 0 321 236 366 258 56 99 
39 9 322 0 321 237 366 258 56 99 
39 9 322 0 321 238 366 258 56 99 
39 9 322 0 321 239 366 258 56 99 
39 9 322 0 321 240 366 258 56 99 
39 9 322 0 321 241 366 258 56 99 
39 9 322 0 321 242 363 256 58 99 
39 9 322 0 321 243 363 256 58 99 
39 9 322 0 321 244 363 256 58 99 
39 9 322 0 321 245 363 256 58 99 
39 9 322 0 321 246 363 256 58 99 
39 9 322 0 321 247 363 256 58 99 
39 9 322 0 321 248 363 256 58 99 
39 9 322 0 321 249 363 256 58 99 
39 9 322 0 321 250 363 256 58 99 
39 9 322 0 321 251 363 256 58 99 
39 9 322 0 321 252 363 256 58 99 
39 9 322 0 321 253 363 256 58 99 
39 9 322 0 321 254 363 256 58 99 
39 9 322 0 321 255 363 256 58 99 
39 9 322 0 321 256 363 256 58 99 
39 9 322 0 321 257 363 256 58 99 
39 9 322 0 321 258 363 256 58 99 
39 9 322 0 321 259 361 255 58 97 
39 9 322 0 321 260 361 255 58 97 
39 9 322 0 321 261 361 255 58 97 
39 9 322 0 321 262 361 255 58 97 
39 9 322 0 321 263 361 255 58 97 
39 9 322 0 321 264 361 255 58 97 
39 9 322 0 321 265 361 255 58 97 
39 9 322 0 321 266 361 255 58 97 
39 9 322 0 321 267 361 255 58 97 
39 9 322 0 321 268 361 255 58 97 
39 9 322 0 321 269 361 255 58 97 
39 9 322 0 321 270 361 255 58 97 
39 9 322 0 321 271 361 255 58 97 
39 9 322 0 321 272 361 255 58 97 
39 9 322 0 321 273 361 255 58 97 
39 9 322 0 321 274 361 255 58 97 
39 9 322 0 321 275 361 255 58 97 
39 9 322 0 321 276 361 255 58 97 
39 9 322 0 321 277 361 255 56 97 
39 9 322 0 321 278 361 255 56 97 
39 9 322 0 321 279 361 255 56 97 
39 9 322 0 321 280 361 255 56 97 
39 9 322 0 321 281 361 255 56 97 
39 9 322 0 321 282 361 255 56 97 
39 9 322 0 321 283 361 255 56 97 
39 9 322 0 321 284 361 255 56 97 
39 9 322 0 321 285 361 255 56 97 
39 9 322 0 321 286 361 255 56 97 
39 9 322 0 321 287 361 255 56 97 
39 9 322 0 321 288 361 255 56 97 
39 9 322 0 321 289 361 255 56 97 
39 9 322 0 321 290 361 255 56 97 
39 9 322 0 321 291 361 255 56 97 
39 9 322 0 321 292 361 255 56 97 
39 9 322 0 321 293 361 255 56 97 
39 9 322 0 321 294 361 255 56 97 
39 9 322 0 321 295 361 255 56 97 
39 9 322 0 321 296 361 255 56 97 
39 9 322 0 321 297 361 255 56 97 
39 9 322 0 321 298 361 255 56 97 
39 9 322 0 321 299 361 255 56 97 
39 9 322 0 321 300 361 255 56 97 
39 9 322 0 321 301 361 255 56 97 
39 9 322 0 321 302 361 255 56 97 
39 9 322 0 321 303 361 255 56 97 
39 9 322 0 321 304 361 255 56 97 
39 9 322 0 321 305 361 255 56 97 
39 9 322 0 321 306 361 255 56 97 
39 9 322 0 321 307 361 255 56 97 
39 9 322 0 321 308 361 255 56 97 
39 9 322 0 321 309 365 256 60 99 
39 9 322 0 321 310 372 258 60 102 
39 9 322 0 321 311 376 259 64 103 
39 9 322 0 321 312 384 261 64 106 
39 9 322 0 321 313 391 261 64 109 
39 9 322 0 321 314 395 263 68 112 
39 9 322 0 321 315 402 267 68 109 
39 9 322 0 321 316 406 269 72 111 
39 9 322 0 321 317 414 269 70 115 
39 9 322 0 321 318 421 271 70 117 
39 9 322 0 321 319 425 273 74 120 
39 9 322 0 321 320 432 274 74 121 
39 9 322 0 321 321 438 277 78 123 
40 9 291 31 321 31 512 273 64 157 
40 9 291 31 321 32 510 273 64 157 
40 9 291 31 321 33 510 273 64 157 
40 9 291 31 321 34 510 273 64 157 
40 9 291 31 321 35 508 273 64 157 
40 9 291 31 321 36 508 271 64 157 
40 9 291 31 321 37 508 271 64 157 
40 9 291 31 321 38 506 271 64 157 
40 9 291 31 321 39 506 271 64 157 
40 9 291 31 321 40 506 271 64 157 
40 9 291 31 321 41 504 269 64 157 
40 9 291 31 321 42 504 268 64 157 
40 9 291 31 321 43 503 268 64 157 
40 9 291 31 321 44 503 266 64 157 
40 9 291 31 321 45 503 264 64 157 
40 9 291 31 321 46 501 264 64 157 
40 9 291 31 321 47 501 262 64 157 
40 9 291 31 321 48 501 262 64 157 
40 9 291 31 321 49 499 265 64 154 
40 9 291 31 321 50 497 267 64 151 
40 9 291 31 321 51 496 270 64 148 
40 9 291 31 321 52 494 271 64 147 
40 9 291 31 321 53 494 276 64 141 
40 9 291 31 321 54 492 274 64 141 
40 9 291 31 321 55 492 274 64 141 
40 9 291 31 321 56 492 274 64 141 
40 9 291 31 321 57 492 274 64 141 
40 9 291 31 321 58 492 274 64 141 
40 9 291 31 321 59 492 274 64 141 
40 9 291 31 321 60 490 272 64 142 
40 9 291 31 321 61 490 272 64 142 
40 9 291 31 321 62 490 272 64 142 
40 9 291 31 321 63 490 272 64 142 
40 9 291 31 321 64 490 272 64 142 
40 9 291 31 321 65 490 272 64 142 
40 9 291 31 321 66 488 271 64 141 
40 9 291 31 321 67 488 271 64 141 
40 9 291 31 321 68 488 271 64 141 
40 9 291 31 321 69 488 271 64 141 
40 9 291 31 321 70 488 271 64 141 
40 9 291 31 321 71 488 271 64 141 
40 9 291 31 321 72 488 271 64 141 
40 9 291 31 321 73 487 271 64 141 
40 9 291 31 321 74 487 271 64 141 
40 9 291 31 321 75 485 271 64 141 
40 9 291 31 321 76 485 271 64 141 
40 9 291 31 321 77 483 271 64 141 
40 9 291 31 321 78 483 271 64 141 
40 9 291 31 321 79 481 269 64 141 
40 9 291 31 321 80 481 269 64 141 
40 9 291 31 321 81 481 269 64 141 
40 9 291 31 321 82 481 270 64 138 
40 9 291 31 321 83 481 270 64 138 
40 9 291 31 321 84 481 270 64 138 
40 9 291 31 321 85 481 270 64 136 
40 9 291 31 321 86 480 270 64 136 
40 9 291 31 321 87 480 270 64 136 
40 9 291 31 321 88 480 270 64 133 
40 9 291 31 321 89 480 268 64 136 
40 9 291 31 321 90 480 268 64 136 
40 9 291 31 321 91 480 268 64 133 
40 9 291 31 321 92 480 268 64 133 
40 9 291 31 321 93 478 268 64 133 
40 9 291 31 321 94 478 269 64 130 
40 9 291 31 321 95 478 269 64 130 
40 9 291 31 321 96 478 269 64 130 
40 9 291 31 321 97 478 269 64 127 
40 9 291 31 321 98 478 269 64 127 
40 9 291 31 321 99 478 269 64 127 
40 9 291 31 321 100 476 267 64 129 
40 9 291 31 321 101 476 267 64 129 
40 9 291 31 321 102 476 267 64 129 
40 9 291 31 321 103 474 267 64 129 
40 9 291 31 321 104 474 268 64 126 
40 9 291 31 321 105 474 268 64 126 
40 9 291 31 321 106 472 268 64 126 
40 9 291 31 321 107 472 268 64 126 
40 9 291 31 321 108 472 268 64 126 
40 9 291 31 321 109 472 267 64 124 
40 9 291 31 321 110 471 267 64 124 
40 9 291 31 321 111 471 267 64 124 
40 9 291 31 321 112 471 267 64 124 
40 9 291 31 321 113 469 267 64 121 
40 9 291 31 321 114 469 267 64 121 
40 9 291 31 321 115 469 267 64 121 
40 9 291 31 321 116 467 267 64 121 
40 9 291 31 321 117 467 267 64 121 
40 9 291 31 321 118 467 265 64 123 
40 9 291 31 321 119 467 265 64 123 
40 9 291 31 321 120 465 265 64 123 
40 9 291 31 321 121 465 265 64 123 
40 9 291 31 321 122 465 265 64 123 
40 9 291 31 321 123 464 266 64 120 
40 9 291 31 321 124 464 266 64 120 
40 9 291 31 321 125 464 266 64 120 
40 9 291 31 321 126 462 266 64 120 
40 9 291 31 321 127 462 264 64 120 
40 9 291 31 321 128 462 264 64 120 
40 9 291 31 321 129 462 264 64 120 
40 9 291 31 321 130 460 264 64 120 
40 9 291 31 321 131 460 264 64 120 
40 9 291 31 321 132 460 264 64 117 
40 9 291 31 321 133 458 264 64 117 
40 9 291 31 321 134 458 264 64 117 
40 9 291 31 321 135 458 264 64 117 
40 9 291 31 321 136 458 264 64 117 
40 9 291 31 321 137 456 262 64 117 
40 9 291 31 321 138 456 262 64 117 
40 9 291 31 321 139 456 262 64 117 
40 9 291 31 321 140 455 262 64 117 
40 9 291 31 321 141 455 262 64 117 
40 9 291 31 321 142 455 262 64 117 
40 9 291 31 321 143 455 262 64 117 
40 9 291 31 321 144 453 262 64 117 
40 9 291 31 321 145 453 262 64 117 
40 9 291 31 321 146 453 262 64 117 
40 9 291 31 321 147 451 260 64 118 
40 9 291 31 321 148 451 260 64 118 
40 9 291 31 321 149 451 260 64 118 
40 9 291 31 321 150 451 260 64 118 
40 9 291 31 321 151 449 260 64 118 
40 9 291 31 321 152 449 260 64 118 
40 9 291 31 321 153 449 260 64 118 
40 9 291 31 321 154 448 260 64 118 
40 9 291 31 321 155 448 260 64 118 
40 9 291 31 321 156 448 260 64 118 
40 9 291 31 321 157 448 260 64 118 
40 9 291 31 321 158 446 259 64 117 
40 9 291 31 321 159 444 259 64 117 
40 9 291 31 321 160 444 259 64 117 
40 9 291 31 321 161 442 259 64 117 
40 9 291 31 321 162 440 259 64 117 
40 9 291 31 321 163 440 259 64 117 
40 9 291 31 321 164 439 259 64 117 
40 9 291 31 321 165 437 259 64 117 
40 9 291 31 321 166 437 259 64 117 
40 9 291 31 321 167 435 257 64 117 
40 9 291 31 321 168 435 257 64 117 
40 9 291 31 321 169 435 257 64 117 
40 9 291 31 321 170 433 257 64 117 
40 9 291 31 321 171 433 257 64 117 
40 9 291 31 321 172 433 257 64 117 
40 9 291 31 321 173 433 257 64 117 
40 9 291 31 321 174 432 257 64 117 
40 9 291 31 321 175 432 257 64 117 
40 9 291 31 321 176 432 257 64 117 
40 9 291 31 321 177 430 255 64 117 
40 9 291 31 321 178 430 255 64 117 
40 9 291 31 321 179 430 255 64 117 
40 9 291 31 321 180 430 255 64 117 
40 9 291 31 321 181 428 255 64 117 
40 9 291 31 321 182 428 255 64 117 
40 9 291 31 321 183 428 255 64 117 
40 9 291 31 321 184 426 255 64 117 
40 9 291 31 321 185 426 255 64 117 
40 9 291 31 321 186 426 255 64 117 
40 9 291 31 321 187 426 255 64 117 
40 9 291 31 321 188 424 253 64 118 
40 9 291 31 321 189 424 253 64 118 
40 9 291 31 321 190 424 253 64 118 
40 9 291 31 321 191 424 253 64 118 
40 9 291 31 321 192 423 253 64 118 
40 9 291 31 321 193 423 253 64 118 
40 9 291 31 321 194 423 253 64 118 
40 9 291 31 321 195 423 253 64 118 
40 9 291 31 321 196 421 252 64 117 
40 9 291 31 321 197 421 252 64 117 
40 9 291 31 321 198 419 252 64 117 
40 9 291 31 321 199 419 252 64 117 
40 9 291 31 321 200 419 252 64 117 
40 9 291 31 321 201 417 252 64 117 
40 9 291 31 321 202 417 252 64 117 
40 9 291 31 321 203 416 252 64 117 
40 9 291 31 321 204 416 252 64 117 
40 9 291 31 321 205 416 250 64 117 
40 9 291 31 321 206 414 250 64 117 
40 9 291 31 321 207 414 250 64 117 
40 9 291 31 321 208 414 250 64 117 
40 9 291 31 321 209 412 250 64 117 
40 9 291 31 321 210 412 250 64 117 
40 9 291 31 321 211 410 250 64 117 
40 9 291 31 321 212 410 250 64 117 
40 9 291 31 321 213 410 250 64 117 
40 9 291 31 321 214 408 250 64 117 
40 9 291 31 321 215 408 248 64 117 
40 9 291 31 321 216 408 248 64 117 
40 9 291 31 321 217 407 248 64 117 
40 9 291 31 321 218 407 248 64 117 
40 9 291 31 321 219 405 248 64 117 
40 9 291 31 321 220 405 248 64 117 
40 9 291 31 321 221 405 248 64 117 
40 9 291 31 321 222 403 248 64 117 
40 9 291 31 321 223 403 248 64 117 
40 9 291 31 321 224 403 248 64 117 
40 9 291 31 321 225 401 248 64 117 
40 9 291 31 321 226 401 248 64 117 
40 9 291 31 321 227 401 248 64 117 
40 9 291 31 321 228 401 248 64 117 
40 9 291 31 321 229 400 246 64 117 
40 9 291 31 321 230 400 246 64 117 
40 9 291 31 321 231 400 246 64 117 
40 9 291 31 321 232 400 246 64 117 
40 9 291 31 321 233 398 246 64 117 
40 9 291 31 321 234 398 246 64 117 
40 9 291 31 321 235 398 246 64 115 
40 9 291 31 321 236 398 246 64 115 
40 9 291 31 321 237 396 246 64 115 
40 9 291 31 321 238 396 246 64 115 
40 9 291 31 321 239 396 246 64 115 
40 9 291 31 321 240 396 246 64 115 
40 9 291 31 321 241 396 246 64 115 
40 9 291 31 321 242 394 244 64 115 
40 9 291 31 321 243 394 244 64 115 
40 9 291 31 321 244 394 244 64 115 
40 9 291 31 321 245 394 244 64 115 
40 9 291 31 321 246 394 244 64 115 
40 9 291 31 321 247 392 244 64 115 
40 9 291 31 321 248 392 244 64 115 
40 9 291 31 321 249 392 244 64 115 
40 9 291 31 321 250 392 245 64 112 
40 9 291 31 321 251 392 245 64 112 
40 9 291 31 321 252 391 245 64 112 
40 9 291 31 321 253 391 245 64 112 
40 9 291 31 321 254 391 245 64 112 
40 9 291 31 321 255 391 245 64 112 
40 9 291 31 321 256 391 245 64 112 
40 9 291 31 321 257 389 245 64 112 
40 9 291 31 321 258 389 245 64 112 
40 9 291 31 321 259 389 245 64 109 
40 9 291 31 321 260 389 245 64 109 
40 9 291 31 321 261 389 245 64 109 
40 9 291 31 321 262 387 245 64 109 
40 9 291 31 321 263 387 245 64 109 
40 9 291 31 321 264 387 245 64 109 
40 9 291 31 321 265 387 245 64 109 
40 9 291 31 321 266 387 245 64 109 
40 9 291 31 321 267 385 245 64 109 
40 9 291 31 321 268 385 246 64 108 
40 9 291 31 321 269 385 246 64 108 
40 9 291 31 321 270 385 246 64 108 
40 9 291 31 321 271 385 246 64 108 
40 9 291 31 321 272 384 246 64 108 
40 9 291 31 321 273 384 246 64 108 
40 9 291 31 321 274 384 246 64 108 
40 9 291 31 321 275 384 246 64 108 
40 9 291 31 321 276 384 246 64 108 
40 9 291 31 321 277 382 245 64 106 
40 9 291 31 321 278 382 245 64 106 
40 9 291 31 321 279 382 245 64 106 
40 9 291 31 321 280 382 245 64 106 
40 9 291 31 321 281 382 245 64 106 
40 9 291 31 321 282 382 245 64 106 
40 9 291 31 321 283 382 245 64 106 
40 9 291 31 321 284 382 245 64 106 
40 9 291 31 321 285 382 245 64 106 
40 9 291 31 321 286 382 245 64 106 
40 9 291 31 321 287 382 245 64 106 
40 9 291 31 321 288 382 245 64 106 
40 9 291 31 321 289 382 245 64 106 
40 9 291 31 321 290 382 245 64 106 
40 9 291 31 321 291 382 245 64 106 
40 9 291 31 321 292 382 245 64 106 
40 9 291 31 321 293 382 243 64 106 
40 9 291 31 321 294 382 243 64 106 
40 9 291 31 321 295 382 243 64 106 
40 9 291 31 321 296 382 243 64 106 
40 9 291 31 321 297 382 243 64 106 
40 9 291 31 321 298 382 243 64 106 
40 9 291 31 321 299 382 243 64 106 
40 9 291 31 321 300 382 243 64 106 
40 9 291 31 321 301 382 243 64 106 
40 9 291 31 321 302 382 243 64 106 
40 9 291 31 321 303 382 243 64 106 
40 9 291 31 321 304 382 243 64 106 
40 9 291 31 321 305 382 243 64 106 
40 9 291 31 321 306 382 243 64 106 
40 9 291 31 321 307 382 243 64 106 
40 9 291 31 321 308 382 243 64 106 
40 9 291 31 321 309 389 245 64 106 
40 9 291 31 321 310 396 245 64 109 
40 9 291 31 321 311 403 247 64 112 
40 9 291 31 321 312 410 251 64 111 
40 9 291 31 321 313 417 253 64 114 
40 9 291 31 321 314 424 253 64 118 
40 9 291 31 321 315 433 257 64 117 
40 9 291 31 321 316 440 259 64 120 
40 9 291 31 321 317 448 259 64 123 
40 9 291 31 321 318 455 263 64 123 
40 9 291 31 321 319 462 265 64 124 
40 9 291 31 321 320 469 266 64 127 
40 9 291 31 321 321 478 269 64 127 
41 9 284 300 583 300 358 251 60 102 
41 9 284 300 583 301 358 249 60 102 
41 9 284 300 583 302 358 249 60 102 
41 9 284 300 583 303 358 249 60 102 
41 9 284 300 583 304 358 249 60 102 
41 9 284 300 583 305 358 249 60 102 
41 9 284 300 583 306 358 249 60 102 
41 9 284 300 583 307 358 249 60 102 
41 9 284 300 583 308 358 249 60 102 
41 9 284 300 583 309 358 249 60 102 
41 9 284 300 583 310 358 249 60 102 
41 9 284 300 583 311 358 249 60 99 
41 9 284 300 583 312 358 249 60 99 
41 9 284 300 583 313 358 249 60 99 
41 9 284 300 583 314 358 249 60 99 
41 9 284 300 583 315 358 249 60 99 
41 9 284 300 583 316 358 249 60 99 
41 9 284 300 583 317 358 249 60 99 
41 9 284 300 583 318 358 249 60 99 
41 9 284 300 583 319 358 249 60 99 
41 9 284 300 583 320 358 249 60 99 
41 9 284 300 583 321 358 249 60 99 
41 9 284 300 583 322 358 249 60 99 
41 9 284 300 583 323 358 249 60 99 
41 9 284 300 583 324 358 249 60 99 
41 9 284 300 583 325 361 249 56 99 
41 9 284 300 583 326 361 249 56 99 
41 9 284 300 583 327 361 249 56 99 
41 9 284 300 583 328 361 249 56 99 
41 9 284 300 583 329 361 249 56 99 
41 9 284 300 583 330 362 249 54 99 
41 9 284 300 583 331 362 249 52 99 
41 9 284 300 583 332 362 249 52 99 
41 9 284 300 583 333 362 249 52 99 
41 9 284 300 583 334 362 249 52 99 
41 9 284 300 583 335 362 249 52 99 
41 9 284 300 583 336 362 249 52 99 
41 9 284 300 583 337 362 249 52 99 
41 9 284 300 583 338 362 249 52 99 
41 9 284 300 583 339 362 249 52 99 
41 9 284 300 583 340 362 249 52 99 
41 9 284 300 583 341 362 247 52 99 
41 9 284 300 583 342 362 247 52 99 
41 9 284 300 583 343 362 247 52 99 
41 9 284 300 583 344 362 246 52 97 
41 9 284 300 583 345 362 246 52 97 
41 9 284 300 583 346 362 246 52 97 
41 9 284 300 583 347 362 244 52 99 
41 9 284 300 583 348 362 244 52 99 
41 9 284 300 583 349 362 244 52 99 
41 9 284 300 583 350 362 244 52 99 
41 9 284 300 583 351 359 244 54 99 
41 9 284 300 583 352 359 244 54 99 
41 9 284 300 583 353 359 244 54 99 
41 9 284 300 583 354 357 244 54 99 
41 9 284 300 583 355 357 244 54 99 
41 9 284 300 583 356 357 244 54 99 
41 9 284 300 583 357 355 244 54 99 
41 9 284 300 583 358 355 244 54 99 
41 9 284 300 583 359 355 244 54 99 
41 9 284 300 583 360 355 244 54 99 
41 9 284 300 583 361 355 242 54 99 
41 9 284 300 583 362 355 242 54 99 
41 9 284 300 583 363 355 242 54 99 
41 9 284 300 583 364 355 242 54 99 
41 9 284 300 583 365 355 242 54 99 
41 9 284 300 583 366 355 240 54 99 
41 9 284 300 583 367 355 240 54 99 
41 9 284 300 583 368 355 240 54 99 
41 9 284 300 583 369 355 240 54 99 
41 9 284 300 583 370 355 240 54 99 
41 9 284 300 583 371 355 239 52 97 
41 9 284 300 583 372 355 239 52 97 
41 9 284 300 583 373 355 239 52 97 
41 9 284 300 583 374 355 239 52 97 
41 9 284 300 583 375 355 239 52 97 
41 9 284 300 583 376 353 239 52 97 
41 9 284 300 583 377 353 239 52 97 
41 9 284 300 583 378 353 239 52 97 
41 9 284 300 583 379 353 239 52 97 
41 9 284 300 583 380 353 239 52 97 
41 9 284 300 583 381 353 240 52 96 
41 9 284 300 583 382 353 240 52 96 
41 9 284 300 583 383 353 240 52 96 
41 9 284 300 583 384 353 240 52 96 
41 9 284 300 583 385 353 240 52 96 
41 9 284 300 583 386 353 240 52 96 
41 9 284 300 583 387 353 240 52 96 
41 9 284 300 583 388 353 240 52 96 
41 9 284 300 583 389 353 240 52 96 
41 9 284 300 583 390 353 240 52 96 
41 9 284 300 583 391 350 240 54 96 
41 9 284 300 583 392 350 240 54 96 
41 9 284 300 583 393 350 240 54 96 
41 9 284 300 583 394 350 240 54 96 
41 9 284 300 583 395 350 240 54 96 
41 9 284 300 583 396 350 240 54 96 
41 9 284 300 583 397 348 240 54 96 
41 9 284 300 583 398 348 240 54 96 
41 9 284 300 583 399 348 240 54 96 
41 9 284 300 583 400 348 240 54 96 
41 9 284 300 583 401 348 240 54 96 
41 9 284 300 583 402 348 240 54 96 
41 9 284 300 583 403 348 240 54 96 
41 9 284 300 583 404 346 240 54 96 
41 9 284 300 583 405 346 240 54 96 
41 9 284 300 583 406 346 240 54 96 
41 9 284 300 583 407 346 240 54 96 
41 9 284 300 583 408 346 240 54 96 
41 9 284 300 583 409 346 240 54 96 
41 9 284 300 583 410 346 240 54 96 
41 9 284 300 583 411 346 238 52 96 
41 9 284 300 583 412 346 238 52 96 
41 9 284 300 583 413 346 238 52 93 
41 9 284 300 583 414 343 238 54 93 
41 9 284 300 583 415 343 239 54 90 
41 9 284 300 583 416 343 239 54 90 
41 9 284 300 583 417 341 239 54 87 
41 9 284 300 583 418 341 239 54 87 
41 9 284 300 583 419 341 239 54 85 
41 9 284 300 583 420 341 239 54 85 
41 9 284 300 583 421 339 237 54 85 
41 9 284 300 583 422 339 237 54 85 
41 9 284 300 583 423 339 237 54 85 
41 9 284 300 583 424 339 237 54 85 
41 9 284 300 583 425 339 237 54 85 
41 9 284 300 583 426 339 237 54 85 
41 9 284 300 583 427 339 237 54 85 
41 9 284 300 583 428 339 237 54 85 
41 9 284 300 583 429 339 237 54 85 
41 9 284 300 583 430 339 237 54 85 
41 9 284 300 583 431 339 237 52 85 
41 9 284 300 583 432 339 237 52 85 
41 9 284 300 583 433 339 237 52 85 
41 9 284 300 583 434 339 237 52 85 
41 9 284 300 583 435 339 237 52 85 
41 9 284 300 583 436 339 237 52 85 
41 9 284 300 583 437 339 237 52 85 
41 9 284 300 583 438 339 237 52 85 
41 9 284 300 583 439 339 237 52 85 
41 9 284 300 583 440 339 237 52 85 
41 9 284 300 583 441 337 237 52 85 
41 9 284 300 583 442 337 237 52 85 
41 9 284 300 583 443 337 237 52 85 
41 9 284 300 583 444 337 237 52 85 
41 9 284 300 583 445 337 237 52 85 
41 9 284 300 583 446 337 237 52 85 
41 9 284 300 583 447 337 237 52 85 
41 9 284 300 583 448 337 237 52 85 
41 9 284 300 583 449 337 237 52 85 
41 9 284 300 583 450 337 237 52 85 
41 9 284 300 583 451 334 237 54 85 
41 9 284 300 583 452 334 237 54 85 
41 9 284 300 583 453 334 237 54 85 
41 9 284 300 583 454 334 237 54 85 
41 9 284 300 583 455 334 237 54 85 
41 9 284 300 583 456 334 237 54 85 
41 9 284 300 583 457 334 237 54 85 
41 9 284 300 583 458 334 237 54 85 
41 9 284 300 583 459 334 237 54 85 
41 9 284 300 583 460 334 237 54 85 
41 9 284 300 583 461 332 235 54 85 
41 9 284 300 583 462 332 235 54 85 
41 9 284 300 583 463 332 235 54 85 
41 9 284 300 583 464 332 235 54 85 
41 9 284 300 583 465 332 235 54 85 
41 9 284 300 583 466 330 235 54 85 
41 9 284 300 583 467 330 235 54 85 
41 9 284 300 583 468 330 235 54 85 
41 9 284 300 583 469 330 235 54 85 
41 9 284 300 583 470 330 235 54 85 
41 9 284 300 583 471 330 233 54 85 
41 9 284 300 583 472 330 233 54 85 
41 9 284 300 583 473 330 233 54 85 
41 9 284 300 583 474 330 233 54 85 
41 9 284 300 583 475 330 233 54 85 
41 9 284 300 583 476 330 233 54 85 
41 9 284 300 583 477 330 233 54 85 
41 9 284 300 583 478 330 233 54 85 
41 9 284 300 583 479 330 233 54 85 
41 9 284 300 583 480 330 233 54 85 
41 9 284 300 583 481 330 233 52 85 
41 9 284 300 583 482 330 233 52 85 
41 9 284 300 583 483 330 233 52 85 
41 9 284 300 583 484 327 233 54 85 
41 9 284 300 583 485 327 233 54 85 
41 9 284 300 583 486 327 233 54 85 
41 9 284 300 583 487 325 233 54 85 
41 9 284 300 583 488 325 233 54 85 
41 9 284 300 583 489 325 233 54 85 
41 9 284 300 583 490 325 233 54 85 
41 9 284 300 583 491 323 233 54 85 
41 9 284 300 583 492 323 233 54 85 
41 9 284 300 583 493 323 233 54 85 
41 9 284 300 583 494 323 233 54 85 
41 9 284 300 583 495 323 233 54 85 
41 9 284 300 583 496 323 233 52 85 
41 9 284 300 583 497 323 233 52 85 
41 9 284 300 583 498 323 233 52 85 
41 9 284 300 583 499 323 233 52 85 
41 9 284 300 583 500 323 233 52 85 
41 9 284 300 583 501 321 233 52 85 
41 9 284 300 583 502 321 233 52 85 
41 9 284 300 583 503 321 233 52 85 
41 9 284 300 583 504 318 233 54 85 
41 9 284 300 583 505 318 233 54 85 
41 9 284 300 583 506 318 233 54 85 
41 9 284 300 583 507 316 233 54 85 
41 9 284 300 583 508 316 233 54 85 
41 9 284 300 583 509 316 233 54 85 
41 9 284 300 583 510 316 233 54 85 
41 9 284 300 583 511 314 232 54 85 
41 9 284 300 583 512 314 232 54 85 
41 9 284 300 583 513 314 232 54 85 
41 9 284 300 583 514 314 232 54 85 
41 9 284 300 583 515 314 232 54 85 
41 9 284 300 583 516 314 232 54 85 
41 9 284 300 583 517 314 232 54 85 
41 9 284 300 583 518 314 232 54 85 
41 9 284 300 583 519 314 232 54 85 
41 9 284 300 583 520 314 232 54 85 
41 9 284 300 583 521 314 232 52 85 
41 9 284 300 583 522 314 232 52 85 
41 9 284 300 583 523 314 232 52 85 
41 9 284 300 583 524 314 232 52 85 
41 9 284 300 583 525 314 232 52 85 
41 9 284 300 583 526 314 232 52 85 
41 9 284 300 583 527 314 232 52 85 
41 9 284 300 583 528 314 232 52 85 
41 9 284 300 583 529 314 232 52 85 
41 9 284 300 583 530 314 232 52 85 
41 9 284 300 583 531 311 232 54 85 
41 9 284 300 583 532 311 232 54 85 
41 9 284 300 583 533 311 232 54 85 
41 9 284 300 583 534 311 232 54 85 
41 9 284 300 583 535 311 232 54 85 
41 9 284 300 583 536 311 232 54 85 
41 9 284 300 583 537 311 232 54 85 
41 9 284 300 583 538 311 232 54 85 
41 9 284 300 583 539 311 232 54 85 
41 9 284 300 583 540 311 232 54 85 
41 9 284 300 583 541 309 233 54 82 
41 9 284 300 583 542 309 233 54 82 
41 9 284 300 583 543 309 233 54 82 
41 9 284 300 583 544 310 233 50 82 
41 9 284 300 583 545 310 233 50 82 
41 9 284 300 583 546 310 233 50 79 
41 9 284 300 583 547 311 233 46 79 
41 9 284 300 583 548 311 233 46 79 
41 9 284 300 583 549 311 233 46 79 
41 9 284 300 583 550 311 233 46 79 
41 9 284 300 583 551 309 231 46 79 
41 9 284 300 583 552 309 231 46 79 
41 9 284 300 583 553 309 231 46 79 
41 9 284 300 583 554 309 231 46 79 
41 9 284 300 583 555 309 231 46 79 
41 9 284 300 583 556 309 229 46 79 
41 9 284 300 583 557 309 229 46 79 
41 9 284 300 583 558 309 229 46 79 
41 9 284 300 583 559 309 229 46 79 
41 9 284 300 583 560 309 229 46 79 
41 9 284 300 583 561 308 229 46 79 
41 9 284 300 583 562 308 229 46 79 
41 9 284 300 583 563 306 229 46 79 
41 9 284 300 583 564 306 229 46 79 
41 9 284 300 583 565 306 229 46 79 
41 9 284 300 583 566 304 229 46 79 
41 9 284 300 583 567 304 229 46 79 
41 9 284 300 583 568 302 229 46 79 
41 9 284 300 583 569 302 229 46 79 
41 9 284 300 583 570 302 229 46 79 
41 9 284 300 583 571 300 229 48 79 
41 9 284 300 583 572 300 229 48 79 
41 9 284 300 583 573 300 229 48 79 
41 9 284 300 583 574 300 229 48 79 
41 9 284 300 583 575 300 229 48 79 
41 9 284 300 583 576 300 229 48 79 
41 9 284 300 583 577 300 229 48 79 
41 9 284 300 583 578 300 229 48 79 
41 9 284 300 583 579 300 229 48 79 
41 9 284 300 583 580 300 229 48 79 
41 9 284 300 583 581 300 229 48 79 
41 9 284 300 583 582 300 229 48 79 
41 9 284 300 583 583 300 229 48 79 
42 9 284 300 583 300 379 247 68 99 
42 9 284 300 583 301 377 247 68 99 
42 9 284 300 583 302 377 247 68 99 
42 9 284 300 583 303 377 247 68 99 
42 9 284 300 583 304 377 247 68 99 
42 9 284 300 583 305 377 247 68 99 
42 9 284 300 583 306 377 247 68 99 
42 9 284 300 583 307 377 247 68 99 
42 9 284 300 583 308 377 247 68 99 
42 9 284 300 583 309 377 247 68 99 
42 9 284 300 583 310 377 247 68 99 
42 9 284 300 583 311 375 246 68 97 
42 9 284 300 583 312 375 246 68 97 
42 9 284 300 583 313 375 246 68 97 
42 9 284 300 583 314 375 246 68 97 
42 9 284 300 583 315 375 246 68 97 
42 9 284 300 583 316 375 246 68 97 
42 9 284 300 583 317 375 246 68 97 
42 9 284 300 583 318 375 246 68 97 
42 9 284 300 583 319 375 246 68 97 
42 9 284 300 583 320 375 246 68 97 
42 9 284 300 583 321 375 246 68 97 
42 9 284 300 583 322 375 246 68 97 
42 9 284 300 583 323 376 246 64 97 
42 9 284 300 583 324 376 246 64 97 
42 9 284 300 583 325 376 246 64 97 
42 9 284 300 583 326 376 246 64 97 
42 9 284 300 583 327 376 246 64 97 
42 9 284 300 583 328 376 246 64 97 
42 9 284 300 583 329 376 246 64 97 
42 9 284 300 583 330 376 246 64 97 
42 9 284 300 583 331 376 246 64 97 
42 9 284 300 583 332 376 246 64 97 
42 9 284 300 583 333 376 246 64 97 
42 9 284 300 583 334 376 246 64 97 
42 9 284 300 583 335 375 244 64 99 
42 9 284 300 583 336 375 244 64 99 
42 9 284 300 583 337 373 244 64 99 
42 9 284 300 583 338 373 244 64 99 
42 9 284 300 583 339 373 244 64 99 
42 9 284 300 583 340 373 242 64 99 
42 9 284 300 583 341 373 242 64 99 
42 9 284 300 583 342 373 242 64 99 
42 9 284 300 583 343 373 242 64 99 
42 9 284 300 583 344 373 242 64 99 
42 9 284 300 583 345 373 240 64 99 
42 9 284 300 583 346 373 240 64 99 
42 9 284 300 583 347 373 240 64 99 
42 9 284 300 583 348 373 240 64 99 
42 9 284 300 583 349 373 240 64 99 
42 9 284 300 583 350 373 240 64 99 
42 9 284 300 583 351 373 239 64 97 
42 9 284 300 583 352 373 239 64 97 
42 9 284 300 583 353 373 239 64 97 
42 9 284 300 583 354 373 239 64 97 
42 9 284 300 583 355 373 239 64 97 
42 9 284 300 583 356 373 239 64 97 
42 9 284 300 583 357 371 239 64 97 
42 9 284 300 583 358 371 239 64 97 
42 9 284 300 583 359 371 239 64 97 
42 9 284 300 583 360 371 239 64 97 
42 9 284 300 583 361 369 239 64 97 
42 9 284 300 583 362 369 239 64 97 
42 9 284 300 583 363 369 239 64 97 
42 9 284 300 583 364 369 240 64 99 
42 9 284 300 583 365 368 240 64 99 
42 9 284 300 583 366 368 240 64 99 
42 9 284 300 583 367 368 240 64 99 
42 9 284 300 583 368 368 240 64 99 
42 9 284 300 583 369 368 240 64 99 
42 9 284 300 583 370 368 240 64 99 
42 9 284 300 583 371 368 240 64 99 
42 9 284 300 583 372 368 240 64 99 
42 9 284 300 583 373 368 239 64 97 
42 9 284 300 583 374 368 239 64 97 
42 9 284 300 583 375 368 239 64 97 
42 9 284 300 583 376 368 240 64 96 
42 9 284 300 583 377 368 240 64 96 
42 9 284 300 583 378 368 237 64 99 
42 9 284 300 583 379 368 237 64 99 
42 9 284 300 583 380 368 238 64 96 
42 9 284 300 583 381 368 238 64 96 
42 9 284 300 583 382 368 238 64 96 
42 9 284 300 583 383 368 238 64 96 
42 9 284 300 583 384 366 236 64 96 
42 9 284 300 583 385 366 236 64 96 
42 9 284 300 583 386 366 236 64 96 
42 9 284 300 583 387 366 236 64 96 
42 9 284 300 583 388 366 236 64 96 
42 9 284 300 583 389 366 236 64 96 
42 9 284 300 583 390 366 236 64 96 
42 9 284 300 583 391 366 236 64 96 
42 9 284 300 583 392 366 236 64 96 
42 9 284 300 583 393 366 236 64 96 
42 9 284 300 583 394 364 236 64 96 
42 9 284 300 583 395 364 236 64 96 
42 9 284 300 583 396 365 236 60 96 
42 9 284 300 583 397 365 236 60 96 
42 9 284 300 583 398 365 236 60 96 
42 9 284 300 583 399 363 236 60 96 
42 9 284 300 583 400 363 236 60 96 
42 9 284 300 583 401 363 236 58 96 
42 9 284 300 583 402 363 236 58 96 
42 9 284 300 583 403 363 236 58 96 
42 9 284 300 583 404 361 234 58 96 
42 9 284 300 583 405 361 234 58 96 
42 9 284 300 583 406 361 234 58 96 
42 9 284 300 583 407 361 234 56 96 
42 9 284 300 583 408 361 234 56 96 
42 9 284 300 583 409 361 232 56 96 
42 9 284 300 583 410 359 232 56 96 
42 9 284 300 583 411 359 232 56 96 
42 9 284 300 583 412 359 232 56 96 
42 9 284 300 583 413 359 232 56 96 
42 9 284 300 583 414 356 231 58 96 
42 9 284 300 583 415 356 231 58 96 
42 9 284 300 583 416 356 231 58 96 
42 9 284 300 583 417 356 231 58 96 
42 9 284 300 583 418 356 231 58 96 
42 9 284 300 583 419 356 231 58 96 
42 9 284 300 583 420 354 231 58 96 
42 9 284 300 583 421 354 231 58 96 
42 9 284 300 583 422 354 231 58 96 
42 9 284 300 583 423 354 231 58 96 
42 9 284 300 583 424 354 231 58 96 
42 9 284 300 583 425 354 231 58 96 
42 9 284 300 583 426 354 231 58 96 
42 9 284 300 583 427 354 231 56 96 
42 9 284 300 583 428 354 231 56 96 
42 9 284 300 583 429 354 231 56 96 
42 9 284 300 583 430 354 231 56 96 
42 9 284 300 583 431 354 231 56 96 
42 9 284 300 583 432 354 231 56 96 
42 9 284 300 583 433 354 231 56 96 
42 9 284 300 583 434 352 231 56 96 
42 9 284 300 583 435 352 231 56 96 
42 9 284 300 583 436 352 231 56 96 
42 9 284 300 583 437 352 231 56 96 
42 9 284 300 583 438 352 231 56 96 
42 9 284 300 583 439 352 231 56 96 
42 9 284 300 583 440 352 231 56 96 
42 9 284 300 583 441 352 231 56 96 
42 9 284 300 583 442 352 231 56 96 
42 9 284 300 583 443 352 231 56 96 
42 9 284 300 583 444 350 231 56 96 
42 9 284 300 583 445 350 231 56 96 
42 9 284 300 583 446 350 231 56 96 
42 9 284 300 583 447 350 231 56 96 
42 9 284 300 583 448 350 231 56 96 
42 9 284 300 583 449 350 231 56 96 
42 9 284 300 583 450 350 231 56 96 
42 9 284 300 583 451 350 231 56 96 
42 9 284 300 583 452 350 231 56 96 
42 9 284 300 583 453 350 231 56 96 
42 9 284 300 583 454 347 229 58 96 
42 9 284 300 583 455 347 229 58 96 
42 9 284 300 583 456 347 229 58 96 
42 9 284 300 583 457 347 229 58 96 
42 9 284 300 583 458 347 229 58 96 
42 9 284 300 583 459 347 227 58 96 
42 9 284 300 583 460 347 227 58 96 
42 9 284 300 583 461 347 227 58 96 
42 9 284 300 583 462 347 227 58 96 
42 9 284 300 583 463 347 227 58 96 
42 9 284 300 583 464 345 227 58 93 
42 9 284 300 583 465 345 227 58 93 
42 9 284 300 583 466 345 227 58 93 
42 9 284 300 583 467 345 227 58 93 
42 9 284 300 583 468 345 227 58 93 
42 9 284 300 583 469 345 227 58 93 
42 9 284 300 583 470 345 227 58 93 
42 9 284 300 583 471 345 227 58 93 
42 9 284 300 583 472 345 227 58 93 
42 9 284 300 583 473 345 230 58 90 
42 9 284 300 583 474 345 230 56 90 
42 9 284 300 583 475 345 230 56 90 
42 9 284 300 583 476 345 230 56 90 
42 9 284 300 583 477 343 230 56 90 
42 9 284 300 583 478 343 230 56 90 
42 9 284 300 583 479 343 230 56 90 
42 9 284 300 583 480 340 230 58 90 
42 9 284 300 583 481 340 230 58 90 
42 9 284 300 583 482 340 230 58 90 
42 9 284 300 583 483 340 230 58 90 
42 9 284 300 583 484 338 227 58 91 
42 9 284 300 583 485 338 227 58 91 
42 9 284 300 583 486 338 227 58 91 
42 9 284 300 583 487 338 227 58 91 
42 9 284 300 583 488 338 227 58 91 
42 9 284 300 583 489 338 227 56 91 
42 9 284 300 583 490 338 227 56 91 
42 9 284 300 583 491 338 227 56 91 
42 9 284 300 583 492 338 227 56 91 
42 9 284 300 583 493 338 227 56 91 
42 9 284 300 583 494 336 227 56 91 
42 9 284 300 583 495 336 227 56 91 
42 9 284 300 583 496 336 227 56 91 
42 9 284 300 583 497 336 227 56 91 
42 9 284 300 583 498 336 227 56 91 
42 9 284 300 583 499 336 227 56 91 
42 9 284 300 583 500 336 227 56 91 
42 9 284 300 583 501 336 227 56 91 
42 9 284 300 583 502 336 227 56 91 
42 9 284 300 583 503 336 230 56 90 
42 9 284 300 583 504 334 230 56 90 
42 9 284 300 583 505 334 230 56 90 
42 9 284 300 583 506 334 230 56 90 
42 9 284 300 583 507 334 230 56 90 
42 9 284 300 583 508 334 230 56 90 
42 9 284 300 583 509 334 230 56 90 
42 9 284 300 583 510 334 230 56 90 
42 9 284 300 583 511 334 230 56 90 
42 9 284 300 583 512 334 230 56 90 
42 9 284 300 583 513 334 230 56 90 
42 9 284 300 583 514 334 230 56 88 
42 9 284 300 583 515 334 230 56 88 
42 9 284 300 583 516 334 230 56 88 
42 9 284 300 583 517 334 230 56 88 
42 9 284 300 583 518 334 230 56 88 
42 9 284 300 583 519 334 230 56 85 
42 9 284 300 583 520 334 230 56 85 
42 9 284 300 583 521 334 230 56 85 
42 9 284 300 583 522 334 230 56 85 
42 9 284 300 583 523 334 230 56 85 
42 9 284 300 583 524 331 228 58 85 
42 9 284 300 583 525 331 228 58 85 
42 9 284 300 583 526 329 228 58 85 
42 9 284 300 583 527 329 228 58 85 
42 9 284 300 583 528 329 228 58 85 
42 9 284 300 583 529 329 228 56 85 
42 9 284 300 583 530 329 228 56 85 
42 9 284 300 583 531 327 228 56 85 
42 9 284 300 583 532 327 228 56 85 
42 9 284 300 583 533 327 228 56 85 
42 9 284 300 583 534 324 228 58 85 
42 9 284 300 583 535 324 228 58 85 
42 9 284 300 583 536 324 228 58 85 
42 9 284 300 583 537 324 228 58 85 
42 9 284 300 583 538 324 228 58 85 
42 9 284 300 583 539 324 228 58 85 
42 9 284 300 583 540 324 228 58 85 
42 9 284 300 583 541 324 228 58 85 
42 9 284 300 583 542 324 228 58 85 
42 9 284 300 583 543 324 228 58 85 
42 9 284 300 583 544 322 228 58 85 
42 9 284 300 583 545 322 228 58 85 
42 9 284 300 583 546 322 228 58 85 
42 9 284 300 583 547 323 228 54 85 
42 9 284 300 583 548 323 228 54 85 
42 9 284 300 583 549 322 228 56 85 
42 9 284 300 583 550 323 228 52 85 
42 9 284 300 583 551 323 228 52 85 
42 9 284 300 583 552 323 228 52 85 
42 9 284 300 583 553 323 228 52 85 
42 9 284 300 583 554 323 226 52 85 
42 9 284 300 583 555 323 226 52 85 
42 9 284 300 583 556 323 226 52 85 
42 9 284 300 583 557 323 226 52 85 
42 9 284 300 583 558 323 226 52 85 
42 9 284 300 583 559 323 226 52 84 
42 9 284 300 583 560 323 226 52 84 
42 9 284 300 583 561 323 226 52 84 
42 9 284 300 583 562 323 226 52 84 
42 9 284 300 583 563 323 226 52 84 
42 9 284 300 583 564 321 226 52 84 
42 9 284 300 583 565 321 226 52 84 
42 9 284 300 583 566 321 226 52 84 
42 9 284 300 583 567 321 226 52 84 
42 9 284 300 583 568 321 226 52 84 
42 9 284 300 583 569 318 226 54 84 
42 9 284 300 583 570 318 226 54 84 
42 9 284 300 583 571 318 226 54 84 
42 9 284 300 583 572 318 226 54 84 
42 9 284 300 583 573 318 226 54 84 
42 9 284 300 583 574 316 226 54 84 
42 9 284 300 583 575 316 226 54 84 
42 9 284 300 583 576 316 226 54 84 
42 9 284 300 583 577 316 226 54 84 
42 9 284 300 583 578 316 226 54 84 
42 9 284 300 583 579 316 226 54 84 
42 9 284 300 583 580 316 226 54 84 
42 9 284 300 583 581 316 226 54 84 
42 9 284 300 583 582 316 226 54 84 
42 9 284 300 583 583 316 226 54 84 
