3 9 293 0 292 0 274 257 40 90 
3 9 293 0 292 1 274 255 40 90 
3 9 293 0 292 2 276 255 38 90 
3 9 293 0 292 3 278 255 38 90 
3 9 293 0 292 4 278 255 38 90 
3 9 293 0 292 5 279 255 40 90 
3 9 293 0 292 6 281 255 40 90 
3 9 293 0 292 7 280 255 42 90 
3 9 293 0 292 8 283 255 38 90 
3 9 293 0 292 9 285 255 38 90 
3 9 293 0 292 10 284 255 42 90 
3 9 293 0 292 11 286 255 40 90 
3 9 293 0 292 12 288 255 40 90 
3 9 293 0 292 13 287 255 44 90 
3 9 293 0 292 14 289 255 42 90 
3 9 293 0 292 15 292 255 38 90 
3 9 293 0 292 16 291 255 42 90 
3 9 293 0 292 17 293 255 42 90 
3 9 293 0 292 18 295 255 40 90 
3 9 293 0 292 19 294 255 44 90 
3 9 293 0 292 20 296 255 42 90 
3 9 293 0 292 21 298 255 42 90 
3 9 293 0 292 22 298 255 42 90 
3 9 293 0 292 23 298 255 42 90 
3 9 293 0 292 24 298 255 42 90 
3 9 293 0 292 25 297 255 46 90 
3 9 293 0 292 26 300 255 42 90 
3 9 293 0 292 27 300 255 42 90 
3 9 293 0 292 28 299 255 46 90 
3 9 293 0 292 29 299 255 46 90 
3 9 293 0 292 30 299 255 46 90 
3 9 293 0 292 31 300 255 48 90 
3 9 293 0 292 32 300 253 48 90 
3 9 293 0 292 33 300 253 48 90 
3 9 293 0 292 34 300 253 48 90 
3 9 293 0 292 35 300 253 48 90 
3 9 293 0 292 36 300 253 48 90 
3 9 293 0 292 37 302 253 46 90 
3 9 293 0 292 38 302 253 46 90 
3 9 293 0 292 39 302 253 46 90 
3 9 293 0 292 40 302 250 46 91 
3 9 293 0 292 41 302 250 46 91 
3 9 293 0 292 42 302 250 46 91 
3 9 293 0 292 43 304 250 46 91 
3 9 293 0 292 44 304 250 46 91 
3 9 293 0 292 45 304 250 46 91 
3 9 293 0 292 46 304 250 46 91 
3 9 293 0 292 47 304 250 46 91 
3 9 293 0 292 48 304 248 46 91 
3 9 293 0 292 49 306 248 46 91 
3 9 293 0 292 50 306 248 46 91 
3 9 293 0 292 51 306 248 46 91 
3 9 293 0 292 52 306 248 46 91 
3 9 293 0 292 53 306 248 46 91 
3 9 293 0 292 54 306 248 46 91 
3 9 293 0 292 55 308 248 46 91 
3 9 293 0 292 56 308 248 46 90 
3 9 293 0 292 57 308 248 46 90 
3 9 293 0 292 58 308 248 46 90 
3 9 293 0 292 59 308 248 46 90 
3 9 293 0 292 60 308 248 46 90 
3 9 293 0 292 61 308 248 46 87 
3 9 293 0 292 62 308 248 46 87 
3 9 293 0 292 63 308 248 46 87 
3 9 293 0 292 64 309 246 46 90 
3 9 293 0 292 65 309 246 46 90 
3 9 293 0 292 66 309 246 46 90 
3 9 293 0 292 67 309 246 46 88 
3 9 293 0 292 68 309 246 46 88 
3 9 293 0 292 69 309 246 46 88 
3 9 293 0 292 70 309 246 46 88 
3 9 293 0 292 71 309 246 46 88 
3 9 293 0 292 72 311 246 46 88 
3 9 293 0 292 73 311 244 46 88 
3 9 293 0 292 74 311 244 46 88 
3 9 293 0 292 75 311 244 46 88 
3 9 293 0 292 76 311 244 46 88 
3 9 293 0 292 77 311 244 46 88 
3 9 293 0 292 78 311 244 46 88 
3 9 293 0 292 79 311 244 46 88 
3 9 293 0 292 80 311 244 46 85 
3 9 293 0 292 81 311 244 46 85 
3 9 293 0 292 82 311 242 46 88 
3 9 293 0 292 83 311 242 46 88 
3 9 293 0 292 84 311 242 46 88 
3 9 293 0 292 85 311 242 46 88 
3 9 293 0 292 86 311 242 46 88 
3 9 293 0 292 87 311 242 46 85 
3 9 293 0 292 88 311 242 46 85 
3 9 293 0 292 89 311 242 46 85 
3 9 293 0 292 90 311 242 46 85 
3 9 293 0 292 91 314 241 42 87 
3 9 293 0 292 92 314 241 42 87 
3 9 293 0 292 93 314 241 42 87 
3 9 293 0 292 94 314 241 42 87 
3 9 293 0 292 95 314 242 42 84 
3 9 293 0 292 96 314 242 42 84 
3 9 293 0 292 97 314 242 42 84 
3 9 293 0 292 98 314 242 42 84 
3 9 293 0 292 99 314 242 42 84 
3 9 293 0 292 100 314 239 42 87 
3 9 293 0 292 101 314 239 42 87 
3 9 293 0 292 102 314 239 42 85 
3 9 293 0 292 103 314 239 42 85 
3 9 293 0 292 104 314 239 42 85 
3 9 293 0 292 105 314 239 42 85 
3 9 293 0 292 106 314 239 42 85 
3 9 293 0 292 107 314 239 42 85 
3 9 293 0 292 108 314 239 42 85 
3 9 293 0 292 109 316 239 42 85 
3 9 293 0 292 110 314 240 42 82 
3 9 293 0 292 111 314 240 42 82 
3 9 293 0 292 112 314 240 42 82 
3 9 293 0 292 113 314 240 42 82 
3 9 293 0 292 114 314 240 42 82 
3 9 293 0 292 115 314 240 42 82 
3 9 293 0 292 116 312 240 42 82 
3 9 293 0 292 117 312 240 42 82 
3 9 293 0 292 118 312 240 42 82 
3 9 293 0 292 119 312 240 42 82 
3 9 293 0 292 120 312 240 42 82 
3 9 293 0 292 121 312 240 42 82 
3 9 293 0 292 122 312 240 42 82 
3 9 293 0 292 123 310 240 44 82 
3 9 293 0 292 124 310 240 44 82 
3 9 293 0 292 125 310 240 44 82 
3 9 293 0 292 126 310 240 44 82 
3 9 293 0 292 127 310 240 44 82 
3 9 293 0 292 128 310 240 44 82 
3 9 293 0 292 129 310 240 44 82 
3 9 293 0 292 130 309 240 42 82 
3 9 293 0 292 131 309 240 42 82 
3 9 293 0 292 132 309 240 42 82 
3 9 293 0 292 133 309 240 42 82 
3 9 293 0 292 134 309 240 42 82 
3 9 293 0 292 135 309 240 42 82 
3 9 293 0 292 136 309 240 42 82 
3 9 293 0 292 137 307 240 42 82 
3 9 293 0 292 138 307 240 42 82 
3 9 293 0 292 139 307 240 42 82 
3 9 293 0 292 140 307 240 42 82 
3 9 293 0 292 141 307 240 42 82 
3 9 293 0 292 142 307 240 42 82 
3 9 293 0 292 143 307 240 42 82 
3 9 293 0 292 144 305 240 42 82 
3 9 293 0 292 145 305 240 42 82 
3 9 293 0 292 146 305 240 42 82 
3 9 293 0 292 147 305 240 42 82 
3 9 293 0 292 148 305 240 42 82 
3 9 293 0 292 149 305 240 42 82 
3 9 293 0 292 150 305 240 42 82 
3 9 293 0 292 151 303 238 44 82 
3 9 293 0 292 152 303 238 44 82 
3 9 293 0 292 153 303 238 44 82 
3 9 293 0 292 154 303 238 44 82 
3 9 293 0 292 155 303 238 44 82 
3 9 293 0 292 156 303 238 44 82 
3 9 293 0 292 157 303 238 44 82 
3 9 293 0 292 158 303 238 44 82 
3 9 293 0 292 159 304 238 40 82 
3 9 293 0 292 160 301 238 44 82 
3 9 293 0 292 161 301 238 44 82 
3 9 293 0 292 162 301 238 44 82 
3 9 293 0 292 163 301 238 44 82 
3 9 293 0 292 164 301 238 44 79 
3 9 293 0 292 165 301 238 44 79 
3 9 293 0 292 166 301 238 44 79 
3 9 293 0 292 167 301 238 44 79 
3 9 293 0 292 168 302 238 40 79 
3 9 293 0 292 169 302 238 40 79 
3 9 293 0 292 170 300 236 42 82 
3 9 293 0 292 171 300 236 42 82 
3 9 293 0 292 172 300 236 42 82 
3 9 293 0 292 173 300 236 42 82 
3 9 293 0 292 174 300 236 42 82 
3 9 293 0 292 175 300 236 42 82 
3 9 293 0 292 176 301 236 38 82 
3 9 293 0 292 177 301 236 38 81 
3 9 293 0 292 178 301 236 38 81 
3 9 293 0 292 179 301 236 38 81 
3 9 293 0 292 180 298 236 42 81 
3 9 293 0 292 181 298 236 42 81 
3 9 293 0 292 182 298 236 42 81 
3 9 293 0 292 183 298 236 42 81 
3 9 293 0 292 184 298 236 42 81 
3 9 293 0 292 185 299 236 38 81 
3 9 293 0 292 186 299 236 38 81 
3 9 293 0 292 187 299 236 38 81 
3 9 293 0 292 188 299 236 38 81 
3 9 293 0 292 189 299 236 38 81 
3 9 293 0 292 190 296 234 42 81 
3 9 293 0 292 191 296 234 42 81 
3 9 293 0 292 192 296 234 42 81 
3 9 293 0 292 193 297 234 40 81 
3 9 293 0 292 194 297 234 40 81 
3 9 293 0 292 195 297 234 40 81 
3 9 293 0 292 196 297 234 40 81 
3 9 293 0 292 197 297 234 40 81 
3 9 293 0 292 198 297 234 40 81 
3 9 293 0 292 199 297 234 40 81 
3 9 293 0 292 200 294 234 44 81 
3 9 293 0 292 201 294 234 44 81 
3 9 293 0 292 202 295 234 40 81 
3 9 293 0 292 203 295 235 40 78 
3 9 293 0 292 204 295 235 40 78 
3 9 293 0 292 205 295 235 40 78 
3 9 293 0 292 206 295 235 40 78 
3 9 293 0 292 207 295 235 40 78 
3 9 293 0 292 208 295 235 40 78 
3 9 293 0 292 209 295 235 40 78 
3 9 293 0 292 210 294 233 38 79 
3 9 293 0 292 211 294 233 38 79 
3 9 293 0 292 212 294 233 38 79 
3 9 293 0 292 213 294 233 38 79 
3 9 293 0 292 214 294 233 38 79 
3 9 293 0 292 215 294 233 38 79 
3 9 293 0 292 216 294 233 38 79 
3 9 293 0 292 217 294 234 38 76 
3 9 293 0 292 218 294 234 38 76 
3 9 293 0 292 219 295 234 34 76 
3 9 293 0 292 220 292 234 38 76 
3 9 293 0 292 221 292 234 38 76 
3 9 293 0 292 222 292 234 38 76 
3 9 293 0 292 223 292 234 38 76 
3 9 293 0 292 224 292 234 38 76 
3 9 293 0 292 225 292 234 38 76 
3 9 293 0 292 226 292 234 38 76 
3 9 293 0 292 227 293 234 36 76 
3 9 293 0 292 228 293 234 36 76 
3 9 293 0 292 229 293 234 36 76 
3 9 293 0 292 230 290 232 40 76 
3 9 293 0 292 231 290 232 40 76 
3 9 293 0 292 232 290 232 40 76 
3 9 293 0 292 233 290 232 40 76 
3 9 293 0 292 234 290 232 40 76 
3 9 293 0 292 235 290 232 40 76 
3 9 293 0 292 236 291 232 36 76 
3 9 293 0 292 237 291 232 36 76 
3 9 293 0 292 238 291 232 36 76 
3 9 293 0 292 239 291 232 36 76 
3 9 293 0 292 240 288 232 40 76 
3 9 293 0 292 241 288 232 40 76 
3 9 293 0 292 242 288 232 40 76 
3 9 293 0 292 243 288 232 40 75 
3 9 293 0 292 244 289 232 36 75 
3 9 293 0 292 245 289 232 36 75 
3 9 293 0 292 246 289 232 36 75 
3 9 293 0 292 247 289 232 36 75 
3 9 293 0 292 248 289 232 36 75 
3 9 293 0 292 249 289 232 36 75 
3 9 293 0 292 250 286 230 40 78 
3 9 293 0 292 251 286 230 40 78 
3 9 293 0 292 252 286 230 40 78 
3 9 293 0 292 253 287 230 36 78 
3 9 293 0 292 254 287 230 36 78 
3 9 293 0 292 255 287 230 36 78 
3 9 293 0 292 256 287 230 36 75 
3 9 293 0 292 257 287 230 36 75 
3 9 293 0 292 258 287 230 36 75 
3 9 293 0 292 259 287 230 36 75 
3 9 293 0 292 260 285 230 38 75 
3 9 293 0 292 261 286 230 34 75 
3 9 293 0 292 262 286 230 34 75 
3 9 293 0 292 263 286 230 34 75 
3 9 293 0 292 264 286 230 34 75 
3 9 293 0 292 265 286 230 34 75 
3 9 293 0 292 266 286 230 34 75 
3 9 293 0 292 267 286 230 34 75 
3 9 293 0 292 268 286 230 34 75 
3 9 293 0 292 269 286 230 34 75 
3 9 293 0 292 270 284 228 36 75 
3 9 293 0 292 271 284 228 36 75 
3 9 293 0 292 272 284 228 36 75 
3 9 293 0 292 273 284 228 36 75 
3 9 293 0 292 274 284 228 36 75 
3 9 293 0 292 275 284 228 36 75 
3 9 293 0 292 276 285 228 32 75 
3 9 293 0 292 277 282 228 36 75 
3 9 293 0 292 278 282 228 36 75 
3 9 293 0 292 279 282 228 36 75 
3 9 293 0 292 280 282 228 36 75 
3 9 293 0 292 281 282 228 36 75 
3 9 293 0 292 282 283 228 32 75 
3 9 293 0 292 283 283 228 32 75 
3 9 293 0 292 284 283 228 32 75 
3 9 293 0 292 285 280 229 36 72 
3 9 293 0 292 286 280 229 36 72 
3 9 293 0 292 287 280 229 36 72 
3 9 293 0 292 288 281 229 32 72 
3 9 293 0 292 289 281 229 32 72 
3 9 293 0 292 290 281 229 32 72 
3 9 293 0 292 291 281 229 32 72 
3 9 293 0 292 292 279 229 34 72 
4 11 64 470 533 470 259 215 85 71 
4 11 64 470 533 471 259 215 85 71 
4 11 64 470 533 472 259 215 85 71 
4 11 64 470 533 473 259 215 85 71 
4 11 64 470 533 474 259 215 85 71 
4 11 64 470 533 475 259 215 85 71 
4 11 64 470 533 476 259 215 85 71 
4 11 64 470 533 477 259 215 85 71 
4 11 64 470 533 478 259 215 85 71 
4 11 64 470 533 479 259 215 85 71 
4 11 64 470 533 480 259 215 85 71 
4 11 64 470 533 481 259 215 85 71 
4 11 64 470 533 482 259 215 85 71 
4 11 64 470 533 483 259 215 85 71 
4 11 64 470 533 484 259 215 85 71 
4 11 64 470 533 485 259 215 85 71 
4 11 64 470 533 486 259 215 85 71 
4 11 64 470 533 487 259 215 85 71 
4 11 64 470 533 488 259 215 85 71 
4 11 64 470 533 489 259 215 85 71 
4 11 64 470 533 490 259 215 85 71 
4 11 64 470 533 491 259 215 85 71 
4 11 64 470 533 492 259 215 85 71 
4 11 64 470 533 493 259 215 85 71 
4 11 64 470 533 494 259 215 85 71 
4 11 64 470 533 495 259 215 85 71 
4 11 64 470 533 496 259 215 85 71 
4 11 64 470 533 497 259 215 85 71 
4 11 64 470 533 498 259 215 85 71 
4 11 64 470 533 499 259 215 85 71 
4 11 64 470 533 500 259 215 85 71 
4 11 64 470 533 501 259 215 85 71 
4 11 64 470 533 502 259 215 85 71 
4 11 64 470 533 503 259 215 85 71 
4 11 64 470 533 504 259 215 85 71 
4 11 64 470 533 505 259 215 85 71 
4 11 64 470 533 506 259 215 85 71 
4 11 64 470 533 507 259 215 85 71 
4 11 64 470 533 508 259 215 85 71 
4 11 64 470 533 509 259 215 85 71 
4 11 64 470 533 510 259 215 85 71 
4 11 64 470 533 511 259 215 85 71 
4 11 64 470 533 512 259 215 85 71 
4 11 64 470 533 513 259 215 85 71 
4 11 64 470 533 514 259 215 85 71 
4 11 64 470 533 515 259 215 85 71 
4 11 64 470 533 516 259 215 85 71 
4 11 64 470 533 517 259 215 85 71 
4 11 64 470 533 518 259 215 85 71 
4 11 64 470 533 519 259 215 85 71 
4 11 64 470 533 520 259 215 85 71 
4 11 64 470 533 521 259 215 85 71 
4 11 64 470 533 522 259 215 85 71 
4 11 64 470 533 523 259 215 85 71 
4 11 64 470 533 524 259 215 85 71 
4 11 64 470 533 525 259 215 85 71 
4 11 64 470 533 526 259 215 85 71 
4 11 64 470 533 527 259 215 85 71 
4 11 64 470 533 528 259 215 85 71 
4 11 64 470 533 529 259 215 85 71 
4 11 64 470 533 530 259 215 85 71 
4 11 64 470 533 531 259 215 85 71 
4 11 64 470 533 532 259 215 85 71 
4 11 64 470 533 533 259 215 85 71 
5 9 145 855 999 855 446 253 56 115 
5 9 145 855 999 856 440 253 62 115 
5 9 145 855 999 857 437 253 64 115 
5 9 145 855 999 858 432 253 68 115 
5 9 145 855 999 859 427 253 74 115 
5 9 145 855 999 860 422 253 78 115 
5 9 145 855 999 861 418 253 82 115 
5 9 145 855 999 862 413 253 86 115 
5 9 145 855 999 863 410 253 90 115 
5 9 145 855 999 864 410 253 88 115 
5 9 145 855 999 865 408 253 88 115 
5 9 145 855 999 866 406 253 88 115 
5 9 145 855 999 867 403 253 90 115 
5 9 145 855 999 868 401 253 90 115 
5 9 145 855 999 869 401 253 88 115 
5 9 145 855 999 870 399 253 88 115 
5 9 145 855 999 871 396 253 90 115 
5 9 145 855 999 872 394 253 90 115 
5 9 145 855 999 873 394 253 88 115 
5 9 145 855 999 874 392 253 88 115 
5 9 145 855 999 875 392 255 88 115 
5 9 145 855 999 876 387 255 90 115 
5 9 145 855 999 877 385 255 90 115 
5 9 145 855 999 878 385 255 88 115 
5 9 145 855 999 879 383 255 88 115 
5 9 145 855 999 880 377 255 94 115 
5 9 145 855 999 881 377 255 92 115 
5 9 145 855 999 882 376 255 88 115 
5 9 145 855 999 883 374 255 88 115 
5 9 145 855 999 884 368 255 94 115 
5 9 145 855 999 885 368 255 92 115 
5 9 145 855 999 886 366 255 92 115 
5 9 145 855 999 887 364 258 92 114 
5 9 145 855 999 888 361 255 94 115 
5 9 145 855 999 889 361 255 92 115 
5 9 145 855 999 890 359 255 92 115 
5 9 145 855 999 891 357 255 92 115 
5 9 145 855 999 892 355 255 92 115 
5 9 145 855 999 893 352 255 94 115 
5 9 145 855 999 894 353 255 88 115 
5 9 145 855 999 895 351 255 86 115 
5 9 145 855 999 896 350 255 82 115 
5 9 145 855 999 897 348 255 82 115 
5 9 145 855 999 898 348 255 78 115 
5 9 145 855 999 899 347 255 74 115 
5 9 145 855 999 900 345 255 74 115 
5 9 145 855 999 901 341 255 76 115 
5 9 145 855 999 902 340 255 74 115 
5 9 145 855 999 903 336 255 74 115 
5 9 145 855 999 904 334 255 76 115 
5 9 145 855 999 905 333 255 74 115 
5 9 145 855 999 906 329 255 74 115 
5 9 145 855 999 907 327 255 76 115 
5 9 145 855 999 908 325 255 76 115 
5 9 145 855 999 909 322 255 74 115 
5 9 145 855 999 910 320 255 74 115 
5 9 145 855 999 911 318 255 76 115 
5 9 145 855 999 912 315 255 74 115 
5 9 145 855 999 913 313 255 74 115 
5 9 145 855 999 914 311 255 76 115 
5 9 145 855 999 915 308 255 74 115 
5 9 145 855 999 916 306 255 74 115 
5 9 145 855 999 917 304 255 74 115 
5 9 145 855 999 918 301 255 74 115 
5 9 145 855 999 919 299 258 74 114 
5 9 145 855 999 920 295 258 76 114 
5 9 145 855 999 921 293 258 76 114 
5 9 145 855 999 922 292 258 74 114 
5 9 145 855 999 923 288 258 74 114 
5 9 145 855 999 924 286 258 76 114 
5 9 145 855 999 925 285 258 74 114 
5 9 145 855 999 926 281 258 74 114 
5 9 145 855 999 927 279 258 76 114 
5 9 145 855 999 928 277 258 76 114 
5 9 145 855 999 929 274 258 74 114 
5 9 145 855 999 930 272 258 74 114 
5 9 145 855 999 931 270 258 76 114 
5 9 145 855 999 932 267 258 74 114 
5 9 145 855 999 933 265 258 74 114 
5 9 145 855 999 934 263 258 76 114 
5 9 145 855 999 935 260 258 74 114 
5 9 145 855 999 936 258 258 74 114 
5 9 145 855 999 937 256 258 74 114 
5 9 145 855 999 938 253 260 74 114 
5 9 145 855 999 939 251 260 74 114 
5 9 145 855 999 940 247 260 76 114 
5 9 145 855 999 941 245 260 76 114 
5 9 145 855 999 942 244 260 74 114 
5 9 145 855 999 943 240 260 74 114 
5 9 145 855 999 944 238 260 76 114 
5 9 145 855 999 945 237 260 74 114 
5 9 145 855 999 946 233 260 74 114 
5 9 145 855 999 947 231 260 76 114 
5 9 145 855 999 948 229 260 76 114 
5 9 145 855 999 949 226 260 74 114 
5 9 145 855 999 950 224 260 74 114 
5 9 145 855 999 951 222 260 76 114 
5 9 145 855 999 952 219 260 74 114 
5 9 145 855 999 953 217 260 74 114 
5 9 145 855 999 954 215 260 76 114 
5 9 145 855 999 955 212 260 74 114 
5 9 145 855 999 956 210 260 74 114 
5 9 145 855 999 957 208 260 74 115 
5 9 145 855 999 958 205 260 74 115 
5 9 145 855 999 959 203 260 74 115 
5 9 145 855 999 960 202 260 72 115 
5 9 145 855 999 961 197 260 76 115 
5 9 145 855 999 962 196 260 74 115 
5 9 145 855 999 963 195 260 70 115 
5 9 145 855 999 964 190 260 76 115 
5 9 145 855 999 965 189 260 74 115 
5 9 145 855 999 966 188 260 70 115 
5 9 145 855 999 967 183 260 76 115 
5 9 145 855 999 968 182 260 72 115 
5 9 145 855 999 969 181 260 70 115 
5 9 145 855 999 970 176 260 74 115 
5 9 145 855 999 971 175 260 72 115 
5 9 145 855 999 972 174 260 70 115 
5 9 145 855 999 973 169 260 74 115 
5 9 145 855 999 974 168 260 72 115 
5 9 145 855 999 975 166 260 72 115 
5 9 145 855 999 976 162 260 74 115 
5 9 145 855 999 977 161 260 72 115 
5 9 145 855 999 978 159 260 72 115 
5 9 145 855 999 979 156 260 70 115 
5 9 145 855 999 980 154 260 72 115 
5 9 145 855 999 981 152 260 72 115 
5 9 145 855 999 982 149 260 70 115 
5 9 145 855 999 983 147 260 70 115 
5 9 145 855 999 984 145 260 72 115 
5 9 145 855 999 985 142 260 70 115 
5 9 145 855 999 986 140 260 70 115 
5 9 145 855 999 987 138 260 72 115 
5 9 145 855 999 988 134 260 72 115 
5 9 145 855 999 989 133 260 70 115 
5 9 145 855 999 990 132 260 68 115 
5 9 145 855 999 991 127 260 72 115 
5 9 145 855 999 992 126 260 70 115 
5 9 145 855 999 993 125 260 68 115 
5 9 145 855 999 994 123 260 68 115 
5 9 145 855 999 995 118 260 72 115 
5 9 145 855 999 996 118 260 66 115 
5 9 145 855 999 997 116 260 68 115 
5 9 145 855 999 998 112 260 68 115 
5 9 145 855 999 999 111 260 66 115 
