2 11 319 154 472 154 653 291 222 168 
2 11 319 154 472 155 653 291 222 168 
2 11 319 154 472 156 653 291 222 168 
2 11 319 154 472 157 653 291 222 168 
2 11 319 154 472 158 653 291 222 168 
2 11 319 154 472 159 653 291 222 168 
2 11 319 154 472 160 653 291 222 168 
2 11 319 154 472 161 653 291 222 168 
2 11 319 154 472 162 653 291 222 168 
2 11 319 154 472 163 653 291 222 168 
2 11 319 154 472 164 653 291 222 168 
2 11 319 154 472 165 653 291 222 168 
2 11 319 154 472 166 653 291 222 168 
2 11 319 154 472 167 653 291 222 168 
2 11 319 154 472 168 653 291 222 168 
2 11 319 154 472 169 653 291 222 168 
2 11 319 154 472 170 653 291 222 168 
2 11 319 154 472 171 653 291 222 168 
2 11 319 154 472 172 653 291 222 168 
2 11 319 154 472 173 653 291 222 168 
2 11 319 154 472 174 653 291 222 168 
2 11 319 154 472 175 653 291 222 168 
2 11 319 154 472 176 653 291 222 168 
2 11 319 154 472 177 653 291 222 168 
2 11 319 154 472 178 653 291 222 168 
2 11 319 154 472 179 653 291 222 168 
2 11 319 154 472 180 653 291 222 168 
2 11 319 154 472 181 653 291 222 168 
2 11 319 154 472 182 653 291 222 168 
2 11 319 154 472 183 653 291 222 168 
2 11 319 154 472 184 653 291 222 168 
2 11 319 154 472 185 653 291 222 168 
2 11 319 154 472 186 653 291 222 168 
2 11 319 154 472 187 653 291 222 168 
2 11 319 154 472 188 653 291 222 168 
2 11 319 154 472 189 653 291 222 168 
2 11 319 154 472 190 653 291 222 168 
2 11 319 154 472 191 653 291 222 168 
2 11 319 154 472 192 653 291 222 168 
2 11 319 154 472 193 653 291 222 168 
2 11 319 154 472 194 653 291 222 168 
2 11 319 154 472 195 653 291 222 168 
2 11 319 154 472 196 653 291 222 168 
2 11 319 154 472 197 653 291 222 168 
2 11 319 154 472 198 653 291 222 168 
2 11 319 154 472 199 653 291 222 168 
2 11 319 154 472 200 653 291 222 168 
2 11 319 154 472 201 653 291 222 168 
2 11 319 154 472 202 653 291 222 168 
2 11 319 154 472 203 653 291 222 168 
2 11 319 154 472 204 653 291 222 168 
2 11 319 154 472 205 653 291 222 168 
2 11 319 154 472 206 653 291 222 168 
2 11 319 154 472 207 653 291 222 168 
2 11 319 154 472 208 653 291 222 168 
2 11 319 154 472 209 653 291 222 168 
2 11 319 154 472 210 653 291 222 168 
2 11 319 154 472 211 653 291 222 168 
2 11 319 154 472 212 653 291 222 168 
2 11 319 154 472 213 653 291 222 168 
2 11 319 154 472 214 653 291 222 168 
2 11 319 154 472 215 653 291 222 168 
2 11 319 154 472 216 653 291 222 168 
2 11 319 154 472 217 653 291 222 168 
2 11 319 154 472 218 653 291 222 168 
2 11 319 154 472 219 653 291 222 168 
2 11 319 154 472 220 653 291 222 168 
2 11 319 154 472 221 653 291 222 168 
2 11 319 154 472 222 653 291 222 168 
2 11 319 154 472 223 653 291 222 168 
2 11 319 154 472 224 653 291 222 168 
2 11 319 154 472 225 653 291 222 168 
2 11 319 154 472 226 653 291 222 168 
2 11 319 154 472 227 653 291 222 168 
2 11 319 154 472 228 653 291 222 168 
2 11 319 154 472 229 653 291 222 168 
2 11 319 154 472 230 653 291 222 168 
2 11 319 154 472 231 653 291 222 168 
2 11 319 154 472 232 653 291 222 168 
2 11 319 154 472 233 653 291 222 168 
2 11 319 154 472 234 653 291 222 168 
2 11 319 154 472 235 653 291 222 168 
2 11 319 154 472 236 653 291 222 168 
2 11 319 154 472 237 653 291 222 168 
2 11 319 154 472 238 653 291 222 168 
2 11 319 154 472 239 653 291 222 168 
2 11 319 154 472 240 653 291 222 168 
2 11 319 154 472 241 653 291 222 168 
2 11 319 154 472 242 653 291 222 168 
2 11 319 154 472 243 653 291 222 168 
2 11 319 154 472 244 653 291 222 168 
2 11 319 154 472 245 653 291 222 168 
2 11 319 154 472 246 653 291 222 168 
2 11 319 154 472 247 653 291 222 168 
2 11 319 154 472 248 653 291 222 168 
2 11 319 154 472 249 653 291 222 168 
2 11 319 154 472 250 653 291 222 168 
2 11 319 154 472 251 653 291 222 168 
2 11 319 154 472 252 653 291 222 168 
2 11 319 154 472 253 653 291 222 168 
2 11 319 154 472 254 653 291 222 168 
2 11 319 154 472 255 653 291 222 168 
2 11 319 154 472 256 653 291 222 168 
2 11 319 154 472 257 653 291 222 168 
2 11 319 154 472 258 653 291 222 168 
2 11 319 154 472 259 653 291 222 168 
2 11 319 154 472 260 653 291 222 168 
2 11 319 154 472 261 653 291 222 168 
2 11 319 154 472 262 653 291 222 168 
2 11 319 154 472 263 653 291 222 168 
2 11 319 154 472 264 653 291 222 168 
2 11 319 154 472 265 653 291 222 168 
2 11 319 154 472 266 653 291 222 168 
2 11 319 154 472 267 653 291 222 168 
2 11 319 154 472 268 653 291 222 168 
2 11 319 154 472 269 653 291 222 168 
2 11 319 154 472 270 653 291 222 168 
2 11 319 154 472 271 653 291 222 168 
2 11 319 154 472 272 653 291 222 168 
2 11 319 154 472 273 653 291 222 168 
2 11 319 154 472 274 653 291 222 168 
2 11 319 154 472 275 653 291 222 168 
2 11 319 154 472 276 653 291 222 168 
2 11 319 154 472 277 653 291 222 168 
2 11 319 154 472 278 653 291 222 168 
2 11 319 154 472 279 653 291 222 168 
2 11 319 154 472 280 653 291 222 168 
2 11 319 154 472 281 653 291 222 168 
2 11 319 154 472 282 653 291 222 168 
2 11 319 154 472 283 653 291 222 168 
2 11 319 154 472 284 653 291 222 168 
2 11 319 154 472 285 653 291 222 168 
2 11 319 154 472 286 653 291 222 168 
2 11 319 154 472 287 653 291 222 168 
2 11 319 154 472 288 653 291 222 168 
2 11 319 154 472 289 653 291 222 168 
2 11 319 154 472 290 653 291 222 168 
2 11 319 154 472 291 653 291 222 168 
2 11 319 154 472 292 653 291 222 168 
2 11 319 154 472 293 653 291 222 168 
2 11 319 154 472 294 653 291 222 168 
2 11 319 154 472 295 653 291 222 168 
2 11 319 154 472 296 653 291 222 168 
2 11 319 154 472 297 653 291 222 168 
2 11 319 154 472 298 653 291 222 168 
2 11 319 154 472 299 653 291 222 168 
2 11 319 154 472 300 653 291 222 168 
2 11 319 154 472 301 653 291 222 168 
2 11 319 154 472 302 653 291 222 168 
2 11 319 154 472 303 653 291 222 168 
2 11 319 154 472 304 653 291 222 168 
2 11 319 154 472 305 653 291 222 168 
2 11 319 154 472 306 653 291 222 168 
2 11 319 154 472 307 653 291 222 168 
2 11 319 154 472 308 653 291 222 168 
2 11 319 154 472 309 653 291 222 168 
2 11 319 154 472 310 653 291 222 168 
2 11 319 154 472 311 653 291 222 168 
2 11 319 154 472 312 653 291 222 168 
2 11 319 154 472 313 653 291 222 168 
2 11 319 154 472 314 653 291 222 168 
2 11 319 154 472 315 653 291 222 168 
2 11 319 154 472 316 653 291 222 168 
2 11 319 154 472 317 653 291 222 168 
2 11 319 154 472 318 653 291 222 168 
2 11 319 154 472 319 653 291 222 168 
2 11 319 154 472 320 653 291 222 168 
2 11 319 154 472 321 653 291 222 168 
2 11 319 154 472 322 653 291 222 168 
2 11 319 154 472 323 653 291 222 168 
2 11 319 154 472 324 653 291 222 168 
2 11 319 154 472 325 653 291 222 168 
2 11 319 154 472 326 653 291 222 168 
2 11 319 154 472 327 653 291 222 168 
2 11 319 154 472 328 653 291 222 168 
2 11 319 154 472 329 653 291 222 168 
2 11 319 154 472 330 653 291 222 168 
2 11 319 154 472 331 653 291 222 168 
2 11 319 154 472 332 653 291 222 168 
2 11 319 154 472 333 653 291 222 168 
2 11 319 154 472 334 653 291 222 168 
2 11 319 154 472 335 653 291 222 168 
2 11 319 154 472 336 653 291 222 168 
2 11 319 154 472 337 653 291 222 168 
2 11 319 154 472 338 653 291 222 168 
2 11 319 154 472 339 653 291 222 168 
2 11 319 154 472 340 653 291 222 168 
2 11 319 154 472 341 653 291 222 168 
2 11 319 154 472 342 653 291 222 168 
2 11 319 154 472 343 653 291 222 168 
2 11 319 154 472 344 653 291 222 168 
2 11 319 154 472 345 653 291 222 168 
2 11 319 154 472 346 653 291 222 168 
2 11 319 154 472 347 653 291 222 168 
2 11 319 154 472 348 653 291 222 168 
2 11 319 154 472 349 653 291 222 168 
2 11 319 154 472 350 653 291 222 168 
2 11 319 154 472 351 653 291 222 168 
2 11 319 154 472 352 653 291 222 168 
2 11 319 154 472 353 653 291 222 168 
2 11 319 154 472 354 653 291 222 168 
2 11 319 154 472 355 653 291 222 168 
2 11 319 154 472 356 653 291 222 168 
2 11 319 154 472 357 653 291 222 168 
2 11 319 154 472 358 653 291 222 168 
2 11 319 154 472 359 653 291 222 168 
2 11 319 154 472 360 653 291 222 168 
2 11 319 154 472 361 653 291 222 168 
2 11 319 154 472 362 653 291 222 168 
2 11 319 154 472 363 653 291 222 168 
2 11 319 154 472 364 653 291 222 168 
2 11 319 154 472 365 653 291 222 168 
2 11 319 154 472 366 653 291 222 168 
2 11 319 154 472 367 653 291 222 168 
2 11 319 154 472 368 653 291 222 168 
2 11 319 154 472 369 653 291 222 168 
2 11 319 154 472 370 653 291 222 168 
2 11 319 154 472 371 653 291 222 168 
2 11 319 154 472 372 653 291 222 168 
2 11 319 154 472 373 653 291 222 168 
2 11 319 154 472 374 653 291 222 168 
2 11 319 154 472 375 653 291 222 168 
2 11 319 154 472 376 653 291 222 168 
2 11 319 154 472 377 653 291 222 168 
2 11 319 154 472 378 653 291 222 168 
2 11 319 154 472 379 653 291 222 168 
2 11 319 154 472 380 653 291 222 168 
2 11 319 154 472 381 653 291 222 168 
2 11 319 154 472 382 653 291 222 168 
2 11 319 154 472 383 653 291 222 168 
2 11 319 154 472 384 653 291 222 168 
2 11 319 154 472 385 653 291 222 168 
2 11 319 154 472 386 653 291 222 168 
2 11 319 154 472 387 653 291 222 168 
2 11 319 154 472 388 653 291 222 168 
2 11 319 154 472 389 653 291 222 168 
2 11 319 154 472 390 653 291 222 168 
2 11 319 154 472 391 653 291 222 168 
2 11 319 154 472 392 653 291 222 168 
2 11 319 154 472 393 653 291 222 168 
2 11 319 154 472 394 653 291 222 168 
2 11 319 154 472 395 653 291 222 168 
2 11 319 154 472 396 653 291 222 168 
2 11 319 154 472 397 653 291 222 168 
2 11 319 154 472 398 653 291 222 168 
2 11 319 154 472 399 653 291 222 168 
2 11 319 154 472 400 653 291 222 168 
2 11 319 154 472 401 653 291 222 168 
2 11 319 154 472 402 653 291 222 168 
2 11 319 154 472 403 653 291 222 168 
2 11 319 154 472 404 653 291 222 168 
2 11 319 154 472 405 653 291 222 168 
2 11 319 154 472 406 653 291 222 168 
2 11 319 154 472 407 653 291 222 168 
2 11 319 154 472 408 653 291 222 168 
2 11 319 154 472 409 653 291 222 168 
2 11 319 154 472 410 653 291 222 168 
2 11 319 154 472 411 653 291 222 168 
2 11 319 154 472 412 653 291 222 168 
2 11 319 154 472 413 653 291 222 168 
2 11 319 154 472 414 653 291 222 168 
2 11 319 154 472 415 653 291 222 168 
2 11 319 154 472 416 653 291 222 168 
2 11 319 154 472 417 653 291 222 168 
2 11 319 154 472 418 653 291 222 168 
2 11 319 154 472 419 653 291 222 168 
2 11 319 154 472 420 653 291 222 168 
2 11 319 154 472 421 653 291 222 168 
2 11 319 154 472 422 653 291 222 168 
2 11 319 154 472 423 653 291 222 168 
2 11 319 154 472 424 653 291 222 168 
2 11 319 154 472 425 653 291 222 168 
2 11 319 154 472 426 653 291 222 168 
2 11 319 154 472 427 653 291 222 168 
2 11 319 154 472 428 653 291 222 168 
2 11 319 154 472 429 653 291 222 168 
2 11 319 154 472 430 653 291 222 168 
2 11 319 154 472 431 653 291 222 168 
2 11 319 154 472 432 653 291 222 168 
2 11 319 154 472 433 653 291 222 168 
2 11 319 154 472 434 653 291 222 168 
2 11 319 154 472 435 653 291 222 168 
2 11 319 154 472 436 653 291 222 168 
2 11 319 154 472 437 653 291 222 168 
2 11 319 154 472 438 653 291 222 168 
2 11 319 154 472 439 653 291 222 168 
2 11 319 154 472 440 653 291 222 168 
2 11 319 154 472 441 653 291 222 168 
2 11 319 154 472 442 653 291 222 168 
2 11 319 154 472 443 653 291 222 168 
2 11 319 154 472 444 653 291 222 168 
2 11 319 154 472 445 653 291 222 168 
2 11 319 154 472 446 653 291 222 168 
2 11 319 154 472 447 653 291 222 168 
2 11 319 154 472 448 653 291 222 168 
2 11 319 154 472 449 653 291 222 168 
2 11 319 154 472 450 653 291 222 168 
2 11 319 154 472 451 653 291 222 168 
2 11 319 154 472 452 653 291 222 168 
2 11 319 154 472 453 653 291 222 168 
2 11 319 154 472 454 653 291 222 168 
2 11 319 154 472 455 653 291 222 168 
2 11 319 154 472 456 653 291 222 168 
2 11 319 154 472 457 653 291 222 168 
2 11 319 154 472 458 653 291 222 168 
2 11 319 154 472 459 653 291 222 168 
2 11 319 154 472 460 653 291 222 168 
2 11 319 154 472 461 653 291 222 168 
2 11 319 154 472 462 653 291 222 168 
2 11 319 154 472 463 653 291 222 168 
2 11 319 154 472 464 653 291 222 168 
2 11 319 154 472 465 653 291 222 168 
2 11 319 154 472 466 653 291 222 168 
2 11 319 154 472 467 653 291 222 168 
2 11 319 154 472 468 653 291 222 168 
2 11 319 154 472 469 653 291 222 168 
2 11 319 154 472 470 653 291 222 168 
2 11 319 154 472 471 653 291 222 168 
2 11 319 154 472 472 653 291 222 168 
3 9 720 18 737 18 511 313 86 151 
3 9 720 18 737 19 509 314 86 150 
3 9 720 18 737 20 509 314 86 150 
3 9 720 18 737 21 507 314 86 150 
3 9 720 18 737 22 507 312 86 150 
3 9 720 18 737 23 507 312 84 150 
3 9 720 18 737 24 507 312 84 150 
3 9 720 18 737 25 505 311 84 148 
3 9 720 18 737 26 505 311 84 148 
3 9 720 18 737 27 505 311 84 148 
3 9 720 18 737 28 502 311 86 145 
3 9 720 18 737 29 502 309 86 148 
3 9 720 18 737 30 500 309 86 148 
3 9 720 18 737 31 500 309 86 147 
3 9 720 18 737 32 498 307 86 150 
3 9 720 18 737 33 498 307 86 150 
3 9 720 18 737 34 498 307 84 147 
3 9 720 18 737 35 498 307 84 147 
3 9 720 18 737 36 498 305 84 150 
3 9 720 18 737 37 495 305 86 147 
3 9 720 18 737 38 495 305 86 147 
3 9 720 18 737 39 493 303 86 150 
3 9 720 18 737 40 493 303 86 150 
3 9 720 18 737 41 491 303 86 147 
3 9 720 18 737 42 491 303 86 147 
3 9 720 18 737 43 491 302 86 148 
3 9 720 18 737 44 491 302 84 145 
3 9 720 18 737 45 491 302 84 145 
3 9 720 18 737 46 489 300 84 148 
3 9 720 18 737 47 489 300 84 147 
3 9 720 18 737 48 486 300 86 147 
3 9 720 18 737 49 486 300 86 147 
3 9 720 18 737 50 484 298 86 147 
3 9 720 18 737 51 484 298 86 147 
3 9 720 18 737 52 484 298 86 147 
3 9 720 18 737 53 482 296 86 147 
3 9 720 18 737 54 482 296 86 147 
3 9 720 18 737 55 482 296 84 147 
3 9 720 18 737 56 482 297 84 144 
3 9 720 18 737 57 479 295 86 145 
3 9 720 18 737 58 479 295 86 145 
3 9 720 18 737 59 477 296 86 144 
3 9 720 18 737 60 477 293 86 147 
3 9 720 18 737 61 477 293 86 147 
3 9 720 18 737 62 475 294 86 144 
3 9 720 18 737 63 475 294 86 144 
3 9 720 18 737 64 475 291 84 147 
3 9 720 18 737 65 475 292 84 144 
3 9 720 18 737 66 473 292 84 144 
3 9 720 18 737 67 473 289 84 147 
3 9 720 18 737 68 470 290 86 144 
3 9 720 18 737 69 470 290 86 144 
3 9 720 18 737 70 470 290 86 144 
3 9 720 18 737 71 468 288 86 144 
3 9 720 18 737 72 468 288 86 144 
3 9 720 18 737 73 466 288 86 144 
3 9 720 18 737 74 466 287 86 144 
3 9 720 18 737 75 466 287 84 144 
3 9 720 18 737 76 466 287 84 144 
3 9 720 18 737 77 466 287 84 144 
3 9 720 18 737 78 463 285 86 144 
3 9 720 18 737 79 463 285 86 144 
3 9 720 18 737 80 463 285 86 144 
3 9 720 18 737 81 464 285 82 144 
3 9 720 18 737 82 464 285 82 141 
3 9 720 18 737 83 461 285 86 141 
3 9 720 18 737 84 461 285 86 141 
3 9 720 18 737 85 462 285 82 141 
3 9 720 18 737 86 462 286 82 138 
3 9 720 18 737 87 462 286 82 138 
3 9 720 18 737 88 463 286 78 138 
3 9 720 18 737 89 460 286 82 138 
3 9 720 18 737 90 460 286 82 136 
3 9 720 18 737 91 460 286 82 136 
3 9 720 18 737 92 461 286 78 136 
3 9 720 18 737 93 461 283 78 139 
3 9 720 18 737 94 461 284 78 136 
3 9 720 18 737 95 460 284 78 136 
3 9 720 18 737 96 460 284 78 136 
3 9 720 18 737 97 460 284 78 136 
3 9 720 18 737 98 460 284 78 133 
3 9 720 18 737 99 461 284 74 133 
3 9 720 18 737 100 461 284 74 133 
3 9 720 18 737 101 458 284 78 133 
3 9 720 18 737 102 459 284 74 133 
3 9 720 18 737 103 459 285 74 130 
3 9 720 18 737 104 459 285 74 130 
3 9 720 18 737 105 459 285 74 130 
3 9 720 18 737 106 457 285 74 130 
3 9 720 18 737 107 457 285 74 127 
3 9 720 18 737 108 457 283 74 130 
3 9 720 18 737 109 458 283 72 130 
3 9 720 18 737 110 458 283 72 130 
3 9 720 18 737 111 458 283 72 129 
3 9 720 18 737 112 455 283 76 129 
3 9 720 18 737 113 456 283 72 129 
3 9 720 18 737 114 456 283 72 129 
3 9 720 18 737 115 456 284 72 126 
3 9 720 18 737 116 457 284 68 126 
3 9 720 18 737 117 457 284 68 126 
3 9 720 18 737 118 454 284 72 126 
3 9 720 18 737 119 454 284 72 123 
3 9 720 18 737 120 455 284 68 123 
3 9 720 18 737 121 455 284 68 123 
3 9 720 18 737 122 455 284 68 123 
3 9 720 18 737 123 455 284 68 123 
3 9 720 18 737 124 454 283 66 121 
3 9 720 18 737 125 454 283 66 121 
3 9 720 18 737 126 452 283 68 121 
3 9 720 18 737 127 452 283 68 121 
3 9 720 18 737 128 450 283 68 121 
3 9 720 18 737 129 450 283 68 121 
3 9 720 18 737 130 450 281 68 123 
3 9 720 18 737 131 448 281 68 123 
3 9 720 18 737 132 448 281 68 123 
3 9 720 18 737 133 447 281 66 123 
3 9 720 18 737 134 447 281 66 123 
3 9 720 18 737 135 445 281 68 123 
3 9 720 18 737 136 445 279 68 123 
3 9 720 18 737 137 445 279 68 123 
3 9 720 18 737 138 443 279 68 123 
3 9 720 18 737 139 443 279 68 123 
3 9 720 18 737 140 441 279 68 123 
3 9 720 18 737 141 441 279 68 123 
3 9 720 18 737 142 441 279 68 123 
3 9 720 18 737 143 439 277 68 123 
3 9 720 18 737 144 439 277 68 123 
3 9 720 18 737 145 438 277 66 123 
3 9 720 18 737 146 438 278 66 120 
3 9 720 18 737 147 438 275 66 123 
3 9 720 18 737 148 436 275 68 123 
3 9 720 18 737 149 436 276 68 120 
3 9 720 18 737 150 434 276 68 120 
3 9 720 18 737 151 434 274 68 121 
3 9 720 18 737 152 434 275 68 120 
3 9 720 18 737 153 432 275 68 120 
3 9 720 18 737 154 432 275 68 120 
3 9 720 18 737 155 432 275 68 120 
3 9 720 18 737 156 431 273 66 120 
3 9 720 18 737 157 431 273 66 120 
3 9 720 18 737 158 431 273 66 120 
3 9 720 18 737 159 431 273 66 120 
3 9 720 18 737 160 431 273 66 120 
3 9 720 18 737 161 429 273 68 117 
3 9 720 18 737 162 429 273 68 117 
3 9 720 18 737 163 429 273 68 117 
3 9 720 18 737 164 429 271 68 120 
3 9 720 18 737 165 429 271 68 120 
3 9 720 18 737 166 429 271 68 120 
3 9 720 18 737 167 427 271 68 117 
3 9 720 18 737 168 427 271 68 117 
3 9 720 18 737 169 427 271 68 117 
3 9 720 18 737 170 427 271 68 117 
3 9 720 18 737 171 427 271 68 117 
3 9 720 18 737 172 427 271 68 117 
3 9 720 18 737 173 425 269 68 118 
3 9 720 18 737 174 425 269 68 118 
3 9 720 18 737 175 425 269 68 118 
3 9 720 18 737 176 425 269 68 118 
3 9 720 18 737 177 425 269 68 118 
3 9 720 18 737 178 423 269 68 115 
3 9 720 18 737 179 423 269 68 115 
3 9 720 18 737 180 423 269 68 115 
3 9 720 18 737 181 423 269 68 115 
3 9 720 18 737 182 423 268 68 117 
3 9 720 18 737 183 423 268 68 117 
3 9 720 18 737 184 422 269 66 114 
3 9 720 18 737 185 422 269 66 114 
3 9 720 18 737 186 422 269 66 114 
3 9 720 18 737 187 422 269 66 114 
3 9 720 18 737 188 422 269 66 114 
3 9 720 18 737 189 422 269 66 114 
3 9 720 18 737 190 420 269 68 111 
3 9 720 18 737 191 420 267 68 114 
3 9 720 18 737 192 420 267 68 114 
3 9 720 18 737 193 420 267 68 114 
3 9 720 18 737 194 420 267 68 114 
3 9 720 18 737 195 420 267 68 114 
3 9 720 18 737 196 418 267 68 111 
3 9 720 18 737 197 418 267 68 111 
3 9 720 18 737 198 418 267 68 111 
3 9 720 18 737 199 418 267 68 111 
3 9 720 18 737 200 418 265 68 114 
3 9 720 18 737 201 416 265 68 112 
3 9 720 18 737 202 416 265 68 112 
3 9 720 18 737 203 416 265 68 112 
3 9 720 18 737 204 416 265 68 112 
3 9 720 18 737 205 416 265 68 112 
3 9 720 18 737 206 416 265 68 112 
3 9 720 18 737 207 415 265 66 109 
3 9 720 18 737 208 415 265 66 109 
3 9 720 18 737 209 415 263 66 112 
3 9 720 18 737 210 415 263 66 112 
3 9 720 18 737 211 415 263 66 112 
3 9 720 18 737 212 415 263 66 112 
3 9 720 18 737 213 413 263 68 109 
3 9 720 18 737 214 413 263 68 109 
3 9 720 18 737 215 413 263 68 109 
3 9 720 18 737 216 413 263 68 109 
3 9 720 18 737 217 413 263 68 109 
3 9 720 18 737 218 411 261 68 109 
3 9 720 18 737 219 411 261 68 109 
3 9 720 18 737 220 411 261 68 109 
3 9 720 18 737 221 411 261 68 109 
3 9 720 18 737 222 411 261 68 109 
3 9 720 18 737 223 411 261 68 109 
3 9 720 18 737 224 409 262 68 108 
3 9 720 18 737 225 409 262 68 108 
3 9 720 18 737 226 409 262 68 108 
3 9 720 18 737 227 409 260 68 109 
3 9 720 18 737 228 409 260 68 109 
3 9 720 18 737 229 409 260 68 109 
3 9 720 18 737 230 407 261 68 106 
3 9 720 18 737 231 407 261 68 106 
3 9 720 18 737 232 407 261 68 106 
3 9 720 18 737 233 407 261 68 106 
3 9 720 18 737 234 407 261 68 106 
3 9 720 18 737 235 407 261 68 106 
3 9 720 18 737 236 406 259 66 106 
3 9 720 18 737 237 406 259 66 106 
3 9 720 18 737 238 406 259 66 106 
3 9 720 18 737 239 406 259 66 106 
3 9 720 18 737 240 406 259 66 106 
3 9 720 18 737 241 406 259 66 106 
3 9 720 18 737 242 406 259 66 103 
3 9 720 18 737 243 406 259 66 103 
3 9 720 18 737 244 406 259 66 103 
3 9 720 18 737 245 406 259 66 103 
3 9 720 18 737 246 407 257 64 106 
3 9 720 18 737 247 407 257 64 106 
3 9 720 18 737 248 407 257 64 106 
3 9 720 18 737 249 407 257 64 103 
3 9 720 18 737 250 407 257 64 103 
3 9 720 18 737 251 407 257 64 103 
3 9 720 18 737 252 404 257 68 103 
3 9 720 18 737 253 404 257 68 103 
3 9 720 18 737 254 404 257 68 103 
3 9 720 18 737 255 404 258 68 102 
3 9 720 18 737 256 404 258 68 102 
3 9 720 18 737 257 405 255 64 105 
3 9 720 18 737 258 405 255 64 105 
3 9 720 18 737 259 405 255 64 105 
3 9 720 18 737 260 405 255 64 105 
3 9 720 18 737 261 405 255 64 105 
3 9 720 18 737 262 405 256 64 102 
3 9 720 18 737 263 405 256 64 102 
3 9 720 18 737 264 405 256 64 102 
3 9 720 18 737 265 405 256 64 102 
3 9 720 18 737 266 405 256 64 102 
3 9 720 18 737 267 405 256 64 102 
3 9 720 18 737 268 403 255 64 100 
3 9 720 18 737 269 403 255 64 100 
3 9 720 18 737 270 403 255 64 100 
3 9 720 18 737 271 403 255 64 100 
3 9 720 18 737 272 403 255 64 100 
3 9 720 18 737 273 403 255 64 100 
3 9 720 18 737 274 403 255 64 100 
3 9 720 18 737 275 403 255 64 97 
3 9 720 18 737 276 403 255 64 97 
3 9 720 18 737 277 403 255 64 97 
3 9 720 18 737 278 403 255 64 97 
3 9 720 18 737 279 404 253 60 100 
3 9 720 18 737 280 404 253 60 100 
3 9 720 18 737 281 404 253 60 99 
3 9 720 18 737 282 404 253 60 99 
3 9 720 18 737 283 404 253 60 99 
3 9 720 18 737 284 401 253 64 99 
3 9 720 18 737 285 401 253 64 99 
3 9 720 18 737 286 401 253 64 99 
3 9 720 18 737 287 401 253 64 99 
3 9 720 18 737 288 401 254 64 96 
3 9 720 18 737 289 401 254 64 96 
3 9 720 18 737 290 401 251 62 99 
3 9 720 18 737 291 401 251 62 99 
3 9 720 18 737 292 401 251 62 99 
3 9 720 18 737 293 401 251 62 99 
3 9 720 18 737 294 401 252 62 96 
3 9 720 18 737 295 401 252 62 96 
3 9 720 18 737 296 401 252 62 96 
3 9 720 18 737 297 401 252 62 96 
3 9 720 18 737 298 401 252 62 96 
3 9 720 18 737 299 401 252 62 96 
3 9 720 18 737 300 401 252 62 96 
3 9 720 18 737 301 401 250 60 96 
3 9 720 18 737 302 401 250 60 96 
3 9 720 18 737 303 401 250 60 96 
3 9 720 18 737 304 401 250 60 96 
3 9 720 18 737 305 401 250 60 96 
3 9 720 18 737 306 402 250 56 96 
3 9 720 18 737 307 402 250 56 96 
3 9 720 18 737 308 402 250 56 96 
3 9 720 18 737 309 399 250 60 96 
3 9 720 18 737 310 399 250 60 96 
3 9 720 18 737 311 400 250 56 96 
3 9 720 18 737 312 400 250 56 96 
3 9 720 18 737 313 400 250 56 96 
3 9 720 18 737 314 400 247 56 99 
3 9 720 18 737 315 400 247 56 99 
3 9 720 18 737 316 401 247 52 99 
3 9 720 18 737 317 401 247 52 99 
3 9 720 18 737 318 398 247 56 99 
3 9 720 18 737 319 398 247 56 99 
3 9 720 18 737 320 398 247 56 99 
3 9 720 18 737 321 398 247 54 99 
3 9 720 18 737 322 398 247 54 99 
3 9 720 18 737 323 398 247 54 99 
3 9 720 18 737 324 398 247 54 99 
3 9 720 18 737 325 398 247 54 99 
3 9 720 18 737 326 398 247 54 99 
3 9 720 18 737 327 396 246 54 100 
3 9 720 18 737 328 396 246 54 100 
3 9 720 18 737 329 396 246 54 100 
3 9 720 18 737 330 396 246 54 100 
3 9 720 18 737 331 396 246 54 100 
3 9 720 18 737 332 397 246 50 100 
3 9 720 18 737 333 397 246 50 100 
3 9 720 18 737 334 397 246 50 100 
3 9 720 18 737 335 394 246 54 100 
3 9 720 18 737 336 394 246 54 100 
3 9 720 18 737 337 395 246 50 100 
3 9 720 18 737 338 395 246 50 100 
3 9 720 18 737 339 395 246 50 100 
3 9 720 18 737 340 395 243 50 103 
3 9 720 18 737 341 395 243 50 103 
3 9 720 18 737 342 396 243 48 103 
3 9 720 18 737 343 396 243 48 103 
3 9 720 18 737 344 394 243 50 103 
3 9 720 18 737 345 394 243 50 103 
3 9 720 18 737 346 394 243 50 103 
3 9 720 18 737 347 395 243 46 103 
3 9 720 18 737 348 395 243 46 103 
3 9 720 18 737 349 395 243 46 103 
3 9 720 18 737 350 395 243 46 103 
3 9 720 18 737 351 395 243 46 103 
3 9 720 18 737 352 395 243 46 103 
3 9 720 18 737 353 393 241 46 103 
3 9 720 18 737 354 393 241 46 103 
3 9 720 18 737 355 393 241 46 103 
3 9 720 18 737 356 393 241 46 103 
3 9 720 18 737 357 394 241 42 103 
3 9 720 18 737 358 391 241 46 103 
3 9 720 18 737 359 391 241 46 103 
3 9 720 18 737 360 391 241 46 103 
3 9 720 18 737 361 392 239 42 105 
3 9 720 18 737 362 392 239 42 105 
3 9 720 18 737 363 392 239 42 105 
3 9 720 18 737 364 389 239 46 105 
3 9 720 18 737 365 390 239 44 105 
3 9 720 18 737 366 390 239 44 105 
3 9 720 18 737 367 390 239 44 105 
3 9 720 18 737 368 390 239 44 105 
3 9 720 18 737 369 390 239 44 105 
3 9 720 18 737 370 389 238 42 103 
3 9 720 18 737 371 389 238 42 103 
3 9 720 18 737 372 389 238 42 103 
3 9 720 18 737 373 387 238 42 103 
3 9 720 18 737 374 387 238 42 103 
3 9 720 18 737 375 387 238 42 103 
3 9 720 18 737 376 387 238 42 103 
3 9 720 18 737 377 385 238 42 103 
3 9 720 18 737 378 385 239 42 100 
3 9 720 18 737 379 385 239 42 100 
3 9 720 18 737 380 385 239 42 100 
3 9 720 18 737 381 383 239 44 100 
3 9 720 18 737 382 383 239 44 100 
3 9 720 18 737 383 383 239 44 100 
3 9 720 18 737 384 383 239 44 100 
3 9 720 18 737 385 381 236 44 103 
3 9 720 18 737 386 381 236 44 103 
3 9 720 18 737 387 381 237 44 100 
3 9 720 18 737 388 381 237 44 100 
3 9 720 18 737 389 380 237 42 100 
3 9 720 18 737 390 380 237 42 100 
3 9 720 18 737 391 380 237 42 100 
3 9 720 18 737 392 380 237 42 100 
3 9 720 18 737 393 378 237 42 100 
3 9 720 18 737 394 378 237 42 100 
3 9 720 18 737 395 378 237 42 100 
3 9 720 18 737 396 378 237 42 99 
3 9 720 18 737 397 376 237 42 99 
3 9 720 18 737 398 376 237 42 99 
3 9 720 18 737 399 376 237 42 99 
3 9 720 18 737 400 376 235 42 102 
3 9 720 18 737 401 374 235 44 102 
3 9 720 18 737 402 374 235 44 102 
3 9 720 18 737 403 374 235 44 102 
3 9 720 18 737 404 374 235 44 99 
3 9 720 18 737 405 373 235 42 99 
3 9 720 18 737 406 373 235 42 99 
3 9 720 18 737 407 373 235 42 99 
3 9 720 18 737 408 373 235 42 99 
3 9 720 18 737 409 371 235 42 99 
3 9 720 18 737 410 371 235 42 99 
3 9 720 18 737 411 371 235 42 99 
3 9 720 18 737 412 371 235 42 99 
3 9 720 18 737 413 369 236 42 96 
3 9 720 18 737 414 369 236 42 96 
3 9 720 18 737 415 369 236 42 96 
3 9 720 18 737 416 369 233 42 99 
3 9 720 18 737 417 367 233 44 99 
3 9 720 18 737 418 367 233 44 99 
3 9 720 18 737 419 367 233 44 99 
3 9 720 18 737 420 367 233 44 99 
3 9 720 18 737 421 365 233 44 99 
3 9 720 18 737 422 365 234 44 96 
3 9 720 18 737 423 365 234 44 96 
3 9 720 18 737 424 365 234 44 96 
3 9 720 18 737 425 364 234 42 96 
3 9 720 18 737 426 364 234 42 96 
3 9 720 18 737 427 364 234 42 96 
3 9 720 18 737 428 364 234 42 96 
3 9 720 18 737 429 362 234 42 96 
3 9 720 18 737 430 362 234 42 93 
3 9 720 18 737 431 362 232 42 96 
3 9 720 18 737 432 362 232 42 96 
3 9 720 18 737 433 360 232 42 96 
3 9 720 18 737 434 360 232 42 96 
3 9 720 18 737 435 360 232 42 96 
3 9 720 18 737 436 360 232 42 96 
3 9 720 18 737 437 358 232 44 96 
3 9 720 18 737 438 358 232 44 96 
3 9 720 18 737 439 358 232 44 94 
3 9 720 18 737 440 358 232 44 94 
3 9 720 18 737 441 357 232 42 94 
3 9 720 18 737 442 357 232 42 94 
3 9 720 18 737 443 357 232 42 94 
3 9 720 18 737 444 357 232 42 94 
3 9 720 18 737 445 355 232 42 94 
3 9 720 18 737 446 355 232 42 94 
3 9 720 18 737 447 355 231 42 96 
3 9 720 18 737 448 355 231 42 93 
3 9 720 18 737 449 353 231 42 93 
3 9 720 18 737 450 353 231 42 93 
3 9 720 18 737 451 353 231 42 93 
3 9 720 18 737 452 353 231 42 93 
3 9 720 18 737 453 351 231 44 93 
3 9 720 18 737 454 351 231 44 93 
3 9 720 18 737 455 351 231 44 93 
3 9 720 18 737 456 351 232 44 90 
3 9 720 18 737 457 349 232 44 90 
3 9 720 18 737 458 349 232 44 90 
3 9 720 18 737 459 349 232 44 90 
3 9 720 18 737 460 349 232 44 90 
3 9 720 18 737 461 348 232 42 90 
3 9 720 18 737 462 348 229 42 93 
3 9 720 18 737 463 348 229 42 93 
3 9 720 18 737 464 348 229 42 93 
3 9 720 18 737 465 346 230 42 90 
3 9 720 18 737 466 346 230 42 90 
3 9 720 18 737 467 346 230 42 90 
3 9 720 18 737 468 346 230 42 90 
3 9 720 18 737 469 344 230 42 90 
3 9 720 18 737 470 344 230 42 90 
3 9 720 18 737 471 344 230 42 90 
3 9 720 18 737 472 344 230 42 90 
3 9 720 18 737 473 342 230 44 90 
3 9 720 18 737 474 342 230 44 88 
3 9 720 18 737 475 342 230 44 88 
3 9 720 18 737 476 342 230 44 88 
3 9 720 18 737 477 341 230 42 88 
3 9 720 18 737 478 341 227 42 91 
3 9 720 18 737 479 341 227 42 91 
3 9 720 18 737 480 341 227 42 91 
3 9 720 18 737 481 339 227 42 91 
3 9 720 18 737 482 339 228 42 88 
3 9 720 18 737 483 339 228 42 88 
3 9 720 18 737 484 339 228 42 88 
3 9 720 18 737 485 337 228 42 88 
3 9 720 18 737 486 337 228 42 88 
3 9 720 18 737 487 337 228 42 88 
3 9 720 18 737 488 337 228 42 88 
3 9 720 18 737 489 335 228 44 88 
3 9 720 18 737 490 335 228 44 88 
3 9 720 18 737 491 335 228 44 85 
3 9 720 18 737 492 335 228 44 85 
3 9 720 18 737 493 333 226 44 88 
3 9 720 18 737 494 333 226 44 88 
3 9 720 18 737 495 333 226 44 88 
3 9 720 18 737 496 333 226 44 88 
3 9 720 18 737 497 332 226 42 88 
3 9 720 18 737 498 332 226 42 88 
3 9 720 18 737 499 332 226 42 88 
3 9 720 18 737 500 332 226 42 85 
3 9 720 18 737 501 330 226 42 85 
3 9 720 18 737 502 330 226 42 85 
3 9 720 18 737 503 330 226 42 85 
3 9 720 18 737 504 330 226 42 85 
3 9 720 18 737 505 328 226 42 85 
3 9 720 18 737 506 328 226 42 85 
3 9 720 18 737 507 328 226 42 85 
3 9 720 18 737 508 328 226 42 85 
3 9 720 18 737 509 326 226 44 84 
3 9 720 18 737 510 326 226 44 84 
3 9 720 18 737 511 326 226 44 84 
3 9 720 18 737 512 326 226 44 84 
3 9 720 18 737 513 326 226 44 84 
3 9 720 18 737 514 326 226 44 84 
3 9 720 18 737 515 326 226 44 84 
3 9 720 18 737 516 326 226 44 84 
3 9 720 18 737 517 326 226 44 84 
3 9 720 18 737 518 326 226 44 84 
3 9 720 18 737 519 325 226 42 84 
3 9 720 18 737 520 325 226 42 84 
3 9 720 18 737 521 325 226 42 84 
3 9 720 18 737 522 325 226 42 84 
3 9 720 18 737 523 325 226 42 84 
3 9 720 18 737 524 325 226 42 84 
3 9 720 18 737 525 325 226 42 84 
3 9 720 18 737 526 325 226 42 84 
3 9 720 18 737 527 325 226 42 84 
3 9 720 18 737 528 325 226 42 84 
3 9 720 18 737 529 323 226 42 84 
3 9 720 18 737 530 323 226 42 84 
3 9 720 18 737 531 323 226 42 84 
3 9 720 18 737 532 323 223 42 85 
3 9 720 18 737 533 323 223 42 85 
3 9 720 18 737 534 323 223 42 85 
3 9 720 18 737 535 323 223 42 85 
3 9 720 18 737 536 323 223 42 85 
3 9 720 18 737 537 323 223 42 85 
3 9 720 18 737 538 323 223 42 85 
3 9 720 18 737 539 321 223 42 85 
3 9 720 18 737 540 321 223 42 85 
3 9 720 18 737 541 321 223 42 85 
3 9 720 18 737 542 321 223 42 85 
3 9 720 18 737 543 321 223 42 85 
3 9 720 18 737 544 321 223 42 85 
3 9 720 18 737 545 321 223 42 85 
3 9 720 18 737 546 321 223 42 85 
3 9 720 18 737 547 321 223 42 85 
3 9 720 18 737 548 321 223 42 85 
3 9 720 18 737 549 319 223 44 85 
3 9 720 18 737 550 319 223 44 85 
3 9 720 18 737 551 319 223 44 85 
3 9 720 18 737 552 319 223 44 85 
3 9 720 18 737 553 319 223 44 85 
3 9 720 18 737 554 319 223 44 85 
3 9 720 18 737 555 319 221 44 85 
3 9 720 18 737 556 319 221 44 85 
3 9 720 18 737 557 319 221 44 85 
3 9 720 18 737 558 319 221 44 85 
3 9 720 18 737 559 319 221 44 85 
3 9 720 18 737 560 317 221 44 85 
3 9 720 18 737 561 317 221 44 85 
3 9 720 18 737 562 317 221 44 85 
3 9 720 18 737 563 317 221 44 85 
3 9 720 18 737 564 317 221 44 85 
3 9 720 18 737 565 317 221 44 85 
3 9 720 18 737 566 317 221 44 85 
3 9 720 18 737 567 317 221 44 85 
3 9 720 18 737 568 317 221 44 85 
3 9 720 18 737 569 317 221 44 85 
3 9 720 18 737 570 316 221 42 85 
3 9 720 18 737 571 316 221 42 85 
3 9 720 18 737 572 316 221 42 85 
3 9 720 18 737 573 316 221 42 85 
3 9 720 18 737 574 316 221 42 85 
3 9 720 18 737 575 316 221 42 85 
3 9 720 18 737 576 316 221 42 85 
3 9 720 18 737 577 316 221 42 85 
3 9 720 18 737 578 316 219 42 85 
3 9 720 18 737 579 316 219 42 85 
3 9 720 18 737 580 314 219 42 85 
3 9 720 18 737 581 314 219 42 85 
3 9 720 18 737 582 314 219 42 85 
3 9 720 18 737 583 314 219 42 85 
3 9 720 18 737 584 314 219 42 85 
3 9 720 18 737 585 314 219 42 85 
3 9 720 18 737 586 314 219 42 85 
3 9 720 18 737 587 314 219 42 85 
3 9 720 18 737 588 314 219 42 85 
3 9 720 18 737 589 314 219 42 85 
3 9 720 18 737 590 312 219 42 85 
3 9 720 18 737 591 312 219 42 85 
3 9 720 18 737 592 312 219 42 85 
3 9 720 18 737 593 312 219 42 85 
3 9 720 18 737 594 312 219 42 85 
3 9 720 18 737 595 312 219 42 85 
3 9 720 18 737 596 312 219 42 85 
3 9 720 18 737 597 312 219 42 85 
3 9 720 18 737 598 312 219 42 85 
3 9 720 18 737 599 312 219 42 85 
3 9 720 18 737 600 312 219 42 85 
3 9 720 18 737 601 310 217 44 85 
3 9 720 18 737 602 310 217 44 85 
3 9 720 18 737 603 310 217 44 85 
3 9 720 18 737 604 310 217 44 85 
3 9 720 18 737 605 310 217 44 85 
3 9 720 18 737 606 310 217 44 85 
3 9 720 18 737 607 310 217 44 85 
3 9 720 18 737 608 310 217 44 85 
3 9 720 18 737 609 310 217 44 85 
3 9 720 18 737 610 310 217 44 85 
3 9 720 18 737 611 310 217 44 85 
3 9 720 18 737 612 309 217 42 85 
3 9 720 18 737 613 309 217 42 85 
3 9 720 18 737 614 309 217 42 85 
3 9 720 18 737 615 309 217 42 85 
3 9 720 18 737 616 309 217 42 85 
3 9 720 18 737 617 309 217 42 85 
3 9 720 18 737 618 309 218 42 84 
3 9 720 18 737 619 309 218 42 84 
3 9 720 18 737 620 309 218 42 84 
3 9 720 18 737 621 309 218 42 84 
3 9 720 18 737 622 309 218 42 84 
3 9 720 18 737 623 307 218 42 84 
3 9 720 18 737 624 307 218 42 84 
3 9 720 18 737 625 307 218 42 84 
3 9 720 18 737 626 307 218 42 84 
3 9 720 18 737 627 307 218 42 84 
3 9 720 18 737 628 307 218 42 84 
3 9 720 18 737 629 307 218 42 84 
3 9 720 18 737 630 307 218 42 84 
3 9 720 18 737 631 307 218 42 84 
3 9 720 18 737 632 307 218 42 84 
3 9 720 18 737 633 307 218 42 84 
3 9 720 18 737 634 307 218 42 84 
3 9 720 18 737 635 305 218 42 81 
3 9 720 18 737 636 305 218 42 81 
3 9 720 18 737 637 305 218 42 81 
3 9 720 18 737 638 305 218 42 81 
3 9 720 18 737 639 305 218 42 81 
3 9 720 18 737 640 305 218 42 81 
3 9 720 18 737 641 305 218 42 81 
3 9 720 18 737 642 305 218 42 81 
3 9 720 18 737 643 305 218 42 81 
3 9 720 18 737 644 305 218 42 81 
3 9 720 18 737 645 305 218 42 81 
3 9 720 18 737 646 303 218 44 81 
3 9 720 18 737 647 303 218 44 81 
3 9 720 18 737 648 303 218 44 81 
3 9 720 18 737 649 303 218 44 81 
3 9 720 18 737 650 303 218 44 81 
3 9 720 18 737 651 303 218 44 81 
3 9 720 18 737 652 303 219 44 78 
3 9 720 18 737 653 303 219 44 78 
3 9 720 18 737 654 303 219 44 78 
3 9 720 18 737 655 303 219 44 78 
3 9 720 18 737 656 303 219 44 78 
3 9 720 18 737 657 303 219 44 78 
3 9 720 18 737 658 301 219 44 78 
3 9 720 18 737 659 301 219 44 78 
3 9 720 18 737 660 301 219 44 78 
3 9 720 18 737 661 301 219 44 78 
3 9 720 18 737 662 301 219 44 78 
3 9 720 18 737 663 301 219 44 78 
3 9 720 18 737 664 301 219 44 78 
3 9 720 18 737 665 301 219 44 78 
3 9 720 18 737 666 301 219 44 78 
3 9 720 18 737 667 301 219 44 78 
3 9 720 18 737 668 301 219 44 78 
3 9 720 18 737 669 300 219 42 75 
3 9 720 18 737 670 300 219 42 75 
3 9 720 18 737 671 300 219 42 75 
3 9 720 18 737 672 300 219 42 75 
3 9 720 18 737 673 300 219 42 75 
3 9 720 18 737 674 300 219 42 75 
3 9 720 18 737 675 300 219 42 75 
3 9 720 18 737 676 300 219 42 75 
3 9 720 18 737 677 300 219 42 75 
3 9 720 18 737 678 300 219 42 75 
3 9 720 18 737 679 300 219 42 75 
3 9 720 18 737 680 298 219 42 75 
3 9 720 18 737 681 298 219 42 75 
3 9 720 18 737 682 298 219 42 75 
3 9 720 18 737 683 298 219 42 75 
3 9 720 18 737 684 298 219 42 75 
3 9 720 18 737 685 298 219 42 75 
3 9 720 18 737 686 298 220 42 72 
3 9 720 18 737 687 298 220 42 72 
3 9 720 18 737 688 298 220 42 72 
3 9 720 18 737 689 298 220 42 72 
3 9 720 18 737 690 298 220 42 72 
3 9 720 18 737 691 298 220 42 72 
3 9 720 18 737 692 296 220 42 72 
3 9 720 18 737 693 296 220 42 72 
3 9 720 18 737 694 296 220 42 72 
3 9 720 18 737 695 296 220 42 72 
3 9 720 18 737 696 296 220 42 72 
3 9 720 18 737 697 296 220 42 72 
3 9 720 18 737 698 296 220 42 72 
3 9 720 18 737 699 296 220 42 72 
3 9 720 18 737 700 296 220 42 72 
3 9 720 18 737 701 296 220 42 72 
3 9 720 18 737 702 296 220 42 72 
3 9 720 18 737 703 294 220 44 70 
3 9 720 18 737 704 294 220 44 70 
3 9 720 18 737 705 294 220 44 70 
3 9 720 18 737 706 294 220 44 70 
3 9 720 18 737 707 294 220 44 70 
3 9 720 18 737 708 294 220 44 70 
3 9 720 18 737 709 294 220 44 70 
3 9 720 18 737 710 294 220 44 70 
3 9 720 18 737 711 294 220 44 70 
3 9 720 18 737 712 294 220 44 70 
3 9 720 18 737 713 294 220 44 70 
3 9 720 18 737 714 294 220 44 70 
3 9 720 18 737 715 293 220 42 70 
3 9 720 18 737 716 293 220 42 70 
3 9 720 18 737 717 293 220 42 70 
3 9 720 18 737 718 293 220 42 70 
3 9 720 18 737 719 293 220 42 70 
3 9 720 18 737 720 293 220 42 67 
3 9 720 18 737 721 293 220 42 67 
3 9 720 18 737 722 293 220 42 67 
3 9 720 18 737 723 293 220 42 67 
3 9 720 18 737 724 293 220 42 67 
3 9 720 18 737 725 293 220 42 67 
3 9 720 18 737 726 291 220 42 67 
3 9 720 18 737 727 291 220 42 67 
3 9 720 18 737 728 291 220 42 67 
3 9 720 18 737 729 291 220 42 67 
3 9 720 18 737 730 291 220 42 67 
3 9 720 18 737 731 291 220 42 67 
3 9 720 18 737 732 291 220 42 67 
3 9 720 18 737 733 291 220 42 67 
3 9 720 18 737 734 291 220 42 67 
3 9 720 18 737 735 291 220 42 67 
3 9 720 18 737 736 291 220 42 67 
3 9 720 18 737 737 291 220 42 67 
4 9 321 43 363 43 569 297 58 124 
4 9 321 43 363 44 569 297 58 124 
4 9 321 43 363 45 571 296 58 127 
4 9 321 43 363 46 571 296 58 127 
4 9 321 43 363 47 571 296 58 127 
4 9 321 43 363 48 574 296 56 130 
4 9 321 43 363 49 574 298 56 127 
4 9 321 43 363 50 574 298 56 130 
4 9 321 43 363 51 576 298 56 130 
4 9 321 43 363 52 576 298 56 130 
4 9 321 43 363 53 576 298 56 132 
4 9 321 43 363 54 578 298 56 132 
4 9 321 43 363 55 578 297 56 135 
4 9 321 43 363 56 578 297 56 135 
4 9 321 43 363 57 578 297 58 135 
4 9 321 43 363 58 578 298 58 136 
4 9 321 43 363 59 578 298 58 136 
4 9 321 43 363 60 580 297 58 139 
4 9 321 43 363 61 580 297 58 139 
4 9 321 43 363 62 580 297 58 139 
4 9 321 43 363 63 583 297 56 142 
4 9 321 43 363 64 583 297 56 142 
4 9 321 43 363 65 583 297 56 144 
4 9 321 43 363 66 585 297 56 144 
4 9 321 43 363 67 585 297 56 144 
4 9 321 43 363 68 585 299 56 144 
4 9 321 43 363 69 585 299 58 144 
4 9 321 43 363 70 585 298 58 147 
4 9 321 43 363 71 585 298 58 147 
4 9 321 43 363 72 587 298 58 147 
4 9 321 43 363 73 587 298 58 150 
4 9 321 43 363 74 587 298 58 150 
4 9 321 43 363 75 590 297 56 151 
4 9 321 43 363 76 590 297 56 151 
4 9 321 43 363 77 592 299 56 151 
4 9 321 43 363 78 592 299 56 151 
4 9 321 43 363 79 594 299 56 151 
4 9 321 43 363 80 593 299 60 151 
4 9 321 43 363 81 594 299 58 151 
4 9 321 43 363 82 593 299 62 151 
4 9 321 43 363 83 596 301 60 151 
4 9 321 43 363 84 595 301 64 151 
4 9 321 43 363 85 598 301 60 151 
4 9 321 43 363 86 597 301 64 151 
4 9 321 43 363 87 599 301 64 151 
4 9 321 43 363 88 599 301 64 151 
4 9 321 43 363 89 600 302 64 153 
4 9 321 43 363 90 602 302 64 153 
4 9 321 43 363 91 601 302 68 153 
4 9 321 43 363 92 604 302 64 153 
4 9 321 43 363 93 603 302 68 153 
4 9 321 43 363 94 605 302 68 153 
4 9 321 43 363 95 605 304 68 153 
4 9 321 43 363 96 607 304 66 153 
4 9 321 43 363 97 606 304 70 153 
4 9 321 43 363 98 607 304 72 153 
4 9 321 43 363 99 607 304 72 153 
4 9 321 43 363 100 609 306 72 151 
4 9 321 43 363 101 611 306 70 151 
4 9 321 43 363 102 611 306 70 151 
4 9 321 43 363 103 613 306 70 151 
4 9 321 43 363 104 612 306 74 151 
4 9 321 43 363 105 613 306 76 151 
4 9 321 43 363 106 613 308 76 151 
4 9 321 43 363 107 615 308 76 151 
4 9 321 43 363 108 614 308 78 151 
4 9 321 43 363 109 617 308 74 151 
4 9 321 43 363 110 616 308 78 151 
4 9 321 43 363 111 618 308 78 151 
4 9 321 43 363 112 620 310 78 151 
4 9 321 43 363 113 620 310 78 151 
4 9 321 43 363 114 621 310 78 151 
4 9 321 43 363 115 620 310 82 151 
4 9 321 43 363 116 623 310 78 151 
4 9 321 43 363 117 622 310 82 151 
4 9 321 43 363 118 624 311 82 153 
4 9 321 43 363 119 623 311 86 153 
4 9 321 43 363 120 626 311 82 153 
4 9 321 43 363 121 626 311 84 153 
4 9 321 43 363 122 626 311 86 153 
4 9 321 43 363 123 628 313 86 151 
4 9 321 43 363 124 628 313 86 151 
4 9 321 43 363 125 630 313 86 151 
4 9 321 43 363 126 630 315 86 151 
4 9 321 43 363 127 633 315 84 151 
4 9 321 43 363 128 633 317 84 151 
4 9 321 43 363 129 635 317 84 151 
4 9 321 43 363 130 635 317 84 151 
4 9 321 43 363 131 635 318 86 153 
4 9 321 43 363 132 635 318 86 153 
4 9 321 43 363 133 637 320 86 153 
4 9 321 43 363 134 637 320 86 153 
4 9 321 43 363 135 639 322 86 151 
4 9 321 43 363 136 639 322 86 151 
4 9 321 43 363 137 642 322 84 151 
4 9 321 43 363 138 642 324 84 151 
4 9 321 43 363 139 642 324 86 151 
4 9 321 43 363 140 642 326 86 151 
4 9 321 43 363 141 644 326 86 151 
4 9 321 43 363 142 646 327 86 153 
4 9 321 43 363 143 646 327 86 153 
4 9 321 43 363 144 649 327 84 154 
4 9 321 43 363 145 651 327 84 154 
4 9 321 43 363 146 651 329 86 154 
4 9 321 43 363 147 653 329 86 154 
4 9 321 43 363 148 652 328 90 157 
4 9 321 43 363 149 655 328 88 157 
4 9 321 43 363 150 657 330 88 157 
4 9 321 43 363 151 657 330 90 157 
4 9 321 43 363 152 660 330 86 160 
4 9 321 43 363 153 659 330 90 160 
4 9 321 43 363 154 662 332 88 159 
4 9 321 43 363 155 664 332 88 159 
4 9 321 43 363 156 666 332 88 162 
4 9 321 43 363 157 666 331 90 165 
4 9 321 43 363 158 665 332 94 163 
4 9 321 43 363 159 668 332 92 166 
4 9 321 43 363 160 670 332 92 166 
4 9 321 43 363 161 672 332 92 168 
4 9 321 43 363 162 673 334 90 165 
4 9 321 43 363 163 675 334 90 168 
4 9 321 43 363 164 675 334 92 168 
4 9 321 43 363 165 677 336 92 168 
4 9 321 43 363 166 679 336 92 168 
4 9 321 43 363 167 681 335 92 171 
4 9 321 43 363 168 681 335 94 171 
4 9 321 43 363 169 681 337 96 171 
4 9 321 43 363 170 683 337 96 172 
4 9 321 43 363 171 685 337 96 172 
4 9 321 43 363 172 688 336 92 175 
4 9 321 43 363 173 688 339 94 172 
4 9 321 43 363 174 688 338 96 175 
4 9 321 43 363 175 690 338 96 175 
4 9 321 43 363 176 692 338 96 178 
4 9 321 43 363 177 694 339 96 177 
4 9 321 43 363 178 696 339 96 178 
4 9 321 43 363 179 697 339 96 178 
4 9 321 43 363 180 696 338 100 181 
4 9 321 43 363 181 698 341 100 178 
4 9 321 43 363 182 701 340 96 181 
4 9 321 43 363 183 703 340 96 181 
4 9 321 43 363 184 704 340 96 184 
4 9 321 43 363 185 703 342 100 184 
4 9 321 43 363 186 705 342 100 184 
4 9 321 43 363 187 707 342 100 186 
4 9 321 43 363 188 709 344 100 183 
4 9 321 43 363 189 711 344 98 186 
4 9 321 43 363 190 710 344 102 186 
4 9 321 43 363 191 711 343 104 189 
4 9 321 43 363 192 714 344 100 187 
4 9 321 43 363 193 716 344 100 190 
4 9 321 43 363 194 718 344 98 190 
4 9 321 43 363 195 719 344 100 192 
4 9 321 43 363 196 718 346 104 189 
4 9 321 43 363 197 720 346 104 192 
4 9 321 43 363 198 722 345 104 195 
4 9 321 43 363 199 724 345 102 195 
4 9 321 43 363 200 726 347 102 195 
4 9 321 43 363 201 725 347 106 195 
4 9 321 43 363 202 727 347 104 198 
4 9 321 43 363 203 729 347 104 198 
4 9 321 43 363 204 731 349 102 196 
4 9 321 43 363 205 733 349 102 196 
4 9 321 43 363 206 732 348 106 199 
4 9 321 43 363 207 733 348 108 199 
4 9 321 43 363 208 735 350 108 199 
4 9 321 43 363 209 737 350 106 199 
4 9 321 43 363 210 739 350 106 202 
4 9 321 43 363 211 741 351 106 202 
4 9 321 43 363 212 742 351 108 202 
4 9 321 43 363 213 744 350 106 205 
4 9 321 43 363 214 746 352 106 205 
4 9 321 43 363 215 747 352 110 205 
4 9 321 43 363 216 748 354 112 205 
4 9 321 43 363 217 753 354 106 208 
4 9 321 43 363 218 754 356 110 207 
4 9 321 43 363 219 756 356 110 207 
4 9 321 43 363 220 757 357 110 208 
4 9 321 43 363 221 759 356 110 211 
4 9 321 43 363 222 763 356 110 211 
4 9 321 43 363 223 764 358 112 211 
4 9 321 43 363 224 766 358 110 213 
4 9 321 43 363 225 767 360 114 213 
4 9 321 43 363 226 769 360 114 213 
4 9 321 43 363 227 773 362 110 213 
4 9 321 43 363 228 775 362 110 216 
4 9 321 43 363 229 776 364 114 213 
4 9 321 43 363 230 778 364 114 216 
4 9 321 43 363 231 779 363 114 217 
4 9 321 43 363 232 783 364 114 219 
4 9 321 43 363 233 785 364 114 219 
4 9 321 43 363 234 788 366 112 219 
4 9 321 43 363 235 788 366 114 222 
4 9 321 43 363 236 789 368 118 219 
4 9 321 43 363 237 794 368 114 220 
4 9 321 43 363 238 795 370 114 220 
4 9 321 43 363 239 796 369 118 223 
4 9 321 43 363 240 798 369 118 223 
4 9 321 43 363 241 801 370 116 225 
4 9 321 43 363 242 804 370 114 228 
4 9 321 43 363 243 805 372 118 225 
4 9 321 43 363 244 807 372 118 226 
4 9 321 43 363 245 810 374 116 226 
4 9 321 43 363 246 809 373 122 229 
4 9 321 43 363 247 814 376 118 226 
4 9 321 43 363 248 817 375 116 229 
4 9 321 43 363 249 819 375 116 231 
4 9 321 43 363 250 818 378 122 228 
4 9 321 43 363 251 820 377 122 231 
4 9 321 43 363 252 826 378 116 232 
4 9 321 43 363 253 825 377 122 235 
4 9 321 43 363 254 827 380 122 232 
4 9 321 43 363 255 830 379 120 235 
4 9 321 43 363 256 832 382 120 234 
4 9 321 43 363 257 834 382 122 234 
4 9 321 43 363 258 836 381 122 237 
4 9 321 43 363 259 839 383 120 237 
4 9 321 43 363 260 840 383 124 240 
4 9 321 43 363 261 840 384 126 238 
4 9 321 43 363 262 846 384 120 240 
4 9 321 43 363 263 848 386 120 240 
4 9 321 43 363 264 849 386 124 240 
4 9 321 43 363 265 849 388 126 240 
4 9 321 43 363 266 852 387 124 243 
4 9 321 43 363 267 856 389 124 243 
4 9 321 43 363 268 856 389 126 244 
4 9 321 43 363 269 859 391 124 244 
4 9 321 43 363 270 863 392 124 246 
4 9 321 43 363 271 865 394 124 246 
4 9 321 43 363 272 865 393 128 247 
4 9 321 43 363 273 870 395 124 250 
4 9 321 43 363 274 872 397 124 250 
4 9 321 43 363 275 872 398 128 252 
4 9 321 43 363 276 877 397 124 253 
4 9 321 43 363 277 878 399 128 253 
4 9 321 43 363 278 880 401 128 253 
4 9 321 43 363 279 884 403 124 255 
4 9 321 43 363 280 885 403 128 258 
4 9 321 43 363 281 887 405 128 258 
4 9 321 43 363 282 890 405 128 259 
4 9 321 43 363 283 892 407 128 259 
4 9 321 43 363 284 893 407 132 261 
4 9 321 43 363 285 897 409 128 264 
4 9 321 43 363 286 899 411 128 264 
4 9 321 43 363 287 900 412 132 264 
4 9 321 43 363 288 904 411 128 267 
4 9 321 43 363 289 905 413 132 267 
4 9 321 43 363 290 907 415 132 267 
4 9 321 43 363 291 912 417 128 268 
4 9 321 43 363 292 912 416 132 271 
4 9 321 43 363 293 914 418 132 271 
4 9 321 43 363 294 918 419 130 273 
4 9 321 43 363 295 919 421 132 271 
4 9 321 43 363 296 923 423 132 274 
4 9 321 43 363 297 924 422 134 277 
4 9 321 43 363 298 927 424 136 277 
4 9 321 43 363 299 931 425 134 277 
4 9 321 43 363 300 934 427 136 277 
4 9 321 43 363 301 938 427 136 277 
4 9 321 43 363 302 943 429 136 277 
4 9 321 43 363 303 947 432 134 274 
4 9 321 43 363 304 952 434 136 274 
4 9 321 43 363 305 956 435 134 274 
4 9 321 43 363 306 961 437 136 271 
4 9 321 43 363 307 965 439 134 271 
4 9 321 43 363 308 970 441 136 271 
4 9 321 43 363 309 976 443 132 270 
4 9 321 43 363 310 979 445 134 270 
4 9 321 43 363 311 985 447 132 267 
4 9 321 43 363 312 988 449 134 267 
4 9 321 43 363 313 994 451 132 265 
4 9 321 43 363 314 997 453 134 264 
4 9 321 43 363 315 1003 455 132 264 
4 9 321 43 363 316 1006 457 134 262 
4 9 321 43 363 317 1012 459 132 259 
4 9 321 43 363 318 1017 459 132 260 
4 9 321 43 363 319 1021 460 132 259 
4 9 321 43 363 320 1026 462 132 256 
4 9 321 43 363 321 1030 464 130 254 
4 9 321 43 363 322 1035 467 132 252 
4 9 321 43 363 323 1039 469 130 250 
4 9 321 43 363 324 1044 469 132 249 
4 9 321 43 363 325 1047 472 132 246 
4 9 321 43 363 326 1053 474 132 244 
4 9 321 43 363 327 1058 476 132 242 
4 9 321 43 363 328 1062 477 130 241 
4 9 321 43 363 329 1067 479 132 239 
4 9 321 43 363 330 1071 481 130 237 
4 9 321 43 363 331 1076 484 132 234 
4 9 321 43 363 332 1079 486 132 232 
4 9 321 43 363 333 1085 487 132 231 
4 9 321 43 363 334 1088 489 132 229 
4 9 321 43 363 335 1094 489 130 229 
4 9 321 43 363 336 1100 491 128 227 
4 9 321 43 363 337 1103 493 130 225 
4 9 321 43 363 338 1109 494 128 224 
4 9 321 43 363 339 1111 497 132 222 
4 9 321 43 363 340 1118 499 128 220 
4 9 321 43 363 341 1120 501 132 217 
4 9 321 43 363 342 1127 503 128 215 
4 9 321 43 363 343 1129 504 132 214 
4 9 321 43 363 344 1136 507 128 212 
4 9 321 43 363 345 1141 509 128 210 
4 9 321 43 363 346 1144 511 128 208 
4 9 321 43 363 347 1150 512 128 206 
4 9 321 43 363 348 1153 514 126 204 
4 9 321 43 363 349 1159 516 120 202 
4 9 321 43 363 350 1162 519 117 200 
4 9 321 43 363 351 1168 521 111 198 
4 9 321 43 363 352 1173 521 106 197 
4 9 321 43 363 353 1177 526 101 192 
4 9 321 43 363 354 1186 530 92 188 
4 9 321 43 363 355 1193 535 86 183 
4 9 321 43 363 356 1200 540 78 178 
4 9 321 43 363 357 1209 546 70 172 
4 9 321 43 363 358 1213 550 65 168 
4 9 321 43 363 359 1222 555 56 163 
4 9 321 43 363 360 1229 560 50 158 
4 9 321 43 363 361 1236 564 42 154 
4 9 321 43 363 362 1244 570 34 148 
4 9 321 43 363 363 1249 570 30 148 
5 9 573 165 737 165 0 274 53 84 
5 9 573 165 737 166 0 274 54 84 
5 9 573 165 737 167 0 274 56 84 
5 9 573 165 737 168 2 274 56 84 
5 9 573 165 737 169 2 274 58 84 
5 9 573 165 737 170 4 274 58 84 
5 9 573 165 737 171 7 274 56 84 
5 9 573 165 737 172 9 274 56 84 
5 9 573 165 737 173 9 274 58 84 
5 9 573 165 737 174 11 274 58 84 
5 9 573 165 737 175 14 274 56 84 
5 9 573 165 737 176 16 274 56 84 
5 9 573 165 737 177 18 274 56 84 
5 9 573 165 737 178 18 274 58 84 
5 9 573 165 737 179 23 274 56 84 
5 9 573 165 737 180 25 274 56 84 
5 9 573 165 737 181 25 271 58 85 
5 9 573 165 737 182 27 271 58 85 
5 9 573 165 737 183 30 271 56 85 
5 9 573 165 737 184 32 271 56 85 
5 9 573 165 737 185 34 271 56 85 
5 9 573 165 737 186 34 271 58 85 
5 9 573 165 737 187 36 271 58 85 
5 9 573 165 737 188 39 271 56 85 
5 9 573 165 737 189 41 271 56 85 
5 9 573 165 737 190 41 271 58 85 
5 9 573 165 737 191 43 271 58 85 
5 9 573 165 737 192 46 271 56 85 
5 9 573 165 737 193 48 271 56 85 
5 9 573 165 737 194 50 271 56 85 
5 9 573 165 737 195 50 271 58 85 
5 9 573 165 737 196 55 271 56 85 
5 9 573 165 737 197 57 271 56 85 
5 9 573 165 737 198 57 271 58 85 
5 9 573 165 737 199 59 271 58 85 
5 9 573 165 737 200 62 271 56 85 
5 9 573 165 737 201 64 269 56 85 
5 9 573 165 737 202 66 269 56 85 
5 9 573 165 737 203 66 269 58 85 
5 9 573 165 737 204 68 269 58 85 
5 9 573 165 737 205 71 269 56 85 
5 9 573 165 737 206 73 269 56 85 
5 9 573 165 737 207 73 269 58 85 
5 9 573 165 737 208 75 269 58 85 
5 9 573 165 737 209 78 269 56 85 
5 9 573 165 737 210 80 269 56 85 
5 9 573 165 737 211 82 269 56 85 
5 9 573 165 737 212 82 269 58 85 
5 9 573 165 737 213 84 269 58 85 
5 9 573 165 737 214 89 269 56 85 
5 9 573 165 737 215 89 269 58 85 
5 9 573 165 737 216 91 269 58 85 
5 9 573 165 737 217 94 269 56 85 
5 9 573 165 737 218 96 269 56 85 
5 9 573 165 737 219 98 269 56 85 
5 9 573 165 737 220 98 269 58 85 
5 9 573 165 737 221 100 267 58 85 
5 9 573 165 737 222 103 267 56 85 
5 9 573 165 737 223 105 267 56 85 
5 9 573 165 737 224 105 267 58 85 
5 9 573 165 737 225 107 267 58 85 
5 9 573 165 737 226 110 267 56 85 
5 9 573 165 737 227 112 267 56 85 
5 9 573 165 737 228 114 267 56 85 
5 9 573 165 737 229 114 267 58 85 
5 9 573 165 737 230 116 267 58 85 
5 9 573 165 737 231 121 267 56 85 
5 9 573 165 737 232 121 267 58 85 
5 9 573 165 737 233 123 267 58 85 
5 9 573 165 737 234 126 267 56 85 
5 9 573 165 737 235 128 267 56 85 
5 9 573 165 737 236 130 267 56 85 
5 9 573 165 737 237 130 267 58 85 
5 9 573 165 737 238 132 267 58 85 
5 9 573 165 737 239 135 267 56 85 
5 9 573 165 737 240 137 267 56 85 
5 9 573 165 737 241 137 265 58 85 
5 9 573 165 737 242 139 265 58 85 
5 9 573 165 737 243 142 265 56 85 
5 9 573 165 737 244 144 265 56 85 
5 9 573 165 737 245 146 265 56 85 
5 9 573 165 737 246 146 265 58 85 
5 9 573 165 737 247 148 265 58 85 
5 9 573 165 737 248 153 265 56 85 
5 9 573 165 737 249 153 265 58 85 
5 9 573 165 737 250 155 265 58 85 
5 9 573 165 737 251 158 265 56 85 
5 9 573 165 737 252 160 265 56 85 
5 9 573 165 737 253 162 265 56 85 
5 9 573 165 737 254 162 265 58 85 
5 9 573 165 737 255 164 265 58 85 
5 9 573 165 737 256 167 265 56 85 
5 9 573 165 737 257 169 265 56 85 
5 9 573 165 737 258 169 265 58 85 
5 9 573 165 737 259 171 265 58 85 
5 9 573 165 737 260 174 265 56 85 
5 9 573 165 737 261 176 264 56 85 
5 9 573 165 737 262 178 264 56 85 
5 9 573 165 737 263 178 264 58 85 
5 9 573 165 737 264 180 264 58 85 
5 9 573 165 737 265 183 264 56 85 
5 9 573 165 737 266 185 264 58 85 
5 9 573 165 737 267 187 264 58 85 
5 9 573 165 737 268 190 264 56 85 
5 9 573 165 737 269 192 264 56 85 
5 9 573 165 737 270 194 264 56 85 
5 9 573 165 737 271 194 264 58 85 
5 9 573 165 737 272 196 264 58 85 
5 9 573 165 737 273 199 264 56 85 
5 9 573 165 737 274 201 264 56 85 
5 9 573 165 737 275 201 264 58 85 
5 9 573 165 737 276 203 264 58 85 
5 9 573 165 737 277 206 264 56 85 
5 9 573 165 737 278 208 264 56 85 
5 9 573 165 737 279 210 264 56 85 
5 9 573 165 737 280 210 264 58 85 
5 9 573 165 737 281 212 262 58 85 
5 9 573 165 737 282 215 262 56 85 
5 9 573 165 737 283 217 262 58 85 
5 9 573 165 737 284 219 262 58 85 
5 9 573 165 737 285 222 262 56 85 
5 9 573 165 737 286 224 262 56 85 
5 9 573 165 737 287 226 262 56 85 
5 9 573 165 737 288 226 262 58 85 
5 9 573 165 737 289 228 262 58 85 
5 9 573 165 737 290 231 262 56 85 
5 9 573 165 737 291 233 262 56 85 
5 9 573 165 737 292 233 262 58 85 
5 9 573 165 737 293 235 262 58 85 
5 9 573 165 737 294 238 262 56 85 
5 9 573 165 737 295 240 262 56 85 
5 9 573 165 737 296 242 262 56 85 
5 9 573 165 737 297 242 262 58 85 
5 9 573 165 737 298 244 262 58 85 
5 9 573 165 737 299 247 262 56 85 
5 9 573 165 737 300 249 262 58 85 
5 9 573 165 737 301 249 260 58 88 
5 9 573 165 737 302 251 260 58 88 
5 9 573 165 737 303 254 260 56 88 
5 9 573 165 737 304 256 260 56 88 
5 9 573 165 737 305 258 260 56 88 
5 9 573 165 737 306 259 260 54 88 
5 9 573 165 737 307 261 260 54 88 
5 9 573 165 737 308 263 260 54 88 
5 9 573 165 737 309 263 260 56 88 
5 9 573 165 737 310 265 260 56 88 
5 9 573 165 737 311 266 257 54 91 
5 9 573 165 737 312 268 257 54 91 
5 9 573 165 737 313 270 257 54 91 
5 9 573 165 737 314 273 257 52 91 
5 9 573 165 737 315 275 257 52 91 
5 9 573 165 737 316 276 257 50 91 
5 9 573 165 737 317 278 257 50 91 
5 9 573 165 737 318 277 257 54 94 
5 9 573 165 737 319 279 257 54 94 
5 9 573 165 737 320 282 257 52 94 
5 9 573 165 737 321 283 256 50 96 
5 9 573 165 737 322 285 256 50 96 
5 9 573 165 737 323 287 256 50 96 
5 9 573 165 737 324 289 256 50 96 
5 9 573 165 737 325 292 256 48 96 
5 9 573 165 737 326 292 256 50 96 
5 9 573 165 737 327 292 256 50 96 
5 9 573 165 737 328 294 256 50 96 
5 9 573 165 737 329 296 256 50 96 
5 9 573 165 737 330 298 256 50 96 
5 9 573 165 737 331 299 256 50 96 
5 9 573 165 737 332 302 253 46 99 
5 9 573 165 737 333 304 253 46 99 
5 9 573 165 737 334 306 253 46 99 
5 9 573 165 737 335 305 253 50 100 
5 9 573 165 737 336 308 253 48 100 
5 9 573 165 737 337 309 253 46 100 
5 9 573 165 737 338 311 253 46 100 
5 9 573 165 737 339 313 253 46 100 
5 9 573 165 737 340 315 253 46 100 
5 9 573 165 737 341 316 253 48 100 
5 9 573 165 737 342 319 250 44 103 
5 9 573 165 737 343 321 250 42 103 
5 9 573 165 737 344 320 250 46 103 
5 9 573 165 737 345 322 250 46 103 
5 9 573 165 737 346 324 250 46 103 
5 9 573 165 737 347 326 250 44 103 
5 9 573 165 737 348 328 250 42 103 
5 9 573 165 737 349 330 250 42 103 
5 9 573 165 737 350 332 250 42 103 
5 9 573 165 737 351 333 250 44 103 
5 9 573 165 737 352 335 250 44 106 
5 9 573 165 737 353 335 248 44 106 
5 9 573 165 737 354 335 248 44 106 
5 9 573 165 737 355 335 248 44 106 
5 9 573 165 737 356 335 248 44 106 
5 9 573 165 737 357 337 248 42 106 
5 9 573 165 737 358 337 248 42 106 
5 9 573 165 737 359 337 248 42 106 
5 9 573 165 737 360 337 248 42 106 
5 9 573 165 737 361 339 246 42 108 
5 9 573 165 737 362 339 246 42 108 
5 9 573 165 737 363 339 246 42 108 
5 9 573 165 737 364 339 246 42 108 
5 9 573 165 737 365 341 246 42 108 
5 9 573 165 737 366 341 246 42 108 
5 9 573 165 737 367 341 246 42 108 
5 9 573 165 737 368 341 246 42 108 
5 9 573 165 737 369 342 246 44 108 
5 9 573 165 737 370 342 245 44 106 
5 9 573 165 737 371 342 245 44 106 
5 9 573 165 737 372 342 245 44 106 
5 9 573 165 737 373 342 245 44 106 
5 9 573 165 737 374 342 245 44 106 
5 9 573 165 737 375 342 245 44 106 
5 9 573 165 737 376 342 245 44 106 
5 9 573 165 737 377 341 245 46 103 
5 9 573 165 737 378 341 245 46 103 
5 9 573 165 737 379 341 245 46 103 
5 9 573 165 737 380 341 245 46 103 
5 9 573 165 737 381 344 245 42 103 
5 9 573 165 737 382 344 245 42 103 
5 9 573 165 737 383 344 245 42 103 
5 9 573 165 737 384 344 245 42 103 
5 9 573 165 737 385 343 246 46 100 
5 9 573 165 737 386 343 246 46 100 
5 9 573 165 737 387 343 246 46 100 
5 9 573 165 737 388 343 246 46 100 
5 9 573 165 737 389 343 246 46 100 
5 9 573 165 737 390 343 246 46 100 
5 9 573 165 737 391 343 246 46 100 
5 9 573 165 737 392 345 246 46 100 
5 9 573 165 737 393 343 244 46 100 
5 9 573 165 737 394 343 244 46 100 
5 9 573 165 737 395 343 244 46 100 
5 9 573 165 737 396 343 244 46 100 
5 9 573 165 737 397 343 244 46 100 
5 9 573 165 737 398 343 244 46 100 
5 9 573 165 737 399 343 244 46 100 
5 9 573 165 737 400 343 244 46 100 
5 9 573 165 737 401 343 244 46 100 
5 9 573 165 737 402 343 244 46 99 
5 9 573 165 737 403 343 244 46 99 
5 9 573 165 737 404 343 244 46 99 
5 9 573 165 737 405 343 244 46 99 
5 9 573 165 737 406 343 244 46 99 
5 9 573 165 737 407 343 244 46 99 
5 9 573 165 737 408 343 244 46 99 
5 9 573 165 737 409 343 244 46 99 
5 9 573 165 737 410 343 244 46 99 
5 9 573 165 737 411 343 244 46 99 
5 9 573 165 737 412 343 245 46 96 
5 9 573 165 737 413 343 245 46 96 
5 9 573 165 737 414 343 245 46 96 
5 9 573 165 737 415 343 245 46 96 
5 9 573 165 737 416 343 245 46 96 
5 9 573 165 737 417 343 245 46 96 
5 9 573 165 737 418 343 245 46 96 
5 9 573 165 737 419 343 245 46 96 
5 9 573 165 737 420 343 245 46 96 
5 9 573 165 737 421 343 245 46 96 
5 9 573 165 737 422 344 243 42 96 
5 9 573 165 737 423 344 243 42 96 
5 9 573 165 737 424 344 243 42 96 
5 9 573 165 737 425 344 243 42 96 
5 9 573 165 737 426 344 243 42 96 
5 9 573 165 737 427 344 243 42 96 
5 9 573 165 737 428 344 243 42 96 
5 9 573 165 737 429 344 243 42 96 
5 9 573 165 737 430 344 243 42 96 
5 9 573 165 737 431 341 243 46 93 
5 9 573 165 737 432 341 243 46 93 
5 9 573 165 737 433 341 243 46 93 
5 9 573 165 737 434 341 243 46 93 
5 9 573 165 737 435 341 243 46 93 
5 9 573 165 737 436 341 243 46 93 
5 9 573 165 737 437 341 243 46 93 
5 9 573 165 737 438 341 243 46 93 
5 9 573 165 737 439 341 243 46 93 
5 9 573 165 737 440 341 243 46 93 
5 9 573 165 737 441 341 243 46 91 
5 9 573 165 737 442 341 243 46 91 
5 9 573 165 737 443 341 243 46 91 
5 9 573 165 737 444 341 243 46 91 
5 9 573 165 737 445 341 243 46 91 
5 9 573 165 737 446 341 243 46 91 
5 9 573 165 737 447 341 243 46 91 
5 9 573 165 737 448 341 243 46 91 
5 9 573 165 737 449 341 243 46 91 
5 9 573 165 737 450 341 243 46 91 
5 9 573 165 737 451 342 241 44 91 
5 9 573 165 737 452 342 241 44 91 
5 9 573 165 737 453 342 241 44 91 
5 9 573 165 737 454 342 241 44 91 
5 9 573 165 737 455 342 241 44 91 
5 9 573 165 737 456 342 241 44 91 
5 9 573 165 737 457 342 241 44 91 
5 9 573 165 737 458 342 241 44 91 
5 9 573 165 737 459 342 241 44 91 
5 9 573 165 737 460 342 242 44 88 
5 9 573 165 737 461 342 242 44 88 
5 9 573 165 737 462 342 242 44 88 
5 9 573 165 737 463 342 242 44 88 
5 9 573 165 737 464 342 242 44 88 
5 9 573 165 737 465 342 242 44 88 
5 9 573 165 737 466 342 242 44 88 
5 9 573 165 737 467 342 242 44 88 
5 9 573 165 737 468 342 242 44 88 
5 9 573 165 737 469 342 242 44 88 
5 9 573 165 737 470 340 242 46 85 
5 9 573 165 737 471 340 242 46 85 
5 9 573 165 737 472 340 242 46 85 
5 9 573 165 737 473 340 242 46 85 
5 9 573 165 737 474 340 242 46 85 
5 9 573 165 737 475 340 242 46 85 
5 9 573 165 737 476 340 242 46 85 
5 9 573 165 737 477 340 242 46 85 
5 9 573 165 737 478 340 242 46 85 
5 9 573 165 737 479 340 242 46 85 
5 9 573 165 737 480 341 242 42 84 
5 9 573 165 737 481 341 242 42 84 
5 9 573 165 737 482 341 242 42 84 
5 9 573 165 737 483 341 242 42 84 
5 9 573 165 737 484 341 242 42 84 
5 9 573 165 737 485 341 242 42 84 
5 9 573 165 737 486 341 242 42 84 
5 9 573 165 737 487 341 242 42 84 
5 9 573 165 737 488 341 242 42 84 
5 9 573 165 737 489 341 242 42 82 
5 9 573 165 737 490 341 242 42 82 
5 9 573 165 737 491 341 242 42 82 
5 9 573 165 737 492 341 242 42 82 
5 9 573 165 737 493 341 242 42 82 
5 9 573 165 737 494 341 242 42 82 
5 9 573 165 737 495 341 242 42 82 
5 9 573 165 737 496 341 242 42 82 
5 9 573 165 737 497 341 242 42 82 
5 9 573 165 737 498 341 242 42 82 
5 9 573 165 737 499 341 242 42 79 
5 9 573 165 737 500 341 242 42 79 
5 9 573 165 737 501 341 242 42 79 
5 9 573 165 737 502 341 242 42 79 
5 9 573 165 737 503 341 242 42 79 
5 9 573 165 737 504 341 242 42 79 
5 9 573 165 737 505 341 242 42 79 
5 9 573 165 737 506 341 242 42 79 
5 9 573 165 737 507 341 242 42 79 
5 9 573 165 737 508 341 242 42 79 
5 9 573 165 737 509 341 240 42 79 
5 9 573 165 737 510 341 240 42 79 
5 9 573 165 737 511 341 240 42 79 
5 9 573 165 737 512 341 240 42 79 
5 9 573 165 737 513 341 240 42 79 
5 9 573 165 737 514 341 240 42 79 
5 9 573 165 737 515 341 240 42 79 
5 9 573 165 737 516 341 240 42 79 
5 9 573 165 737 517 341 240 42 79 
5 9 573 165 737 518 341 240 42 79 
5 9 573 165 737 519 341 240 42 79 
5 9 573 165 737 520 341 240 42 79 
5 9 573 165 737 521 341 240 42 79 
5 9 573 165 737 522 341 240 42 79 
5 9 573 165 737 523 341 240 42 79 
5 9 573 165 737 524 341 240 42 79 
5 9 573 165 737 525 341 240 42 79 
5 9 573 165 737 526 341 240 42 79 
5 9 573 165 737 527 341 238 42 79 
5 9 573 165 737 528 341 238 42 79 
5 9 573 165 737 529 341 238 42 79 
5 9 573 165 737 530 341 238 42 79 
5 9 573 165 737 531 341 238 42 79 
5 9 573 165 737 532 341 238 42 79 
5 9 573 165 737 533 341 238 42 79 
5 9 573 165 737 534 341 238 42 79 
5 9 573 165 737 535 341 238 42 79 
5 9 573 165 737 536 341 238 42 79 
5 9 573 165 737 537 341 238 42 79 
5 9 573 165 737 538 341 238 42 79 
5 9 573 165 737 539 341 238 42 79 
5 9 573 165 737 540 341 238 42 79 
5 9 573 165 737 541 341 238 42 79 
5 9 573 165 737 542 341 238 42 79 
5 9 573 165 737 543 341 238 42 79 
5 9 573 165 737 544 341 238 42 79 
5 9 573 165 737 545 341 236 42 81 
5 9 573 165 737 546 341 236 42 81 
5 9 573 165 737 547 341 236 42 81 
5 9 573 165 737 548 341 236 42 81 
5 9 573 165 737 549 341 236 42 81 
5 9 573 165 737 550 341 236 42 81 
5 9 573 165 737 551 341 236 42 81 
5 9 573 165 737 552 341 236 42 81 
5 9 573 165 737 553 341 236 42 81 
5 9 573 165 737 554 341 236 42 81 
5 9 573 165 737 555 341 236 42 81 
5 9 573 165 737 556 341 236 42 81 
5 9 573 165 737 557 341 236 42 81 
5 9 573 165 737 558 341 236 42 81 
5 9 573 165 737 559 341 236 42 81 
5 9 573 165 737 560 341 236 42 81 
5 9 573 165 737 561 341 236 42 81 
5 9 573 165 737 562 341 236 42 81 
5 9 573 165 737 563 341 236 42 81 
5 9 573 165 737 564 341 234 42 81 
5 9 573 165 737 565 341 234 42 81 
5 9 573 165 737 566 341 234 42 81 
5 9 573 165 737 567 341 234 42 81 
5 9 573 165 737 568 341 234 42 81 
5 9 573 165 737 569 341 234 42 81 
5 9 573 165 737 570 341 234 42 81 
5 9 573 165 737 571 341 234 42 81 
5 9 573 165 737 572 341 234 42 81 
5 9 573 165 737 573 341 234 42 81 
5 9 573 165 737 574 341 234 42 81 
5 9 573 165 737 575 341 234 42 81 
5 9 573 165 737 576 341 234 42 81 
5 9 573 165 737 577 341 234 42 81 
5 9 573 165 737 578 341 234 42 81 
5 9 573 165 737 579 341 234 42 81 
5 9 573 165 737 580 341 234 42 81 
5 9 573 165 737 581 341 234 42 81 
5 9 573 165 737 582 341 233 42 79 
5 9 573 165 737 583 341 233 42 79 
5 9 573 165 737 584 341 233 42 79 
5 9 573 165 737 585 341 233 42 79 
5 9 573 165 737 586 341 233 42 79 
5 9 573 165 737 587 341 233 42 79 
5 9 573 165 737 588 341 233 42 79 
5 9 573 165 737 589 341 233 42 79 
5 9 573 165 737 590 341 233 42 79 
5 9 573 165 737 591 341 233 42 79 
5 9 573 165 737 592 341 233 42 79 
5 9 573 165 737 593 341 233 42 79 
5 9 573 165 737 594 341 233 42 79 
5 9 573 165 737 595 341 233 42 79 
5 9 573 165 737 596 341 233 42 79 
5 9 573 165 737 597 341 233 42 79 
5 9 573 165 737 598 341 233 42 79 
5 9 573 165 737 599 341 233 42 79 
5 9 573 165 737 600 341 233 42 79 
5 9 573 165 737 601 339 231 42 79 
5 9 573 165 737 602 339 231 42 79 
5 9 573 165 737 603 339 231 42 79 
5 9 573 165 737 604 339 231 42 79 
5 9 573 165 737 605 339 231 42 79 
5 9 573 165 737 606 339 231 42 79 
5 9 573 165 737 607 339 231 42 79 
5 9 573 165 737 608 339 231 42 79 
5 9 573 165 737 609 339 231 42 79 
5 9 573 165 737 610 339 231 42 79 
5 9 573 165 737 611 339 231 42 79 
5 9 573 165 737 612 339 231 42 79 
5 9 573 165 737 613 339 231 42 79 
5 9 573 165 737 614 339 231 42 79 
5 9 573 165 737 615 339 231 42 79 
5 9 573 165 737 616 339 231 42 79 
5 9 573 165 737 617 339 231 42 79 
5 9 573 165 737 618 339 231 42 79 
5 9 573 165 737 619 339 231 42 79 
5 9 573 165 737 620 336 231 46 79 
5 9 573 165 737 621 336 231 46 79 
5 9 573 165 737 622 336 231 46 79 
5 9 573 165 737 623 337 231 42 79 
5 9 573 165 737 624 337 231 42 79 
5 9 573 165 737 625 337 231 42 79 
5 9 573 165 737 626 337 231 42 79 
5 9 573 165 737 627 337 231 42 79 
5 9 573 165 737 628 337 231 42 79 
5 9 573 165 737 629 337 231 42 79 
5 9 573 165 737 630 337 231 42 79 
5 9 573 165 737 631 337 231 42 79 
5 9 573 165 737 632 337 231 42 79 
5 9 573 165 737 633 337 231 42 79 
5 9 573 165 737 634 337 231 42 79 
5 9 573 165 737 635 337 231 42 79 
5 9 573 165 737 636 337 231 42 79 
5 9 573 165 737 637 337 231 42 79 
5 9 573 165 737 638 337 231 42 79 
5 9 573 165 737 639 337 231 42 79 
5 9 573 165 737 640 334 231 46 79 
5 9 573 165 737 641 334 231 46 79 
5 9 573 165 737 642 334 231 46 79 
5 9 573 165 737 643 334 231 46 79 
5 9 573 165 737 644 334 231 46 79 
5 9 573 165 737 645 334 231 46 79 
5 9 573 165 737 646 335 229 44 79 
5 9 573 165 737 647 335 229 44 79 
5 9 573 165 737 648 335 229 44 79 
5 9 573 165 737 649 335 229 44 79 
5 9 573 165 737 650 335 229 44 79 
5 9 573 165 737 651 335 229 44 79 
5 9 573 165 737 652 335 229 44 79 
5 9 573 165 737 653 335 229 44 79 
5 9 573 165 737 654 335 229 44 79 
5 9 573 165 737 655 335 229 44 79 
5 9 573 165 737 656 335 229 44 79 
5 9 573 165 737 657 335 229 44 79 
5 9 573 165 737 658 335 229 44 79 
5 9 573 165 737 659 332 229 48 79 
5 9 573 165 737 660 332 229 48 79 
5 9 573 165 737 661 332 229 48 79 
5 9 573 165 737 662 332 229 48 79 
5 9 573 165 737 663 332 229 48 79 
5 9 573 165 737 664 332 229 48 79 
5 9 573 165 737 665 332 229 48 79 
5 9 573 165 737 666 332 229 48 79 
5 9 573 165 737 667 332 229 48 79 
5 9 573 165 737 668 332 229 48 79 
5 9 573 165 737 669 333 229 44 79 
5 9 573 165 737 670 333 229 44 79 
5 9 573 165 737 671 333 229 44 79 
5 9 573 165 737 672 333 229 44 79 
5 9 573 165 737 673 333 229 44 79 
5 9 573 165 737 674 333 229 44 79 
5 9 573 165 737 675 333 229 44 79 
5 9 573 165 737 676 333 229 44 79 
5 9 573 165 737 677 333 229 44 79 
5 9 573 165 737 678 333 229 44 79 
5 9 573 165 737 679 331 229 46 79 
5 9 573 165 737 680 331 229 46 79 
5 9 573 165 737 681 331 229 46 79 
5 9 573 165 737 682 331 229 46 79 
5 9 573 165 737 683 331 229 46 79 
5 9 573 165 737 684 331 229 46 79 
5 9 573 165 737 685 331 229 46 79 
5 9 573 165 737 686 331 229 46 79 
5 9 573 165 737 687 331 229 46 79 
5 9 573 165 737 688 331 229 46 79 
5 9 573 165 737 689 331 229 46 79 
5 9 573 165 737 690 331 229 46 79 
5 9 573 165 737 691 331 229 46 79 
5 9 573 165 737 692 332 227 42 81 
5 9 573 165 737 693 332 227 42 81 
5 9 573 165 737 694 332 227 42 81 
5 9 573 165 737 695 332 227 42 81 
5 9 573 165 737 696 332 227 42 81 
5 9 573 165 737 697 332 227 42 81 
5 9 573 165 737 698 329 227 46 81 
5 9 573 165 737 699 329 227 46 81 
5 9 573 165 737 700 329 227 46 81 
5 9 573 165 737 701 329 227 46 81 
5 9 573 165 737 702 329 227 46 81 
5 9 573 165 737 703 329 227 46 81 
5 9 573 165 737 704 329 227 46 81 
5 9 573 165 737 705 329 227 46 81 
5 9 573 165 737 706 329 227 46 81 
5 9 573 165 737 707 329 227 46 81 
5 9 573 165 737 708 329 227 46 81 
5 9 573 165 737 709 329 227 46 81 
5 9 573 165 737 710 329 227 46 81 
5 9 573 165 737 711 329 227 46 81 
5 9 573 165 737 712 329 227 46 81 
5 9 573 165 737 713 329 227 46 81 
5 9 573 165 737 714 329 227 46 81 
5 9 573 165 737 715 330 227 42 81 
5 9 573 165 737 716 330 227 42 81 
5 9 573 165 737 717 330 227 42 81 
5 9 573 165 737 718 327 227 46 81 
5 9 573 165 737 719 327 227 46 81 
5 9 573 165 737 720 327 227 46 81 
5 9 573 165 737 721 327 227 46 81 
5 9 573 165 737 722 327 227 46 81 
5 9 573 165 737 723 327 227 46 81 
5 9 573 165 737 724 327 227 46 81 
5 9 573 165 737 725 327 227 46 81 
5 9 573 165 737 726 327 227 46 81 
5 9 573 165 737 727 327 227 46 81 
5 9 573 165 737 728 327 227 46 81 
5 9 573 165 737 729 327 227 46 81 
5 9 573 165 737 730 327 227 46 81 
5 9 573 165 737 731 327 227 46 81 
5 9 573 165 737 732 327 227 46 81 
5 9 573 165 737 733 327 227 46 81 
5 9 573 165 737 734 327 227 46 81 
5 9 573 165 737 735 327 227 46 81 
5 9 573 165 737 736 327 227 46 81 
5 9 573 165 737 737 327 227 46 81 
