4 9 166 394 559 394 1184 495 95 223 
4 9 166 394 559 395 1177 493 101 226 
4 9 166 394 559 396 1172 490 107 228 
4 9 166 394 559 397 1163 490 115 228 
4 9 166 394 559 398 1158 489 121 229 
4 9 166 394 559 399 1151 486 127 232 
4 9 166 394 559 400 1146 484 133 234 
4 9 166 394 559 401 1140 481 138 237 
4 9 166 394 559 402 1132 480 146 238 
4 9 166 394 559 403 1126 478 150 241 
4 9 166 394 559 404 1120 475 156 243 
4 9 166 394 559 405 1115 475 160 243 
4 9 166 394 559 406 1110 473 160 245 
4 9 166 394 559 407 1107 471 156 248 
4 9 166 394 559 408 1104 470 156 248 
4 9 166 394 559 409 1100 467 154 251 
4 9 166 394 559 410 1095 468 156 250 
4 9 166 394 559 411 1091 465 154 253 
4 9 166 394 559 412 1090 463 148 255 
4 9 166 394 559 413 1085 462 150 256 
4 9 166 394 559 414 1081 460 148 258 
4 9 166 394 559 415 1076 460 150 258 
4 9 166 394 559 416 1074 458 146 260 
4 9 166 394 559 417 1071 455 142 263 
4 9 166 394 559 418 1065 453 146 265 
4 9 166 394 559 419 1062 452 142 266 
4 9 166 394 559 420 1059 452 142 266 
4 9 166 394 559 421 1056 450 138 268 
4 9 166 394 559 422 1051 448 138 270 
4 9 166 394 559 423 1047 445 140 273 
4 9 166 394 559 424 1045 445 134 274 
4 9 166 394 559 425 1041 445 136 274 
4 9 166 394 559 426 1036 443 134 276 
4 9 166 394 559 427 1029 441 140 278 
4 9 166 394 559 428 1026 441 138 278 
4 9 166 394 559 429 1020 438 142 280 
4 9 166 394 559 430 1016 436 142 282 
4 9 166 394 559 431 1010 436 146 282 
4 9 166 394 559 432 1006 436 146 283 
4 9 166 394 559 433 1001 436 148 283 
4 9 166 394 559 434 996 434 150 285 
4 9 166 394 559 435 991 431 152 287 
4 9 166 394 559 436 986 431 154 287 
4 9 166 394 559 437 981 429 156 289 
4 9 166 394 559 438 976 429 156 290 
4 9 166 394 559 439 972 429 156 290 
4 9 166 394 559 440 966 427 160 292 
4 9 166 394 559 441 962 427 160 292 
4 9 166 394 559 442 956 425 164 294 
4 9 166 394 559 443 952 422 164 296 
4 9 166 394 559 444 946 422 168 296 
4 9 166 394 559 445 942 420 168 298 
4 9 166 394 559 446 936 420 170 299 
4 9 166 394 559 447 933 420 170 299 
4 9 166 394 559 448 926 418 174 301 
4 9 166 394 559 449 923 418 174 301 
4 9 166 394 559 450 922 415 170 303 
4 9 166 394 559 451 920 416 170 302 
4 9 166 394 559 452 918 414 172 304 
4 9 166 394 559 453 917 414 170 301 
4 9 166 394 559 454 915 414 170 300 
4 9 166 394 559 455 914 414 168 298 
4 9 166 394 559 456 912 412 168 298 
4 9 166 394 559 457 910 412 168 295 
4 9 166 394 559 458 911 410 164 295 
4 9 166 394 559 459 910 411 162 294 
4 9 166 394 559 460 909 411 160 294 
4 9 166 394 559 461 907 409 160 294 
4 9 166 394 559 462 905 409 160 291 
4 9 166 394 559 463 904 407 160 291 
4 9 166 394 559 464 902 408 160 288 
4 9 166 394 559 465 901 407 156 288 
4 9 166 394 559 466 902 407 152 285 
4 9 166 394 559 467 899 405 154 285 
4 9 166 394 559 468 897 406 154 282 
4 9 166 394 559 469 897 403 152 283 
4 9 166 394 559 470 895 403 152 283 
4 9 166 394 559 471 893 404 150 280 
4 9 166 394 559 472 891 402 150 280 
4 9 166 394 559 473 891 402 148 277 
4 9 166 394 559 474 889 402 148 276 
4 9 166 394 559 475 889 402 146 274 
4 9 166 394 559 476 888 400 142 274 
4 9 166 394 559 477 886 400 142 271 
4 9 166 394 559 478 884 398 144 271 
4 9 166 394 559 479 883 399 142 270 
4 9 166 394 559 480 881 397 142 270 
4 9 166 394 559 481 880 397 138 270 
4 9 166 394 559 482 878 397 140 267 
4 9 166 394 559 483 879 395 136 267 
4 9 166 394 559 484 878 396 134 264 
4 9 166 394 559 485 876 395 134 264 
4 9 166 394 559 486 875 395 132 261 
4 9 166 394 559 487 873 393 132 261 
4 9 166 394 559 488 871 394 132 258 
4 9 166 394 559 489 870 391 130 259 
4 9 166 394 559 490 868 392 132 256 
4 9 166 394 559 491 869 392 128 256 
4 9 166 394 559 492 867 390 128 256 
4 9 166 394 559 493 865 390 128 253 
4 9 166 394 559 494 864 389 128 255 
4 9 166 394 559 495 862 390 128 252 
4 9 166 394 559 496 860 387 128 253 
4 9 166 394 559 497 860 387 128 253 
4 9 166 394 559 498 858 385 128 253 
4 9 166 394 559 499 856 385 128 253 
4 9 166 394 559 500 855 383 128 253 
4 9 166 394 559 501 853 384 128 250 
4 9 166 394 559 502 851 384 128 250 
4 9 166 394 559 503 851 382 128 252 
4 9 166 394 559 504 849 382 128 249 
4 9 166 394 559 505 848 381 128 250 
4 9 166 394 559 506 846 381 128 247 
4 9 166 394 559 507 844 379 128 250 
4 9 166 394 559 508 842 379 128 247 
4 9 166 394 559 509 842 377 128 247 
4 9 166 394 559 510 840 377 128 247 
4 9 166 394 559 511 839 378 128 246 
4 9 166 394 559 512 837 375 128 249 
4 9 166 394 559 513 835 376 128 246 
4 9 166 394 559 514 833 375 128 244 
4 9 166 394 559 515 833 375 128 244 
4 9 166 394 559 516 832 373 128 244 
4 9 166 394 559 517 830 373 128 243 
4 9 166 394 559 518 828 371 128 246 
4 9 166 394 559 519 826 371 128 243 
4 9 166 394 559 520 824 371 128 243 
4 9 166 394 559 521 824 369 128 243 
4 9 166 394 559 522 823 370 128 240 
4 9 166 394 559 523 821 367 128 243 
4 9 166 394 559 524 819 368 128 240 
4 9 166 394 559 525 817 366 128 241 
4 9 166 394 559 526 816 367 128 240 
4 9 166 394 559 527 816 365 128 240 
4 9 166 394 559 528 814 365 128 240 
4 9 166 394 559 529 812 365 128 237 
4 9 166 394 559 530 810 363 128 237 
4 9 166 394 559 531 808 363 128 237 
4 9 166 394 559 532 807 361 128 238 
4 9 166 394 559 533 807 361 128 238 
4 9 166 394 559 534 805 360 128 237 
4 9 166 394 559 535 803 361 128 234 
4 9 166 394 559 536 801 358 128 237 
4 9 166 394 559 537 800 359 128 234 
4 9 166 394 559 538 800 359 128 234 
4 9 166 394 559 539 799 357 124 234 
4 9 166 394 559 540 797 357 124 232 
4 9 166 394 559 541 795 355 124 232 
4 9 166 394 559 542 795 355 122 229 
4 9 166 394 559 543 793 353 122 229 
4 9 166 394 559 544 793 353 120 229 
4 9 166 394 559 545 794 354 116 228 
4 9 166 394 559 546 791 353 118 226 
4 9 166 394 559 547 789 353 118 223 
4 9 166 394 559 548 787 351 118 223 
4 9 166 394 559 549 788 351 114 223 
4 9 166 394 559 550 788 349 112 223 
4 9 166 394 559 551 785 350 114 222 
4 9 166 394 559 552 786 350 110 219 
4 9 166 394 559 553 784 348 110 219 
4 9 166 394 559 554 782 348 110 219 
4 9 166 394 559 555 780 347 112 217 
4 9 166 394 559 556 781 348 108 216 
4 9 166 394 559 557 780 346 106 216 
4 9 166 394 559 558 778 346 106 213 
4 9 166 394 559 559 779 346 102 213 
5 11 82 354 435 354 255 211 69 76 
5 11 82 354 435 355 255 211 69 76 
5 11 82 354 435 356 255 211 69 76 
5 11 82 354 435 357 255 211 69 76 
5 11 82 354 435 358 255 211 69 76 
5 11 82 354 435 359 255 211 69 76 
5 11 82 354 435 360 255 211 69 76 
5 11 82 354 435 361 255 211 69 76 
5 11 82 354 435 362 255 211 69 76 
5 11 82 354 435 363 255 211 69 76 
5 11 82 354 435 364 255 211 69 76 
5 11 82 354 435 365 255 211 69 76 
5 11 82 354 435 366 255 211 69 76 
5 11 82 354 435 367 255 211 69 76 
5 11 82 354 435 368 255 211 69 76 
5 11 82 354 435 369 255 211 69 76 
5 11 82 354 435 370 255 211 69 76 
5 11 82 354 435 371 255 211 69 76 
5 11 82 354 435 372 255 211 69 76 
5 11 82 354 435 373 255 211 69 76 
5 11 82 354 435 374 255 211 69 76 
5 11 82 354 435 375 255 211 69 76 
5 11 82 354 435 376 255 211 69 76 
5 11 82 354 435 377 255 211 69 76 
5 11 82 354 435 378 255 211 69 76 
5 11 82 354 435 379 255 211 69 76 
5 11 82 354 435 380 255 211 69 76 
5 11 82 354 435 381 255 211 69 76 
5 11 82 354 435 382 255 211 69 76 
5 11 82 354 435 383 255 211 69 76 
5 11 82 354 435 384 255 211 69 76 
5 11 82 354 435 385 255 211 69 76 
5 11 82 354 435 386 255 211 69 76 
5 11 82 354 435 387 255 211 69 76 
5 11 82 354 435 388 255 211 69 76 
5 11 82 354 435 389 255 211 69 76 
5 11 82 354 435 390 255 211 69 76 
5 11 82 354 435 391 255 211 69 76 
5 11 82 354 435 392 255 211 69 76 
5 11 82 354 435 393 255 211 69 76 
5 11 82 354 435 394 255 211 69 76 
5 11 82 354 435 395 255 211 69 76 
5 11 82 354 435 396 255 211 69 76 
5 11 82 354 435 397 255 211 69 76 
5 11 82 354 435 398 255 211 69 76 
5 11 82 354 435 399 255 211 69 76 
5 11 82 354 435 400 255 211 69 76 
5 11 82 354 435 401 255 211 69 76 
5 11 82 354 435 402 255 211 69 76 
5 11 82 354 435 403 255 211 69 76 
5 11 82 354 435 404 255 211 69 76 
5 11 82 354 435 405 255 211 69 76 
5 11 82 354 435 406 255 211 69 76 
5 11 82 354 435 407 255 211 69 76 
5 11 82 354 435 408 255 211 69 76 
5 11 82 354 435 409 255 211 69 76 
5 11 82 354 435 410 255 211 69 76 
5 11 82 354 435 411 255 211 69 76 
5 11 82 354 435 412 255 211 69 76 
5 11 82 354 435 413 255 211 69 76 
5 11 82 354 435 414 255 211 69 76 
5 11 82 354 435 415 255 211 69 76 
5 11 82 354 435 416 255 211 69 76 
5 11 82 354 435 417 255 211 69 76 
5 11 82 354 435 418 255 211 69 76 
5 11 82 354 435 419 255 211 69 76 
5 11 82 354 435 420 255 211 69 76 
5 11 82 354 435 421 255 211 69 76 
5 11 82 354 435 422 255 211 69 76 
5 11 82 354 435 423 255 211 69 76 
5 11 82 354 435 424 255 211 69 76 
5 11 82 354 435 425 255 211 69 76 
5 11 82 354 435 426 255 211 69 76 
5 11 82 354 435 427 255 211 69 76 
5 11 82 354 435 428 255 211 69 76 
5 11 82 354 435 429 255 211 69 76 
5 11 82 354 435 430 255 211 69 76 
5 11 82 354 435 431 255 211 69 76 
5 11 82 354 435 432 255 211 69 76 
5 11 82 354 435 433 255 211 69 76 
5 11 82 354 435 434 255 211 69 76 
5 11 82 354 435 435 255 211 69 76 
6 9 439 0 438 0 324 233 50 79 
6 9 439 0 438 1 324 233 50 79 
6 9 439 0 438 2 324 233 50 79 
6 9 439 0 438 3 324 233 50 79 
6 9 439 0 438 4 324 233 50 79 
6 9 439 0 438 5 324 233 50 79 
6 9 439 0 438 6 324 233 50 79 
6 9 439 0 438 7 324 233 50 79 
6 9 439 0 438 8 324 233 50 79 
6 9 439 0 438 9 324 233 50 79 
6 9 439 0 438 10 324 233 50 79 
6 9 439 0 438 11 324 233 50 79 
6 9 439 0 438 12 324 233 50 79 
6 9 439 0 438 13 324 233 50 79 
6 9 439 0 438 14 324 233 50 79 
6 9 439 0 438 15 324 233 50 79 
6 9 439 0 438 16 326 234 50 81 
6 9 439 0 438 17 326 234 50 81 
6 9 439 0 438 18 326 234 50 81 
6 9 439 0 438 19 326 234 50 81 
6 9 439 0 438 20 326 234 50 81 
6 9 439 0 438 21 326 234 50 81 
6 9 439 0 438 22 326 234 50 81 
6 9 439 0 438 23 326 234 50 81 
6 9 439 0 438 24 326 234 50 81 
6 9 439 0 438 25 326 234 50 81 
6 9 439 0 438 26 326 234 50 81 
6 9 439 0 438 27 326 234 50 81 
6 9 439 0 438 28 326 234 50 81 
6 9 439 0 438 29 326 234 50 81 
6 9 439 0 438 30 326 234 50 81 
6 9 439 0 438 31 326 234 50 81 
6 9 439 0 438 32 328 236 50 81 
6 9 439 0 438 33 328 236 50 81 
6 9 439 0 438 34 328 236 50 81 
6 9 439 0 438 35 328 236 50 81 
6 9 439 0 438 36 328 236 50 81 
6 9 439 0 438 37 328 236 50 81 
6 9 439 0 438 38 328 236 50 81 
6 9 439 0 438 39 328 236 50 81 
6 9 439 0 438 40 328 236 50 81 
6 9 439 0 438 41 328 236 50 81 
6 9 439 0 438 42 328 236 50 81 
6 9 439 0 438 43 328 236 50 81 
6 9 439 0 438 44 328 236 50 81 
6 9 439 0 438 45 328 236 50 81 
6 9 439 0 438 46 328 236 50 81 
6 9 439 0 438 47 328 236 50 81 
6 9 439 0 438 48 330 238 50 79 
6 9 439 0 438 49 330 238 50 79 
6 9 439 0 438 50 330 238 50 79 
6 9 439 0 438 51 330 238 50 79 
6 9 439 0 438 52 330 238 50 79 
6 9 439 0 438 53 330 238 50 79 
6 9 439 0 438 54 330 238 50 79 
6 9 439 0 438 55 330 238 50 79 
6 9 439 0 438 56 330 238 50 79 
6 9 439 0 438 57 330 238 50 79 
6 9 439 0 438 58 330 238 50 79 
6 9 439 0 438 59 330 238 50 79 
6 9 439 0 438 60 330 238 50 79 
6 9 439 0 438 61 330 238 50 79 
6 9 439 0 438 62 330 238 50 79 
6 9 439 0 438 63 330 238 50 79 
6 9 439 0 438 64 331 240 50 79 
6 9 439 0 438 65 331 240 50 79 
6 9 439 0 438 66 331 240 50 79 
6 9 439 0 438 67 331 240 50 79 
6 9 439 0 438 68 331 240 50 79 
6 9 439 0 438 69 331 240 50 79 
6 9 439 0 438 70 331 240 50 79 
6 9 439 0 438 71 331 240 50 79 
6 9 439 0 438 72 331 240 50 79 
6 9 439 0 438 73 331 240 50 79 
6 9 439 0 438 74 331 240 50 79 
6 9 439 0 438 75 331 240 50 79 
6 9 439 0 438 76 331 240 50 79 
6 9 439 0 438 77 331 240 50 79 
6 9 439 0 438 78 331 240 50 79 
6 9 439 0 438 79 331 240 50 79 
6 9 439 0 438 80 333 242 50 79 
6 9 439 0 438 81 333 242 50 79 
6 9 439 0 438 82 333 242 50 79 
6 9 439 0 438 83 333 242 50 79 
6 9 439 0 438 84 333 242 50 79 
6 9 439 0 438 85 333 242 50 79 
6 9 439 0 438 86 333 242 50 79 
6 9 439 0 438 87 333 242 50 79 
6 9 439 0 438 88 333 242 50 79 
6 9 439 0 438 89 333 242 50 79 
6 9 439 0 438 90 333 242 50 79 
6 9 439 0 438 91 333 242 50 79 
6 9 439 0 438 92 333 242 50 79 
6 9 439 0 438 93 333 242 50 79 
6 9 439 0 438 94 333 242 50 79 
6 9 439 0 438 95 333 242 50 79 
6 9 439 0 438 96 335 243 50 81 
6 9 439 0 438 97 335 243 50 81 
6 9 439 0 438 98 335 243 50 81 
6 9 439 0 438 99 335 243 50 81 
6 9 439 0 438 100 335 243 50 81 
6 9 439 0 438 101 335 243 50 81 
6 9 439 0 438 102 335 243 50 81 
6 9 439 0 438 103 335 243 50 81 
6 9 439 0 438 104 335 243 50 81 
6 9 439 0 438 105 335 243 50 81 
6 9 439 0 438 106 335 243 50 81 
6 9 439 0 438 107 335 243 50 81 
6 9 439 0 438 108 335 243 50 81 
6 9 439 0 438 109 335 243 50 81 
6 9 439 0 438 110 335 243 50 81 
6 9 439 0 438 111 337 245 50 79 
6 9 439 0 438 112 337 245 50 79 
6 9 439 0 438 113 337 245 50 79 
6 9 439 0 438 114 337 245 50 79 
6 9 439 0 438 115 337 245 50 79 
6 9 439 0 438 116 337 245 50 79 
6 9 439 0 438 117 337 245 50 79 
6 9 439 0 438 118 340 245 46 79 
6 9 439 0 438 119 340 245 48 79 
6 9 439 0 438 120 340 245 48 79 
6 9 439 0 438 121 340 245 48 79 
6 9 439 0 438 122 340 245 48 79 
6 9 439 0 438 123 340 245 48 79 
6 9 439 0 438 124 340 245 48 79 
6 9 439 0 438 125 341 245 46 79 
6 9 439 0 438 126 341 245 46 79 
6 9 439 0 438 127 340 247 50 79 
6 9 439 0 438 128 340 247 50 79 
6 9 439 0 438 129 340 247 50 79 
6 9 439 0 438 130 340 247 50 79 
6 9 439 0 438 131 340 247 50 79 
6 9 439 0 438 132 343 247 46 79 
6 9 439 0 438 133 343 247 46 79 
6 9 439 0 438 134 343 247 46 79 
6 9 439 0 438 135 342 247 50 79 
6 9 439 0 438 136 342 247 50 79 
6 9 439 0 438 137 342 247 50 79 
6 9 439 0 438 138 342 247 50 79 
6 9 439 0 438 139 345 247 46 79 
6 9 439 0 438 140 345 247 46 79 
6 9 439 0 438 141 345 247 46 79 
6 9 439 0 438 142 344 249 50 79 
6 9 439 0 438 143 344 249 50 79 
6 9 439 0 438 144 344 249 50 79 
6 9 439 0 438 145 344 249 50 79 
6 9 439 0 438 146 347 249 46 79 
6 9 439 0 438 147 347 249 46 79 
6 9 439 0 438 148 347 249 46 79 
6 9 439 0 438 149 347 249 46 79 
6 9 439 0 438 150 346 249 50 79 
6 9 439 0 438 151 346 249 50 79 
6 9 439 0 438 152 346 249 50 79 
6 9 439 0 438 153 348 249 48 79 
6 9 439 0 438 154 348 249 48 79 
6 9 439 0 438 155 348 249 48 79 
6 9 439 0 438 156 348 249 48 79 
6 9 439 0 438 157 348 249 48 79 
6 9 439 0 438 158 347 250 50 81 
6 9 439 0 438 159 347 250 50 81 
6 9 439 0 438 160 350 250 46 81 
6 9 439 0 438 161 350 250 46 81 
6 9 439 0 438 162 350 250 46 81 
6 9 439 0 438 163 350 250 46 81 
6 9 439 0 438 164 350 250 46 81 
6 9 439 0 438 165 350 250 46 81 
6 9 439 0 438 166 349 250 50 81 
6 9 439 0 438 167 352 250 46 81 
6 9 439 0 438 168 352 250 46 81 
6 9 439 0 438 169 352 250 46 81 
6 9 439 0 438 170 352 250 46 81 
6 9 439 0 438 171 352 250 46 81 
6 9 439 0 438 172 352 250 46 81 
6 9 439 0 438 173 354 252 46 81 
6 9 439 0 438 174 354 250 46 81 
6 9 439 0 438 175 354 250 46 81 
6 9 439 0 438 176 354 250 46 81 
6 9 439 0 438 177 354 250 46 81 
6 9 439 0 438 178 354 250 46 81 
6 9 439 0 438 179 354 250 46 81 
6 9 439 0 438 180 354 250 46 81 
6 9 439 0 438 181 354 250 46 81 
6 9 439 0 438 182 354 250 46 81 
6 9 439 0 438 183 354 250 46 81 
6 9 439 0 438 184 354 250 46 81 
6 9 439 0 438 185 354 250 46 81 
6 9 439 0 438 186 354 250 46 81 
6 9 439 0 438 187 354 250 46 81 
6 9 439 0 438 188 354 250 46 81 
6 9 439 0 438 189 354 250 46 81 
6 9 439 0 438 190 354 250 46 81 
6 9 439 0 438 191 354 250 46 81 
6 9 439 0 438 192 354 250 46 81 
6 9 439 0 438 193 354 250 46 81 
6 9 439 0 438 194 354 250 46 81 
6 9 439 0 438 195 354 250 46 81 
6 9 439 0 438 196 354 250 46 81 
6 9 439 0 438 197 354 250 46 81 
6 9 439 0 438 198 354 250 46 81 
6 9 439 0 438 199 354 250 46 81 
6 9 439 0 438 200 354 250 46 81 
6 9 439 0 438 201 354 250 46 81 
6 9 439 0 438 202 354 250 46 81 
6 9 439 0 438 203 354 250 46 81 
6 9 439 0 438 204 354 250 46 81 
6 9 439 0 438 205 354 250 46 81 
6 9 439 0 438 206 353 250 50 81 
6 9 439 0 438 207 351 250 50 81 
6 9 439 0 438 208 351 250 50 81 
6 9 439 0 438 209 351 250 50 81 
6 9 439 0 438 210 351 250 50 81 
6 9 439 0 438 211 351 250 50 81 
6 9 439 0 438 212 351 250 50 81 
6 9 439 0 438 213 351 250 50 81 
6 9 439 0 438 214 351 250 50 81 
6 9 439 0 438 215 349 250 50 81 
6 9 439 0 438 216 349 250 50 81 
6 9 439 0 438 217 349 252 50 81 
6 9 439 0 438 218 349 252 50 81 
6 9 439 0 438 219 349 252 50 81 
6 9 439 0 438 220 349 252 50 81 
6 9 439 0 438 221 349 252 50 81 
6 9 439 0 438 222 349 252 50 81 
6 9 439 0 438 223 349 252 50 81 
6 9 439 0 438 224 347 252 50 81 
6 9 439 0 438 225 347 252 50 81 
6 9 439 0 438 226 347 252 50 81 
6 9 439 0 438 227 347 252 50 81 
6 9 439 0 438 228 347 254 50 79 
6 9 439 0 438 229 347 254 50 79 
6 9 439 0 438 230 347 254 50 79 
6 9 439 0 438 231 347 254 50 79 
6 9 439 0 438 232 346 254 50 79 
6 9 439 0 438 233 346 254 50 79 
6 9 439 0 438 234 346 254 50 79 
6 9 439 0 438 235 346 254 50 79 
6 9 439 0 438 236 346 254 50 79 
6 9 439 0 438 237 346 254 50 79 
6 9 439 0 438 238 346 254 50 79 
6 9 439 0 438 239 346 256 50 79 
6 9 439 0 438 240 346 256 50 79 
6 9 439 0 438 241 344 256 50 79 
6 9 439 0 438 242 344 256 50 79 
6 9 439 0 438 243 344 256 50 79 
6 9 439 0 438 244 344 256 50 79 
6 9 439 0 438 245 344 256 50 79 
6 9 439 0 438 246 344 256 50 79 
6 9 439 0 438 247 344 256 50 79 
6 9 439 0 438 248 344 256 50 79 
6 9 439 0 438 249 344 258 50 79 
6 9 439 0 438 250 342 258 50 79 
6 9 439 0 438 251 342 258 50 79 
6 9 439 0 438 252 342 258 50 79 
6 9 439 0 438 253 342 258 50 79 
6 9 439 0 438 254 342 258 50 79 
6 9 439 0 438 255 340 258 50 79 
6 9 439 0 438 256 340 258 50 79 
6 9 439 0 438 257 340 258 50 79 
6 9 439 0 438 258 340 258 50 79 
6 9 439 0 438 259 340 259 50 81 
6 9 439 0 438 260 340 259 48 81 
6 9 439 0 438 261 340 259 48 81 
6 9 439 0 438 262 340 259 48 81 
6 9 439 0 438 263 340 259 48 81 
6 9 439 0 438 264 340 259 48 81 
6 9 439 0 438 265 337 259 50 81 
6 9 439 0 438 266 337 259 50 81 
6 9 439 0 438 267 337 259 50 81 
6 9 439 0 438 268 337 259 50 81 
6 9 439 0 438 269 337 261 50 79 
6 9 439 0 438 270 335 261 50 79 
6 9 439 0 438 271 335 261 50 79 
6 9 439 0 438 272 335 261 50 79 
6 9 439 0 438 273 335 261 50 79 
6 9 439 0 438 274 335 261 50 79 
6 9 439 0 438 275 333 261 50 79 
6 9 439 0 438 276 333 261 50 79 
6 9 439 0 438 277 333 261 50 79 
6 9 439 0 438 278 333 261 50 79 
6 9 439 0 438 279 333 263 50 79 
6 9 439 0 438 280 331 263 50 79 
6 9 439 0 438 281 331 263 50 79 
6 9 439 0 438 282 331 263 50 79 
6 9 439 0 438 283 331 263 50 79 
6 9 439 0 438 284 331 263 50 79 
6 9 439 0 438 285 330 263 50 79 
6 9 439 0 438 286 330 263 50 79 
6 9 439 0 438 287 330 263 50 79 
6 9 439 0 438 288 330 263 50 79 
6 9 439 0 438 289 330 265 50 79 
6 9 439 0 438 290 328 265 50 79 
6 9 439 0 438 291 326 265 50 79 
6 9 439 0 438 292 326 265 50 79 
6 9 439 0 438 293 324 265 50 79 
6 9 439 0 438 294 324 265 50 79 
6 9 439 0 438 295 324 265 48 79 
6 9 439 0 438 296 324 265 48 79 
6 9 439 0 438 297 321 265 50 79 
6 9 439 0 438 298 321 265 50 79 
6 9 439 0 438 299 319 265 50 79 
6 9 439 0 438 300 319 266 50 81 
6 9 439 0 438 301 317 265 50 82 
6 9 439 0 438 302 317 265 50 82 
6 9 439 0 438 303 315 265 50 82 
6 9 439 0 438 304 315 265 50 82 
6 9 439 0 438 305 315 265 50 82 
6 9 439 0 438 306 314 265 50 82 
6 9 439 0 438 307 314 265 50 82 
6 9 439 0 438 308 312 264 50 85 
6 9 439 0 438 309 312 264 50 85 
6 9 439 0 438 310 312 264 50 85 
6 9 439 0 438 311 310 264 50 85 
6 9 439 0 438 312 310 264 50 85 
6 9 439 0 438 313 308 264 50 85 
6 9 439 0 438 314 308 264 50 85 
6 9 439 0 438 315 308 264 50 87 
6 9 439 0 438 316 308 262 48 90 
6 9 439 0 438 317 308 262 48 90 
6 9 439 0 438 318 305 262 50 90 
6 9 439 0 438 319 305 262 50 90 
6 9 439 0 438 320 305 262 50 90 
6 9 439 0 438 321 303 262 50 90 
6 9 439 0 438 322 303 262 50 90 
6 9 439 0 438 323 301 261 50 93 
6 9 439 0 438 324 301 261 50 93 
6 9 439 0 438 325 301 261 50 93 
6 9 439 0 438 326 299 261 50 93 
6 9 439 0 438 327 299 261 50 93 
6 9 439 0 438 328 298 261 50 93 
6 9 439 0 438 329 298 261 50 93 
6 9 439 0 438 330 298 261 50 96 
6 9 439 0 438 331 296 261 50 96 
6 9 439 0 438 332 294 261 50 96 
6 9 439 0 438 333 294 261 50 96 
6 9 439 0 438 334 292 261 50 96 
6 9 439 0 438 335 292 261 48 96 
6 9 439 0 438 336 292 261 48 96 
6 9 439 0 438 337 289 261 50 96 
6 9 439 0 438 338 287 261 50 96 
6 9 439 0 438 339 287 261 50 96 
6 9 439 0 438 340 285 261 50 96 
6 9 439 0 438 341 285 261 50 96 
6 9 439 0 438 342 283 261 50 96 
6 9 439 0 438 343 282 261 50 96 
6 9 439 0 438 344 282 261 50 96 
6 9 439 0 438 345 280 261 50 96 
6 9 439 0 438 346 278 261 50 96 
6 9 439 0 438 347 278 261 50 96 
6 9 439 0 438 348 276 261 50 96 
6 9 439 0 438 349 276 261 50 96 
6 9 439 0 438 350 276 261 48 96 
6 9 439 0 438 351 273 261 50 96 
6 9 439 0 438 352 273 261 50 96 
6 9 439 0 438 353 271 261 50 96 
6 9 439 0 438 354 269 261 50 96 
6 9 439 0 438 355 269 263 50 96 
6 9 439 0 438 356 267 263 50 96 
6 9 439 0 438 357 266 263 50 96 
6 9 439 0 438 358 266 263 50 96 
6 9 439 0 438 359 264 263 50 96 
6 9 439 0 438 360 264 263 50 96 
6 9 439 0 438 361 262 263 50 96 
6 9 439 0 438 362 260 263 50 96 
6 9 439 0 438 363 260 263 50 96 
6 9 439 0 438 364 260 263 48 96 
6 9 439 0 438 365 257 263 50 96 
6 9 439 0 438 366 257 263 50 96 
6 9 439 0 438 367 255 263 50 96 
6 9 439 0 438 368 255 263 50 96 
6 9 439 0 438 369 253 263 50 96 
6 9 439 0 438 370 251 263 50 96 
6 9 439 0 438 371 251 263 50 96 
6 9 439 0 438 372 250 263 50 96 
6 9 439 0 438 373 248 263 50 96 
6 9 439 0 438 374 248 263 50 96 
6 9 439 0 438 375 246 263 50 96 
6 9 439 0 438 376 246 263 50 96 
6 9 439 0 438 377 244 263 50 96 
6 9 439 0 438 378 244 263 48 96 
6 9 439 0 438 379 244 264 48 96 
6 9 439 0 438 380 241 264 50 96 
6 9 439 0 438 381 239 264 50 96 
6 9 439 0 438 382 239 264 50 96 
6 9 439 0 438 383 237 264 50 96 
6 9 439 0 438 384 235 264 50 96 
6 9 439 0 438 385 235 264 50 96 
6 9 439 0 438 386 234 264 50 96 
6 9 439 0 438 387 234 264 50 96 
6 9 439 0 438 388 232 264 50 96 
6 9 439 0 438 389 230 264 50 96 
6 9 439 0 438 390 230 264 50 96 
6 9 439 0 438 391 228 264 50 96 
6 9 439 0 438 392 228 264 48 96 
6 9 439 0 438 393 228 264 48 96 
6 9 439 0 438 394 225 264 50 96 
6 9 439 0 438 395 225 264 50 96 
6 9 439 0 438 396 223 264 50 96 
6 9 439 0 438 397 221 264 50 96 
6 9 439 0 438 398 221 264 50 96 
6 9 439 0 438 399 219 264 50 96 
6 9 439 0 438 400 218 264 50 96 
6 9 439 0 438 401 218 264 50 96 
6 9 439 0 438 402 216 264 50 96 
6 9 439 0 438 403 216 266 50 96 
6 9 439 0 438 404 214 266 50 96 
6 9 439 0 438 405 212 266 50 96 
6 9 439 0 438 406 212 266 48 96 
6 9 439 0 438 407 209 266 50 96 
6 9 439 0 438 408 207 266 50 96 
6 9 439 0 438 409 205 266 50 96 
6 9 439 0 438 410 203 266 50 96 
6 9 439 0 438 411 202 266 50 96 
6 9 439 0 438 412 200 266 50 96 
6 9 439 0 438 413 198 266 50 96 
6 9 439 0 438 414 198 266 50 96 
6 9 439 0 438 415 196 266 50 96 
6 9 439 0 438 416 196 266 48 96 
6 9 439 0 438 417 193 266 50 96 
6 9 439 0 438 418 191 266 50 96 
6 9 439 0 438 419 189 266 50 96 
6 9 439 0 438 420 187 266 50 96 
6 9 439 0 438 421 186 266 50 96 
6 9 439 0 438 422 184 266 50 96 
6 9 439 0 438 423 182 266 50 96 
6 9 439 0 438 424 180 266 50 96 
6 9 439 0 438 425 180 268 50 96 
6 9 439 0 438 426 180 268 48 93 
6 9 439 0 438 427 177 268 50 93 
6 9 439 0 438 428 175 268 50 93 
6 9 439 0 438 429 173 268 50 93 
6 9 439 0 438 430 171 268 50 93 
6 9 439 0 438 431 170 268 50 93 
6 9 439 0 438 432 168 268 50 93 
6 9 439 0 438 433 166 268 50 93 
6 9 439 0 438 434 166 269 50 90 
6 9 439 0 438 435 164 269 50 90 
6 9 439 0 438 436 164 269 48 90 
6 9 439 0 438 437 161 269 50 90 
6 9 439 0 438 438 159 269 50 90 
