2 11 63 189 251 189 259 217 80 69 
2 11 63 189 251 190 259 217 80 69 
2 11 63 189 251 191 259 217 80 69 
2 11 63 189 251 192 259 217 80 69 
2 11 63 189 251 193 259 217 80 69 
2 11 63 189 251 194 259 217 80 69 
2 11 63 189 251 195 259 217 80 69 
2 11 63 189 251 196 259 217 80 69 
2 11 63 189 251 197 259 217 80 69 
2 11 63 189 251 198 259 217 80 69 
2 11 63 189 251 199 259 217 80 69 
2 11 63 189 251 200 259 217 80 69 
2 11 63 189 251 201 259 217 80 69 
2 11 63 189 251 202 259 217 80 69 
2 11 63 189 251 203 259 217 80 69 
2 11 63 189 251 204 259 217 80 69 
2 11 63 189 251 205 259 217 80 69 
2 11 63 189 251 206 259 217 80 69 
2 11 63 189 251 207 259 217 80 69 
2 11 63 189 251 208 259 217 80 69 
2 11 63 189 251 209 259 217 80 69 
2 11 63 189 251 210 259 217 80 69 
2 11 63 189 251 211 259 217 80 69 
2 11 63 189 251 212 259 217 80 69 
2 11 63 189 251 213 259 217 80 69 
2 11 63 189 251 214 259 217 80 69 
2 11 63 189 251 215 259 217 80 69 
2 11 63 189 251 216 259 217 80 69 
2 11 63 189 251 217 259 217 80 69 
2 11 63 189 251 218 259 217 80 69 
2 11 63 189 251 219 259 217 80 69 
2 11 63 189 251 220 259 217 80 69 
2 11 63 189 251 221 259 217 80 69 
2 11 63 189 251 222 259 217 80 69 
2 11 63 189 251 223 259 217 80 69 
2 11 63 189 251 224 259 217 80 69 
2 11 63 189 251 225 259 217 80 69 
2 11 63 189 251 226 259 217 80 69 
2 11 63 189 251 227 259 217 80 69 
2 11 63 189 251 228 259 217 80 69 
2 11 63 189 251 229 259 217 80 69 
2 11 63 189 251 230 259 217 80 69 
2 11 63 189 251 231 259 217 80 69 
2 11 63 189 251 232 259 217 80 69 
2 11 63 189 251 233 259 217 80 69 
2 11 63 189 251 234 259 217 80 69 
2 11 63 189 251 235 259 217 80 69 
2 11 63 189 251 236 259 217 80 69 
2 11 63 189 251 237 259 217 80 69 
2 11 63 189 251 238 259 217 80 69 
2 11 63 189 251 239 259 217 80 69 
2 11 63 189 251 240 259 217 80 69 
2 11 63 189 251 241 259 217 80 69 
2 11 63 189 251 242 259 217 80 69 
2 11 63 189 251 243 259 217 80 69 
2 11 63 189 251 244 259 217 80 69 
2 11 63 189 251 245 259 217 80 69 
2 11 63 189 251 246 259 217 80 69 
2 11 63 189 251 247 259 217 80 69 
2 11 63 189 251 248 259 217 80 69 
2 11 63 189 251 249 259 217 80 69 
2 11 63 189 251 250 259 217 80 69 
2 11 63 189 251 251 259 217 80 69 
