4 9 70 0 69 0 817 438 136 267 
4 9 70 0 69 1 821 441 134 264 
4 9 70 0 69 2 824 443 136 264 
4 9 70 0 69 3 828 444 134 264 
4 9 70 0 69 4 831 446 136 264 
4 9 70 0 69 5 835 448 134 264 
4 9 70 0 69 6 838 450 136 264 
4 9 70 0 69 7 842 452 136 264 
4 9 70 0 69 8 845 453 138 262 
4 9 70 0 69 9 848 455 138 261 
4 9 70 0 69 10 852 457 138 261 
4 9 70 0 69 11 855 459 140 259 
4 9 70 0 69 12 859 460 138 258 
4 9 70 0 69 13 862 462 140 256 
4 9 70 0 69 14 866 464 138 254 
4 9 70 0 69 15 868 467 144 252 
4 9 70 0 69 16 872 469 142 250 
4 9 70 0 69 17 876 469 142 249 
4 9 70 0 69 18 879 471 142 247 
4 9 70 0 69 19 883 474 142 245 
4 9 70 0 69 20 886 476 142 243 
4 9 70 0 69 21 890 476 142 242 
4 9 70 0 69 22 893 478 142 240 
4 9 70 0 69 23 896 481 146 237 
4 9 70 0 69 24 899 483 146 235 
4 9 70 0 69 25 903 485 146 233 
4 9 70 0 69 26 908 486 144 232 
4 9 70 0 69 27 910 488 146 230 
4 9 70 0 69 28 914 490 146 228 
4 9 70 0 69 29 917 492 146 226 
4 9 70 0 69 30 921 493 148 225 
4 9 70 0 69 31 923 495 150 223 
4 9 70 0 69 32 927 497 150 221 
4 9 70 0 69 33 930 499 150 219 
4 9 70 0 69 34 934 502 150 217 
4 9 70 0 69 35 939 502 148 216 
4 9 70 0 69 36 941 504 150 214 
4 9 70 0 69 37 946 506 150 212 
4 9 70 0 69 38 949 509 156 209 
4 9 70 0 69 39 951 511 162 208 
4 9 70 0 69 40 955 513 166 205 
4 9 70 0 69 41 956 516 176 203 
4 9 70 0 69 42 961 521 180 198 
4 9 70 0 69 43 964 522 178 196 
4 9 70 0 69 44 968 524 178 194 
4 9 70 0 69 45 974 529 174 189 
4 9 70 0 69 46 978 531 174 188 
4 9 70 0 69 47 984 536 170 183 
4 9 70 0 69 48 988 538 170 180 
4 9 70 0 69 49 994 541 168 178 
4 9 70 0 69 50 999 544 162 174 
4 9 70 0 69 51 1005 547 160 171 
4 9 70 0 69 52 1008 551 160 168 
4 9 70 0 69 53 1015 553 156 165 
4 9 70 0 69 54 1017 556 158 163 
4 9 70 0 69 55 1025 561 152 158 
4 9 70 0 69 56 1027 562 154 156 
4 9 70 0 69 57 1035 566 148 152 
4 9 70 0 69 58 1042 569 148 149 
4 9 70 0 69 59 1049 573 148 146 
4 9 70 0 69 60 1055 575 150 143 
4 9 70 0 69 61 1062 580 150 138 
4 9 70 0 69 62 1069 581 150 137 
4 9 70 0 69 63 1076 586 150 132 
4 9 70 0 69 64 1085 590 150 128 
4 9 70 0 69 65 1092 593 150 126 
4 9 70 0 69 66 1099 598 150 121 
4 9 70 0 69 67 1106 600 150 118 
4 9 70 0 69 68 1115 604 148 114 
4 9 70 0 69 69 1122 606 148 112 
5 9 215 185 399 185 459 246 58 100 
5 9 215 185 399 186 460 246 54 100 
5 9 215 185 399 187 457 246 58 100 
5 9 215 185 399 188 457 246 56 100 
5 9 215 185 399 189 458 246 52 100 
5 9 215 185 399 190 455 246 54 100 
5 9 215 185 399 191 452 246 58 100 
5 9 215 185 399 192 453 246 54 100 
5 9 215 185 399 193 451 246 54 97 
5 9 215 185 399 194 451 246 52 97 
5 9 215 185 399 195 448 246 56 97 
5 9 215 185 399 196 449 246 52 97 
5 9 215 185 399 197 446 246 54 97 
5 9 215 185 399 198 444 246 54 97 
5 9 215 185 399 199 445 246 50 97 
5 9 215 185 399 200 442 246 54 97 
5 9 215 185 399 201 442 246 52 97 
5 9 215 185 399 202 442 246 50 97 
5 9 215 185 399 203 440 247 50 96 
5 9 215 185 399 204 437 247 54 96 
5 9 215 185 399 205 435 247 54 96 
5 9 215 185 399 206 436 247 50 96 
5 9 215 185 399 207 436 247 48 96 
5 9 215 185 399 208 433 247 52 96 
5 9 215 185 399 209 433 247 50 96 
5 9 215 185 399 210 431 247 50 96 
5 9 215 185 399 211 429 247 50 96 
5 9 215 185 399 212 429 247 50 96 
5 9 215 185 399 213 427 245 50 96 
5 9 215 185 399 214 427 245 50 96 
5 9 215 185 399 215 427 245 50 96 
5 9 215 185 399 216 427 245 50 96 
5 9 215 185 399 217 426 245 50 96 
5 9 215 185 399 218 426 245 50 96 
5 9 215 185 399 219 426 245 50 96 
5 9 215 185 399 220 426 245 50 96 
5 9 215 185 399 221 424 245 50 96 
5 9 215 185 399 222 424 243 50 96 
5 9 215 185 399 223 424 243 50 96 
5 9 215 185 399 224 424 243 50 96 
5 9 215 185 399 225 422 243 50 96 
5 9 215 185 399 226 422 243 50 96 
5 9 215 185 399 227 422 243 50 96 
5 9 215 185 399 228 422 243 50 96 
5 9 215 185 399 229 420 243 50 96 
5 9 215 185 399 230 420 243 50 96 
5 9 215 185 399 231 420 243 50 96 
5 9 215 185 399 232 420 241 50 96 
5 9 215 185 399 233 420 241 48 96 
5 9 215 185 399 234 420 241 48 96 
5 9 215 185 399 235 420 241 48 96 
5 9 215 185 399 236 420 241 48 96 
5 9 215 185 399 237 417 241 50 96 
5 9 215 185 399 238 417 241 50 96 
5 9 215 185 399 239 417 241 50 96 
5 9 215 185 399 240 417 241 50 96 
5 9 215 185 399 241 415 241 50 96 
5 9 215 185 399 242 415 240 50 96 
5 9 215 185 399 243 415 240 50 96 
5 9 215 185 399 244 415 240 50 96 
5 9 215 185 399 245 413 240 50 96 
5 9 215 185 399 246 413 240 50 96 
5 9 215 185 399 247 413 240 50 96 
5 9 215 185 399 248 413 240 50 96 
5 9 215 185 399 249 411 240 50 96 
5 9 215 185 399 250 411 240 50 96 
5 9 215 185 399 251 411 240 50 96 
5 9 215 185 399 252 411 238 50 96 
5 9 215 185 399 253 410 238 50 96 
5 9 215 185 399 254 410 238 50 96 
5 9 215 185 399 255 410 238 50 96 
5 9 215 185 399 256 410 238 50 96 
5 9 215 185 399 257 408 238 50 96 
5 9 215 185 399 258 408 238 50 96 
5 9 215 185 399 259 408 238 50 96 
5 9 215 185 399 260 408 238 50 96 
5 9 215 185 399 261 406 236 50 96 
5 9 215 185 399 262 406 236 50 96 
5 9 215 185 399 263 406 236 50 96 
5 9 215 185 399 264 406 236 50 96 
5 9 215 185 399 265 404 236 50 96 
5 9 215 185 399 266 404 236 50 96 
5 9 215 185 399 267 404 236 50 96 
5 9 215 185 399 268 404 236 50 96 
5 9 215 185 399 269 404 236 48 96 
5 9 215 185 399 270 404 236 48 96 
5 9 215 185 399 271 404 234 48 96 
5 9 215 185 399 272 404 234 48 96 
5 9 215 185 399 273 401 234 50 96 
5 9 215 185 399 274 401 234 50 96 
5 9 215 185 399 275 401 234 50 96 
5 9 215 185 399 276 401 234 50 96 
5 9 215 185 399 277 399 234 50 96 
5 9 215 185 399 278 399 234 50 96 
5 9 215 185 399 279 399 234 50 96 
5 9 215 185 399 280 399 234 50 96 
5 9 215 185 399 281 397 232 50 96 
5 9 215 185 399 282 397 232 50 96 
5 9 215 185 399 283 397 232 50 96 
5 9 215 185 399 284 397 232 50 96 
5 9 215 185 399 285 395 232 50 96 
5 9 215 185 399 286 395 232 50 96 
5 9 215 185 399 287 395 232 50 96 
5 9 215 185 399 288 395 232 50 96 
5 9 215 185 399 289 394 232 50 96 
5 9 215 185 399 290 394 232 50 96 
5 9 215 185 399 291 394 231 50 96 
5 9 215 185 399 292 394 231 50 96 
5 9 215 185 399 293 392 231 50 96 
5 9 215 185 399 294 392 231 50 96 
5 9 215 185 399 295 392 231 50 96 
5 9 215 185 399 296 392 231 50 96 
5 9 215 185 399 297 390 231 50 96 
5 9 215 185 399 298 390 231 50 96 
5 9 215 185 399 299 390 231 50 96 
5 9 215 185 399 300 390 231 50 96 
5 9 215 185 399 301 388 231 50 93 
5 9 215 185 399 302 388 231 50 93 
5 9 215 185 399 303 388 231 50 93 
5 9 215 185 399 304 388 231 50 93 
5 9 215 185 399 305 388 231 48 93 
5 9 215 185 399 306 388 231 48 93 
5 9 215 185 399 307 388 231 48 93 
5 9 215 185 399 308 388 231 48 93 
5 9 215 185 399 309 388 231 48 93 
5 9 215 185 399 310 385 231 50 93 
5 9 215 185 399 311 385 231 50 93 
5 9 215 185 399 312 385 231 50 93 
5 9 215 185 399 313 385 231 50 93 
5 9 215 185 399 314 385 231 50 93 
5 9 215 185 399 315 383 231 50 93 
5 9 215 185 399 316 383 231 50 93 
5 9 215 185 399 317 383 232 50 90 
5 9 215 185 399 318 383 232 50 90 
5 9 215 185 399 319 381 232 50 90 
5 9 215 185 399 320 381 232 50 90 
5 9 215 185 399 321 381 232 50 90 
5 9 215 185 399 322 381 232 50 90 
5 9 215 185 399 323 381 232 50 90 
5 9 215 185 399 324 379 232 50 90 
5 9 215 185 399 325 379 232 50 90 
5 9 215 185 399 326 379 232 50 90 
5 9 215 185 399 327 379 232 50 90 
5 9 215 185 399 328 379 232 50 90 
5 9 215 185 399 329 378 232 50 90 
5 9 215 185 399 330 378 232 50 90 
5 9 215 185 399 331 378 232 50 90 
5 9 215 185 399 332 378 232 50 90 
5 9 215 185 399 333 378 232 50 90 
5 9 215 185 399 334 376 232 50 87 
5 9 215 185 399 335 376 232 50 87 
5 9 215 185 399 336 376 232 50 87 
5 9 215 185 399 337 376 232 50 87 
5 9 215 185 399 338 374 232 50 87 
5 9 215 185 399 339 374 232 50 87 
5 9 215 185 399 340 374 232 50 87 
5 9 215 185 399 341 374 232 50 87 
5 9 215 185 399 342 374 232 50 87 
5 9 215 185 399 343 372 232 50 87 
5 9 215 185 399 344 372 232 50 87 
5 9 215 185 399 345 372 232 50 87 
5 9 215 185 399 346 372 232 50 87 
5 9 215 185 399 347 372 232 50 87 
5 9 215 185 399 348 372 232 48 87 
5 9 215 185 399 349 372 232 48 87 
5 9 215 185 399 350 372 232 48 85 
5 9 215 185 399 351 372 232 48 85 
5 9 215 185 399 352 369 232 50 85 
5 9 215 185 399 353 369 232 50 85 
5 9 215 185 399 354 369 232 50 85 
5 9 215 185 399 355 369 232 50 85 
5 9 215 185 399 356 369 232 50 85 
5 9 215 185 399 357 367 232 50 85 
5 9 215 185 399 358 367 232 50 85 
5 9 215 185 399 359 367 232 50 85 
5 9 215 185 399 360 367 232 50 85 
5 9 215 185 399 361 367 232 50 85 
5 9 215 185 399 362 365 232 50 85 
5 9 215 185 399 363 365 232 50 85 
5 9 215 185 399 364 365 232 50 85 
5 9 215 185 399 365 365 232 50 85 
5 9 215 185 399 366 365 232 50 85 
5 9 215 185 399 367 363 233 50 82 
5 9 215 185 399 368 363 233 50 82 
5 9 215 185 399 369 363 233 50 82 
5 9 215 185 399 370 363 233 50 82 
5 9 215 185 399 371 362 233 50 82 
5 9 215 185 399 372 362 233 50 82 
5 9 215 185 399 373 362 233 50 82 
5 9 215 185 399 374 362 233 50 82 
5 9 215 185 399 375 362 233 50 82 
5 9 215 185 399 376 360 233 50 82 
5 9 215 185 399 377 360 233 50 82 
5 9 215 185 399 378 360 233 50 82 
5 9 215 185 399 379 360 233 50 82 
5 9 215 185 399 380 360 233 50 82 
5 9 215 185 399 381 358 233 50 82 
5 9 215 185 399 382 358 233 50 82 
5 9 215 185 399 383 358 233 50 79 
5 9 215 185 399 384 358 233 50 79 
5 9 215 185 399 385 356 233 50 79 
5 9 215 185 399 386 356 233 50 79 
5 9 215 185 399 387 356 233 50 79 
5 9 215 185 399 388 356 233 50 79 
5 9 215 185 399 389 356 233 50 79 
5 9 215 185 399 390 356 233 48 79 
5 9 215 185 399 391 356 233 48 79 
5 9 215 185 399 392 356 233 48 79 
5 9 215 185 399 393 356 233 48 79 
5 9 215 185 399 394 356 233 48 79 
5 9 215 185 399 395 353 233 50 79 
5 9 215 185 399 396 353 233 50 79 
5 9 215 185 399 397 353 233 50 79 
5 9 215 185 399 398 353 233 50 79 
5 9 215 185 399 399 353 235 50 78 
6 9 40 360 399 360 1 261 62 96 
6 9 40 360 399 361 4 261 60 96 
6 9 40 360 399 362 6 261 60 96 
6 9 40 360 399 363 8 261 62 96 
6 9 40 360 399 364 11 261 60 96 
6 9 40 360 399 365 13 261 60 96 
6 9 40 360 399 366 17 261 60 96 
6 9 40 360 399 367 17 261 62 96 
6 9 40 360 399 368 20 261 60 96 
6 9 40 360 399 369 24 261 60 96 
6 9 40 360 399 370 24 261 62 96 
6 9 40 360 399 371 27 261 60 96 
6 9 40 360 399 372 29 261 60 96 
6 9 40 360 399 373 33 261 60 96 
6 9 40 360 399 374 33 261 62 96 
6 9 40 360 399 375 36 261 60 96 
6 9 40 360 399 376 40 261 60 96 
6 9 40 360 399 377 40 261 62 96 
6 9 40 360 399 378 43 261 60 96 
6 9 40 360 399 379 47 261 60 96 
6 9 40 360 399 380 49 259 60 96 
6 9 40 360 399 381 49 259 62 96 
6 9 40 360 399 382 52 259 60 96 
6 9 40 360 399 383 56 259 60 96 
6 9 40 360 399 384 56 259 62 96 
6 9 40 360 399 385 59 259 60 96 
6 9 40 360 399 386 63 259 60 96 
6 9 40 360 399 387 65 259 60 96 
6 9 40 360 399 388 65 259 62 96 
6 9 40 360 399 389 70 259 60 96 
6 9 40 360 399 390 72 259 60 96 
6 9 40 360 399 391 72 259 62 96 
6 9 40 360 399 392 75 259 60 96 
6 9 40 360 399 393 79 259 60 96 
6 9 40 360 399 394 81 259 60 96 
6 9 40 360 399 395 81 259 62 96 
6 9 40 360 399 396 86 259 60 96 
6 9 40 360 399 397 88 259 60 96 
6 9 40 360 399 398 88 259 62 96 
6 9 40 360 399 399 93 259 60 96 
