2 9 229 49 277 49 1197 340 82 195 
2 9 229 49 277 50 1195 342 83 193 
2 9 229 49 277 51 1192 343 86 195 
2 9 229 49 277 52 1192 347 86 195 
2 9 229 49 277 53 1188 348 90 192 
2 9 229 49 277 54 1188 350 91 189 
2 9 229 49 277 55 1183 353 95 186 
2 9 229 49 277 56 1181 354 97 184 
2 9 229 49 277 57 1178 356 100 181 
2 9 229 49 277 58 1176 359 102 178 
2 9 229 49 277 59 1172 361 106 175 
2 9 229 49 277 60 1172 363 107 174 
2 9 229 49 277 61 1170 365 108 171 
2 9 229 49 277 62 1165 365 113 171 
2 9 229 49 277 63 1164 368 112 168 
2 9 229 49 277 64 1160 370 114 165 
2 9 229 49 277 65 1159 373 110 162 
2 9 229 49 277 66 1156 374 112 160 
2 9 229 49 277 67 1154 376 110 157 
2 9 229 49 277 68 1149 379 114 154 
2 9 229 49 277 69 1148 381 112 151 
2 9 229 49 277 70 1147 383 110 150 
2 9 229 49 277 71 1146 383 106 150 
2 9 229 49 277 72 1144 382 106 153 
2 9 229 49 277 73 1142 382 108 156 
2 9 229 49 277 74 1141 381 106 157 
2 9 229 49 277 75 1139 383 106 157 
2 9 229 49 277 76 1138 383 104 160 
2 9 229 49 277 77 1136 382 104 163 
2 9 229 49 277 78 1134 382 104 165 
2 9 229 49 277 79 1133 382 102 168 
2 9 229 49 277 80 1131 384 102 168 
2 9 229 49 277 81 1135 384 88 168 
2 9 229 49 277 82 1137 384 78 168 
2 9 229 49 277 83 1140 384 68 168 
2 9 229 49 277 84 1143 384 56 168 
2 9 229 49 277 85 1122 382 84 178 
2 9 229 49 277 86 1102 380 110 189 
2 9 229 49 277 87 1097 380 110 189 
2 9 229 49 277 88 1093 380 110 189 
2 9 229 49 277 89 1091 380 106 192 
2 9 229 49 277 90 1084 380 112 192 
2 9 229 49 277 91 1082 379 106 195 
2 9 229 49 277 92 1078 382 108 192 
2 9 229 49 277 93 1076 381 102 195 
2 9 229 49 277 94 1069 381 108 195 
2 9 229 49 277 95 1067 381 102 196 
2 9 229 49 277 96 1063 381 104 196 
2 9 229 49 277 97 1061 383 100 196 
2 9 229 49 277 98 1054 383 104 196 
2 9 229 49 277 99 1052 382 100 199 
2 9 229 49 277 100 1048 382 100 199 
2 9 229 49 277 101 1043 382 100 199 
2 9 229 49 277 102 1039 383 100 201 
2 9 229 49 277 103 1037 383 96 201 
2 9 229 49 277 104 1033 383 96 202 
2 9 229 49 277 105 1028 383 96 202 
2 9 229 49 277 106 1024 382 96 205 
2 9 229 49 277 107 1022 385 92 202 
2 9 229 49 277 108 1017 384 94 205 
2 9 229 49 277 109 1013 384 92 205 
2 9 229 49 277 110 1008 384 94 208 
2 9 229 49 277 111 1007 384 88 208 
2 9 229 49 277 112 1002 386 90 208 
2 9 229 49 277 113 999 386 92 208 
2 9 229 49 277 114 994 386 96 208 
2 9 229 49 277 115 990 386 98 210 
2 9 229 49 277 116 985 386 104 210 
2 9 229 49 277 117 983 386 104 210 
2 9 229 49 277 118 979 385 106 213 
2 9 229 49 277 119 974 385 110 213 
2 9 229 49 277 120 970 385 114 213 
2 9 229 49 277 121 965 385 118 216 
2 9 229 49 277 122 963 385 118 216 
2 9 229 49 277 123 960 385 120 216 
2 9 229 49 277 124 955 384 124 219 
2 9 229 49 277 125 951 384 128 219 
2 9 229 49 277 126 948 384 132 220 
2 9 229 49 277 127 944 384 132 220 
2 9 229 49 277 128 943 383 130 223 
2 9 229 49 277 129 939 386 132 220 
2 9 229 49 277 130 937 385 132 223 
2 9 229 49 277 131 934 386 130 225 
2 9 229 49 277 132 932 386 132 225 
2 9 229 49 277 133 930 386 132 228 
2 9 229 49 277 134 927 388 130 226 
2 9 229 49 277 135 925 388 132 226 
2 9 229 49 277 136 921 390 132 226 
2 9 229 49 277 137 919 390 132 226 
2 9 229 49 277 138 916 392 132 226 
2 9 229 49 277 139 914 391 132 229 
2 9 229 49 277 140 912 391 132 229 
2 9 229 49 277 141 909 394 132 228 
2 9 229 49 277 142 907 393 132 231 
2 9 229 49 277 143 903 394 132 229 
2 9 229 49 277 144 902 394 130 232 
2 9 229 49 277 145 900 396 132 232 
2 9 229 49 277 146 897 396 136 232 
2 9 229 49 277 147 897 395 136 235 
2 9 229 49 277 148 897 398 136 232 
2 9 229 49 277 149 894 398 140 234 
2 9 229 49 277 150 894 400 140 234 
2 9 229 49 277 151 894 400 140 234 
2 9 229 49 277 152 893 399 142 237 
2 9 229 49 277 153 892 400 144 238 
2 9 229 49 277 154 892 400 144 238 
2 9 229 49 277 155 892 402 144 237 
2 9 229 49 277 156 892 402 144 237 
2 9 229 49 277 157 889 404 148 237 
2 9 229 49 277 158 888 404 152 240 
2 9 229 49 277 159 888 404 152 240 
2 9 229 49 277 160 888 406 152 240 
2 9 229 49 277 161 885 405 156 243 
2 9 229 49 277 162 885 408 156 240 
2 9 229 49 277 163 885 407 156 241 
2 9 229 49 277 164 884 408 160 243 
2 9 229 49 277 165 884 408 160 246 
2 9 229 49 277 166 884 410 160 246 
2 9 229 49 277 167 884 412 160 244 
2 9 229 49 277 168 887 414 156 244 
2 9 229 49 277 169 887 414 156 249 
2 9 229 49 277 170 887 416 156 249 
2 9 229 49 277 171 890 416 152 250 
2 9 229 49 277 172 890 418 152 250 
2 9 229 49 277 173 890 420 152 250 
2 9 229 49 277 174 891 422 150 252 
2 9 229 49 277 175 891 422 150 253 
2 9 229 49 277 176 891 424 150 253 
2 9 229 49 277 177 894 424 146 256 
2 9 229 49 277 178 894 426 146 256 
2 9 229 49 277 179 894 428 146 258 
2 9 229 49 277 180 897 428 142 259 
2 9 229 49 277 181 897 430 142 259 
2 9 229 49 277 182 897 433 142 258 
2 9 229 49 277 183 900 434 138 261 
2 9 229 49 277 184 900 434 138 264 
2 9 229 49 277 185 899 436 142 264 
2 9 229 49 277 186 901 437 140 264 
2 9 229 49 277 187 900 436 144 267 
2 9 229 49 277 188 903 438 140 267 
2 9 229 49 277 189 902 440 142 268 
2 9 229 49 277 190 902 439 142 271 
2 9 229 49 277 191 904 441 142 271 
2 9 229 49 277 192 904 442 142 273 
2 9 229 49 277 193 906 442 142 276 
2 9 229 49 277 194 906 443 142 275 
2 9 229 49 277 195 905 445 146 273 
2 9 229 49 277 196 908 445 142 273 
2 9 229 49 277 197 908 447 144 271 
2 9 229 49 277 198 909 449 142 269 
2 9 229 49 277 199 908 449 146 270 
2 9 229 49 277 200 908 449 146 269 
2 9 229 49 277 201 910 451 146 267 
2 9 229 49 277 202 910 451 146 268 
2 9 229 49 277 203 912 453 146 266 
2 9 229 49 277 204 912 455 146 264 
2 9 229 49 277 205 914 455 146 263 
2 9 229 49 277 206 914 455 150 263 
2 9 229 49 277 207 915 457 154 261 
2 9 229 49 277 208 920 459 152 259 
2 9 229 49 277 209 921 461 156 257 
2 9 229 49 277 210 924 461 156 257 
2 9 229 49 277 211 925 463 160 255 
2 9 229 49 277 212 926 464 162 255 
2 9 229 49 277 213 929 466 164 253 
2 9 229 49 277 214 930 465 168 253 
2 9 229 49 277 215 934 467 166 251 
2 9 229 49 277 216 934 469 172 249 
2 9 229 49 277 217 937 470 174 248 
2 9 229 49 277 218 937 473 174 246 
2 9 229 49 277 219 940 475 170 243 
2 9 229 49 277 220 942 478 168 241 
2 9 229 49 277 221 945 480 164 238 
2 9 229 49 277 222 947 481 164 237 
2 9 229 49 277 223 950 484 160 234 
2 9 229 49 277 224 953 486 156 232 
2 9 229 49 277 225 954 489 154 229 
2 9 229 49 277 226 956 490 154 228 
2 9 229 49 277 227 959 493 150 226 
2 9 229 49 277 228 962 495 146 223 
2 9 229 49 277 229 964 498 144 221 
2 9 229 49 277 230 966 501 142 217 
2 9 229 49 277 231 969 504 146 214 
2 9 229 49 277 232 971 506 150 212 
2 9 229 49 277 233 975 509 152 209 
2 9 229 49 277 234 976 513 158 206 
2 9 229 49 277 235 980 515 160 203 
2 9 229 49 277 236 983 518 162 201 
2 9 229 49 277 237 985 521 168 197 
2 9 229 49 277 238 988 524 170 194 
2 9 229 49 277 239 990 526 174 192 
2 9 229 49 277 240 993 529 178 189 
2 9 229 49 277 241 995 533 182 186 
2 9 229 49 277 242 999 535 184 183 
2 9 229 49 277 243 1000 538 190 181 
2 9 229 49 277 244 1003 541 196 177 
2 9 229 49 277 245 1005 544 196 174 
2 9 229 49 277 246 1008 546 196 172 
2 9 229 49 277 247 1013 549 192 169 
2 9 229 49 277 248 1014 550 194 168 
2 9 229 49 277 249 1017 555 196 163 
2 9 229 49 277 250 1022 558 192 161 
2 9 229 49 277 251 1023 560 194 158 
2 9 229 49 277 252 1027 561 192 157 
2 9 229 49 277 253 1031 564 192 154 
2 9 229 49 277 254 1034 569 192 149 
2 9 229 49 277 255 1036 570 192 148 
2 9 229 49 277 256 1040 573 192 146 
2 9 229 49 277 257 1044 575 188 143 
2 9 229 49 277 258 1045 578 192 141 
2 9 229 49 277 259 1048 581 192 137 
2 9 229 49 277 260 1053 584 188 134 
2 9 229 49 277 261 1054 586 192 132 
2 9 229 49 277 262 1057 589 190 129 
2 9 229 49 277 263 1062 590 188 128 
2 9 229 49 277 264 1064 595 190 123 
2 9 229 49 277 265 1070 598 184 121 
2 9 229 49 277 266 1075 601 182 117 
2 9 229 49 277 267 1080 606 178 112 
2 9 229 49 277 268 1086 609 174 109 
2 9 229 49 277 269 1091 613 170 106 
2 9 229 49 277 270 1097 618 168 101 
2 9 229 49 277 271 1102 620 162 98 
2 9 229 49 277 272 1108 624 160 94 
2 9 229 49 277 273 1113 629 156 89 
2 9 229 49 277 274 1119 630 152 88 
2 9 229 49 277 275 1122 635 150 83 
2 9 229 49 277 276 1129 640 146 78 
2 9 229 49 277 277 1133 641 142 77 
3 11 126 0 125 0 279 218 87 74 
3 11 126 0 125 1 279 218 87 74 
3 11 126 0 125 2 279 218 87 74 
3 11 126 0 125 3 279 218 87 74 
3 11 126 0 125 4 279 218 87 74 
3 11 126 0 125 5 279 218 87 74 
3 11 126 0 125 6 279 218 87 74 
3 11 126 0 125 7 279 218 87 74 
3 11 126 0 125 8 279 218 87 74 
3 11 126 0 125 9 279 218 87 74 
3 11 126 0 125 10 279 218 87 74 
3 11 126 0 125 11 279 218 87 74 
3 11 126 0 125 12 279 218 87 74 
3 11 126 0 125 13 279 218 87 74 
3 11 126 0 125 14 279 218 87 74 
3 11 126 0 125 15 279 218 87 74 
3 11 126 0 125 16 279 218 87 74 
3 11 126 0 125 17 279 218 87 74 
3 11 126 0 125 18 279 218 87 74 
3 11 126 0 125 19 279 218 87 74 
3 11 126 0 125 20 279 218 87 74 
3 11 126 0 125 21 279 218 87 74 
3 11 126 0 125 22 279 218 87 74 
3 11 126 0 125 23 279 218 87 74 
3 11 126 0 125 24 279 218 87 74 
3 11 126 0 125 25 279 218 87 74 
3 11 126 0 125 26 279 218 87 74 
3 11 126 0 125 27 279 218 87 74 
3 11 126 0 125 28 279 218 87 74 
3 11 126 0 125 29 279 218 87 74 
3 11 126 0 125 30 279 218 87 74 
3 11 126 0 125 31 279 218 87 74 
3 11 126 0 125 32 279 218 87 74 
3 11 126 0 125 33 279 218 87 74 
3 11 126 0 125 34 279 218 87 74 
3 11 126 0 125 35 279 218 87 74 
3 11 126 0 125 36 279 218 87 74 
3 11 126 0 125 37 279 218 87 74 
3 11 126 0 125 38 279 218 87 74 
3 11 126 0 125 39 279 218 87 74 
3 11 126 0 125 40 279 218 87 74 
3 11 126 0 125 41 279 218 87 74 
3 11 126 0 125 42 279 218 87 74 
3 11 126 0 125 43 279 218 87 74 
3 11 126 0 125 44 279 218 87 74 
3 11 126 0 125 45 279 218 87 74 
3 11 126 0 125 46 279 218 87 74 
3 11 126 0 125 47 279 218 87 74 
3 11 126 0 125 48 279 218 87 74 
3 11 126 0 125 49 279 218 87 74 
3 11 126 0 125 50 279 218 87 74 
3 11 126 0 125 51 279 218 87 74 
3 11 126 0 125 52 279 218 87 74 
3 11 126 0 125 53 279 218 87 74 
3 11 126 0 125 54 279 218 87 74 
3 11 126 0 125 55 279 218 87 74 
3 11 126 0 125 56 279 218 87 74 
3 11 126 0 125 57 279 218 87 74 
3 11 126 0 125 58 279 218 87 74 
3 11 126 0 125 59 279 218 87 74 
3 11 126 0 125 60 279 218 87 74 
3 11 126 0 125 61 279 218 87 74 
3 11 126 0 125 62 279 218 87 74 
3 11 126 0 125 63 279 218 87 74 
3 11 126 0 125 64 279 218 87 74 
3 11 126 0 125 65 279 218 87 74 
3 11 126 0 125 66 279 218 87 74 
3 11 126 0 125 67 279 218 87 74 
3 11 126 0 125 68 279 218 87 74 
3 11 126 0 125 69 279 218 87 74 
3 11 126 0 125 70 279 218 87 74 
3 11 126 0 125 71 279 218 87 74 
3 11 126 0 125 72 279 218 87 74 
3 11 126 0 125 73 279 218 87 74 
3 11 126 0 125 74 279 218 87 74 
3 11 126 0 125 75 279 218 87 74 
3 11 126 0 125 76 279 218 87 74 
3 11 126 0 125 77 279 218 87 74 
3 11 126 0 125 78 279 218 87 74 
3 11 126 0 125 79 279 218 87 74 
3 11 126 0 125 80 279 218 87 74 
3 11 126 0 125 81 279 218 87 74 
3 11 126 0 125 82 279 218 87 74 
3 11 126 0 125 83 279 218 87 74 
3 11 126 0 125 84 279 218 87 74 
3 11 126 0 125 85 279 218 87 74 
3 11 126 0 125 86 279 218 87 74 
3 11 126 0 125 87 279 218 87 74 
3 11 126 0 125 88 279 218 87 74 
3 11 126 0 125 89 279 218 87 74 
3 11 126 0 125 90 279 218 87 74 
3 11 126 0 125 91 279 218 87 74 
3 11 126 0 125 92 279 218 87 74 
3 11 126 0 125 93 279 218 87 74 
3 11 126 0 125 94 279 218 87 74 
3 11 126 0 125 95 279 218 87 74 
3 11 126 0 125 96 279 218 87 74 
3 11 126 0 125 97 279 218 87 74 
3 11 126 0 125 98 279 218 87 74 
3 11 126 0 125 99 279 218 87 74 
3 11 126 0 125 100 279 218 87 74 
3 11 126 0 125 101 279 218 87 74 
3 11 126 0 125 102 279 218 87 74 
3 11 126 0 125 103 279 218 87 74 
3 11 126 0 125 104 279 218 87 74 
3 11 126 0 125 105 279 218 87 74 
3 11 126 0 125 106 279 218 87 74 
3 11 126 0 125 107 279 218 87 74 
3 11 126 0 125 108 279 218 87 74 
3 11 126 0 125 109 279 218 87 74 
3 11 126 0 125 110 279 218 87 74 
3 11 126 0 125 111 279 218 87 74 
3 11 126 0 125 112 279 218 87 74 
3 11 126 0 125 113 279 218 87 74 
3 11 126 0 125 114 279 218 87 74 
3 11 126 0 125 115 279 218 87 74 
3 11 126 0 125 116 279 218 87 74 
3 11 126 0 125 117 279 218 87 74 
3 11 126 0 125 118 279 218 87 74 
3 11 126 0 125 119 279 218 87 74 
3 11 126 0 125 120 279 218 87 74 
3 11 126 0 125 121 279 218 87 74 
3 11 126 0 125 122 279 218 87 74 
3 11 126 0 125 123 279 218 87 74 
3 11 126 0 125 124 279 218 87 74 
3 11 126 0 125 125 279 218 87 74 
4 9 557 0 556 0 20 257 74 120 
4 9 557 0 556 1 21 255 76 120 
4 9 557 0 556 2 23 255 76 120 
4 9 557 0 556 3 25 255 74 120 
4 9 557 0 556 4 27 255 74 120 
4 9 557 0 556 5 29 255 74 120 
4 9 557 0 556 6 33 255 72 120 
4 9 557 0 556 7 35 255 70 120 
4 9 557 0 556 8 37 255 70 120 
4 9 557 0 556 9 38 255 72 120 
4 9 557 0 556 10 40 255 72 120 
4 9 557 0 556 11 42 255 72 120 
4 9 557 0 556 12 47 255 66 120 
4 9 557 0 556 13 48 255 68 120 
4 9 557 0 556 14 50 255 68 120 
4 9 557 0 556 15 52 255 68 120 
4 9 557 0 556 16 54 255 66 120 
4 9 557 0 556 17 55 255 68 120 
4 9 557 0 556 18 60 255 64 120 
4 9 557 0 556 19 62 255 64 117 
4 9 557 0 556 20 64 255 64 117 
4 9 557 0 556 21 65 255 64 117 
4 9 557 0 556 22 67 255 64 117 
4 9 557 0 556 23 71 255 64 117 
4 9 557 0 556 24 72 255 64 115 
4 9 557 0 556 25 74 255 64 115 
4 9 557 0 556 26 76 255 64 115 
4 9 557 0 556 27 80 255 64 115 
4 9 557 0 556 28 81 255 64 115 
4 9 557 0 556 29 83 256 64 112 
4 9 557 0 556 30 85 256 64 112 
4 9 557 0 556 31 88 256 64 112 
4 9 557 0 556 32 90 256 64 112 
4 9 557 0 556 33 92 256 64 112 
4 9 557 0 556 34 94 256 64 109 
4 9 557 0 556 35 97 256 64 109 
4 9 557 0 556 36 99 256 64 109 
4 9 557 0 556 37 101 256 64 109 
4 9 557 0 556 38 103 256 64 109 
4 9 557 0 556 39 106 257 64 106 
4 9 557 0 556 40 108 257 64 106 
4 9 557 0 556 41 110 257 64 106 
4 9 557 0 556 42 112 257 64 106 
4 9 557 0 556 43 115 259 64 103 
4 9 557 0 556 44 117 257 64 103 
4 9 557 0 556 45 119 257 64 103 
4 9 557 0 556 46 120 257 64 103 
4 9 557 0 556 47 122 257 64 103 
4 9 557 0 556 48 124 257 64 103 
4 9 557 0 556 49 126 257 64 103 
4 9 557 0 556 50 128 257 64 103 
4 9 557 0 556 51 129 257 64 103 
4 9 557 0 556 52 131 257 64 103 
4 9 557 0 556 53 133 257 64 103 
4 9 557 0 556 54 135 257 64 103 
4 9 557 0 556 55 136 257 64 103 
4 9 557 0 556 56 138 257 64 103 
4 9 557 0 556 57 139 257 68 103 
4 9 557 0 556 58 141 258 68 102 
4 9 557 0 556 59 143 258 66 102 
4 9 557 0 556 60 144 258 68 102 
4 9 557 0 556 61 146 258 68 102 
4 9 557 0 556 62 148 258 68 102 
4 9 557 0 556 63 150 258 66 102 
4 9 557 0 556 64 151 258 68 102 
4 9 557 0 556 65 153 258 68 102 
4 9 557 0 556 66 155 258 68 102 
4 9 557 0 556 67 157 258 68 102 
4 9 557 0 556 68 159 258 66 102 
4 9 557 0 556 69 160 258 68 102 
4 9 557 0 556 70 162 258 68 102 
4 9 557 0 556 71 163 258 70 102 
4 9 557 0 556 72 165 258 70 99 
4 9 557 0 556 73 166 258 72 99 
4 9 557 0 556 74 168 258 72 99 
4 9 557 0 556 75 170 258 72 99 
4 9 557 0 556 76 172 258 70 99 
4 9 557 0 556 77 174 258 70 99 
4 9 557 0 556 78 175 258 72 99 
4 9 557 0 556 79 177 258 72 99 
4 9 557 0 556 80 179 258 70 99 
4 9 557 0 556 81 181 258 70 99 
4 9 557 0 556 82 182 258 72 99 
4 9 557 0 556 83 184 258 72 99 
4 9 557 0 556 84 186 258 72 99 
4 9 557 0 556 85 190 258 70 99 
4 9 557 0 556 86 191 258 72 99 
4 9 557 0 556 87 193 258 72 99 
4 9 557 0 556 88 195 258 70 99 
4 9 557 0 556 89 197 258 70 99 
4 9 557 0 556 90 198 258 72 99 
4 9 557 0 556 91 200 258 72 99 
4 9 557 0 556 92 202 258 72 99 
4 9 557 0 556 93 204 258 70 99 
4 9 557 0 556 94 206 258 70 99 
4 9 557 0 556 95 207 258 72 99 
4 9 557 0 556 96 212 258 68 99 
4 9 557 0 556 97 214 258 66 99 
4 9 557 0 556 98 215 258 68 99 
4 9 557 0 556 99 217 258 68 99 
4 9 557 0 556 100 219 258 68 99 
4 9 557 0 556 101 221 258 68 99 
4 9 557 0 556 102 223 258 66 99 
4 9 557 0 556 103 224 258 68 99 
4 9 557 0 556 104 226 258 68 99 
4 9 557 0 556 105 228 258 68 99 
4 9 557 0 556 106 230 258 66 99 
4 9 557 0 556 107 234 258 64 99 
4 9 557 0 556 108 234 256 64 99 
4 9 557 0 556 109 236 256 64 99 
4 9 557 0 556 110 238 256 64 99 
4 9 557 0 556 111 240 256 64 99 
4 9 557 0 556 112 241 256 64 99 
4 9 557 0 556 113 243 256 64 99 
4 9 557 0 556 114 245 256 64 99 
4 9 557 0 556 115 247 256 64 99 
4 9 557 0 556 116 248 256 62 99 
4 9 557 0 556 117 251 256 60 99 
4 9 557 0 556 118 253 256 60 99 
4 9 557 0 556 119 255 256 60 99 
4 9 557 0 556 120 257 256 60 99 
4 9 557 0 556 121 257 257 62 96 
4 9 557 0 556 122 260 257 60 96 
4 9 557 0 556 123 262 257 60 96 
4 9 557 0 556 124 264 257 60 96 
4 9 557 0 556 125 265 257 58 96 
4 9 557 0 556 126 267 257 58 96 
4 9 557 0 556 127 270 257 56 96 
4 9 557 0 556 128 272 257 56 96 
4 9 557 0 556 129 274 257 56 96 
4 9 557 0 556 130 274 257 58 96 
4 9 557 0 556 131 276 257 58 96 
4 9 557 0 556 132 279 257 56 96 
4 9 557 0 556 133 281 257 56 96 
4 9 557 0 556 134 281 257 56 96 
4 9 557 0 556 135 281 257 58 96 
4 9 557 0 556 136 281 257 58 96 
4 9 557 0 556 137 283 257 58 96 
4 9 557 0 556 138 286 257 56 96 
4 9 557 0 556 139 286 257 56 96 
4 9 557 0 556 140 288 257 56 96 
4 9 557 0 556 141 290 257 56 96 
4 9 557 0 556 142 290 257 56 96 
4 9 557 0 556 143 290 257 58 96 
4 9 557 0 556 144 292 257 58 96 
4 9 557 0 556 145 292 257 58 96 
4 9 557 0 556 146 295 257 56 96 
4 9 557 0 556 147 297 257 56 96 
4 9 557 0 556 148 297 257 56 96 
4 9 557 0 556 149 297 257 58 96 
4 9 557 0 556 150 297 257 58 96 
4 9 557 0 556 151 299 257 58 96 
4 9 557 0 556 152 302 257 56 96 
4 9 557 0 556 153 302 257 56 96 
4 9 557 0 556 154 304 257 56 96 
4 9 557 0 556 155 306 257 56 96 
4 9 557 0 556 156 306 257 56 96 
4 9 557 0 556 157 306 257 58 96 
4 9 557 0 556 158 308 257 58 96 
4 9 557 0 556 159 308 257 58 96 
4 9 557 0 556 160 311 257 56 96 
4 9 557 0 556 161 313 257 56 96 
4 9 557 0 556 162 313 256 56 96 
4 9 557 0 556 163 313 256 56 96 
4 9 557 0 556 164 313 256 58 96 
4 9 557 0 556 165 313 256 58 96 
4 9 557 0 556 166 313 256 58 96 
4 9 557 0 556 167 315 256 58 96 
4 9 557 0 556 168 315 256 58 96 
4 9 557 0 556 169 318 256 54 96 
4 9 557 0 556 170 318 256 56 96 
4 9 557 0 556 171 318 256 56 96 
4 9 557 0 556 172 321 256 52 96 
4 9 557 0 556 173 320 256 56 96 
4 9 557 0 556 174 323 254 52 96 
4 9 557 0 556 175 322 254 56 96 
4 9 557 0 556 176 322 254 56 96 
4 9 557 0 556 177 323 254 54 96 
4 9 557 0 556 178 322 254 58 96 
4 9 557 0 556 179 325 254 54 96 
4 9 557 0 556 180 325 254 54 96 
4 9 557 0 556 181 324 254 58 96 
4 9 557 0 556 182 327 254 54 96 
4 9 557 0 556 183 327 254 54 96 
4 9 557 0 556 184 327 254 56 96 
4 9 557 0 556 185 330 254 52 96 
4 9 557 0 556 186 329 252 56 96 
4 9 557 0 556 187 330 252 54 96 
4 9 557 0 556 188 330 252 54 96 
4 9 557 0 556 189 329 252 58 96 
4 9 557 0 556 190 332 252 54 96 
4 9 557 0 556 191 332 252 54 96 
4 9 557 0 556 192 334 252 54 96 
4 9 557 0 556 193 334 252 54 96 
4 9 557 0 556 194 334 252 54 96 
4 9 557 0 556 195 337 252 52 96 
4 9 557 0 556 196 337 252 52 96 
4 9 557 0 556 197 339 252 52 96 
4 9 557 0 556 198 339 250 52 96 
4 9 557 0 556 199 339 250 52 96 
4 9 557 0 556 200 339 250 52 96 
4 9 557 0 556 201 339 250 52 96 
4 9 557 0 556 202 339 250 52 96 
4 9 557 0 556 203 339 250 52 96 
4 9 557 0 556 204 339 250 52 96 
4 9 557 0 556 205 339 250 52 96 
4 9 557 0 556 206 339 250 52 93 
4 9 557 0 556 207 339 250 52 93 
4 9 557 0 556 208 339 250 52 93 
4 9 557 0 556 209 339 250 52 93 
4 9 557 0 556 210 339 250 52 93 
4 9 557 0 556 211 340 248 50 96 
4 9 557 0 556 212 340 248 50 96 
4 9 557 0 556 213 340 248 50 96 
4 9 557 0 556 214 340 248 50 94 
4 9 557 0 556 215 340 248 50 94 
4 9 557 0 556 216 340 248 50 94 
4 9 557 0 556 217 340 248 50 94 
4 9 557 0 556 218 339 248 54 94 
4 9 557 0 556 219 339 248 54 94 
4 9 557 0 556 220 339 248 54 94 
4 9 557 0 556 221 339 248 54 94 
4 9 557 0 556 222 339 248 54 91 
4 9 557 0 556 223 339 248 54 91 
4 9 557 0 556 224 339 248 54 91 
4 9 557 0 556 225 342 247 50 93 
4 9 557 0 556 226 342 247 50 93 
4 9 557 0 556 227 342 247 50 93 
4 9 557 0 556 228 342 247 50 93 
4 9 557 0 556 229 342 247 50 93 
4 9 557 0 556 230 342 248 50 90 
4 9 557 0 556 231 342 248 50 90 
4 9 557 0 556 232 342 248 50 90 
4 9 557 0 556 233 342 248 50 90 
4 9 557 0 556 234 342 248 50 90 
4 9 557 0 556 235 342 248 50 90 
4 9 557 0 556 236 342 248 50 90 
4 9 557 0 556 237 342 248 50 90 
4 9 557 0 556 238 344 248 50 90 
4 9 557 0 556 239 342 246 50 90 
4 9 557 0 556 240 342 246 50 90 
4 9 557 0 556 241 342 246 50 90 
4 9 557 0 556 242 342 246 50 90 
4 9 557 0 556 243 342 246 50 90 
4 9 557 0 556 244 342 246 50 90 
4 9 557 0 556 245 342 246 50 90 
4 9 557 0 556 246 342 246 50 90 
4 9 557 0 556 247 342 246 50 90 
4 9 557 0 556 248 342 246 50 90 
4 9 557 0 556 249 342 246 50 88 
4 9 557 0 556 250 342 246 50 88 
4 9 557 0 556 251 342 246 50 88 
4 9 557 0 556 252 340 246 50 88 
4 9 557 0 556 253 340 246 50 88 
4 9 557 0 556 254 340 246 50 88 
4 9 557 0 556 255 340 246 50 88 
4 9 557 0 556 256 340 246 50 88 
4 9 557 0 556 257 340 246 50 88 
4 9 557 0 556 258 340 246 50 88 
4 9 557 0 556 259 340 246 50 88 
4 9 557 0 556 260 340 246 50 85 
4 9 557 0 556 261 340 246 50 85 
4 9 557 0 556 262 340 246 50 85 
4 9 557 0 556 263 340 246 50 85 
4 9 557 0 556 264 340 246 50 85 
4 9 557 0 556 265 340 246 50 85 
4 9 557 0 556 266 340 244 48 88 
4 9 557 0 556 267 340 244 48 88 
4 9 557 0 556 268 340 244 48 88 
4 9 557 0 556 269 340 244 48 88 
4 9 557 0 556 270 340 244 48 88 
4 9 557 0 556 271 340 244 48 85 
4 9 557 0 556 272 340 244 48 85 
4 9 557 0 556 273 340 244 48 85 
4 9 557 0 556 274 340 244 48 85 
4 9 557 0 556 275 340 244 48 85 
4 9 557 0 556 276 340 244 48 85 
4 9 557 0 556 277 340 244 48 85 
4 9 557 0 556 278 340 244 48 85 
4 9 557 0 556 279 337 244 50 85 
4 9 557 0 556 280 337 244 50 85 
4 9 557 0 556 281 337 244 50 85 
4 9 557 0 556 282 337 245 50 82 
4 9 557 0 556 283 337 245 50 82 
4 9 557 0 556 284 337 245 50 82 
4 9 557 0 556 285 337 245 50 82 
4 9 557 0 556 286 337 245 50 82 
4 9 557 0 556 287 337 245 50 82 
4 9 557 0 556 288 337 245 50 82 
4 9 557 0 556 289 337 245 50 82 
4 9 557 0 556 290 337 245 50 82 
4 9 557 0 556 291 337 245 50 82 
4 9 557 0 556 292 337 245 50 82 
4 9 557 0 556 293 337 243 50 82 
4 9 557 0 556 294 337 243 50 82 
4 9 557 0 556 295 337 243 50 82 
4 9 557 0 556 296 337 243 50 82 
4 9 557 0 556 297 337 243 50 82 
4 9 557 0 556 298 337 243 50 82 
4 9 557 0 556 299 337 243 50 82 
4 9 557 0 556 300 337 243 50 82 
4 9 557 0 556 301 337 242 50 82 
4 9 557 0 556 302 337 242 50 82 
4 9 557 0 556 303 337 242 50 82 
4 9 557 0 556 304 337 242 50 82 
4 9 557 0 556 305 337 242 50 82 
4 9 557 0 556 306 337 242 50 82 
4 9 557 0 556 307 337 242 50 82 
4 9 557 0 556 308 337 242 50 82 
4 9 557 0 556 309 337 239 50 85 
4 9 557 0 556 310 337 239 50 85 
4 9 557 0 556 311 337 239 50 85 
4 9 557 0 556 312 337 239 50 85 
4 9 557 0 556 313 337 239 50 85 
4 9 557 0 556 314 337 239 50 85 
4 9 557 0 556 315 337 239 50 85 
4 9 557 0 556 316 337 239 50 85 
4 9 557 0 556 317 337 239 50 85 
4 9 557 0 556 318 337 237 50 88 
4 9 557 0 556 319 337 237 50 88 
4 9 557 0 556 320 337 237 50 88 
4 9 557 0 556 321 337 237 50 88 
4 9 557 0 556 322 337 237 52 88 
4 9 557 0 556 323 337 237 52 88 
4 9 557 0 556 324 337 237 52 88 
4 9 557 0 556 325 337 237 52 88 
4 9 557 0 556 326 337 237 52 88 
4 9 557 0 556 327 337 234 52 91 
4 9 557 0 556 328 337 234 52 91 
4 9 557 0 556 329 337 234 52 91 
4 9 557 0 556 330 337 234 52 91 
4 9 557 0 556 331 337 234 52 91 
4 9 557 0 556 332 337 234 52 91 
4 9 557 0 556 333 337 234 52 91 
4 9 557 0 556 334 337 234 52 91 
4 9 557 0 556 335 337 234 52 91 
4 9 557 0 556 336 337 232 52 94 
4 9 557 0 556 337 337 232 52 94 
4 9 557 0 556 338 337 232 52 94 
4 9 557 0 556 339 337 232 52 94 
4 9 557 0 556 340 337 232 52 94 
4 9 557 0 556 341 337 232 52 94 
4 9 557 0 556 342 337 232 52 94 
4 9 557 0 556 343 337 232 52 94 
4 9 557 0 556 344 339 232 52 94 
4 9 557 0 556 345 337 231 52 93 
4 9 557 0 556 346 337 231 52 93 
4 9 557 0 556 347 337 231 52 93 
4 9 557 0 556 348 337 231 52 93 
4 9 557 0 556 349 337 231 52 93 
4 9 557 0 556 350 337 231 52 93 
4 9 557 0 556 351 337 231 52 93 
4 9 557 0 556 352 334 231 54 93 
4 9 557 0 556 353 334 231 54 93 
4 9 557 0 556 354 334 231 54 93 
4 9 557 0 556 355 334 231 54 93 
4 9 557 0 556 356 334 231 54 93 
4 9 557 0 556 357 334 231 54 93 
4 9 557 0 556 358 334 231 54 93 
4 9 557 0 556 359 332 231 54 93 
4 9 557 0 556 360 332 231 54 93 
4 9 557 0 556 361 332 231 54 93 
4 9 557 0 556 362 332 231 54 93 
4 9 557 0 556 363 332 231 54 93 
4 9 557 0 556 364 332 231 54 93 
4 9 557 0 556 365 332 231 54 93 
4 9 557 0 556 366 330 231 54 93 
4 9 557 0 556 367 330 231 54 93 
4 9 557 0 556 368 330 231 54 93 
4 9 557 0 556 369 330 231 54 93 
4 9 557 0 556 370 330 231 54 93 
4 9 557 0 556 371 330 232 54 90 
4 9 557 0 556 372 330 232 54 90 
4 9 557 0 556 373 330 232 52 90 
4 9 557 0 556 374 330 232 52 90 
4 9 557 0 556 375 330 229 52 93 
4 9 557 0 556 376 330 229 52 93 
4 9 557 0 556 377 330 229 52 93 
4 9 557 0 556 378 330 229 52 93 
4 9 557 0 556 379 330 229 52 93 
4 9 557 0 556 380 327 229 54 93 
4 9 557 0 556 381 327 229 54 93 
4 9 557 0 556 382 327 229 54 93 
4 9 557 0 556 383 327 229 54 93 
4 9 557 0 556 384 327 229 54 93 
4 9 557 0 556 385 327 229 54 93 
4 9 557 0 556 386 327 229 54 93 
4 9 557 0 556 387 325 229 54 93 
4 9 557 0 556 388 325 229 54 93 
4 9 557 0 556 389 325 229 54 93 
4 9 557 0 556 390 325 229 54 93 
4 9 557 0 556 391 325 229 54 93 
4 9 557 0 556 392 325 229 54 93 
4 9 557 0 556 393 325 229 54 93 
4 9 557 0 556 394 323 229 54 93 
4 9 557 0 556 395 323 229 54 93 
4 9 557 0 556 396 323 229 54 93 
4 9 557 0 556 397 323 229 54 93 
4 9 557 0 556 398 323 230 54 90 
4 9 557 0 556 399 323 230 54 90 
4 9 557 0 556 400 323 230 54 90 
4 9 557 0 556 401 323 230 52 90 
4 9 557 0 556 402 323 230 52 90 
4 9 557 0 556 403 323 230 52 90 
4 9 557 0 556 404 323 230 52 90 
4 9 557 0 556 405 323 227 52 93 
4 9 557 0 556 406 323 227 52 93 
4 9 557 0 556 407 323 227 52 93 
4 9 557 0 556 408 321 227 52 93 
4 9 557 0 556 409 321 227 52 93 
4 9 557 0 556 410 321 227 52 93 
4 9 557 0 556 411 321 227 52 93 
4 9 557 0 556 412 321 227 52 93 
4 9 557 0 556 413 321 227 52 93 
4 9 557 0 556 414 321 227 52 93 
4 9 557 0 556 415 318 227 54 93 
4 9 557 0 556 416 318 227 54 93 
4 9 557 0 556 417 318 227 54 93 
4 9 557 0 556 418 318 227 54 93 
4 9 557 0 556 419 318 227 54 93 
4 9 557 0 556 420 318 227 54 93 
4 9 557 0 556 421 318 227 54 93 
4 9 557 0 556 422 316 227 54 93 
4 9 557 0 556 423 316 227 54 93 
4 9 557 0 556 424 316 227 54 91 
4 9 557 0 556 425 316 227 54 91 
4 9 557 0 556 426 316 227 54 91 
4 9 557 0 556 427 316 227 54 91 
4 9 557 0 556 428 316 227 54 91 
4 9 557 0 556 429 314 227 54 91 
4 9 557 0 556 430 314 227 54 91 
4 9 557 0 556 431 314 227 54 91 
4 9 557 0 556 432 314 227 54 91 
4 9 557 0 556 433 314 227 54 91 
4 9 557 0 556 434 314 227 54 91 
4 9 557 0 556 435 314 225 54 94 
4 9 557 0 556 436 314 225 52 94 
4 9 557 0 556 437 314 225 52 94 
4 9 557 0 556 438 314 225 52 94 
4 9 557 0 556 439 314 225 52 94 
4 9 557 0 556 440 314 225 52 94 
4 9 557 0 556 441 314 225 52 94 
4 9 557 0 556 442 314 225 52 94 
4 9 557 0 556 443 311 225 54 94 
4 9 557 0 556 444 311 225 54 94 
4 9 557 0 556 445 311 225 54 94 
4 9 557 0 556 446 311 225 54 94 
4 9 557 0 556 447 311 225 54 94 
4 9 557 0 556 448 311 225 54 94 
4 9 557 0 556 449 311 225 54 94 
4 9 557 0 556 450 311 225 54 94 
4 9 557 0 556 451 309 225 54 91 
4 9 557 0 556 452 309 225 54 91 
4 9 557 0 556 453 309 225 54 91 
4 9 557 0 556 454 309 225 54 91 
4 9 557 0 556 455 309 225 54 91 
4 9 557 0 556 456 309 225 54 91 
4 9 557 0 556 457 309 225 54 91 
4 9 557 0 556 458 307 225 54 91 
4 9 557 0 556 459 307 225 54 91 
4 9 557 0 556 460 307 225 54 91 
4 9 557 0 556 461 307 225 54 91 
4 9 557 0 556 462 307 225 54 91 
4 9 557 0 556 463 307 225 54 91 
4 9 557 0 556 464 307 225 54 91 
4 9 557 0 556 465 307 225 52 91 
4 9 557 0 556 466 307 224 52 93 
4 9 557 0 556 467 307 224 52 93 
4 9 557 0 556 468 307 224 52 93 
4 9 557 0 556 469 307 224 52 93 
4 9 557 0 556 470 307 224 52 93 
4 9 557 0 556 471 307 224 52 93 
4 9 557 0 556 472 305 224 52 93 
4 9 557 0 556 473 305 224 52 93 
4 9 557 0 556 474 305 224 52 93 
4 9 557 0 556 475 305 224 52 93 
4 9 557 0 556 476 305 224 52 93 
4 9 557 0 556 477 305 225 52 90 
4 9 557 0 556 478 305 225 52 90 
4 9 557 0 556 479 302 225 54 90 
4 9 557 0 556 480 302 225 54 90 
4 9 557 0 556 481 302 225 54 90 
4 9 557 0 556 482 302 225 54 90 
4 9 557 0 556 483 302 225 54 90 
4 9 557 0 556 484 302 225 54 90 
4 9 557 0 556 485 302 225 54 90 
4 9 557 0 556 486 300 225 54 90 
4 9 557 0 556 487 300 225 54 90 
4 9 557 0 556 488 300 225 54 90 
4 9 557 0 556 489 300 225 54 90 
4 9 557 0 556 490 300 225 54 90 
4 9 557 0 556 491 300 225 54 90 
4 9 557 0 556 492 300 225 54 90 
4 9 557 0 556 493 298 225 54 90 
4 9 557 0 556 494 298 225 54 90 
4 9 557 0 556 495 298 225 54 90 
4 9 557 0 556 496 298 222 54 93 
4 9 557 0 556 497 298 222 54 93 
4 9 557 0 556 498 298 222 54 93 
4 9 557 0 556 499 298 222 54 93 
4 9 557 0 556 500 298 222 52 93 
4 9 557 0 556 501 298 222 52 93 
4 9 557 0 556 502 298 222 52 93 
4 9 557 0 556 503 298 222 52 93 
4 9 557 0 556 504 298 223 52 90 
4 9 557 0 556 505 298 223 52 90 
4 9 557 0 556 506 298 223 52 90 
4 9 557 0 556 507 295 223 54 90 
4 9 557 0 556 508 295 223 54 90 
4 9 557 0 556 509 295 223 54 90 
4 9 557 0 556 510 295 223 54 90 
4 9 557 0 556 511 295 223 54 90 
4 9 557 0 556 512 295 223 54 90 
4 9 557 0 556 513 295 223 54 90 
4 9 557 0 556 514 293 223 54 90 
4 9 557 0 556 515 293 223 54 90 
4 9 557 0 556 516 293 223 54 90 
4 9 557 0 556 517 293 223 54 90 
4 9 557 0 556 518 293 223 54 90 
4 9 557 0 556 519 293 223 54 90 
4 9 557 0 556 520 293 223 54 90 
4 9 557 0 556 521 291 223 54 90 
4 9 557 0 556 522 291 223 54 90 
4 9 557 0 556 523 291 223 54 90 
4 9 557 0 556 524 291 223 54 90 
4 9 557 0 556 525 291 223 54 90 
4 9 557 0 556 526 291 220 54 93 
4 9 557 0 556 527 291 220 54 93 
4 9 557 0 556 528 291 220 52 93 
4 9 557 0 556 529 291 220 52 93 
4 9 557 0 556 530 291 221 52 90 
4 9 557 0 556 531 291 221 52 90 
4 9 557 0 556 532 291 221 52 90 
4 9 557 0 556 533 291 221 52 90 
4 9 557 0 556 534 291 221 52 90 
4 9 557 0 556 535 289 221 52 90 
4 9 557 0 556 536 289 221 52 90 
4 9 557 0 556 537 289 221 52 90 
4 9 557 0 556 538 289 221 52 90 
4 9 557 0 556 539 289 221 52 90 
4 9 557 0 556 540 289 221 52 90 
4 9 557 0 556 541 289 221 52 90 
4 9 557 0 556 542 286 221 54 90 
4 9 557 0 556 543 286 221 54 90 
4 9 557 0 556 544 286 221 54 90 
4 9 557 0 556 545 286 221 54 90 
4 9 557 0 556 546 286 221 54 90 
4 9 557 0 556 547 286 221 54 90 
4 9 557 0 556 548 286 221 54 90 
4 9 557 0 556 549 284 221 54 90 
4 9 557 0 556 550 284 221 54 90 
4 9 557 0 556 551 284 221 54 90 
4 9 557 0 556 552 284 221 54 90 
4 9 557 0 556 553 284 221 54 90 
4 9 557 0 556 554 284 221 54 90 
4 9 557 0 556 555 284 221 54 90 
4 9 557 0 556 556 284 221 54 90 
