1 9 334 198 531 198 1061 553 204 166 
1 9 334 198 531 199 1052 550 210 168 
1 9 334 198 531 200 1048 549 206 169 
1 9 334 198 531 201 1043 547 206 171 
1 9 334 198 531 202 1037 544 206 174 
1 9 334 198 531 203 1032 542 206 176 
1 9 334 198 531 204 1027 541 206 178 
1 9 334 198 531 205 1021 538 206 180 
1 9 334 198 531 206 1016 536 206 183 
1 9 334 198 531 207 1011 533 206 185 
1 9 334 198 531 208 1005 531 206 188 
1 9 334 198 531 209 1003 531 202 188 
1 9 334 198 531 210 997 529 204 189 
1 9 334 198 531 211 992 527 202 191 
1 9 334 198 531 212 987 524 202 194 
1 9 334 198 531 213 981 522 204 196 
1 9 334 198 531 214 976 521 202 198 
1 9 334 198 531 215 971 518 202 200 
1 9 334 198 531 216 965 516 204 203 
1 9 334 198 531 217 960 513 202 205 
1 9 334 198 531 218 958 513 198 205 
1 9 334 198 531 219 952 511 200 207 
1 9 334 198 531 220 949 510 198 208 
1 9 334 198 531 221 946 508 196 210 
1 9 334 198 531 222 943 506 194 213 
1 9 334 198 531 223 936 504 200 215 
1 9 334 198 531 224 934 503 194 215 
1 9 334 198 531 225 930 501 196 217 
1 9 334 198 531 226 928 501 192 217 
1 9 334 198 531 227 921 499 196 220 
1 9 334 198 531 228 918 497 194 222 
1 9 334 198 531 229 915 494 192 224 
1 9 334 198 531 230 912 493 192 225 
1 9 334 198 531 231 905 491 196 227 
1 9 334 198 531 232 903 489 192 229 
1 9 334 198 531 233 899 487 192 231 
1 9 334 198 531 234 897 487 188 231 
1 9 334 198 531 235 893 486 188 232 
1 9 334 198 531 236 887 484 192 234 
1 9 334 198 531 237 884 482 188 236 
1 9 334 198 531 238 881 480 188 238 
1 9 334 198 531 239 878 478 184 241 
1 9 334 198 531 240 872 476 188 242 
1 9 334 198 531 241 868 474 188 244 
1 9 334 198 531 242 866 475 184 243 
1 9 334 198 531 243 862 473 184 245 
1 9 334 198 531 244 856 470 188 248 
1 9 334 198 531 245 852 470 186 249 
1 9 334 198 531 246 850 467 184 251 
1 9 334 198 531 247 846 465 182 253 
1 9 334 198 531 248 841 463 184 255 
1 9 334 198 531 249 836 461 186 256 
1 9 334 198 531 250 835 461 180 253 
1 9 334 198 531 251 830 460 182 255 
1 9 334 198 531 252 827 458 178 256 
1 9 334 198 531 253 821 456 182 256 
1 9 334 198 531 254 819 454 180 256 
1 9 334 198 531 255 815 453 178 258 
1 9 334 198 531 256 811 451 178 258 
1 9 334 198 531 257 805 449 182 258 
1 9 334 198 531 258 804 449 176 258 
1 9 334 198 531 259 799 446 178 259 
1 9 334 198 531 260 796 444 176 259 
1 9 334 198 531 261 790 444 178 258 
1 9 334 198 531 262 788 441 176 261 
1 9 334 198 531 263 784 439 174 261 
1 9 334 198 531 264 780 437 176 262 
1 9 334 198 531 265 777 437 174 262 
1 9 334 198 531 266 773 434 174 264 
1 9 334 198 531 267 773 432 170 264 
1 9 334 198 531 268 769 430 170 264 
1 9 334 198 531 269 768 428 168 264 
1 9 334 198 531 270 765 427 166 264 
1 9 334 198 531 271 764 425 164 264 
1 9 334 198 531 272 763 423 160 264 
1 9 334 198 531 273 760 421 160 264 
1 9 334 198 531 274 758 420 160 264 
1 9 334 198 531 275 757 420 156 261 
1 9 334 198 531 276 755 418 156 261 
1 9 334 198 531 277 751 419 160 258 
1 9 334 198 531 278 750 417 156 258 
1 9 334 198 531 279 748 417 156 256 
1 9 334 198 531 280 746 415 154 256 
1 9 334 198 531 281 746 413 152 256 
1 9 334 198 531 282 741 413 156 256 
1 9 334 198 531 283 739 412 154 255 
1 9 334 198 531 284 737 412 154 253 
1 9 334 198 531 285 738 410 148 253 
1 9 334 198 531 286 735 411 150 250 
1 9 334 198 531 287 730 409 154 250 
1 9 334 198 531 288 731 407 148 250 
1 9 334 198 531 289 729 407 148 249 
1 9 334 198 531 290 727 406 146 247 
1 9 334 198 531 291 722 406 150 247 
1 9 334 198 531 292 722 404 148 247 
1 9 334 198 531 293 720 405 146 244 
1 9 334 198 531 294 718 403 146 246 
1 9 334 198 531 295 717 401 142 246 
1 9 334 198 531 296 713 401 146 243 
1 9 334 198 531 297 711 399 146 243 
1 9 334 198 531 298 710 400 142 240 
1 9 334 198 531 299 708 399 144 240 
1 9 334 198 531 300 707 399 142 240 
1 9 334 198 531 301 703 397 142 240 
1 9 334 198 531 302 701 395 142 240 
1 9 334 198 531 303 701 395 138 237 
1 9 334 198 531 304 699 393 138 238 
1 9 334 198 531 305 697 393 138 235 
1 9 334 198 531 306 696 393 136 234 
1 9 334 198 531 307 694 393 136 234 
1 9 334 198 531 308 693 391 134 234 
1 9 334 198 531 309 689 389 136 234 
1 9 334 198 531 310 687 389 136 232 
1 9 334 198 531 311 686 387 134 232 
1 9 334 198 531 312 685 387 132 229 
1 9 334 198 531 313 683 385 132 229 
1 9 334 198 531 314 681 385 132 229 
1 9 334 198 531 315 680 384 128 229 
1 9 334 198 531 316 679 385 128 226 
1 9 334 198 531 317 677 383 128 226 
1 9 334 198 531 318 673 381 128 226 
1 9 334 198 531 319 672 381 128 223 
1 9 334 198 531 320 671 379 124 225 
1 9 334 198 531 321 669 379 124 225 
1 9 334 198 531 322 667 378 124 223 
1 9 334 198 531 323 665 379 122 220 
1 9 334 198 531 324 665 377 120 220 
1 9 334 198 531 325 663 377 120 219 
1 9 334 198 531 326 658 375 122 219 
1 9 334 198 531 327 658 373 120 219 
1 9 334 198 531 328 656 373 120 219 
1 9 334 198 531 329 654 371 118 219 
1 9 334 198 531 330 652 372 118 216 
1 9 334 198 531 331 650 371 118 216 
1 9 334 198 531 332 650 371 114 213 
1 9 334 198 531 333 648 369 114 213 
1 9 334 198 531 334 646 369 114 213 
1 9 334 198 531 335 644 367 114 213 
1 9 334 198 531 336 644 367 112 211 
1 9 334 198 531 337 641 365 114 214 
1 9 334 198 531 338 639 365 114 211 
1 9 334 198 531 339 637 365 114 211 
1 9 334 198 531 340 635 365 114 210 
1 9 334 198 531 341 636 365 112 210 
1 9 334 198 531 342 635 365 110 207 
1 9 334 198 531 343 633 363 110 210 
1 9 334 198 531 344 631 363 110 207 
1 9 334 198 531 345 629 361 110 210 
1 9 334 198 531 346 628 361 110 208 
1 9 334 198 531 347 629 361 106 208 
1 9 334 198 531 348 627 359 106 208 
1 9 334 198 531 349 625 359 106 208 
1 9 334 198 531 350 623 359 108 205 
1 9 334 198 531 351 621 357 108 208 
1 9 334 198 531 352 620 357 106 205 
1 9 334 198 531 353 621 356 102 207 
1 9 334 198 531 354 619 356 102 205 
1 9 334 198 531 355 617 356 104 205 
1 9 334 198 531 356 614 354 108 205 
1 9 334 198 531 357 613 354 106 205 
1 9 334 198 531 358 611 355 106 202 
1 9 334 198 531 359 612 352 102 205 
1 9 334 198 531 360 610 353 104 202 
1 9 334 198 531 361 608 350 104 205 
1 9 334 198 531 362 606 351 104 202 
1 9 334 198 531 363 605 351 102 202 
1 9 334 198 531 364 603 350 102 202 
1 9 334 198 531 365 604 350 100 202 
1 9 334 198 531 366 602 350 100 199 
1 9 334 198 531 367 600 348 100 202 
1 9 334 198 531 368 599 348 98 199 
1 9 334 198 531 369 597 346 100 202 
1 9 334 198 531 370 595 346 100 199 
1 9 334 198 531 371 596 346 96 199 
1 9 334 198 531 372 594 344 96 201 
1 9 334 198 531 373 592 344 96 201 
1 9 334 198 531 374 591 345 96 198 
1 9 334 198 531 375 589 342 96 201 
1 9 334 198 531 376 587 343 96 198 
1 9 334 198 531 377 587 343 96 198 
1 9 334 198 531 378 585 342 96 196 
1 9 334 198 531 379 584 342 96 196 
1 9 334 198 531 380 584 342 96 193 
1 9 334 198 531 381 582 340 96 196 
1 9 334 198 531 382 580 340 96 196 
1 9 334 198 531 383 580 340 96 195 
1 9 334 198 531 384 578 338 96 198 
1 9 334 198 531 385 578 338 96 195 
1 9 334 198 531 386 576 338 96 195 
1 9 334 198 531 387 575 338 96 195 
1 9 334 198 531 388 575 336 96 195 
1 9 334 198 531 389 573 336 96 195 
1 9 334 198 531 390 573 337 96 192 
1 9 334 198 531 391 571 335 96 193 
1 9 334 198 531 392 569 335 96 193 
1 9 334 198 531 393 569 336 96 192 
1 9 334 198 531 394 568 333 96 195 
1 9 334 198 531 395 568 334 96 192 
1 9 334 198 531 396 566 334 96 192 
1 9 334 198 531 397 564 334 96 192 
1 9 334 198 531 398 564 332 96 192 
1 9 334 198 531 399 562 332 96 192 
1 9 334 198 531 400 562 332 96 189 
1 9 334 198 531 401 560 330 96 192 
1 9 334 198 531 402 559 330 96 192 
1 9 334 198 531 403 559 330 96 189 
1 9 334 198 531 404 557 328 96 192 
1 9 334 198 531 405 557 328 96 190 
1 9 334 198 531 406 555 328 96 190 
1 9 334 198 531 407 553 328 96 190 
1 9 334 198 531 408 553 327 96 189 
1 9 334 198 531 409 552 327 96 189 
1 9 334 198 531 410 552 328 96 186 
1 9 334 198 531 411 550 325 96 189 
1 9 334 198 531 412 548 325 96 189 
1 9 334 198 531 413 548 326 96 186 
1 9 334 198 531 414 546 326 96 186 
1 9 334 198 531 415 546 323 96 187 
1 9 334 198 531 416 544 323 96 187 
1 9 334 198 531 417 543 323 96 187 
1 9 334 198 531 418 543 321 96 187 
1 9 334 198 531 419 541 321 96 187 
1 9 334 198 531 420 541 322 96 184 
1 9 334 198 531 421 539 321 96 186 
1 9 334 198 531 422 537 321 96 186 
1 9 334 198 531 423 537 321 96 183 
1 9 334 198 531 424 536 321 96 183 
1 9 334 198 531 425 536 319 96 183 
1 9 334 198 531 426 534 319 96 183 
1 9 334 198 531 427 532 319 96 183 
1 9 334 198 531 428 532 317 96 184 
1 9 334 198 531 429 530 317 96 184 
1 9 334 198 531 430 528 317 96 184 
1 9 334 198 531 431 528 315 96 184 
1 9 334 198 531 432 527 315 96 184 
1 9 334 198 531 433 527 315 96 181 
1 9 334 198 531 434 525 315 96 181 
1 9 334 198 531 435 523 313 96 184 
1 9 334 198 531 436 523 313 96 181 
1 9 334 198 531 437 521 313 96 181 
1 9 334 198 531 438 521 312 96 181 
1 9 334 198 531 439 520 312 96 181 
1 9 334 198 531 440 518 312 96 181 
1 9 334 198 531 441 518 310 96 181 
1 9 334 198 531 442 516 310 96 181 
1 9 334 198 531 443 516 311 96 178 
1 9 334 198 531 444 514 311 96 178 
1 9 334 198 531 445 512 308 96 181 
1 9 334 198 531 446 512 309 96 178 
1 9 334 198 531 447 511 309 96 178 
1 9 334 198 531 448 511 307 96 178 
1 9 334 198 531 449 509 307 96 178 
1 9 334 198 531 450 507 307 96 178 
1 9 334 198 531 451 507 307 96 177 
1 9 334 198 531 452 505 306 96 178 
1 9 334 198 531 453 505 306 96 175 
1 9 334 198 531 454 504 306 96 175 
1 9 334 198 531 455 502 304 96 178 
1 9 334 198 531 456 502 304 96 175 
1 9 334 198 531 457 500 304 96 175 
1 9 334 198 531 458 500 302 96 175 
1 9 334 198 531 459 498 302 96 175 
1 9 334 198 531 460 496 302 96 175 
1 9 334 198 531 461 496 303 96 174 
1 9 334 198 531 462 495 300 96 177 
1 9 334 198 531 463 495 301 96 174 
1 9 334 198 531 464 493 301 96 174 
1 9 334 198 531 465 491 298 96 177 
1 9 334 198 531 466 491 299 96 174 
1 9 334 198 531 467 489 299 96 174 
1 9 334 198 531 468 489 298 96 172 
1 9 334 198 531 469 488 298 96 172 
1 9 334 198 531 470 486 298 96 172 
1 9 334 198 531 471 486 298 96 169 
1 9 334 198 531 472 484 296 96 172 
1 9 334 198 531 473 484 296 96 171 
1 9 334 198 531 474 482 296 96 171 
1 9 334 198 531 475 480 294 96 174 
1 9 334 198 531 476 480 294 96 171 
1 9 334 198 531 477 479 294 96 171 
1 9 334 198 531 478 479 294 96 171 
1 9 334 198 531 479 477 292 96 171 
1 9 334 198 531 480 475 292 96 171 
1 9 334 198 531 481 475 293 96 168 
1 9 334 198 531 482 473 293 96 168 
1 9 334 198 531 483 473 293 96 168 
1 9 334 198 531 484 472 293 96 166 
1 9 334 198 531 485 472 293 96 166 
1 9 334 198 531 486 470 293 96 166 
1 9 334 198 531 487 471 292 92 165 
1 9 334 198 531 488 468 292 96 165 
1 9 334 198 531 489 469 292 92 165 
1 9 334 198 531 490 466 293 96 162 
1 9 334 198 531 491 467 293 92 162 
1 9 334 198 531 492 464 293 96 159 
1 9 334 198 531 493 464 293 94 159 
1 9 334 198 531 494 464 293 92 159 
1 9 334 198 531 495 464 294 92 156 
1 9 334 198 531 496 462 291 92 159 
1 9 334 198 531 497 462 291 92 159 
1 9 334 198 531 498 460 291 92 157 
1 9 334 198 531 499 460 291 92 157 
1 9 334 198 531 500 457 291 94 157 
1 9 334 198 531 501 458 292 90 154 
1 9 334 198 531 502 457 292 92 154 
1 9 334 198 531 503 458 292 88 154 
1 9 334 198 531 504 455 292 92 151 
1 9 334 198 531 505 456 290 88 154 
1 9 334 198 531 506 453 290 92 151 
1 9 334 198 531 507 454 290 88 151 
1 9 334 198 531 508 451 290 92 151 
1 9 334 198 531 509 451 291 90 150 
1 9 334 198 531 510 449 291 90 150 
1 9 334 198 531 511 449 291 90 150 
1 9 334 198 531 512 449 291 88 147 
1 9 334 198 531 513 449 291 88 147 
1 9 334 198 531 514 447 289 88 150 
1 9 334 198 531 515 447 289 88 147 
1 9 334 198 531 516 444 289 90 147 
1 9 334 198 531 517 445 289 86 147 
1 9 334 198 531 518 442 290 90 144 
1 9 334 198 531 519 443 290 86 144 
1 9 334 198 531 520 442 290 88 141 
1 9 334 198 531 521 443 290 84 141 
1 9 334 198 531 522 440 290 88 141 
1 9 334 198 531 523 441 288 84 142 
1 9 334 198 531 524 438 288 86 142 
1 9 334 198 531 525 438 288 86 142 
1 9 334 198 531 526 436 288 86 139 
1 9 334 198 531 527 436 288 86 139 
1 9 334 198 531 528 434 288 86 139 
1 9 334 198 531 529 434 289 86 136 
1 9 334 198 531 530 434 289 84 136 
1 9 334 198 531 531 434 289 84 136 
