3 9 289 0 288 0 505 279 56 109 
3 9 289 0 288 1 505 279 56 109 
3 9 289 0 288 2 504 279 60 109 
3 9 289 0 288 3 505 279 58 109 
3 9 289 0 288 4 504 279 62 112 
3 9 289 0 288 5 507 279 58 112 
3 9 289 0 288 6 507 279 60 112 
3 9 289 0 288 7 510 281 56 109 
3 9 289 0 288 8 509 281 60 112 
3 9 289 0 288 9 511 281 60 112 
3 9 289 0 288 10 511 281 60 112 
3 9 289 0 288 11 513 281 60 112 
3 9 289 0 288 12 513 281 60 114 
3 9 289 0 288 13 513 281 62 114 
3 9 289 0 288 14 513 283 62 111 
3 9 289 0 288 15 516 283 60 111 
3 9 289 0 288 16 516 283 60 114 
3 9 289 0 288 17 518 283 60 114 
3 9 289 0 288 18 517 283 64 114 
3 9 289 0 288 19 520 283 60 114 
3 9 289 0 288 20 519 282 64 117 
3 9 289 0 288 21 520 285 62 114 
3 9 289 0 288 22 520 285 64 114 
3 9 289 0 288 23 523 285 60 114 
3 9 289 0 288 24 522 284 64 117 
3 9 289 0 288 25 525 284 60 117 
3 9 289 0 288 26 524 284 64 117 
3 9 289 0 288 27 526 285 64 118 
3 9 289 0 288 28 526 285 64 118 
3 9 289 0 288 29 528 285 64 118 
3 9 289 0 288 30 529 285 62 118 
3 9 289 0 288 31 532 285 60 120 
3 9 289 0 288 32 532 285 60 120 
3 9 289 0 288 33 534 285 60 120 
3 9 289 0 288 34 534 285 60 120 
3 9 289 0 288 35 536 284 60 123 
3 9 289 0 288 36 535 284 64 123 
3 9 289 0 288 37 536 287 62 120 
3 9 289 0 288 38 536 287 64 120 
3 9 289 0 288 39 539 286 60 123 
3 9 289 0 288 40 538 286 64 123 
3 9 289 0 288 41 540 286 64 123 
3 9 289 0 288 42 540 286 64 126 
3 9 289 0 288 43 542 288 64 123 
3 9 289 0 288 44 542 288 64 123 
3 9 289 0 288 45 544 288 64 123 
3 9 289 0 288 46 543 288 66 124 
3 9 289 0 288 47 545 288 64 124 
3 9 289 0 288 48 544 288 68 124 
3 9 289 0 288 49 546 290 68 124 
3 9 289 0 288 50 546 290 68 124 
3 9 289 0 288 51 548 290 68 124 
3 9 289 0 288 52 548 290 68 124 
3 9 289 0 288 53 550 289 66 127 
3 9 289 0 288 54 550 289 66 127 
3 9 289 0 288 55 551 291 68 126 
3 9 289 0 288 56 551 291 68 126 
3 9 289 0 288 57 553 290 68 129 
3 9 289 0 288 58 553 290 68 129 
3 9 289 0 288 59 555 290 68 129 
3 9 289 0 288 60 557 292 68 129 
3 9 289 0 288 61 557 292 68 129 
3 9 289 0 288 62 559 292 66 130 
3 9 289 0 288 63 560 292 68 130 
3 9 289 0 288 64 562 294 68 130 
3 9 289 0 288 65 561 294 72 130 
3 9 289 0 288 66 564 293 68 133 
3 9 289 0 288 67 566 296 66 130 
3 9 289 0 288 68 567 295 68 133 
3 9 289 0 288 69 566 295 72 133 
3 9 289 0 288 70 568 295 72 135 
3 9 289 0 288 71 571 298 68 132 
3 9 289 0 288 72 573 297 68 135 
3 9 289 0 288 73 575 297 66 135 
3 9 289 0 288 74 574 298 70 136 
3 9 289 0 288 75 575 298 72 136 
3 9 289 0 288 76 578 297 68 139 
3 9 289 0 288 77 580 297 68 139 
3 9 289 0 288 78 579 299 70 139 
3 9 289 0 288 79 581 299 70 139 
3 9 289 0 288 80 582 299 72 141 
3 9 289 0 288 81 585 302 68 138 
3 9 289 0 288 82 584 301 72 141 
3 9 289 0 288 83 586 301 72 141 
3 9 289 0 288 84 588 301 70 144 
3 9 289 0 288 85 590 303 70 141 
3 9 289 0 288 86 591 303 72 144 
3 9 289 0 288 87 591 302 72 145 
3 9 289 0 288 88 593 304 72 144 
3 9 289 0 288 89 595 303 70 147 
3 9 289 0 288 90 597 303 70 147 
3 9 289 0 288 91 596 303 74 150 
3 9 289 0 288 92 598 305 72 147 
3 9 289 0 288 93 600 305 72 150 
3 9 289 0 288 94 602 305 72 150 
3 9 289 0 288 95 601 307 74 150 
3 9 289 0 288 96 603 307 74 150 
3 9 289 0 288 97 606 306 70 151 
3 9 289 0 288 98 607 306 72 151 
3 9 289 0 288 99 609 308 72 151 
3 9 289 0 288 100 608 308 74 151 
3 9 289 0 288 101 610 308 74 154 
3 9 289 0 288 102 613 310 70 151 
3 9 289 0 288 103 614 310 72 154 
3 9 289 0 288 104 613 310 76 154 
3 9 289 0 288 105 615 310 76 156 
3 9 289 0 288 106 617 311 74 154 
3 9 289 0 288 107 620 310 70 157 
3 9 289 0 288 108 619 310 74 157 
3 9 289 0 288 109 621 312 74 157 
3 9 289 0 288 110 622 312 76 157 
3 9 289 0 288 111 624 312 74 160 
3 9 289 0 288 112 626 314 74 160 
3 9 289 0 288 113 625 314 78 160 
3 9 289 0 288 114 627 314 78 162 
3 9 289 0 288 115 628 316 80 159 
3 9 289 0 288 116 630 316 78 162 
3 9 289 0 288 117 632 316 78 162 
3 9 289 0 288 118 634 316 78 163 
3 9 289 0 288 119 636 316 78 163 
3 9 289 0 288 120 637 316 78 166 
3 9 289 0 288 121 639 318 78 163 
3 9 289 0 288 122 641 318 78 165 
3 9 289 0 288 123 643 318 78 165 
3 9 289 0 288 124 644 320 80 165 
3 9 289 0 288 125 646 320 78 165 
3 9 289 0 288 126 648 322 78 165 
3 9 289 0 288 127 650 322 78 165 
3 9 289 0 288 128 652 322 78 168 
3 9 289 0 288 129 653 324 78 165 
3 9 289 0 288 130 655 324 78 168 
3 9 289 0 288 131 657 324 78 168 
3 9 289 0 288 132 659 325 78 168 
3 9 289 0 288 133 660 324 80 171 
3 9 289 0 288 134 662 324 78 171 
3 9 289 0 288 135 664 326 78 171 
3 9 289 0 288 136 666 326 78 171 
3 9 289 0 288 137 668 326 78 174 
3 9 289 0 288 138 669 328 78 171 
3 9 289 0 288 139 671 328 78 172 
3 9 289 0 288 140 673 330 78 169 
3 9 289 0 288 141 675 330 78 172 
3 9 289 0 288 142 676 330 80 172 
3 9 289 0 288 143 678 331 78 174 
3 9 289 0 288 144 680 331 78 174 
3 9 289 0 288 145 682 330 78 177 
3 9 289 0 288 146 684 333 78 174 
3 9 289 0 288 147 685 332 78 177 
3 9 289 0 288 148 687 332 78 177 
3 9 289 0 288 149 689 334 78 175 
3 9 289 0 288 150 691 334 78 175 
3 9 289 0 288 151 692 334 80 178 
3 9 289 0 288 152 694 336 78 175 
3 9 289 0 288 153 696 336 78 178 
3 9 289 0 288 154 697 338 82 178 
3 9 289 0 288 155 700 338 80 178 
3 9 289 0 288 156 700 338 82 180 
3 9 289 0 288 157 701 339 86 178 
3 9 289 0 288 158 706 338 82 181 
3 9 289 0 288 159 707 338 82 184 
3 9 289 0 288 160 708 340 86 181 
3 9 289 0 288 161 710 340 86 184 
3 9 289 0 288 162 716 339 80 187 
3 9 289 0 288 163 715 342 86 184 
3 9 289 0 288 164 717 342 86 186 
3 9 289 0 288 165 719 344 88 183 
3 9 289 0 288 166 722 344 86 186 
3 9 289 0 288 167 724 343 86 189 
3 9 289 0 288 168 726 344 88 187 
3 9 289 0 288 169 728 344 88 190 
3 9 289 0 288 170 731 344 86 192 
3 9 289 0 288 171 732 346 90 189 
3 9 289 0 288 172 735 346 88 192 
3 9 289 0 288 173 737 348 90 192 
3 9 289 0 288 174 739 348 90 192 
3 9 289 0 288 175 744 350 88 192 
3 9 289 0 288 176 746 349 88 195 
3 9 289 0 288 177 748 351 90 193 
3 9 289 0 288 178 753 351 88 196 
3 9 289 0 288 179 753 352 90 195 
3 9 289 0 288 180 758 352 88 198 
3 9 289 0 288 181 762 354 88 198 
3 9 289 0 288 182 762 353 90 199 
3 9 289 0 288 183 767 355 88 199 
3 9 289 0 288 184 768 358 92 196 
3 9 289 0 288 185 771 357 90 199 
3 9 289 0 288 186 776 358 88 201 
3 9 289 0 288 187 777 358 92 204 
3 9 289 0 288 188 780 360 90 202 
3 9 289 0 288 189 785 359 88 205 
3 9 289 0 288 190 784 362 94 202 
3 9 289 0 288 191 790 361 88 205 
3 9 289 0 288 192 794 363 88 205 
3 9 289 0 288 193 793 366 94 204 
3 9 289 0 288 194 799 365 88 207 
3 9 289 0 288 195 800 366 92 205 
3 9 289 0 288 196 803 366 92 208 
3 9 289 0 288 197 808 368 88 208 
3 9 289 0 288 198 809 367 92 211 
3 9 289 0 288 199 812 370 92 210 
3 9 289 0 288 200 817 369 88 213 
3 9 289 0 288 201 816 372 94 210 
3 9 289 0 288 202 821 372 92 211 
3 9 289 0 288 203 823 372 92 214 
3 9 289 0 288 204 825 374 94 213 
3 9 289 0 288 205 830 374 92 216 
3 9 289 0 288 206 832 376 92 213 
3 9 289 0 288 207 835 376 92 216 
3 9 289 0 288 208 839 378 92 216 
3 9 289 0 288 209 841 377 92 219 
3 9 289 0 288 210 844 379 92 217 
3 9 289 0 288 211 848 380 92 219 
3 9 289 0 288 212 848 380 96 222 
3 9 289 0 288 213 852 382 96 222 
3 9 289 0 288 214 856 384 96 220 
3 9 289 0 288 215 859 383 96 223 
3 9 289 0 288 216 863 385 96 223 
3 9 289 0 288 217 865 386 100 228 
3 9 289 0 288 218 869 385 100 229 
3 9 289 0 288 219 870 387 102 229 
3 9 289 0 288 220 873 389 104 229 
3 9 289 0 288 221 877 391 102 229 
3 9 289 0 288 222 880 391 104 231 
3 9 289 0 288 223 883 393 106 234 
3 9 289 0 288 224 886 393 108 235 
3 9 289 0 288 225 890 393 106 238 
3 9 289 0 288 226 893 395 108 237 
3 9 289 0 288 227 894 397 110 237 
3 9 289 0 288 228 898 397 110 240 
3 9 289 0 288 229 900 398 114 241 
3 9 289 0 288 230 904 399 114 243 
3 9 289 0 288 231 907 401 114 243 
3 9 289 0 288 232 911 401 114 246 
3 9 289 0 288 233 916 403 112 246 
3 9 289 0 288 234 915 405 118 244 
3 9 289 0 288 235 919 404 120 250 
3 9 289 0 288 236 921 406 122 250 
3 9 289 0 288 237 926 407 120 250 
3 9 289 0 288 238 930 406 120 253 
3 9 289 0 288 239 932 408 122 253 
3 9 289 0 288 240 937 410 120 253 
3 9 289 0 288 241 939 412 124 255 
3 9 289 0 288 242 943 412 124 258 
3 9 289 0 288 243 945 412 126 259 
3 9 289 0 288 244 949 412 128 262 
3 9 289 0 288 245 955 414 124 261 
3 9 289 0 288 246 959 414 124 264 
3 9 289 0 288 247 961 415 128 267 
3 9 289 0 288 248 965 417 128 267 
3 9 289 0 288 249 971 417 124 268 
3 9 289 0 288 250 974 419 128 268 
3 9 289 0 288 251 977 418 128 271 
3 9 289 0 288 252 981 419 128 273 
3 9 289 0 288 253 986 421 128 274 
3 9 289 0 288 254 989 423 132 274 
3 9 289 0 288 255 994 425 132 274 
3 9 289 0 288 256 998 428 136 273 
3 9 289 0 288 257 1004 430 134 274 
3 9 289 0 288 258 1009 432 136 274 
3 9 289 0 288 259 1013 435 140 273 
3 9 289 0 288 260 1019 437 138 271 
3 9 289 0 288 261 1024 439 138 274 
3 9 289 0 288 262 1028 442 144 273 
3 9 289 0 288 263 1031 444 146 273 
3 9 289 0 288 264 1036 446 146 272 
3 9 289 0 288 265 1042 450 148 268 
3 9 289 0 288 266 1046 451 150 267 
3 9 289 0 288 267 1051 453 150 265 
3 9 289 0 288 268 1057 457 152 261 
3 9 289 0 288 269 1062 458 152 260 
3 9 289 0 288 270 1066 460 154 258 
3 9 289 0 288 271 1072 465 156 253 
3 9 289 0 288 272 1077 466 156 252 
3 9 289 0 288 273 1080 467 160 251 
3 9 289 0 288 274 1084 472 164 246 
3 9 289 0 288 275 1089 473 164 245 
3 9 289 0 288 276 1095 474 162 244 
3 9 289 0 288 277 1099 479 166 240 
3 9 289 0 288 278 1104 481 168 237 
3 9 289 0 288 279 1110 482 166 236 
3 9 289 0 288 280 1114 486 164 233 
3 9 289 0 288 281 1119 488 160 230 
3 9 289 0 288 282 1124 491 154 228 
3 9 289 0 288 283 1128 491 150 228 
3 9 289 0 288 284 1132 493 146 225 
3 9 289 0 288 285 1138 496 140 223 
3 9 289 0 288 286 1147 498 131 220 
3 9 289 0 288 287 1155 501 124 218 
3 9 289 0 288 288 1165 502 113 216 
4 9 171 0 170 0 179 321 118 190 
4 9 171 0 170 1 180 320 112 189 
4 9 171 0 170 2 177 320 114 189 
4 9 171 0 170 3 178 321 110 186 
4 9 171 0 170 4 176 321 110 186 
4 9 171 0 170 5 174 318 110 189 
4 9 171 0 170 6 175 319 108 186 
4 9 171 0 170 7 173 319 108 186 
4 9 171 0 170 8 172 319 106 186 
4 9 171 0 170 9 173 319 102 183 
4 9 171 0 170 10 171 317 102 186 
4 9 171 0 170 11 169 317 104 186 
4 9 171 0 170 12 171 317 96 184 
4 9 171 0 170 13 169 317 96 184 
4 9 171 0 170 14 168 317 96 181 
4 9 171 0 170 15 169 315 92 184 
4 9 171 0 170 16 167 315 92 184 
4 9 171 0 170 17 165 315 92 181 
4 9 171 0 170 18 166 315 88 181 
4 9 171 0 170 19 163 313 90 184 
4 9 171 0 170 20 161 313 90 181 
4 9 171 0 170 21 162 313 86 181 
4 9 171 0 170 22 162 313 84 181 
4 9 171 0 170 23 160 314 82 180 
4 9 171 0 170 24 161 312 78 181 
4 9 171 0 170 25 159 313 78 178 
4 9 171 0 170 26 157 313 78 178 
4 9 171 0 170 27 158 313 76 178 
4 9 171 0 170 28 157 313 74 175 
4 9 171 0 170 29 155 311 74 178 
4 9 171 0 170 30 156 311 70 178 
4 9 171 0 170 31 154 311 72 175 
4 9 171 0 170 32 152 311 72 175 
4 9 171 0 170 33 153 311 68 175 
4 9 171 0 170 34 151 309 68 175 
4 9 171 0 170 35 150 309 66 175 
4 9 171 0 170 36 151 309 64 175 
4 9 171 0 170 37 148 310 68 174 
4 9 171 0 170 38 146 310 68 174 
4 9 171 0 170 39 147 307 64 177 
4 9 171 0 170 40 144 308 68 174 
4 9 171 0 170 41 143 308 66 174 
4 9 171 0 170 42 144 308 64 174 
4 9 171 0 170 43 141 308 68 171 
4 9 171 0 170 44 139 307 68 172 
4 9 171 0 170 45 140 307 64 172 
4 9 171 0 170 46 137 307 68 169 
4 9 171 0 170 47 135 307 68 169 
4 9 171 0 170 48 136 307 64 169 
4 9 171 0 170 49 134 305 66 171 
4 9 171 0 170 50 132 305 68 171 
4 9 171 0 170 51 133 305 64 171 
4 9 171 0 170 52 130 306 68 168 
4 9 171 0 170 53 128 306 68 168 
4 9 171 0 170 54 129 303 64 171 
4 9 171 0 170 55 127 304 66 168 
4 9 171 0 170 56 125 304 68 168 
4 9 171 0 170 57 126 304 64 168 
4 9 171 0 170 58 124 304 64 168 
4 9 171 0 170 59 121 302 68 168 
4 9 171 0 170 60 122 302 64 168 
4 9 171 0 170 61 120 302 64 168 
4 9 171 0 170 62 118 302 66 165 
4 9 171 0 170 63 119 302 64 165 
4 9 171 0 170 64 117 300 64 168 
4 9 171 0 170 65 114 300 68 166 
4 9 171 0 170 66 115 300 64 166 
4 9 171 0 170 67 113 300 64 166 
4 9 171 0 170 68 111 300 66 163 
4 9 171 0 170 69 112 299 64 165 
4 9 171 0 170 70 110 299 64 165 
4 9 171 0 170 71 107 300 68 162 
4 9 171 0 170 72 108 300 64 162 
4 9 171 0 170 73 106 300 64 162 
4 9 171 0 170 74 103 298 68 162 
4 9 171 0 170 75 104 298 64 162 
4 9 171 0 170 76 103 298 64 162 
4 9 171 0 170 77 100 298 68 160 
4 9 171 0 170 78 101 298 64 160 
4 9 171 0 170 79 99 295 64 163 
4 9 171 0 170 80 96 296 68 160 
4 9 171 0 170 81 97 296 64 160 
4 9 171 0 170 82 96 296 64 160 
4 9 171 0 170 83 94 296 64 160 
4 9 171 0 170 84 94 294 64 160 
4 9 171 0 170 85 92 294 64 160 
4 9 171 0 170 86 90 294 64 160 
4 9 171 0 170 87 90 294 64 157 
4 9 171 0 170 88 88 294 64 157 
4 9 171 0 170 89 87 293 64 159 
4 9 171 0 170 90 87 294 64 156 
4 9 171 0 170 91 85 294 64 156 
4 9 171 0 170 92 83 294 64 156 
4 9 171 0 170 93 83 294 64 154 
4 9 171 0 170 94 81 294 64 154 
4 9 171 0 170 95 80 291 64 157 
4 9 171 0 170 96 80 292 64 154 
4 9 171 0 170 97 78 292 64 154 
4 9 171 0 170 98 76 292 64 154 
4 9 171 0 170 99 76 292 64 151 
4 9 171 0 170 100 74 290 64 154 
4 9 171 0 170 101 72 290 64 154 
4 9 171 0 170 102 72 290 64 151 
4 9 171 0 170 103 71 290 64 151 
4 9 171 0 170 104 69 290 64 151 
4 9 171 0 170 105 69 288 64 153 
4 9 171 0 170 106 67 288 64 153 
4 9 171 0 170 107 65 288 64 153 
4 9 171 0 170 108 65 288 62 153 
4 9 171 0 170 109 64 289 64 150 
4 9 171 0 170 110 62 286 64 153 
4 9 171 0 170 111 63 286 60 153 
4 9 171 0 170 112 60 287 64 150 
4 9 171 0 170 113 58 287 64 150 
4 9 171 0 170 114 59 287 60 150 
4 9 171 0 170 115 56 286 64 148 
4 9 171 0 170 116 55 286 64 148 
4 9 171 0 170 117 56 286 60 148 
4 9 171 0 170 118 53 286 64 145 
4 9 171 0 170 119 51 286 64 145 
4 9 171 0 170 120 52 284 60 148 
4 9 171 0 170 121 49 284 64 147 
4 9 171 0 170 122 48 284 64 147 
4 9 171 0 170 123 49 284 60 147 
4 9 171 0 170 124 46 285 64 144 
4 9 171 0 170 125 44 282 64 147 
4 9 171 0 170 126 45 282 60 147 
4 9 171 0 170 127 42 283 64 144 
4 9 171 0 170 128 40 283 64 144 
4 9 171 0 170 129 40 283 62 144 
4 9 171 0 170 130 39 281 64 144 
4 9 171 0 170 131 37 281 64 144 
4 9 171 0 170 132 38 281 60 144 
4 9 171 0 170 133 36 281 60 144 
4 9 171 0 170 134 33 281 64 142 
4 9 171 0 170 135 33 280 62 144 
4 9 171 0 170 136 33 280 60 144 
4 9 171 0 170 137 30 280 64 141 
4 9 171 0 170 138 31 280 60 141 
4 9 171 0 170 139 29 280 60 141 
4 9 171 0 170 140 26 278 64 141 
4 9 171 0 170 141 27 278 60 141 
4 9 171 0 170 142 24 278 62 141 
4 9 171 0 170 143 23 279 64 138 
4 9 171 0 170 144 24 279 60 138 
4 9 171 0 170 145 22 276 60 141 
4 9 171 0 170 146 19 277 64 138 
4 9 171 0 170 147 20 277 60 138 
4 9 171 0 170 148 17 277 62 138 
4 9 171 0 170 149 16 277 64 136 
4 9 171 0 170 150 17 274 60 139 
4 9 171 0 170 151 15 274 60 139 
4 9 171 0 170 152 12 275 64 136 
4 9 171 0 170 153 13 275 60 136 
4 9 171 0 170 154 11 275 60 136 
4 9 171 0 170 155 11 275 60 136 
4 9 171 0 170 156 8 273 62 136 
4 9 171 0 170 157 8 273 60 136 
4 9 171 0 170 158 9 273 56 136 
4 9 171 0 170 159 6 273 60 136 
4 9 171 0 170 160 7 272 56 138 
4 9 171 0 170 161 4 272 58 135 
4 9 171 0 170 162 5 272 54 135 
4 9 171 0 170 163 2 272 58 135 
4 9 171 0 170 164 2 270 56 138 
4 9 171 0 170 165 3 270 52 138 
4 9 171 0 170 166 0 270 56 136 
4 9 171 0 170 167 1 270 52 136 
4 9 171 0 170 168 0 267 52 139 
4 9 171 0 170 169 0 267 49 139 
4 9 171 0 170 170 0 267 50 139 
5 9 205 460 664 460 521 561 202 157 
5 9 205 460 664 461 508 555 206 163 
5 9 205 460 664 462 491 549 214 169 
5 9 205 460 664 463 479 540 214 178 
5 9 205 460 664 464 464 533 220 186 
5 9 205 460 664 465 450 526 224 192 
5 9 205 460 664 466 434 520 232 198 
5 9 205 460 664 467 421 513 234 206 
5 9 205 460 664 468 407 506 238 212 
5 9 205 460 664 469 403 501 234 218 
5 9 205 460 664 470 398 496 232 222 
5 9 205 460 664 471 394 492 228 227 
5 9 205 460 664 472 390 488 224 230 
5 9 205 460 664 473 384 484 222 235 
5 9 205 460 664 474 380 480 218 238 
5 9 205 460 664 475 377 475 212 243 
5 9 205 460 664 476 371 472 210 246 
5 9 205 460 664 477 367 467 206 251 
5 9 205 460 664 478 363 464 202 254 
5 9 205 460 664 479 358 460 200 259 
5 9 205 460 664 480 354 455 196 264 
5 9 205 460 664 481 350 451 192 267 
5 9 205 460 664 482 344 447 190 271 
5 9 205 460 664 483 340 443 186 275 
5 9 205 460 664 484 337 439 180 279 
5 9 205 460 664 485 331 436 178 283 
5 9 205 460 664 486 330 431 170 288 
5 9 205 460 664 487 326 428 172 290 
5 9 205 460 664 488 326 427 166 292 
5 9 205 460 664 489 325 422 164 296 
5 9 205 460 664 490 321 421 164 297 
5 9 205 460 664 491 319 418 164 300 
5 9 205 460 664 492 319 417 160 298 
5 9 205 460 664 493 315 415 160 297 
5 9 205 460 664 494 313 413 158 292 
5 9 205 460 664 495 313 411 156 291 
5 9 205 460 664 496 309 407 156 291 
5 9 205 460 664 497 307 407 154 285 
5 9 205 460 664 498 306 403 150 285 
5 9 205 460 664 499 303 401 152 283 
5 9 205 460 664 500 301 401 150 279 
5 9 205 460 664 501 300 397 146 277 
5 9 205 460 664 502 297 396 146 274 
5 9 205 460 664 503 295 393 146 274 
5 9 205 460 664 504 294 392 142 268 
5 9 205 460 664 505 291 388 142 270 
5 9 205 460 664 506 290 387 138 265 
5 9 205 460 664 507 288 386 138 264 
5 9 205 460 664 508 286 384 140 261 
5 9 205 460 664 509 286 382 140 261 
5 9 205 460 664 510 287 380 136 259 
5 9 205 460 664 511 287 380 136 258 
5 9 205 460 664 512 286 378 134 256 
5 9 205 460 664 513 286 376 134 256 
5 9 205 460 664 514 286 374 134 253 
5 9 205 460 664 515 287 374 130 252 
5 9 205 460 664 516 287 371 130 253 
5 9 205 460 664 517 285 370 132 250 
5 9 205 460 664 518 285 368 132 250 
5 9 205 460 664 519 285 366 132 249 
5 9 205 460 664 520 286 365 128 247 
5 9 205 460 664 521 286 364 128 244 
5 9 205 460 664 522 284 362 128 246 
5 9 205 460 664 523 284 360 128 243 
5 9 205 460 664 524 284 361 128 240 
5 9 205 460 664 525 285 360 124 240 
5 9 205 460 664 526 285 358 124 237 
5 9 205 460 664 527 283 356 124 237 
5 9 205 460 664 528 283 354 124 235 
5 9 205 460 664 529 283 352 122 235 
5 9 205 460 664 530 283 352 122 231 
5 9 205 460 664 531 283 350 122 232 
5 9 205 460 664 532 281 348 122 229 
5 9 205 460 664 533 281 346 122 229 
5 9 205 460 664 534 282 346 118 228 
5 9 205 460 664 535 282 344 118 226 
5 9 205 460 664 536 282 342 118 226 
5 9 205 460 664 537 282 340 116 225 
5 9 205 460 664 538 282 338 116 225 
5 9 205 460 664 539 282 338 114 220 
5 9 205 460 664 540 282 336 114 220 
5 9 205 460 664 541 282 336 114 219 
5 9 205 460 664 542 280 334 114 219 
5 9 205 460 664 543 278 332 114 219 
5 9 205 460 664 544 279 333 110 216 
5 9 205 460 664 545 277 332 110 216 
5 9 205 460 664 546 278 332 108 213 
5 9 205 460 664 547 277 330 106 213 
5 9 205 460 664 548 277 331 106 210 
5 9 205 460 664 549 275 329 106 210 
5 9 205 460 664 550 276 329 102 208 
5 9 205 460 664 551 274 327 104 208 
5 9 205 460 664 552 275 327 100 205 
5 9 205 460 664 553 273 325 100 205 
5 9 205 460 664 554 273 325 100 205 
5 9 205 460 664 555 270 324 98 205 
5 9 205 460 664 556 268 325 100 202 
5 9 205 460 664 557 263 323 104 202 
5 9 205 460 664 558 262 323 102 199 
5 9 205 460 664 559 257 321 106 199 
5 9 205 460 664 560 255 322 108 198 
5 9 205 460 664 561 253 320 108 198 
5 9 205 460 664 562 249 320 110 195 
5 9 205 460 664 563 247 319 110 193 
5 9 205 460 664 564 244 320 112 192 
5 9 205 460 664 565 241 318 114 192 
5 9 205 460 664 566 239 318 114 192 
5 9 205 460 664 567 234 316 116 192 
5 9 205 460 664 568 228 316 122 189 
5 9 205 460 664 569 226 314 120 189 
5 9 205 460 664 570 221 314 124 187 
5 9 205 460 664 571 216 312 126 187 
5 9 205 460 664 572 213 313 128 184 
5 9 205 460 664 573 209 312 128 183 
5 9 205 460 664 574 205 312 132 183 
5 9 205 460 664 575 198 310 136 184 
5 9 205 460 664 576 194 310 138 181 
5 9 205 460 664 577 190 308 140 181 
5 9 205 460 664 578 186 309 142 178 
5 9 205 460 664 579 182 307 142 178 
5 9 205 460 664 580 178 307 146 177 
5 9 205 460 664 581 174 306 146 175 
5 9 205 460 664 582 171 306 148 175 
5 9 205 460 664 583 167 304 146 175 
5 9 205 460 664 584 163 305 146 172 
5 9 205 460 664 585 161 302 142 175 
5 9 205 460 664 586 157 303 142 174 
5 9 205 460 664 587 155 301 138 174 
5 9 205 460 664 588 151 301 140 174 
5 9 205 460 664 589 149 299 134 174 
5 9 205 460 664 590 145 299 136 171 
5 9 205 460 664 591 143 299 130 171 
5 9 205 460 664 592 139 298 132 169 
5 9 205 460 664 593 136 299 128 168 
5 9 205 460 664 594 133 296 128 171 
5 9 205 460 664 595 129 297 126 168 
5 9 205 460 664 596 127 295 124 168 
5 9 205 460 664 597 123 295 122 168 
5 9 205 460 664 598 121 293 120 168 
5 9 205 460 664 599 117 293 118 166 
5 9 205 460 664 600 115 293 116 166 
5 9 205 460 664 601 113 292 114 165 
5 9 205 460 664 602 112 292 110 165 
5 9 205 460 664 603 111 290 108 165 
5 9 205 460 664 604 110 288 104 165 
5 9 205 460 664 605 110 286 98 165 
5 9 205 460 664 606 108 286 100 165 
5 9 205 460 664 607 104 286 100 163 
5 9 205 460 664 608 101 287 100 160 
5 9 205 460 664 609 96 287 104 160 
5 9 205 460 664 610 93 287 102 157 
5 9 205 460 664 611 91 287 102 157 
5 9 205 460 664 612 89 285 104 157 
5 9 205 460 664 613 87 286 104 156 
5 9 205 460 664 614 86 286 102 153 
5 9 205 460 664 615 84 287 102 150 
5 9 205 460 664 616 82 287 104 150 
5 9 205 460 664 617 78 286 104 148 
5 9 205 460 664 618 78 286 98 148 
5 9 205 460 664 619 77 284 96 148 
5 9 205 460 664 620 75 284 96 148 
5 9 205 460 664 621 72 282 96 150 
5 9 205 460 664 622 71 280 92 150 
5 9 205 460 664 623 69 280 92 150 
5 9 205 460 664 624 64 279 94 148 
5 9 205 460 664 625 64 279 92 148 
5 9 205 460 664 626 63 277 88 148 
5 9 205 460 664 627 60 277 90 148 
5 9 205 460 664 628 57 275 92 150 
5 9 205 460 664 629 52 273 96 150 
5 9 205 460 664 630 47 271 100 150 
5 9 205 460 664 631 43 270 102 148 
5 9 205 460 664 632 40 270 106 148 
5 9 205 460 664 633 37 268 106 148 
5 9 205 460 664 634 33 268 106 148 
5 9 205 460 664 635 29 268 108 148 
5 9 205 460 664 636 28 268 106 148 
5 9 205 460 664 637 27 268 102 148 
5 9 205 460 664 638 26 268 100 148 
5 9 205 460 664 639 25 268 96 148 
5 9 205 460 664 640 24 268 96 148 
5 9 205 460 664 641 20 268 96 148 
5 9 205 460 664 642 18 268 96 148 
5 9 205 460 664 643 15 268 96 148 
5 9 205 460 664 644 13 268 96 148 
5 9 205 460 664 645 11 268 96 147 
5 9 205 460 664 646 9 269 96 144 
5 9 205 460 664 647 8 269 96 141 
5 9 205 460 664 648 6 270 96 138 
5 9 205 460 664 649 6 270 96 138 
5 9 205 460 664 650 2 270 96 138 
5 9 205 460 664 651 0 270 95 138 
5 9 205 460 664 652 0 270 90 136 
5 9 205 460 664 653 0 270 88 136 
5 9 205 460 664 654 0 270 84 133 
5 9 205 460 664 655 0 270 81 133 
5 9 205 460 664 656 0 268 77 133 
5 9 205 460 664 657 0 266 76 133 
5 9 205 460 664 658 0 266 74 133 
5 9 205 460 664 659 0 266 73 133 
5 9 205 460 664 660 0 266 72 133 
5 9 205 460 664 661 0 266 72 133 
5 9 205 460 664 662 0 266 66 133 
5 9 205 460 664 663 0 266 63 133 
5 9 205 460 664 664 0 266 60 133 
6 9 700 0 699 0 288 239 46 78 
6 9 700 0 699 1 288 239 46 78 
6 9 700 0 699 2 288 239 46 78 
6 9 700 0 699 3 288 239 46 78 
6 9 700 0 699 4 288 239 46 78 
6 9 700 0 699 5 288 239 46 78 
6 9 700 0 699 6 288 239 46 78 
6 9 700 0 699 7 290 239 46 78 
6 9 700 0 699 8 290 239 46 78 
6 9 700 0 699 9 290 239 46 78 
6 9 700 0 699 10 290 239 46 78 
6 9 700 0 699 11 290 238 46 79 
6 9 700 0 699 12 290 238 46 79 
6 9 700 0 699 13 289 238 50 79 
6 9 700 0 699 14 292 238 46 79 
6 9 700 0 699 15 292 238 46 79 
6 9 700 0 699 16 292 238 46 79 
6 9 700 0 699 17 292 238 46 79 
6 9 700 0 699 18 292 238 46 79 
6 9 700 0 699 19 292 238 48 79 
6 9 700 0 699 20 292 238 48 79 
6 9 700 0 699 21 293 240 46 79 
6 9 700 0 699 22 293 240 46 79 
6 9 700 0 699 23 293 240 46 79 
6 9 700 0 699 24 293 240 46 79 
6 9 700 0 699 25 292 240 50 79 
6 9 700 0 699 26 292 240 50 79 
6 9 700 0 699 27 292 240 50 79 
6 9 700 0 699 28 295 240 46 79 
6 9 700 0 699 29 295 240 46 79 
6 9 700 0 699 30 295 240 46 79 
6 9 700 0 699 31 294 240 50 79 
6 9 700 0 699 32 294 240 50 82 
6 9 700 0 699 33 294 240 50 82 
6 9 700 0 699 34 294 240 50 82 
6 9 700 0 699 35 297 240 46 82 
6 9 700 0 699 36 297 240 46 82 
6 9 700 0 699 37 297 240 46 82 
6 9 700 0 699 38 296 240 50 82 
6 9 700 0 699 39 296 240 50 82 
6 9 700 0 699 40 296 240 50 82 
6 9 700 0 699 41 296 240 50 82 
6 9 700 0 699 42 299 242 46 82 
6 9 700 0 699 43 299 242 46 82 
6 9 700 0 699 44 298 242 50 82 
6 9 700 0 699 45 298 242 50 82 
6 9 700 0 699 46 298 242 50 82 
6 9 700 0 699 47 298 242 50 82 
6 9 700 0 699 48 298 242 50 82 
6 9 700 0 699 49 300 242 48 82 
6 9 700 0 699 50 299 242 50 82 
6 9 700 0 699 51 299 242 50 82 
6 9 700 0 699 52 299 242 50 82 
6 9 700 0 699 53 299 242 50 84 
6 9 700 0 699 54 299 242 50 84 
6 9 700 0 699 55 299 242 50 84 
6 9 700 0 699 56 301 242 50 84 
6 9 700 0 699 57 301 242 50 84 
6 9 700 0 699 58 301 242 50 84 
6 9 700 0 699 59 301 242 50 84 
6 9 700 0 699 60 301 242 50 84 
6 9 700 0 699 61 301 242 50 84 
6 9 700 0 699 62 300 242 54 84 
6 9 700 0 699 63 303 242 50 85 
6 9 700 0 699 64 303 242 50 85 
6 9 700 0 699 65 303 242 50 85 
6 9 700 0 699 66 303 242 50 85 
6 9 700 0 699 67 303 242 50 85 
6 9 700 0 699 68 302 242 54 85 
6 9 700 0 699 69 302 242 54 85 
6 9 700 0 699 70 305 242 50 85 
6 9 700 0 699 71 305 242 50 85 
6 9 700 0 699 72 305 242 50 85 
6 9 700 0 699 73 305 242 50 85 
6 9 700 0 699 74 305 242 50 88 
6 9 700 0 699 75 305 242 52 88 
6 9 700 0 699 76 305 242 52 88 
6 9 700 0 699 77 308 242 48 88 
6 9 700 0 699 78 308 242 48 88 
6 9 700 0 699 79 308 242 48 88 
6 9 700 0 699 80 308 242 48 88 
6 9 700 0 699 81 307 242 52 88 
6 9 700 0 699 82 307 242 52 88 
6 9 700 0 699 83 307 242 52 88 
6 9 700 0 699 84 308 244 50 88 
6 9 700 0 699 85 308 244 50 88 
6 9 700 0 699 86 308 244 50 88 
6 9 700 0 699 87 307 244 54 88 
6 9 700 0 699 88 307 244 54 88 
6 9 700 0 699 89 307 244 54 88 
6 9 700 0 699 90 307 244 54 88 
6 9 700 0 699 91 310 244 50 88 
6 9 700 0 699 92 310 244 50 88 
6 9 700 0 699 93 309 244 54 88 
6 9 700 0 699 94 309 244 54 88 
6 9 700 0 699 95 309 243 54 91 
6 9 700 0 699 96 309 243 54 91 
6 9 700 0 699 97 309 243 54 91 
6 9 700 0 699 98 312 243 50 91 
6 9 700 0 699 99 311 243 54 91 
6 9 700 0 699 100 311 243 54 91 
6 9 700 0 699 101 311 243 54 91 
6 9 700 0 699 102 311 243 54 91 
6 9 700 0 699 103 311 243 54 91 
6 9 700 0 699 104 311 243 54 91 
6 9 700 0 699 105 314 246 52 90 
6 9 700 0 699 106 314 246 52 90 
6 9 700 0 699 107 314 246 52 90 
6 9 700 0 699 108 314 246 52 90 
6 9 700 0 699 109 314 246 54 90 
6 9 700 0 699 110 314 246 54 90 
6 9 700 0 699 111 314 246 54 90 
6 9 700 0 699 112 313 246 58 90 
6 9 700 0 699 113 316 246 54 90 
6 9 700 0 699 114 316 246 54 90 
6 9 700 0 699 115 316 245 54 93 
6 9 700 0 699 116 318 245 54 93 
6 9 700 0 699 117 318 245 54 93 
6 9 700 0 699 118 318 245 54 93 
6 9 700 0 699 119 318 245 56 93 
6 9 700 0 699 120 321 245 52 93 
6 9 700 0 699 121 321 248 52 90 
6 9 700 0 699 122 320 248 56 90 
6 9 700 0 699 123 323 248 52 90 
6 9 700 0 699 124 323 248 52 90 
6 9 700 0 699 125 323 247 52 93 
6 9 700 0 699 126 322 247 56 93 
6 9 700 0 699 127 323 247 54 93 
6 9 700 0 699 128 323 247 54 93 
6 9 700 0 699 129 322 247 58 93 
6 9 700 0 699 130 325 247 54 93 
6 9 700 0 699 131 325 247 54 93 
6 9 700 0 699 132 325 247 54 93 
6 9 700 0 699 133 324 247 58 93 
6 9 700 0 699 134 327 247 54 93 
6 9 700 0 699 135 327 247 54 96 
6 9 700 0 699 136 327 247 56 96 
6 9 700 0 699 137 330 248 52 94 
6 9 700 0 699 138 330 248 52 94 
6 9 700 0 699 139 329 248 56 94 
6 9 700 0 699 140 329 248 56 94 
6 9 700 0 699 141 330 248 54 94 
6 9 700 0 699 142 330 248 54 94 
6 9 700 0 699 143 329 248 58 94 
6 9 700 0 699 144 332 248 54 96 
6 9 700 0 699 145 332 248 54 96 
6 9 700 0 699 146 331 248 58 96 
6 9 700 0 699 147 331 248 58 96 
6 9 700 0 699 148 334 248 54 96 
6 9 700 0 699 149 334 248 54 96 
6 9 700 0 699 150 334 248 56 96 
6 9 700 0 699 151 334 248 56 96 
6 9 700 0 699 152 337 250 52 93 
6 9 700 0 699 153 336 250 56 93 
6 9 700 0 699 154 336 250 56 96 
6 9 700 0 699 155 339 250 52 96 
6 9 700 0 699 156 338 250 56 96 
6 9 700 0 699 157 338 250 56 96 
6 9 700 0 699 158 338 250 56 96 
6 9 700 0 699 159 339 250 54 96 
6 9 700 0 699 160 338 250 58 96 
6 9 700 0 699 161 338 250 58 96 
6 9 700 0 699 162 341 250 54 96 
6 9 700 0 699 163 340 250 58 96 
6 9 700 0 699 164 340 249 58 99 
6 9 700 0 699 165 340 249 58 99 
6 9 700 0 699 166 343 249 54 99 
6 9 700 0 699 167 343 249 56 99 
6 9 700 0 699 168 343 252 56 96 
6 9 700 0 699 169 346 252 52 96 
6 9 700 0 699 170 345 252 56 96 
6 9 700 0 699 171 345 252 56 96 
6 9 700 0 699 172 345 252 56 96 
6 9 700 0 699 173 345 252 58 96 
6 9 700 0 699 174 345 251 58 99 
6 9 700 0 699 175 345 251 58 99 
6 9 700 0 699 176 348 251 54 99 
6 9 700 0 699 177 347 251 58 99 
6 9 700 0 699 178 347 251 58 99 
6 9 700 0 699 179 347 251 58 99 
6 9 700 0 699 180 350 251 56 99 
6 9 700 0 699 181 350 251 56 99 
6 9 700 0 699 182 350 251 56 99 
6 9 700 0 699 183 352 253 56 99 
6 9 700 0 699 184 352 253 56 99 
6 9 700 0 699 185 352 253 56 99 
6 9 700 0 699 186 351 253 60 99 
6 9 700 0 699 187 354 253 56 99 
6 9 700 0 699 188 354 253 56 99 
6 9 700 0 699 189 353 253 60 99 
6 9 700 0 699 190 354 253 58 100 
6 9 700 0 699 191 354 253 58 100 
6 9 700 0 699 192 353 253 62 100 
6 9 700 0 699 193 356 253 58 100 
6 9 700 0 699 194 356 253 58 100 
6 9 700 0 699 195 356 253 60 100 
6 9 700 0 699 196 359 253 56 100 
6 9 700 0 699 197 359 252 56 103 
6 9 700 0 699 198 358 255 60 100 
6 9 700 0 699 199 361 255 56 100 
6 9 700 0 699 200 361 255 56 100 
6 9 700 0 699 201 360 255 60 100 
6 9 700 0 699 202 360 255 60 100 
6 9 700 0 699 203 361 254 58 103 
6 9 700 0 699 204 360 254 62 103 
6 9 700 0 699 205 360 254 62 103 
6 9 700 0 699 206 363 254 58 103 
6 9 700 0 699 207 363 254 60 103 
6 9 700 0 699 208 363 254 60 103 
6 9 700 0 699 209 366 254 56 103 
6 9 700 0 699 210 365 254 60 106 
6 9 700 0 699 211 365 254 60 106 
6 9 700 0 699 212 368 254 56 106 
6 9 700 0 699 213 367 255 60 105 
6 9 700 0 699 214 367 255 60 105 
6 9 700 0 699 215 370 255 56 105 
6 9 700 0 699 216 369 255 60 105 
6 9 700 0 699 217 369 255 60 106 
6 9 700 0 699 218 370 255 58 106 
6 9 700 0 699 219 369 255 62 106 
6 9 700 0 699 220 369 255 62 106 
6 9 700 0 699 221 369 255 64 106 
6 9 700 0 699 222 372 255 60 106 
6 9 700 0 699 223 372 254 60 109 
6 9 700 0 699 224 371 254 64 109 
6 9 700 0 699 225 374 254 60 109 
6 9 700 0 699 226 374 254 60 109 
6 9 700 0 699 227 373 257 64 106 
6 9 700 0 699 228 376 257 60 106 
6 9 700 0 699 229 376 257 60 106 
6 9 700 0 699 230 375 256 64 109 
6 9 700 0 699 231 376 256 62 109 
6 9 700 0 699 232 376 256 62 109 
6 9 700 0 699 233 376 256 64 109 
6 9 700 0 699 234 379 256 60 109 
6 9 700 0 699 235 379 256 60 109 
6 9 700 0 699 236 378 256 64 109 
6 9 700 0 699 237 381 256 60 112 
6 9 700 0 699 238 381 256 60 112 
6 9 700 0 699 239 380 256 64 112 
6 9 700 0 699 240 380 256 64 112 
6 9 700 0 699 241 383 256 60 112 
6 9 700 0 699 242 382 258 64 109 
6 9 700 0 699 243 382 258 64 112 
6 9 700 0 699 244 385 258 60 112 
6 9 700 0 699 245 384 258 64 112 
6 9 700 0 699 246 384 258 64 112 
6 9 700 0 699 247 385 258 62 112 
6 9 700 0 699 248 385 258 64 112 
6 9 700 0 699 249 385 258 64 112 
6 9 700 0 699 250 388 258 60 114 
6 9 700 0 699 251 387 258 64 114 
6 9 700 0 699 252 387 258 64 114 
6 9 700 0 699 253 390 258 60 114 
6 9 700 0 699 254 389 258 64 114 
6 9 700 0 699 255 389 258 64 114 
6 9 700 0 699 256 391 260 64 114 
6 9 700 0 699 257 391 260 64 109 
6 9 700 0 699 258 391 261 64 106 
6 9 700 0 699 259 391 262 64 100 
6 9 700 0 699 260 392 264 64 96 
6 9 700 0 699 261 392 264 64 96 
6 9 700 0 699 262 394 264 64 96 
6 9 700 0 699 263 394 264 64 96 
6 9 700 0 699 264 396 264 64 96 
6 9 700 0 699 265 396 264 64 96 
6 9 700 0 699 266 398 263 64 99 
6 9 700 0 699 267 398 263 64 99 
6 9 700 0 699 268 400 263 64 99 
6 9 700 0 699 269 400 263 64 99 
6 9 700 0 699 270 401 266 64 96 
6 9 700 0 699 271 400 266 68 96 
6 9 700 0 699 272 403 265 64 99 
6 9 700 0 699 273 402 265 68 99 
6 9 700 0 699 274 405 265 64 99 
6 9 700 0 699 275 404 265 68 99 
6 9 700 0 699 276 407 265 64 99 
6 9 700 0 699 277 406 265 66 99 
6 9 700 0 699 278 408 265 64 102 
6 9 700 0 699 279 407 265 68 102 
6 9 700 0 699 280 409 267 68 99 
6 9 700 0 699 281 412 267 64 99 
6 9 700 0 699 282 411 267 68 99 
6 9 700 0 699 283 414 267 64 102 
6 9 700 0 699 284 413 267 68 102 
6 9 700 0 699 285 416 267 64 102 
6 9 700 0 699 286 415 267 66 102 
6 9 700 0 699 287 417 267 64 102 
6 9 700 0 699 288 416 267 68 102 
6 9 700 0 699 289 419 266 64 103 
6 9 700 0 699 290 418 269 68 100 
6 9 700 0 699 291 420 269 68 100 
6 9 700 0 699 292 420 269 68 100 
6 9 700 0 699 293 422 269 66 100 
6 9 700 0 699 294 422 269 66 100 
6 9 700 0 699 295 423 268 68 103 
6 9 700 0 699 296 423 268 68 103 
6 9 700 0 699 297 425 268 68 103 
6 9 700 0 699 298 425 268 68 103 
6 9 700 0 699 299 427 268 68 103 
6 9 700 0 699 300 429 270 68 103 
6 9 700 0 699 301 429 270 68 103 
6 9 700 0 699 302 431 270 66 103 
6 9 700 0 699 303 431 270 66 103 
6 9 700 0 699 304 432 270 68 103 
6 9 700 0 699 305 432 270 68 106 
6 9 700 0 699 306 434 270 68 106 
6 9 700 0 699 307 433 270 72 106 
6 9 700 0 699 308 436 270 68 106 
6 9 700 0 699 309 435 271 70 105 
6 9 700 0 699 310 438 271 66 106 
6 9 700 0 699 311 439 271 68 106 
6 9 700 0 699 312 438 271 72 106 
6 9 700 0 699 313 441 271 68 106 
6 9 700 0 699 314 440 270 72 109 
6 9 700 0 699 315 443 270 68 109 
6 9 700 0 699 316 442 270 72 109 
6 9 700 0 699 317 445 270 68 109 
6 9 700 0 699 318 444 273 70 106 
6 9 700 0 699 319 446 272 70 109 
6 9 700 0 699 320 448 272 68 109 
6 9 700 0 699 321 447 272 72 109 
6 9 700 0 699 322 450 272 68 109 
6 9 700 0 699 323 449 272 72 109 
6 9 700 0 699 324 451 272 70 112 
6 9 700 0 699 325 451 272 70 112 
6 9 700 0 699 326 453 274 70 109 
6 9 700 0 699 327 453 274 70 109 
6 9 700 0 699 328 454 274 72 112 
6 9 700 0 699 329 454 274 72 112 
6 9 700 0 699 330 456 274 72 112 
6 9 700 0 699 331 458 274 72 112 
6 9 700 0 699 332 458 274 72 112 
6 9 700 0 699 333 460 274 70 114 
6 9 700 0 699 334 460 274 70 114 
6 9 700 0 699 335 462 276 70 111 
6 9 700 0 699 336 461 276 74 111 
6 9 700 0 699 337 463 276 72 114 
6 9 700 0 699 338 462 276 76 114 
6 9 700 0 699 339 465 276 72 114 
6 9 700 0 699 340 467 276 70 114 
6 9 700 0 699 341 467 276 70 114 
6 9 700 0 699 342 469 275 70 117 
6 9 700 0 699 343 468 276 74 115 
6 9 700 0 699 344 470 276 72 115 
6 9 700 0 699 345 469 276 76 115 
6 9 700 0 699 346 472 276 72 115 
6 9 700 0 699 347 471 276 76 118 
6 9 700 0 699 348 473 276 74 118 
6 9 700 0 699 349 473 276 74 118 
6 9 700 0 699 350 475 276 74 118 
6 9 700 0 699 351 478 276 70 120 
6 9 700 0 699 352 477 278 74 117 
6 9 700 0 699 353 479 278 72 117 
6 9 700 0 699 354 478 278 76 117 
6 9 700 0 699 355 480 278 74 117 
6 9 700 0 699 356 480 278 74 120 
6 9 700 0 699 357 482 278 74 120 
6 9 700 0 699 358 482 278 74 120 
6 9 700 0 699 359 484 278 74 120 
6 9 700 0 699 360 485 280 76 120 
6 9 700 0 699 361 485 280 76 120 
6 9 700 0 699 362 487 280 76 120 
6 9 700 0 699 363 489 280 74 120 
6 9 700 0 699 364 491 280 74 120 
6 9 700 0 699 365 493 280 74 120 
6 9 700 0 699 366 495 279 72 123 
6 9 700 0 699 367 497 279 72 123 
6 9 700 0 699 368 499 279 70 123 
6 9 700 0 699 369 498 279 74 123 
6 9 700 0 699 370 500 279 74 123 
6 9 700 0 699 371 501 279 76 126 
6 9 700 0 699 372 504 279 72 126 
6 9 700 0 699 373 506 281 72 123 
6 9 700 0 699 374 508 281 70 123 
6 9 700 0 699 375 510 281 70 123 
6 9 700 0 699 376 511 281 72 124 
6 9 700 0 699 377 513 281 72 124 
6 9 700 0 699 378 513 281 72 124 
6 9 700 0 699 379 515 281 70 124 
6 9 700 0 699 380 517 281 70 124 
6 9 700 0 699 381 518 280 72 127 
6 9 700 0 699 382 520 280 72 127 
6 9 700 0 699 383 522 280 72 127 
6 9 700 0 699 384 525 280 68 127 
6 9 700 0 699 385 527 280 66 127 
6 9 700 0 699 386 528 282 68 127 
6 9 700 0 699 387 527 282 72 127 
6 9 700 0 699 388 529 282 72 127 
6 9 700 0 699 389 532 282 68 127 
6 9 700 0 699 390 534 282 66 127 
6 9 700 0 699 391 535 282 68 127 
6 9 700 0 699 392 537 282 68 130 
6 9 700 0 699 393 539 282 68 130 
6 9 700 0 699 394 541 282 68 130 
6 9 700 0 699 395 541 282 68 130 
6 9 700 0 699 396 543 282 66 130 
6 9 700 0 699 397 544 282 68 132 
6 9 700 0 699 398 546 282 68 132 
6 9 700 0 699 399 548 283 68 130 
6 9 700 0 699 400 550 283 66 130 
6 9 700 0 699 401 552 283 64 130 
6 9 700 0 699 402 554 282 64 133 
6 9 700 0 699 403 556 282 64 133 
6 9 700 0 699 404 555 282 68 133 
6 9 700 0 699 405 557 282 68 133 
6 9 700 0 699 406 559 282 66 133 
6 9 700 0 699 407 561 282 64 136 
6 9 700 0 699 408 563 282 64 136 
6 9 700 0 699 409 565 282 64 136 
6 9 700 0 699 410 567 282 64 136 
6 9 700 0 699 411 568 282 64 136 
6 9 700 0 699 412 570 284 64 136 
6 9 700 0 699 413 572 284 64 136 
6 9 700 0 699 414 574 284 64 136 
6 9 700 0 699 415 576 284 64 136 
6 9 700 0 699 416 577 283 64 139 
6 9 700 0 699 417 579 283 64 139 
6 9 700 0 699 418 581 286 64 136 
6 9 700 0 699 419 583 286 64 138 
6 9 700 0 699 420 584 286 64 138 
6 9 700 0 699 421 586 286 64 138 
6 9 700 0 699 422 588 286 64 138 
6 9 700 0 699 423 590 288 64 138 
6 9 700 0 699 424 592 288 64 138 
6 9 700 0 699 425 592 288 68 138 
6 9 700 0 699 426 594 287 68 141 
6 9 700 0 699 427 596 287 68 141 
6 9 700 0 699 428 598 287 66 141 
6 9 700 0 699 429 599 288 68 142 
6 9 700 0 699 430 601 288 68 142 
6 9 700 0 699 431 603 288 68 142 
6 9 700 0 699 432 605 288 68 142 
6 9 700 0 699 433 607 288 66 144 
6 9 700 0 699 434 608 290 68 141 
6 9 700 0 699 435 610 290 68 141 
6 9 700 0 699 436 612 290 68 144 
6 9 700 0 699 437 614 290 66 144 
6 9 700 0 699 438 614 290 72 144 
6 9 700 0 699 439 616 289 72 147 
6 9 700 0 699 440 618 292 72 144 
6 9 700 0 699 441 620 292 70 144 
6 9 700 0 699 442 622 292 70 144 
6 9 700 0 699 443 623 291 72 147 
6 9 700 0 699 444 625 291 72 147 
6 9 700 0 699 445 627 294 70 144 
6 9 700 0 699 446 629 293 70 147 
6 9 700 0 699 447 630 293 72 147 
6 9 700 0 699 448 632 293 72 147 
6 9 700 0 699 449 634 293 72 148 
6 9 700 0 699 450 636 293 70 148 
6 9 700 0 699 451 637 295 74 145 
6 9 700 0 699 452 638 295 76 145 
6 9 700 0 699 453 640 295 74 148 
6 9 700 0 699 454 642 295 74 148 
6 9 700 0 699 455 644 295 74 148 
6 9 700 0 699 456 645 296 76 150 
6 9 700 0 699 457 647 296 76 150 
6 9 700 0 699 458 649 296 74 150 
6 9 700 0 699 459 651 295 74 153 
6 9 700 0 699 460 653 295 74 153 
6 9 700 0 699 461 654 295 76 153 
6 9 700 0 699 462 656 298 74 150 
6 9 700 0 699 463 658 297 74 151 
6 9 700 0 699 464 659 297 78 151 
6 9 700 0 699 465 660 297 80 151 
6 9 700 0 699 466 662 297 78 154 
6 9 700 0 699 467 664 299 78 151 
6 9 700 0 699 468 666 299 78 151 
6 9 700 0 699 469 668 299 78 154 
6 9 700 0 699 470 669 299 78 154 
6 9 700 0 699 471 671 299 78 154 
6 9 700 0 699 472 673 299 78 154 
6 9 700 0 699 473 675 301 78 154 
6 9 700 0 699 474 676 301 80 154 
6 9 700 0 699 475 678 301 78 154 
6 9 700 0 699 476 680 300 78 157 
6 9 700 0 699 477 681 300 82 157 
6 9 700 0 699 478 684 302 80 156 
6 9 700 0 699 479 684 301 82 157 
6 9 700 0 699 480 686 301 82 157 
6 9 700 0 699 481 688 301 82 157 
6 9 700 0 699 482 690 301 82 157 
6 9 700 0 699 483 691 301 82 160 
6 9 700 0 699 484 693 303 82 157 
6 9 700 0 699 485 695 303 82 157 
6 9 700 0 699 486 697 303 82 160 
6 9 700 0 699 487 700 303 80 160 
6 9 700 0 699 488 700 303 82 160 
6 9 700 0 699 489 701 305 86 160 
6 9 700 0 699 490 703 305 86 160 
6 9 700 0 699 491 706 305 84 160 
6 9 700 0 699 492 705 305 90 162 
6 9 700 0 699 493 710 305 86 162 
6 9 700 0 699 494 713 307 84 159 
6 9 700 0 699 495 714 307 88 162 
6 9 700 0 699 496 717 307 86 162 
6 9 700 0 699 497 719 307 86 162 
6 9 700 0 699 498 721 309 88 162 
6 9 700 0 699 499 721 309 90 162 
6 9 700 0 699 500 726 309 86 162 
6 9 700 0 699 501 728 308 88 165 
6 9 700 0 699 502 730 309 88 163 
6 9 700 0 699 503 733 309 86 166 
6 9 700 0 699 504 735 309 88 166 
6 9 700 0 699 505 737 309 88 166 
6 9 700 0 699 506 737 311 90 165 
6 9 700 0 699 507 742 311 88 165 
6 9 700 0 699 508 744 311 88 165 
6 9 700 0 699 509 746 311 88 168 
6 9 700 0 699 510 748 313 90 165 
6 9 700 0 699 511 751 313 88 165 
6 9 700 0 699 512 753 313 88 168 
6 9 700 0 699 513 752 313 94 168 
6 9 700 0 699 514 758 313 88 168 
6 9 700 0 699 515 760 315 88 168 
6 9 700 0 699 516 761 315 92 168 
6 9 700 0 699 517 764 314 90 169 
6 9 700 0 699 518 767 314 88 169 
6 9 700 0 699 519 768 316 92 168 
6 9 700 0 699 520 768 315 94 171 
6 9 700 0 699 521 774 315 88 171 
6 9 700 0 699 522 775 315 92 171 
6 9 700 0 699 523 777 317 92 171 
6 9 700 0 699 524 780 317 90 171 
6 9 700 0 699 525 782 317 92 171 
6 9 700 0 699 526 784 317 92 174 
6 9 700 0 699 527 784 319 94 171 
6 9 700 0 699 528 789 319 92 171 
6 9 700 0 699 529 791 319 92 174 
6 9 700 0 699 530 793 319 92 174 
6 9 700 0 699 531 796 321 92 172 
6 9 700 0 699 532 798 321 92 172 
6 9 700 0 699 533 800 321 94 172 
6 9 700 0 699 534 802 320 96 175 
6 9 700 0 699 535 807 320 92 175 
6 9 700 0 699 536 809 323 94 172 
6 9 700 0 699 537 811 322 96 175 
6 9 700 0 699 538 816 322 92 175 
6 9 700 0 699 539 819 322 92 175 
6 9 700 0 699 540 820 323 96 177 
6 9 700 0 699 541 825 323 92 177 
6 9 700 0 699 542 825 323 96 177 
6 9 700 0 699 543 829 323 96 178 
6 9 700 0 699 544 832 323 94 178 
6 9 700 0 699 545 834 325 96 175 
6 9 700 0 699 546 838 325 96 178 
6 9 700 0 699 547 841 325 94 178 
6 9 700 0 699 548 843 325 96 178 
6 9 700 0 699 549 847 327 96 178 
6 9 700 0 699 550 848 327 96 178 
6 9 700 0 699 551 852 327 96 178 
6 9 700 0 699 552 856 326 96 181 
6 9 700 0 699 553 857 326 96 181 
6 9 700 0 699 554 861 329 96 178 
6 9 700 0 699 555 864 328 96 181 
6 9 700 0 699 556 866 328 96 181 
6 9 700 0 699 557 870 328 96 181 
6 9 700 0 699 558 873 329 96 181 
6 9 700 0 699 559 874 329 100 181 
6 9 700 0 699 560 878 329 98 181 
6 9 700 0 699 561 881 329 100 181 
6 9 700 0 699 562 885 329 100 181 
6 9 700 0 699 563 886 329 102 181 
6 9 700 0 699 564 888 331 106 181 
6 9 700 0 699 565 892 331 106 181 
6 9 700 0 699 566 895 331 108 181 
6 9 700 0 699 567 896 331 110 181 
6 9 700 0 699 568 900 331 110 181 
6 9 700 0 699 569 902 333 114 181 
6 9 700 0 699 570 906 333 114 181 
6 9 700 0 699 571 909 333 114 181 
6 9 700 0 699 572 910 333 118 181 
6 9 700 0 699 573 915 333 116 181 
6 9 700 0 699 574 917 333 118 181 
6 9 700 0 699 575 921 335 120 181 
6 9 700 0 699 576 920 335 126 181 
6 9 700 0 699 577 925 335 124 181 
6 9 700 0 699 578 929 335 124 181 
6 9 700 0 699 579 932 335 124 181 
6 9 700 0 699 580 935 338 128 180 
6 9 700 0 699 581 936 335 128 181 
6 9 700 0 699 582 938 335 128 181 
6 9 700 0 699 583 943 333 124 181 
6 9 700 0 699 584 945 333 124 181 
6 9 700 0 699 585 948 331 124 181 
6 9 700 0 699 586 950 331 124 181 
6 9 700 0 699 587 952 329 124 181 
6 9 700 0 699 588 955 329 122 181 
6 9 700 0 699 589 958 328 120 181 
6 9 700 0 699 590 962 328 120 181 
6 9 700 0 699 591 962 326 122 181 
6 9 700 0 699 592 964 326 122 181 
6 9 700 0 699 593 970 324 116 181 
6 9 700 0 699 594 970 324 118 181 
6 9 700 0 699 595 974 322 118 181 
6 9 700 0 699 596 977 322 116 181 
6 9 700 0 699 597 979 322 116 180 
6 9 700 0 699 598 982 322 114 180 
6 9 700 0 699 599 984 319 114 181 
6 9 700 0 699 600 987 319 114 181 
6 9 700 0 699 601 998 323 114 172 
6 9 700 0 699 602 1009 325 116 168 
6 9 700 0 699 603 1017 327 122 163 
6 9 700 0 699 604 1017 325 122 163 
6 9 700 0 699 605 1019 325 122 162 
6 9 700 0 699 606 1019 323 122 162 
6 9 700 0 699 607 1022 321 120 162 
6 9 700 0 699 608 1024 318 120 163 
6 9 700 0 699 609 1024 316 120 163 
6 9 700 0 699 610 1026 316 120 162 
6 9 700 0 699 611 1026 314 122 162 
6 9 700 0 699 612 1026 314 122 162 
6 9 700 0 699 613 1029 314 118 162 
6 9 700 0 699 614 1032 314 114 162 
6 9 700 0 699 615 1035 314 110 162 
6 9 700 0 699 616 1036 314 112 162 
6 9 700 0 699 617 1039 314 108 162 
6 9 700 0 699 618 1042 314 104 162 
6 9 700 0 699 619 1045 314 100 162 
6 9 700 0 699 620 1047 314 98 162 
6 9 700 0 699 621 1047 311 98 163 
6 9 700 0 699 622 1048 309 100 163 
6 9 700 0 699 623 1048 309 100 163 
6 9 700 0 699 624 1050 309 100 162 
6 9 700 0 699 625 1050 307 100 162 
6 9 700 0 699 626 1052 307 100 162 
6 9 700 0 699 627 1054 305 98 162 
6 9 700 0 699 628 1054 302 98 163 
6 9 700 0 699 629 1055 302 100 163 
6 9 700 0 699 630 1055 300 100 163 
6 9 700 0 699 631 1057 300 100 162 
6 9 700 0 699 632 1057 300 100 162 
6 9 700 0 699 633 1059 298 100 162 
6 9 700 0 699 634 1061 298 100 162 
6 9 700 0 699 635 1064 295 96 163 
6 9 700 0 699 636 1065 295 96 163 
6 9 700 0 699 637 1067 295 96 163 
6 9 700 0 699 638 1070 293 92 163 
6 9 700 0 699 639 1072 293 92 163 
6 9 700 0 699 640 1072 293 94 163 
6 9 700 0 699 641 1075 293 90 162 
6 9 700 0 699 642 1078 293 88 162 
6 9 700 0 699 643 1080 293 88 162 
6 9 700 0 699 644 1082 291 88 162 
6 9 700 0 699 645 1084 289 90 162 
6 9 700 0 699 646 1087 289 88 162 
6 9 700 0 699 647 1089 286 90 163 
6 9 700 0 699 648 1091 286 90 163 
6 9 700 0 699 649 1096 284 88 163 
6 9 700 0 699 650 1098 284 90 163 
6 9 700 0 699 651 1097 284 94 163 
6 9 700 0 699 652 1100 284 92 163 
6 9 700 0 699 653 1102 284 92 163 
6 9 700 0 699 654 1103 284 96 163 
6 9 700 0 699 655 1104 284 96 163 
6 9 700 0 699 656 1106 284 96 163 
6 9 700 0 699 657 1108 284 96 163 
6 9 700 0 699 658 1109 284 100 163 
6 9 700 0 699 659 1111 284 98 162 
6 9 700 0 699 660 1114 284 100 162 
6 9 700 0 699 661 1116 282 100 162 
6 9 700 0 699 662 1119 282 100 162 
6 9 700 0 699 663 1121 279 100 163 
6 9 700 0 699 664 1125 279 100 163 
6 9 700 0 699 665 1127 279 98 163 
6 9 700 0 699 666 1128 279 100 163 
6 9 700 0 699 667 1132 279 100 163 
6 9 700 0 699 668 1134 279 98 163 
6 9 700 0 699 669 1135 279 100 163 
6 9 700 0 699 670 1137 279 100 163 
6 9 700 0 699 671 1139 279 100 163 
6 9 700 0 699 672 1143 279 98 163 
6 9 700 0 699 673 1147 277 96 163 
6 9 700 0 699 674 1151 277 96 162 
6 9 700 0 699 675 1157 277 92 162 
6 9 700 0 699 676 1159 272 92 165 
6 9 700 0 699 677 1161 270 92 168 
6 9 700 0 699 678 1164 267 90 171 
6 9 700 0 699 679 1167 267 88 171 
6 9 700 0 699 680 1168 267 92 171 
6 9 700 0 699 681 1168 267 96 171 
6 9 700 0 699 682 1168 266 96 172 
6 9 700 0 699 683 1167 266 100 172 
6 9 700 0 699 684 1167 266 100 172 
6 9 700 0 699 685 1166 266 104 172 
6 9 700 0 699 686 1168 264 104 172 
6 9 700 0 699 687 1173 262 100 174 
6 9 700 0 699 688 1177 259 96 177 
6 9 700 0 699 689 1177 259 96 172 
6 9 700 0 699 690 1177 257 96 171 
6 9 700 0 699 691 1177 258 96 168 
6 9 700 0 699 692 1177 256 96 165 
6 9 700 0 699 693 1180 257 92 162 
6 9 700 0 699 694 1182 254 92 163 
6 9 700 0 699 695 1184 255 92 160 
6 9 700 0 699 696 1184 255 94 160 
6 9 700 0 699 697 1187 253 92 160 
6 9 700 0 699 698 1189 253 90 157 
6 9 700 0 699 699 1191 253 88 157 
7 9 700 0 699 0 266 225 52 96 
7 9 700 0 699 1 266 225 52 96 
7 9 700 0 699 2 266 225 52 96 
7 9 700 0 699 3 266 225 52 96 
7 9 700 0 699 4 266 225 52 96 
7 9 700 0 699 5 266 225 52 96 
7 9 700 0 699 6 266 225 52 96 
7 9 700 0 699 7 266 225 54 96 
7 9 700 0 699 8 266 225 54 96 
7 9 700 0 699 9 266 225 54 96 
7 9 700 0 699 10 266 224 54 99 
7 9 700 0 699 11 266 224 54 99 
7 9 700 0 699 12 266 227 54 96 
7 9 700 0 699 13 265 227 58 96 
7 9 700 0 699 14 268 227 54 96 
7 9 700 0 699 15 268 227 54 96 
7 9 700 0 699 16 268 227 54 96 
7 9 700 0 699 17 268 227 54 96 
7 9 700 0 699 18 268 227 54 96 
7 9 700 0 699 19 268 227 54 96 
7 9 700 0 699 20 267 226 58 99 
7 9 700 0 699 21 270 226 54 99 
7 9 700 0 699 22 270 226 54 99 
7 9 700 0 699 23 270 226 54 99 
7 9 700 0 699 24 270 229 54 96 
7 9 700 0 699 25 270 229 54 96 
7 9 700 0 699 26 270 229 56 96 
7 9 700 0 699 27 270 229 56 96 
7 9 700 0 699 28 273 229 52 96 
7 9 700 0 699 29 273 228 52 99 
7 9 700 0 699 30 273 228 52 99 
7 9 700 0 699 31 273 228 52 99 
7 9 700 0 699 32 272 228 56 99 
7 9 700 0 699 33 272 228 56 99 
7 9 700 0 699 34 275 228 52 99 
7 9 700 0 699 35 275 231 52 96 
7 9 700 0 699 36 275 231 52 96 
7 9 700 0 699 37 275 231 52 96 
7 9 700 0 699 38 275 231 52 96 
7 9 700 0 699 39 274 230 56 97 
7 9 700 0 699 40 274 230 56 97 
7 9 700 0 699 41 275 230 54 97 
7 9 700 0 699 42 275 230 54 97 
7 9 700 0 699 43 275 230 54 97 
7 9 700 0 699 44 275 230 54 97 
7 9 700 0 699 45 274 230 58 97 
7 9 700 0 699 46 274 230 58 97 
7 9 700 0 699 47 274 232 58 96 
7 9 700 0 699 48 277 231 54 99 
7 9 700 0 699 49 277 231 54 99 
7 9 700 0 699 50 277 231 54 99 
7 9 700 0 699 51 276 231 58 99 
7 9 700 0 699 52 276 231 58 99 
7 9 700 0 699 53 276 231 58 99 
7 9 700 0 699 54 276 231 58 99 
7 9 700 0 699 55 279 231 54 99 
7 9 700 0 699 56 279 231 54 99 
7 9 700 0 699 57 279 231 54 99 
7 9 700 0 699 58 279 231 56 102 
7 9 700 0 699 59 279 233 56 99 
7 9 700 0 699 60 279 233 56 99 
7 9 700 0 699 61 282 233 52 99 
7 9 700 0 699 62 282 233 52 99 
7 9 700 0 699 63 282 233 52 99 
7 9 700 0 699 64 281 233 56 99 
7 9 700 0 699 65 281 233 56 99 
7 9 700 0 699 66 281 233 56 99 
7 9 700 0 699 67 281 233 56 102 
7 9 700 0 699 68 282 233 54 102 
7 9 700 0 699 69 282 233 54 102 
7 9 700 0 699 70 281 235 58 99 
7 9 700 0 699 71 281 235 58 99 
7 9 700 0 699 72 281 235 58 99 
7 9 700 0 699 73 281 235 58 99 
7 9 700 0 699 74 281 235 58 99 
7 9 700 0 699 75 284 235 54 99 
7 9 700 0 699 76 284 235 54 99 
7 9 700 0 699 77 283 235 58 102 
7 9 700 0 699 78 283 235 58 102 
7 9 700 0 699 79 283 235 58 102 
7 9 700 0 699 80 283 235 58 102 
7 9 700 0 699 81 283 235 58 102 
7 9 700 0 699 82 286 237 54 99 
7 9 700 0 699 83 286 237 56 99 
7 9 700 0 699 84 286 237 56 99 
7 9 700 0 699 85 286 237 56 99 
7 9 700 0 699 86 286 237 56 100 
7 9 700 0 699 87 286 237 56 100 
7 9 700 0 699 88 286 237 56 100 
7 9 700 0 699 89 289 237 52 100 
7 9 700 0 699 90 288 237 56 100 
7 9 700 0 699 91 288 237 56 100 
7 9 700 0 699 92 288 237 56 100 
7 9 700 0 699 93 288 237 56 100 
7 9 700 0 699 94 288 239 56 97 
7 9 700 0 699 95 291 239 52 97 
7 9 700 0 699 96 290 239 56 100 
7 9 700 0 699 97 290 239 56 100 
7 9 700 0 699 98 290 239 56 100 
7 9 700 0 699 99 290 239 56 100 
7 9 700 0 699 100 290 239 56 100 
7 9 700 0 699 101 290 239 56 100 
7 9 700 0 699 102 290 239 58 100 
7 9 700 0 699 103 290 239 58 100 
7 9 700 0 699 104 290 239 58 100 
7 9 700 0 699 105 290 240 58 102 
7 9 700 0 699 106 290 240 58 102 
7 9 700 0 699 107 290 240 58 102 
7 9 700 0 699 108 290 240 58 102 
7 9 700 0 699 109 292 240 58 102 
7 9 700 0 699 110 292 240 58 102 
7 9 700 0 699 111 292 240 58 102 
7 9 700 0 699 112 292 240 58 102 
7 9 700 0 699 113 292 240 58 102 
7 9 700 0 699 114 292 240 58 102 
7 9 700 0 699 115 292 239 60 105 
7 9 700 0 699 116 295 239 56 105 
7 9 700 0 699 117 295 242 56 102 
7 9 700 0 699 118 295 242 56 102 
7 9 700 0 699 119 295 242 56 102 
7 9 700 0 699 120 295 242 56 102 
7 9 700 0 699 121 294 242 60 102 
7 9 700 0 699 122 297 242 56 102 
7 9 700 0 699 123 297 242 56 102 
7 9 700 0 699 124 297 242 56 102 
7 9 700 0 699 125 297 241 56 103 
7 9 700 0 699 126 297 241 56 103 
7 9 700 0 699 127 297 241 56 103 
7 9 700 0 699 128 296 241 60 103 
7 9 700 0 699 129 297 244 58 100 
7 9 700 0 699 130 297 244 58 100 
7 9 700 0 699 131 297 244 58 100 
7 9 700 0 699 132 297 244 58 100 
7 9 700 0 699 133 297 244 58 100 
7 9 700 0 699 134 296 243 62 103 
7 9 700 0 699 135 296 243 62 103 
7 9 700 0 699 136 299 243 58 103 
7 9 700 0 699 137 299 243 58 103 
7 9 700 0 699 138 299 243 58 103 
7 9 700 0 699 139 299 243 58 103 
7 9 700 0 699 140 299 246 60 100 
7 9 700 0 699 141 299 246 60 100 
7 9 700 0 699 142 299 246 60 100 
7 9 700 0 699 143 302 246 56 100 
7 9 700 0 699 144 302 245 56 103 
7 9 700 0 699 145 302 245 56 103 
7 9 700 0 699 146 302 245 56 103 
7 9 700 0 699 147 301 245 60 103 
7 9 700 0 699 148 301 245 60 103 
7 9 700 0 699 149 301 245 60 103 
7 9 700 0 699 150 304 245 56 103 
7 9 700 0 699 151 304 245 56 103 
7 9 700 0 699 152 304 247 56 102 
7 9 700 0 699 153 303 246 60 105 
7 9 700 0 699 154 303 246 60 105 
7 9 700 0 699 155 303 246 60 105 
7 9 700 0 699 156 306 246 56 105 
7 9 700 0 699 157 306 246 56 105 
7 9 700 0 699 158 306 246 56 105 
7 9 700 0 699 159 306 246 56 105 
7 9 700 0 699 160 305 246 60 105 
7 9 700 0 699 161 305 246 60 105 
7 9 700 0 699 162 305 246 60 105 
7 9 700 0 699 163 306 246 58 108 
7 9 700 0 699 164 306 248 58 105 
7 9 700 0 699 165 306 248 58 105 
7 9 700 0 699 166 305 248 62 105 
7 9 700 0 699 167 305 248 62 105 
7 9 700 0 699 168 305 248 62 105 
7 9 700 0 699 169 305 248 62 105 
7 9 700 0 699 170 308 248 58 105 
7 9 700 0 699 171 308 248 58 105 
7 9 700 0 699 172 308 248 60 106 
7 9 700 0 699 173 308 248 60 106 
7 9 700 0 699 174 308 248 60 106 
7 9 700 0 699 175 308 250 60 103 
7 9 700 0 699 176 308 250 60 103 
7 9 700 0 699 177 311 250 56 103 
7 9 700 0 699 178 311 250 56 103 
7 9 700 0 699 179 310 250 60 103 
7 9 700 0 699 180 310 250 60 103 
7 9 700 0 699 181 310 250 60 103 
7 9 700 0 699 182 310 250 60 106 
7 9 700 0 699 183 313 250 56 106 
7 9 700 0 699 184 313 250 56 106 
7 9 700 0 699 185 312 250 60 106 
7 9 700 0 699 186 312 250 60 106 
7 9 700 0 699 187 312 252 60 103 
7 9 700 0 699 188 312 252 60 103 
7 9 700 0 699 189 312 252 60 103 
7 9 700 0 699 190 313 252 58 103 
7 9 700 0 699 191 312 252 62 106 
7 9 700 0 699 192 312 252 62 106 
7 9 700 0 699 193 312 252 62 106 
7 9 700 0 699 194 312 252 62 106 
7 9 700 0 699 195 312 252 62 106 
7 9 700 0 699 196 312 252 62 106 
7 9 700 0 699 197 315 252 58 106 
7 9 700 0 699 198 315 252 60 106 
7 9 700 0 699 199 315 254 60 103 
7 9 700 0 699 200 315 254 60 103 
7 9 700 0 699 201 315 254 60 106 
7 9 700 0 699 202 315 254 60 106 
7 9 700 0 699 203 315 254 60 106 
7 9 700 0 699 204 317 254 60 106 
7 9 700 0 699 205 317 254 60 106 
7 9 700 0 699 206 317 254 60 106 
7 9 700 0 699 207 317 254 60 106 
7 9 700 0 699 208 317 254 60 106 
7 9 700 0 699 209 317 254 60 106 
7 9 700 0 699 210 319 255 60 106 
7 9 700 0 699 211 319 255 60 106 
7 9 700 0 699 212 319 255 60 106 
7 9 700 0 699 213 321 255 60 106 
7 9 700 0 699 214 321 255 60 106 
7 9 700 0 699 215 321 255 62 106 
7 9 700 0 699 216 321 255 62 106 
7 9 700 0 699 217 324 255 60 106 
7 9 700 0 699 218 324 255 60 106 
7 9 700 0 699 219 327 254 56 109 
7 9 700 0 699 220 326 254 60 109 
7 9 700 0 699 221 326 257 60 106 
7 9 700 0 699 222 328 257 60 106 
7 9 700 0 699 223 328 257 60 106 
7 9 700 0 699 224 328 257 62 106 
7 9 700 0 699 225 328 257 62 106 
7 9 700 0 699 226 331 257 58 106 
7 9 700 0 699 227 331 256 60 109 
7 9 700 0 699 228 334 256 56 109 
7 9 700 0 699 229 333 256 60 109 
7 9 700 0 699 230 336 256 56 109 
7 9 700 0 699 231 335 259 60 106 
7 9 700 0 699 232 335 259 60 106 
7 9 700 0 699 233 338 259 56 106 
7 9 700 0 699 234 337 259 60 106 
7 9 700 0 699 235 338 259 58 106 
7 9 700 0 699 236 337 258 62 109 
7 9 700 0 699 237 340 258 58 109 
7 9 700 0 699 238 340 258 60 109 
7 9 700 0 699 239 343 258 56 109 
7 9 700 0 699 240 343 258 56 109 
7 9 700 0 699 241 345 258 56 109 
7 9 700 0 699 242 345 261 56 106 
7 9 700 0 699 243 344 261 60 106 
7 9 700 0 699 244 345 260 58 109 
7 9 700 0 699 245 344 260 62 109 
7 9 700 0 699 246 347 260 58 109 
7 9 700 0 699 247 347 260 58 109 
7 9 700 0 699 248 350 260 56 109 
7 9 700 0 699 249 350 260 56 109 
7 9 700 0 699 250 352 260 56 109 
7 9 700 0 699 251 352 260 56 109 
7 9 700 0 699 252 354 261 56 109 
7 9 700 0 699 253 354 261 56 109 
7 9 700 0 699 254 354 261 56 109 
7 9 700 0 699 255 354 261 58 109 
7 9 700 0 699 256 354 261 58 109 
7 9 700 0 699 257 357 261 54 109 
7 9 700 0 699 258 356 261 58 109 
7 9 700 0 699 259 356 261 58 109 
7 9 700 0 699 260 359 264 56 106 
7 9 700 0 699 261 359 264 56 106 
7 9 700 0 699 262 362 264 52 106 
7 9 700 0 699 263 361 264 56 106 
7 9 700 0 699 264 362 264 54 106 
7 9 700 0 699 265 361 264 58 106 
7 9 700 0 699 266 361 264 58 106 
7 9 700 0 699 267 364 264 54 106 
7 9 700 0 699 268 363 266 58 106 
7 9 700 0 699 269 366 266 54 106 
7 9 700 0 699 270 366 266 56 106 
7 9 700 0 699 271 366 266 56 106 
7 9 700 0 699 272 369 266 52 106 
7 9 700 0 699 273 368 266 56 106 
7 9 700 0 699 274 371 266 52 106 
7 9 700 0 699 275 370 266 56 106 
7 9 700 0 699 276 371 268 54 103 
7 9 700 0 699 277 371 268 54 103 
7 9 700 0 699 278 370 268 58 103 
7 9 700 0 699 279 373 268 54 103 
7 9 700 0 699 280 372 268 58 103 
7 9 700 0 699 281 375 268 54 103 
7 9 700 0 699 282 375 268 54 103 
7 9 700 0 699 283 375 268 56 103 
7 9 700 0 699 284 378 270 52 103 
7 9 700 0 699 285 377 270 56 103 
7 9 700 0 699 286 378 270 54 103 
7 9 700 0 699 287 378 270 54 103 
7 9 700 0 699 288 380 270 54 103 
7 9 700 0 699 289 380 270 54 103 
7 9 700 0 699 290 379 270 58 103 
7 9 700 0 699 291 382 270 54 103 
7 9 700 0 699 292 382 272 54 102 
7 9 700 0 699 293 385 272 52 102 
7 9 700 0 699 294 385 272 52 102 
7 9 700 0 699 295 384 272 56 102 
7 9 700 0 699 296 387 272 52 102 
7 9 700 0 699 297 387 272 52 102 
7 9 700 0 699 298 387 272 54 102 
7 9 700 0 699 299 387 272 54 102 
7 9 700 0 699 300 389 274 54 102 
7 9 700 0 699 301 389 274 54 102 
7 9 700 0 699 302 389 274 54 102 
7 9 700 0 699 303 391 274 54 102 
7 9 700 0 699 304 391 274 54 102 
7 9 700 0 699 305 394 273 52 103 
7 9 700 0 699 306 394 273 52 103 
7 9 700 0 699 307 393 273 56 103 
7 9 700 0 699 308 394 273 54 103 
7 9 700 0 699 309 393 273 58 106 
7 9 700 0 699 310 396 273 54 106 
7 9 700 0 699 311 396 273 54 106 
7 9 700 0 699 312 395 273 58 106 
7 9 700 0 699 313 398 272 54 109 
7 9 700 0 699 314 398 272 56 109 
7 9 700 0 699 315 401 272 52 109 
7 9 700 0 699 316 400 272 56 109 
7 9 700 0 699 317 403 272 52 112 
7 9 700 0 699 318 402 272 56 112 
7 9 700 0 699 319 402 272 56 112 
7 9 700 0 699 320 403 272 54 112 
7 9 700 0 699 321 402 274 58 112 
7 9 700 0 699 322 405 274 54 112 
7 9 700 0 699 323 404 274 58 112 
7 9 700 0 699 324 404 274 58 112 
7 9 700 0 699 325 407 274 56 112 
7 9 700 0 699 326 407 274 56 114 
7 9 700 0 699 327 409 274 56 114 
7 9 700 0 699 328 409 274 56 114 
7 9 700 0 699 329 409 274 56 114 
7 9 700 0 699 330 409 273 58 117 
7 9 700 0 699 331 409 273 58 117 
7 9 700 0 699 332 411 273 58 117 
7 9 700 0 699 333 411 273 58 117 
7 9 700 0 699 334 414 273 56 120 
7 9 700 0 699 335 414 273 56 120 
7 9 700 0 699 336 413 273 60 120 
7 9 700 0 699 337 416 273 56 120 
7 9 700 0 699 338 416 272 56 123 
7 9 700 0 699 339 418 272 56 123 
7 9 700 0 699 340 418 272 56 123 
7 9 700 0 699 341 417 272 60 123 
7 9 700 0 699 342 418 274 58 121 
7 9 700 0 699 343 417 274 62 121 
7 9 700 0 699 344 420 274 58 121 
7 9 700 0 699 345 420 274 60 121 
7 9 700 0 699 346 420 274 60 121 
7 9 700 0 699 347 423 274 56 124 
7 9 700 0 699 348 422 274 60 124 
7 9 700 0 699 349 425 274 56 124 
7 9 700 0 699 350 424 274 60 124 
7 9 700 0 699 351 425 273 58 127 
7 9 700 0 699 352 424 273 62 127 
7 9 700 0 699 353 424 273 62 127 
7 9 700 0 699 354 427 273 60 127 
7 9 700 0 699 355 427 273 60 130 
7 9 700 0 699 356 430 273 56 130 
7 9 700 0 699 357 429 273 60 130 
7 9 700 0 699 358 429 273 60 130 
7 9 700 0 699 359 431 272 60 133 
7 9 700 0 699 360 431 272 60 133 
7 9 700 0 699 361 433 272 60 133 
7 9 700 0 699 362 433 272 60 133 
7 9 700 0 699 363 433 273 62 133 
7 9 700 0 699 364 433 273 62 133 
7 9 700 0 699 365 436 273 60 133 
7 9 700 0 699 366 438 273 60 133 
7 9 700 0 699 367 440 273 60 133 
7 9 700 0 699 368 440 273 60 136 
7 9 700 0 699 369 440 273 62 136 
7 9 700 0 699 370 443 273 60 136 
7 9 700 0 699 371 445 273 60 136 
7 9 700 0 699 372 444 272 64 139 
7 9 700 0 699 373 447 275 60 136 
7 9 700 0 699 374 449 275 60 136 
7 9 700 0 699 375 449 275 62 136 
7 9 700 0 699 376 449 274 64 139 
7 9 700 0 699 377 451 274 64 139 
7 9 700 0 699 378 454 274 60 139 
7 9 700 0 699 379 456 274 60 139 
7 9 700 0 699 380 455 274 64 141 
7 9 700 0 699 381 456 274 64 141 
7 9 700 0 699 382 458 274 64 141 
7 9 700 0 699 383 461 277 60 138 
7 9 700 0 699 384 460 276 64 141 
7 9 700 0 699 385 462 276 64 141 
7 9 700 0 699 386 464 276 64 141 
7 9 700 0 699 387 465 276 64 141 
7 9 700 0 699 388 465 276 64 144 
7 9 700 0 699 389 467 276 64 144 
7 9 700 0 699 390 469 276 64 144 
7 9 700 0 699 391 471 276 64 144 
7 9 700 0 699 392 472 278 64 144 
7 9 700 0 699 393 471 278 68 144 
7 9 700 0 699 394 473 278 68 144 
7 9 700 0 699 395 475 278 68 144 
7 9 700 0 699 396 477 278 68 144 
7 9 700 0 699 397 479 277 66 147 
7 9 700 0 699 398 480 277 68 147 
7 9 700 0 699 399 482 280 68 144 
7 9 700 0 699 400 484 280 68 144 
7 9 700 0 699 401 486 279 66 145 
7 9 700 0 699 402 487 279 68 145 
7 9 700 0 699 403 489 279 68 145 
7 9 700 0 699 404 491 279 68 145 
7 9 700 0 699 405 493 280 68 147 
7 9 700 0 699 406 495 280 66 147 
7 9 700 0 699 407 496 280 68 147 
7 9 700 0 699 408 498 280 68 147 
7 9 700 0 699 409 500 280 68 150 
7 9 700 0 699 410 502 280 66 150 
7 9 700 0 699 411 503 282 68 147 
7 9 700 0 699 412 505 282 68 147 
7 9 700 0 699 413 507 282 68 147 
7 9 700 0 699 414 509 282 68 150 
7 9 700 0 699 415 511 282 66 150 
7 9 700 0 699 416 512 282 68 150 
7 9 700 0 699 417 514 284 68 147 
7 9 700 0 699 418 516 284 68 148 
7 9 700 0 699 419 518 284 66 148 
7 9 700 0 699 420 517 284 70 148 
7 9 700 0 699 421 518 284 72 148 
7 9 700 0 699 422 520 283 72 151 
7 9 700 0 699 423 522 286 72 148 
7 9 700 0 699 424 524 286 70 148 
7 9 700 0 699 425 526 286 70 148 
7 9 700 0 699 426 527 285 72 151 
7 9 700 0 699 427 529 285 72 151 
7 9 700 0 699 428 531 285 70 151 
7 9 700 0 699 429 533 287 70 150 
7 9 700 0 699 430 534 287 72 150 
7 9 700 0 699 431 536 286 72 153 
7 9 700 0 699 432 538 286 72 153 
7 9 700 0 699 433 540 286 70 153 
7 9 700 0 699 434 542 286 70 153 
7 9 700 0 699 435 543 288 72 153 
7 9 700 0 699 436 545 288 72 153 
7 9 700 0 699 437 547 288 70 153 
7 9 700 0 699 438 549 288 70 153 
7 9 700 0 699 439 550 288 72 154 
7 9 700 0 699 440 552 288 72 154 
7 9 700 0 699 441 554 290 72 151 
7 9 700 0 699 442 556 290 70 151 
7 9 700 0 699 443 558 290 70 154 
7 9 700 0 699 444 559 290 72 154 
7 9 700 0 699 445 561 290 72 154 
7 9 700 0 699 446 563 290 70 154 
7 9 700 0 699 447 564 292 74 154 
7 9 700 0 699 448 564 292 74 154 
7 9 700 0 699 449 565 292 76 154 
7 9 700 0 699 450 567 292 76 154 
7 9 700 0 699 451 569 291 74 157 
7 9 700 0 699 452 571 291 74 157 
7 9 700 0 699 453 573 291 74 157 
7 9 700 0 699 454 574 294 76 154 
7 9 700 0 699 455 576 294 74 156 
7 9 700 0 699 456 578 294 74 156 
7 9 700 0 699 457 578 294 74 156 
7 9 700 0 699 458 580 294 74 156 
7 9 700 0 699 459 581 293 76 159 
7 9 700 0 699 460 583 294 76 157 
7 9 700 0 699 461 585 294 74 157 
7 9 700 0 699 462 587 294 74 157 
7 9 700 0 699 463 589 294 74 160 
7 9 700 0 699 464 590 294 76 160 
7 9 700 0 699 465 592 294 74 160 
7 9 700 0 699 466 594 296 74 160 
7 9 700 0 699 467 596 296 74 160 
7 9 700 0 699 468 597 296 76 160 
7 9 700 0 699 469 599 296 76 160 
7 9 700 0 699 470 603 295 74 163 
7 9 700 0 699 471 605 298 74 160 
7 9 700 0 699 472 606 298 76 160 
7 9 700 0 699 473 608 298 74 162 
7 9 700 0 699 474 612 298 74 162 
7 9 700 0 699 475 613 300 76 159 
7 9 700 0 699 476 615 300 76 162 
7 9 700 0 699 477 617 300 74 162 
7 9 700 0 699 478 621 300 74 162 
7 9 700 0 699 479 622 300 76 163 
7 9 700 0 699 480 624 300 74 163 
7 9 700 0 699 481 626 300 74 163 
7 9 700 0 699 482 629 300 76 166 
7 9 700 0 699 483 631 302 76 163 
7 9 700 0 699 484 633 302 74 163 
7 9 700 0 699 485 635 302 74 165 
7 9 700 0 699 486 638 302 76 165 
7 9 700 0 699 487 640 305 74 162 
7 9 700 0 699 488 642 304 74 165 
7 9 700 0 699 489 644 304 74 165 
7 9 700 0 699 490 647 304 76 165 
7 9 700 0 699 491 649 306 74 165 
7 9 700 0 699 492 651 306 74 165 
7 9 700 0 699 493 654 306 76 165 
7 9 700 0 699 494 656 306 74 165 
7 9 700 0 699 495 658 306 74 168 
7 9 700 0 699 496 660 308 74 165 
7 9 700 0 699 497 663 308 76 165 
7 9 700 0 699 498 665 308 74 168 
7 9 700 0 699 499 667 308 74 168 
7 9 700 0 699 500 669 309 74 166 
7 9 700 0 699 501 672 309 74 168 
7 9 700 0 699 502 674 309 74 168 
7 9 700 0 699 503 676 309 74 168 
7 9 700 0 699 504 677 311 76 168 
7 9 700 0 699 505 681 311 74 168 
7 9 700 0 699 506 683 311 74 168 
7 9 700 0 699 507 685 310 74 171 
7 9 700 0 699 508 686 313 76 168 
7 9 700 0 699 509 690 313 74 168 
7 9 700 0 699 510 692 312 74 171 
7 9 700 0 699 511 693 312 76 171 
7 9 700 0 699 512 695 315 76 168 
7 9 700 0 699 513 699 314 74 169 
7 9 700 0 699 514 701 314 74 169 
7 9 700 0 699 515 702 314 76 169 
7 9 700 0 699 516 706 315 74 171 
7 9 700 0 699 517 708 315 74 171 
7 9 700 0 699 518 709 315 76 171 
7 9 700 0 699 519 711 315 76 171 
7 9 700 0 699 520 715 315 74 174 
7 9 700 0 699 521 717 315 74 174 
7 9 700 0 699 522 718 315 76 174 
7 9 700 0 699 523 720 315 74 174 
7 9 700 0 699 524 724 317 74 174 
7 9 700 0 699 525 725 317 76 174 
7 9 700 0 699 526 726 317 78 174 
7 9 700 0 699 527 727 317 82 174 
7 9 700 0 699 528 732 316 78 177 
7 9 700 0 699 529 732 316 82 177 
7 9 700 0 699 530 733 316 86 177 
7 9 700 0 699 531 735 319 86 174 
7 9 700 0 699 532 738 318 86 175 
7 9 700 0 699 533 739 318 90 175 
7 9 700 0 699 534 742 318 88 175 
7 9 700 0 699 535 743 318 92 175 
7 9 700 0 699 536 745 318 94 178 
7 9 700 0 699 537 748 320 92 175 
7 9 700 0 699 538 749 320 96 175 
7 9 700 0 699 539 750 320 98 175 
7 9 700 0 699 540 754 320 96 178 
7 9 700 0 699 541 755 320 100 178 
7 9 700 0 699 542 756 320 102 178 
7 9 700 0 699 543 759 322 104 178 
7 9 700 0 699 544 761 322 104 178 
7 9 700 0 699 545 765 322 102 178 
7 9 700 0 699 546 766 322 104 180 
7 9 700 0 699 547 770 322 104 180 
7 9 700 0 699 548 772 322 102 180 
7 9 700 0 699 549 775 321 104 183 
7 9 700 0 699 550 777 321 104 183 
7 9 700 0 699 551 781 321 102 183 
7 9 700 0 699 552 782 321 104 186 
7 9 700 0 699 553 786 322 104 184 
7 9 700 0 699 554 788 322 102 184 
7 9 700 0 699 555 791 321 104 187 
7 9 700 0 699 556 793 321 104 187 
7 9 700 0 699 557 797 321 102 187 
7 9 700 0 699 558 798 321 104 190 
7 9 700 0 699 559 802 321 104 190 
7 9 700 0 699 560 804 321 102 190 
7 9 700 0 699 561 807 321 104 192 
7 9 700 0 699 562 809 321 104 192 
7 9 700 0 699 563 813 323 102 189 
7 9 700 0 699 564 814 323 104 192 
7 9 700 0 699 565 818 323 104 192 
7 9 700 0 699 566 820 323 102 192 
7 9 700 0 699 567 823 322 104 195 
7 9 700 0 699 568 825 322 104 195 
7 9 700 0 699 569 829 322 102 195 
7 9 700 0 699 570 830 322 104 198 
7 9 700 0 699 571 834 322 104 198 
7 9 700 0 699 572 836 322 102 198 
7 9 700 0 699 573 839 324 104 196 
7 9 700 0 699 574 841 324 104 196 
7 9 700 0 699 575 845 324 102 196 
7 9 700 0 699 576 848 324 104 196 
7 9 700 0 699 577 852 324 102 196 
7 9 700 0 699 578 855 324 104 196 
7 9 700 0 699 579 859 324 102 196 
7 9 700 0 699 580 861 324 102 196 
7 9 700 0 699 581 864 324 104 196 
7 9 700 0 699 582 868 324 102 196 
7 9 700 0 699 583 871 324 104 196 
7 9 700 0 699 584 875 324 102 196 
7 9 700 0 699 585 878 324 104 196 
7 9 700 0 699 586 882 324 104 196 
7 9 700 0 699 587 884 324 102 196 
7 9 700 0 699 588 887 324 104 196 
7 9 700 0 699 589 891 324 102 196 
7 9 700 0 699 590 894 324 104 196 
7 9 700 0 699 591 898 324 104 196 
7 9 700 0 699 592 902 324 102 196 
7 9 700 0 699 593 905 324 104 196 
7 9 700 0 699 594 907 324 102 196 
7 9 700 0 699 595 910 324 104 196 
7 9 700 0 699 596 914 324 104 196 
7 9 700 0 699 597 918 324 102 196 
7 9 700 0 699 598 921 324 104 196 
7 9 700 0 699 599 925 324 102 196 
7 9 700 0 699 600 928 326 104 196 
7 9 700 0 699 601 934 326 102 196 
7 9 700 0 699 602 939 327 102 198 
7 9 700 0 699 603 944 329 104 195 
7 9 700 0 699 604 950 331 102 195 
7 9 700 0 699 605 951 331 104 195 
7 9 700 0 699 606 955 331 102 195 
7 9 700 0 699 607 958 331 104 195 
7 9 700 0 699 608 962 333 104 195 
7 9 700 0 699 609 961 333 114 195 
7 9 700 0 699 610 960 333 128 195 
7 9 700 0 699 611 964 331 124 195 
7 9 700 0 699 612 969 331 120 195 
7 9 700 0 699 613 972 329 118 195 
7 9 700 0 699 614 977 329 114 195 
7 9 700 0 699 615 980 329 110 195 
7 9 700 0 699 616 981 329 110 195 
7 9 700 0 699 617 986 331 106 195 
7 9 700 0 699 618 989 329 108 195 
7 9 700 0 699 619 993 329 106 195 
7 9 700 0 699 620 997 329 106 195 
7 9 700 0 699 621 1000 329 106 195 
7 9 700 0 699 622 1004 329 106 195 
7 9 700 0 699 623 1006 327 104 195 
7 9 700 0 699 624 1012 327 96 195 
7 9 700 0 699 625 1013 327 100 195 
7 9 700 0 699 626 1016 327 100 195 
7 9 700 0 699 627 1017 327 104 195 
7 9 700 0 699 628 1020 327 106 195 
7 9 700 0 699 629 1021 326 108 193 
7 9 700 0 699 630 1023 324 108 195 
7 9 700 0 699 631 1025 322 106 195 
7 9 700 0 699 632 1027 320 106 195 
7 9 700 0 699 633 1029 319 106 193 
7 9 700 0 699 634 1030 319 108 193 
7 9 700 0 699 635 1030 317 108 195 
7 9 700 0 699 636 1032 317 106 195 
7 9 700 0 699 637 1034 317 106 195 
7 9 700 0 699 638 1034 317 106 195 
7 9 700 0 699 639 1036 317 106 195 
7 9 700 0 699 640 1037 317 108 195 
7 9 700 0 699 641 1037 315 108 195 
7 9 700 0 699 642 1039 313 108 195 
7 9 700 0 699 643 1039 313 108 195 
7 9 700 0 699 644 1041 311 106 195 
7 9 700 0 699 645 1041 311 106 195 
7 9 700 0 699 646 1043 310 106 193 
7 9 700 0 699 647 1043 310 106 193 
7 9 700 0 699 648 1045 308 106 195 
7 9 700 0 699 649 1045 308 106 195 
7 9 700 0 699 650 1046 306 108 195 
7 9 700 0 699 651 1048 306 106 195 
7 9 700 0 699 652 1048 304 106 195 
7 9 700 0 699 653 1050 304 106 195 
7 9 700 0 699 654 1052 303 106 193 
7 9 700 0 699 655 1053 303 108 193 
7 9 700 0 699 656 1055 301 108 195 
7 9 700 0 699 657 1057 301 106 195 
7 9 700 0 699 658 1057 301 106 195 
7 9 700 0 699 659 1059 299 106 195 
7 9 700 0 699 660 1061 299 106 195 
7 9 700 0 699 661 1062 297 108 195 
7 9 700 0 699 662 1064 297 106 195 
7 9 700 0 699 663 1066 297 106 195 
7 9 700 0 699 664 1066 295 106 195 
7 9 700 0 699 665 1068 295 106 195 
7 9 700 0 699 666 1069 295 108 195 
7 9 700 0 699 667 1072 294 104 193 
7 9 700 0 699 668 1074 294 104 193 
7 9 700 0 699 669 1076 294 102 193 
7 9 700 0 699 670 1075 292 106 195 
7 9 700 0 699 671 1078 292 102 195 
7 9 700 0 699 672 1079 292 104 195 
7 9 700 0 699 673 1081 290 104 195 
7 9 700 0 699 674 1084 290 100 195 
7 9 700 0 699 675 1086 290 98 195 
7 9 700 0 699 676 1085 288 102 195 
7 9 700 0 699 677 1086 288 104 195 
7 9 700 0 699 678 1089 288 100 195 
7 9 700 0 699 679 1091 287 100 193 
7 9 700 0 699 680 1093 287 100 193 
7 9 700 0 699 681 1095 287 98 193 
7 9 700 0 699 682 1094 287 108 193 
7 9 700 0 699 683 1097 286 104 189 
7 9 700 0 699 684 1099 285 102 184 
7 9 700 0 699 685 1101 283 102 181 
7 9 700 0 699 686 1103 282 100 177 
7 9 700 0 699 687 1105 282 100 169 
7 9 700 0 699 688 1110 283 96 165 
7 9 700 0 699 689 1113 282 96 169 
7 9 700 0 699 690 1116 280 92 172 
7 9 700 0 699 691 1121 280 88 172 
7 9 700 0 699 692 1121 277 90 175 
7 9 700 0 699 693 1126 277 86 175 
7 9 700 0 699 694 1132 277 80 178 
7 9 700 0 699 695 1131 277 86 178 
7 9 700 0 699 696 1132 277 90 178 
7 9 700 0 699 697 1134 277 92 178 
7 9 700 0 699 698 1135 277 96 178 
7 9 700 0 699 699 1135 277 100 178 
