7 7 28 147 174 147 262 249 66 114 
7 7 28 147 174 148 262 249 66 114 
7 7 28 147 174 149 264 249 64 114 
7 7 28 147 174 150 263 249 68 114 
7 7 28 147 174 151 263 249 68 114 
7 7 28 147 174 152 266 249 64 114 
7 7 28 147 174 153 265 249 68 114 
7 7 28 147 174 154 268 249 64 114 
7 7 28 147 174 155 267 249 68 114 
7 7 28 147 174 156 267 249 68 114 
7 7 28 147 174 157 270 249 64 114 
7 7 28 147 174 158 269 249 68 114 
7 7 28 147 174 159 272 249 64 114 
7 7 28 147 174 160 272 249 64 114 
7 7 28 147 174 161 271 249 66 114 
7 7 28 147 174 162 273 249 64 114 
7 7 28 147 174 163 272 249 68 114 
7 7 28 147 174 164 275 249 64 114 
7 7 28 147 174 165 275 249 64 114 
7 7 28 147 174 166 274 249 68 114 
7 7 28 147 174 167 277 249 64 114 
7 7 28 147 174 168 276 249 68 114 
7 7 28 147 174 169 279 249 64 114 
7 7 28 147 174 170 279 249 64 114 
7 7 28 147 174 171 278 249 66 114 
7 7 28 147 174 172 280 249 64 114 
7 7 28 147 174 173 280 249 64 114 
7 7 28 147 174 174 282 249 64 114 
8 9 558 17 574 17 1008 370 74 180 
8 9 558 17 574 18 1006 367 76 181 
8 9 558 17 574 19 1005 365 74 181 
8 9 558 17 574 20 1003 365 74 181 
8 9 558 17 574 21 997 363 76 181 
8 9 558 17 574 22 994 363 74 181 
8 9 558 17 574 23 990 363 76 181 
8 9 558 17 574 24 984 361 78 184 
8 9 558 17 574 25 980 361 80 184 
8 9 558 17 574 26 978 361 74 184 
8 9 558 17 574 27 974 361 76 181 
8 9 558 17 574 28 968 360 78 183 
8 9 558 17 574 29 964 360 80 183 
8 9 558 17 574 30 961 360 78 183 
8 9 558 17 574 31 956 358 78 186 
8 9 558 17 574 32 952 358 78 186 
8 9 558 17 574 33 948 358 80 184 
8 9 558 17 574 34 945 358 78 184 
8 9 558 17 574 35 940 355 80 187 
8 9 558 17 574 36 936 355 78 187 
8 9 558 17 574 37 932 355 80 187 
8 9 558 17 574 38 926 353 82 190 
8 9 558 17 574 39 924 353 80 187 
8 9 558 17 574 40 919 353 82 187 
8 9 558 17 574 41 916 353 80 187 
8 9 558 17 574 42 910 352 82 189 
8 9 558 17 574 43 908 352 80 189 
8 9 558 17 574 44 903 352 82 189 
8 9 558 17 574 45 899 352 82 189 
8 9 558 17 574 46 894 350 82 189 
8 9 558 17 574 47 892 350 80 189 
8 9 558 17 574 48 887 350 82 189 
8 9 558 17 574 49 883 350 82 189 
8 9 558 17 574 50 880 348 82 189 
8 9 558 17 574 51 876 348 82 189 
8 9 558 17 574 52 873 348 82 189 
8 9 558 17 574 53 869 348 82 189 
8 9 558 17 574 54 864 346 82 189 
8 9 558 17 574 55 860 346 82 189 
8 9 558 17 574 56 857 346 82 189 
8 9 558 17 574 57 853 346 82 189 
8 9 558 17 574 58 850 344 82 190 
8 9 558 17 574 59 846 344 82 190 
8 9 558 17 574 60 844 344 80 190 
8 9 558 17 574 61 839 344 82 190 
8 9 558 17 574 62 835 344 82 190 
8 9 558 17 574 63 832 343 82 189 
8 9 558 17 574 64 828 343 82 189 
8 9 558 17 574 65 828 343 80 189 
8 9 558 17 574 66 823 343 82 189 
8 9 558 17 574 67 821 341 82 189 
8 9 558 17 574 68 818 341 82 189 
8 9 558 17 574 69 814 341 82 189 
8 9 558 17 574 70 812 341 82 189 
8 9 558 17 574 71 809 339 82 189 
8 9 558 17 574 72 807 339 82 189 
8 9 558 17 574 73 803 339 82 189 
8 9 558 17 574 74 800 339 82 189 
8 9 558 17 574 75 798 337 82 190 
8 9 558 17 574 76 796 337 80 190 
8 9 558 17 574 77 793 337 82 190 
8 9 558 17 574 78 789 337 82 190 
8 9 558 17 574 79 786 336 82 189 
8 9 558 17 574 80 784 336 82 189 
8 9 558 17 574 81 780 336 82 189 
8 9 558 17 574 82 780 336 80 189 
8 9 558 17 574 83 775 334 82 189 
8 9 558 17 574 84 771 334 82 189 
8 9 558 17 574 85 770 334 82 189 
8 9 558 17 574 86 766 334 82 189 
8 9 558 17 574 87 764 332 82 189 
8 9 558 17 574 88 761 332 82 189 
8 9 558 17 574 89 757 332 82 189 
8 9 558 17 574 90 755 332 82 189 
8 9 558 17 574 91 752 330 82 189 
8 9 558 17 574 92 750 330 82 189 
8 9 558 17 574 93 748 330 80 189 
8 9 558 17 574 94 745 330 82 189 
8 9 558 17 574 95 741 328 82 190 
8 9 558 17 574 96 739 328 82 190 
8 9 558 17 574 97 738 328 82 187 
8 9 558 17 574 98 736 328 82 187 
8 9 558 17 574 99 732 327 82 189 
8 9 558 17 574 100 732 328 80 186 
8 9 558 17 574 101 729 328 82 186 
8 9 558 17 574 102 727 328 82 186 
8 9 558 17 574 103 725 328 82 183 
8 9 558 17 574 104 722 326 82 186 
8 9 558 17 574 105 720 326 82 186 
8 9 558 17 574 106 718 326 82 184 
8 9 558 17 574 107 716 326 82 184 
8 9 558 17 574 108 713 324 82 184 
8 9 558 17 574 109 711 324 82 184 
8 9 558 17 574 110 709 324 82 184 
8 9 558 17 574 111 707 324 82 181 
8 9 558 17 574 112 706 324 82 181 
8 9 558 17 574 113 702 322 82 184 
8 9 558 17 574 114 700 322 82 181 
8 9 558 17 574 115 700 322 80 181 
8 9 558 17 574 116 697 322 82 181 
8 9 558 17 574 117 693 322 82 180 
8 9 558 17 574 118 691 322 82 180 
8 9 558 17 574 119 690 322 82 178 
8 9 558 17 574 120 688 322 82 178 
8 9 558 17 574 121 686 322 82 178 
8 9 558 17 574 122 684 320 80 178 
8 9 558 17 574 123 681 320 82 178 
8 9 558 17 574 124 679 320 82 178 
8 9 558 17 574 125 677 320 82 175 
8 9 558 17 574 126 674 318 82 178 
8 9 558 17 574 127 672 318 82 178 
8 9 558 17 574 128 670 318 82 175 
8 9 558 17 574 129 668 318 82 175 
8 9 558 17 574 130 668 318 80 175 
8 9 558 17 574 131 665 316 82 177 
8 9 558 17 574 132 663 316 82 177 
8 9 558 17 574 133 661 316 82 177 
8 9 558 17 574 134 659 314 82 177 
8 9 558 17 574 135 658 314 82 177 
8 9 558 17 574 136 656 314 82 177 
8 9 558 17 574 137 654 315 82 174 
8 9 558 17 574 138 652 313 82 175 
8 9 558 17 574 139 652 313 80 175 
8 9 558 17 574 140 649 314 82 172 
8 9 558 17 574 141 647 314 82 172 
8 9 558 17 574 142 645 311 82 175 
8 9 558 17 574 143 643 312 82 172 
8 9 558 17 574 144 642 312 82 172 
8 9 558 17 574 145 640 309 82 175 
8 9 558 17 574 146 638 310 82 174 
8 9 558 17 574 147 636 310 82 174 
8 9 558 17 574 148 636 310 80 174 
8 9 558 17 574 149 633 308 82 174 
8 9 558 17 574 150 631 308 82 174 
8 9 558 17 574 151 629 308 82 174 
8 9 558 17 574 152 630 308 78 174 
8 9 558 17 574 153 628 307 80 172 
8 9 558 17 574 154 627 307 78 172 
8 9 558 17 574 155 625 307 78 172 
8 9 558 17 574 156 623 305 78 172 
8 9 558 17 574 157 621 305 78 172 
8 9 558 17 574 158 620 305 78 172 
8 9 558 17 574 159 618 305 78 171 
8 9 558 17 574 160 616 303 78 174 
8 9 558 17 574 161 614 303 78 174 
8 9 558 17 574 162 612 303 80 171 
8 9 558 17 574 163 611 303 78 171 
8 9 558 17 574 164 609 301 78 174 
8 9 558 17 574 165 607 301 78 171 
8 9 558 17 574 166 605 301 78 171 
8 9 558 17 574 167 604 299 78 174 
8 9 558 17 574 168 602 299 78 171 
8 9 558 17 574 169 600 299 78 171 
8 9 558 17 574 170 598 299 78 171 
8 9 558 17 574 171 596 298 80 169 
8 9 558 17 574 172 595 298 78 169 
8 9 558 17 574 173 593 298 78 169 
8 9 558 17 574 174 594 298 74 169 
8 9 558 17 574 175 592 296 74 171 
8 9 558 17 574 176 590 296 76 171 
8 9 558 17 574 177 589 296 74 171 
8 9 558 17 574 178 587 297 74 168 
8 9 558 17 574 179 585 297 74 168 
8 9 558 17 574 180 583 297 76 168 
8 9 558 17 574 181 584 295 72 168 
8 9 558 17 574 182 582 295 72 168 
8 9 558 17 574 183 581 295 70 168 
8 9 558 17 574 184 579 295 70 165 
8 9 558 17 574 185 577 295 72 165 
8 9 558 17 574 186 575 295 72 165 
8 9 558 17 574 187 574 295 70 163 
8 9 558 17 574 188 575 293 66 166 
8 9 558 17 574 189 573 293 68 166 
8 9 558 17 574 190 571 293 68 163 
8 9 558 17 574 191 568 293 72 163 
8 9 558 17 574 192 566 293 72 163 
8 9 558 17 574 193 565 294 70 160 
8 9 558 17 574 194 563 294 70 160 
8 9 558 17 574 195 564 293 68 162 
8 9 558 17 574 196 562 293 68 159 
8 9 558 17 574 197 560 293 68 159 
8 9 558 17 574 198 559 293 66 159 
8 9 558 17 574 199 557 294 68 156 
8 9 558 17 574 200 555 294 68 156 
8 9 558 17 574 201 553 294 68 156 
8 9 558 17 574 202 554 291 64 157 
8 9 558 17 574 203 552 291 64 157 
8 9 558 17 574 204 551 291 64 157 
8 9 558 17 574 205 549 292 64 154 
8 9 558 17 574 206 547 292 64 154 
8 9 558 17 574 207 545 292 64 154 
8 9 558 17 574 208 545 292 64 154 
8 9 558 17 574 209 544 290 64 154 
8 9 558 17 574 210 542 290 64 154 
8 9 558 17 574 211 540 290 64 154 
8 9 558 17 574 212 538 290 64 154 
8 9 558 17 574 213 539 290 60 151 
8 9 558 17 574 214 536 290 64 151 
8 9 558 17 574 215 535 290 64 151 
8 9 558 17 574 216 533 290 64 151 
8 9 558 17 574 217 534 291 60 150 
8 9 558 17 574 218 532 291 60 150 
8 9 558 17 574 219 529 288 64 153 
8 9 558 17 574 220 528 288 64 153 
8 9 558 17 574 221 526 288 64 153 
8 9 558 17 574 222 527 289 60 150 
8 9 558 17 574 223 525 289 60 150 
8 9 558 17 574 224 522 289 64 150 
8 9 558 17 574 225 520 289 64 150 
8 9 558 17 574 226 520 289 62 147 
8 9 558 17 574 227 520 289 60 147 
8 9 558 17 574 228 518 289 60 147 
8 9 558 17 574 229 515 287 64 150 
8 9 558 17 574 230 513 287 64 150 
8 9 558 17 574 231 513 287 62 147 
8 9 558 17 574 232 513 287 60 147 
8 9 558 17 574 233 511 287 60 147 
8 9 558 17 574 234 508 287 64 147 
8 9 558 17 574 235 509 288 60 144 
8 9 558 17 574 236 507 288 60 144 
8 9 558 17 574 237 504 288 62 144 
8 9 558 17 574 238 504 288 60 144 
8 9 558 17 574 239 504 288 60 144 
8 9 558 17 574 240 502 287 60 144 
8 9 558 17 574 241 502 287 60 144 
8 9 558 17 574 242 500 287 60 144 
8 9 558 17 574 243 500 287 60 144 
8 9 558 17 574 244 497 287 62 141 
8 9 558 17 574 245 497 287 62 141 
8 9 558 17 574 246 497 287 60 141 
8 9 558 17 574 247 497 287 60 141 
8 9 558 17 574 248 495 287 60 141 
8 9 558 17 574 249 495 288 60 138 
8 9 558 17 574 250 493 288 60 138 
8 9 558 17 574 251 493 285 60 141 
8 9 558 17 574 252 491 285 60 141 
8 9 558 17 574 253 491 286 60 138 
8 9 558 17 574 254 488 286 62 138 
8 9 558 17 574 255 488 286 62 138 
8 9 558 17 574 256 488 286 60 138 
8 9 558 17 574 257 488 286 60 138 
8 9 558 17 574 258 486 286 60 136 
8 9 558 17 574 259 486 286 60 136 
8 9 558 17 574 260 484 286 60 136 
8 9 558 17 574 261 484 286 60 136 
8 9 558 17 574 262 484 286 60 136 
8 9 558 17 574 263 481 284 62 136 
8 9 558 17 574 264 481 284 62 136 
8 9 558 17 574 265 481 284 60 136 
8 9 558 17 574 266 481 284 60 136 
8 9 558 17 574 267 479 284 60 133 
8 9 558 17 574 268 479 284 60 133 
8 9 558 17 574 269 477 284 60 133 
8 9 558 17 574 270 477 284 60 133 
8 9 558 17 574 271 475 284 60 133 
8 9 558 17 574 272 475 285 60 130 
8 9 558 17 574 273 472 285 62 130 
8 9 558 17 574 274 472 282 62 133 
8 9 558 17 574 275 472 282 60 133 
8 9 558 17 574 276 472 283 60 130 
8 9 558 17 574 277 470 283 60 130 
8 9 558 17 574 278 470 283 60 130 
8 9 558 17 574 279 468 283 60 130 
8 9 558 17 574 280 468 283 60 130 
8 9 558 17 574 281 465 283 62 129 
8 9 558 17 574 282 465 283 62 129 
8 9 558 17 574 283 465 283 60 129 
8 9 558 17 574 284 465 283 60 129 
8 9 558 17 574 285 465 283 60 129 
8 9 558 17 574 286 463 282 60 127 
8 9 558 17 574 287 461 282 60 127 
8 9 558 17 574 288 461 282 60 127 
8 9 558 17 574 289 459 283 60 124 
8 9 558 17 574 290 459 283 60 124 
8 9 558 17 574 291 456 280 62 127 
8 9 558 17 574 292 456 280 62 127 
8 9 558 17 574 293 456 281 60 124 
8 9 558 17 574 294 456 281 60 124 
8 9 558 17 574 295 454 281 60 124 
8 9 558 17 574 296 454 278 60 127 
8 9 558 17 574 297 452 279 60 126 
8 9 558 17 574 298 452 279 60 126 
8 9 558 17 574 299 449 279 62 126 
8 9 558 17 574 300 449 279 62 126 
8 9 558 17 574 301 449 277 60 126 
8 9 558 17 574 302 449 277 60 126 
8 9 558 17 574 303 446 277 64 126 
8 9 558 17 574 304 447 277 60 126 
8 9 558 17 574 305 447 277 60 126 
8 9 558 17 574 306 444 277 64 123 
8 9 558 17 574 307 445 277 60 123 
8 9 558 17 574 308 445 277 60 123 
8 9 558 17 574 309 442 277 64 123 
8 9 558 17 574 310 442 277 64 123 
8 9 558 17 574 311 443 278 60 120 
8 9 558 17 574 312 440 275 64 123 
8 9 558 17 574 313 440 275 64 123 
8 9 558 17 574 314 440 275 62 123 
8 9 558 17 574 315 439 275 64 123 
8 9 558 17 574 316 439 275 64 123 
8 9 558 17 574 317 437 276 64 120 
8 9 558 17 574 318 437 276 64 120 
8 9 558 17 574 319 437 276 64 120 
8 9 558 17 574 320 434 276 68 120 
8 9 558 17 574 321 435 276 64 120 
8 9 558 17 574 322 435 276 64 118 
8 9 558 17 574 323 432 276 68 118 
8 9 558 17 574 324 433 275 64 120 
8 9 558 17 574 325 433 275 64 120 
8 9 558 17 574 326 431 275 66 120 
8 9 558 17 574 327 432 275 64 117 
8 9 558 17 574 328 432 275 64 117 
8 9 558 17 574 329 429 275 68 117 
8 9 558 17 574 330 429 275 68 117 
8 9 558 17 574 331 427 275 68 117 
8 9 558 17 574 332 427 275 68 117 
8 9 558 17 574 333 427 276 68 114 
8 9 558 17 574 334 425 276 68 114 
8 9 558 17 574 335 425 276 68 114 
8 9 558 17 574 336 425 273 68 117 
8 9 558 17 574 337 423 273 68 117 
8 9 558 17 574 338 423 274 68 114 
8 9 558 17 574 339 423 274 68 114 
8 9 558 17 574 340 421 274 70 114 
8 9 558 17 574 341 422 274 66 114 
8 9 558 17 574 342 422 274 66 114 
8 9 558 17 574 343 419 274 70 114 
8 9 558 17 574 344 420 274 68 112 
8 9 558 17 574 345 417 274 72 112 
8 9 558 17 574 346 417 274 72 112 
8 9 558 17 574 347 418 271 68 115 
8 9 558 17 574 348 415 271 72 115 
8 9 558 17 574 349 415 272 72 112 
8 9 558 17 574 350 415 272 72 112 
8 9 558 17 574 351 414 272 70 112 
8 9 558 17 574 352 414 272 70 112 
8 9 558 17 574 353 414 272 70 112 
8 9 558 17 574 354 412 272 70 109 
8 9 558 17 574 355 412 272 70 109 
8 9 558 17 574 356 412 272 70 109 
8 9 558 17 574 357 410 272 72 109 
8 9 558 17 574 358 410 272 72 109 
8 9 558 17 574 359 407 270 76 112 
8 9 558 17 574 360 407 270 76 109 
8 9 558 17 574 361 408 270 72 109 
8 9 558 17 574 362 405 270 76 109 
8 9 558 17 574 363 405 270 76 109 
8 9 558 17 574 364 406 270 72 109 
8 9 558 17 574 365 404 271 74 106 
8 9 558 17 574 366 404 271 74 106 
8 9 558 17 574 367 405 271 70 106 
8 9 558 17 574 368 402 271 74 106 
8 9 558 17 574 369 402 271 74 106 
8 9 558 17 574 370 402 271 74 106 
8 9 558 17 574 371 400 270 74 106 
8 9 558 17 574 372 400 270 74 106 
8 9 558 17 574 373 400 270 74 106 
8 9 558 17 574 374 398 270 76 106 
8 9 558 17 574 375 398 270 76 106 
8 9 558 17 574 376 398 270 76 106 
8 9 558 17 574 377 398 270 76 106 
8 9 558 17 574 378 397 270 74 106 
8 9 558 17 574 379 397 270 74 106 
8 9 558 17 574 380 397 268 74 106 
8 9 558 17 574 381 397 268 74 106 
8 9 558 17 574 382 395 268 74 106 
8 9 558 17 574 383 395 268 74 106 
8 9 558 17 574 384 395 268 74 106 
8 9 558 17 574 385 395 268 74 106 
8 9 558 17 574 386 393 268 74 106 
8 9 558 17 574 387 393 268 74 106 
8 9 558 17 574 388 393 268 74 106 
8 9 558 17 574 389 391 266 76 106 
8 9 558 17 574 390 391 266 76 106 
8 9 558 17 574 391 391 266 76 106 
8 9 558 17 574 392 391 266 76 106 
8 9 558 17 574 393 389 266 76 106 
8 9 558 17 574 394 389 266 76 106 
8 9 558 17 574 395 389 266 76 106 
8 9 558 17 574 396 389 266 76 106 
8 9 558 17 574 397 388 266 74 106 
8 9 558 17 574 398 388 264 74 106 
8 9 558 17 574 399 388 264 74 106 
8 9 558 17 574 400 388 264 74 106 
8 9 558 17 574 401 386 264 74 106 
8 9 558 17 574 402 386 264 74 106 
8 9 558 17 574 403 386 264 74 106 
8 9 558 17 574 404 384 264 74 106 
8 9 558 17 574 405 384 264 74 106 
8 9 558 17 574 406 384 264 74 106 
8 9 558 17 574 407 384 262 74 108 
8 9 558 17 574 408 382 262 76 108 
8 9 558 17 574 409 382 262 76 108 
8 9 558 17 574 410 382 262 76 108 
8 9 558 17 574 411 382 262 76 108 
8 9 558 17 574 412 381 262 74 108 
8 9 558 17 574 413 381 262 74 108 
8 9 558 17 574 414 381 262 74 108 
8 9 558 17 574 415 381 262 74 108 
8 9 558 17 574 416 379 261 74 106 
8 9 558 17 574 417 379 261 74 106 
8 9 558 17 574 418 379 261 74 106 
8 9 558 17 574 419 377 261 74 106 
8 9 558 17 574 420 377 261 74 106 
8 9 558 17 574 421 377 261 74 106 
8 9 558 17 574 422 377 261 74 106 
8 9 558 17 574 423 375 261 76 106 
8 9 558 17 574 424 375 261 76 106 
8 9 558 17 574 425 375 259 76 106 
8 9 558 17 574 426 375 259 76 106 
8 9 558 17 574 427 373 259 76 106 
8 9 558 17 574 428 373 259 76 106 
8 9 558 17 574 429 373 259 76 106 
8 9 558 17 574 430 373 259 76 106 
8 9 558 17 574 431 372 259 74 106 
8 9 558 17 574 432 372 259 74 106 
8 9 558 17 574 433 372 259 74 106 
8 9 558 17 574 434 370 257 74 106 
8 9 558 17 574 435 370 257 74 106 
8 9 558 17 574 436 370 257 74 106 
8 9 558 17 574 437 370 257 74 106 
8 9 558 17 574 438 368 257 74 106 
8 9 558 17 574 439 368 257 74 106 
8 9 558 17 574 440 368 257 74 106 
8 9 558 17 574 441 368 257 74 106 
8 9 558 17 574 442 366 257 76 106 
8 9 558 17 574 443 366 255 76 106 
8 9 558 17 574 444 366 255 76 106 
8 9 558 17 574 445 366 255 76 106 
8 9 558 17 574 446 365 255 74 106 
8 9 558 17 574 447 365 255 74 106 
8 9 558 17 574 448 365 255 74 106 
8 9 558 17 574 449 363 255 74 106 
8 9 558 17 574 450 363 255 74 106 
8 9 558 17 574 451 363 255 74 106 
8 9 558 17 574 452 363 254 74 106 
8 9 558 17 574 453 361 254 74 106 
8 9 558 17 574 454 361 254 74 106 
8 9 558 17 574 455 361 254 74 106 
8 9 558 17 574 456 361 254 74 106 
8 9 558 17 574 457 359 254 76 106 
8 9 558 17 574 458 359 254 76 106 
8 9 558 17 574 459 359 254 76 106 
8 9 558 17 574 460 359 254 76 106 
8 9 558 17 574 461 357 252 76 106 
8 9 558 17 574 462 357 252 76 106 
8 9 558 17 574 463 357 252 76 106 
8 9 558 17 574 464 357 252 76 106 
8 9 558 17 574 465 357 252 76 106 
8 9 558 17 574 466 356 252 74 106 
8 9 558 17 574 467 356 252 74 106 
8 9 558 17 574 468 356 252 74 106 
8 9 558 17 574 469 356 252 74 106 
8 9 558 17 574 470 356 252 74 106 
8 9 558 17 574 471 354 252 74 106 
8 9 558 17 574 472 354 252 74 106 
8 9 558 17 574 473 354 252 74 106 
8 9 558 17 574 474 354 252 74 106 
8 9 558 17 574 475 354 252 74 106 
8 9 558 17 574 476 352 250 74 106 
8 9 558 17 574 477 352 250 74 106 
8 9 558 17 574 478 352 250 74 106 
8 9 558 17 574 479 352 250 74 106 
8 9 558 17 574 480 352 250 74 106 
8 9 558 17 574 481 350 250 76 106 
8 9 558 17 574 482 350 250 76 106 
8 9 558 17 574 483 350 250 76 106 
8 9 558 17 574 484 350 250 76 106 
8 9 558 17 574 485 350 250 76 106 
8 9 558 17 574 486 349 250 74 106 
8 9 558 17 574 487 349 250 74 106 
8 9 558 17 574 488 349 250 74 106 
8 9 558 17 574 489 349 250 74 106 
8 9 558 17 574 490 349 250 74 106 
8 9 558 17 574 491 347 248 74 106 
8 9 558 17 574 492 347 248 74 106 
8 9 558 17 574 493 347 248 74 106 
8 9 558 17 574 494 347 248 74 106 
8 9 558 17 574 495 347 248 74 106 
8 9 558 17 574 496 345 248 74 106 
8 9 558 17 574 497 345 248 74 106 
8 9 558 17 574 498 345 248 74 106 
8 9 558 17 574 499 345 248 74 106 
8 9 558 17 574 500 345 248 74 106 
8 9 558 17 574 501 343 248 76 106 
8 9 558 17 574 502 343 248 76 106 
8 9 558 17 574 503 343 248 76 106 
8 9 558 17 574 504 343 248 76 106 
8 9 558 17 574 505 343 248 76 106 
8 9 558 17 574 506 341 246 76 108 
8 9 558 17 574 507 341 246 76 108 
8 9 558 17 574 508 341 246 76 108 
8 9 558 17 574 509 341 246 76 108 
8 9 558 17 574 510 341 246 76 108 
8 9 558 17 574 511 340 246 74 108 
8 9 558 17 574 512 340 246 74 108 
8 9 558 17 574 513 340 246 74 108 
8 9 558 17 574 514 340 246 74 108 
8 9 558 17 574 515 340 246 74 108 
8 9 558 17 574 516 338 246 74 108 
8 9 558 17 574 517 338 246 74 108 
8 9 558 17 574 518 338 246 74 108 
8 9 558 17 574 519 338 246 74 108 
8 9 558 17 574 520 338 246 74 108 
8 9 558 17 574 521 336 245 74 106 
8 9 558 17 574 522 336 245 74 106 
8 9 558 17 574 523 336 245 74 106 
8 9 558 17 574 524 336 245 74 106 
8 9 558 17 574 525 336 245 74 106 
8 9 558 17 574 526 334 245 76 106 
8 9 558 17 574 527 334 245 76 106 
8 9 558 17 574 528 334 245 76 106 
8 9 558 17 574 529 334 245 76 106 
8 9 558 17 574 530 334 245 76 106 
8 9 558 17 574 531 333 245 74 106 
8 9 558 17 574 532 333 245 74 106 
8 9 558 17 574 533 333 245 74 106 
8 9 558 17 574 534 333 245 74 106 
8 9 558 17 574 535 333 245 74 106 
8 9 558 17 574 536 331 243 74 106 
8 9 558 17 574 537 331 243 74 106 
8 9 558 17 574 538 331 243 74 106 
8 9 558 17 574 539 331 243 74 106 
8 9 558 17 574 540 331 243 74 106 
8 9 558 17 574 541 329 243 74 106 
8 9 558 17 574 542 329 243 74 106 
8 9 558 17 574 543 329 243 74 106 
8 9 558 17 574 544 329 243 74 106 
8 9 558 17 574 545 329 243 74 106 
8 9 558 17 574 546 327 243 76 106 
8 9 558 17 574 547 327 243 76 106 
8 9 558 17 574 548 327 243 76 106 
8 9 558 17 574 549 327 243 76 106 
8 9 558 17 574 550 327 243 76 106 
8 9 558 17 574 551 325 243 76 106 
8 9 558 17 574 552 325 243 76 106 
8 9 558 17 574 553 325 243 76 106 
8 9 558 17 574 554 325 243 76 106 
8 9 558 17 574 555 325 243 76 106 
8 9 558 17 574 556 325 243 76 106 
8 9 558 17 574 557 325 243 76 106 
8 9 558 17 574 558 325 243 76 106 
8 9 558 17 574 559 325 243 76 106 
8 9 558 17 574 560 325 243 76 106 
8 9 558 17 574 561 324 241 74 106 
8 9 558 17 574 562 324 241 74 106 
8 9 558 17 574 563 324 241 74 106 
8 9 558 17 574 564 324 241 74 106 
8 9 558 17 574 565 325 241 70 106 
8 9 558 17 574 566 322 241 74 103 
8 9 558 17 574 567 322 241 74 103 
8 9 558 17 574 568 322 241 74 103 
8 9 558 17 574 569 323 241 70 103 
8 9 558 17 574 570 323 241 70 103 
8 9 558 17 574 571 323 239 70 106 
8 9 558 17 574 572 320 239 74 105 
8 9 558 17 574 573 320 239 74 105 
8 9 558 17 574 574 321 239 72 105 
9 9 601 20 620 20 985 372 96 174 
9 9 601 20 620 21 982 370 96 175 
9 9 601 20 620 22 978 371 96 172 
9 9 601 20 620 23 975 368 96 175 
9 9 601 20 620 24 971 366 96 175 
9 9 601 20 620 25 968 364 96 178 
9 9 601 20 620 26 967 364 92 177 
9 9 601 20 620 27 963 362 92 180 
9 9 601 20 620 28 960 361 92 178 
9 9 601 20 620 29 956 358 92 181 
9 9 601 20 620 30 953 359 92 178 
9 9 601 20 620 31 949 356 92 181 
9 9 601 20 620 32 944 354 94 181 
9 9 601 20 620 33 942 353 92 183 
9 9 601 20 620 34 940 353 90 183 
9 9 601 20 620 35 938 351 88 183 
9 9 601 20 620 36 934 351 88 183 
9 9 601 20 620 37 931 351 90 183 
9 9 601 20 620 38 929 349 88 184 
9 9 601 20 620 39 927 349 88 184 
9 9 601 20 620 40 922 349 90 184 
9 9 601 20 620 41 922 347 88 184 
9 9 601 20 620 42 918 347 88 184 
9 9 601 20 620 43 913 347 90 184 
9 9 601 20 620 44 913 347 88 184 
9 9 601 20 620 45 908 345 90 184 
9 9 601 20 620 46 906 345 90 184 
9 9 601 20 620 47 904 345 88 184 
9 9 601 20 620 48 902 344 88 183 
9 9 601 20 620 49 897 344 90 183 
9 9 601 20 620 50 895 344 88 183 
9 9 601 20 620 51 892 342 90 184 
9 9 601 20 620 52 890 342 88 184 
9 9 601 20 620 53 888 342 88 184 
9 9 601 20 620 54 883 342 90 184 
9 9 601 20 620 55 881 340 90 184 
9 9 601 20 620 56 879 340 88 184 
9 9 601 20 620 57 874 340 90 184 
9 9 601 20 620 58 874 338 88 184 
9 9 601 20 620 59 870 338 88 184 
9 9 601 20 620 60 867 338 90 184 
9 9 601 20 620 61 865 337 88 183 
9 9 601 20 620 62 863 337 88 183 
9 9 601 20 620 63 858 337 90 183 
9 9 601 20 620 64 856 337 88 183 
9 9 601 20 620 65 854 335 88 183 
9 9 601 20 620 66 849 335 90 183 
9 9 601 20 620 67 849 335 88 183 
9 9 601 20 620 68 844 333 90 184 
9 9 601 20 620 69 842 333 90 184 
9 9 601 20 620 70 840 333 88 184 
9 9 601 20 620 71 838 333 88 184 
9 9 601 20 620 72 833 331 90 184 
9 9 601 20 620 73 833 331 88 184 
9 9 601 20 620 74 831 331 88 181 
9 9 601 20 620 75 826 331 90 181 
9 9 601 20 620 76 826 329 88 184 
9 9 601 20 620 77 824 329 88 181 
9 9 601 20 620 78 822 329 88 181 
9 9 601 20 620 79 817 330 90 180 
9 9 601 20 620 80 817 328 88 181 
9 9 601 20 620 81 815 328 88 181 
9 9 601 20 620 82 812 329 90 178 
9 9 601 20 620 83 810 329 88 178 
9 9 601 20 620 84 808 326 88 181 
9 9 601 20 620 85 806 327 88 178 
9 9 601 20 620 86 803 327 90 178 
9 9 601 20 620 87 801 327 88 175 
9 9 601 20 620 88 799 325 88 178 
9 9 601 20 620 89 796 325 90 178 
9 9 601 20 620 90 794 325 88 175 
9 9 601 20 620 91 792 325 88 175 
9 9 601 20 620 92 790 323 88 178 
9 9 601 20 620 93 787 323 90 177 
9 9 601 20 620 94 785 323 88 177 
9 9 601 20 620 95 783 324 88 174 
9 9 601 20 620 96 780 322 90 175 
9 9 601 20 620 97 778 322 90 175 
9 9 601 20 620 98 776 323 88 172 
9 9 601 20 620 99 774 323 88 172 
9 9 601 20 620 100 771 320 90 175 
9 9 601 20 620 101 769 321 90 172 
9 9 601 20 620 102 767 321 88 172 
9 9 601 20 620 103 764 321 90 171 
9 9 601 20 620 104 762 319 90 174 
9 9 601 20 620 105 760 319 88 174 
9 9 601 20 620 106 758 319 88 171 
9 9 601 20 620 107 755 319 90 171 
9 9 601 20 620 108 753 317 90 174 
9 9 601 20 620 109 751 317 88 171 
9 9 601 20 620 110 748 317 90 171 
9 9 601 20 620 111 746 318 90 168 
9 9 601 20 620 112 746 315 88 171 
9 9 601 20 620 113 742 315 88 171 
9 9 601 20 620 114 739 316 90 168 
9 9 601 20 620 115 737 316 90 168 
9 9 601 20 620 116 737 316 88 168 
9 9 601 20 620 117 732 315 90 168 
9 9 601 20 620 118 730 315 90 168 
9 9 601 20 620 119 730 315 88 168 
9 9 601 20 620 120 728 315 88 168 
9 9 601 20 620 121 726 315 88 168 
9 9 601 20 620 122 721 315 90 165 
9 9 601 20 620 123 721 315 88 165 
9 9 601 20 620 124 719 315 88 165 
9 9 601 20 620 125 716 315 90 165 
9 9 601 20 620 126 714 313 90 168 
9 9 601 20 620 127 712 313 88 165 
9 9 601 20 620 128 710 313 88 165 
9 9 601 20 620 129 707 313 90 165 
9 9 601 20 620 130 705 313 90 165 
9 9 601 20 620 131 705 313 88 165 
9 9 601 20 620 132 700 314 90 162 
9 9 601 20 620 133 698 314 90 162 
9 9 601 20 620 134 698 314 88 162 
9 9 601 20 620 135 696 311 88 165 
9 9 601 20 620 136 694 311 88 165 
9 9 601 20 620 137 689 311 90 163 
9 9 601 20 620 138 689 311 88 163 
9 9 601 20 620 139 687 311 88 163 
9 9 601 20 620 140 684 311 90 163 
9 9 601 20 620 141 682 311 90 163 
9 9 601 20 620 142 680 312 88 160 
9 9 601 20 620 143 678 312 88 160 
9 9 601 20 620 144 675 312 90 160 
9 9 601 20 620 145 673 309 90 163 
9 9 601 20 620 146 673 309 88 163 
9 9 601 20 620 147 668 310 90 160 
9 9 601 20 620 148 666 310 90 160 
9 9 601 20 620 149 666 310 88 160 
9 9 601 20 620 150 664 310 88 160 
9 9 601 20 620 151 662 310 88 160 
9 9 601 20 620 152 657 310 90 157 
9 9 601 20 620 153 657 310 88 157 
9 9 601 20 620 154 655 309 88 159 
9 9 601 20 620 155 652 309 90 159 
9 9 601 20 620 156 650 309 90 159 
9 9 601 20 620 157 648 310 88 156 
9 9 601 20 620 158 646 310 88 156 
9 9 601 20 620 159 643 310 90 156 
9 9 601 20 620 160 641 310 90 156 
9 9 601 20 620 161 641 310 88 156 
9 9 601 20 620 162 636 310 90 154 
9 9 601 20 620 163 634 307 90 157 
9 9 601 20 620 164 634 307 88 157 
9 9 601 20 620 165 632 307 88 157 
9 9 601 20 620 166 630 307 88 157 
9 9 601 20 620 167 625 308 90 154 
9 9 601 20 620 168 625 308 88 154 
9 9 601 20 620 169 623 308 88 154 
9 9 601 20 620 170 620 308 90 154 
9 9 601 20 620 171 618 308 90 154 
9 9 601 20 620 172 618 308 88 154 
9 9 601 20 620 173 616 306 88 154 
9 9 601 20 620 174 614 306 88 154 
9 9 601 20 620 175 611 306 90 154 
9 9 601 20 620 176 611 306 90 151 
9 9 601 20 620 177 609 304 90 154 
9 9 601 20 620 178 609 304 88 154 
9 9 601 20 620 179 607 304 88 154 
9 9 601 20 620 180 607 304 88 153 
9 9 601 20 620 181 604 304 90 153 
9 9 601 20 620 182 602 302 90 156 
9 9 601 20 620 183 602 302 88 153 
9 9 601 20 620 184 602 302 88 153 
9 9 601 20 620 185 600 302 88 153 
9 9 601 20 620 186 598 302 88 153 
9 9 601 20 620 187 595 301 90 151 
9 9 601 20 620 188 595 301 90 151 
9 9 601 20 620 189 593 301 90 151 
9 9 601 20 620 190 593 301 88 151 
9 9 601 20 620 191 591 299 88 151 
9 9 601 20 620 192 591 299 88 151 
9 9 601 20 620 193 588 299 90 151 
9 9 601 20 620 194 586 300 90 148 
9 9 601 20 620 195 586 300 88 148 
9 9 601 20 620 196 586 297 88 151 
9 9 601 20 620 197 584 297 88 151 
9 9 601 20 620 198 582 298 88 150 
9 9 601 20 620 199 579 298 90 150 
9 9 601 20 620 200 579 298 90 150 
9 9 601 20 620 201 577 296 90 150 
9 9 601 20 620 202 577 296 88 150 
9 9 601 20 620 203 575 296 88 150 
9 9 601 20 620 204 575 296 88 150 
9 9 601 20 620 205 572 295 90 148 
9 9 601 20 620 206 570 295 90 148 
9 9 601 20 620 207 570 295 88 148 
9 9 601 20 620 208 570 295 88 148 
9 9 601 20 620 209 568 295 88 145 
9 9 601 20 620 210 566 293 88 148 
9 9 601 20 620 211 563 293 90 148 
9 9 601 20 620 212 563 293 90 147 
9 9 601 20 620 213 561 293 90 147 
9 9 601 20 620 214 561 293 88 147 
9 9 601 20 620 215 559 291 88 150 
9 9 601 20 620 216 559 291 88 147 
9 9 601 20 620 217 556 291 90 147 
9 9 601 20 620 218 554 291 90 147 
9 9 601 20 620 219 554 291 90 147 
9 9 601 20 620 220 554 289 88 147 
9 9 601 20 620 221 552 289 88 147 
9 9 601 20 620 222 553 289 84 147 
9 9 601 20 620 223 550 289 88 147 
9 9 601 20 620 224 547 290 90 144 
9 9 601 20 620 225 548 290 86 144 
9 9 601 20 620 226 545 287 90 147 
9 9 601 20 620 227 545 287 88 147 
9 9 601 20 620 228 546 287 84 147 
9 9 601 20 620 229 543 288 88 144 
9 9 601 20 620 230 543 288 86 144 
9 9 601 20 620 231 541 288 86 144 
9 9 601 20 620 232 539 288 86 144 
9 9 601 20 620 233 539 287 86 144 
9 9 601 20 620 234 539 287 84 144 
9 9 601 20 620 235 537 287 84 144 
9 9 601 20 620 236 537 287 84 144 
9 9 601 20 620 237 534 287 86 144 
9 9 601 20 620 238 532 287 86 141 
9 9 601 20 620 239 532 287 86 141 
9 9 601 20 620 240 530 285 86 144 
9 9 601 20 620 241 531 285 82 144 
9 9 601 20 620 242 530 285 82 144 
9 9 601 20 620 243 527 285 86 141 
9 9 601 20 620 244 528 285 82 141 
9 9 601 20 620 245 526 285 82 141 
9 9 601 20 620 246 523 283 86 144 
9 9 601 20 620 247 524 283 82 141 
9 9 601 20 620 248 524 283 80 141 
9 9 601 20 620 249 524 283 80 141 
9 9 601 20 620 250 521 283 82 141 
9 9 601 20 620 251 519 283 82 141 
9 9 601 20 620 252 520 283 78 139 
9 9 601 20 620 253 517 281 82 142 
9 9 601 20 620 254 515 281 82 142 
9 9 601 20 620 255 516 281 80 142 
9 9 601 20 620 256 514 281 82 139 
9 9 601 20 620 257 512 281 82 139 
9 9 601 20 620 258 513 281 78 139 
9 9 601 20 620 259 510 281 82 139 
9 9 601 20 620 260 511 280 78 141 
9 9 601 20 620 261 509 281 78 138 
9 9 601 20 620 262 508 281 78 138 
9 9 601 20 620 263 508 281 78 138 
9 9 601 20 620 264 506 281 78 138 
9 9 601 20 620 265 504 281 78 138 
9 9 601 20 620 266 504 279 78 138 
9 9 601 20 620 267 502 279 78 138 
9 9 601 20 620 268 500 279 80 138 
9 9 601 20 620 269 500 279 80 138 
9 9 601 20 620 270 499 279 78 135 
9 9 601 20 620 271 500 279 74 135 
9 9 601 20 620 272 498 279 74 135 
9 9 601 20 620 273 495 277 78 138 
9 9 601 20 620 274 496 277 74 138 
9 9 601 20 620 275 494 277 76 136 
9 9 601 20 620 276 492 277 78 136 
9 9 601 20 620 277 493 277 74 136 
9 9 601 20 620 278 491 277 74 136 
9 9 601 20 620 279 491 277 74 136 
9 9 601 20 620 280 489 275 74 136 
9 9 601 20 620 281 489 275 74 136 
9 9 601 20 620 282 487 275 76 136 
9 9 601 20 620 283 487 275 76 136 
9 9 601 20 620 284 487 275 76 136 
9 9 601 20 620 285 485 275 76 133 
9 9 601 20 620 286 485 275 76 133 
9 9 601 20 620 287 484 275 74 133 
9 9 601 20 620 288 484 275 74 133 
9 9 601 20 620 289 484 275 74 133 
9 9 601 20 620 290 482 273 74 133 
9 9 601 20 620 291 482 273 74 133 
9 9 601 20 620 292 482 273 74 133 
9 9 601 20 620 293 480 273 74 133 
9 9 601 20 620 294 480 273 74 133 
9 9 601 20 620 295 478 274 76 132 
9 9 601 20 620 296 478 274 76 132 
9 9 601 20 620 297 478 274 76 132 
9 9 601 20 620 298 477 274 74 132 
9 9 601 20 620 299 477 274 74 132 
9 9 601 20 620 300 477 274 74 132 
9 9 601 20 620 301 475 273 74 130 
9 9 601 20 620 302 475 273 74 130 
9 9 601 20 620 303 476 273 70 130 
9 9 601 20 620 304 473 273 74 130 
9 9 601 20 620 305 473 273 74 130 
9 9 601 20 620 306 474 273 72 127 
9 9 601 20 620 307 471 273 76 127 
9 9 601 20 620 308 471 273 76 127 
9 9 601 20 620 309 472 273 72 127 
9 9 601 20 620 310 469 273 76 127 
9 9 601 20 620 311 469 273 76 127 
9 9 601 20 620 312 470 274 72 124 
9 9 601 20 620 313 468 274 74 124 
9 9 601 20 620 314 468 274 74 124 
9 9 601 20 620 315 469 274 70 124 
9 9 601 20 620 316 466 274 74 124 
9 9 601 20 620 317 466 274 74 124 
9 9 601 20 620 318 467 274 70 121 
9 9 601 20 620 319 464 274 74 121 
9 9 601 20 620 320 464 274 74 121 
9 9 601 20 620 321 465 274 72 121 
9 9 601 20 620 322 462 274 76 121 
9 9 601 20 620 323 463 275 72 120 
9 9 601 20 620 324 463 275 72 120 
9 9 601 20 620 325 461 275 74 120 
9 9 601 20 620 326 462 275 70 120 
9 9 601 20 620 327 462 275 70 120 
9 9 601 20 620 328 459 275 74 120 
9 9 601 20 620 329 460 275 70 117 
9 9 601 20 620 330 460 275 70 117 
9 9 601 20 620 331 457 275 74 117 
9 9 601 20 620 332 458 275 72 117 
9 9 601 20 620 333 458 275 72 117 
9 9 601 20 620 334 455 275 76 117 
9 9 601 20 620 335 456 276 72 114 
9 9 601 20 620 336 456 276 72 114 
9 9 601 20 620 337 453 276 76 114 
9 9 601 20 620 338 454 276 72 114 
9 9 601 20 620 339 454 276 72 114 
9 9 601 20 620 340 454 276 72 114 
9 9 601 20 620 341 453 274 70 114 
9 9 601 20 620 342 453 274 70 114 
9 9 601 20 620 343 453 274 70 114 
9 9 601 20 620 344 451 274 70 114 
9 9 601 20 620 345 451 274 70 114 
9 9 601 20 620 346 451 274 70 114 
9 9 601 20 620 347 449 274 72 114 
9 9 601 20 620 348 449 274 72 114 
9 9 601 20 620 349 449 271 72 115 
9 9 601 20 620 350 447 271 72 115 
9 9 601 20 620 351 447 271 72 115 
9 9 601 20 620 352 447 271 72 115 
9 9 601 20 620 353 446 271 70 115 
9 9 601 20 620 354 446 271 70 115 
9 9 601 20 620 355 446 271 70 115 
9 9 601 20 620 356 444 271 70 115 
9 9 601 20 620 357 444 269 70 115 
9 9 601 20 620 358 444 269 70 115 
9 9 601 20 620 359 442 269 72 115 
9 9 601 20 620 360 442 269 72 115 
9 9 601 20 620 361 442 269 72 115 
9 9 601 20 620 362 440 269 72 115 
9 9 601 20 620 363 440 269 72 115 
9 9 601 20 620 364 440 269 72 115 
9 9 601 20 620 365 440 269 72 115 
9 9 601 20 620 366 438 269 72 114 
9 9 601 20 620 367 438 269 72 114 
9 9 601 20 620 368 438 269 72 114 
9 9 601 20 620 369 437 269 70 114 
9 9 601 20 620 370 437 269 70 114 
9 9 601 20 620 371 437 269 70 114 
9 9 601 20 620 372 435 269 70 114 
9 9 601 20 620 373 435 269 70 114 
9 9 601 20 620 374 435 267 70 114 
9 9 601 20 620 375 433 267 72 114 
9 9 601 20 620 376 433 267 72 114 
9 9 601 20 620 377 433 267 72 114 
9 9 601 20 620 378 431 267 72 114 
9 9 601 20 620 379 431 267 72 114 
9 9 601 20 620 380 431 267 72 114 
9 9 601 20 620 381 430 267 70 114 
9 9 601 20 620 382 430 265 70 114 
9 9 601 20 620 383 430 265 70 114 
9 9 601 20 620 384 428 265 70 114 
9 9 601 20 620 385 428 265 70 114 
9 9 601 20 620 386 428 265 70 114 
9 9 601 20 620 387 426 265 72 114 
9 9 601 20 620 388 426 265 72 114 
9 9 601 20 620 389 426 265 72 114 
9 9 601 20 620 390 426 265 72 114 
9 9 601 20 620 391 424 262 72 115 
9 9 601 20 620 392 424 262 72 115 
9 9 601 20 620 393 424 262 72 115 
9 9 601 20 620 394 422 262 72 115 
9 9 601 20 620 395 422 262 72 115 
9 9 601 20 620 396 422 262 72 115 
9 9 601 20 620 397 421 262 70 115 
9 9 601 20 620 398 421 262 70 115 
9 9 601 20 620 399 421 260 70 115 
9 9 601 20 620 400 419 260 70 115 
9 9 601 20 620 401 419 260 70 115 
9 9 601 20 620 402 419 260 70 115 
9 9 601 20 620 403 417 260 72 115 
9 9 601 20 620 404 417 260 72 115 
9 9 601 20 620 405 417 260 72 115 
9 9 601 20 620 406 415 260 72 115 
9 9 601 20 620 407 415 260 72 114 
9 9 601 20 620 408 415 260 72 114 
9 9 601 20 620 409 414 260 70 114 
9 9 601 20 620 410 414 260 70 114 
9 9 601 20 620 411 414 260 70 114 
9 9 601 20 620 412 412 260 70 114 
9 9 601 20 620 413 412 260 70 114 
9 9 601 20 620 414 412 260 70 114 
9 9 601 20 620 415 412 260 70 114 
9 9 601 20 620 416 410 258 72 114 
9 9 601 20 620 417 410 258 72 114 
9 9 601 20 620 418 410 258 72 114 
9 9 601 20 620 419 408 258 72 114 
9 9 601 20 620 420 408 258 72 114 
9 9 601 20 620 421 408 258 72 114 
9 9 601 20 620 422 406 258 72 114 
9 9 601 20 620 423 406 258 72 114 
9 9 601 20 620 424 406 255 72 115 
9 9 601 20 620 425 405 255 70 115 
9 9 601 20 620 426 405 255 70 115 
9 9 601 20 620 427 405 255 70 115 
9 9 601 20 620 428 403 255 70 115 
9 9 601 20 620 429 403 255 70 115 
9 9 601 20 620 430 403 255 70 115 
9 9 601 20 620 431 401 255 72 115 
9 9 601 20 620 432 401 253 72 115 
9 9 601 20 620 433 401 253 72 115 
9 9 601 20 620 434 399 253 72 115 
9 9 601 20 620 435 399 253 72 115 
9 9 601 20 620 436 399 253 72 115 
9 9 601 20 620 437 398 253 70 115 
9 9 601 20 620 438 398 253 70 115 
9 9 601 20 620 439 398 253 70 115 
9 9 601 20 620 440 398 253 70 115 
9 9 601 20 620 441 396 253 70 114 
9 9 601 20 620 442 396 253 70 114 
9 9 601 20 620 443 396 253 70 114 
9 9 601 20 620 444 396 253 70 114 
9 9 601 20 620 445 394 253 72 114 
9 9 601 20 620 446 394 253 72 114 
9 9 601 20 620 447 394 253 72 114 
9 9 601 20 620 448 394 253 72 114 
9 9 601 20 620 449 394 253 72 114 
9 9 601 20 620 450 392 253 72 114 
9 9 601 20 620 451 392 253 72 114 
9 9 601 20 620 452 392 251 72 114 
9 9 601 20 620 453 392 251 72 114 
9 9 601 20 620 454 392 251 72 114 
9 9 601 20 620 455 390 251 72 114 
9 9 601 20 620 456 390 251 72 114 
9 9 601 20 620 457 390 251 72 114 
9 9 601 20 620 458 390 251 72 114 
9 9 601 20 620 459 389 251 70 114 
9 9 601 20 620 460 389 251 70 114 
9 9 601 20 620 461 389 251 70 114 
9 9 601 20 620 462 389 251 70 114 
9 9 601 20 620 463 389 249 70 114 
9 9 601 20 620 464 387 249 70 114 
9 9 601 20 620 465 387 249 70 114 
9 9 601 20 620 466 387 249 70 114 
9 9 601 20 620 467 387 249 70 114 
9 9 601 20 620 468 387 249 70 114 
9 9 601 20 620 469 385 249 72 114 
9 9 601 20 620 470 385 249 72 114 
9 9 601 20 620 471 385 249 72 114 
9 9 601 20 620 472 385 249 72 114 
9 9 601 20 620 473 385 249 72 114 
9 9 601 20 620 474 383 246 72 115 
9 9 601 20 620 475 383 246 72 115 
9 9 601 20 620 476 383 246 72 115 
9 9 601 20 620 477 383 246 72 115 
9 9 601 20 620 478 382 246 70 115 
9 9 601 20 620 479 382 246 70 115 
9 9 601 20 620 480 382 246 70 115 
9 9 601 20 620 481 382 246 70 115 
9 9 601 20 620 482 382 246 70 115 
9 9 601 20 620 483 380 246 70 115 
9 9 601 20 620 484 380 246 70 115 
9 9 601 20 620 485 380 246 70 115 
9 9 601 20 620 486 380 244 70 115 
9 9 601 20 620 487 380 244 70 115 
9 9 601 20 620 488 378 244 72 115 
9 9 601 20 620 489 378 244 72 115 
9 9 601 20 620 490 378 244 72 115 
9 9 601 20 620 491 378 244 72 115 
9 9 601 20 620 492 378 244 72 115 
9 9 601 20 620 493 376 244 72 115 
9 9 601 20 620 494 376 244 72 115 
9 9 601 20 620 495 376 244 72 115 
9 9 601 20 620 496 376 244 72 115 
9 9 601 20 620 497 374 244 72 114 
9 9 601 20 620 498 374 244 72 114 
9 9 601 20 620 499 374 244 72 114 
9 9 601 20 620 500 374 244 72 114 
9 9 601 20 620 501 374 244 72 114 
9 9 601 20 620 502 373 244 70 114 
9 9 601 20 620 503 373 244 70 114 
9 9 601 20 620 504 373 244 70 114 
9 9 601 20 620 505 373 244 70 114 
9 9 601 20 620 506 373 244 70 114 
9 9 601 20 620 507 371 244 70 114 
9 9 601 20 620 508 371 242 70 114 
9 9 601 20 620 509 371 242 70 114 
9 9 601 20 620 510 371 242 70 114 
9 9 601 20 620 511 371 242 70 114 
9 9 601 20 620 512 369 242 72 114 
9 9 601 20 620 513 369 242 72 114 
9 9 601 20 620 514 369 242 72 114 
9 9 601 20 620 515 369 242 72 114 
9 9 601 20 620 516 367 242 72 114 
9 9 601 20 620 517 367 242 72 114 
9 9 601 20 620 518 367 242 72 114 
9 9 601 20 620 519 367 239 72 115 
9 9 601 20 620 520 367 239 72 115 
9 9 601 20 620 521 366 239 70 115 
9 9 601 20 620 522 366 239 70 115 
9 9 601 20 620 523 366 239 70 115 
9 9 601 20 620 524 366 239 70 115 
9 9 601 20 620 525 366 239 70 115 
9 9 601 20 620 526 364 239 70 115 
9 9 601 20 620 527 364 239 70 115 
9 9 601 20 620 528 364 239 70 115 
9 9 601 20 620 529 364 239 70 115 
9 9 601 20 620 530 364 239 70 115 
9 9 601 20 620 531 362 237 72 115 
9 9 601 20 620 532 362 237 72 115 
9 9 601 20 620 533 362 237 72 115 
9 9 601 20 620 534 362 237 72 115 
9 9 601 20 620 535 362 237 72 115 
9 9 601 20 620 536 360 237 72 115 
9 9 601 20 620 537 360 237 72 115 
9 9 601 20 620 538 360 238 72 112 
9 9 601 20 620 539 360 238 72 112 
9 9 601 20 620 540 360 238 72 112 
9 9 601 20 620 541 358 238 72 112 
9 9 601 20 620 542 358 238 72 112 
9 9 601 20 620 543 358 238 72 112 
9 9 601 20 620 544 358 238 72 112 
9 9 601 20 620 545 358 238 72 109 
9 9 601 20 620 546 357 238 70 109 
9 9 601 20 620 547 357 238 70 109 
9 9 601 20 620 548 357 238 70 109 
9 9 601 20 620 549 357 238 70 109 
9 9 601 20 620 550 357 238 70 109 
9 9 601 20 620 551 355 238 70 109 
9 9 601 20 620 552 355 239 70 106 
9 9 601 20 620 553 355 239 70 106 
9 9 601 20 620 554 355 239 70 106 
9 9 601 20 620 555 355 239 70 106 
9 9 601 20 620 556 353 239 72 106 
9 9 601 20 620 557 353 239 72 106 
9 9 601 20 620 558 353 239 72 106 
9 9 601 20 620 559 353 239 72 105 
9 9 601 20 620 560 353 239 72 105 
9 9 601 20 620 561 351 239 72 105 
9 9 601 20 620 562 351 239 72 105 
9 9 601 20 620 563 351 239 72 105 
9 9 601 20 620 564 351 239 72 105 
9 9 601 20 620 565 351 239 72 105 
9 9 601 20 620 566 350 240 70 102 
9 9 601 20 620 567 350 240 70 102 
9 9 601 20 620 568 350 240 70 102 
9 9 601 20 620 569 350 240 70 102 
9 9 601 20 620 570 350 240 70 102 
9 9 601 20 620 571 348 240 70 102 
9 9 601 20 620 572 348 240 70 102 
9 9 601 20 620 573 348 240 70 99 
9 9 601 20 620 574 348 240 70 99 
9 9 601 20 620 575 348 240 70 99 
9 9 601 20 620 576 346 240 72 99 
9 9 601 20 620 577 346 240 72 99 
9 9 601 20 620 578 346 240 72 99 
9 9 601 20 620 579 346 240 72 99 
9 9 601 20 620 580 346 241 72 96 
9 9 601 20 620 581 344 241 72 96 
9 9 601 20 620 582 344 241 72 96 
9 9 601 20 620 583 344 241 72 96 
9 9 601 20 620 584 344 241 72 96 
9 9 601 20 620 585 344 241 72 96 
9 9 601 20 620 586 342 241 72 96 
9 9 601 20 620 587 342 241 72 94 
9 9 601 20 620 588 342 241 72 94 
9 9 601 20 620 589 342 241 72 94 
9 9 601 20 620 590 342 241 72 94 
9 9 601 20 620 591 341 241 70 94 
9 9 601 20 620 592 341 241 70 94 
9 9 601 20 620 593 341 241 70 94 
9 9 601 20 620 594 341 241 70 91 
9 9 601 20 620 595 341 241 70 91 
9 9 601 20 620 596 339 241 70 91 
9 9 601 20 620 597 339 241 70 91 
9 9 601 20 620 598 339 241 70 91 
9 9 601 20 620 599 339 241 70 91 
9 9 601 20 620 600 339 241 70 91 
9 9 601 20 620 601 340 242 68 88 
9 9 601 20 620 602 340 242 68 88 
9 9 601 20 620 603 341 242 64 88 
9 9 601 20 620 604 341 242 64 88 
9 9 601 20 620 605 341 242 64 88 
9 9 601 20 620 606 342 242 60 88 
9 9 601 20 620 607 342 242 60 88 
9 9 601 20 620 608 342 242 60 88 
9 9 601 20 620 609 343 242 56 88 
9 9 601 20 620 610 343 242 56 88 
9 9 601 20 620 611 343 242 56 88 
9 9 601 20 620 612 343 242 54 88 
9 9 601 20 620 613 343 242 54 88 
9 9 601 20 620 614 343 242 54 88 
9 9 601 20 620 615 344 242 50 88 
9 9 601 20 620 616 344 242 50 88 
9 9 601 20 620 617 344 242 50 88 
9 9 601 20 620 618 345 242 46 88 
9 9 601 20 620 619 345 242 46 88 
9 9 601 20 620 620 348 244 42 85 
10 9 321 300 620 300 317 255 50 100 
10 9 321 300 620 301 317 255 50 100 
10 9 321 300 620 302 317 255 50 100 
10 9 321 300 620 303 317 255 50 100 
10 9 321 300 620 304 317 255 50 100 
10 9 321 300 620 305 317 255 50 100 
10 9 321 300 620 306 317 255 50 100 
10 9 321 300 620 307 317 255 50 100 
10 9 321 300 620 308 317 255 50 100 
10 9 321 300 620 309 317 255 50 100 
10 9 321 300 620 310 317 255 50 100 
10 9 321 300 620 311 317 255 50 100 
10 9 321 300 620 312 317 255 50 100 
10 9 321 300 620 313 317 255 50 100 
10 9 321 300 620 314 317 255 50 100 
10 9 321 300 620 315 317 255 50 100 
10 9 321 300 620 316 317 255 50 100 
10 9 321 300 620 317 317 255 50 100 
10 9 321 300 620 318 317 255 50 100 
10 9 321 300 620 319 317 255 50 100 
10 9 321 300 620 320 317 255 50 100 
10 9 321 300 620 321 317 255 50 100 
10 9 321 300 620 322 317 255 50 100 
10 9 321 300 620 323 317 255 50 100 
10 9 321 300 620 324 317 255 50 100 
10 9 321 300 620 325 317 255 50 100 
10 9 321 300 620 326 317 255 50 100 
10 9 321 300 620 327 317 255 50 100 
10 9 321 300 620 328 317 255 50 100 
10 9 321 300 620 329 317 255 50 100 
10 9 321 300 620 330 317 255 50 100 
10 9 321 300 620 331 317 255 50 100 
10 9 321 300 620 332 317 255 50 100 
10 9 321 300 620 333 317 255 50 100 
10 9 321 300 620 334 317 255 50 100 
10 9 321 300 620 335 317 255 50 100 
10 9 321 300 620 336 317 255 50 100 
10 9 321 300 620 337 317 255 50 100 
10 9 321 300 620 338 317 255 50 100 
10 9 321 300 620 339 317 255 50 100 
10 9 321 300 620 340 317 255 50 100 
10 9 321 300 620 341 317 255 50 100 
10 9 321 300 620 342 317 255 50 100 
10 9 321 300 620 343 317 255 50 100 
10 9 321 300 620 344 317 255 50 100 
10 9 321 300 620 345 317 255 50 100 
10 9 321 300 620 346 317 255 50 100 
10 9 321 300 620 347 317 255 50 100 
10 9 321 300 620 348 317 255 50 100 
10 9 321 300 620 349 317 255 50 100 
10 9 321 300 620 350 317 255 50 100 
10 9 321 300 620 351 317 255 50 100 
10 9 321 300 620 352 317 255 50 100 
10 9 321 300 620 353 317 255 50 100 
10 9 321 300 620 354 317 255 50 100 
10 9 321 300 620 355 317 255 50 100 
10 9 321 300 620 356 317 255 50 100 
10 9 321 300 620 357 317 255 50 100 
10 9 321 300 620 358 317 255 50 100 
10 9 321 300 620 359 317 255 50 100 
10 9 321 300 620 360 317 255 50 100 
10 9 321 300 620 361 317 255 50 100 
10 9 321 300 620 362 317 255 50 100 
10 9 321 300 620 363 317 255 50 100 
10 9 321 300 620 364 317 255 50 100 
10 9 321 300 620 365 317 255 50 100 
10 9 321 300 620 366 317 255 50 100 
10 9 321 300 620 367 317 255 50 100 
10 9 321 300 620 368 317 255 50 100 
10 9 321 300 620 369 317 255 50 100 
10 9 321 300 620 370 317 255 50 100 
10 9 321 300 620 371 317 255 50 100 
10 9 321 300 620 372 317 255 50 100 
10 9 321 300 620 373 317 255 50 100 
10 9 321 300 620 374 317 255 50 100 
10 9 321 300 620 375 317 255 50 100 
10 9 321 300 620 376 317 255 50 100 
10 9 321 300 620 377 317 255 50 100 
10 9 321 300 620 378 317 255 50 100 
10 9 321 300 620 379 317 255 50 100 
10 9 321 300 620 380 317 255 50 100 
10 9 321 300 620 381 317 255 50 100 
10 9 321 300 620 382 317 255 50 100 
10 9 321 300 620 383 317 255 50 100 
10 9 321 300 620 384 317 255 50 100 
10 9 321 300 620 385 317 255 50 100 
10 9 321 300 620 386 317 255 50 100 
10 9 321 300 620 387 317 255 50 100 
10 9 321 300 620 388 317 255 50 100 
10 9 321 300 620 389 317 255 50 100 
10 9 321 300 620 390 317 255 50 100 
10 9 321 300 620 391 317 255 50 100 
10 9 321 300 620 392 317 255 50 100 
10 9 321 300 620 393 317 255 50 100 
10 9 321 300 620 394 317 255 50 100 
10 9 321 300 620 395 317 255 50 100 
10 9 321 300 620 396 317 255 50 100 
10 9 321 300 620 397 317 255 50 100 
10 9 321 300 620 398 317 255 50 100 
10 9 321 300 620 399 317 255 50 100 
10 9 321 300 620 400 317 255 50 100 
10 9 321 300 620 401 317 255 50 100 
10 9 321 300 620 402 317 255 50 100 
10 9 321 300 620 403 317 255 50 100 
10 9 321 300 620 404 317 255 50 100 
10 9 321 300 620 405 317 255 50 100 
10 9 321 300 620 406 317 255 50 100 
10 9 321 300 620 407 317 255 50 100 
10 9 321 300 620 408 317 255 50 100 
10 9 321 300 620 409 317 255 50 100 
10 9 321 300 620 410 317 255 50 100 
10 9 321 300 620 411 317 255 50 100 
10 9 321 300 620 412 317 255 50 100 
10 9 321 300 620 413 317 255 50 100 
10 9 321 300 620 414 317 255 50 100 
10 9 321 300 620 415 317 255 50 100 
10 9 321 300 620 416 317 255 50 100 
10 9 321 300 620 417 317 255 50 100 
10 9 321 300 620 418 317 255 50 100 
10 9 321 300 620 419 317 255 50 100 
10 9 321 300 620 420 317 255 50 100 
10 9 321 300 620 421 317 255 50 100 
10 9 321 300 620 422 317 255 50 100 
10 9 321 300 620 423 317 255 50 100 
10 9 321 300 620 424 317 255 50 100 
10 9 321 300 620 425 317 255 50 100 
10 9 321 300 620 426 317 255 50 100 
10 9 321 300 620 427 317 255 50 100 
10 9 321 300 620 428 317 255 50 100 
10 9 321 300 620 429 317 255 50 100 
10 9 321 300 620 430 317 255 50 100 
10 9 321 300 620 431 317 255 50 100 
10 9 321 300 620 432 317 255 50 100 
10 9 321 300 620 433 317 255 50 100 
10 9 321 300 620 434 317 255 50 100 
10 9 321 300 620 435 317 255 50 100 
10 9 321 300 620 436 317 255 50 100 
10 9 321 300 620 437 317 255 50 100 
10 9 321 300 620 438 317 255 50 100 
10 9 321 300 620 439 317 255 50 100 
10 9 321 300 620 440 317 255 50 100 
10 9 321 300 620 441 317 255 50 100 
10 9 321 300 620 442 317 255 50 100 
10 9 321 300 620 443 317 255 50 100 
10 9 321 300 620 444 317 255 50 100 
10 9 321 300 620 445 317 255 50 100 
10 9 321 300 620 446 317 255 50 100 
10 9 321 300 620 447 317 255 50 100 
10 9 321 300 620 448 317 255 50 100 
10 9 321 300 620 449 317 255 50 100 
10 9 321 300 620 450 317 255 50 100 
10 9 321 300 620 451 317 255 50 100 
10 9 321 300 620 452 317 255 50 100 
10 9 321 300 620 453 317 255 50 100 
10 9 321 300 620 454 317 255 50 100 
10 9 321 300 620 455 317 255 50 100 
10 9 321 300 620 456 317 255 50 100 
10 9 321 300 620 457 317 255 50 100 
10 9 321 300 620 458 317 255 50 100 
10 9 321 300 620 459 317 255 50 100 
10 9 321 300 620 460 317 255 50 100 
10 9 321 300 620 461 317 255 50 100 
10 9 321 300 620 462 317 255 50 100 
10 9 321 300 620 463 317 255 50 100 
10 9 321 300 620 464 317 255 50 100 
10 9 321 300 620 465 317 255 50 100 
10 9 321 300 620 466 317 255 50 100 
10 9 321 300 620 467 317 255 50 100 
10 9 321 300 620 468 317 255 50 100 
10 9 321 300 620 469 317 255 50 100 
10 9 321 300 620 470 317 255 50 100 
10 9 321 300 620 471 317 255 50 100 
10 9 321 300 620 472 317 255 50 100 
10 9 321 300 620 473 317 255 50 100 
10 9 321 300 620 474 317 255 50 100 
10 9 321 300 620 475 317 255 50 100 
10 9 321 300 620 476 317 255 50 100 
10 9 321 300 620 477 317 255 50 100 
10 9 321 300 620 478 317 255 50 100 
10 9 321 300 620 479 317 255 50 100 
10 9 321 300 620 480 317 255 50 100 
10 9 321 300 620 481 317 255 50 100 
10 9 321 300 620 482 317 255 50 100 
10 9 321 300 620 483 317 255 50 100 
10 9 321 300 620 484 317 255 50 100 
10 9 321 300 620 485 317 255 50 100 
10 9 321 300 620 486 317 255 50 100 
10 9 321 300 620 487 317 255 50 100 
10 9 321 300 620 488 317 255 50 100 
10 9 321 300 620 489 317 255 50 100 
10 9 321 300 620 490 317 255 50 100 
10 9 321 300 620 491 317 255 50 100 
10 9 321 300 620 492 317 255 50 100 
10 9 321 300 620 493 317 255 50 100 
10 9 321 300 620 494 317 255 50 100 
10 9 321 300 620 495 317 255 50 100 
10 9 321 300 620 496 317 255 50 100 
10 9 321 300 620 497 317 255 50 100 
10 9 321 300 620 498 317 255 50 100 
10 9 321 300 620 499 317 255 50 100 
10 9 321 300 620 500 317 255 50 100 
10 9 321 300 620 501 317 255 50 100 
10 9 321 300 620 502 317 255 50 100 
10 9 321 300 620 503 317 255 50 100 
10 9 321 300 620 504 317 255 50 100 
10 9 321 300 620 505 317 255 50 100 
10 9 321 300 620 506 317 255 50 100 
10 9 321 300 620 507 317 255 50 100 
10 9 321 300 620 508 317 255 50 100 
10 9 321 300 620 509 317 255 50 100 
10 9 321 300 620 510 317 255 50 100 
10 9 321 300 620 511 317 255 50 100 
10 9 321 300 620 512 317 255 50 100 
10 9 321 300 620 513 317 255 50 100 
10 9 321 300 620 514 317 255 50 100 
10 9 321 300 620 515 317 255 50 100 
10 9 321 300 620 516 317 255 50 100 
10 9 321 300 620 517 317 255 50 100 
10 9 321 300 620 518 317 255 50 100 
10 9 321 300 620 519 317 255 50 100 
10 9 321 300 620 520 317 255 50 100 
10 9 321 300 620 521 317 255 50 100 
10 9 321 300 620 522 317 255 50 100 
10 9 321 300 620 523 317 255 50 100 
10 9 321 300 620 524 317 255 50 100 
10 9 321 300 620 525 317 255 50 100 
10 9 321 300 620 526 317 255 50 100 
10 9 321 300 620 527 317 255 50 100 
10 9 321 300 620 528 317 255 50 100 
10 9 321 300 620 529 317 255 50 100 
10 9 321 300 620 530 317 255 50 100 
10 9 321 300 620 531 317 255 50 100 
10 9 321 300 620 532 317 255 50 100 
10 9 321 300 620 533 317 255 50 100 
10 9 321 300 620 534 317 255 50 100 
10 9 321 300 620 535 317 255 50 100 
10 9 321 300 620 536 317 255 50 100 
10 9 321 300 620 537 317 255 50 100 
10 9 321 300 620 538 317 255 50 100 
10 9 321 300 620 539 317 255 50 100 
10 9 321 300 620 540 317 255 50 100 
10 9 321 300 620 541 317 255 50 100 
10 9 321 300 620 542 317 255 50 100 
10 9 321 300 620 543 317 255 50 100 
10 9 321 300 620 544 317 255 50 100 
10 9 321 300 620 545 317 255 50 100 
10 9 321 300 620 546 317 255 50 100 
10 9 321 300 620 547 317 255 50 100 
10 9 321 300 620 548 317 255 50 100 
10 9 321 300 620 549 317 255 50 100 
10 9 321 300 620 550 317 255 50 100 
10 9 321 300 620 551 317 255 50 100 
10 9 321 300 620 552 317 255 50 100 
10 9 321 300 620 553 317 255 50 100 
10 9 321 300 620 554 317 255 50 100 
10 9 321 300 620 555 317 255 50 100 
10 9 321 300 620 556 317 255 50 100 
10 9 321 300 620 557 317 255 50 100 
10 9 321 300 620 558 317 255 50 100 
10 9 321 300 620 559 317 255 50 100 
10 9 321 300 620 560 317 255 50 100 
10 9 321 300 620 561 317 255 50 100 
10 9 321 300 620 562 317 255 50 100 
10 9 321 300 620 563 317 255 50 100 
10 9 321 300 620 564 317 255 50 100 
10 9 321 300 620 565 317 255 50 100 
10 9 321 300 620 566 317 255 50 100 
10 9 321 300 620 567 317 255 50 100 
10 9 321 300 620 568 317 255 50 100 
10 9 321 300 620 569 317 255 50 100 
10 9 321 300 620 570 317 255 50 100 
10 9 321 300 620 571 317 255 50 100 
10 9 321 300 620 572 317 255 50 100 
10 9 321 300 620 573 317 255 50 100 
10 9 321 300 620 574 317 255 50 100 
10 9 321 300 620 575 317 255 50 100 
10 9 321 300 620 576 317 255 50 100 
10 9 321 300 620 577 317 255 50 100 
10 9 321 300 620 578 317 255 50 100 
10 9 321 300 620 579 317 255 50 100 
10 9 321 300 620 580 317 255 50 100 
10 9 321 300 620 581 317 255 50 100 
10 9 321 300 620 582 317 255 50 100 
10 9 321 300 620 583 317 255 50 100 
10 9 321 300 620 584 317 255 50 100 
10 9 321 300 620 585 317 255 50 100 
10 9 321 300 620 586 317 255 50 100 
10 9 321 300 620 587 317 255 50 100 
10 9 321 300 620 588 317 255 50 100 
10 9 321 300 620 589 317 255 50 100 
10 9 321 300 620 590 317 255 50 100 
10 9 321 300 620 591 317 255 50 100 
10 9 321 300 620 592 317 255 50 100 
10 9 321 300 620 593 317 255 50 100 
10 9 321 300 620 594 317 255 50 100 
10 9 321 300 620 595 317 255 50 100 
10 9 321 300 620 596 317 255 50 100 
10 9 321 300 620 597 317 255 50 100 
10 9 321 300 620 598 317 255 50 100 
10 9 321 300 620 599 317 255 50 100 
10 9 321 300 620 600 317 255 50 100 
10 9 321 300 620 601 318 255 46 97 
10 9 321 300 620 602 318 255 46 97 
10 9 321 300 620 603 318 255 46 97 
10 9 321 300 620 604 318 255 46 97 
10 9 321 300 620 605 318 255 46 97 
10 9 321 300 620 606 318 255 46 97 
10 9 321 300 620 607 319 255 44 97 
10 9 321 300 620 608 319 255 44 97 
10 9 321 300 620 609 319 255 44 97 
10 9 321 300 620 610 319 255 44 97 
10 9 321 300 620 611 319 255 44 97 
10 9 321 300 620 612 319 255 44 97 
10 9 321 300 620 613 319 255 44 97 
10 9 321 300 620 614 320 255 40 97 
10 9 321 300 620 615 320 255 40 97 
10 9 321 300 620 616 320 255 40 97 
10 9 321 300 620 617 320 255 40 97 
10 9 321 300 620 618 320 255 40 97 
10 9 321 300 620 619 320 255 40 97 
10 9 321 300 620 620 323 255 36 97 
11 9 398 223 620 223 368 235 46 85 
11 9 398 223 620 224 368 235 46 85 
11 9 398 223 620 225 370 235 46 85 
11 9 398 223 620 226 370 235 46 85 
11 9 398 223 620 227 370 235 46 85 
11 9 398 223 620 228 370 235 46 85 
11 9 398 223 620 229 372 235 46 85 
11 9 398 223 620 230 372 235 46 85 
11 9 398 223 620 231 372 235 46 85 
11 9 398 223 620 232 372 235 46 85 
11 9 398 223 620 233 373 235 46 85 
11 9 398 223 620 234 373 235 46 85 
11 9 398 223 620 235 373 235 46 85 
11 9 398 223 620 236 373 235 46 85 
11 9 398 223 620 237 375 235 46 85 
11 9 398 223 620 238 375 235 46 85 
11 9 398 223 620 239 375 235 46 85 
11 9 398 223 620 240 377 235 46 85 
11 9 398 223 620 241 377 235 46 85 
11 9 398 223 620 242 377 235 46 85 
11 9 398 223 620 243 377 235 46 85 
11 9 398 223 620 244 379 235 46 85 
11 9 398 223 620 245 379 235 46 85 
11 9 398 223 620 246 379 235 46 85 
11 9 398 223 620 247 379 235 46 85 
11 9 398 223 620 248 380 235 48 85 
11 9 398 223 620 249 380 235 48 85 
11 9 398 223 620 250 380 235 48 85 
11 9 398 223 620 251 380 235 48 85 
11 9 398 223 620 252 382 235 46 85 
11 9 398 223 620 253 382 235 46 85 
11 9 398 223 620 254 382 235 46 85 
11 9 398 223 620 255 384 235 46 85 
11 9 398 223 620 256 384 235 46 85 
11 9 398 223 620 257 384 235 46 85 
11 9 398 223 620 258 384 235 46 85 
11 9 398 223 620 259 386 235 46 85 
11 9 398 223 620 260 386 235 46 85 
11 9 398 223 620 261 386 235 46 85 
11 9 398 223 620 262 386 235 46 85 
11 9 398 223 620 263 388 235 46 85 
11 9 398 223 620 264 388 235 46 85 
11 9 398 223 620 265 388 235 46 85 
11 9 398 223 620 266 388 235 46 85 
11 9 398 223 620 267 389 235 46 85 
11 9 398 223 620 268 389 235 46 85 
11 9 398 223 620 269 389 235 46 85 
11 9 398 223 620 270 391 237 46 85 
11 9 398 223 620 271 391 237 46 85 
11 9 398 223 620 272 391 237 46 85 
11 9 398 223 620 273 391 237 46 85 
11 9 398 223 620 274 391 237 46 85 
11 9 398 223 620 275 393 237 46 85 
11 9 398 223 620 276 393 237 46 85 
11 9 398 223 620 277 393 237 46 85 
11 9 398 223 620 278 393 239 46 85 
11 9 398 223 620 279 395 239 46 85 
11 9 398 223 620 280 395 239 46 85 
11 9 398 223 620 281 395 239 46 85 
11 9 398 223 620 282 395 239 46 85 
11 9 398 223 620 283 396 239 48 85 
11 9 398 223 620 284 396 239 48 85 
11 9 398 223 620 285 396 242 48 84 
11 9 398 223 620 286 396 242 48 84 
11 9 398 223 620 287 396 242 48 84 
11 9 398 223 620 288 398 242 46 84 
11 9 398 223 620 289 398 242 46 84 
11 9 398 223 620 290 398 242 46 84 
11 9 398 223 620 291 398 242 46 84 
11 9 398 223 620 292 400 242 46 84 
11 9 398 223 620 293 400 242 46 85 
11 9 398 223 620 294 400 242 46 85 
11 9 398 223 620 295 400 242 46 85 
11 9 398 223 620 296 402 242 46 85 
11 9 398 223 620 297 402 242 46 85 
11 9 398 223 620 298 402 242 46 85 
11 9 398 223 620 299 402 242 46 85 
11 9 398 223 620 300 404 244 46 85 
11 9 398 223 620 301 404 244 46 85 
11 9 398 223 620 302 404 244 46 85 
11 9 398 223 620 303 404 244 48 85 
11 9 398 223 620 304 405 244 46 85 
11 9 398 223 620 305 405 244 46 85 
11 9 398 223 620 306 404 244 50 85 
11 9 398 223 620 307 404 244 50 88 
11 9 398 223 620 308 407 244 46 88 
11 9 398 223 620 309 406 246 50 85 
11 9 398 223 620 310 406 246 50 85 
11 9 398 223 620 311 409 246 46 85 
11 9 398 223 620 312 408 246 50 85 
11 9 398 223 620 313 408 246 50 88 
11 9 398 223 620 314 408 246 50 88 
11 9 398 223 620 315 410 246 50 88 
11 9 398 223 620 316 410 246 50 88 
11 9 398 223 620 317 410 246 50 88 
11 9 398 223 620 318 411 248 50 85 
11 9 398 223 620 319 411 248 50 85 
11 9 398 223 620 320 411 248 50 87 
11 9 398 223 620 321 410 248 54 87 
11 9 398 223 620 322 413 248 50 87 
11 9 398 223 620 323 413 248 50 87 
11 9 398 223 620 324 412 248 54 87 
11 9 398 223 620 325 412 248 54 87 
11 9 398 223 620 326 415 248 50 90 
11 9 398 223 620 327 414 249 54 88 
11 9 398 223 620 328 414 249 54 88 
11 9 398 223 620 329 417 249 50 88 
11 9 398 223 620 330 417 249 52 88 
11 9 398 223 620 331 417 249 52 88 
11 9 398 223 620 332 417 249 52 88 
11 9 398 223 620 333 419 248 52 91 
11 9 398 223 620 334 419 248 52 91 
11 9 398 223 620 335 419 248 52 91 
11 9 398 223 620 336 419 251 54 88 
11 9 398 223 620 337 419 251 54 88 
11 9 398 223 620 338 419 251 54 88 
11 9 398 223 620 339 418 250 58 91 
11 9 398 223 620 340 421 250 54 91 
11 9 398 223 620 341 421 250 54 91 
11 9 398 223 620 342 420 250 58 91 
11 9 398 223 620 343 420 250 58 91 
11 9 398 223 620 344 423 250 54 91 
11 9 398 223 620 345 423 253 56 90 
11 9 398 223 620 346 423 253 56 90 
11 9 398 223 620 347 426 253 52 90 
11 9 398 223 620 348 425 253 56 90 
11 9 398 223 620 349 425 253 56 90 
11 9 398 223 620 350 425 253 56 90 
11 9 398 223 620 351 425 253 58 90 
11 9 398 223 620 352 425 252 58 93 
11 9 398 223 620 353 425 252 58 93 
11 9 398 223 620 354 427 255 58 90 
11 9 398 223 620 355 427 255 58 90 
11 9 398 223 620 356 427 255 58 90 
11 9 398 223 620 357 427 255 60 90 
11 9 398 223 620 358 430 254 56 93 
11 9 398 223 620 359 430 254 56 93 
11 9 398 223 620 360 429 254 60 93 
11 9 398 223 620 361 429 254 60 93 
11 9 398 223 620 362 432 254 56 93 
11 9 398 223 620 363 431 257 60 90 
11 9 398 223 620 364 431 257 60 90 
11 9 398 223 620 365 434 256 56 93 
11 9 398 223 620 366 433 256 60 93 
11 9 398 223 620 367 433 256 60 93 
11 9 398 223 620 368 433 256 60 93 
11 9 398 223 620 369 433 256 62 93 
11 9 398 223 620 370 433 256 62 93 
11 9 398 223 620 371 433 256 62 96 
11 9 398 223 620 372 436 257 60 94 
11 9 398 223 620 373 436 257 60 94 
11 9 398 223 620 374 436 257 60 94 
11 9 398 223 620 375 435 257 64 94 
11 9 398 223 620 376 438 257 60 94 
11 9 398 223 620 377 438 257 60 94 
11 9 398 223 620 378 437 257 64 96 
11 9 398 223 620 379 437 257 64 96 
11 9 398 223 620 380 440 257 60 96 
11 9 398 223 620 381 439 259 64 93 
11 9 398 223 620 382 439 259 64 93 
11 9 398 223 620 383 440 259 62 93 
11 9 398 223 620 384 440 259 64 96 
11 9 398 223 620 385 440 259 64 96 
11 9 398 223 620 386 440 259 64 96 
11 9 398 223 620 387 442 259 64 96 
11 9 398 223 620 388 442 259 64 96 
11 9 398 223 620 389 442 259 64 96 
11 9 398 223 620 390 444 261 64 96 
11 9 398 223 620 391 444 261 64 96 
11 9 398 223 620 392 444 261 64 96 
11 9 398 223 620 393 444 261 64 96 
11 9 398 223 620 394 444 261 64 96 
11 9 398 223 620 395 446 261 64 96 
11 9 398 223 620 396 446 260 64 99 
11 9 398 223 620 397 446 260 64 99 
11 9 398 223 620 398 446 260 64 99 
11 9 398 223 620 399 446 260 64 99 
11 9 398 223 620 400 448 260 64 99 
11 9 398 223 620 401 448 260 64 99 
11 9 398 223 620 402 448 260 64 100 
11 9 398 223 620 403 448 260 64 100 
11 9 398 223 620 404 448 260 64 100 
11 9 398 223 620 405 449 260 64 100 
11 9 398 223 620 406 449 260 64 100 
11 9 398 223 620 407 449 260 64 100 
11 9 398 223 620 408 449 259 64 103 
11 9 398 223 620 409 449 259 64 103 
11 9 398 223 620 410 451 259 64 103 
11 9 398 223 620 411 451 259 64 103 
11 9 398 223 620 412 451 259 64 103 
11 9 398 223 620 413 451 259 64 103 
11 9 398 223 620 414 451 259 64 106 
11 9 398 223 620 415 453 259 64 106 
11 9 398 223 620 416 453 259 64 106 
11 9 398 223 620 417 453 259 64 106 
11 9 398 223 620 418 453 259 64 106 
11 9 398 223 620 419 453 259 64 106 
11 9 398 223 620 420 455 258 64 109 
11 9 398 223 620 421 455 258 64 109 
11 9 398 223 620 422 455 258 64 109 
11 9 398 223 620 423 455 258 64 109 
11 9 398 223 620 424 455 258 64 109 
11 9 398 223 620 425 456 258 64 109 
11 9 398 223 620 426 456 258 64 112 
11 9 398 223 620 427 456 258 64 112 
11 9 398 223 620 428 456 258 64 112 
11 9 398 223 620 429 456 258 64 112 
11 9 398 223 620 430 458 258 64 112 
11 9 398 223 620 431 458 258 64 112 
11 9 398 223 620 432 458 258 64 114 
11 9 398 223 620 433 458 258 64 114 
11 9 398 223 620 434 458 258 64 114 
11 9 398 223 620 435 460 258 64 114 
11 9 398 223 620 436 460 258 64 114 
11 9 398 223 620 437 460 258 64 114 
11 9 398 223 620 438 460 257 64 117 
11 9 398 223 620 439 460 257 64 117 
11 9 398 223 620 440 462 257 64 117 
11 9 398 223 620 441 462 257 64 117 
11 9 398 223 620 442 462 257 64 117 
11 9 398 223 620 443 462 257 64 117 
11 9 398 223 620 444 462 257 64 120 
11 9 398 223 620 445 464 257 64 120 
11 9 398 223 620 446 464 257 64 120 
11 9 398 223 620 447 464 257 64 120 
11 9 398 223 620 448 464 257 64 120 
11 9 398 223 620 449 464 257 64 120 
11 9 398 223 620 450 465 259 64 120 
11 9 398 223 620 451 465 259 64 120 
11 9 398 223 620 452 465 259 64 120 
11 9 398 223 620 453 467 259 64 120 
11 9 398 223 620 454 467 259 64 120 
11 9 398 223 620 455 469 258 64 121 
11 9 398 223 620 456 469 258 64 121 
11 9 398 223 620 457 469 258 64 121 
11 9 398 223 620 458 471 258 64 121 
11 9 398 223 620 459 471 258 64 121 
11 9 398 223 620 460 472 258 64 124 
11 9 398 223 620 461 472 258 64 124 
11 9 398 223 620 462 472 258 64 124 
11 9 398 223 620 463 474 258 64 124 
11 9 398 223 620 464 474 258 64 124 
11 9 398 223 620 465 476 257 64 127 
11 9 398 223 620 466 476 257 64 127 
11 9 398 223 620 467 476 257 64 127 
11 9 398 223 620 468 478 257 64 127 
11 9 398 223 620 469 478 257 64 127 
11 9 398 223 620 470 480 257 64 130 
11 9 398 223 620 471 480 257 64 130 
11 9 398 223 620 472 480 257 64 130 
11 9 398 223 620 473 481 257 64 130 
11 9 398 223 620 474 481 257 64 130 
11 9 398 223 620 475 483 258 64 132 
11 9 398 223 620 476 483 258 64 132 
11 9 398 223 620 477 483 258 64 132 
11 9 398 223 620 478 485 258 64 132 
11 9 398 223 620 479 485 258 64 132 
11 9 398 223 620 480 487 257 64 133 
11 9 398 223 620 481 487 257 64 133 
11 9 398 223 620 482 487 257 64 133 
11 9 398 223 620 483 488 257 64 133 
11 9 398 223 620 484 488 257 64 133 
11 9 398 223 620 485 490 257 64 136 
11 9 398 223 620 486 490 257 64 136 
11 9 398 223 620 487 490 257 64 136 
11 9 398 223 620 488 492 257 64 136 
11 9 398 223 620 489 492 257 64 136 
11 9 398 223 620 490 494 256 64 139 
11 9 398 223 620 491 494 256 64 139 
11 9 398 223 620 492 494 256 64 139 
11 9 398 223 620 493 496 256 64 139 
11 9 398 223 620 494 496 256 64 139 
11 9 398 223 620 495 497 256 64 142 
11 9 398 223 620 496 497 256 64 142 
11 9 398 223 620 497 497 256 64 142 
11 9 398 223 620 498 499 256 64 142 
11 9 398 223 620 499 499 256 64 142 
11 9 398 223 620 500 501 258 64 141 
11 9 398 223 620 501 501 258 64 141 
11 9 398 223 620 502 503 258 64 141 
11 9 398 223 620 503 502 258 66 141 
11 9 398 223 620 504 504 260 64 141 
11 9 398 223 620 505 506 260 64 141 
11 9 398 223 620 506 505 260 68 141 
11 9 398 223 620 507 508 260 64 141 
11 9 398 223 620 508 510 262 64 141 
11 9 398 223 620 509 509 262 68 141 
11 9 398 223 620 510 511 262 66 141 
11 9 398 223 620 511 513 262 64 141 
11 9 398 223 620 512 512 264 68 141 
11 9 398 223 620 513 514 264 68 141 
11 9 398 223 620 514 517 264 64 141 
11 9 398 223 620 515 516 264 68 141 
11 9 398 223 620 516 518 265 66 142 
11 9 398 223 620 517 520 265 64 142 
11 9 398 223 620 518 519 265 68 142 
11 9 398 223 620 519 521 265 68 142 
11 9 398 223 620 520 523 267 68 141 
11 9 398 223 620 521 523 267 68 141 
11 9 398 223 620 522 525 267 68 141 
11 9 398 223 620 523 524 267 70 141 
11 9 398 223 620 524 526 269 70 141 
11 9 398 223 620 525 528 269 68 141 
11 9 398 223 620 526 527 269 72 141 
11 9 398 223 620 527 529 269 72 141 
11 9 398 223 620 528 531 271 70 141 
11 9 398 223 620 529 531 271 70 141 
11 9 398 223 620 530 533 271 70 141 
11 9 398 223 620 531 534 271 72 141 
11 9 398 223 620 532 533 272 76 142 
11 9 398 223 620 533 536 272 72 142 
11 9 398 223 620 534 538 272 72 142 
11 9 398 223 620 535 537 272 74 142 
11 9 398 223 620 536 539 274 74 141 
11 9 398 223 620 537 542 274 70 141 
11 9 398 223 620 538 541 274 74 141 
11 9 398 223 620 539 542 274 76 141 
11 9 398 223 620 540 544 276 74 141 
11 9 398 223 620 541 544 276 74 141 
11 9 398 223 620 542 546 276 74 141 
11 9 398 223 620 543 545 276 78 141 
11 9 398 223 620 544 547 278 78 141 
11 9 398 223 620 545 549 278 76 141 
11 9 398 223 620 546 548 278 80 141 
11 9 398 223 620 547 550 280 78 141 
11 9 398 223 620 548 552 280 78 141 
11 9 398 223 620 549 552 280 78 141 
11 9 398 223 620 550 554 281 78 142 
11 9 398 223 620 551 556 281 78 142 
11 9 398 223 620 552 556 281 80 142 
11 9 398 223 620 553 557 281 78 142 
11 9 398 223 620 554 559 283 78 141 
11 9 398 223 620 555 558 283 82 141 
11 9 398 223 620 556 560 283 82 141 
11 9 398 223 620 557 563 285 78 141 
11 9 398 223 620 558 562 285 82 141 
11 9 398 223 620 559 563 285 82 141 
11 9 398 223 620 560 565 287 82 141 
11 9 398 223 620 561 565 287 82 141 
11 9 398 223 620 562 567 287 82 141 
11 9 398 223 620 563 569 287 82 144 
11 9 398 223 620 564 572 287 80 144 
11 9 398 223 620 565 572 288 82 142 
11 9 398 223 620 566 574 288 82 144 
11 9 398 223 620 567 574 288 82 144 
11 9 398 223 620 568 576 288 82 144 
11 9 398 223 620 569 578 290 82 144 
11 9 398 223 620 570 579 290 82 144 
11 9 398 223 620 571 581 290 82 144 
11 9 398 223 620 572 583 289 82 147 
11 9 398 223 620 573 585 289 82 147 
11 9 398 223 620 574 585 292 82 144 
11 9 398 223 620 575 588 291 80 147 
11 9 398 223 620 576 588 291 82 147 
11 9 398 223 620 577 590 291 82 147 
11 9 398 223 620 578 592 293 82 147 
11 9 398 223 620 579 594 293 82 147 
11 9 398 223 620 580 595 293 82 148 
11 9 398 223 620 581 595 293 82 148 
11 9 398 223 620 582 597 293 82 148 
11 9 398 223 620 583 599 295 82 148 
11 9 398 223 620 584 601 295 82 148 
11 9 398 223 620 585 604 295 80 148 
11 9 398 223 620 586 604 294 82 151 
11 9 398 223 620 587 604 296 82 150 
11 9 398 223 620 588 606 296 82 150 
11 9 398 223 620 589 608 295 82 153 
11 9 398 223 620 590 610 295 82 153 
11 9 398 223 620 591 611 295 82 153 
11 9 398 223 620 592 613 297 82 151 
11 9 398 223 620 593 615 297 82 151 
11 9 398 223 620 594 615 297 82 151 
11 9 398 223 620 595 617 297 82 154 
11 9 398 223 620 596 620 299 80 151 
11 9 398 223 620 597 620 299 82 151 
11 9 398 223 620 598 622 299 82 154 
11 9 398 223 620 599 624 299 82 154 
11 9 398 223 620 600 626 301 82 154 
11 9 398 223 620 601 626 301 82 154 
11 9 398 223 620 602 627 301 82 154 
11 9 398 223 620 603 629 300 82 157 
11 9 398 223 620 604 631 300 82 157 
11 9 398 223 620 605 633 300 82 159 
11 9 398 223 620 606 636 300 80 159 
11 9 398 223 620 607 637 300 78 162 
11 9 398 223 620 608 639 300 78 162 
11 9 398 223 620 609 641 299 78 165 
11 9 398 223 620 610 643 300 78 163 
11 9 398 223 620 611 642 300 82 163 
11 9 398 223 620 612 643 300 82 166 
11 9 398 223 620 613 645 300 82 166 
11 9 398 223 620 614 648 300 78 168 
11 9 398 223 620 615 650 300 78 168 
11 9 398 223 620 616 652 299 78 171 
11 9 398 223 620 617 653 299 78 171 
11 9 398 223 620 618 655 299 78 174 
11 9 398 223 620 619 657 299 78 174 
11 9 398 223 620 620 659 301 78 174 
12 9 322 0 321 0 112 253 56 114 
12 9 322 0 321 1 112 251 56 114 
12 9 322 0 321 2 114 251 56 114 
12 9 322 0 321 3 114 251 58 114 
12 9 322 0 321 4 114 251 58 114 
12 9 322 0 321 5 116 251 58 114 
12 9 322 0 321 6 119 251 56 114 
12 9 322 0 321 7 119 251 56 114 
12 9 322 0 321 8 121 251 56 114 
12 9 322 0 321 9 121 251 58 114 
12 9 322 0 321 10 121 251 58 114 
12 9 322 0 321 11 123 251 58 114 
12 9 322 0 321 12 126 251 56 114 
12 9 322 0 321 13 126 251 56 114 
12 9 322 0 321 14 128 251 56 114 
12 9 322 0 321 15 130 251 56 114 
12 9 322 0 321 16 130 251 56 114 
12 9 322 0 321 17 130 251 58 114 
12 9 322 0 321 18 132 251 58 114 
12 9 322 0 321 19 132 251 58 114 
12 9 322 0 321 20 135 251 56 114 
12 9 322 0 321 21 137 251 56 114 
12 9 322 0 321 22 137 251 56 114 
12 9 322 0 321 23 137 251 58 114 
12 9 322 0 321 24 139 251 58 114 
12 9 322 0 321 25 139 249 58 114 
12 9 322 0 321 26 142 249 56 114 
12 9 322 0 321 27 144 249 56 114 
12 9 322 0 321 28 144 249 56 114 
12 9 322 0 321 29 146 249 56 114 
12 9 322 0 321 30 146 249 58 114 
12 9 322 0 321 31 146 249 58 114 
12 9 322 0 321 32 148 249 58 114 
12 9 322 0 321 33 151 249 56 114 
12 9 322 0 321 34 151 249 56 114 
12 9 322 0 321 35 153 249 56 114 
12 9 322 0 321 36 153 249 58 114 
12 9 322 0 321 37 153 249 58 114 
12 9 322 0 321 38 155 249 58 114 
12 9 322 0 321 39 158 249 56 114 
12 9 322 0 321 40 158 249 56 114 
12 9 322 0 321 41 160 249 56 114 
12 9 322 0 321 42 162 249 56 114 
12 9 322 0 321 43 162 249 56 114 
12 9 322 0 321 44 162 249 58 114 
12 9 322 0 321 45 164 249 58 114 
12 9 322 0 321 46 164 249 58 114 
12 9 322 0 321 47 167 249 56 114 
12 9 322 0 321 48 169 249 56 114 
12 9 322 0 321 49 169 249 58 114 
12 9 322 0 321 50 169 249 58 114 
12 9 322 0 321 51 171 249 58 114 
12 9 322 0 321 52 171 249 60 114 
12 9 322 0 321 53 174 249 56 114 
12 9 322 0 321 54 176 249 56 114 
12 9 322 0 321 55 175 249 60 114 
12 9 322 0 321 56 178 249 56 114 
12 9 322 0 321 57 178 249 58 114 
12 9 322 0 321 58 177 249 62 114 
12 9 322 0 321 59 180 249 60 114 
12 9 322 0 321 60 180 249 60 114 
12 9 322 0 321 61 182 249 60 114 
12 9 322 0 321 62 184 249 60 114 
12 9 322 0 321 63 184 249 60 114 
12 9 322 0 321 64 184 249 62 114 
12 9 322 0 321 65 187 249 60 114 
12 9 322 0 321 66 187 249 60 114 
12 9 322 0 321 67 189 249 60 114 
12 9 322 0 321 68 188 249 64 114 
12 9 322 0 321 69 190 249 64 114 
12 9 322 0 321 70 193 249 60 114 
12 9 322 0 321 71 192 249 64 114 
12 9 322 0 321 72 193 249 64 114 
12 9 322 0 321 73 196 249 60 114 
12 9 322 0 321 74 195 249 64 114 
12 9 322 0 321 75 197 249 64 114 
12 9 322 0 321 76 197 249 64 114 
12 9 322 0 321 77 199 249 64 114 
12 9 322 0 321 78 200 249 64 114 
12 9 322 0 321 79 199 249 68 114 
12 9 322 0 321 80 202 249 64 114 
12 9 322 0 321 81 204 249 64 114 
12 9 322 0 321 82 203 249 68 114 
12 9 322 0 321 83 206 249 64 114 
12 9 322 0 321 84 205 249 68 114 
12 9 322 0 321 85 207 249 66 114 
12 9 322 0 321 86 209 249 64 114 
12 9 322 0 321 87 208 249 68 114 
12 9 322 0 321 88 210 249 68 114 
12 9 322 0 321 89 212 249 68 114 
12 9 322 0 321 90 212 249 68 114 
12 9 322 0 321 91 214 249 66 114 
12 9 322 0 321 92 214 249 66 114 
12 9 322 0 321 93 215 249 68 114 
12 9 322 0 321 94 215 249 68 114 
12 9 322 0 321 95 217 249 68 114 
12 9 322 0 321 96 217 249 68 114 
12 9 322 0 321 97 219 249 68 114 
12 9 322 0 321 98 219 249 68 114 
12 9 322 0 321 99 221 249 68 114 
12 9 322 0 321 100 221 249 68 114 
12 9 322 0 321 101 223 249 66 114 
12 9 322 0 321 102 223 249 66 114 
12 9 322 0 321 103 224 249 68 114 
12 9 322 0 321 104 224 249 68 114 
12 9 322 0 321 105 226 249 68 114 
12 9 322 0 321 106 226 249 68 114 
12 9 322 0 321 107 228 249 68 114 
12 9 322 0 321 108 228 249 68 114 
12 9 322 0 321 109 230 249 66 114 
12 9 322 0 321 110 230 249 66 114 
12 9 322 0 321 111 231 249 68 114 
12 9 322 0 321 112 231 249 68 114 
12 9 322 0 321 113 233 249 68 114 
12 9 322 0 321 114 233 249 68 114 
12 9 322 0 321 115 235 249 68 114 
12 9 322 0 321 116 235 249 68 114 
12 9 322 0 321 117 237 249 68 114 
12 9 322 0 321 118 237 249 68 114 
12 9 322 0 321 119 239 249 66 114 
12 9 322 0 321 120 239 249 66 114 
12 9 322 0 321 121 240 249 68 114 
12 9 322 0 321 122 240 249 68 114 
12 9 322 0 321 123 242 249 68 114 
12 9 322 0 321 124 242 249 68 114 
12 9 322 0 321 125 244 249 68 114 
12 9 322 0 321 126 244 249 68 114 
12 9 322 0 321 127 246 249 66 114 
12 9 322 0 321 128 246 249 66 114 
12 9 322 0 321 129 247 249 68 114 
12 9 322 0 321 130 247 249 68 114 
12 9 322 0 321 131 249 249 68 114 
12 9 322 0 321 132 249 249 68 114 
12 9 322 0 321 133 251 249 68 114 
12 9 322 0 321 134 251 249 68 114 
12 9 322 0 321 135 253 249 68 114 
12 9 322 0 321 136 253 249 68 114 
12 9 322 0 321 137 255 249 66 114 
12 9 322 0 321 138 255 249 66 114 
12 9 322 0 321 139 256 251 68 114 
12 9 322 0 321 140 256 249 68 114 
12 9 322 0 321 141 256 249 68 114 
12 9 322 0 321 142 258 249 68 114 
12 9 322 0 321 143 258 249 68 114 
12 9 322 0 321 144 261 249 64 114 
12 9 322 0 321 145 260 249 68 114 
12 9 322 0 321 146 260 249 68 114 
12 9 322 0 321 147 262 249 66 114 
12 9 322 0 321 148 262 249 66 114 
12 9 322 0 321 149 264 249 64 114 
12 9 322 0 321 150 263 249 68 114 
12 9 322 0 321 151 263 249 68 114 
12 9 322 0 321 152 266 249 64 114 
12 9 322 0 321 153 265 249 68 114 
12 9 322 0 321 154 268 249 64 114 
12 9 322 0 321 155 267 249 68 114 
12 9 322 0 321 156 267 249 68 114 
12 9 322 0 321 157 270 249 64 114 
12 9 322 0 321 158 269 249 68 114 
12 9 322 0 321 159 272 249 64 114 
12 9 322 0 321 160 272 249 64 114 
12 9 322 0 321 161 271 249 66 114 
12 9 322 0 321 162 273 249 64 114 
12 9 322 0 321 163 272 249 68 114 
12 9 322 0 321 164 275 249 64 114 
12 9 322 0 321 165 275 249 64 114 
12 9 322 0 321 166 274 249 68 114 
12 9 322 0 321 167 277 249 64 114 
12 9 322 0 321 168 276 249 68 114 
12 9 322 0 321 169 279 249 64 114 
12 9 322 0 321 170 279 249 64 114 
12 9 322 0 321 171 278 249 66 114 
12 9 322 0 321 172 280 249 64 114 
12 9 322 0 321 173 280 249 64 114 
12 9 322 0 321 174 282 249 64 114 
12 9 322 0 321 175 282 249 64 114 
12 9 322 0 321 176 281 249 68 114 
12 9 322 0 321 177 284 249 64 114 
12 9 322 0 321 178 284 249 64 114 
12 9 322 0 321 179 286 249 64 114 
12 9 322 0 321 180 286 249 64 114 
12 9 322 0 321 181 286 249 64 114 
12 9 322 0 321 182 288 249 64 114 
12 9 322 0 321 183 288 249 64 114 
12 9 322 0 321 184 289 249 64 114 
12 9 322 0 321 185 289 249 64 114 
12 9 322 0 321 186 289 249 64 114 
12 9 322 0 321 187 291 249 64 114 
12 9 322 0 321 188 291 249 64 114 
12 9 322 0 321 189 293 249 64 114 
12 9 322 0 321 190 293 249 64 114 
12 9 322 0 321 191 293 249 64 114 
12 9 322 0 321 192 293 249 64 114 
12 9 322 0 321 193 293 249 64 114 
12 9 322 0 321 194 293 249 64 114 
12 9 322 0 321 195 293 249 64 114 
12 9 322 0 321 196 295 249 64 114 
12 9 322 0 321 197 295 249 64 114 
12 9 322 0 321 198 295 249 64 114 
12 9 322 0 321 199 295 249 64 114 
12 9 322 0 321 200 295 249 64 114 
12 9 322 0 321 201 295 249 64 114 
12 9 322 0 321 202 295 249 64 114 
12 9 322 0 321 203 296 249 64 114 
12 9 322 0 321 204 296 249 64 114 
12 9 322 0 321 205 296 249 64 114 
12 9 322 0 321 206 296 249 64 114 
12 9 322 0 321 207 296 249 64 114 
12 9 322 0 321 208 296 249 64 114 
12 9 322 0 321 209 298 249 64 114 
12 9 322 0 321 210 298 249 64 114 
12 9 322 0 321 211 298 249 64 114 
12 9 322 0 321 212 298 249 64 114 
12 9 322 0 321 213 298 249 64 114 
12 9 322 0 321 214 298 249 64 114 
12 9 322 0 321 215 298 249 64 114 
12 9 322 0 321 216 298 249 64 114 
12 9 322 0 321 217 298 249 64 114 
12 9 322 0 321 218 298 249 64 114 
12 9 322 0 321 219 300 249 64 114 
12 9 322 0 321 220 300 249 64 114 
12 9 322 0 321 221 300 249 64 114 
12 9 322 0 321 222 300 249 64 114 
12 9 322 0 321 223 300 249 64 114 
12 9 322 0 321 224 300 249 64 114 
12 9 322 0 321 225 300 249 64 114 
12 9 322 0 321 226 300 249 64 114 
12 9 322 0 321 227 300 249 64 114 
12 9 322 0 321 228 300 249 64 114 
12 9 322 0 321 229 302 249 64 114 
12 9 322 0 321 230 302 249 64 114 
12 9 322 0 321 231 302 249 64 114 
12 9 322 0 321 232 302 249 64 114 
12 9 322 0 321 233 302 249 64 114 
12 9 322 0 321 234 302 249 64 114 
12 9 322 0 321 235 302 249 64 114 
12 9 322 0 321 236 302 249 64 114 
12 9 322 0 321 237 302 249 64 114 
12 9 322 0 321 238 302 249 64 114 
12 9 322 0 321 239 304 249 64 114 
12 9 322 0 321 240 304 249 64 114 
12 9 322 0 321 241 304 249 64 114 
12 9 322 0 321 242 304 249 64 114 
12 9 322 0 321 243 304 249 64 114 
12 9 322 0 321 244 304 249 64 114 
12 9 322 0 321 245 304 249 64 114 
12 9 322 0 321 246 304 249 64 114 
12 9 322 0 321 247 304 249 64 114 
12 9 322 0 321 248 304 249 64 114 
12 9 322 0 321 249 305 249 64 114 
12 9 322 0 321 250 305 249 64 114 
12 9 322 0 321 251 305 249 64 114 
12 9 322 0 321 252 305 249 64 114 
12 9 322 0 321 253 305 249 64 114 
12 9 322 0 321 254 305 249 64 114 
12 9 322 0 321 255 305 249 64 114 
12 9 322 0 321 256 305 249 64 114 
12 9 322 0 321 257 305 249 64 114 
12 9 322 0 321 258 305 249 64 114 
12 9 322 0 321 259 307 249 64 114 
12 9 322 0 321 260 307 249 64 114 
12 9 322 0 321 261 307 249 64 114 
12 9 322 0 321 262 307 249 64 114 
12 9 322 0 321 263 307 249 64 114 
12 9 322 0 321 264 307 249 64 114 
12 9 322 0 321 265 307 249 64 114 
12 9 322 0 321 266 307 249 64 114 
12 9 322 0 321 267 307 249 64 114 
12 9 322 0 321 268 307 249 64 114 
12 9 322 0 321 269 309 249 64 114 
12 9 322 0 321 270 305 249 64 114 
12 9 322 0 321 271 304 249 64 114 
12 9 322 0 321 272 302 249 64 114 
12 9 322 0 321 273 300 249 64 114 
12 9 322 0 321 274 298 249 64 114 
12 9 322 0 321 275 296 249 64 114 
12 9 322 0 321 276 295 249 64 114 
12 9 322 0 321 277 293 249 64 114 
12 9 322 0 321 278 291 249 64 114 
12 9 322 0 321 279 289 249 64 114 
12 9 322 0 321 280 288 249 64 114 
12 9 322 0 321 281 286 249 64 114 
12 9 322 0 321 282 284 249 64 114 
12 9 322 0 321 283 282 249 64 114 
12 9 322 0 321 284 280 249 64 114 
12 9 322 0 321 285 279 249 64 114 
12 9 322 0 321 286 277 249 64 114 
12 9 322 0 321 287 275 249 64 114 
12 9 322 0 321 288 273 249 64 114 
12 9 322 0 321 289 272 249 64 114 
12 9 322 0 321 290 270 249 64 114 
12 9 322 0 321 291 268 249 64 114 
12 9 322 0 321 292 266 249 64 114 
12 9 322 0 321 293 264 249 64 114 
12 9 322 0 321 294 263 249 64 114 
12 9 322 0 321 295 261 249 64 114 
12 9 322 0 321 296 256 249 68 114 
12 9 322 0 321 297 255 249 66 114 
12 9 322 0 321 298 253 249 68 114 
12 9 322 0 321 299 251 249 68 114 
12 9 322 0 321 300 249 249 68 114 
12 9 322 0 321 301 247 249 68 114 
12 9 322 0 321 302 246 249 66 114 
12 9 322 0 321 303 244 249 68 114 
12 9 322 0 321 304 242 249 68 114 
12 9 322 0 321 305 240 249 68 114 
12 9 322 0 321 306 239 249 66 114 
12 9 322 0 321 307 237 249 68 114 
12 9 322 0 321 308 235 249 68 114 
12 9 322 0 321 309 233 249 68 114 
12 9 322 0 321 310 231 249 68 114 
12 9 322 0 321 311 230 249 66 114 
12 9 322 0 321 312 228 249 68 114 
12 9 322 0 321 313 226 249 68 114 
12 9 322 0 321 314 224 249 68 114 
12 9 322 0 321 315 223 249 66 114 
12 9 322 0 321 316 221 249 68 114 
12 9 322 0 321 317 219 249 68 114 
12 9 322 0 321 318 217 249 68 114 
12 9 322 0 321 319 215 249 68 114 
12 9 322 0 321 320 214 249 66 114 
12 9 322 0 321 321 212 249 68 114 
