14 9 411 53 463 53 1066 493 170 225 
14 9 411 53 463 54 1048 478 178 240 
14 9 411 53 463 55 1030 461 188 257 
14 9 411 53 463 56 1016 457 190 262 
14 9 411 53 463 57 1008 452 184 267 
14 9 411 53 463 58 994 445 186 273 
14 9 411 53 463 59 986 440 180 278 
14 9 411 53 463 60 971 435 186 284 
14 9 411 53 463 61 963 429 180 290 
14 9 411 53 463 62 949 423 182 295 
14 9 411 53 463 63 939 418 178 300 
14 9 411 53 463 64 927 412 178 306 
14 9 411 53 463 65 916 407 178 312 
14 9 411 53 463 66 904 402 178 316 
14 9 411 53 463 67 894 395 174 321 
14 9 411 53 463 68 882 390 174 319 
14 9 411 53 463 69 871 386 174 321 
14 9 411 53 463 70 862 384 174 316 
14 9 411 53 463 71 856 380 170 315 
14 9 411 53 463 72 847 378 172 312 
14 9 411 53 463 73 841 374 168 309 
14 9 411 53 463 74 832 372 168 306 
14 9 411 53 463 75 826 370 164 304 
14 9 411 53 463 76 817 366 164 301 
14 9 411 53 463 77 810 364 164 298 
14 9 411 53 463 78 804 360 160 297 
14 9 411 53 463 79 795 358 160 292 
14 9 411 53 463 80 789 356 156 291 
14 9 411 53 463 81 780 353 156 288 
14 9 411 53 463 82 774 350 152 285 
14 9 411 53 463 83 764 346 154 283 
14 9 411 53 463 84 758 344 150 279 
14 9 411 53 463 85 751 342 150 277 
14 9 411 53 463 86 748 341 144 274 
14 9 411 53 463 87 741 339 146 273 
14 9 411 53 463 88 736 339 146 268 
14 9 411 53 463 89 732 337 144 267 
14 9 411 53 463 90 726 336 142 264 
14 9 411 53 463 91 721 334 142 261 
14 9 411 53 463 92 716 332 142 259 
14 9 411 53 463 93 710 332 142 258 
14 9 411 53 463 94 705 330 142 256 
14 9 411 53 463 95 701 328 138 253 
14 9 411 53 463 96 695 327 140 250 
14 9 411 53 463 97 693 326 134 247 
14 9 411 53 463 98 687 325 136 244 
14 9 411 53 463 99 683 323 132 243 
14 9 411 53 463 100 678 322 130 240 
14 9 411 53 463 101 672 320 132 240 
14 9 411 53 463 102 667 319 132 237 
14 9 411 53 463 103 662 318 130 234 
14 9 411 53 463 104 657 316 128 232 
14 9 411 53 463 105 652 314 128 229 
14 9 411 53 463 106 647 314 128 226 
14 9 411 53 463 107 641 312 128 223 
14 9 411 53 463 108 639 313 124 220 
14 9 411 53 463 109 632 311 126 219 
14 9 411 53 463 110 630 309 124 219 
14 9 411 53 463 111 625 307 126 219 
14 9 411 53 463 112 623 306 124 217 
14 9 411 53 463 113 619 305 122 216 
14 9 411 53 463 114 617 305 120 213 
14 9 411 53 463 115 612 303 122 213 
14 9 411 53 463 116 610 301 120 214 
14 9 411 53 463 117 606 301 118 210 
14 9 411 53 463 118 602 299 118 210 
14 9 411 53 463 119 599 299 118 207 
14 9 411 53 463 120 595 297 118 208 
14 9 411 53 463 121 593 295 114 205 
14 9 411 53 463 122 589 293 114 205 
14 9 411 53 463 123 586 292 114 205 
14 9 411 53 463 124 582 293 114 202 
14 9 411 53 463 125 580 291 110 199 
14 9 411 53 463 126 576 289 110 199 
14 9 411 53 463 127 572 287 112 201 
14 9 411 53 463 128 569 286 110 199 
14 9 411 53 463 129 565 287 110 196 
14 9 411 53 463 130 562 285 110 196 
14 9 411 53 463 131 558 285 110 195 
14 9 411 53 463 132 557 286 108 192 
14 9 411 53 463 133 554 286 106 189 
14 9 411 53 463 134 549 287 110 186 
14 9 411 53 463 135 549 287 106 186 
14 9 411 53 463 136 545 285 106 186 
14 9 411 53 463 137 541 285 108 184 
14 9 411 53 463 138 541 285 102 181 
14 9 411 53 463 139 536 286 106 178 
14 9 411 53 463 140 533 286 106 175 
14 9 411 53 463 141 532 286 102 175 
14 9 411 53 463 142 528 284 104 177 
14 9 411 53 463 143 525 285 102 174 
14 9 411 53 463 144 523 285 102 171 
14 9 411 53 463 145 519 286 104 168 
14 9 411 53 463 146 516 286 102 165 
14 9 411 53 463 147 515 286 100 165 
14 9 411 53 463 148 511 284 100 166 
14 9 411 53 463 149 507 284 102 163 
14 9 411 53 463 150 506 285 100 160 
14 9 411 53 463 151 503 285 98 157 
14 9 411 53 463 152 499 286 100 156 
14 9 411 53 463 153 497 286 100 156 
14 9 411 53 463 154 494 285 98 154 
14 9 411 53 463 155 492 283 100 154 
14 9 411 53 463 156 488 283 100 154 
14 9 411 53 463 157 487 281 98 154 
14 9 411 53 463 158 483 279 100 154 
14 9 411 53 463 159 481 279 100 154 
14 9 411 53 463 160 479 278 100 154 
14 9 411 53 463 161 476 276 100 154 
14 9 411 53 463 162 474 276 100 154 
14 9 411 53 463 163 471 274 98 154 
14 9 411 53 463 164 469 272 100 154 
14 9 411 53 463 165 467 272 100 154 
14 9 411 53 463 166 466 270 96 156 
14 9 411 53 463 167 464 270 96 153 
14 9 411 53 463 168 463 269 96 154 
14 9 411 53 463 169 461 269 96 151 
14 9 411 53 463 170 459 269 96 151 
14 9 411 53 463 171 457 267 96 151 
14 9 411 53 463 172 457 267 92 151 
14 9 411 53 463 173 455 265 92 151 
14 9 411 53 463 174 453 265 92 151 
14 9 411 53 463 175 451 266 92 150 
14 9 411 53 463 176 448 263 94 153 
14 9 411 53 463 177 448 264 92 150 
14 9 411 53 463 178 446 264 92 150 
14 9 411 53 463 179 444 263 90 148 
14 9 411 53 463 180 442 263 90 145 
14 9 411 53 463 181 442 261 88 148 
14 9 411 53 463 182 440 261 88 147 
14 9 411 53 463 183 438 261 88 147 
14 9 411 53 463 184 435 259 90 147 
14 9 411 53 463 185 434 259 86 147 
14 9 411 53 463 186 434 257 84 147 
14 9 411 53 463 187 431 257 86 147 
14 9 411 53 463 188 429 258 86 144 
14 9 411 53 463 189 427 255 86 147 
14 9 411 53 463 190 427 256 84 144 
14 9 411 53 463 191 425 256 84 144 
14 9 411 53 463 192 423 255 82 144 
14 9 411 53 463 193 421 255 82 141 
14 9 411 53 463 194 419 255 82 141 
14 9 411 53 463 195 418 253 82 141 
14 9 411 53 463 196 416 253 82 141 
14 9 411 53 463 197 414 254 82 138 
14 9 411 53 463 198 412 251 82 139 
14 9 411 53 463 199 412 251 78 139 
14 9 411 53 463 200 410 252 78 136 
14 9 411 53 463 201 408 252 78 136 
14 9 411 53 463 202 406 250 78 136 
14 9 411 53 463 203 404 250 80 136 
14 9 411 53 463 204 403 250 78 133 
14 9 411 53 463 205 401 250 78 132 
14 9 411 53 463 206 399 250 78 132 
14 9 411 53 463 207 398 250 76 130 
14 9 411 53 463 208 397 250 74 130 
14 9 411 53 463 209 395 248 74 130 
14 9 411 53 463 210 393 248 74 127 
14 9 411 53 463 211 391 248 76 127 
14 9 411 53 463 212 389 246 76 127 
14 9 411 53 463 213 388 246 74 127 
14 9 411 53 463 214 386 247 74 126 
14 9 411 53 463 215 385 247 72 126 
14 9 411 53 463 216 383 245 72 126 
14 9 411 53 463 217 382 245 70 123 
14 9 411 53 463 218 380 245 70 123 
14 9 411 53 463 219 378 243 72 123 
14 9 411 53 463 220 376 243 72 123 
14 9 411 53 463 221 374 244 72 120 
14 9 411 53 463 222 375 244 68 120 
14 9 411 53 463 223 372 243 68 120 
14 9 411 53 463 224 370 243 68 120 
14 9 411 53 463 225 368 243 68 117 
14 9 411 53 463 226 367 243 66 117 
14 9 411 53 463 227 365 241 68 117 
14 9 411 53 463 228 363 241 68 117 
14 9 411 53 463 229 361 242 68 114 
14 9 411 53 463 230 358 242 66 114 
14 9 411 53 463 231 356 242 68 112 
14 9 411 53 463 232 354 239 68 115 
14 9 411 53 463 233 352 240 68 112 
14 9 411 53 463 234 351 240 66 112 
14 9 411 53 463 235 349 240 68 109 
14 9 411 53 463 236 347 240 68 109 
14 9 411 53 463 237 343 238 68 112 
14 9 411 53 463 238 342 238 66 109 
14 9 411 53 463 239 340 238 68 109 
14 9 411 53 463 240 338 239 68 106 
14 9 411 53 463 241 336 238 68 108 
14 9 411 53 463 242 335 238 66 106 
14 9 411 53 463 243 333 238 68 106 
14 9 411 53 463 244 329 238 68 103 
14 9 411 53 463 245 327 238 68 103 
14 9 411 53 463 246 326 236 66 103 
14 9 411 53 463 247 324 236 68 103 
14 9 411 53 463 248 322 237 68 100 
14 9 411 53 463 249 320 237 68 100 
14 9 411 53 463 250 319 237 66 100 
14 9 411 53 463 251 317 235 68 102 
14 9 411 53 463 252 315 235 68 102 
14 9 411 53 463 253 313 235 68 102 
14 9 411 53 463 254 311 235 68 102 
14 9 411 53 463 255 312 235 64 99 
14 9 411 53 463 256 311 235 64 99 
14 9 411 53 463 257 309 235 64 99 
14 9 411 53 463 258 306 235 68 99 
14 9 411 53 463 259 304 235 68 99 
14 9 411 53 463 260 305 236 64 96 
14 9 411 53 463 261 304 236 64 96 
14 9 411 53 463 262 302 236 64 96 
14 9 411 53 463 263 300 233 64 99 
14 9 411 53 463 264 298 233 64 99 
14 9 411 53 463 265 299 234 60 96 
14 9 411 53 463 266 296 234 64 96 
14 9 411 53 463 267 295 234 64 96 
14 9 411 53 463 268 293 234 64 96 
14 9 411 53 463 269 291 234 64 96 
14 9 411 53 463 270 292 234 60 93 
14 9 411 53 463 271 289 234 62 93 
14 9 411 53 463 272 289 234 60 93 
14 9 411 53 463 273 287 234 60 93 
14 9 411 53 463 274 287 234 60 93 
14 9 411 53 463 275 285 232 60 94 
14 9 411 53 463 276 285 232 60 94 
14 9 411 53 463 277 285 232 60 94 
14 9 411 53 463 278 285 232 60 91 
14 9 411 53 463 279 285 232 60 91 
14 9 411 53 463 280 282 231 64 93 
14 9 411 53 463 281 282 231 64 93 
14 9 411 53 463 282 282 232 64 90 
14 9 411 53 463 283 283 232 60 90 
14 9 411 53 463 284 283 232 60 90 
14 9 411 53 463 285 280 229 64 93 
14 9 411 53 463 286 280 230 64 90 
14 9 411 53 463 287 280 230 64 90 
14 9 411 53 463 288 280 230 64 90 
14 9 411 53 463 289 280 230 64 88 
14 9 411 53 463 290 278 227 66 91 
14 9 411 53 463 291 278 227 66 91 
14 9 411 53 463 292 279 227 64 91 
14 9 411 53 463 293 279 228 64 88 
14 9 411 53 463 294 279 228 64 88 
14 9 411 53 463 295 276 225 68 91 
14 9 411 53 463 296 276 225 68 91 
14 9 411 53 463 297 276 226 68 88 
14 9 411 53 463 298 276 226 68 88 
14 9 411 53 463 299 276 226 68 88 
14 9 411 53 463 300 276 226 68 88 
14 9 411 53 463 301 274 225 68 87 
14 9 411 53 463 302 274 225 68 87 
14 9 411 53 463 303 275 226 64 84 
14 9 411 53 463 304 275 226 64 84 
14 9 411 53 463 305 272 223 68 87 
14 9 411 53 463 306 273 223 64 85 
14 9 411 53 463 307 273 223 64 85 
14 9 411 53 463 308 273 223 62 85 
14 9 411 53 463 309 273 224 62 82 
14 9 411 53 463 310 272 221 64 85 
14 9 411 53 463 311 273 221 60 85 
14 9 411 53 463 312 273 222 60 82 
14 9 411 53 463 313 274 222 56 82 
14 9 411 53 463 314 271 220 60 82 
14 9 411 53 463 315 271 220 60 82 
14 9 411 53 463 316 272 220 56 82 
14 9 411 53 463 317 272 220 56 81 
14 9 411 53 463 318 272 220 56 81 
14 9 411 53 463 319 270 218 56 84 
14 9 411 53 463 320 270 218 56 81 
14 9 411 53 463 321 270 218 54 81 
14 9 411 53 463 322 270 218 54 81 
14 9 411 53 463 323 267 217 58 79 
14 9 411 53 463 324 268 217 54 79 
14 9 411 53 463 325 268 218 54 76 
14 9 411 53 463 326 269 218 50 76 
14 9 411 53 463 327 269 218 50 76 
14 9 411 53 463 328 266 216 54 76 
14 9 411 53 463 329 267 216 50 76 
14 9 411 53 463 330 267 216 50 76 
14 9 411 53 463 331 268 216 48 75 
14 9 411 53 463 332 266 214 50 78 
14 9 411 53 463 333 266 214 50 78 
14 9 411 53 463 334 267 214 46 75 
14 9 411 53 463 335 267 214 46 75 
14 9 411 53 463 336 267 214 46 75 
14 9 411 53 463 337 265 215 46 72 
14 9 411 53 463 338 263 215 46 72 
14 9 411 53 463 339 261 215 46 72 
14 9 411 53 463 340 261 215 46 72 
14 9 411 53 463 341 260 215 46 72 
14 9 411 53 463 342 258 215 46 72 
14 9 411 53 463 343 258 215 46 72 
14 9 411 53 463 344 256 215 46 72 
14 9 411 53 463 345 254 215 46 72 
14 9 411 53 463 346 254 215 46 72 
14 9 411 53 463 347 252 215 48 72 
14 9 411 53 463 348 251 215 46 72 
14 9 411 53 463 349 251 215 46 72 
14 9 411 53 463 350 249 215 46 72 
14 9 411 53 463 351 247 215 46 69 
14 9 411 53 463 352 245 215 46 69 
14 9 411 53 463 353 245 215 46 69 
14 9 411 53 463 354 244 215 46 69 
14 9 411 53 463 355 242 215 46 69 
14 9 411 53 463 356 242 215 46 69 
14 9 411 53 463 357 240 215 46 69 
14 9 411 53 463 358 238 215 46 69 
14 9 411 53 463 359 238 215 46 69 
14 9 411 53 463 360 236 215 48 69 
14 9 411 53 463 361 235 215 46 69 
14 9 411 53 463 362 235 215 46 69 
14 9 411 53 463 363 233 215 46 69 
14 9 411 53 463 364 231 215 46 69 
14 9 411 53 463 365 229 215 46 67 
14 9 411 53 463 366 229 215 46 67 
14 9 411 53 463 367 228 215 46 67 
14 9 411 53 463 368 226 215 46 67 
14 9 411 53 463 369 226 215 46 67 
14 9 411 53 463 370 224 215 46 67 
14 9 411 53 463 371 222 215 46 67 
14 9 411 53 463 372 222 215 46 67 
14 9 411 53 463 373 220 215 48 67 
14 9 411 53 463 374 219 215 46 67 
14 9 411 53 463 375 219 215 46 67 
14 9 411 53 463 376 217 215 46 67 
14 9 411 53 463 377 215 215 46 67 
14 9 411 53 463 378 215 215 46 67 
14 9 411 53 463 379 213 213 46 67 
14 9 411 53 463 380 213 213 46 67 
14 9 411 53 463 381 213 213 46 67 
14 9 411 53 463 382 212 213 46 67 
14 9 411 53 463 383 212 213 46 67 
14 9 411 53 463 384 212 213 46 67 
14 9 411 53 463 385 212 213 46 67 
14 9 411 53 463 386 210 213 46 67 
14 9 411 53 463 387 210 213 46 67 
14 9 411 53 463 388 210 213 46 67 
14 9 411 53 463 389 208 213 46 67 
14 9 411 53 463 390 208 213 46 67 
14 9 411 53 463 391 208 213 46 67 
14 9 411 53 463 392 208 213 46 67 
14 9 411 53 463 393 206 213 46 67 
14 9 411 53 463 394 206 213 46 67 
14 9 411 53 463 395 206 213 46 67 
14 9 411 53 463 396 206 213 46 67 
14 9 411 53 463 397 204 213 48 67 
14 9 411 53 463 398 204 213 48 67 
14 9 411 53 463 399 204 213 48 67 
14 9 411 53 463 400 203 213 46 67 
14 9 411 53 463 401 203 213 46 67 
14 9 411 53 463 402 203 213 46 67 
14 9 411 53 463 403 203 213 46 66 
14 9 411 53 463 404 201 213 46 66 
14 9 411 53 463 405 201 213 46 66 
14 9 411 53 463 406 201 213 46 66 
14 9 411 53 463 407 201 213 46 66 
14 9 411 53 463 408 199 213 46 66 
14 9 411 53 463 409 199 213 46 66 
14 9 411 53 463 410 199 213 46 66 
14 9 411 53 463 411 197 213 46 66 
14 9 411 53 463 412 197 213 46 66 
14 9 411 53 463 413 197 213 46 66 
14 9 411 53 463 414 197 213 46 66 
14 9 411 53 463 415 196 213 46 66 
14 9 411 53 463 416 196 213 46 66 
14 9 411 53 463 417 196 213 46 66 
14 9 411 53 463 418 196 213 46 66 
14 9 411 53 463 419 194 213 46 66 
14 9 411 53 463 420 194 213 46 66 
14 9 411 53 463 421 194 213 46 66 
14 9 411 53 463 422 192 213 46 66 
14 9 411 53 463 423 192 213 46 66 
14 9 411 53 463 424 192 213 46 66 
14 9 411 53 463 425 192 213 46 66 
14 9 411 53 463 426 190 213 46 66 
14 9 411 53 463 427 190 211 46 66 
14 9 411 53 463 428 190 211 46 66 
14 9 411 53 463 429 190 211 46 66 
14 9 411 53 463 430 188 211 48 66 
14 9 411 53 463 431 188 211 48 66 
14 9 411 53 463 432 188 211 48 66 
14 9 411 53 463 433 187 211 46 66 
14 9 411 53 463 434 187 211 46 66 
14 9 411 53 463 435 187 211 46 66 
14 9 411 53 463 436 187 211 46 66 
14 9 411 53 463 437 185 211 46 66 
14 9 411 53 463 438 185 211 46 66 
14 9 411 53 463 439 185 211 46 66 
14 9 411 53 463 440 185 211 46 66 
14 9 411 53 463 441 183 211 46 66 
14 9 411 53 463 442 183 211 46 66 
14 9 411 53 463 443 183 211 46 66 
14 9 411 53 463 444 181 211 46 66 
14 9 411 53 463 445 181 211 46 66 
14 9 411 53 463 446 181 211 46 66 
14 9 411 53 463 447 181 211 46 66 
14 9 411 53 463 448 180 211 46 66 
14 9 411 53 463 449 180 211 46 66 
14 9 411 53 463 450 180 211 46 66 
14 9 411 53 463 451 180 211 46 66 
14 9 411 53 463 452 178 211 46 66 
14 9 411 53 463 453 178 211 46 66 
14 9 411 53 463 454 178 211 46 66 
14 9 411 53 463 455 178 211 46 66 
14 9 411 53 463 456 178 211 46 66 
14 9 411 53 463 457 178 211 46 66 
14 9 411 53 463 458 176 211 46 66 
14 9 411 53 463 459 176 211 46 66 
14 9 411 53 463 460 176 211 46 66 
14 9 411 53 463 461 176 211 46 66 
14 9 411 53 463 462 176 211 46 66 
14 9 411 53 463 463 176 211 46 66 
15 9 610 237 846 237 42 262 50 88 
15 9 610 237 846 238 45 262 50 85 
15 9 610 237 846 239 47 260 50 88 
15 9 610 237 846 240 49 258 50 88 
15 9 610 237 846 241 51 258 52 88 
15 9 610 237 846 242 54 257 50 87 
15 9 610 237 846 243 56 255 50 90 
15 9 610 237 846 244 58 255 52 87 
15 9 610 237 846 245 58 253 54 90 
15 9 610 237 846 246 62 253 54 90 
15 9 610 237 846 247 65 253 52 90 
15 9 610 237 846 248 67 253 52 90 
15 9 610 237 846 249 67 253 54 90 
15 9 610 237 846 250 69 253 54 90 
15 9 610 237 846 251 71 253 54 90 
15 9 610 237 846 252 74 253 52 90 
15 9 610 237 846 253 74 253 54 90 
15 9 610 237 846 254 76 253 54 90 
15 9 610 237 846 255 78 253 54 90 
15 9 610 237 846 256 83 255 52 90 
15 9 610 237 846 257 83 255 54 90 
15 9 610 237 846 258 85 255 54 90 
15 9 610 237 846 259 90 255 52 90 
15 9 610 237 846 260 90 255 54 90 
15 9 610 237 846 261 94 255 54 90 
15 9 610 237 846 262 97 255 52 90 
15 9 610 237 846 263 99 255 52 90 
15 9 610 237 846 264 101 255 54 90 
15 9 610 237 846 265 103 255 54 90 
15 9 610 237 846 266 106 255 54 90 
15 9 610 237 846 267 108 255 54 90 
15 9 610 237 846 268 110 255 54 90 
15 9 610 237 846 269 113 255 52 90 
15 9 610 237 846 270 115 255 54 90 
15 9 610 237 846 271 117 255 54 90 
15 9 610 237 846 272 119 255 54 90 
15 9 610 237 846 273 122 255 54 90 
15 9 610 237 846 274 124 255 54 90 
15 9 610 237 846 275 126 255 54 90 
15 9 610 237 846 276 131 255 52 90 
15 9 610 237 846 277 131 255 54 90 
15 9 610 237 846 278 133 255 54 90 
15 9 610 237 846 279 135 255 54 90 
15 9 610 237 846 280 138 255 54 90 
15 9 610 237 846 281 140 255 54 90 
15 9 610 237 846 282 142 255 54 90 
15 9 610 237 846 283 147 255 52 90 
15 9 610 237 846 284 147 255 54 90 
15 9 610 237 846 285 149 255 54 90 
15 9 610 237 846 286 154 255 52 90 
15 9 610 237 846 287 154 255 54 90 
15 9 610 237 846 288 156 255 54 90 
15 9 610 237 846 289 158 255 54 90 
15 9 610 237 846 290 161 255 52 90 
15 9 610 237 846 291 163 255 54 90 
15 9 610 237 846 292 165 255 54 90 
15 9 610 237 846 293 167 255 54 90 
15 9 610 237 846 294 170 255 52 90 
15 9 610 237 846 295 170 255 54 90 
15 9 610 237 846 296 174 257 54 90 
15 9 610 237 846 297 177 257 52 90 
15 9 610 237 846 298 179 257 52 90 
15 9 610 237 846 299 179 257 54 90 
15 9 610 237 846 300 180 257 58 90 
15 9 610 237 846 301 183 257 56 87 
15 9 610 237 846 302 185 257 56 87 
15 9 610 237 846 303 185 257 58 87 
15 9 610 237 846 304 187 257 58 87 
15 9 610 237 846 305 190 257 56 87 
15 9 610 237 846 306 192 257 56 87 
15 9 610 237 846 307 194 257 58 87 
15 9 610 237 846 308 196 257 58 87 
15 9 610 237 846 309 199 257 56 87 
15 9 610 237 846 310 201 257 56 87 
15 9 610 237 846 311 201 257 58 87 
15 9 610 237 846 312 203 257 58 87 
15 9 610 237 846 313 206 257 56 87 
15 9 610 237 846 314 210 257 56 87 
15 9 610 237 846 315 210 257 58 87 
15 9 610 237 846 316 212 257 58 87 
15 9 610 237 846 317 215 257 56 87 
15 9 610 237 846 318 217 257 56 87 
15 9 610 237 846 319 217 257 58 87 
15 9 610 237 846 320 219 257 58 87 
15 9 610 237 846 321 224 257 56 87 
15 9 610 237 846 322 226 257 56 87 
15 9 610 237 846 323 226 257 58 87 
15 9 610 237 846 324 228 257 58 87 
15 9 610 237 846 325 231 257 56 87 
15 9 610 237 846 326 233 257 56 87 
15 9 610 237 846 327 233 257 58 87 
15 9 610 237 846 328 238 257 56 87 
15 9 610 237 846 329 240 257 56 87 
15 9 610 237 846 330 242 257 56 87 
15 9 610 237 846 331 242 257 58 87 
15 9 610 237 846 332 244 257 58 87 
15 9 610 237 846 333 247 257 56 87 
15 9 610 237 846 334 249 257 58 87 
15 9 610 237 846 335 251 257 58 87 
15 9 610 237 846 336 254 257 56 87 
15 9 610 237 846 337 256 257 56 87 
15 9 610 237 846 338 258 257 56 87 
15 9 610 237 846 339 258 257 58 87 
15 9 610 237 846 340 260 257 58 87 
15 9 610 237 846 341 263 257 56 87 
15 9 610 237 846 342 265 257 56 87 
15 9 610 237 846 343 265 257 58 87 
15 9 610 237 846 344 267 257 58 87 
15 9 610 237 846 345 270 257 56 87 
15 9 610 237 846 346 272 257 56 87 
15 9 610 237 846 347 274 257 56 87 
15 9 610 237 846 348 274 257 58 87 
15 9 610 237 846 349 276 257 58 87 
15 9 610 237 846 350 279 257 56 87 
15 9 610 237 846 351 281 257 56 87 
15 9 610 237 846 352 281 257 58 87 
15 9 610 237 846 353 283 257 58 87 
15 9 610 237 846 354 286 257 56 87 
15 9 610 237 846 355 288 257 56 87 
15 9 610 237 846 356 290 257 56 87 
15 9 610 237 846 357 292 257 58 87 
15 9 610 237 846 358 292 255 58 87 
15 9 610 237 846 359 295 255 56 87 
15 9 610 237 846 360 295 255 56 87 
15 9 610 237 846 361 297 255 56 87 
15 9 610 237 846 362 297 255 56 87 
15 9 610 237 846 363 297 255 58 87 
15 9 610 237 846 364 297 255 58 87 
15 9 610 237 846 365 299 255 58 87 
15 9 610 237 846 366 299 255 58 87 
15 9 610 237 846 367 302 255 56 87 
15 9 610 237 846 368 302 255 56 87 
15 9 610 237 846 369 304 255 56 87 
15 9 610 237 846 370 304 255 56 87 
15 9 610 237 846 371 306 255 56 87 
15 9 610 237 846 372 306 255 56 87 
15 9 610 237 846 373 306 255 58 87 
15 9 610 237 846 374 308 255 58 87 
15 9 610 237 846 375 308 253 58 88 
15 9 610 237 846 376 311 253 56 88 
15 9 610 237 846 377 311 253 56 88 
15 9 610 237 846 378 313 253 56 88 
15 9 610 237 846 379 313 253 56 88 
15 9 610 237 846 380 313 253 58 88 
15 9 610 237 846 381 313 253 58 88 
15 9 610 237 846 382 315 253 58 88 
15 9 610 237 846 383 315 253 58 88 
15 9 610 237 846 384 318 253 56 88 
15 9 610 237 846 385 318 253 56 88 
15 9 610 237 846 386 320 253 56 88 
15 9 610 237 846 387 320 253 56 88 
15 9 610 237 846 388 322 253 56 88 
15 9 610 237 846 389 322 253 56 88 
15 9 610 237 846 390 322 253 58 88 
15 9 610 237 846 391 324 253 58 88 
15 9 610 237 846 392 324 251 58 88 
15 9 610 237 846 393 327 251 56 88 
15 9 610 237 846 394 327 251 56 88 
15 9 610 237 846 395 329 251 56 88 
15 9 610 237 846 396 329 251 56 88 
15 9 610 237 846 397 329 251 58 88 
15 9 610 237 846 398 329 251 58 88 
15 9 610 237 846 399 331 251 58 88 
15 9 610 237 846 400 331 251 58 88 
15 9 610 237 846 401 334 251 56 88 
15 9 610 237 846 402 334 251 56 88 
15 9 610 237 846 403 336 251 56 88 
15 9 610 237 846 404 336 251 56 88 
15 9 610 237 846 405 338 251 56 88 
15 9 610 237 846 406 338 251 56 88 
15 9 610 237 846 407 338 251 58 88 
15 9 610 237 846 408 340 251 58 88 
15 9 610 237 846 409 340 249 58 88 
15 9 610 237 846 410 340 249 58 88 
15 9 610 237 846 411 340 249 58 88 
15 9 610 237 846 412 343 249 56 88 
15 9 610 237 846 413 343 249 56 88 
15 9 610 237 846 414 343 249 56 88 
15 9 610 237 846 415 345 249 56 88 
15 9 610 237 846 416 345 249 56 88 
15 9 610 237 846 417 345 248 56 87 
15 9 610 237 846 418 345 248 58 87 
15 9 610 237 846 419 345 248 58 87 
15 9 610 237 846 420 345 248 58 87 
15 9 610 237 846 421 345 248 58 87 
15 9 610 237 846 422 347 248 58 87 
15 9 610 237 846 423 347 248 58 87 
15 9 610 237 846 424 347 248 58 87 
15 9 610 237 846 425 350 246 56 88 
15 9 610 237 846 426 350 246 56 88 
15 9 610 237 846 427 350 246 56 88 
15 9 610 237 846 428 352 246 56 88 
15 9 610 237 846 429 352 246 56 88 
15 9 610 237 846 430 352 246 56 88 
15 9 610 237 846 431 352 246 56 88 
15 9 610 237 846 432 354 246 56 88 
15 9 610 237 846 433 354 244 56 88 
15 9 610 237 846 434 354 244 56 88 
15 9 610 237 846 435 354 244 58 88 
15 9 610 237 846 436 354 244 58 88 
15 9 610 237 846 437 354 244 58 88 
15 9 610 237 846 438 356 244 58 88 
15 9 610 237 846 439 356 244 58 88 
15 9 610 237 846 440 356 244 58 88 
15 9 610 237 846 441 359 244 56 88 
15 9 610 237 846 442 356 242 58 88 
15 9 610 237 846 443 356 242 58 88 
15 9 610 237 846 444 356 242 58 88 
15 9 610 237 846 445 356 242 58 88 
15 9 610 237 846 446 356 242 58 88 
15 9 610 237 846 447 356 242 58 88 
15 9 610 237 846 448 356 242 58 88 
15 9 610 237 846 449 356 242 58 88 
15 9 610 237 846 450 356 242 58 88 
15 9 610 237 846 451 356 241 58 87 
15 9 610 237 846 452 356 241 58 87 
15 9 610 237 846 453 356 241 58 87 
15 9 610 237 846 454 356 241 58 87 
15 9 610 237 846 455 356 241 58 87 
15 9 610 237 846 456 356 241 58 87 
15 9 610 237 846 457 356 241 58 87 
15 9 610 237 846 458 356 241 58 87 
15 9 610 237 846 459 356 241 58 87 
15 9 610 237 846 460 356 239 58 87 
15 9 610 237 846 461 356 239 58 87 
15 9 610 237 846 462 356 239 58 87 
15 9 610 237 846 463 356 239 58 87 
15 9 610 237 846 464 356 239 58 87 
15 9 610 237 846 465 356 239 58 87 
15 9 610 237 846 466 356 239 58 87 
15 9 610 237 846 467 356 239 58 87 
15 9 610 237 846 468 356 239 58 87 
15 9 610 237 846 469 356 237 58 88 
15 9 610 237 846 470 356 237 58 88 
15 9 610 237 846 471 356 237 58 88 
15 9 610 237 846 472 356 237 58 88 
15 9 610 237 846 473 356 237 58 88 
15 9 610 237 846 474 354 237 58 88 
15 9 610 237 846 475 354 237 58 88 
15 9 610 237 846 476 354 237 58 88 
15 9 610 237 846 477 354 237 58 88 
15 9 610 237 846 478 354 235 58 88 
15 9 610 237 846 479 354 235 58 88 
15 9 610 237 846 480 354 235 58 88 
15 9 610 237 846 481 354 235 58 88 
15 9 610 237 846 482 354 235 58 88 
15 9 610 237 846 483 354 235 58 88 
15 9 610 237 846 484 354 235 58 88 
15 9 610 237 846 485 354 235 58 88 
15 9 610 237 846 486 354 235 58 88 
15 9 610 237 846 487 354 233 58 88 
15 9 610 237 846 488 354 233 58 88 
15 9 610 237 846 489 354 233 58 88 
15 9 610 237 846 490 354 233 58 88 
15 9 610 237 846 491 354 233 58 88 
15 9 610 237 846 492 354 233 58 88 
15 9 610 237 846 493 354 233 58 88 
15 9 610 237 846 494 354 233 58 88 
15 9 610 237 846 495 354 233 58 88 
15 9 610 237 846 496 354 232 58 87 
15 9 610 237 846 497 354 232 58 87 
15 9 610 237 846 498 354 232 58 87 
15 9 610 237 846 499 354 232 58 87 
15 9 610 237 846 500 354 232 58 87 
15 9 610 237 846 501 354 232 58 87 
15 9 610 237 846 502 354 232 58 87 
15 9 610 237 846 503 354 232 58 87 
15 9 610 237 846 504 354 232 58 87 
15 9 610 237 846 505 354 232 58 87 
15 9 610 237 846 506 354 230 56 88 
15 9 610 237 846 507 354 230 56 88 
15 9 610 237 846 508 354 230 56 88 
15 9 610 237 846 509 354 230 56 88 
15 9 610 237 846 510 355 230 52 88 
15 9 610 237 846 511 352 230 56 88 
15 9 610 237 846 512 352 230 56 88 
15 9 610 237 846 513 352 230 56 88 
15 9 610 237 846 514 352 230 56 88 
15 9 610 237 846 515 353 230 52 88 
15 9 610 237 846 516 353 230 52 88 
15 9 610 237 846 517 350 230 56 85 
15 9 610 237 846 518 350 230 56 85 
15 9 610 237 846 519 350 230 56 85 
15 9 610 237 846 520 350 230 54 85 
15 9 610 237 846 521 350 230 54 85 
15 9 610 237 846 522 350 230 54 85 
15 9 610 237 846 523 347 230 58 85 
15 9 610 237 846 524 347 230 58 85 
15 9 610 237 846 525 348 230 54 85 
15 9 610 237 846 526 348 230 54 85 
15 9 610 237 846 527 348 230 54 85 
15 9 610 237 846 528 348 230 54 85 
15 9 610 237 846 529 346 231 54 82 
15 9 610 237 846 530 346 231 54 82 
15 9 610 237 846 531 346 231 54 82 
15 9 610 237 846 532 346 231 54 82 
15 9 610 237 846 533 346 231 54 82 
15 9 610 237 846 534 347 231 50 82 
15 9 610 237 846 535 346 231 52 82 
15 9 610 237 846 536 346 231 52 82 
15 9 610 237 846 537 346 231 52 82 
15 9 610 237 846 538 346 231 52 82 
15 9 610 237 846 539 346 231 50 82 
15 9 610 237 846 540 346 231 50 82 
15 9 610 237 846 541 343 231 54 79 
15 9 610 237 846 542 343 231 54 79 
15 9 610 237 846 543 343 231 54 79 
15 9 610 237 846 544 344 231 50 79 
15 9 610 237 846 545 344 231 50 79 
15 9 610 237 846 546 344 231 50 79 
15 9 610 237 846 547 341 231 54 79 
15 9 610 237 846 548 342 231 50 79 
15 9 610 237 846 549 342 231 50 79 
15 9 610 237 846 550 342 231 50 79 
15 9 610 237 846 551 342 231 50 79 
15 9 610 237 846 552 342 231 50 79 
15 9 610 237 846 553 340 229 50 79 
15 9 610 237 846 554 340 229 50 79 
15 9 610 237 846 555 340 229 50 79 
15 9 610 237 846 556 340 229 50 79 
15 9 610 237 846 557 340 229 50 79 
15 9 610 237 846 558 341 229 46 79 
15 9 610 237 846 559 340 229 48 79 
15 9 610 237 846 560 340 229 48 79 
15 9 610 237 846 561 340 229 48 79 
15 9 610 237 846 562 340 229 48 79 
15 9 610 237 846 563 340 229 46 79 
15 9 610 237 846 564 340 229 46 79 
15 9 610 237 846 565 337 230 50 78 
15 9 610 237 846 566 337 230 50 78 
15 9 610 237 846 567 338 230 46 78 
15 9 610 237 846 568 338 230 46 78 
15 9 610 237 846 569 338 230 46 78 
15 9 610 237 846 570 338 230 46 78 
15 9 610 237 846 571 335 230 50 78 
15 9 610 237 846 572 336 230 46 78 
15 9 610 237 846 573 336 230 46 78 
15 9 610 237 846 574 336 230 46 78 
15 9 610 237 846 575 336 230 46 78 
15 9 610 237 846 576 336 230 46 78 
15 9 610 237 846 577 334 230 46 75 
15 9 610 237 846 578 334 230 46 75 
15 9 610 237 846 579 334 230 46 75 
15 9 610 237 846 580 334 230 46 75 
15 9 610 237 846 581 334 230 46 75 
15 9 610 237 846 582 335 230 44 75 
15 9 610 237 846 583 332 230 48 75 
15 9 610 237 846 584 332 230 48 75 
15 9 610 237 846 585 332 230 48 75 
15 9 610 237 846 586 333 230 44 75 
15 9 610 237 846 587 333 230 44 75 
15 9 610 237 846 588 333 230 44 75 
15 9 610 237 846 589 331 231 46 72 
15 9 610 237 846 590 331 231 46 72 
15 9 610 237 846 591 332 231 42 72 
15 9 610 237 846 592 332 231 42 72 
15 9 610 237 846 593 332 231 42 72 
15 9 610 237 846 594 332 231 42 72 
15 9 610 237 846 595 329 231 46 72 
15 9 610 237 846 596 330 231 42 72 
15 9 610 237 846 597 330 231 42 72 
15 9 610 237 846 598 330 231 42 72 
15 9 610 237 846 599 330 231 42 72 
15 9 610 237 846 600 330 231 42 72 
15 9 610 237 846 601 328 229 42 72 
15 9 610 237 846 602 328 229 42 72 
15 9 610 237 846 603 328 229 42 72 
15 9 610 237 846 604 328 229 42 72 
15 9 610 237 846 605 326 229 44 72 
15 9 610 237 846 606 326 229 44 72 
15 9 610 237 846 607 326 229 44 72 
15 9 610 237 846 608 326 229 44 72 
15 9 610 237 846 609 324 229 46 72 
15 9 610 237 846 610 325 229 42 72 
15 9 610 237 846 611 325 229 42 72 
15 9 610 237 846 612 325 229 42 72 
15 9 610 237 846 613 325 229 42 72 
15 9 610 237 846 614 323 229 42 72 
15 9 610 237 846 615 323 229 42 72 
15 9 610 237 846 616 323 229 42 72 
15 9 610 237 846 617 323 229 42 72 
15 9 610 237 846 618 320 229 46 72 
15 9 610 237 846 619 321 229 42 72 
15 9 610 237 846 620 321 229 42 72 
15 9 610 237 846 621 321 229 42 72 
15 9 610 237 846 622 321 229 42 72 
15 9 610 237 846 623 319 229 44 72 
15 9 610 237 846 624 319 229 44 72 
15 9 610 237 846 625 319 229 44 70 
15 9 610 237 846 626 319 229 44 70 
15 9 610 237 846 627 316 229 48 70 
15 9 610 237 846 628 317 229 44 70 
15 9 610 237 846 629 317 229 44 70 
15 9 610 237 846 630 317 229 44 70 
15 9 610 237 846 631 317 229 44 70 
15 9 610 237 846 632 316 229 42 70 
15 9 610 237 846 633 316 229 42 70 
15 9 610 237 846 634 316 229 42 70 
15 9 610 237 846 635 316 229 42 70 
15 9 610 237 846 636 313 229 46 70 
15 9 610 237 846 637 314 229 42 70 
15 9 610 237 846 638 314 229 42 70 
15 9 610 237 846 639 314 229 42 70 
15 9 610 237 846 640 314 229 42 70 
15 9 610 237 846 641 311 229 46 70 
15 9 610 237 846 642 312 229 42 70 
15 9 610 237 846 643 312 229 42 70 
15 9 610 237 846 644 312 229 42 70 
15 9 610 237 846 645 309 229 46 70 
15 9 610 237 846 646 310 229 44 70 
15 9 610 237 846 647 310 229 44 70 
15 9 610 237 846 648 310 229 44 70 
15 9 610 237 846 649 310 229 44 70 
15 9 610 237 846 650 308 229 46 67 
15 9 610 237 846 651 309 229 42 67 
15 9 610 237 846 652 309 229 42 67 
15 9 610 237 846 653 309 229 42 67 
15 9 610 237 846 654 306 229 46 67 
15 9 610 237 846 655 307 229 42 67 
15 9 610 237 846 656 307 229 42 67 
15 9 610 237 846 657 307 229 42 67 
15 9 610 237 846 658 304 229 46 67 
15 9 610 237 846 659 304 229 46 67 
15 9 610 237 846 660 305 229 42 67 
15 9 610 237 846 661 305 229 42 67 
15 9 610 237 846 662 305 229 42 67 
15 9 610 237 846 663 302 229 46 67 
15 9 610 237 846 664 303 229 44 67 
15 9 610 237 846 665 303 229 44 67 
15 9 610 237 846 666 303 228 44 69 
15 9 610 237 846 667 300 228 48 69 
15 9 610 237 846 668 300 228 48 69 
15 9 610 237 846 669 301 228 44 69 
15 9 610 237 846 670 301 228 44 69 
15 9 610 237 846 671 301 228 44 69 
15 9 610 237 846 672 299 228 46 69 
15 9 610 237 846 673 300 228 42 69 
15 9 610 237 846 674 300 229 42 66 
15 9 610 237 846 675 300 229 42 66 
15 9 610 237 846 676 297 229 46 66 
15 9 610 237 846 677 297 229 46 66 
15 9 610 237 846 678 298 229 42 66 
15 9 610 237 846 679 298 229 42 66 
15 9 610 237 846 680 298 229 42 66 
15 9 610 237 846 681 295 229 46 66 
15 9 610 237 846 682 295 229 46 66 
15 9 610 237 846 683 296 229 42 66 
15 9 610 237 846 684 296 229 42 66 
15 9 610 237 846 685 293 229 46 66 
15 9 610 237 846 686 293 229 46 66 
15 9 610 237 846 687 294 229 44 66 
15 9 610 237 846 688 294 229 44 66 
15 9 610 237 846 689 294 229 44 66 
15 9 610 237 846 690 292 229 46 66 
15 9 610 237 846 691 292 229 46 66 
15 9 610 237 846 692 293 229 42 66 
15 9 610 237 846 693 293 229 42 66 
15 9 610 237 846 694 290 229 46 66 
15 9 610 237 846 695 290 229 46 66 
15 9 610 237 846 696 291 229 42 66 
15 9 610 237 846 697 291 229 42 66 
15 9 610 237 846 698 291 229 42 66 
15 9 610 237 846 699 288 229 46 63 
15 9 610 237 846 700 288 229 46 63 
15 9 610 237 846 701 289 229 42 63 
15 9 610 237 846 702 289 229 42 63 
15 9 610 237 846 703 286 229 46 63 
15 9 610 237 846 704 286 229 46 63 
15 9 610 237 846 705 287 229 44 63 
15 9 610 237 846 706 287 229 44 63 
15 9 610 237 846 707 284 229 48 63 
15 9 610 237 846 708 284 229 48 63 
15 9 610 237 846 709 284 229 48 63 
15 9 610 237 846 710 285 229 44 63 
15 9 610 237 846 711 285 229 44 63 
15 9 610 237 846 712 283 229 46 63 
15 9 610 237 846 713 283 229 46 63 
15 9 610 237 846 714 284 229 42 63 
15 9 610 237 846 715 284 229 42 63 
15 9 610 237 846 716 281 229 46 63 
15 9 610 237 846 717 281 229 46 63 
15 9 610 237 846 718 281 229 46 63 
15 9 610 237 846 719 282 229 42 63 
15 9 610 237 846 720 282 229 42 63 
15 9 610 237 846 721 279 229 46 63 
15 9 610 237 846 722 279 229 46 63 
15 9 610 237 846 723 279 230 46 60 
15 9 610 237 846 724 280 230 42 60 
15 9 610 237 846 725 277 230 46 60 
15 9 610 237 846 726 277 230 46 60 
15 9 610 237 846 727 277 230 46 60 
15 9 610 237 846 728 278 230 44 60 
15 9 610 237 846 729 278 230 44 60 
15 9 610 237 846 730 276 230 46 60 
15 9 610 237 846 731 276 227 46 63 
15 9 610 237 846 732 276 227 46 63 
15 9 610 237 846 733 277 227 42 63 
15 9 610 237 846 734 274 227 46 63 
15 9 610 237 846 735 274 227 46 63 
15 9 610 237 846 736 274 227 46 63 
15 9 610 237 846 737 275 227 42 63 
15 9 610 237 846 738 275 227 42 63 
15 9 610 237 846 739 272 227 46 63 
15 9 610 237 846 740 272 227 46 63 
15 9 610 237 846 741 272 227 46 63 
15 9 610 237 846 742 273 227 42 63 
15 9 610 237 846 743 270 227 46 63 
15 9 610 237 846 744 270 227 46 63 
15 9 610 237 846 745 270 227 46 63 
15 9 610 237 846 746 271 227 44 63 
15 9 610 237 846 747 271 227 44 63 
15 9 610 237 846 748 268 227 48 61 
15 9 610 237 846 749 268 227 48 61 
15 9 610 237 846 750 268 227 48 61 
15 9 610 237 846 751 269 227 44 61 
15 9 610 237 846 752 267 227 46 61 
15 9 610 237 846 753 267 227 46 61 
15 9 610 237 846 754 267 227 46 61 
15 9 610 237 846 755 268 227 42 61 
15 9 610 237 846 756 265 227 46 61 
15 9 610 237 846 757 265 227 46 61 
15 9 610 237 846 758 265 227 46 61 
15 9 610 237 846 759 265 227 46 61 
15 9 610 237 846 760 266 227 42 61 
15 9 610 237 846 761 263 227 46 61 
15 9 610 237 846 762 263 227 46 61 
15 9 610 237 846 763 263 227 46 61 
15 9 610 237 846 764 263 227 46 61 
15 9 610 237 846 765 261 227 46 61 
15 9 610 237 846 766 261 227 46 61 
15 9 610 237 846 767 261 227 46 61 
15 9 610 237 846 768 261 227 46 61 
15 9 610 237 846 769 262 227 44 61 
15 9 610 237 846 770 260 227 46 61 
15 9 610 237 846 771 260 227 46 61 
15 9 610 237 846 772 260 228 46 58 
15 9 610 237 846 773 260 228 46 58 
15 9 610 237 846 774 258 228 46 58 
15 9 610 237 846 775 258 228 46 58 
15 9 610 237 846 776 258 228 46 58 
15 9 610 237 846 777 258 228 46 58 
15 9 610 237 846 778 259 228 42 58 
15 9 610 237 846 779 256 228 46 58 
15 9 610 237 846 780 256 228 46 58 
15 9 610 237 846 781 256 228 46 58 
15 9 610 237 846 782 256 228 46 58 
15 9 610 237 846 783 254 228 46 58 
15 9 610 237 846 784 254 228 46 58 
15 9 610 237 846 785 254 228 46 58 
15 9 610 237 846 786 254 228 46 58 
15 9 610 237 846 787 255 228 44 58 
15 9 610 237 846 788 252 228 48 58 
15 9 610 237 846 789 252 228 48 58 
15 9 610 237 846 790 252 228 48 58 
15 9 610 237 846 791 252 228 48 58 
15 9 610 237 846 792 251 228 46 58 
15 9 610 237 846 793 251 228 46 58 
15 9 610 237 846 794 251 228 46 58 
15 9 610 237 846 795 251 228 46 58 
15 9 610 237 846 796 251 228 46 58 
15 9 610 237 846 797 249 226 46 58 
15 9 610 237 846 798 249 226 46 58 
15 9 610 237 846 799 249 226 46 58 
15 9 610 237 846 800 249 226 46 58 
15 9 610 237 846 801 249 226 46 58 
15 9 610 237 846 802 249 226 46 58 
15 9 610 237 846 803 247 226 46 58 
15 9 610 237 846 804 247 226 46 58 
15 9 610 237 846 805 247 224 46 58 
15 9 610 237 846 806 247 224 46 58 
15 9 610 237 846 807 247 224 46 58 
15 9 610 237 846 808 247 224 46 58 
15 9 610 237 846 809 247 224 46 58 
15 9 610 237 846 810 245 224 46 58 
15 9 610 237 846 811 245 224 46 58 
15 9 610 237 846 812 245 224 46 58 
15 9 610 237 846 813 245 224 46 58 
15 9 610 237 846 814 245 222 46 60 
15 9 610 237 846 815 245 222 46 60 
15 9 610 237 846 816 244 222 46 60 
15 9 610 237 846 817 244 222 46 60 
15 9 610 237 846 818 244 222 46 60 
15 9 610 237 846 819 244 222 46 60 
15 9 610 237 846 820 244 222 46 60 
15 9 610 237 846 821 244 222 46 60 
15 9 610 237 846 822 244 222 46 60 
15 9 610 237 846 823 242 221 46 58 
15 9 610 237 846 824 242 221 46 58 
15 9 610 237 846 825 242 221 46 58 
15 9 610 237 846 826 242 221 46 58 
15 9 610 237 846 827 242 221 46 58 
15 9 610 237 846 828 242 221 46 58 
15 9 610 237 846 829 242 221 46 58 
15 9 610 237 846 830 240 221 46 58 
15 9 610 237 846 831 240 221 46 58 
15 9 610 237 846 832 240 219 46 58 
15 9 610 237 846 833 240 219 46 58 
15 9 610 237 846 834 240 219 46 58 
15 9 610 237 846 835 240 219 46 58 
15 9 610 237 846 836 238 219 46 58 
15 9 610 237 846 837 238 219 46 58 
15 9 610 237 846 838 238 219 46 58 
15 9 610 237 846 839 238 219 46 58 
15 9 610 237 846 840 238 219 46 58 
15 9 610 237 846 841 238 217 46 58 
15 9 610 237 846 842 238 217 46 58 
15 9 610 237 846 843 236 217 48 58 
15 9 610 237 846 844 236 217 48 58 
15 9 610 237 846 845 236 217 48 58 
15 9 610 237 846 846 236 217 48 58 
16 9 170 854 1023 854 1189 494 89 224 
16 9 170 854 1023 855 1182 488 97 230 
16 9 170 854 1023 856 1173 482 106 237 
16 9 170 854 1023 857 1168 476 110 242 
16 9 170 854 1023 858 1164 472 115 247 
16 9 170 854 1023 859 1159 471 119 248 
16 9 170 854 1023 860 1155 469 123 250 
16 9 170 854 1023 861 1152 467 126 252 
16 9 170 854 1023 862 1148 465 130 254 
16 9 170 854 1023 863 1145 464 133 255 
16 9 170 854 1023 864 1141 462 137 257 
16 9 170 854 1023 865 1139 460 139 259 
16 9 170 854 1023 866 1135 458 142 261 
16 9 170 854 1023 867 1132 456 142 263 
16 9 170 854 1023 868 1128 455 142 264 
16 9 170 854 1023 869 1124 453 144 266 
16 9 170 854 1023 870 1121 451 142 268 
16 9 170 854 1023 871 1117 449 142 270 
16 9 170 854 1023 872 1114 448 142 271 
16 9 170 854 1023 873 1111 443 140 275 
16 9 170 854 1023 874 1108 441 138 277 
16 9 170 854 1023 875 1104 439 138 279 
16 9 170 854 1023 876 1101 438 138 280 
16 9 170 854 1023 877 1097 436 138 282 
16 9 170 854 1023 878 1093 434 140 284 
16 9 170 854 1023 879 1090 432 138 286 
16 9 170 854 1023 880 1087 431 136 287 
16 9 170 854 1023 881 1084 429 134 289 
16 9 170 854 1023 882 1080 427 136 291 
16 9 170 854 1023 883 1077 425 134 291 
16 9 170 854 1023 884 1073 423 136 291 
16 9 170 854 1023 885 1070 422 134 289 
16 9 170 854 1023 886 1066 420 136 291 
16 9 170 854 1023 887 1062 418 136 294 
16 9 170 854 1023 888 1059 416 134 294 
16 9 170 854 1023 889 1055 415 136 292 
16 9 170 854 1023 890 1052 413 134 292 
16 9 170 854 1023 891 1051 413 132 291 
16 9 170 854 1023 892 1046 411 136 291 
16 9 170 854 1023 893 1043 409 134 291 
16 9 170 854 1023 894 1042 410 132 288 
16 9 170 854 1023 895 1039 408 130 288 
16 9 170 854 1023 896 1034 407 136 288 
16 9 170 854 1023 897 1033 407 132 285 
16 9 170 854 1023 898 1030 405 130 285 
16 9 170 854 1023 899 1026 403 132 285 
16 9 170 854 1023 900 1024 403 132 285 
16 9 170 854 1023 901 1021 401 132 283 
16 9 170 854 1023 902 1016 401 136 282 
16 9 170 854 1023 903 1013 399 134 282 
16 9 170 854 1023 904 1008 399 138 279 
16 9 170 854 1023 905 1005 397 138 280 
16 9 170 854 1023 906 1000 395 142 280 
16 9 170 854 1023 907 996 395 144 277 
16 9 170 854 1023 908 992 393 146 277 
16 9 170 854 1023 909 988 392 146 277 
16 9 170 854 1023 910 988 393 144 274 
16 9 170 854 1023 911 982 391 150 274 
16 9 170 854 1023 912 978 389 150 274 
16 9 170 854 1023 913 975 387 152 274 
16 9 170 854 1023 914 970 387 154 273 
16 9 170 854 1023 915 967 386 156 271 
16 9 170 854 1023 916 963 384 156 271 
16 9 170 854 1023 917 959 385 160 268 
16 9 170 854 1023 918 955 383 160 270 
16 9 170 854 1023 919 951 381 162 270 
16 9 170 854 1023 920 949 381 164 267 
16 9 170 854 1023 921 945 379 164 267 
16 9 170 854 1023 922 944 380 160 264 
16 9 170 854 1023 923 941 378 160 265 
16 9 170 854 1023 924 940 379 156 264 
16 9 170 854 1023 925 937 377 156 264 
16 9 170 854 1023 926 936 377 152 264 
16 9 170 854 1023 927 931 375 154 264 
16 9 170 854 1023 928 930 375 150 261 
16 9 170 854 1023 929 930 375 148 261 
16 9 170 854 1023 930 925 373 150 262 
16 9 170 854 1023 931 923 373 150 259 
16 9 170 854 1023 932 920 373 152 259 
16 9 170 854 1023 933 918 373 152 258 
16 9 170 854 1023 934 913 373 154 258 
16 9 170 854 1023 935 913 373 152 255 
16 9 170 854 1023 936 908 371 156 258 
16 9 170 854 1023 937 905 371 158 255 
16 9 170 854 1023 938 905 371 156 255 
16 9 170 854 1023 939 904 369 152 253 
16 9 170 854 1023 940 905 367 146 253 
16 9 170 854 1023 941 907 365 138 253 
16 9 170 854 1023 942 903 364 140 253 
16 9 170 854 1023 943 901 365 140 250 
16 9 170 854 1023 944 900 362 138 253 
16 9 170 854 1023 945 898 363 138 250 
16 9 170 854 1023 946 893 361 142 250 
16 9 170 854 1023 947 892 361 142 250 
16 9 170 854 1023 948 890 359 142 250 
16 9 170 854 1023 949 888 359 142 249 
16 9 170 854 1023 950 884 358 144 250 
16 9 170 854 1023 951 883 358 142 247 
16 9 170 854 1023 952 881 356 142 247 
16 9 170 854 1023 953 879 356 142 247 
16 9 170 854 1023 954 876 354 144 247 
16 9 170 854 1023 955 873 355 146 246 
16 9 170 854 1023 956 871 352 146 249 
16 9 170 854 1023 957 869 353 146 246 
16 9 170 854 1023 958 867 353 146 246 
16 9 170 854 1023 959 866 351 146 246 
16 9 170 854 1023 960 867 351 142 243 
16 9 170 854 1023 961 868 350 138 241 
16 9 170 854 1023 962 869 351 134 240 
16 9 170 854 1023 963 870 351 130 240 
16 9 170 854 1023 964 868 349 132 240 
16 9 170 854 1023 965 866 349 132 237 
16 9 170 854 1023 966 864 347 132 237 
16 9 170 854 1023 967 862 347 134 237 
16 9 170 854 1023 968 860 347 134 235 
16 9 170 854 1023 969 861 345 132 235 
16 9 170 854 1023 970 859 346 132 232 
16 9 170 854 1023 971 856 346 136 232 
16 9 170 854 1023 972 854 345 136 231 
16 9 170 854 1023 973 853 346 134 228 
16 9 170 854 1023 974 854 343 130 229 
16 9 170 854 1023 975 851 343 134 229 
16 9 170 854 1023 976 849 344 136 226 
16 9 170 854 1023 977 847 342 136 226 
16 9 170 854 1023 978 846 342 134 223 
16 9 170 854 1023 979 846 342 134 223 
16 9 170 854 1023 980 844 338 134 228 
16 9 170 854 1023 981 842 337 136 226 
16 9 170 854 1023 982 842 334 136 229 
16 9 170 854 1023 983 840 335 136 226 
16 9 170 854 1023 984 838 335 136 223 
16 9 170 854 1023 985 839 335 132 223 
16 9 170 854 1023 986 837 336 134 220 
16 9 170 854 1023 987 838 336 130 219 
16 9 170 854 1023 988 836 336 132 219 
16 9 170 854 1023 989 836 337 132 216 
16 9 170 854 1023 990 834 337 132 216 
16 9 170 854 1023 991 835 337 128 213 
16 9 170 854 1023 992 832 338 132 210 
16 9 170 854 1023 993 833 338 128 210 
16 9 170 854 1023 994 832 338 128 208 
16 9 170 854 1023 995 832 340 128 205 
16 9 170 854 1023 996 830 338 128 205 
16 9 170 854 1023 997 828 338 128 205 
16 9 170 854 1023 998 829 339 124 202 
16 9 170 854 1023 999 826 336 128 205 
16 9 170 854 1023 1000 827 336 124 205 
16 9 170 854 1023 1001 824 337 126 202 
16 9 170 854 1023 1002 824 337 126 202 
16 9 170 854 1023 1003 824 334 124 205 
16 9 170 854 1023 1004 825 335 120 202 
16 9 170 854 1023 1005 822 335 124 202 
16 9 170 854 1023 1006 823 334 120 204 
16 9 170 854 1023 1007 820 334 122 202 
16 9 170 854 1023 1008 820 334 122 202 
16 9 170 854 1023 1009 818 334 122 202 
16 9 170 854 1023 1010 818 332 120 202 
16 9 170 854 1023 1011 818 332 120 202 
16 9 170 854 1023 1012 816 332 120 199 
16 9 170 854 1023 1013 817 330 116 202 
16 9 170 854 1023 1014 814 330 120 202 
16 9 170 854 1023 1015 814 330 118 199 
16 9 170 854 1023 1016 812 330 118 199 
16 9 170 854 1023 1017 812 328 118 202 
16 9 170 854 1023 1018 810 328 118 201 
16 9 170 854 1023 1019 811 328 114 201 
16 9 170 854 1023 1020 810 326 116 204 
16 9 170 854 1023 1021 810 326 114 201 
16 9 170 854 1023 1022 808 326 114 201 
16 9 170 854 1023 1023 808 326 114 201 
17 9 293 311 603 311 24 273 78 91 
17 9 293 311 603 312 29 273 78 91 
17 9 293 311 603 313 33 273 78 91 
17 9 293 311 603 314 36 273 80 91 
17 9 293 311 603 315 42 273 78 90 
17 9 293 311 603 316 45 273 78 90 
17 9 293 311 603 317 51 273 78 90 
17 9 293 311 603 318 54 273 78 90 
17 9 293 311 603 319 58 273 78 90 
17 9 293 311 603 320 63 271 78 90 
17 9 293 311 603 321 67 271 78 90 
17 9 293 311 603 322 70 271 78 90 
17 9 293 311 603 323 76 271 78 90 
17 9 293 311 603 324 79 271 78 90 
17 9 293 311 603 325 83 269 78 90 
17 9 293 311 603 326 88 269 78 90 
17 9 293 311 603 327 92 269 78 90 
17 9 293 311 603 328 95 269 78 90 
17 9 293 311 603 329 100 269 80 90 
17 9 293 311 603 330 104 266 78 91 
17 9 293 311 603 331 108 266 78 91 
17 9 293 311 603 332 113 266 78 91 
17 9 293 311 603 333 116 266 80 91 
17 9 293 311 603 334 122 266 78 91 
17 9 293 311 603 335 125 266 78 91 
17 9 293 311 603 336 128 266 82 91 
17 9 293 311 603 337 131 266 82 91 
17 9 293 311 603 338 134 266 86 91 
17 9 293 311 603 339 139 266 84 91 
17 9 293 311 603 340 140 266 90 91 
17 9 293 311 603 341 145 266 88 93 
17 9 293 311 603 342 147 266 92 93 
17 9 293 311 603 343 151 266 92 93 
17 9 293 311 603 344 153 266 96 93 
17 9 293 311 603 345 157 266 96 93 
17 9 293 311 603 346 159 266 100 93 
17 9 293 311 603 347 163 266 100 93 
17 9 293 311 603 348 166 266 102 96 
17 9 293 311 603 349 168 266 106 96 
17 9 293 311 603 350 172 266 106 96 
17 9 293 311 603 351 174 266 110 96 
17 9 293 311 603 352 178 266 110 96 
17 9 293 311 603 353 180 266 114 96 
17 9 293 311 603 354 184 266 114 96 
17 9 293 311 603 355 186 265 118 99 
17 9 293 311 603 356 190 265 118 99 
17 9 293 311 603 357 194 265 120 99 
17 9 293 311 603 358 196 265 122 99 
17 9 293 311 603 359 200 265 124 99 
17 9 293 311 603 360 203 265 124 99 
17 9 293 311 603 361 206 265 128 99 
17 9 293 311 603 362 208 267 132 99 
17 9 293 311 603 363 212 265 132 99 
17 9 293 311 603 364 215 265 132 99 
17 9 293 311 603 365 219 265 132 99 
17 9 293 311 603 366 223 265 130 99 
17 9 293 311 603 367 226 265 132 99 
17 9 293 311 603 368 230 263 130 102 
17 9 293 311 603 369 235 263 132 102 
17 9 293 311 603 370 239 263 130 102 
17 9 293 311 603 371 242 263 132 102 
17 9 293 311 603 372 246 263 130 102 
17 9 293 311 603 373 249 261 132 103 
17 9 293 311 603 374 253 261 132 103 
17 9 293 311 603 375 256 261 132 103 
17 9 293 311 603 376 262 261 130 103 
17 9 293 311 603 377 265 261 132 103 
17 9 293 311 603 378 269 259 132 106 
17 9 293 311 603 379 272 259 132 106 
17 9 293 311 603 380 276 259 132 106 
17 9 293 311 603 381 279 259 132 106 
17 9 293 311 603 382 283 259 132 106 
17 9 293 311 603 383 288 259 132 106 
17 9 293 311 603 384 290 259 132 106 
17 9 293 311 603 385 295 259 128 106 
17 9 293 311 603 386 296 259 128 106 
17 9 293 311 603 387 301 259 124 106 
17 9 293 311 603 388 306 259 120 106 
17 9 293 311 603 389 305 261 126 106 
17 9 293 311 603 390 311 261 120 106 
17 9 293 311 603 391 314 261 118 106 
17 9 293 311 603 392 316 261 118 106 
17 9 293 311 603 393 321 261 114 106 
17 9 293 311 603 394 323 262 116 108 
17 9 293 311 603 395 326 262 114 108 
17 9 293 311 603 396 331 262 110 108 
17 9 293 311 603 397 332 262 112 108 
17 9 293 311 603 398 337 262 106 108 
17 9 293 311 603 399 342 262 102 108 
17 9 293 311 603 400 342 264 108 106 
17 9 293 311 603 401 347 264 102 106 
17 9 293 311 603 402 349 264 102 106 
17 9 293 311 603 403 353 264 100 106 
17 9 293 311 603 404 358 264 96 106 
17 9 293 311 603 405 359 266 98 106 
17 9 293 311 603 406 363 266 96 106 
17 9 293 311 603 407 368 266 92 106 
17 9 293 311 603 408 368 266 94 106 
17 9 293 311 603 409 374 266 88 106 
17 9 293 311 603 410 378 268 88 106 
17 9 293 311 603 411 378 268 90 106 
17 9 293 311 603 412 383 267 88 109 
17 9 293 311 603 413 385 270 88 106 
17 9 293 311 603 414 387 270 90 108 
17 9 293 311 603 415 390 270 88 108 
17 9 293 311 603 416 394 270 88 109 
17 9 293 311 603 417 394 270 90 109 
17 9 293 311 603 418 399 270 88 112 
17 9 293 311 603 419 401 272 88 109 
17 9 293 311 603 420 403 272 90 112 
17 9 293 311 603 421 406 272 88 112 
17 9 293 311 603 422 410 274 88 112 
17 9 293 311 603 423 410 274 90 112 
17 9 293 311 603 424 415 274 88 114 
17 9 293 311 603 425 417 276 88 111 
17 9 293 311 603 426 419 276 90 114 
17 9 293 311 603 427 424 276 88 114 
17 9 293 311 603 428 426 276 88 115 
17 9 293 311 603 429 428 276 90 115 
17 9 293 311 603 430 431 276 88 118 
17 9 293 311 603 431 433 278 90 115 
17 9 293 311 603 432 435 278 90 117 
17 9 293 311 603 433 440 278 88 117 
17 9 293 311 603 434 442 280 88 117 
17 9 293 311 603 435 444 280 90 117 
17 9 293 311 603 436 447 280 88 120 
17 9 293 311 603 437 449 282 90 120 
17 9 293 311 603 438 451 282 90 120 
17 9 293 311 603 439 456 281 88 123 
17 9 293 311 603 440 458 284 88 120 
17 9 293 311 603 441 460 283 90 121 
17 9 293 311 603 442 465 283 88 121 
17 9 293 311 603 443 465 284 90 123 
17 9 293 311 603 444 470 284 88 123 
17 9 293 311 603 445 472 284 88 126 
17 9 293 311 603 446 474 286 90 123 
17 9 293 311 603 447 476 286 90 126 
17 9 293 311 603 448 481 286 88 126 
17 9 293 311 603 449 481 288 90 124 
17 9 293 311 603 450 486 288 88 124 
17 9 293 311 603 451 488 287 88 127 
17 9 293 311 603 452 490 290 90 124 
17 9 293 311 603 453 492 289 90 127 
17 9 293 311 603 454 497 289 88 127 
17 9 293 311 603 455 497 290 90 129 
17 9 293 311 603 456 502 290 88 129 
17 9 293 311 603 457 506 290 88 132 
17 9 293 311 603 458 506 292 90 129 
17 9 293 311 603 459 511 292 88 130 
17 9 293 311 603 460 513 292 88 130 
17 9 293 311 603 461 515 294 90 130 
17 9 293 311 603 462 518 293 88 133 
17 9 293 311 603 463 522 293 88 133 
17 9 293 311 603 464 522 295 90 133 
17 9 293 311 603 465 527 295 88 133 
17 9 293 311 603 466 529 295 88 135 
17 9 293 311 603 467 531 298 90 132 
17 9 293 311 603 468 534 297 88 135 
17 9 293 311 603 469 538 297 88 135 
17 9 293 311 603 470 538 298 90 136 
17 9 293 311 603 471 543 298 88 136 
17 9 293 311 603 472 545 297 90 139 
17 9 293 311 603 473 547 300 90 136 
17 9 293 311 603 474 552 299 88 139 
17 9 293 311 603 475 554 299 88 139 
17 9 293 311 603 476 556 302 90 138 
17 9 293 311 603 477 559 302 88 138 
17 9 293 311 603 478 561 301 90 141 
17 9 293 311 603 479 563 304 90 138 
17 9 293 311 603 480 568 303 88 141 
17 9 293 311 603 481 570 303 88 141 
17 9 293 311 603 482 572 304 90 142 
17 9 293 311 603 483 575 304 88 142 
17 9 293 311 603 484 577 304 90 144 
17 9 293 311 603 485 579 306 90 141 
17 9 293 311 603 486 584 306 88 144 
17 9 293 311 603 487 586 308 90 144 
17 9 293 311 603 488 588 307 90 147 
17 9 293 311 603 489 591 309 88 147 
17 9 293 311 603 490 593 309 90 148 
17 9 293 311 603 491 595 311 90 148 
17 9 293 311 603 492 600 310 88 151 
17 9 293 311 603 493 602 311 88 153 
17 9 293 311 603 494 604 313 90 151 
17 9 293 311 603 495 607 313 88 154 
17 9 293 311 603 496 609 315 90 154 
17 9 293 311 603 497 611 314 90 157 
17 9 293 311 603 498 616 316 88 157 
17 9 293 311 603 499 618 317 88 157 
17 9 293 311 603 500 618 317 90 160 
17 9 293 311 603 501 623 319 88 160 
17 9 293 311 603 502 625 318 88 163 
17 9 293 311 603 503 627 321 90 162 
17 9 293 311 603 504 630 323 88 162 
17 9 293 311 603 505 634 322 88 165 
17 9 293 311 603 506 634 324 90 165 
17 9 293 311 603 507 639 324 88 168 
17 9 293 311 603 508 641 325 88 168 
17 9 293 311 603 509 643 327 90 168 
17 9 293 311 603 510 646 326 88 171 
17 9 293 311 603 511 650 328 88 171 
17 9 293 311 603 512 650 328 90 172 
17 9 293 311 603 513 652 330 90 172 
17 9 293 311 603 514 657 331 88 174 
17 9 293 311 603 515 657 330 90 177 
17 9 293 311 603 516 662 332 88 177 
17 9 293 311 603 517 664 332 88 178 
17 9 293 311 603 518 666 334 90 178 
17 9 293 311 603 519 668 336 90 178 
17 9 293 311 603 520 673 335 88 181 
17 9 293 311 603 521 673 338 90 180 
17 9 293 311 603 522 678 337 88 183 
17 9 293 311 603 523 680 338 88 184 
17 9 293 311 603 524 682 340 90 184 
17 9 293 311 603 525 684 342 90 184 
17 9 293 311 603 526 687 344 88 186 
17 9 293 311 603 527 688 344 92 190 
17 9 293 311 603 528 688 348 94 189 
17 9 293 311 603 529 693 350 92 192 
17 9 293 311 603 530 695 351 92 193 
17 9 293 311 603 531 696 352 96 198 
17 9 293 311 603 532 697 356 96 196 
17 9 293 311 603 533 698 358 100 196 
17 9 293 311 603 534 703 358 96 201 
17 9 293 311 603 535 703 362 100 199 
17 9 293 311 603 536 705 364 100 202 
17 9 293 311 603 537 706 366 104 204 
17 9 293 311 603 538 711 366 98 208 
17 9 293 311 603 539 711 370 104 208 
17 9 293 311 603 540 713 372 104 210 
17 9 293 311 603 541 715 372 102 211 
17 9 293 311 603 542 716 377 106 210 
17 9 293 311 603 543 720 378 104 213 
17 9 293 311 603 544 721 380 106 216 
17 9 293 311 603 545 723 380 106 219 
17 9 293 311 603 546 724 384 110 219 
17 9 293 311 603 547 728 386 106 220 
17 9 293 311 603 548 729 386 110 225 
17 9 293 311 603 549 731 391 110 222 
17 9 293 311 603 550 731 392 114 223 
17 9 293 311 603 551 733 394 114 226 
17 9 293 311 603 552 737 394 114 229 
17 9 293 311 603 553 740 398 112 229 
17 9 293 311 603 554 739 400 118 231 
17 9 293 311 603 555 741 400 118 235 
17 9 293 311 603 556 746 405 116 234 
17 9 293 311 603 557 747 408 122 237 
17 9 293 311 603 558 750 411 128 240 
17 9 293 311 603 559 751 414 136 241 
17 9 293 311 603 560 754 417 138 246 
17 9 293 311 603 561 755 423 146 244 
17 9 293 311 603 562 761 425 148 247 
17 9 293 311 603 563 762 429 154 250 
17 9 293 311 603 564 765 431 160 253 
17 9 293 311 603 565 766 438 168 252 
17 9 293 311 603 566 769 440 170 256 
17 9 293 311 603 567 773 444 174 258 
17 9 293 311 603 568 775 446 182 261 
17 9 293 311 603 569 777 450 186 264 
17 9 293 311 603 570 780 455 192 264 
17 9 293 311 603 571 782 458 198 260 
17 9 293 311 603 572 784 461 202 258 
17 9 293 311 603 573 788 464 208 254 
17 9 293 311 603 574 790 469 214 249 
17 9 293 311 603 575 794 473 216 245 
17 9 293 311 603 576 795 475 224 243 
17 9 293 311 603 577 797 479 230 239 
17 9 293 311 603 578 801 484 234 234 
17 9 293 311 603 579 812 490 234 228 
17 9 293 311 603 580 821 498 238 221 
17 9 293 311 603 581 831 504 242 214 
17 9 293 311 603 582 842 513 244 206 
17 9 293 311 603 583 853 520 246 198 
17 9 293 311 603 584 864 526 248 192 
17 9 293 311 603 585 872 533 254 186 
17 9 293 311 603 586 883 541 256 177 
17 9 293 311 603 587 893 549 260 169 
17 9 293 311 603 588 905 555 260 163 
17 9 293 311 603 589 915 561 262 157 
17 9 293 311 603 590 925 570 266 148 
17 9 293 311 603 591 934 578 270 141 
17 9 293 311 603 592 944 584 274 134 
17 9 293 311 603 593 956 593 274 126 
17 9 293 311 603 594 978 600 266 118 
17 9 293 311 603 595 999 609 260 109 
17 9 293 311 603 596 1024 618 248 101 
17 9 293 311 603 597 1044 624 234 94 
17 9 293 311 603 598 1069 633 209 86 
17 9 293 311 603 599 1090 641 189 77 
17 9 293 311 603 600 1114 650 165 68 
17 9 293 311 603 601 1145 669 133 49 
17 9 293 311 603 602 1180 686 99 32 
17 9 293 311 603 603 1180 686 99 32 
18 9 542 463 1004 463 188 252 54 93 
18 9 542 463 1004 464 193 252 50 93 
18 9 542 463 1004 465 196 252 48 93 
18 9 542 463 1004 466 196 252 50 93 
18 9 542 463 1004 467 197 252 54 93 
18 9 542 463 1004 468 202 252 50 93 
18 9 542 463 1004 469 203 252 50 93 
18 9 542 463 1004 470 205 252 50 93 
18 9 542 463 1004 471 207 252 50 93 
18 9 542 463 1004 472 209 252 50 93 
18 9 542 463 1004 473 212 252 50 93 
18 9 542 463 1004 474 214 252 50 93 
18 9 542 463 1004 475 216 252 50 93 
18 9 542 463 1004 476 218 252 50 93 
18 9 542 463 1004 477 222 252 46 93 
18 9 542 463 1004 478 224 252 46 93 
18 9 542 463 1004 479 225 252 50 93 
18 9 542 463 1004 480 228 252 48 93 
18 9 542 463 1004 481 228 252 50 93 
18 9 542 463 1004 482 233 252 46 93 
18 9 542 463 1004 483 235 252 46 93 
18 9 542 463 1004 484 236 252 48 93 
18 9 542 463 1004 485 237 252 50 93 
18 9 542 463 1004 486 242 252 46 93 
18 9 542 463 1004 487 244 252 46 93 
18 9 542 463 1004 488 245 252 46 93 
18 9 542 463 1004 489 247 252 46 93 
18 9 542 463 1004 490 251 252 46 93 
18 9 542 463 1004 491 251 252 46 93 
18 9 542 463 1004 492 252 252 48 93 
18 9 542 463 1004 493 254 252 46 93 
18 9 542 463 1004 494 256 252 46 93 
18 9 542 463 1004 495 258 252 46 93 
18 9 542 463 1004 496 260 252 46 93 
18 9 542 463 1004 497 260 252 46 93 
18 9 542 463 1004 498 261 252 46 93 
18 9 542 463 1004 499 263 252 46 93 
18 9 542 463 1004 500 265 252 46 93 
18 9 542 463 1004 501 267 252 46 93 
18 9 542 463 1004 502 268 252 48 93 
18 9 542 463 1004 503 270 252 46 93 
18 9 542 463 1004 504 270 252 46 93 
18 9 542 463 1004 505 272 252 46 93 
18 9 542 463 1004 506 274 252 46 93 
18 9 542 463 1004 507 276 252 46 93 
18 9 542 463 1004 508 277 252 46 93 
18 9 542 463 1004 509 279 252 46 93 
18 9 542 463 1004 510 281 252 46 93 
18 9 542 463 1004 511 281 252 46 93 
18 9 542 463 1004 512 283 252 46 93 
18 9 542 463 1004 513 284 252 48 93 
18 9 542 463 1004 514 286 252 46 93 
18 9 542 463 1004 515 288 252 46 93 
18 9 542 463 1004 516 290 252 46 93 
18 9 542 463 1004 517 290 252 46 93 
18 9 542 463 1004 518 292 252 46 93 
18 9 542 463 1004 519 293 252 46 93 
18 9 542 463 1004 520 295 252 46 93 
18 9 542 463 1004 521 297 252 46 93 
18 9 542 463 1004 522 299 252 46 93 
18 9 542 463 1004 523 300 252 48 93 
18 9 542 463 1004 524 300 252 48 93 
18 9 542 463 1004 525 302 252 46 93 
18 9 542 463 1004 526 304 252 46 93 
18 9 542 463 1004 527 306 252 46 93 
18 9 542 463 1004 528 308 252 46 93 
18 9 542 463 1004 529 309 252 46 93 
18 9 542 463 1004 530 311 252 46 93 
18 9 542 463 1004 531 311 250 46 93 
18 9 542 463 1004 532 311 250 46 93 
18 9 542 463 1004 533 311 250 46 93 
18 9 542 463 1004 534 313 250 46 93 
18 9 542 463 1004 535 313 250 46 93 
18 9 542 463 1004 536 313 250 46 93 
18 9 542 463 1004 537 315 250 46 93 
18 9 542 463 1004 538 315 250 46 93 
18 9 542 463 1004 539 315 250 46 93 
18 9 542 463 1004 540 316 250 48 93 
18 9 542 463 1004 541 316 248 48 94 
18 9 542 463 1004 542 316 248 48 94 
18 9 542 463 1004 543 318 248 46 94 
18 9 542 463 1004 544 318 248 46 94 
18 9 542 463 1004 545 318 248 46 94 
18 9 542 463 1004 546 318 248 46 94 
18 9 542 463 1004 547 320 248 46 94 
18 9 542 463 1004 548 320 248 46 94 
18 9 542 463 1004 549 320 248 46 94 
18 9 542 463 1004 550 322 248 46 94 
18 9 542 463 1004 551 322 248 46 94 
18 9 542 463 1004 552 322 247 46 93 
18 9 542 463 1004 553 324 247 46 93 
18 9 542 463 1004 554 324 247 46 93 
18 9 542 463 1004 555 324 247 46 93 
18 9 542 463 1004 556 325 247 46 93 
18 9 542 463 1004 557 325 247 46 93 
18 9 542 463 1004 558 325 247 46 93 
18 9 542 463 1004 559 325 247 46 93 
18 9 542 463 1004 560 327 247 46 93 
18 9 542 463 1004 561 327 247 46 93 
18 9 542 463 1004 562 327 247 46 93 
18 9 542 463 1004 563 329 245 46 93 
18 9 542 463 1004 564 329 245 46 93 
18 9 542 463 1004 565 329 245 46 93 
18 9 542 463 1004 566 331 245 46 93 
18 9 542 463 1004 567 331 245 46 93 
18 9 542 463 1004 568 331 245 46 93 
18 9 542 463 1004 569 332 245 48 93 
18 9 542 463 1004 570 332 245 48 93 
18 9 542 463 1004 571 332 245 48 93 
18 9 542 463 1004 572 332 245 48 93 
18 9 542 463 1004 573 334 245 46 93 
18 9 542 463 1004 574 334 243 46 93 
18 9 542 463 1004 575 334 243 46 93 
18 9 542 463 1004 576 336 243 46 93 
18 9 542 463 1004 577 336 243 46 93 
18 9 542 463 1004 578 336 243 46 93 
18 9 542 463 1004 579 338 243 46 93 
18 9 542 463 1004 580 338 243 46 93 
18 9 542 463 1004 581 338 243 46 93 
18 9 542 463 1004 582 340 243 46 93 
18 9 542 463 1004 583 340 243 46 93 
18 9 542 463 1004 584 340 243 46 93 
18 9 542 463 1004 585 340 241 46 94 
18 9 542 463 1004 586 341 241 46 94 
18 9 542 463 1004 587 341 241 46 94 
18 9 542 463 1004 588 341 241 46 94 
18 9 542 463 1004 589 343 241 46 94 
18 9 542 463 1004 590 343 241 46 94 
18 9 542 463 1004 591 343 241 46 94 
18 9 542 463 1004 592 345 241 46 94 
18 9 542 463 1004 593 345 241 46 94 
18 9 542 463 1004 594 345 241 46 94 
18 9 542 463 1004 595 347 241 46 94 
18 9 542 463 1004 596 347 241 46 94 
18 9 542 463 1004 597 347 241 46 94 
18 9 542 463 1004 598 347 241 46 94 
18 9 542 463 1004 599 347 241 46 94 
18 9 542 463 1004 600 347 241 46 94 
18 9 542 463 1004 601 345 240 46 93 
18 9 542 463 1004 602 345 240 46 93 
18 9 542 463 1004 603 345 240 46 93 
18 9 542 463 1004 604 345 240 46 93 
18 9 542 463 1004 605 345 240 46 93 
18 9 542 463 1004 606 345 240 46 93 
18 9 542 463 1004 607 343 240 46 93 
18 9 542 463 1004 608 343 240 46 93 
18 9 542 463 1004 609 343 240 46 93 
18 9 542 463 1004 610 343 240 46 93 
18 9 542 463 1004 611 343 240 46 93 
18 9 542 463 1004 612 343 240 46 93 
18 9 542 463 1004 613 343 240 46 93 
18 9 542 463 1004 614 341 240 46 93 
18 9 542 463 1004 615 341 240 46 93 
18 9 542 463 1004 616 341 241 46 90 
18 9 542 463 1004 617 341 241 46 90 
18 9 542 463 1004 618 341 241 46 90 
18 9 542 463 1004 619 341 241 46 90 
18 9 542 463 1004 620 341 238 46 93 
18 9 542 463 1004 621 340 238 46 93 
18 9 542 463 1004 622 340 238 46 93 
18 9 542 463 1004 623 340 238 46 93 
18 9 542 463 1004 624 340 238 46 93 
18 9 542 463 1004 625 340 238 46 93 
18 9 542 463 1004 626 340 238 46 93 
18 9 542 463 1004 627 340 238 46 93 
18 9 542 463 1004 628 338 238 46 93 
18 9 542 463 1004 629 338 238 46 93 
18 9 542 463 1004 630 338 238 46 93 
18 9 542 463 1004 631 338 239 46 90 
18 9 542 463 1004 632 338 239 46 90 
18 9 542 463 1004 633 338 239 46 90 
18 9 542 463 1004 634 336 239 46 90 
18 9 542 463 1004 635 336 239 46 90 
18 9 542 463 1004 636 336 239 46 90 
18 9 542 463 1004 637 336 239 46 90 
18 9 542 463 1004 638 336 239 46 90 
18 9 542 463 1004 639 336 239 46 90 
18 9 542 463 1004 640 336 236 46 93 
18 9 542 463 1004 641 334 236 46 93 
18 9 542 463 1004 642 334 236 46 93 
18 9 542 463 1004 643 334 236 46 93 
18 9 542 463 1004 644 334 236 46 93 
18 9 542 463 1004 645 334 236 46 93 
18 9 542 463 1004 646 334 237 46 90 
18 9 542 463 1004 647 334 237 46 90 
18 9 542 463 1004 648 332 237 48 90 
18 9 542 463 1004 649 332 237 48 90 
18 9 542 463 1004 650 332 237 48 90 
18 9 542 463 1004 651 332 237 48 90 
18 9 542 463 1004 652 332 237 48 90 
18 9 542 463 1004 653 332 237 48 90 
18 9 542 463 1004 654 332 237 48 90 
18 9 542 463 1004 655 331 237 46 90 
18 9 542 463 1004 656 331 237 46 90 
18 9 542 463 1004 657 331 237 46 90 
18 9 542 463 1004 658 331 237 46 90 
18 9 542 463 1004 659 331 234 46 93 
18 9 542 463 1004 660 331 234 46 93 
18 9 542 463 1004 661 329 234 46 91 
18 9 542 463 1004 662 329 234 46 91 
18 9 542 463 1004 663 329 234 46 91 
18 9 542 463 1004 664 329 234 46 91 
18 9 542 463 1004 665 329 234 46 91 
18 9 542 463 1004 666 329 234 46 91 
18 9 542 463 1004 667 329 234 46 91 
18 9 542 463 1004 668 327 234 46 91 
18 9 542 463 1004 669 327 234 46 91 
18 9 542 463 1004 670 327 234 46 91 
18 9 542 463 1004 671 327 234 46 91 
18 9 542 463 1004 672 327 234 46 91 
18 9 542 463 1004 673 327 234 46 91 
18 9 542 463 1004 674 327 234 46 91 
18 9 542 463 1004 675 325 234 46 91 
18 9 542 463 1004 676 325 235 46 88 
18 9 542 463 1004 677 325 235 46 88 
18 9 542 463 1004 678 325 235 46 88 
18 9 542 463 1004 679 325 232 46 91 
18 9 542 463 1004 680 325 232 46 91 
18 9 542 463 1004 681 325 232 46 91 
18 9 542 463 1004 682 324 232 46 91 
18 9 542 463 1004 683 324 232 46 91 
18 9 542 463 1004 684 324 232 46 91 
18 9 542 463 1004 685 324 232 46 91 
18 9 542 463 1004 686 324 232 46 91 
18 9 542 463 1004 687 324 232 46 91 
18 9 542 463 1004 688 322 232 46 91 
18 9 542 463 1004 689 322 232 46 91 
18 9 542 463 1004 690 322 232 46 91 
18 9 542 463 1004 691 322 233 46 88 
18 9 542 463 1004 692 322 233 46 88 
18 9 542 463 1004 693 322 233 46 88 
18 9 542 463 1004 694 322 233 46 88 
18 9 542 463 1004 695 320 233 46 88 
18 9 542 463 1004 696 320 233 46 88 
18 9 542 463 1004 697 320 233 46 88 
18 9 542 463 1004 698 320 233 46 88 
18 9 542 463 1004 699 320 232 46 90 
18 9 542 463 1004 700 320 232 46 90 
18 9 542 463 1004 701 320 232 46 90 
18 9 542 463 1004 702 318 232 46 90 
18 9 542 463 1004 703 318 232 46 90 
18 9 542 463 1004 704 318 232 46 90 
18 9 542 463 1004 705 318 232 46 90 
18 9 542 463 1004 706 318 232 46 87 
18 9 542 463 1004 707 318 232 46 87 
18 9 542 463 1004 708 318 232 46 87 
18 9 542 463 1004 709 316 232 48 87 
18 9 542 463 1004 710 316 232 48 87 
18 9 542 463 1004 711 316 232 48 87 
18 9 542 463 1004 712 316 232 48 87 
18 9 542 463 1004 713 316 232 48 87 
18 9 542 463 1004 714 316 232 48 87 
18 9 542 463 1004 715 315 232 46 87 
18 9 542 463 1004 716 315 232 46 87 
18 9 542 463 1004 717 315 232 46 87 
18 9 542 463 1004 718 315 230 46 90 
18 9 542 463 1004 719 315 230 46 90 
18 9 542 463 1004 720 315 230 46 90 
18 9 542 463 1004 721 315 230 46 88 
18 9 542 463 1004 722 313 230 46 88 
18 9 542 463 1004 723 313 230 46 88 
18 9 542 463 1004 724 313 230 46 88 
18 9 542 463 1004 725 313 230 46 88 
18 9 542 463 1004 726 313 230 46 88 
18 9 542 463 1004 727 313 230 46 88 
18 9 542 463 1004 728 313 230 46 88 
18 9 542 463 1004 729 311 230 46 88 
18 9 542 463 1004 730 311 230 46 88 
18 9 542 463 1004 731 311 230 46 88 
18 9 542 463 1004 732 311 230 46 88 
18 9 542 463 1004 733 311 230 46 88 
18 9 542 463 1004 734 311 230 46 88 
18 9 542 463 1004 735 311 230 46 88 
18 9 542 463 1004 736 309 230 46 85 
18 9 542 463 1004 737 309 230 46 85 
18 9 542 463 1004 738 309 228 46 88 
18 9 542 463 1004 739 309 228 46 88 
18 9 542 463 1004 740 309 228 46 88 
18 9 542 463 1004 741 309 228 46 88 
18 9 542 463 1004 742 308 228 46 88 
18 9 542 463 1004 743 308 228 46 88 
18 9 542 463 1004 744 308 228 46 88 
18 9 542 463 1004 745 308 228 46 88 
18 9 542 463 1004 746 308 228 46 88 
18 9 542 463 1004 747 308 228 46 88 
18 9 542 463 1004 748 308 228 46 88 
18 9 542 463 1004 749 306 228 46 88 
18 9 542 463 1004 750 306 228 46 88 
18 9 542 463 1004 751 306 228 46 85 
18 9 542 463 1004 752 306 228 46 85 
18 9 542 463 1004 753 306 228 46 85 
18 9 542 463 1004 754 306 228 46 85 
18 9 542 463 1004 755 306 228 46 85 
18 9 542 463 1004 756 304 228 46 85 
18 9 542 463 1004 757 304 226 46 88 
18 9 542 463 1004 758 304 226 46 88 
18 9 542 463 1004 759 304 226 46 88 
18 9 542 463 1004 760 304 226 46 88 
18 9 542 463 1004 761 304 226 46 88 
18 9 542 463 1004 762 304 226 46 88 
18 9 542 463 1004 763 302 226 46 88 
18 9 542 463 1004 764 302 226 46 88 
18 9 542 463 1004 765 302 226 46 88 
18 9 542 463 1004 766 302 226 46 85 
18 9 542 463 1004 767 302 226 46 85 
18 9 542 463 1004 768 302 226 46 85 
18 9 542 463 1004 769 300 226 48 85 
18 9 542 463 1004 770 300 226 48 85 
18 9 542 463 1004 771 300 226 48 85 
18 9 542 463 1004 772 300 226 48 85 
18 9 542 463 1004 773 300 226 48 85 
18 9 542 463 1004 774 300 226 48 85 
18 9 542 463 1004 775 300 226 48 85 
18 9 542 463 1004 776 299 226 46 85 
18 9 542 463 1004 777 299 225 46 87 
18 9 542 463 1004 778 299 225 46 87 
18 9 542 463 1004 779 299 225 46 87 
18 9 542 463 1004 780 299 225 46 87 
18 9 542 463 1004 781 299 226 46 84 
18 9 542 463 1004 782 299 226 46 84 
18 9 542 463 1004 783 297 226 46 84 
18 9 542 463 1004 784 297 226 46 84 
18 9 542 463 1004 785 297 226 46 84 
18 9 542 463 1004 786 297 226 46 84 
18 9 542 463 1004 787 297 226 46 84 
18 9 542 463 1004 788 297 226 46 84 
18 9 542 463 1004 789 297 226 46 84 
18 9 542 463 1004 790 295 226 46 84 
18 9 542 463 1004 791 295 226 46 84 
18 9 542 463 1004 792 295 226 46 84 
18 9 542 463 1004 793 295 226 46 84 
18 9 542 463 1004 794 295 226 46 84 
18 9 542 463 1004 795 295 226 46 84 
18 9 542 463 1004 796 295 226 46 84 
18 9 542 463 1004 797 293 223 46 85 
18 9 542 463 1004 798 293 223 46 85 
18 9 542 463 1004 799 293 223 46 85 
18 9 542 463 1004 800 293 223 46 85 
18 9 542 463 1004 801 293 223 46 85 
18 9 542 463 1004 802 293 223 46 85 
18 9 542 463 1004 803 293 223 46 85 
18 9 542 463 1004 804 293 223 46 85 
18 9 542 463 1004 805 293 223 46 85 
18 9 542 463 1004 806 293 223 46 85 
18 9 542 463 1004 807 292 223 46 85 
18 9 542 463 1004 808 292 223 46 85 
18 9 542 463 1004 809 292 223 46 85 
18 9 542 463 1004 810 292 223 46 85 
18 9 542 463 1004 811 292 223 46 85 
18 9 542 463 1004 812 292 223 46 85 
18 9 542 463 1004 813 292 223 46 85 
18 9 542 463 1004 814 292 223 46 85 
18 9 542 463 1004 815 292 223 46 85 
18 9 542 463 1004 816 292 223 46 85 
18 9 542 463 1004 817 292 223 46 85 
18 9 542 463 1004 818 290 223 46 85 
18 9 542 463 1004 819 290 223 46 85 
18 9 542 463 1004 820 290 223 46 85 
18 9 542 463 1004 821 290 223 46 85 
18 9 542 463 1004 822 290 223 46 85 
18 9 542 463 1004 823 290 223 46 85 
18 9 542 463 1004 824 290 223 46 85 
18 9 542 463 1004 825 290 223 46 85 
18 9 542 463 1004 826 290 223 46 85 
18 9 542 463 1004 827 290 223 46 85 
18 9 542 463 1004 828 288 223 46 85 
18 9 542 463 1004 829 288 223 46 85 
18 9 542 463 1004 830 288 223 46 85 
18 9 542 463 1004 831 288 223 46 85 
18 9 542 463 1004 832 288 223 46 85 
18 9 542 463 1004 833 288 223 46 85 
18 9 542 463 1004 834 288 223 46 85 
18 9 542 463 1004 835 288 223 46 85 
18 9 542 463 1004 836 288 223 46 85 
18 9 542 463 1004 837 288 223 46 85 
18 9 542 463 1004 838 288 223 46 85 
18 9 542 463 1004 839 286 223 46 85 
18 9 542 463 1004 840 286 223 46 85 
18 9 542 463 1004 841 286 223 46 85 
18 9 542 463 1004 842 286 223 46 85 
18 9 542 463 1004 843 286 223 46 85 
18 9 542 463 1004 844 286 223 46 85 
18 9 542 463 1004 845 286 223 46 85 
18 9 542 463 1004 846 286 223 46 85 
18 9 542 463 1004 847 286 223 46 85 
18 9 542 463 1004 848 286 223 46 85 
18 9 542 463 1004 849 286 223 46 85 
18 9 542 463 1004 850 284 221 48 85 
18 9 542 463 1004 851 284 221 48 85 
18 9 542 463 1004 852 284 221 48 85 
18 9 542 463 1004 853 284 221 48 85 
18 9 542 463 1004 854 284 221 48 85 
18 9 542 463 1004 855 284 221 48 85 
18 9 542 463 1004 856 283 221 46 85 
18 9 542 463 1004 857 283 221 46 85 
18 9 542 463 1004 858 283 219 46 85 
18 9 542 463 1004 859 283 219 46 85 
18 9 542 463 1004 860 283 219 46 85 
18 9 542 463 1004 861 283 219 46 85 
18 9 542 463 1004 862 281 219 46 85 
18 9 542 463 1004 863 281 219 46 85 
18 9 542 463 1004 864 281 219 46 85 
18 9 542 463 1004 865 281 219 46 85 
18 9 542 463 1004 866 281 219 46 85 
18 9 542 463 1004 867 281 217 46 85 
18 9 542 463 1004 868 281 217 46 85 
18 9 542 463 1004 869 279 217 46 85 
18 9 542 463 1004 870 279 217 46 85 
18 9 542 463 1004 871 279 217 46 85 
18 9 542 463 1004 872 279 217 46 85 
18 9 542 463 1004 873 279 217 46 85 
18 9 542 463 1004 874 279 217 46 85 
18 9 542 463 1004 875 277 216 46 85 
18 9 542 463 1004 876 277 216 46 85 
18 9 542 463 1004 877 277 216 46 85 
18 9 542 463 1004 878 277 216 46 85 
18 9 542 463 1004 879 277 216 46 85 
18 9 542 463 1004 880 277 216 46 85 
18 9 542 463 1004 881 276 216 46 85 
18 9 542 463 1004 882 276 216 46 85 
18 9 542 463 1004 883 276 216 46 85 
18 9 542 463 1004 884 276 214 46 85 
18 9 542 463 1004 885 276 214 46 85 
18 9 542 463 1004 886 276 214 46 85 
18 9 542 463 1004 887 276 214 46 85 
18 9 542 463 1004 888 274 214 46 85 
18 9 542 463 1004 889 274 214 46 85 
18 9 542 463 1004 890 274 214 46 85 
18 9 542 463 1004 891 274 214 46 85 
18 9 542 463 1004 892 274 212 46 85 
18 9 542 463 1004 893 274 212 46 85 
18 9 542 463 1004 894 272 212 46 85 
18 9 542 463 1004 895 272 212 46 85 
18 9 542 463 1004 896 272 212 46 85 
18 9 542 463 1004 897 272 212 46 85 
18 9 542 463 1004 898 272 212 46 85 
18 9 542 463 1004 899 272 212 46 85 
18 9 542 463 1004 900 272 212 46 85 
18 9 542 463 1004 901 270 213 46 82 
18 9 542 463 1004 902 270 213 46 82 
18 9 542 463 1004 903 270 213 46 82 
18 9 542 463 1004 904 270 213 46 82 
18 9 542 463 1004 905 270 213 46 82 
18 9 542 463 1004 906 270 213 46 82 
18 9 542 463 1004 907 270 213 46 82 
18 9 542 463 1004 908 270 213 46 82 
18 9 542 463 1004 909 270 213 46 82 
18 9 542 463 1004 910 270 213 46 82 
18 9 542 463 1004 911 270 213 46 82 
18 9 542 463 1004 912 270 213 46 82 
18 9 542 463 1004 913 270 213 46 82 
18 9 542 463 1004 914 270 213 46 82 
18 9 542 463 1004 915 270 213 46 82 
18 9 542 463 1004 916 270 213 46 82 
18 9 542 463 1004 917 270 213 46 82 
18 9 542 463 1004 918 271 213 44 79 
18 9 542 463 1004 919 271 213 44 79 
18 9 542 463 1004 920 271 213 44 79 
18 9 542 463 1004 921 271 213 44 79 
18 9 542 463 1004 922 271 213 44 79 
18 9 542 463 1004 923 271 213 44 79 
18 9 542 463 1004 924 271 213 44 79 
18 9 542 463 1004 925 271 213 44 79 
18 9 542 463 1004 926 271 213 44 79 
18 9 542 463 1004 927 271 213 44 79 
18 9 542 463 1004 928 271 213 44 79 
18 9 542 463 1004 929 271 213 44 79 
18 9 542 463 1004 930 271 213 44 79 
18 9 542 463 1004 931 271 213 44 79 
18 9 542 463 1004 932 271 213 44 79 
18 9 542 463 1004 933 271 213 44 79 
18 9 542 463 1004 934 271 216 44 76 
18 9 542 463 1004 935 269 216 44 76 
18 9 542 463 1004 936 269 216 44 76 
18 9 542 463 1004 937 269 216 44 76 
18 9 542 463 1004 938 269 216 44 76 
18 9 542 463 1004 939 269 216 44 76 
18 9 542 463 1004 940 269 216 44 76 
18 9 542 463 1004 941 269 216 44 76 
18 9 542 463 1004 942 268 216 42 76 
18 9 542 463 1004 943 268 216 42 76 
18 9 542 463 1004 944 268 216 42 76 
18 9 542 463 1004 945 268 216 42 76 
18 9 542 463 1004 946 268 216 42 76 
18 9 542 463 1004 947 268 216 42 76 
18 9 542 463 1004 948 268 216 42 76 
18 9 542 463 1004 949 266 216 42 76 
18 9 542 463 1004 950 266 216 42 76 
18 9 542 463 1004 951 266 216 42 76 
18 9 542 463 1004 952 266 216 42 76 
18 9 542 463 1004 953 266 216 42 76 
18 9 542 463 1004 954 266 216 42 76 
18 9 542 463 1004 955 266 216 42 76 
18 9 542 463 1004 956 264 216 42 75 
18 9 542 463 1004 957 264 216 42 75 
18 9 542 463 1004 958 264 216 42 75 
18 9 542 463 1004 959 264 216 42 75 
18 9 542 463 1004 960 264 216 42 75 
18 9 542 463 1004 961 261 216 46 75 
18 9 542 463 1004 962 261 216 46 75 
18 9 542 463 1004 963 262 217 44 72 
18 9 542 463 1004 964 262 217 44 72 
18 9 542 463 1004 965 262 217 44 72 
18 9 542 463 1004 966 260 217 46 72 
18 9 542 463 1004 967 260 217 46 72 
18 9 542 463 1004 968 260 217 46 72 
18 9 542 463 1004 969 260 217 46 72 
18 9 542 463 1004 970 260 217 46 72 
18 9 542 463 1004 971 258 215 46 72 
18 9 542 463 1004 972 258 215 46 72 
18 9 542 463 1004 973 258 215 46 72 
18 9 542 463 1004 974 258 215 46 72 
18 9 542 463 1004 975 258 215 46 72 
18 9 542 463 1004 976 258 215 46 72 
18 9 542 463 1004 977 258 215 46 72 
18 9 542 463 1004 978 256 215 46 72 
18 9 542 463 1004 979 256 215 46 72 
18 9 542 463 1004 980 256 215 46 72 
18 9 542 463 1004 981 256 215 46 72 
18 9 542 463 1004 982 256 215 46 72 
18 9 542 463 1004 983 256 215 46 72 
18 9 542 463 1004 984 256 215 46 72 
18 9 542 463 1004 985 254 213 46 72 
18 9 542 463 1004 986 254 213 46 72 
18 9 542 463 1004 987 254 213 46 72 
18 9 542 463 1004 988 254 213 46 72 
18 9 542 463 1004 989 254 213 46 72 
18 9 542 463 1004 990 254 213 46 72 
18 9 542 463 1004 991 254 213 46 72 
18 9 542 463 1004 992 252 213 48 72 
18 9 542 463 1004 993 252 213 48 72 
18 9 542 463 1004 994 252 213 48 72 
18 9 542 463 1004 995 252 213 48 72 
18 9 542 463 1004 996 252 213 48 72 
18 9 542 463 1004 997 252 213 48 72 
18 9 542 463 1004 998 252 213 48 72 
18 9 542 463 1004 999 251 213 46 70 
18 9 542 463 1004 1000 251 213 46 70 
18 9 542 463 1004 1001 251 213 46 70 
18 9 542 463 1004 1002 251 213 46 70 
18 9 542 463 1004 1003 251 213 46 70 
18 9 542 463 1004 1004 251 213 46 70 
19 9 242 622 863 622 1 270 64 96 
19 9 242 622 863 623 3 270 64 96 
19 9 242 622 863 624 7 268 64 96 
19 9 242 622 863 625 8 268 64 96 
19 9 242 622 863 626 10 266 64 96 
19 9 242 622 863 627 12 266 64 96 
19 9 242 622 863 628 16 264 64 96 
19 9 242 622 863 629 17 264 64 96 
19 9 242 622 863 630 19 264 64 96 
19 9 242 622 863 631 21 263 64 96 
19 9 242 622 863 632 23 263 64 96 
19 9 242 622 863 633 26 261 64 96 
19 9 242 622 863 634 28 261 64 96 
19 9 242 622 863 635 30 259 64 96 
19 9 242 622 863 636 32 259 64 96 
19 9 242 622 863 637 35 259 64 96 
19 9 242 622 863 638 37 257 64 96 
19 9 242 622 863 639 39 257 64 96 
19 9 242 622 863 640 40 257 64 96 
19 9 242 622 863 641 44 257 64 96 
19 9 242 622 863 642 46 257 64 96 
19 9 242 622 863 643 48 257 64 96 
19 9 242 622 863 644 49 257 64 96 
19 9 242 622 863 645 53 257 64 96 
19 9 242 622 863 646 55 257 64 96 
19 9 242 622 863 647 56 257 64 96 
19 9 242 622 863 648 58 257 64 96 
19 9 242 622 863 649 62 257 64 96 
19 9 242 622 863 650 64 257 64 96 
19 9 242 622 863 651 65 257 64 96 
19 9 242 622 863 652 67 257 64 96 
19 9 242 622 863 653 71 257 64 96 
19 9 242 622 863 654 72 257 64 96 
19 9 242 622 863 655 74 257 64 96 
19 9 242 622 863 656 76 257 64 96 
19 9 242 622 863 657 80 256 64 96 
19 9 242 622 863 658 81 256 64 96 
19 9 242 622 863 659 83 256 64 96 
19 9 242 622 863 660 85 256 64 96 
19 9 242 622 863 661 88 256 64 96 
19 9 242 622 863 662 90 256 64 96 
19 9 242 622 863 663 92 256 64 96 
19 9 242 622 863 664 94 256 64 96 
19 9 242 622 863 665 97 256 64 96 
19 9 242 622 863 666 99 256 64 96 
19 9 242 622 863 667 101 256 64 96 
19 9 242 622 863 668 103 256 64 96 
19 9 242 622 863 669 106 256 64 96 
19 9 242 622 863 670 108 256 64 96 
19 9 242 622 863 671 110 256 64 96 
19 9 242 622 863 672 112 256 64 96 
19 9 242 622 863 673 115 256 64 96 
19 9 242 622 863 674 117 256 64 96 
19 9 242 622 863 675 119 256 64 96 
19 9 242 622 863 676 122 256 64 96 
19 9 242 622 863 677 124 256 64 96 
19 9 242 622 863 678 126 256 64 96 
19 9 242 622 863 679 128 256 64 96 
19 9 242 622 863 680 129 256 64 96 
19 9 242 622 863 681 131 256 64 96 
19 9 242 622 863 682 135 256 64 96 
19 9 242 622 863 683 136 256 64 96 
19 9 242 622 863 684 138 256 64 96 
19 9 242 622 863 685 140 256 64 96 
19 9 242 622 863 686 142 256 64 96 
19 9 242 622 863 687 145 257 64 96 
19 9 242 622 863 688 147 257 64 96 
19 9 242 622 863 689 149 257 64 96 
19 9 242 622 863 690 151 257 64 96 
19 9 242 622 863 691 152 257 64 96 
19 9 242 622 863 692 154 257 64 96 
19 9 242 622 863 693 158 257 64 96 
19 9 242 622 863 694 160 257 64 96 
19 9 242 622 863 695 161 257 64 96 
19 9 242 622 863 696 163 257 64 96 
19 9 242 622 863 697 165 257 64 96 
19 9 242 622 863 698 168 259 64 96 
19 9 242 622 863 699 170 257 64 96 
19 9 242 622 863 700 172 257 64 96 
19 9 242 622 863 701 174 257 64 96 
19 9 242 622 863 702 176 257 64 96 
19 9 242 622 863 703 177 257 64 96 
19 9 242 622 863 704 181 257 64 96 
19 9 242 622 863 705 183 257 64 96 
19 9 242 622 863 706 184 257 64 96 
19 9 242 622 863 707 186 257 64 96 
19 9 242 622 863 708 188 257 64 96 
19 9 242 622 863 709 192 257 64 96 
19 9 242 622 863 710 193 257 64 96 
19 9 242 622 863 711 195 256 64 96 
19 9 242 622 863 712 197 256 64 96 
19 9 242 622 863 713 199 256 64 96 
19 9 242 622 863 714 200 256 64 96 
19 9 242 622 863 715 204 256 64 96 
19 9 242 622 863 716 206 256 64 96 
19 9 242 622 863 717 208 256 64 96 
19 9 242 622 863 718 209 256 64 96 
19 9 242 622 863 719 211 256 64 96 
19 9 242 622 863 720 215 256 64 96 
19 9 242 622 863 721 216 256 64 96 
19 9 242 622 863 722 218 256 64 96 
19 9 242 622 863 723 220 254 64 96 
19 9 242 622 863 724 222 254 64 96 
19 9 242 622 863 725 224 254 64 96 
19 9 242 622 863 726 227 254 64 96 
19 9 242 622 863 727 229 254 64 96 
19 9 242 622 863 728 231 254 64 96 
19 9 242 622 863 729 232 254 64 96 
19 9 242 622 863 730 234 254 64 96 
19 9 242 622 863 731 238 254 64 96 
19 9 242 622 863 732 240 254 64 96 
19 9 242 622 863 733 241 254 64 96 
19 9 242 622 863 734 243 254 64 96 
19 9 242 622 863 735 245 252 64 96 
19 9 242 622 863 736 247 252 64 96 
19 9 242 622 863 737 250 252 64 96 
19 9 242 622 863 738 252 252 64 96 
19 9 242 622 863 739 254 252 64 96 
19 9 242 622 863 740 256 252 64 96 
19 9 242 622 863 741 257 252 64 96 
19 9 242 622 863 742 261 252 64 96 
19 9 242 622 863 743 263 252 64 96 
19 9 242 622 863 744 264 252 64 96 
19 9 242 622 863 745 266 252 64 96 
19 9 242 622 863 746 268 252 64 96 
19 9 242 622 863 747 272 252 64 96 
19 9 242 622 863 748 273 252 64 96 
19 9 242 622 863 749 275 252 64 96 
19 9 242 622 863 750 277 252 64 96 
19 9 242 622 863 751 279 252 64 96 
19 9 242 622 863 752 280 252 64 96 
19 9 242 622 863 753 282 252 64 96 
19 9 242 622 863 754 284 252 64 96 
19 9 242 622 863 755 286 252 64 96 
19 9 242 622 863 756 288 252 64 96 
19 9 242 622 863 757 289 252 64 96 
19 9 242 622 863 758 291 252 64 96 
19 9 242 622 863 759 293 252 64 96 
19 9 242 622 863 760 295 252 64 96 
19 9 242 622 863 761 296 252 64 96 
19 9 242 622 863 762 298 252 64 96 
19 9 242 622 863 763 300 252 64 96 
19 9 242 622 863 764 302 252 64 96 
19 9 242 622 863 765 304 252 64 96 
19 9 242 622 863 766 305 252 64 96 
19 9 242 622 863 767 307 252 64 96 
19 9 242 622 863 768 309 252 64 96 
19 9 242 622 863 769 311 252 64 96 
19 9 242 622 863 770 312 252 64 96 
19 9 242 622 863 771 314 252 64 96 
19 9 242 622 863 772 316 252 64 96 
19 9 242 622 863 773 318 252 64 96 
19 9 242 622 863 774 320 252 64 96 
19 9 242 622 863 775 321 252 64 96 
19 9 242 622 863 776 323 252 64 96 
19 9 242 622 863 777 325 252 64 96 
19 9 242 622 863 778 327 252 64 96 
19 9 242 622 863 779 328 252 64 96 
19 9 242 622 863 780 330 252 64 96 
19 9 242 622 863 781 334 254 64 96 
19 9 242 622 863 782 336 254 64 96 
19 9 242 622 863 783 337 254 64 96 
19 9 242 622 863 784 339 254 64 96 
19 9 242 622 863 785 341 254 64 96 
19 9 242 622 863 786 343 254 64 96 
19 9 242 622 863 787 344 254 64 96 
19 9 242 622 863 788 346 254 64 96 
19 9 242 622 863 789 348 254 64 96 
19 9 242 622 863 790 350 254 64 96 
19 9 242 622 863 791 352 254 64 96 
19 9 242 622 863 792 353 254 64 96 
19 9 242 622 863 793 357 254 64 96 
19 9 242 622 863 794 359 254 64 96 
19 9 242 622 863 795 360 254 64 96 
19 9 242 622 863 796 362 254 64 96 
19 9 242 622 863 797 364 254 64 96 
19 9 242 622 863 798 366 254 64 96 
19 9 242 622 863 799 368 254 64 96 
19 9 242 622 863 800 369 254 64 96 
19 9 242 622 863 801 371 254 64 96 
19 9 242 622 863 802 373 254 64 96 
19 9 242 622 863 803 375 254 64 96 
19 9 242 622 863 804 376 254 64 96 
19 9 242 622 863 805 380 254 64 96 
19 9 242 622 863 806 382 254 64 96 
19 9 242 622 863 807 384 254 64 96 
19 9 242 622 863 808 385 254 64 96 
19 9 242 622 863 809 387 254 64 96 
19 9 242 622 863 810 389 254 64 96 
19 9 242 622 863 811 391 254 64 96 
19 9 242 622 863 812 392 254 64 96 
19 9 242 622 863 813 394 254 64 96 
19 9 242 622 863 814 396 254 64 96 
19 9 242 622 863 815 398 254 64 96 
19 9 242 622 863 816 400 254 64 96 
19 9 242 622 863 817 403 256 64 96 
19 9 242 622 863 818 403 254 64 96 
19 9 242 622 863 819 405 254 64 96 
19 9 242 622 863 820 407 254 64 96 
19 9 242 622 863 821 408 252 64 96 
19 9 242 622 863 822 410 252 64 96 
19 9 242 622 863 823 412 252 64 96 
19 9 242 622 863 824 414 252 64 96 
19 9 242 622 863 825 416 250 64 96 
19 9 242 622 863 826 417 250 64 96 
19 9 242 622 863 827 419 250 64 96 
19 9 242 622 863 828 421 248 64 96 
19 9 242 622 863 829 423 248 64 96 
19 9 242 622 863 830 424 248 64 96 
19 9 242 622 863 831 426 248 64 96 
19 9 242 622 863 832 428 247 64 96 
19 9 242 622 863 833 430 247 64 96 
19 9 242 622 863 834 432 247 64 96 
19 9 242 622 863 835 433 247 64 96 
19 9 242 622 863 836 435 245 64 96 
19 9 242 622 863 837 437 245 64 96 
19 9 242 622 863 838 439 245 64 96 
19 9 242 622 863 839 440 243 64 96 
19 9 242 622 863 840 442 243 64 96 
19 9 242 622 863 841 444 243 64 96 
19 9 242 622 863 842 446 243 64 96 
19 9 242 622 863 843 448 241 64 96 
19 9 242 622 863 844 449 241 64 96 
19 9 242 622 863 845 451 241 64 96 
19 9 242 622 863 846 453 241 64 96 
19 9 242 622 863 847 455 241 64 96 
19 9 242 622 863 848 456 241 64 96 
19 9 242 622 863 849 458 241 64 96 
19 9 242 622 863 850 462 241 64 96 
19 9 242 622 863 851 464 241 64 96 
19 9 242 622 863 852 465 241 64 96 
19 9 242 622 863 853 467 241 64 96 
19 9 242 622 863 854 471 241 64 96 
19 9 242 622 863 855 472 241 64 96 
19 9 242 622 863 856 474 241 64 96 
19 9 242 622 863 859 483 245 64 96 
19 9 242 622 863 860 476 243 64 96 
19 9 242 622 863 861 471 243 64 96 
19 9 242 622 863 862 464 241 64 96 
19 9 242 622 863 863 458 241 64 96 
