4 9 716 0 715 0 467 293 64 138 
4 9 716 0 715 1 465 290 64 139 
4 9 716 0 715 2 465 290 64 139 
4 9 716 0 715 3 464 290 64 139 
4 9 716 0 715 4 464 291 64 136 
4 9 716 0 715 5 462 291 64 136 
4 9 716 0 715 6 462 291 64 136 
4 9 716 0 715 7 460 291 64 136 
4 9 716 0 715 8 460 289 64 136 
4 9 716 0 715 9 458 289 64 136 
4 9 716 0 715 10 458 289 64 136 
4 9 716 0 715 11 458 289 64 136 
4 9 716 0 715 12 456 289 64 133 
4 9 716 0 715 13 456 289 64 133 
4 9 716 0 715 14 455 289 64 133 
4 9 716 0 715 15 455 289 64 133 
4 9 716 0 715 16 453 288 64 133 
4 9 716 0 715 17 453 288 64 133 
4 9 716 0 715 18 451 288 64 133 
4 9 716 0 715 19 451 288 64 133 
4 9 716 0 715 20 451 289 64 130 
4 9 716 0 715 21 449 289 64 130 
4 9 716 0 715 22 449 289 64 130 
4 9 716 0 715 23 448 289 64 130 
4 9 716 0 715 24 448 287 64 130 
4 9 716 0 715 25 446 287 64 130 
4 9 716 0 715 26 446 287 64 130 
4 9 716 0 715 27 444 287 64 130 
4 9 716 0 715 28 444 287 64 127 
4 9 716 0 715 29 444 287 64 127 
4 9 716 0 715 30 442 287 64 127 
4 9 716 0 715 31 442 287 64 127 
4 9 716 0 715 32 440 285 64 127 
4 9 716 0 715 33 440 285 64 127 
4 9 716 0 715 34 439 285 64 127 
4 9 716 0 715 35 439 285 64 127 
4 9 716 0 715 36 437 286 64 126 
4 9 716 0 715 37 437 286 64 126 
4 9 716 0 715 38 435 286 64 126 
4 9 716 0 715 39 435 286 64 126 
4 9 716 0 715 40 435 284 64 126 
4 9 716 0 715 41 433 284 64 126 
4 9 716 0 715 42 433 284 64 126 
4 9 716 0 715 43 432 284 64 126 
4 9 716 0 715 44 432 284 64 123 
4 9 716 0 715 45 430 284 64 123 
4 9 716 0 715 46 430 284 64 123 
4 9 716 0 715 47 428 284 64 123 
4 9 716 0 715 48 428 283 64 121 
4 9 716 0 715 49 428 283 64 121 
4 9 716 0 715 50 426 283 64 121 
4 9 716 0 715 51 426 283 64 121 
4 9 716 0 715 52 424 284 64 120 
4 9 716 0 715 53 424 284 64 120 
4 9 716 0 715 54 423 284 64 120 
4 9 716 0 715 55 423 284 64 120 
4 9 716 0 715 56 421 282 64 120 
4 9 716 0 715 57 421 282 64 120 
4 9 716 0 715 58 421 282 64 120 
4 9 716 0 715 59 419 282 64 120 
4 9 716 0 715 60 419 282 64 117 
4 9 716 0 715 61 417 282 64 117 
4 9 716 0 715 62 417 282 64 117 
4 9 716 0 715 63 416 282 64 117 
4 9 716 0 715 64 416 280 64 117 
4 9 716 0 715 65 414 280 64 117 
4 9 716 0 715 66 414 280 64 117 
4 9 716 0 715 67 412 280 64 117 
4 9 716 0 715 68 412 281 64 114 
4 9 716 0 715 69 412 281 64 114 
4 9 716 0 715 70 410 281 64 114 
4 9 716 0 715 71 410 281 64 114 
4 9 716 0 715 72 408 278 64 115 
4 9 716 0 715 73 408 278 64 115 
4 9 716 0 715 74 407 278 64 115 
4 9 716 0 715 75 407 278 64 115 
4 9 716 0 715 76 405 279 64 112 
4 9 716 0 715 77 405 279 64 112 
4 9 716 0 715 78 405 279 64 112 
4 9 716 0 715 79 403 279 64 112 
4 9 716 0 715 80 403 277 64 112 
4 9 716 0 715 81 401 277 64 112 
4 9 716 0 715 82 401 277 64 112 
4 9 716 0 715 83 400 277 64 112 
4 9 716 0 715 84 400 277 64 109 
4 9 716 0 715 85 398 277 64 109 
4 9 716 0 715 86 398 277 64 109 
4 9 716 0 715 87 398 277 64 109 
4 9 716 0 715 88 396 276 64 109 
4 9 716 0 715 89 396 276 64 109 
4 9 716 0 715 90 394 276 64 109 
4 9 716 0 715 91 394 276 64 109 
4 9 716 0 715 92 392 276 64 109 
4 9 716 0 715 93 392 276 64 109 
4 9 716 0 715 94 392 277 64 106 
4 9 716 0 715 95 391 277 64 106 
4 9 716 0 715 96 391 274 64 109 
4 9 716 0 715 97 389 274 64 109 
4 9 716 0 715 98 389 274 64 109 
4 9 716 0 715 99 387 274 64 109 
4 9 716 0 715 100 387 274 64 109 
4 9 716 0 715 101 387 275 64 106 
4 9 716 0 715 102 385 275 64 106 
4 9 716 0 715 103 385 275 64 106 
4 9 716 0 715 104 384 275 64 106 
4 9 716 0 715 105 384 272 64 109 
4 9 716 0 715 106 382 272 64 109 
4 9 716 0 715 107 382 273 64 106 
4 9 716 0 715 108 382 273 64 106 
4 9 716 0 715 109 380 273 64 106 
4 9 716 0 715 110 380 273 64 106 
4 9 716 0 715 111 378 273 64 106 
4 9 716 0 715 112 378 273 64 106 
4 9 716 0 715 113 378 273 64 106 
4 9 716 0 715 114 376 271 64 106 
4 9 716 0 715 115 376 271 64 106 
4 9 716 0 715 116 376 271 64 106 
4 9 716 0 715 117 376 271 64 106 
4 9 716 0 715 118 376 271 64 106 
4 9 716 0 715 119 375 271 64 106 
4 9 716 0 715 120 375 271 64 106 
4 9 716 0 715 121 375 271 64 106 
4 9 716 0 715 122 375 271 64 106 
4 9 716 0 715 123 375 271 64 106 
4 9 716 0 715 124 375 271 64 106 
4 9 716 0 715 125 373 271 64 106 
4 9 716 0 715 126 373 270 64 106 
4 9 716 0 715 127 373 270 64 106 
4 9 716 0 715 128 373 270 64 106 
4 9 716 0 715 129 373 270 64 106 
4 9 716 0 715 130 371 270 64 106 
4 9 716 0 715 131 371 270 64 106 
4 9 716 0 715 132 371 270 64 106 
4 9 716 0 715 133 371 270 64 106 
4 9 716 0 715 134 371 270 64 106 
4 9 716 0 715 135 371 270 64 106 
4 9 716 0 715 136 369 270 64 106 
4 9 716 0 715 137 369 270 64 106 
4 9 716 0 715 138 369 270 64 106 
4 9 716 0 715 139 369 268 64 106 
4 9 716 0 715 140 369 268 64 106 
4 9 716 0 715 141 368 268 64 106 
4 9 716 0 715 142 368 268 64 106 
4 9 716 0 715 143 368 268 64 106 
4 9 716 0 715 144 368 268 64 106 
4 9 716 0 715 145 368 268 64 106 
4 9 716 0 715 146 368 268 64 106 
4 9 716 0 715 147 366 268 64 106 
4 9 716 0 715 148 366 268 64 106 
4 9 716 0 715 149 366 268 64 106 
4 9 716 0 715 150 366 268 64 106 
4 9 716 0 715 151 366 266 64 106 
4 9 716 0 715 152 364 266 64 106 
4 9 716 0 715 153 364 266 64 106 
4 9 716 0 715 154 364 266 64 106 
4 9 716 0 715 155 364 266 64 106 
4 9 716 0 715 156 364 266 64 106 
4 9 716 0 715 157 364 266 64 106 
4 9 716 0 715 158 362 266 64 106 
4 9 716 0 715 159 362 266 64 106 
4 9 716 0 715 160 362 266 64 106 
4 9 716 0 715 161 362 266 64 106 
4 9 716 0 715 162 362 266 64 106 
4 9 716 0 715 163 360 266 64 106 
4 9 716 0 715 164 360 264 64 106 
4 9 716 0 715 165 360 264 64 106 
4 9 716 0 715 166 360 264 64 106 
4 9 716 0 715 167 360 264 64 106 
4 9 716 0 715 168 360 264 64 106 
4 9 716 0 715 169 359 264 64 106 
4 9 716 0 715 170 359 264 64 106 
4 9 716 0 715 171 359 264 64 106 
4 9 716 0 715 172 359 264 64 106 
4 9 716 0 715 173 359 264 64 106 
4 9 716 0 715 174 357 264 64 106 
4 9 716 0 715 175 357 264 64 106 
4 9 716 0 715 176 357 262 64 108 
4 9 716 0 715 177 357 262 64 108 
4 9 716 0 715 178 357 262 64 108 
4 9 716 0 715 179 357 262 64 108 
4 9 716 0 715 180 355 262 64 108 
4 9 716 0 715 181 355 262 64 108 
4 9 716 0 715 182 355 262 64 108 
4 9 716 0 715 183 355 262 64 108 
4 9 716 0 715 184 355 262 64 108 
4 9 716 0 715 185 353 262 64 108 
4 9 716 0 715 186 353 262 64 108 
4 9 716 0 715 187 353 262 64 108 
4 9 716 0 715 188 353 262 64 108 
4 9 716 0 715 189 353 261 64 106 
4 9 716 0 715 190 353 261 64 106 
4 9 716 0 715 191 352 261 64 106 
4 9 716 0 715 192 352 261 64 106 
4 9 716 0 715 193 352 261 64 106 
4 9 716 0 715 194 352 261 64 106 
4 9 716 0 715 195 352 261 64 106 
4 9 716 0 715 196 350 261 64 106 
4 9 716 0 715 197 350 261 64 106 
4 9 716 0 715 198 350 261 64 106 
4 9 716 0 715 199 350 261 64 106 
4 9 716 0 715 200 350 261 64 106 
4 9 716 0 715 201 350 261 64 106 
4 9 716 0 715 202 348 259 64 106 
4 9 716 0 715 203 348 259 64 106 
4 9 716 0 715 204 348 259 64 106 
4 9 716 0 715 205 348 259 64 106 
4 9 716 0 715 206 348 259 64 106 
4 9 716 0 715 207 346 259 64 106 
4 9 716 0 715 208 346 259 64 106 
4 9 716 0 715 209 346 259 64 106 
4 9 716 0 715 210 346 259 64 103 
4 9 716 0 715 211 346 259 64 103 
4 9 716 0 715 212 347 259 60 103 
4 9 716 0 715 213 344 259 64 103 
4 9 716 0 715 214 344 259 64 103 
4 9 716 0 715 215 344 259 64 103 
4 9 716 0 715 216 344 259 64 103 
4 9 716 0 715 217 344 259 62 103 
4 9 716 0 715 218 344 260 62 100 
4 9 716 0 715 219 343 260 64 100 
4 9 716 0 715 220 343 260 64 100 
4 9 716 0 715 221 343 260 64 100 
4 9 716 0 715 222 344 260 60 100 
4 9 716 0 715 223 344 260 60 100 
4 9 716 0 715 224 341 257 64 103 
4 9 716 0 715 225 341 257 64 103 
4 9 716 0 715 226 341 258 64 102 
4 9 716 0 715 227 342 258 60 102 
4 9 716 0 715 228 342 258 60 102 
4 9 716 0 715 229 342 258 60 102 
4 9 716 0 715 230 339 258 64 102 
4 9 716 0 715 231 339 258 64 102 
4 9 716 0 715 232 340 258 60 102 
4 9 716 0 715 233 340 258 60 102 
4 9 716 0 715 234 340 258 60 102 
4 9 716 0 715 235 340 258 60 99 
4 9 716 0 715 236 337 258 64 99 
4 9 716 0 715 237 337 258 62 99 
4 9 716 0 715 238 337 258 62 99 
4 9 716 0 715 239 337 258 62 99 
4 9 716 0 715 240 337 258 62 99 
4 9 716 0 715 241 336 258 64 99 
4 9 716 0 715 242 337 258 60 99 
4 9 716 0 715 243 337 259 60 96 
4 9 716 0 715 244 337 259 60 96 
4 9 716 0 715 245 337 259 60 96 
4 9 716 0 715 246 337 259 60 96 
4 9 716 0 715 247 335 256 60 99 
4 9 716 0 715 248 335 256 60 99 
4 9 716 0 715 249 335 256 60 99 
4 9 716 0 715 250 335 256 60 99 
4 9 716 0 715 251 335 257 60 96 
4 9 716 0 715 252 336 257 56 96 
4 9 716 0 715 253 333 257 60 96 
4 9 716 0 715 254 333 257 60 96 
4 9 716 0 715 255 333 257 60 96 
4 9 716 0 715 256 333 257 60 96 
4 9 716 0 715 257 334 257 56 96 
4 9 716 0 715 258 331 257 60 96 
4 9 716 0 715 259 331 257 60 94 
4 9 716 0 715 260 331 257 60 94 
4 9 716 0 715 261 331 257 60 94 
4 9 716 0 715 262 331 257 58 94 
4 9 716 0 715 263 331 257 58 94 
4 9 716 0 715 264 328 257 62 94 
4 9 716 0 715 265 328 257 62 94 
4 9 716 0 715 266 328 257 62 94 
4 9 716 0 715 267 329 257 58 94 
4 9 716 0 715 268 329 257 58 91 
4 9 716 0 715 269 329 257 58 91 
4 9 716 0 715 270 328 256 60 93 
4 9 716 0 715 271 328 256 60 93 
4 9 716 0 715 272 329 256 56 93 
4 9 716 0 715 273 329 256 56 93 
4 9 716 0 715 274 329 256 56 93 
4 9 716 0 715 275 326 256 60 93 
4 9 716 0 715 276 326 257 60 90 
4 9 716 0 715 277 327 257 56 90 
4 9 716 0 715 278 327 257 56 90 
4 9 716 0 715 279 327 257 56 90 
4 9 716 0 715 280 327 257 56 90 
4 9 716 0 715 281 324 257 60 90 
4 9 716 0 715 282 324 257 58 90 
4 9 716 0 715 283 324 257 58 90 
4 9 716 0 715 284 324 257 58 87 
4 9 716 0 715 285 324 257 58 87 
4 9 716 0 715 286 324 257 58 87 
4 9 716 0 715 287 322 257 58 87 
4 9 716 0 715 288 322 257 58 87 
4 9 716 0 715 289 322 257 58 87 
4 9 716 0 715 290 322 257 58 87 
4 9 716 0 715 291 322 257 58 87 
4 9 716 0 715 292 322 257 58 87 
4 9 716 0 715 293 322 255 56 87 
4 9 716 0 715 294 322 255 56 87 
4 9 716 0 715 295 322 255 56 87 
4 9 716 0 715 296 322 255 56 87 
4 9 716 0 715 297 320 253 56 88 
4 9 716 0 715 298 320 253 56 88 
4 9 716 0 715 299 320 253 56 88 
4 9 716 0 715 300 320 253 56 88 
4 9 716 0 715 301 318 251 56 88 
4 9 716 0 715 302 318 251 56 88 
4 9 716 0 715 303 318 251 56 88 
4 9 716 0 715 304 318 251 56 88 
4 9 716 0 715 305 318 251 54 88 
4 9 716 0 715 306 315 251 58 88 
4 9 716 0 715 307 315 251 58 88 
4 9 716 0 715 308 315 251 58 88 
4 9 716 0 715 309 315 251 58 88 
4 9 716 0 715 310 316 251 54 88 
4 9 716 0 715 311 313 251 58 88 
4 9 716 0 715 312 313 251 58 85 
4 9 716 0 715 313 313 251 58 85 
4 9 716 0 715 314 314 251 54 85 
4 9 716 0 715 315 314 251 54 85 
4 9 716 0 715 316 313 249 56 88 
4 9 716 0 715 317 313 249 56 88 
4 9 716 0 715 318 313 249 56 88 
4 9 716 0 715 319 314 249 52 88 
4 9 716 0 715 320 314 249 52 88 
4 9 716 0 715 321 311 249 56 88 
4 9 716 0 715 322 311 249 56 88 
4 9 716 0 715 323 311 249 54 85 
4 9 716 0 715 324 311 249 54 85 
4 9 716 0 715 325 311 249 54 85 
4 9 716 0 715 326 311 249 54 85 
4 9 716 0 715 327 308 249 58 85 
4 9 716 0 715 328 309 249 54 85 
4 9 716 0 715 329 309 249 54 85 
4 9 716 0 715 330 309 249 54 85 
4 9 716 0 715 331 309 249 54 85 
4 9 716 0 715 332 306 248 58 87 
4 9 716 0 715 333 307 248 54 87 
4 9 716 0 715 334 307 248 54 85 
4 9 716 0 715 335 307 248 54 85 
4 9 716 0 715 336 307 248 54 85 
4 9 716 0 715 337 307 248 52 85 
4 9 716 0 715 338 307 248 52 85 
4 9 716 0 715 339 307 248 52 85 
4 9 716 0 715 340 307 248 52 85 
4 9 716 0 715 341 307 248 52 85 
4 9 716 0 715 342 305 248 52 85 
4 9 716 0 715 343 305 248 52 85 
4 9 716 0 715 344 305 248 52 85 
4 9 716 0 715 345 305 249 52 82 
4 9 716 0 715 346 305 249 50 82 
4 9 716 0 715 347 305 249 50 82 
4 9 716 0 715 348 302 246 54 85 
4 9 716 0 715 349 302 246 54 85 
4 9 716 0 715 350 302 246 54 85 
4 9 716 0 715 351 303 246 50 85 
4 9 716 0 715 352 303 246 50 85 
4 9 716 0 715 353 300 246 54 85 
4 9 716 0 715 354 300 246 54 85 
4 9 716 0 715 355 300 246 54 85 
4 9 716 0 715 356 301 247 50 82 
4 9 716 0 715 357 301 247 50 82 
4 9 716 0 715 358 298 247 54 82 
4 9 716 0 715 359 298 247 54 82 
4 9 716 0 715 360 299 247 50 82 
4 9 716 0 715 361 299 247 50 82 
4 9 716 0 715 362 299 247 50 82 
4 9 716 0 715 363 298 244 52 85 
4 9 716 0 715 364 298 244 52 85 
4 9 716 0 715 365 298 244 50 85 
4 9 716 0 715 366 298 244 50 85 
4 9 716 0 715 367 298 245 50 82 
4 9 716 0 715 368 298 245 50 82 
4 9 716 0 715 369 296 245 50 82 
4 9 716 0 715 370 296 245 50 82 
4 9 716 0 715 371 296 245 50 82 
4 9 716 0 715 372 296 245 50 82 
4 9 716 0 715 373 296 245 50 82 
4 9 716 0 715 374 294 245 50 82 
4 9 716 0 715 375 294 245 50 82 
4 9 716 0 715 376 294 245 50 82 
4 9 716 0 715 377 294 245 50 82 
4 9 716 0 715 378 295 245 46 79 
4 9 716 0 715 379 292 243 50 82 
4 9 716 0 715 380 292 243 50 82 
4 9 716 0 715 381 292 243 50 82 
4 9 716 0 715 382 292 243 50 82 
4 9 716 0 715 383 293 243 46 82 
4 9 716 0 715 384 292 243 48 82 
4 9 716 0 715 385 292 243 48 82 
4 9 716 0 715 386 292 243 48 82 
4 9 716 0 715 387 292 243 48 82 
4 9 716 0 715 388 292 243 46 82 
4 9 716 0 715 389 292 243 46 81 
4 9 716 0 715 390 289 243 50 81 
4 9 716 0 715 391 289 243 50 81 
4 9 716 0 715 392 290 243 46 81 
4 9 716 0 715 393 290 243 46 81 
4 9 716 0 715 394 290 243 46 81 
4 9 716 0 715 395 287 242 50 82 
4 9 716 0 715 396 287 242 50 82 
4 9 716 0 715 397 288 242 46 82 
4 9 716 0 715 398 288 242 46 82 
4 9 716 0 715 399 288 242 46 82 
4 9 716 0 715 400 285 242 50 79 
4 9 716 0 715 401 286 242 46 79 
4 9 716 0 715 402 286 242 46 79 
4 9 716 0 715 403 286 242 46 79 
4 9 716 0 715 404 286 242 46 79 
4 9 716 0 715 405 283 242 50 79 
4 9 716 0 715 406 284 242 48 79 
4 9 716 0 715 407 284 242 48 79 
4 9 716 0 715 408 284 242 48 79 
4 9 716 0 715 409 284 242 48 79 
4 9 716 0 715 410 284 242 48 79 
4 9 716 0 715 411 283 240 46 79 
4 9 716 0 715 412 283 240 46 79 
4 9 716 0 715 413 283 240 46 79 
4 9 716 0 715 414 283 240 46 79 
4 9 716 0 715 415 281 240 46 79 
4 9 716 0 715 416 281 240 46 79 
4 9 716 0 715 417 281 240 46 79 
4 9 716 0 715 418 281 240 46 79 
4 9 716 0 715 419 281 240 46 79 
4 9 716 0 715 420 279 240 46 79 
4 9 716 0 715 421 279 240 46 79 
4 9 716 0 715 422 279 240 46 79 
4 9 716 0 715 423 279 240 46 79 
4 9 716 0 715 424 277 240 46 79 
4 9 716 0 715 425 277 240 46 79 
4 9 716 0 715 426 277 240 46 79 
4 9 716 0 715 427 277 240 46 79 
4 9 716 0 715 428 277 240 46 79 
4 9 716 0 715 429 276 240 46 79 
4 9 716 0 715 430 276 240 46 79 
4 9 716 0 715 431 276 240 46 79 
4 9 716 0 715 432 276 240 46 79 
4 9 716 0 715 433 274 240 46 79 
4 9 716 0 715 434 274 240 46 79 
4 9 716 0 715 435 274 240 46 79 
4 9 716 0 715 436 274 238 46 79 
4 9 716 0 715 437 274 238 46 79 
4 9 716 0 715 438 272 238 46 79 
4 9 716 0 715 439 272 238 46 79 
4 9 716 0 715 440 272 238 46 79 
4 9 716 0 715 441 272 238 46 79 
4 9 716 0 715 442 270 238 46 79 
4 9 716 0 715 443 270 238 46 79 
4 9 716 0 715 444 270 238 46 79 
4 9 716 0 715 445 270 238 46 79 
4 9 716 0 715 446 270 238 46 79 
4 9 716 0 715 447 268 238 48 79 
4 9 716 0 715 448 268 238 48 79 
4 9 716 0 715 449 268 238 48 79 
4 9 716 0 715 450 268 238 48 79 
4 9 716 0 715 451 267 238 46 79 
4 9 716 0 715 452 267 238 46 79 
4 9 716 0 715 453 267 238 46 79 
4 9 716 0 715 454 267 238 46 79 
4 9 716 0 715 455 267 238 46 79 
4 9 716 0 715 456 265 238 46 79 
4 9 716 0 715 457 265 238 46 79 
4 9 716 0 715 458 265 238 46 79 
4 9 716 0 715 459 265 238 46 79 
4 9 716 0 715 460 265 238 46 79 
4 9 716 0 715 461 263 236 46 81 
4 9 716 0 715 462 263 236 46 81 
4 9 716 0 715 463 263 236 46 81 
4 9 716 0 715 464 263 236 46 81 
4 9 716 0 715 465 263 236 46 81 
4 9 716 0 715 466 263 236 46 81 
4 9 716 0 715 467 261 236 46 81 
4 9 716 0 715 468 261 236 46 81 
4 9 716 0 715 469 261 236 46 81 
4 9 716 0 715 470 261 236 46 81 
4 9 716 0 715 471 261 236 46 81 
4 9 716 0 715 472 261 236 46 81 
4 9 716 0 715 473 261 236 46 81 
4 9 716 0 715 474 260 236 46 81 
4 9 716 0 715 475 260 236 46 81 
4 9 716 0 715 476 260 236 46 81 
4 9 716 0 715 477 260 236 46 81 
4 9 716 0 715 478 260 236 46 81 
4 9 716 0 715 479 260 236 46 81 
4 9 716 0 715 480 260 236 46 81 
4 9 716 0 715 481 258 236 46 81 
4 9 716 0 715 482 258 236 46 81 
4 9 716 0 715 483 258 236 46 81 
4 9 716 0 715 484 258 236 46 81 
4 9 716 0 715 485 258 234 46 81 
4 9 716 0 715 486 258 234 46 81 
4 9 716 0 715 487 256 234 46 81 
4 9 716 0 715 488 256 234 46 81 
4 9 716 0 715 489 256 234 46 81 
4 9 716 0 715 490 256 234 46 81 
4 9 716 0 715 491 256 234 46 81 
4 9 716 0 715 492 256 234 46 81 
4 9 716 0 715 493 256 234 46 81 
4 9 716 0 715 494 254 234 46 81 
4 9 716 0 715 495 254 234 46 81 
4 9 716 0 715 496 254 234 46 81 
4 9 716 0 715 497 254 234 46 81 
4 9 716 0 715 498 254 234 46 81 
4 9 716 0 715 499 254 234 46 81 
4 9 716 0 715 500 254 234 46 81 
4 9 716 0 715 501 252 234 48 81 
4 9 716 0 715 502 252 234 48 81 
4 9 716 0 715 503 252 234 48 81 
4 9 716 0 715 504 252 234 48 81 
4 9 716 0 715 505 252 234 48 81 
4 9 716 0 715 506 252 234 48 81 
4 9 716 0 715 507 251 234 46 81 
4 9 716 0 715 508 251 234 46 81 
4 9 716 0 715 509 251 233 46 79 
4 9 716 0 715 510 251 233 46 79 
4 9 716 0 715 511 251 233 46 79 
4 9 716 0 715 512 251 233 46 79 
4 9 716 0 715 513 251 233 46 79 
4 9 716 0 715 514 249 233 46 79 
4 9 716 0 715 515 249 233 46 79 
4 9 716 0 715 516 249 233 46 79 
4 9 716 0 715 517 249 233 46 79 
4 9 716 0 715 518 249 233 46 79 
4 9 716 0 715 519 249 233 46 79 
4 9 716 0 715 520 249 233 46 79 
4 9 716 0 715 521 247 233 46 79 
4 9 716 0 715 522 247 233 46 79 
4 9 716 0 715 523 247 233 46 79 
4 9 716 0 715 524 247 233 46 79 
4 9 716 0 715 525 247 233 46 79 
4 9 716 0 715 526 247 233 46 79 
4 9 716 0 715 527 245 233 46 79 
4 9 716 0 715 528 245 233 46 79 
4 9 716 0 715 529 245 233 46 79 
4 9 716 0 715 530 245 233 46 79 
4 9 716 0 715 531 245 233 46 79 
4 9 716 0 715 532 245 233 46 79 
4 9 716 0 715 533 245 231 46 79 
4 9 716 0 715 534 244 231 46 79 
4 9 716 0 715 535 244 231 46 79 
4 9 716 0 715 536 244 231 46 79 
4 9 716 0 715 537 244 231 46 79 
4 9 716 0 715 538 244 231 46 79 
4 9 716 0 715 539 244 231 46 79 
4 9 716 0 715 540 244 231 46 79 
4 9 716 0 715 541 242 231 46 79 
4 9 716 0 715 542 242 231 46 79 
4 9 716 0 715 543 242 231 46 79 
4 9 716 0 715 544 242 231 46 79 
4 9 716 0 715 545 242 231 46 79 
4 9 716 0 715 546 242 231 46 79 
4 9 716 0 715 547 240 231 46 79 
4 9 716 0 715 548 240 231 46 79 
4 9 716 0 715 549 240 231 46 79 
4 9 716 0 715 550 240 231 46 79 
4 9 716 0 715 551 240 231 46 79 
4 9 716 0 715 552 240 231 46 79 
4 9 716 0 715 553 240 231 46 79 
4 9 716 0 715 554 238 231 46 79 
4 9 716 0 715 555 238 231 46 79 
4 9 716 0 715 556 238 231 46 79 
4 9 716 0 715 557 238 229 46 79 
4 9 716 0 715 558 238 229 46 79 
4 9 716 0 715 559 238 229 46 79 
4 9 716 0 715 560 238 229 46 79 
4 9 716 0 715 561 236 229 48 79 
4 9 716 0 715 562 236 229 48 79 
4 9 716 0 715 563 236 229 48 79 
4 9 716 0 715 564 236 229 48 79 
4 9 716 0 715 565 236 229 48 79 
4 9 716 0 715 566 236 229 48 79 
4 9 716 0 715 567 235 229 46 79 
4 9 716 0 715 568 235 229 46 79 
4 9 716 0 715 569 235 229 46 79 
4 9 716 0 715 570 235 229 46 79 
4 9 716 0 715 571 235 229 46 79 
4 9 716 0 715 572 235 229 46 79 
4 9 716 0 715 573 235 229 46 79 
4 9 716 0 715 574 233 229 46 79 
4 9 716 0 715 575 233 229 46 79 
4 9 716 0 715 576 233 229 46 79 
4 9 716 0 715 577 233 229 46 79 
4 9 716 0 715 578 233 229 46 79 
4 9 716 0 715 579 233 229 46 79 
4 9 716 0 715 580 233 229 46 79 
4 9 716 0 715 581 233 230 46 78 
4 9 716 0 715 582 233 230 46 78 
4 9 716 0 715 583 233 230 46 78 
4 9 716 0 715 584 233 230 46 78 
4 9 716 0 715 585 233 230 46 78 
4 9 716 0 715 586 233 230 46 78 
4 9 716 0 715 587 233 230 46 78 
4 9 716 0 715 588 233 230 46 78 
4 9 716 0 715 589 233 230 46 78 
4 9 716 0 715 590 233 230 46 78 
4 9 716 0 715 591 233 230 46 78 
4 9 716 0 715 592 233 230 46 78 
4 9 716 0 715 593 233 230 46 78 
4 9 716 0 715 594 233 230 46 78 
4 9 716 0 715 595 233 230 46 78 
4 9 716 0 715 596 233 230 46 78 
4 9 716 0 715 597 233 230 46 78 
4 9 716 0 715 598 233 230 46 78 
4 9 716 0 715 599 233 230 46 78 
4 9 716 0 715 600 233 230 46 78 
4 9 716 0 715 601 233 228 46 78 
4 9 716 0 715 602 233 228 46 78 
4 9 716 0 715 603 233 228 46 78 
4 9 716 0 715 604 233 228 46 78 
4 9 716 0 715 605 233 228 46 78 
4 9 716 0 715 606 233 228 46 78 
4 9 716 0 715 607 233 228 46 75 
4 9 716 0 715 608 233 228 46 75 
4 9 716 0 715 609 233 228 46 75 
4 9 716 0 715 610 233 228 46 75 
4 9 716 0 715 611 233 228 46 75 
4 9 716 0 715 612 233 228 46 75 
4 9 716 0 715 613 233 228 46 75 
4 9 716 0 715 614 233 229 46 72 
4 9 716 0 715 615 233 229 46 72 
4 9 716 0 715 616 233 229 46 72 
4 9 716 0 715 617 233 229 46 72 
4 9 716 0 715 618 233 229 46 72 
4 9 716 0 715 619 233 229 46 72 
4 9 716 0 715 620 233 229 46 72 
4 9 716 0 715 621 233 228 46 72 
4 9 716 0 715 622 233 228 46 72 
4 9 716 0 715 623 233 228 46 72 
4 9 716 0 715 624 233 228 46 72 
4 9 716 0 715 625 233 228 46 72 
4 9 716 0 715 626 233 226 46 72 
4 9 716 0 715 627 233 226 46 72 
4 9 716 0 715 628 233 226 46 72 
4 9 716 0 715 629 233 226 46 72 
4 9 716 0 715 630 233 226 46 72 
4 9 716 0 715 631 231 226 46 72 
4 9 716 0 715 632 231 226 46 72 
4 9 716 0 715 633 231 226 46 72 
4 9 716 0 715 634 231 226 46 72 
4 9 716 0 715 635 231 226 46 72 
4 9 716 0 715 636 231 226 46 72 
4 9 716 0 715 637 231 226 46 72 
4 9 716 0 715 638 231 226 46 72 
4 9 716 0 715 639 231 226 46 72 
4 9 716 0 715 640 231 226 46 72 
4 9 716 0 715 641 231 226 46 72 
4 9 716 0 715 642 231 226 46 72 
4 9 716 0 715 643 231 226 46 72 
4 9 716 0 715 644 231 226 46 72 
4 9 716 0 715 645 231 226 46 72 
4 9 716 0 715 646 231 226 46 72 
4 9 716 0 715 647 231 226 46 72 
4 9 716 0 715 648 231 226 46 72 
4 9 716 0 715 649 231 226 46 72 
4 9 716 0 715 650 231 226 46 72 
4 9 716 0 715 651 231 226 46 72 
4 9 716 0 715 652 231 226 46 72 
4 9 716 0 715 653 231 226 46 72 
4 9 716 0 715 654 231 226 46 72 
4 9 716 0 715 655 231 226 46 72 
4 9 716 0 715 656 231 226 46 72 
4 9 716 0 715 657 231 226 46 72 
4 9 716 0 715 658 231 226 46 72 
4 9 716 0 715 659 231 226 46 72 
4 9 716 0 715 660 231 226 46 72 
4 9 716 0 715 661 229 224 46 72 
4 9 716 0 715 662 229 224 46 72 
4 9 716 0 715 663 229 224 46 72 
4 9 716 0 715 664 229 224 46 72 
4 9 716 0 715 665 229 224 46 72 
4 9 716 0 715 666 229 224 46 72 
4 9 716 0 715 667 229 224 46 72 
4 9 716 0 715 668 229 224 46 72 
4 9 716 0 715 669 229 224 46 72 
4 9 716 0 715 670 229 224 46 72 
4 9 716 0 715 671 229 224 46 72 
4 9 716 0 715 672 229 224 46 72 
4 9 716 0 715 673 229 224 46 72 
4 9 716 0 715 674 229 224 46 72 
4 9 716 0 715 675 229 224 46 72 
4 9 716 0 715 676 229 224 46 72 
4 9 716 0 715 677 229 224 46 72 
4 9 716 0 715 678 229 224 46 72 
4 9 716 0 715 679 229 224 46 72 
4 9 716 0 715 680 229 224 46 72 
4 9 716 0 715 681 229 224 46 72 
4 9 716 0 715 682 229 224 46 72 
4 9 716 0 715 683 229 224 46 72 
4 9 716 0 715 684 229 224 46 72 
4 9 716 0 715 685 229 224 46 72 
4 9 716 0 715 686 229 224 46 72 
4 9 716 0 715 687 229 224 46 72 
4 9 716 0 715 688 229 224 46 72 
4 9 716 0 715 689 229 224 46 72 
4 9 716 0 715 690 231 224 46 72 
4 9 716 0 715 691 231 222 46 72 
4 9 716 0 715 692 231 222 46 72 
4 9 716 0 715 693 231 222 46 72 
4 9 716 0 715 694 231 222 46 72 
4 9 716 0 715 695 231 222 46 72 
4 9 716 0 715 696 231 222 46 72 
4 9 716 0 715 697 231 222 46 72 
4 9 716 0 715 698 231 222 46 72 
4 9 716 0 715 699 231 222 46 72 
4 9 716 0 715 700 233 222 46 72 
4 9 716 0 715 701 233 222 46 72 
4 9 716 0 715 702 233 222 46 72 
4 9 716 0 715 703 233 222 46 72 
4 9 716 0 715 704 233 222 46 72 
4 9 716 0 715 705 233 222 46 72 
4 9 716 0 715 706 233 222 46 72 
4 9 716 0 715 707 233 222 46 72 
4 9 716 0 715 708 233 222 46 72 
4 9 716 0 715 709 233 222 46 72 
4 9 716 0 715 710 235 222 46 72 
4 9 716 0 715 711 235 222 46 72 
4 9 716 0 715 712 235 222 46 72 
4 9 716 0 715 713 235 222 46 72 
4 9 716 0 715 714 235 222 46 72 
4 9 716 0 715 715 235 222 46 72 
5 9 595 0 594 0 554 300 64 126 
5 9 595 0 594 1 552 299 64 124 
5 9 595 0 594 2 551 299 64 124 
5 9 595 0 594 3 551 299 64 124 
5 9 595 0 594 4 549 299 64 124 
5 9 595 0 594 5 550 299 60 124 
5 9 595 0 594 6 547 299 64 124 
5 9 595 0 594 7 548 297 60 124 
5 9 595 0 594 8 545 297 64 124 
5 9 595 0 594 9 545 297 62 124 
5 9 595 0 594 10 545 297 60 124 
5 9 595 0 594 11 545 297 60 124 
5 9 595 0 594 12 543 297 60 124 
5 9 595 0 594 13 544 295 56 126 
5 9 595 0 594 14 541 295 60 126 
5 9 595 0 594 15 542 295 56 126 
5 9 595 0 594 16 539 295 60 126 
5 9 595 0 594 17 536 295 62 126 
5 9 595 0 594 18 537 295 58 126 
5 9 595 0 594 19 536 295 60 126 
5 9 595 0 594 20 537 293 56 126 
5 9 595 0 594 21 535 293 56 126 
5 9 595 0 594 22 535 293 56 126 
5 9 595 0 594 23 532 293 58 126 
5 9 595 0 594 24 532 293 58 126 
5 9 595 0 594 25 530 293 58 126 
5 9 595 0 594 26 531 291 54 126 
5 9 595 0 594 27 530 291 56 126 
5 9 595 0 594 28 531 291 52 126 
5 9 595 0 594 29 529 291 52 126 
5 9 595 0 594 30 529 291 52 126 
5 9 595 0 594 31 526 291 54 126 
5 9 595 0 594 32 526 291 54 126 
5 9 595 0 594 33 524 290 54 124 
5 9 595 0 594 34 524 290 54 124 
5 9 595 0 594 35 522 290 54 124 
5 9 595 0 594 36 522 290 54 124 
5 9 595 0 594 37 522 290 52 121 
5 9 595 0 594 38 522 290 52 121 
5 9 595 0 594 39 519 290 54 121 
5 9 595 0 594 40 519 290 54 121 
5 9 595 0 594 41 517 291 54 120 
5 9 595 0 594 42 517 288 54 123 
5 9 595 0 594 43 517 288 54 123 
5 9 595 0 594 44 515 288 54 123 
5 9 595 0 594 45 515 289 54 120 
5 9 595 0 594 46 515 289 52 120 
5 9 595 0 594 47 515 289 52 120 
5 9 595 0 594 48 513 289 52 120 
5 9 595 0 594 49 513 289 52 117 
5 9 595 0 594 50 510 289 54 117 
5 9 595 0 594 51 510 289 54 117 
5 9 595 0 594 52 510 287 54 120 
5 9 595 0 594 53 508 287 54 120 
5 9 595 0 594 54 508 287 54 117 
5 9 595 0 594 55 506 287 54 117 
5 9 595 0 594 56 506 287 54 117 
5 9 595 0 594 57 506 287 52 117 
5 9 595 0 594 58 506 287 52 115 
5 9 595 0 594 59 503 287 54 115 
5 9 595 0 594 60 503 287 54 115 
5 9 595 0 594 61 503 285 54 118 
5 9 595 0 594 62 501 285 54 115 
5 9 595 0 594 63 501 285 54 115 
5 9 595 0 594 64 499 285 54 115 
5 9 595 0 594 65 499 285 54 115 
5 9 595 0 594 66 499 286 52 112 
5 9 595 0 594 67 499 286 52 112 
5 9 595 0 594 68 497 286 52 112 
5 9 595 0 594 69 497 286 52 112 
5 9 595 0 594 70 497 286 52 112 
5 9 595 0 594 71 494 285 54 111 
5 9 595 0 594 72 494 285 54 111 
5 9 595 0 594 73 492 285 54 111 
5 9 595 0 594 74 492 285 54 111 
5 9 595 0 594 75 492 285 54 111 
5 9 595 0 594 76 490 285 54 111 
5 9 595 0 594 77 490 286 54 108 
5 9 595 0 594 78 490 286 54 108 
5 9 595 0 594 79 490 286 52 108 
5 9 595 0 594 80 490 283 52 111 
5 9 595 0 594 81 487 283 54 111 
5 9 595 0 594 82 487 283 54 111 
5 9 595 0 594 83 487 283 54 109 
5 9 595 0 594 84 485 283 54 109 
5 9 595 0 594 85 485 283 54 109 
5 9 595 0 594 86 485 283 54 109 
5 9 595 0 594 87 483 283 54 109 
5 9 595 0 594 88 483 283 54 109 
5 9 595 0 594 89 483 281 54 109 
5 9 595 0 594 90 483 281 52 109 
5 9 595 0 594 91 483 281 52 109 
5 9 595 0 594 92 481 281 52 109 
5 9 595 0 594 93 481 281 52 109 
5 9 595 0 594 94 481 281 52 109 
5 9 595 0 594 95 478 282 54 106 
5 9 595 0 594 96 478 282 54 106 
5 9 595 0 594 97 478 282 54 106 
5 9 595 0 594 98 476 279 54 109 
5 9 595 0 594 99 476 279 54 109 
5 9 595 0 594 100 474 279 54 109 
5 9 595 0 594 101 474 280 54 106 
5 9 595 0 594 102 474 280 54 106 
5 9 595 0 594 103 474 280 52 106 
5 9 595 0 594 104 474 280 52 106 
5 9 595 0 594 105 474 280 52 106 
5 9 595 0 594 106 471 280 54 106 
5 9 595 0 594 107 471 278 54 108 
5 9 595 0 594 108 471 278 54 108 
5 9 595 0 594 109 469 278 54 108 
5 9 595 0 594 110 469 278 54 108 
5 9 595 0 594 111 467 278 54 108 
5 9 595 0 594 112 467 278 54 108 
5 9 595 0 594 113 467 278 54 105 
5 9 595 0 594 114 467 278 52 105 
5 9 595 0 594 115 467 278 52 105 
5 9 595 0 594 116 467 277 52 106 
5 9 595 0 594 117 465 277 52 106 
5 9 595 0 594 118 465 277 52 106 
5 9 595 0 594 119 465 277 52 103 
5 9 595 0 594 120 462 277 54 103 
5 9 595 0 594 121 462 277 54 103 
5 9 595 0 594 122 460 277 54 103 
5 9 595 0 594 123 460 277 54 103 
5 9 595 0 594 124 460 277 54 103 
5 9 595 0 594 125 458 275 54 103 
5 9 595 0 594 126 458 275 54 103 
5 9 595 0 594 127 458 275 54 103 
5 9 595 0 594 128 458 275 52 103 
5 9 595 0 594 129 458 275 52 103 
5 9 595 0 594 130 455 275 54 103 
5 9 595 0 594 131 455 276 54 100 
5 9 595 0 594 132 455 276 54 100 
5 9 595 0 594 133 453 276 54 100 
5 9 595 0 594 134 453 273 54 103 
5 9 595 0 594 135 453 273 54 103 
5 9 595 0 594 136 451 273 54 103 
5 9 595 0 594 137 451 274 54 102 
5 9 595 0 594 138 451 274 54 102 
5 9 595 0 594 139 451 274 52 102 
5 9 595 0 594 140 451 274 52 102 
5 9 595 0 594 141 449 274 52 102 
5 9 595 0 594 142 449 274 52 102 
5 9 595 0 594 143 449 272 52 102 
5 9 595 0 594 144 446 272 54 102 
5 9 595 0 594 145 446 272 54 102 
5 9 595 0 594 146 446 272 54 102 
5 9 595 0 594 147 444 272 54 102 
5 9 595 0 594 148 444 272 54 102 
5 9 595 0 594 149 444 272 54 99 
5 9 595 0 594 150 442 272 54 99 
5 9 595 0 594 151 442 272 54 99 
5 9 595 0 594 152 442 271 52 100 
5 9 595 0 594 153 442 271 52 100 
5 9 595 0 594 154 442 271 52 100 
5 9 595 0 594 155 439 271 54 97 
5 9 595 0 594 156 439 271 54 97 
5 9 595 0 594 157 439 271 54 97 
5 9 595 0 594 158 437 271 54 97 
5 9 595 0 594 159 437 271 54 97 
5 9 595 0 594 160 435 271 54 97 
5 9 595 0 594 161 435 269 54 99 
5 9 595 0 594 162 435 269 54 99 
5 9 595 0 594 163 435 269 52 99 
5 9 595 0 594 164 435 269 52 99 
5 9 595 0 594 165 435 269 52 99 
5 9 595 0 594 166 433 269 52 99 
5 9 595 0 594 167 433 270 52 96 
5 9 595 0 594 168 433 270 52 96 
5 9 595 0 594 169 430 270 54 96 
5 9 595 0 594 170 430 267 54 99 
5 9 595 0 594 171 428 267 54 99 
5 9 595 0 594 172 428 267 54 99 
5 9 595 0 594 173 428 268 54 96 
5 9 595 0 594 174 426 268 54 96 
5 9 595 0 594 175 426 268 54 96 
5 9 595 0 594 176 426 268 54 96 
5 9 595 0 594 177 426 268 52 96 
5 9 595 0 594 178 426 268 52 96 
5 9 595 0 594 179 426 268 52 96 
5 9 595 0 594 180 423 266 54 96 
5 9 595 0 594 181 423 266 54 96 
5 9 595 0 594 182 423 266 54 96 
5 9 595 0 594 183 423 266 54 96 
5 9 595 0 594 184 423 266 54 96 
5 9 595 0 594 185 423 266 54 96 
5 9 595 0 594 186 423 266 54 96 
5 9 595 0 594 187 423 266 54 96 
5 9 595 0 594 188 421 266 54 96 
5 9 595 0 594 189 421 266 54 96 
5 9 595 0 594 190 421 266 54 96 
5 9 595 0 594 191 421 266 54 96 
5 9 595 0 594 192 421 266 54 96 
5 9 595 0 594 193 421 266 54 96 
5 9 595 0 594 194 421 266 54 93 
5 9 595 0 594 195 421 266 54 93 
5 9 595 0 594 196 419 266 54 93 
5 9 595 0 594 197 419 266 54 93 
5 9 595 0 594 198 419 264 54 96 
5 9 595 0 594 199 419 264 54 96 
5 9 595 0 594 200 419 264 54 96 
5 9 595 0 594 201 419 264 54 96 
5 9 595 0 594 202 419 264 54 96 
5 9 595 0 594 203 419 264 54 96 
5 9 595 0 594 204 419 264 52 96 
5 9 595 0 594 205 419 264 52 96 
5 9 595 0 594 206 419 264 52 96 
5 9 595 0 594 207 419 264 52 96 
5 9 595 0 594 208 419 264 52 96 
5 9 595 0 594 209 419 264 52 94 
5 9 595 0 594 210 419 264 52 94 
5 9 595 0 594 211 419 264 52 94 
5 9 595 0 594 212 417 264 52 94 
5 9 595 0 594 213 417 264 52 94 
5 9 595 0 594 214 417 264 52 94 
5 9 595 0 594 215 417 264 52 94 
5 9 595 0 594 216 417 263 52 96 
5 9 595 0 594 217 417 263 52 96 
5 9 595 0 594 218 417 263 52 96 
5 9 595 0 594 219 417 263 52 96 
5 9 595 0 594 220 414 263 54 96 
5 9 595 0 594 221 414 263 54 96 
5 9 595 0 594 222 414 263 54 96 
5 9 595 0 594 223 414 263 54 93 
5 9 595 0 594 224 414 263 54 93 
5 9 595 0 594 225 414 263 54 93 
5 9 595 0 594 226 414 263 54 93 
5 9 595 0 594 227 414 263 54 93 
5 9 595 0 594 228 412 263 54 93 
5 9 595 0 594 229 412 263 54 93 
5 9 595 0 594 230 412 263 54 93 
5 9 595 0 594 231 412 263 54 93 
5 9 595 0 594 232 412 263 54 93 
5 9 595 0 594 233 412 263 54 93 
5 9 595 0 594 234 412 261 54 96 
5 9 595 0 594 235 412 261 54 96 
5 9 595 0 594 236 410 261 54 96 
5 9 595 0 594 237 410 261 54 96 
5 9 595 0 594 238 410 261 54 93 
5 9 595 0 594 239 410 261 54 93 
5 9 595 0 594 240 410 261 54 93 
5 9 595 0 594 241 410 261 54 93 
5 9 595 0 594 242 410 261 54 93 
5 9 595 0 594 243 410 261 54 93 
5 9 595 0 594 244 410 261 52 93 
5 9 595 0 594 245 410 261 52 93 
5 9 595 0 594 246 410 261 52 93 
5 9 595 0 594 247 410 261 52 93 
5 9 595 0 594 248 410 261 52 93 
5 9 595 0 594 249 410 261 52 93 
5 9 595 0 594 250 410 261 52 93 
5 9 595 0 594 251 410 261 52 93 
5 9 595 0 594 252 410 261 52 93 
5 9 595 0 594 253 407 259 54 93 
5 9 595 0 594 254 407 259 54 93 
5 9 595 0 594 255 407 259 54 93 
5 9 595 0 594 256 407 259 54 93 
5 9 595 0 594 257 407 259 54 93 
5 9 595 0 594 258 407 259 54 93 
5 9 595 0 594 259 408 259 50 93 
5 9 595 0 594 260 408 259 50 93 
5 9 595 0 594 261 408 259 50 93 
5 9 595 0 594 262 405 259 54 91 
5 9 595 0 594 263 405 259 54 91 
5 9 595 0 594 264 405 259 54 91 
5 9 595 0 594 265 406 259 50 91 
5 9 595 0 594 266 406 259 50 91 
5 9 595 0 594 267 406 259 50 91 
5 9 595 0 594 268 406 259 50 91 
5 9 595 0 594 269 406 259 50 91 
5 9 595 0 594 270 406 259 50 91 
5 9 595 0 594 271 404 257 50 91 
5 9 595 0 594 272 404 257 50 91 
5 9 595 0 594 273 404 257 50 91 
5 9 595 0 594 274 404 257 50 91 
5 9 595 0 594 275 404 257 50 91 
5 9 595 0 594 276 404 257 50 91 
5 9 595 0 594 277 405 257 46 91 
5 9 595 0 594 278 405 257 46 91 
5 9 595 0 594 279 405 257 46 91 
5 9 595 0 594 280 404 258 48 88 
5 9 595 0 594 281 404 258 48 88 
5 9 595 0 594 282 404 258 48 88 
5 9 595 0 594 283 404 258 46 88 
5 9 595 0 594 284 404 258 46 88 
5 9 595 0 594 285 404 258 46 88 
5 9 595 0 594 286 404 258 46 88 
5 9 595 0 594 287 404 258 46 88 
5 9 595 0 594 288 404 258 46 88 
5 9 595 0 594 289 402 257 46 87 
5 9 595 0 594 290 402 257 46 87 
5 9 595 0 594 291 402 257 46 87 
5 9 595 0 594 292 402 257 46 87 
5 9 595 0 594 293 402 257 46 87 
5 9 595 0 594 294 402 257 46 87 
5 9 595 0 594 295 400 255 46 87 
5 9 595 0 594 296 400 255 46 87 
5 9 595 0 594 297 400 255 46 87 
5 9 595 0 594 298 400 255 46 87 
5 9 595 0 594 299 400 255 46 87 
5 9 595 0 594 300 400 255 46 87 
5 9 595 0 594 301 398 253 46 88 
5 9 595 0 594 302 398 253 46 88 
5 9 595 0 594 303 398 253 46 88 
5 9 595 0 594 304 396 253 48 88 
5 9 595 0 594 305 396 253 48 88 
5 9 595 0 594 306 396 253 48 88 
5 9 595 0 594 307 397 253 44 88 
5 9 595 0 594 308 395 253 46 88 
5 9 595 0 594 309 395 253 46 88 
5 9 595 0 594 310 395 253 46 88 
5 9 595 0 594 311 396 253 42 85 
5 9 595 0 594 312 393 253 46 85 
5 9 595 0 594 313 393 253 46 85 
5 9 595 0 594 314 394 253 42 85 
5 9 595 0 594 315 394 253 42 85 
5 9 595 0 594 316 391 253 46 85 
5 9 595 0 594 317 391 253 46 85 
5 9 595 0 594 318 392 253 42 85 
5 9 595 0 594 319 392 253 42 85 
5 9 595 0 594 320 389 253 46 85 
5 9 595 0 594 321 390 254 44 82 
5 9 595 0 594 322 390 254 44 82 
5 9 595 0 594 323 388 254 46 82 
5 9 595 0 594 324 388 254 46 82 
5 9 595 0 594 325 389 254 42 82 
5 9 595 0 594 326 389 254 42 82 
5 9 595 0 594 327 386 251 46 85 
5 9 595 0 594 328 387 251 42 85 
5 9 595 0 594 329 387 251 42 85 
5 9 595 0 594 330 387 251 42 85 
5 9 595 0 594 331 384 252 46 82 
5 9 595 0 594 332 385 252 42 82 
5 9 595 0 594 333 385 252 42 82 
5 9 595 0 594 334 385 252 42 82 
5 9 595 0 594 335 383 252 44 82 
5 9 595 0 594 336 383 252 44 82 
5 9 595 0 594 337 383 252 44 82 
5 9 595 0 594 338 383 252 44 82 
5 9 595 0 594 339 381 252 44 82 
5 9 595 0 594 340 381 252 44 82 
5 9 595 0 594 341 381 252 44 81 
5 9 595 0 594 342 380 252 42 81 
5 9 595 0 594 343 380 252 42 81 
5 9 595 0 594 344 380 252 42 81 
5 9 595 0 594 345 380 252 42 81 
5 9 595 0 594 346 378 252 42 81 
5 9 595 0 594 347 378 252 42 81 
5 9 595 0 594 348 378 252 42 81 
5 9 595 0 594 349 379 252 38 81 
5 9 595 0 594 350 376 252 42 81 
5 9 595 0 594 351 376 253 42 78 
5 9 595 0 594 352 376 253 42 78 
5 9 595 0 594 353 377 253 40 78 
5 9 595 0 594 354 374 250 44 81 
5 9 595 0 594 355 374 250 44 81 
5 9 595 0 594 356 375 250 40 81 
5 9 595 0 594 357 375 250 40 81 
5 9 595 0 594 358 373 250 42 81 
5 9 595 0 594 359 373 250 42 81 
5 9 595 0 594 360 374 250 38 81 
5 9 595 0 594 361 371 251 42 78 
5 9 595 0 594 362 371 251 42 78 
5 9 595 0 594 363 372 251 38 78 
5 9 595 0 594 364 372 251 38 78 
5 9 595 0 594 365 369 251 42 78 
5 9 595 0 594 366 369 251 42 78 
5 9 595 0 594 367 370 251 40 78 
5 9 595 0 594 368 370 251 40 78 
5 9 595 0 594 369 367 251 44 78 
5 9 595 0 594 370 368 251 40 78 
5 9 595 0 594 371 368 251 40 75 
5 9 595 0 594 372 368 251 40 75 
5 9 595 0 594 373 365 251 44 75 
5 9 595 0 594 374 366 251 40 75 
5 9 595 0 594 375 366 251 40 75 
5 9 595 0 594 376 366 251 40 75 
5 9 595 0 594 377 365 251 38 75 
5 9 595 0 594 378 365 251 38 75 
5 9 595 0 594 379 365 251 38 75 
5 9 595 0 594 380 365 251 38 75 
5 9 595 0 594 381 363 250 38 73 
5 9 595 0 594 382 363 250 38 73 
5 9 595 0 594 383 363 250 38 73 
5 9 595 0 594 384 363 250 38 73 
5 9 595 0 594 385 361 250 40 73 
5 9 595 0 594 386 361 250 40 73 
5 9 595 0 594 387 361 250 40 73 
5 9 595 0 594 388 361 250 40 73 
5 9 595 0 594 389 359 250 40 73 
5 9 595 0 594 390 359 250 40 73 
5 9 595 0 594 391 359 250 40 73 
5 9 595 0 594 392 359 250 40 73 
5 9 595 0 594 393 358 250 38 73 
5 9 595 0 594 394 358 250 38 73 
5 9 595 0 594 395 358 250 38 73 
5 9 595 0 594 396 358 250 38 73 
5 9 595 0 594 397 356 250 38 73 
5 9 595 0 594 398 356 250 38 73 
5 9 595 0 594 399 356 250 38 73 
5 9 595 0 594 400 356 250 38 73 
5 9 595 0 594 401 354 250 40 73 
5 9 595 0 594 402 354 250 40 73 
5 9 595 0 594 403 354 250 40 73 
5 9 595 0 594 404 354 250 40 73 
5 9 595 0 594 405 352 250 40 73 
5 9 595 0 594 406 352 250 40 73 
5 9 595 0 594 407 352 250 40 73 
5 9 595 0 594 408 352 250 40 73 
5 9 595 0 594 409 350 250 40 73 
5 9 595 0 594 410 350 250 40 73 
5 9 595 0 594 411 350 250 40 73 
5 9 595 0 594 412 350 250 40 73 
5 9 595 0 594 413 349 250 38 73 
5 9 595 0 594 414 349 250 38 73 
5 9 595 0 594 415 349 250 38 73 
5 9 595 0 594 416 349 248 38 75 
5 9 595 0 594 417 349 248 38 75 
5 9 595 0 594 418 347 248 38 75 
5 9 595 0 594 419 347 248 38 75 
5 9 595 0 594 420 347 248 38 75 
5 9 595 0 594 421 347 248 38 75 
5 9 595 0 594 422 345 248 40 75 
5 9 595 0 594 423 345 248 40 75 
5 9 595 0 594 424 345 248 40 75 
5 9 595 0 594 425 345 248 40 75 
5 9 595 0 594 426 343 248 40 75 
5 9 595 0 594 427 343 248 40 75 
5 9 595 0 594 428 343 248 40 75 
5 9 595 0 594 429 343 248 40 75 
5 9 595 0 594 430 342 248 38 75 
5 9 595 0 594 431 342 248 38 75 
5 9 595 0 594 432 342 248 38 75 
5 9 595 0 594 433 342 248 38 75 
5 9 595 0 594 434 340 248 38 75 
5 9 595 0 594 435 340 248 38 75 
5 9 595 0 594 436 340 248 38 75 
5 9 595 0 594 437 340 248 38 75 
5 9 595 0 594 438 338 248 40 75 
5 9 595 0 594 439 338 248 40 75 
5 9 595 0 594 440 338 248 40 75 
5 9 595 0 594 441 338 248 40 75 
5 9 595 0 594 442 336 248 40 75 
5 9 595 0 594 443 336 248 40 75 
5 9 595 0 594 444 336 248 40 75 
5 9 595 0 594 445 336 248 40 75 
5 9 595 0 594 446 334 248 40 75 
5 9 595 0 594 447 334 248 40 75 
5 9 595 0 594 448 334 248 40 75 
5 9 595 0 594 449 334 248 40 75 
5 9 595 0 594 450 334 248 40 75 
5 9 595 0 594 451 333 246 38 75 
5 9 595 0 594 452 333 246 38 75 
5 9 595 0 594 453 333 246 38 75 
5 9 595 0 594 454 333 246 38 75 
5 9 595 0 594 455 333 246 38 75 
5 9 595 0 594 456 331 246 38 75 
5 9 595 0 594 457 331 246 38 75 
5 9 595 0 594 458 331 246 38 75 
5 9 595 0 594 459 331 246 38 75 
5 9 595 0 594 460 331 246 38 75 
5 9 595 0 594 461 329 246 40 75 
5 9 595 0 594 462 329 246 40 75 
5 9 595 0 594 463 329 246 40 75 
5 9 595 0 594 464 329 247 40 72 
5 9 595 0 594 465 329 247 40 72 
5 9 595 0 594 466 327 247 40 72 
5 9 595 0 594 467 327 244 40 75 
5 9 595 0 594 468 327 244 40 75 
5 9 595 0 594 469 327 244 40 75 
5 9 595 0 594 470 327 244 40 75 
5 9 595 0 594 471 326 244 38 75 
5 9 595 0 594 472 326 244 38 75 
5 9 595 0 594 473 326 244 38 75 
5 9 595 0 594 474 326 244 38 75 
5 9 595 0 594 475 326 244 38 75 
5 9 595 0 594 476 324 244 38 75 
5 9 595 0 594 477 324 245 38 72 
5 9 595 0 594 478 324 245 38 72 
5 9 595 0 594 479 324 245 38 72 
5 9 595 0 594 480 324 245 38 72 
5 9 595 0 594 481 322 245 40 72 
5 9 595 0 594 482 322 245 40 72 
5 9 595 0 594 483 322 243 40 73 
5 9 595 0 594 484 322 243 40 73 
5 9 595 0 594 485 322 243 40 73 
5 9 595 0 594 486 320 243 40 73 
5 9 595 0 594 487 320 243 40 73 
5 9 595 0 594 488 320 243 40 73 
5 9 595 0 594 489 320 243 40 73 
5 9 595 0 594 490 320 244 40 72 
5 9 595 0 594 491 318 244 40 72 
5 9 595 0 594 492 318 244 40 72 
5 9 595 0 594 493 318 244 40 72 
5 9 595 0 594 494 318 244 40 72 
5 9 595 0 594 495 318 244 40 72 
5 9 595 0 594 496 317 244 38 72 
5 9 595 0 594 497 317 244 38 72 
5 9 595 0 594 498 317 244 38 72 
5 9 595 0 594 499 317 241 38 75 
5 9 595 0 594 500 317 241 38 75 
5 9 595 0 594 501 315 241 38 75 
5 9 595 0 594 502 315 241 38 75 
5 9 595 0 594 503 315 242 38 72 
5 9 595 0 594 504 315 242 38 72 
5 9 595 0 594 505 315 242 38 72 
5 9 595 0 594 506 313 242 40 72 
5 9 595 0 594 507 313 242 40 72 
5 9 595 0 594 508 313 242 40 72 
5 9 595 0 594 509 313 242 40 72 
5 9 595 0 594 510 313 242 40 72 
5 9 595 0 594 511 311 242 40 72 
5 9 595 0 594 512 311 242 40 72 
5 9 595 0 594 513 311 242 40 72 
5 9 595 0 594 514 311 242 40 72 
5 9 595 0 594 515 311 242 40 72 
5 9 595 0 594 516 310 240 38 72 
5 9 595 0 594 517 310 240 38 72 
5 9 595 0 594 518 310 240 38 72 
5 9 595 0 594 519 310 240 38 72 
5 9 595 0 594 520 310 240 38 72 
5 9 595 0 594 521 308 240 38 72 
5 9 595 0 594 522 308 240 38 72 
5 9 595 0 594 523 308 240 38 72 
5 9 595 0 594 524 308 240 38 72 
5 9 595 0 594 525 308 240 38 72 
5 9 595 0 594 526 306 240 40 72 
5 9 595 0 594 527 306 240 40 72 
5 9 595 0 594 528 306 240 40 72 
5 9 595 0 594 529 306 240 40 69 
5 9 595 0 594 530 306 240 40 69 
5 9 595 0 594 531 304 240 40 69 
5 9 595 0 594 532 304 238 40 72 
5 9 595 0 594 533 304 238 40 72 
5 9 595 0 594 534 304 238 40 72 
5 9 595 0 594 535 304 238 40 72 
5 9 595 0 594 536 302 238 40 72 
5 9 595 0 594 537 302 238 40 72 
5 9 595 0 594 538 302 238 40 72 
5 9 595 0 594 539 302 238 40 72 
5 9 595 0 594 540 302 238 40 72 
5 9 595 0 594 541 301 238 38 72 
5 9 595 0 594 542 301 238 38 69 
5 9 595 0 594 543 301 238 38 69 
5 9 595 0 594 544 301 238 38 69 
5 9 595 0 594 545 301 238 38 69 
5 9 595 0 594 546 299 238 38 69 
5 9 595 0 594 547 299 238 38 69 
5 9 595 0 594 548 299 236 38 72 
5 9 595 0 594 549 299 236 38 72 
5 9 595 0 594 550 299 236 38 72 
5 9 595 0 594 551 297 236 40 72 
5 9 595 0 594 552 297 236 40 72 
5 9 595 0 594 553 297 236 40 72 
5 9 595 0 594 554 297 236 40 72 
5 9 595 0 594 555 297 236 40 70 
5 9 595 0 594 556 295 236 40 70 
5 9 595 0 594 557 295 236 40 70 
5 9 595 0 594 558 295 236 40 70 
5 9 595 0 594 559 295 236 40 70 
5 9 595 0 594 560 295 236 40 70 
5 9 595 0 594 561 294 236 38 70 
5 9 595 0 594 562 294 236 38 70 
5 9 595 0 594 563 294 236 38 70 
5 9 595 0 594 564 294 235 38 72 
5 9 595 0 594 565 294 235 38 72 
5 9 595 0 594 566 292 235 38 72 
5 9 595 0 594 567 292 235 38 72 
5 9 595 0 594 568 292 235 38 69 
5 9 595 0 594 569 292 235 38 69 
5 9 595 0 594 570 292 235 38 69 
5 9 595 0 594 571 290 235 40 69 
5 9 595 0 594 572 290 235 40 69 
5 9 595 0 594 573 290 235 40 69 
5 9 595 0 594 574 290 235 40 69 
5 9 595 0 594 575 290 235 40 69 
5 9 595 0 594 576 288 235 40 69 
5 9 595 0 594 577 288 235 40 69 
5 9 595 0 594 578 288 235 40 69 
5 9 595 0 594 579 288 235 40 69 
5 9 595 0 594 580 288 235 40 69 
5 9 595 0 594 581 286 233 40 69 
5 9 595 0 594 582 286 233 40 69 
5 9 595 0 594 583 286 233 40 69 
5 9 595 0 594 584 286 233 40 69 
5 9 595 0 594 585 286 233 40 69 
5 9 595 0 594 586 286 233 40 69 
5 9 595 0 594 587 286 233 40 69 
5 9 595 0 594 588 286 233 40 69 
5 9 595 0 594 589 286 233 40 69 
5 9 595 0 594 590 286 233 40 69 
5 9 595 0 594 591 286 233 40 69 
5 9 595 0 594 592 286 233 40 69 
5 9 595 0 594 593 286 233 40 69 
5 9 595 0 594 594 285 233 38 69 
6 9 620 0 619 0 524 293 54 133 
6 9 620 0 619 1 522 291 54 133 
6 9 620 0 619 2 522 291 52 133 
6 9 620 0 619 3 522 291 52 133 
6 9 620 0 619 4 519 291 54 133 
6 9 620 0 619 5 517 291 54 133 
6 9 620 0 619 6 517 291 54 133 
6 9 620 0 619 7 515 291 54 133 
6 9 620 0 619 8 515 291 52 133 
6 9 620 0 619 9 515 291 52 133 
6 9 620 0 619 10 513 291 52 133 
6 9 620 0 619 11 513 291 52 133 
6 9 620 0 619 12 510 291 54 133 
6 9 620 0 619 13 508 291 54 133 
6 9 620 0 619 14 508 291 54 133 
6 9 620 0 619 15 506 291 54 133 
6 9 620 0 619 16 506 292 52 130 
6 9 620 0 619 17 506 292 52 130 
6 9 620 0 619 18 503 292 54 130 
6 9 620 0 619 19 501 292 54 130 
6 9 620 0 619 20 501 292 54 130 
6 9 620 0 619 21 499 292 54 130 
6 9 620 0 619 22 499 292 54 130 
6 9 620 0 619 23 499 292 52 130 
6 9 620 0 619 24 497 292 52 130 
6 9 620 0 619 25 497 292 52 130 
6 9 620 0 619 26 494 292 54 130 
6 9 620 0 619 27 492 292 54 130 
6 9 620 0 619 28 492 292 54 130 
6 9 620 0 619 29 490 292 54 130 
6 9 620 0 619 30 490 292 54 130 
6 9 620 0 619 31 490 290 52 132 
6 9 620 0 619 32 490 290 52 132 
6 9 620 0 619 33 487 290 54 132 
6 9 620 0 619 34 487 290 54 132 
6 9 620 0 619 35 487 290 54 132 
6 9 620 0 619 36 485 290 54 129 
6 9 620 0 619 37 485 290 54 129 
6 9 620 0 619 38 483 289 54 130 
6 9 620 0 619 39 483 289 54 130 
6 9 620 0 619 40 483 289 54 130 
6 9 620 0 619 41 483 289 52 127 
6 9 620 0 619 42 483 289 52 127 
6 9 620 0 619 43 481 289 52 127 
6 9 620 0 619 44 481 289 52 127 
6 9 620 0 619 45 481 289 52 127 
6 9 620 0 619 46 478 287 54 127 
6 9 620 0 619 47 478 287 54 127 
6 9 620 0 619 48 475 287 58 127 
6 9 620 0 619 49 476 287 54 127 
6 9 620 0 619 50 476 287 54 127 
6 9 620 0 619 51 474 287 54 127 
6 9 620 0 619 52 474 288 54 124 
6 9 620 0 619 53 473 288 56 124 
6 9 620 0 619 54 474 285 52 127 
6 9 620 0 619 55 474 285 52 127 
6 9 620 0 619 56 471 285 54 127 
6 9 620 0 619 57 471 286 54 126 
6 9 620 0 619 58 468 286 58 126 
6 9 620 0 619 59 469 286 54 126 
6 9 620 0 619 60 469 286 54 126 
6 9 620 0 619 61 467 286 54 126 
6 9 620 0 619 62 467 284 54 126 
6 9 620 0 619 63 466 284 56 126 
6 9 620 0 619 64 467 284 52 126 
6 9 620 0 619 65 467 284 52 126 
6 9 620 0 619 66 464 284 56 126 
6 9 620 0 619 67 465 284 52 126 
6 9 620 0 619 68 462 284 56 123 
6 9 620 0 619 69 462 284 54 123 
6 9 620 0 619 70 462 283 54 124 
6 9 620 0 619 71 459 283 58 124 
6 9 620 0 619 72 460 283 54 124 
6 9 620 0 619 73 457 283 58 121 
6 9 620 0 619 74 458 283 54 121 
6 9 620 0 619 75 458 283 54 121 
6 9 620 0 619 76 457 283 56 121 
6 9 620 0 619 77 458 283 52 121 
6 9 620 0 619 78 455 281 56 123 
6 9 620 0 619 79 455 281 56 123 
6 9 620 0 619 80 455 281 54 123 
6 9 620 0 619 81 452 281 58 123 
6 9 620 0 619 82 453 281 54 123 
6 9 620 0 619 83 450 282 58 120 
6 9 620 0 619 84 450 282 58 120 
6 9 620 0 619 85 451 282 54 120 
6 9 620 0 619 86 450 279 56 123 
6 9 620 0 619 87 451 279 52 123 
6 9 620 0 619 88 451 279 52 123 
6 9 620 0 619 89 448 280 56 120 
6 9 620 0 619 90 449 280 52 120 
6 9 620 0 619 91 446 280 56 120 
6 9 620 0 619 92 446 280 54 120 
6 9 620 0 619 93 446 280 54 120 
6 9 620 0 619 94 443 278 58 120 
6 9 620 0 619 95 444 278 54 120 
6 9 620 0 619 96 441 278 58 120 
6 9 620 0 619 97 441 278 58 120 
6 9 620 0 619 98 442 278 54 120 
6 9 620 0 619 99 441 278 56 117 
6 9 620 0 619 100 442 278 52 117 
6 9 620 0 619 101 439 278 56 117 
6 9 620 0 619 102 439 276 56 120 
6 9 620 0 619 103 439 276 54 120 
6 9 620 0 619 104 436 276 58 120 
6 9 620 0 619 105 437 276 54 118 
6 9 620 0 619 106 434 276 58 118 
6 9 620 0 619 107 434 276 58 118 
6 9 620 0 619 108 435 276 54 118 
6 9 620 0 619 109 434 276 56 118 
6 9 620 0 619 110 434 275 56 117 
6 9 620 0 619 111 432 275 56 117 
6 9 620 0 619 112 432 275 56 117 
6 9 620 0 619 113 433 275 52 117 
6 9 620 0 619 114 430 275 56 117 
6 9 620 0 619 115 430 276 56 114 
6 9 620 0 619 116 427 276 58 114 
6 9 620 0 619 117 427 276 58 114 
6 9 620 0 619 118 428 273 54 117 
6 9 620 0 619 119 425 273 58 117 
6 9 620 0 619 120 425 274 58 114 
6 9 620 0 619 121 425 274 56 114 
6 9 620 0 619 122 425 274 56 114 
6 9 620 0 619 123 426 274 52 114 
6 9 620 0 619 124 423 274 56 114 
6 9 620 0 619 125 423 274 56 114 
6 9 620 0 619 126 420 271 58 115 
6 9 620 0 619 127 420 271 58 115 
6 9 620 0 619 128 420 271 58 115 
6 9 620 0 619 129 418 271 58 115 
6 9 620 0 619 130 418 271 58 115 
6 9 620 0 619 131 418 272 56 112 
6 9 620 0 619 132 418 272 56 112 
6 9 620 0 619 133 418 272 56 112 
6 9 620 0 619 134 416 269 56 115 
6 9 620 0 619 135 416 269 56 115 
6 9 620 0 619 136 414 270 56 112 
6 9 620 0 619 137 414 270 56 112 
6 9 620 0 619 138 414 270 56 112 
6 9 620 0 619 139 411 270 58 112 
6 9 620 0 619 140 411 270 58 112 
6 9 620 0 619 141 411 270 58 112 
6 9 620 0 619 142 409 269 58 111 
6 9 620 0 619 143 409 269 58 111 
6 9 620 0 619 144 409 269 58 111 
6 9 620 0 619 145 409 269 58 111 
6 9 620 0 619 146 409 269 58 111 
6 9 620 0 619 147 409 269 56 111 
6 9 620 0 619 148 409 269 56 111 
6 9 620 0 619 149 409 269 56 111 
6 9 620 0 619 150 409 270 56 108 
6 9 620 0 619 151 409 270 56 108 
6 9 620 0 619 152 407 270 56 108 
6 9 620 0 619 153 407 270 56 108 
6 9 620 0 619 154 407 270 56 108 
6 9 620 0 619 155 407 267 56 111 
6 9 620 0 619 156 407 267 56 111 
6 9 620 0 619 157 407 267 54 111 
6 9 620 0 619 158 404 267 58 111 
6 9 620 0 619 159 404 267 58 109 
6 9 620 0 619 160 404 267 58 109 
6 9 620 0 619 161 404 267 58 109 
6 9 620 0 619 162 405 267 54 109 
6 9 620 0 619 163 402 267 58 109 
6 9 620 0 619 164 402 267 58 109 
6 9 620 0 619 165 402 267 58 109 
6 9 620 0 619 166 402 267 58 109 
6 9 620 0 619 167 403 267 54 109 
6 9 620 0 619 168 403 265 54 109 
6 9 620 0 619 169 402 265 56 109 
6 9 620 0 619 170 402 265 56 109 
6 9 620 0 619 171 402 265 56 109 
6 9 620 0 619 172 403 265 52 109 
6 9 620 0 619 173 403 265 52 109 
6 9 620 0 619 174 400 265 56 109 
6 9 620 0 619 175 400 265 56 109 
6 9 620 0 619 176 400 265 56 109 
6 9 620 0 619 177 401 266 52 106 
6 9 620 0 619 178 401 266 52 106 
6 9 620 0 619 179 401 266 52 106 
6 9 620 0 619 180 398 266 56 106 
6 9 620 0 619 181 398 263 56 109 
6 9 620 0 619 182 398 263 56 109 
6 9 620 0 619 183 398 263 54 109 
6 9 620 0 619 184 398 263 54 109 
6 9 620 0 619 185 395 263 58 109 
6 9 620 0 619 186 395 264 58 106 
6 9 620 0 619 187 395 264 58 106 
6 9 620 0 619 188 396 264 54 106 
6 9 620 0 619 189 396 264 54 106 
6 9 620 0 619 190 396 264 54 106 
6 9 620 0 619 191 393 264 58 106 
6 9 620 0 619 192 393 264 58 106 
6 9 620 0 619 193 394 264 54 106 
6 9 620 0 619 194 394 264 54 106 
6 9 620 0 619 195 394 262 54 108 
6 9 620 0 619 196 393 262 56 108 
6 9 620 0 619 197 393 262 56 108 
6 9 620 0 619 198 394 262 52 108 
6 9 620 0 619 199 394 262 52 108 
6 9 620 0 619 200 394 262 52 108 
6 9 620 0 619 201 394 262 52 108 
6 9 620 0 619 202 391 262 56 108 
6 9 620 0 619 203 391 262 54 105 
6 9 620 0 619 204 391 262 54 105 
6 9 620 0 619 205 391 262 54 105 
6 9 620 0 619 206 391 262 54 105 
6 9 620 0 619 207 388 262 58 105 
6 9 620 0 619 208 389 261 54 106 
6 9 620 0 619 209 389 261 54 106 
6 9 620 0 619 210 389 261 54 106 
6 9 620 0 619 211 389 261 54 106 
6 9 620 0 619 212 389 261 54 103 
6 9 620 0 619 213 387 261 54 103 
6 9 620 0 619 214 387 261 54 103 
6 9 620 0 619 215 387 261 54 103 
6 9 620 0 619 216 387 261 54 103 
6 9 620 0 619 217 387 261 54 103 
6 9 620 0 619 218 387 261 52 103 
6 9 620 0 619 219 387 261 52 103 
6 9 620 0 619 220 387 261 52 103 
6 9 620 0 619 221 387 259 52 103 
6 9 620 0 619 222 387 259 52 103 
6 9 620 0 619 223 387 259 52 103 
6 9 620 0 619 224 385 259 52 103 
6 9 620 0 619 225 385 259 52 103 
6 9 620 0 619 226 385 259 52 103 
6 9 620 0 619 227 385 259 52 103 
6 9 620 0 619 228 385 259 52 103 
6 9 620 0 619 229 382 259 54 103 
6 9 620 0 619 230 382 260 54 100 
6 9 620 0 619 231 382 260 54 100 
6 9 620 0 619 232 382 260 54 100 
6 9 620 0 619 233 382 260 54 100 
6 9 620 0 619 234 383 257 50 103 
6 9 620 0 619 235 380 257 54 103 
6 9 620 0 619 236 380 257 54 103 
6 9 620 0 619 237 380 257 54 103 
6 9 620 0 619 238 380 257 54 103 
6 9 620 0 619 239 381 258 50 102 
6 9 620 0 619 240 378 258 54 102 
6 9 620 0 619 241 378 258 54 102 
6 9 620 0 619 242 378 258 54 102 
6 9 620 0 619 243 378 258 54 102 
6 9 620 0 619 244 379 258 50 102 
6 9 620 0 619 245 379 258 50 102 
6 9 620 0 619 246 378 258 52 102 
6 9 620 0 619 247 378 258 52 102 
6 9 620 0 619 248 378 256 52 102 
6 9 620 0 619 249 378 256 50 102 
6 9 620 0 619 250 378 256 50 102 
6 9 620 0 619 251 375 256 54 102 
6 9 620 0 619 252 375 256 54 102 
6 9 620 0 619 253 375 256 54 102 
6 9 620 0 619 254 376 256 50 102 
6 9 620 0 619 255 376 256 50 102 
6 9 620 0 619 256 376 256 50 99 
6 9 620 0 619 257 373 256 54 99 
6 9 620 0 619 258 373 256 54 99 
6 9 620 0 619 259 374 256 50 99 
6 9 620 0 619 260 374 256 50 99 
6 9 620 0 619 261 374 255 50 100 
6 9 620 0 619 262 371 255 54 100 
6 9 620 0 619 263 371 255 54 100 
6 9 620 0 619 264 371 255 54 100 
6 9 620 0 619 265 372 255 50 97 
6 9 620 0 619 266 372 255 50 97 
6 9 620 0 619 267 372 255 50 97 
6 9 620 0 619 268 371 255 52 97 
6 9 620 0 619 269 371 255 52 97 
6 9 620 0 619 270 372 255 48 97 
6 9 620 0 619 271 372 255 48 97 
6 9 620 0 619 272 372 255 48 97 
6 9 620 0 619 273 369 255 52 97 
6 9 620 0 619 274 369 253 52 99 
6 9 620 0 619 275 369 253 50 99 
6 9 620 0 619 276 369 253 50 99 
6 9 620 0 619 277 369 253 50 99 
6 9 620 0 619 278 369 253 50 99 
6 9 620 0 619 279 366 253 54 99 
6 9 620 0 619 280 367 253 50 99 
6 9 620 0 619 281 367 253 50 99 
6 9 620 0 619 282 367 253 50 99 
6 9 620 0 619 283 367 254 50 96 
6 9 620 0 619 284 364 254 54 96 
6 9 620 0 619 285 365 254 50 96 
6 9 620 0 619 286 365 254 50 96 
6 9 620 0 619 287 365 251 50 99 
6 9 620 0 619 288 365 251 50 99 
6 9 620 0 619 289 365 251 50 99 
6 9 620 0 619 290 363 251 50 99 
6 9 620 0 619 291 363 251 50 99 
6 9 620 0 619 292 363 252 50 96 
6 9 620 0 619 293 363 252 50 96 
6 9 620 0 619 294 363 252 50 96 
6 9 620 0 619 295 362 252 50 96 
6 9 620 0 619 296 362 252 50 96 
6 9 620 0 619 297 362 252 50 96 
6 9 620 0 619 298 362 252 50 96 
6 9 620 0 619 299 362 252 50 96 
6 9 620 0 619 300 362 252 50 96 
6 9 620 0 619 301 360 250 50 96 
6 9 620 0 619 302 360 250 50 96 
6 9 620 0 619 303 360 250 50 96 
6 9 620 0 619 304 360 250 50 96 
6 9 620 0 619 305 358 250 50 96 
6 9 620 0 619 306 358 250 50 96 
6 9 620 0 619 307 358 250 50 96 
6 9 620 0 619 308 358 250 50 96 
6 9 620 0 619 309 356 250 50 96 
6 9 620 0 619 310 356 250 50 96 
6 9 620 0 619 311 356 250 50 93 
6 9 620 0 619 312 356 250 50 93 
6 9 620 0 619 313 356 250 48 93 
6 9 620 0 619 314 356 250 48 93 
6 9 620 0 619 315 356 250 48 93 
6 9 620 0 619 316 356 250 48 93 
6 9 620 0 619 317 356 250 48 93 
6 9 620 0 619 318 353 250 50 93 
6 9 620 0 619 319 353 250 50 93 
6 9 620 0 619 320 353 250 50 93 
6 9 620 0 619 321 353 250 50 91 
6 9 620 0 619 322 351 250 50 91 
6 9 620 0 619 323 351 250 50 91 
6 9 620 0 619 324 351 250 50 91 
6 9 620 0 619 325 351 250 50 91 
6 9 620 0 619 326 349 250 50 91 
6 9 620 0 619 327 349 250 50 91 
6 9 620 0 619 328 349 250 50 91 
6 9 620 0 619 329 349 250 50 91 
6 9 620 0 619 330 349 250 50 91 
6 9 620 0 619 331 347 248 50 91 
6 9 620 0 619 332 347 248 50 91 
6 9 620 0 619 333 347 248 50 91 
6 9 620 0 619 334 347 248 50 91 
6 9 620 0 619 335 346 248 50 91 
6 9 620 0 619 336 346 248 50 91 
6 9 620 0 619 337 346 248 50 91 
6 9 620 0 619 338 346 248 50 91 
6 9 620 0 619 339 344 248 50 91 
6 9 620 0 619 340 344 248 50 91 
6 9 620 0 619 341 344 249 50 88 
6 9 620 0 619 342 344 249 50 88 
6 9 620 0 619 343 342 249 50 88 
6 9 620 0 619 344 342 249 50 88 
6 9 620 0 619 345 342 249 50 88 
6 9 620 0 619 346 342 249 50 88 
6 9 620 0 619 347 342 249 50 88 
6 9 620 0 619 348 340 249 50 88 
6 9 620 0 619 349 340 249 50 88 
6 9 620 0 619 350 340 249 50 88 
6 9 620 0 619 351 340 249 50 85 
6 9 620 0 619 352 340 249 48 85 
6 9 620 0 619 353 340 249 48 85 
6 9 620 0 619 354 340 249 48 85 
6 9 620 0 619 355 340 249 48 85 
6 9 620 0 619 356 337 249 50 85 
6 9 620 0 619 357 337 249 50 85 
6 9 620 0 619 358 337 249 50 85 
6 9 620 0 619 359 337 249 50 85 
6 9 620 0 619 360 337 249 50 85 
6 9 620 0 619 361 335 248 50 85 
6 9 620 0 619 362 335 248 50 85 
6 9 620 0 619 363 335 248 50 85 
6 9 620 0 619 364 333 248 50 85 
6 9 620 0 619 365 333 248 50 85 
6 9 620 0 619 366 333 248 50 85 
6 9 620 0 619 367 333 248 50 85 
6 9 620 0 619 368 331 248 50 85 
6 9 620 0 619 369 331 248 50 85 
6 9 620 0 619 370 331 248 50 85 
6 9 620 0 619 371 330 248 50 85 
6 9 620 0 619 372 330 248 50 85 
6 9 620 0 619 373 330 248 50 85 
6 9 620 0 619 374 330 246 50 85 
6 9 620 0 619 375 328 246 50 85 
6 9 620 0 619 376 328 246 50 85 
6 9 620 0 619 377 328 246 50 85 
6 9 620 0 619 378 328 246 50 85 
6 9 620 0 619 379 326 246 50 85 
6 9 620 0 619 380 326 246 50 85 
6 9 620 0 619 381 326 246 50 85 
6 9 620 0 619 382 324 246 50 85 
6 9 620 0 619 383 324 246 50 85 
6 9 620 0 619 384 324 246 50 85 
6 9 620 0 619 385 324 246 50 85 
6 9 620 0 619 386 324 246 48 85 
6 9 620 0 619 387 324 244 48 85 
6 9 620 0 619 388 324 244 48 85 
6 9 620 0 619 389 324 244 48 85 
6 9 620 0 619 390 321 244 50 85 
6 9 620 0 619 391 321 244 50 85 
6 9 620 0 619 392 321 244 50 85 
6 9 620 0 619 393 319 244 50 85 
6 9 620 0 619 394 319 244 50 85 
6 9 620 0 619 395 319 244 50 85 
6 9 620 0 619 396 319 244 50 85 
6 9 620 0 619 397 317 244 50 85 
6 9 620 0 619 398 317 244 50 85 
6 9 620 0 619 399 317 244 50 85 
6 9 620 0 619 400 317 244 50 85 
6 9 620 0 619 401 315 242 50 85 
6 9 620 0 619 402 315 242 50 85 
6 9 620 0 619 403 315 242 50 85 
6 9 620 0 619 404 314 242 50 85 
6 9 620 0 619 405 314 242 50 85 
6 9 620 0 619 406 314 242 50 85 
6 9 620 0 619 407 314 242 50 85 
6 9 620 0 619 408 312 242 50 85 
6 9 620 0 619 409 312 242 50 85 
6 9 620 0 619 410 312 242 50 85 
6 9 620 0 619 411 310 242 50 85 
6 9 620 0 619 412 310 242 50 85 
6 9 620 0 619 413 310 242 50 85 
6 9 620 0 619 414 310 242 50 84 
6 9 620 0 619 415 308 242 50 84 
6 9 620 0 619 416 308 242 50 84 
6 9 620 0 619 417 308 242 50 84 
6 9 620 0 619 418 308 242 50 84 
6 9 620 0 619 419 308 242 48 84 
6 9 620 0 619 420 308 242 48 84 
6 9 620 0 619 421 308 242 48 84 
6 9 620 0 619 422 305 242 50 84 
6 9 620 0 619 423 305 242 50 84 
6 9 620 0 619 424 305 242 50 84 
6 9 620 0 619 425 305 242 50 84 
6 9 620 0 619 426 303 242 50 84 
6 9 620 0 619 427 303 239 50 85 
6 9 620 0 619 428 303 239 50 85 
6 9 620 0 619 429 303 239 50 85 
6 9 620 0 619 430 301 239 50 85 
6 9 620 0 619 431 301 239 50 85 
6 9 620 0 619 432 301 239 50 85 
6 9 620 0 619 433 299 239 50 85 
6 9 620 0 619 434 299 239 50 85 
6 9 620 0 619 435 299 239 50 85 
6 9 620 0 619 436 299 239 50 85 
6 9 620 0 619 437 298 239 50 85 
6 9 620 0 619 438 298 239 50 85 
6 9 620 0 619 439 298 239 50 85 
6 9 620 0 619 440 298 239 50 85 
6 9 620 0 619 441 296 237 50 85 
6 9 620 0 619 442 296 237 50 85 
6 9 620 0 619 443 296 237 50 85 
6 9 620 0 619 444 296 237 50 85 
6 9 620 0 619 445 296 237 50 85 
6 9 620 0 619 446 296 237 50 85 
6 9 620 0 619 447 294 237 50 85 
6 9 620 0 619 448 294 237 50 85 
6 9 620 0 619 449 294 237 50 85 
6 9 620 0 619 450 294 237 50 85 
6 9 620 0 619 451 294 237 50 85 
6 9 620 0 619 452 294 237 50 85 
6 9 620 0 619 453 292 237 50 85 
6 9 620 0 619 454 292 237 50 85 
6 9 620 0 619 455 292 237 50 85 
6 9 620 0 619 456 292 238 50 82 
6 9 620 0 619 457 292 238 50 82 
6 9 620 0 619 458 292 238 50 82 
6 9 620 0 619 459 292 238 50 82 
6 9 620 0 619 460 292 238 48 82 
6 9 620 0 619 461 292 238 48 82 
6 9 620 0 619 462 292 238 48 82 
6 9 620 0 619 463 292 235 48 85 
6 9 620 0 619 464 292 235 48 85 
6 9 620 0 619 465 292 235 48 85 
6 9 620 0 619 466 289 235 50 85 
6 9 620 0 619 467 289 235 50 85 
6 9 620 0 619 468 289 235 50 85 
6 9 620 0 619 469 289 235 50 85 
6 9 620 0 619 470 289 235 50 85 
6 9 620 0 619 471 289 235 50 85 
6 9 620 0 619 472 289 236 50 82 
6 9 620 0 619 473 287 236 50 82 
6 9 620 0 619 474 287 236 50 82 
6 9 620 0 619 475 287 236 50 82 
6 9 620 0 619 476 287 236 50 82 
6 9 620 0 619 477 287 236 50 82 
6 9 620 0 619 478 287 236 50 82 
6 9 620 0 619 479 285 236 50 82 
6 9 620 0 619 480 285 236 50 82 
6 9 620 0 619 481 285 236 50 82 
6 9 620 0 619 482 285 236 50 82 
6 9 620 0 619 483 285 236 50 82 
6 9 620 0 619 484 285 236 50 82 
6 9 620 0 619 485 285 233 50 85 
6 9 620 0 619 486 283 233 50 85 
6 9 620 0 619 487 283 233 50 85 
6 9 620 0 619 488 283 234 50 84 
6 9 620 0 619 489 283 234 50 84 
6 9 620 0 619 490 283 234 50 84 
6 9 620 0 619 491 283 234 50 84 
6 9 620 0 619 492 282 234 50 84 
6 9 620 0 619 493 282 234 50 84 
6 9 620 0 619 494 282 234 50 84 
6 9 620 0 619 495 282 234 50 84 
6 9 620 0 619 496 282 234 50 84 
6 9 620 0 619 497 282 234 50 84 
6 9 620 0 619 498 282 234 50 84 
6 9 620 0 619 499 280 234 50 84 
6 9 620 0 619 500 280 234 50 84 
6 9 620 0 619 501 280 234 50 84 
6 9 620 0 619 502 280 234 50 84 
6 9 620 0 619 503 280 234 50 81 
6 9 620 0 619 504 280 234 50 81 
6 9 620 0 619 505 278 234 50 81 
6 9 620 0 619 506 278 234 50 81 
6 9 620 0 619 507 278 233 50 82 
6 9 620 0 619 508 278 233 50 82 
6 9 620 0 619 509 278 233 50 82 
6 9 620 0 619 510 278 233 50 82 
6 9 620 0 619 511 278 233 50 82 
6 9 620 0 619 512 276 233 50 82 
6 9 620 0 619 513 276 233 50 82 
6 9 620 0 619 514 276 233 50 82 
6 9 620 0 619 515 276 233 50 82 
6 9 620 0 619 516 276 233 50 82 
6 9 620 0 619 517 276 233 50 82 
6 9 620 0 619 518 276 233 48 82 
6 9 620 0 619 519 276 233 48 79 
6 9 620 0 619 520 276 233 48 79 
6 9 620 0 619 521 276 233 48 79 
6 9 620 0 619 522 276 233 48 79 
6 9 620 0 619 523 276 233 48 79 
6 9 620 0 619 524 276 233 48 79 
6 9 620 0 619 525 273 233 50 79 
6 9 620 0 619 526 273 233 50 79 
6 9 620 0 619 527 273 233 50 79 
6 9 620 0 619 528 273 233 50 79 
6 9 620 0 619 529 273 231 50 82 
6 9 620 0 619 530 273 231 50 82 
6 9 620 0 619 531 271 231 50 82 
6 9 620 0 619 532 271 231 50 82 
6 9 620 0 619 533 271 231 50 82 
6 9 620 0 619 534 271 231 50 82 
6 9 620 0 619 535 271 231 50 79 
6 9 620 0 619 536 271 231 50 79 
6 9 620 0 619 537 271 231 50 79 
6 9 620 0 619 538 269 231 50 79 
6 9 620 0 619 539 269 231 50 79 
6 9 620 0 619 540 269 231 50 79 
6 9 620 0 619 541 269 231 50 79 
6 9 620 0 619 542 269 231 50 79 
6 9 620 0 619 543 269 231 50 79 
6 9 620 0 619 544 267 231 50 79 
6 9 620 0 619 545 267 231 50 79 
6 9 620 0 619 546 267 231 50 79 
6 9 620 0 619 547 267 231 50 79 
6 9 620 0 619 548 267 231 50 79 
6 9 620 0 619 549 267 231 50 79 
6 9 620 0 619 550 267 231 50 79 
6 9 620 0 619 551 266 229 50 79 
6 9 620 0 619 552 266 229 50 79 
6 9 620 0 619 553 266 229 50 79 
6 9 620 0 619 554 266 229 50 79 
6 9 620 0 619 555 266 229 50 79 
6 9 620 0 619 556 266 229 50 79 
6 9 620 0 619 557 266 229 50 79 
6 9 620 0 619 558 266 229 50 79 
6 9 620 0 619 559 266 229 50 79 
6 9 620 0 619 560 266 229 50 79 
6 9 620 0 619 561 266 229 50 79 
6 9 620 0 619 562 266 229 50 79 
6 9 620 0 619 563 264 229 50 79 
6 9 620 0 619 564 264 229 50 79 
6 9 620 0 619 565 264 229 50 79 
6 9 620 0 619 566 264 229 50 79 
6 9 620 0 619 567 264 230 50 78 
6 9 620 0 619 568 264 230 50 78 
6 9 620 0 619 569 264 230 50 78 
6 9 620 0 619 570 264 230 50 78 
6 9 620 0 619 571 264 230 50 78 
6 9 620 0 619 572 264 230 50 78 
6 9 620 0 619 573 264 230 50 78 
6 9 620 0 619 574 264 230 50 78 
6 9 620 0 619 575 264 230 50 78 
6 9 620 0 619 576 262 227 50 81 
6 9 620 0 619 577 262 227 50 81 
6 9 620 0 619 578 262 227 50 81 
6 9 620 0 619 579 262 227 50 81 
6 9 620 0 619 580 262 227 50 81 
6 9 620 0 619 581 262 227 50 81 
6 9 620 0 619 582 262 227 50 81 
6 9 620 0 619 583 262 227 50 81 
6 9 620 0 619 584 262 228 50 78 
6 9 620 0 619 585 262 228 50 78 
6 9 620 0 619 586 262 228 50 78 
6 9 620 0 619 587 262 228 50 78 
6 9 620 0 619 588 260 228 50 78 
6 9 620 0 619 589 260 228 50 78 
6 9 620 0 619 590 260 228 50 78 
6 9 620 0 619 591 260 228 50 78 
6 9 620 0 619 592 260 228 50 78 
6 9 620 0 619 593 260 228 50 78 
6 9 620 0 619 594 260 228 50 78 
6 9 620 0 619 595 260 228 50 78 
6 9 620 0 619 596 260 228 50 78 
6 9 620 0 619 597 260 228 50 78 
6 9 620 0 619 598 260 228 50 78 
6 9 620 0 619 599 260 228 50 78 
6 9 620 0 619 600 260 228 50 78 
6 9 620 0 619 601 261 228 46 75 
6 9 620 0 619 602 261 228 46 75 
6 9 620 0 619 603 261 228 46 75 
6 9 620 0 619 604 261 228 46 75 
6 9 620 0 619 605 261 228 46 75 
6 9 620 0 619 606 261 228 46 75 
6 9 620 0 619 607 262 229 44 72 
6 9 620 0 619 608 262 229 44 72 
6 9 620 0 619 609 262 229 44 72 
6 9 620 0 619 610 265 229 40 72 
6 9 620 0 619 611 265 229 40 72 
6 9 620 0 619 612 265 229 40 72 
6 9 620 0 619 613 265 229 40 72 
6 9 620 0 619 614 266 229 36 70 
6 9 620 0 619 615 266 229 36 70 
6 9 620 0 619 616 266 229 36 70 
6 9 620 0 619 617 266 229 36 70 
6 9 620 0 619 618 266 229 36 70 
6 9 620 0 619 619 266 229 36 70 
7 12 50 282 331 282 258 221 70 66 
7 12 50 282 331 283 258 221 70 66 
7 12 50 282 331 284 258 221 70 66 
7 12 50 282 331 285 258 221 70 66 
7 12 50 282 331 286 258 221 70 66 
7 12 50 282 331 287 258 221 70 66 
7 12 50 282 331 288 258 221 70 66 
7 12 50 282 331 289 258 221 70 66 
7 12 50 282 331 290 258 221 70 66 
7 12 50 282 331 291 258 221 70 66 
7 12 50 282 331 292 258 221 70 66 
7 12 50 282 331 293 258 221 70 66 
7 12 50 282 331 294 258 221 70 66 
7 12 50 282 331 295 258 221 70 66 
7 12 50 282 331 296 258 221 70 66 
7 12 50 282 331 297 258 221 70 66 
7 12 50 282 331 298 258 221 70 66 
7 12 50 282 331 299 258 221 70 66 
7 12 50 282 331 300 258 221 70 66 
7 12 50 282 331 301 258 221 70 66 
7 12 50 282 331 302 258 221 70 66 
7 12 50 282 331 303 258 221 70 66 
7 12 50 282 331 304 258 221 70 66 
7 12 50 282 331 305 258 221 70 66 
7 12 50 282 331 306 258 221 70 66 
7 12 50 282 331 307 258 221 70 66 
7 12 50 282 331 308 258 221 70 66 
7 12 50 282 331 309 258 221 70 66 
7 12 50 282 331 310 258 221 70 66 
7 12 50 282 331 311 258 221 70 66 
7 12 50 282 331 312 258 221 70 66 
7 12 50 282 331 313 258 221 70 66 
7 12 50 282 331 314 258 221 70 66 
7 12 50 282 331 315 258 221 70 66 
7 12 50 282 331 316 258 221 70 66 
7 12 50 282 331 317 258 221 70 66 
7 12 50 282 331 318 258 221 70 66 
7 12 50 282 331 319 258 221 70 66 
7 12 50 282 331 320 258 221 70 66 
7 12 50 282 331 321 258 221 70 66 
7 12 50 282 331 322 258 221 70 66 
7 12 50 282 331 323 258 221 70 66 
7 12 50 282 331 324 258 221 70 66 
7 12 50 282 331 325 258 221 70 66 
7 12 50 282 331 326 258 221 70 66 
7 12 50 282 331 327 258 221 70 66 
7 12 50 282 331 328 258 221 70 66 
7 12 50 282 331 329 258 221 70 66 
7 12 50 282 331 330 258 221 70 66 
7 12 50 282 331 331 258 221 70 66 
8 12 89 317 405 317 280 228 60 73 
8 12 89 317 405 318 280 228 60 73 
8 12 89 317 405 319 280 228 60 73 
8 12 89 317 405 320 280 228 60 73 
8 12 89 317 405 321 280 228 60 73 
8 12 89 317 405 322 280 228 60 73 
8 12 89 317 405 323 280 228 60 73 
8 12 89 317 405 324 280 228 60 73 
8 12 89 317 405 325 280 228 60 73 
8 12 89 317 405 326 280 228 60 73 
8 12 89 317 405 327 280 228 60 73 
8 12 89 317 405 328 280 228 60 73 
8 12 89 317 405 329 280 228 60 73 
8 12 89 317 405 330 280 228 60 73 
8 12 89 317 405 331 280 228 60 73 
8 12 89 317 405 332 280 228 60 73 
8 12 89 317 405 333 280 228 60 73 
8 12 89 317 405 334 280 228 60 73 
8 12 89 317 405 335 280 228 60 73 
8 12 89 317 405 336 280 228 60 73 
8 12 89 317 405 337 280 228 60 73 
8 12 89 317 405 338 280 228 60 73 
8 12 89 317 405 339 280 228 60 73 
8 12 89 317 405 340 280 228 60 73 
8 12 89 317 405 341 280 228 60 73 
8 12 89 317 405 342 280 228 60 73 
8 12 89 317 405 343 280 228 60 73 
8 12 89 317 405 344 280 228 60 73 
8 12 89 317 405 345 280 228 60 73 
8 12 89 317 405 346 280 228 60 73 
8 12 89 317 405 347 280 228 60 73 
8 12 89 317 405 348 280 228 60 73 
8 12 89 317 405 349 280 228 60 73 
8 12 89 317 405 350 280 228 60 73 
8 12 89 317 405 351 280 228 60 73 
8 12 89 317 405 352 280 228 60 73 
8 12 89 317 405 353 280 228 60 73 
8 12 89 317 405 354 280 228 60 73 
8 12 89 317 405 355 280 228 60 73 
8 12 89 317 405 356 280 228 60 73 
8 12 89 317 405 357 280 228 60 73 
8 12 89 317 405 358 280 228 60 73 
8 12 89 317 405 359 280 228 60 73 
8 12 89 317 405 360 280 228 60 73 
8 12 89 317 405 361 280 228 60 73 
8 12 89 317 405 362 280 228 60 73 
8 12 89 317 405 363 280 228 60 73 
8 12 89 317 405 364 280 228 60 73 
8 12 89 317 405 365 280 228 60 73 
8 12 89 317 405 366 280 228 60 73 
8 12 89 317 405 367 280 228 60 73 
8 12 89 317 405 368 280 228 60 73 
8 12 89 317 405 369 280 228 60 73 
8 12 89 317 405 370 280 228 60 73 
8 12 89 317 405 371 280 228 60 73 
8 12 89 317 405 372 280 228 60 73 
8 12 89 317 405 373 280 228 60 73 
8 12 89 317 405 374 280 228 60 73 
8 12 89 317 405 375 280 228 60 73 
8 12 89 317 405 376 280 228 60 73 
8 12 89 317 405 377 280 228 60 73 
8 12 89 317 405 378 280 228 60 73 
8 12 89 317 405 379 280 228 60 73 
8 12 89 317 405 380 280 228 60 73 
8 12 89 317 405 381 280 228 60 73 
8 12 89 317 405 382 280 228 60 73 
8 12 89 317 405 383 280 228 60 73 
8 12 89 317 405 384 280 228 60 73 
8 12 89 317 405 385 280 228 60 73 
8 12 89 317 405 386 280 228 60 73 
8 12 89 317 405 387 280 228 60 73 
8 12 89 317 405 388 280 228 60 73 
8 12 89 317 405 389 280 228 60 73 
8 12 89 317 405 390 280 228 60 73 
8 12 89 317 405 391 280 228 60 73 
8 12 89 317 405 392 280 228 60 73 
8 12 89 317 405 393 280 228 60 73 
8 12 89 317 405 394 280 228 60 73 
8 12 89 317 405 395 280 228 60 73 
8 12 89 317 405 396 280 228 60 73 
8 12 89 317 405 397 280 228 60 73 
8 12 89 317 405 398 280 228 60 73 
8 12 89 317 405 399 280 228 60 73 
8 12 89 317 405 400 280 228 60 73 
8 12 89 317 405 401 280 228 60 73 
8 12 89 317 405 402 280 228 60 73 
8 12 89 317 405 403 280 228 60 73 
8 12 89 317 405 404 280 228 60 73 
8 12 89 317 405 405 280 228 60 73 
9 11 142 762 903 762 252 220 92 72 
9 11 142 762 903 763 252 220 92 72 
9 11 142 762 903 764 252 220 92 72 
9 11 142 762 903 765 252 220 92 72 
9 11 142 762 903 766 252 220 92 72 
9 11 142 762 903 767 252 220 92 72 
9 11 142 762 903 768 252 220 92 72 
9 11 142 762 903 769 252 220 92 72 
9 11 142 762 903 770 252 220 92 72 
9 11 142 762 903 771 252 220 92 72 
9 11 142 762 903 772 252 220 92 72 
9 11 142 762 903 773 252 220 92 72 
9 11 142 762 903 774 252 220 92 72 
9 11 142 762 903 775 252 220 92 72 
9 11 142 762 903 776 252 220 92 72 
9 11 142 762 903 777 252 220 92 72 
9 11 142 762 903 778 252 220 92 72 
9 11 142 762 903 779 252 220 92 72 
9 11 142 762 903 780 252 220 92 72 
9 11 142 762 903 781 252 220 92 72 
9 11 142 762 903 782 252 220 92 72 
9 11 142 762 903 783 252 220 92 72 
9 11 142 762 903 784 252 220 92 72 
9 11 142 762 903 785 252 220 92 72 
9 11 142 762 903 786 252 220 92 72 
9 11 142 762 903 787 252 220 92 72 
9 11 142 762 903 788 252 220 92 72 
9 11 142 762 903 789 252 220 92 72 
9 11 142 762 903 790 252 220 92 72 
9 11 142 762 903 791 252 220 92 72 
9 11 142 762 903 792 252 220 92 72 
9 11 142 762 903 793 252 220 92 72 
9 11 142 762 903 794 252 220 92 72 
9 11 142 762 903 795 252 220 92 72 
9 11 142 762 903 796 252 220 92 72 
9 11 142 762 903 797 252 220 92 72 
9 11 142 762 903 798 252 220 92 72 
9 11 142 762 903 799 252 220 92 72 
9 11 142 762 903 800 252 220 92 72 
9 11 142 762 903 801 252 220 92 72 
9 11 142 762 903 802 252 220 92 72 
9 11 142 762 903 803 252 220 92 72 
9 11 142 762 903 804 252 220 92 72 
9 11 142 762 903 805 252 220 92 72 
9 11 142 762 903 806 252 220 92 72 
9 11 142 762 903 807 252 220 92 72 
9 11 142 762 903 808 252 220 92 72 
9 11 142 762 903 809 252 220 92 72 
9 11 142 762 903 810 252 220 92 72 
9 11 142 762 903 811 252 220 92 72 
9 11 142 762 903 812 252 220 92 72 
9 11 142 762 903 813 252 220 92 72 
9 11 142 762 903 814 252 220 92 72 
9 11 142 762 903 815 252 220 92 72 
9 11 142 762 903 816 252 220 92 72 
9 11 142 762 903 817 252 220 92 72 
9 11 142 762 903 818 252 220 92 72 
9 11 142 762 903 819 252 220 92 72 
9 11 142 762 903 820 252 220 92 72 
9 11 142 762 903 821 252 220 92 72 
9 11 142 762 903 822 252 220 92 72 
9 11 142 762 903 823 252 220 92 72 
9 11 142 762 903 824 252 220 92 72 
9 11 142 762 903 825 252 220 92 72 
9 11 142 762 903 826 252 220 92 72 
9 11 142 762 903 827 252 220 92 72 
9 11 142 762 903 828 252 220 92 72 
9 11 142 762 903 829 252 220 92 72 
9 11 142 762 903 830 252 220 92 72 
9 11 142 762 903 831 252 220 92 72 
9 11 142 762 903 832 252 220 92 72 
9 11 142 762 903 833 252 220 92 72 
9 11 142 762 903 834 252 220 92 72 
9 11 142 762 903 835 252 220 92 72 
9 11 142 762 903 836 252 220 92 72 
9 11 142 762 903 837 252 220 92 72 
9 11 142 762 903 838 252 220 92 72 
9 11 142 762 903 839 252 220 92 72 
9 11 142 762 903 840 252 220 92 72 
9 11 142 762 903 841 252 220 92 72 
9 11 142 762 903 842 252 220 92 72 
9 11 142 762 903 843 252 220 92 72 
9 11 142 762 903 844 252 220 92 72 
9 11 142 762 903 845 252 220 92 72 
9 11 142 762 903 846 252 220 92 72 
9 11 142 762 903 847 252 220 92 72 
9 11 142 762 903 848 252 220 92 72 
9 11 142 762 903 849 252 220 92 72 
9 11 142 762 903 850 252 220 92 72 
9 11 142 762 903 851 252 220 92 72 
9 11 142 762 903 852 252 220 92 72 
9 11 142 762 903 853 252 220 92 72 
9 11 142 762 903 854 252 220 92 72 
9 11 142 762 903 855 252 220 92 72 
9 11 142 762 903 856 252 220 92 72 
9 11 142 762 903 857 252 220 92 72 
9 11 142 762 903 858 252 220 92 72 
9 11 142 762 903 859 252 220 92 72 
9 11 142 762 903 860 252 220 92 72 
9 11 142 762 903 861 252 220 92 72 
9 11 142 762 903 862 252 220 92 72 
9 11 142 762 903 863 252 220 92 72 
9 11 142 762 903 864 252 220 92 72 
9 11 142 762 903 865 252 220 92 72 
9 11 142 762 903 866 252 220 92 72 
9 11 142 762 903 867 252 220 92 72 
9 11 142 762 903 868 252 220 92 72 
9 11 142 762 903 869 252 220 92 72 
9 11 142 762 903 870 252 220 92 72 
9 11 142 762 903 871 252 220 92 72 
9 11 142 762 903 872 252 220 92 72 
9 11 142 762 903 873 252 220 92 72 
9 11 142 762 903 874 252 220 92 72 
9 11 142 762 903 875 252 220 92 72 
9 11 142 762 903 876 252 220 92 72 
9 11 142 762 903 877 252 220 92 72 
9 11 142 762 903 878 252 220 92 72 
9 11 142 762 903 879 252 220 92 72 
9 11 142 762 903 880 252 220 92 72 
9 11 142 762 903 881 252 220 92 72 
9 11 142 762 903 882 252 220 92 72 
9 11 142 762 903 883 252 220 92 72 
9 11 142 762 903 884 252 220 92 72 
9 11 142 762 903 885 252 220 92 72 
9 11 142 762 903 886 252 220 92 72 
9 11 142 762 903 887 252 220 92 72 
9 11 142 762 903 888 252 220 92 72 
9 11 142 762 903 889 252 220 92 72 
9 11 142 762 903 890 252 220 92 72 
9 11 142 762 903 891 252 220 92 72 
9 11 142 762 903 892 252 220 92 72 
9 11 142 762 903 893 252 220 92 72 
9 11 142 762 903 894 252 220 92 72 
9 11 142 762 903 895 252 220 92 72 
9 11 142 762 903 896 252 220 92 72 
9 11 142 762 903 897 252 220 92 72 
9 11 142 762 903 898 252 220 92 72 
9 11 142 762 903 899 252 220 92 72 
9 11 142 762 903 900 252 220 92 72 
9 11 142 762 903 901 252 220 92 72 
9 11 142 762 903 902 252 220 92 72 
9 11 142 762 903 903 252 220 92 72 
10 9 74 933 1006 933 958 372 82 184 
10 9 74 933 1006 934 956 372 80 184 
10 9 74 933 1006 935 949 370 82 184 
10 9 74 933 1006 936 946 370 82 184 
10 9 74 933 1006 937 942 370 82 184 
10 9 74 933 1006 938 937 369 84 186 
10 9 74 933 1006 939 932 369 86 186 
10 9 74 933 1006 940 930 369 84 186 
10 9 74 933 1006 941 923 367 86 186 
10 9 74 933 1006 942 921 367 84 186 
10 9 74 933 1006 943 916 367 86 186 
10 9 74 933 1006 944 911 364 88 189 
10 9 74 933 1006 945 906 364 90 189 
10 9 74 933 1006 946 904 364 88 189 
10 9 74 933 1006 947 899 362 90 189 
10 9 74 933 1006 948 897 362 88 189 
10 9 74 933 1006 949 892 362 90 189 
10 9 74 933 1006 950 890 362 88 189 
10 9 74 933 1006 951 886 360 88 190 
10 9 74 933 1006 952 881 360 90 190 
10 9 74 933 1006 953 879 360 88 190 
10 9 74 933 1006 954 874 360 90 190 
10 9 74 933 1006 955 872 359 88 189 
10 9 74 933 1006 956 870 359 88 189 
10 9 74 933 1006 957 865 359 90 189 
10 9 74 933 1006 958 863 359 88 189 
10 9 74 933 1006 959 858 357 90 189 
10 9 74 933 1006 960 856 357 88 189 
10 9 74 933 1006 961 851 357 90 189 
10 9 74 933 1006 962 849 357 88 189 
10 9 74 933 1006 963 844 355 90 189 
10 9 74 933 1006 964 842 355 88 189 
10 9 74 933 1006 965 838 355 88 189 
10 9 74 933 1006 966 835 355 90 189 
10 9 74 933 1006 967 833 353 88 190 
10 9 74 933 1006 968 828 353 90 190 
10 9 74 933 1006 969 827 353 86 187 
10 9 74 933 1006 970 825 352 84 189 
10 9 74 933 1006 971 822 353 86 186 
10 9 74 933 1006 972 818 353 86 186 
10 9 74 933 1006 973 815 353 86 183 
10 9 74 933 1006 974 814 351 82 186 
10 9 74 933 1006 975 812 351 80 183 
10 9 74 933 1006 976 809 351 82 183 
10 9 74 933 1006 977 805 351 82 181 
10 9 74 933 1006 978 802 349 82 184 
10 9 74 933 1006 979 801 349 78 181 
10 9 74 933 1006 980 797 349 78 181 
10 9 74 933 1006 981 796 349 78 181 
10 9 74 933 1006 982 792 349 78 181 
10 9 74 933 1006 983 788 349 80 181 
10 9 74 933 1006 984 787 349 78 181 
10 9 74 933 1006 985 783 349 78 181 
10 9 74 933 1006 986 780 349 78 181 
10 9 74 933 1006 987 778 349 78 181 
10 9 74 933 1006 988 774 347 78 181 
10 9 74 933 1006 989 772 347 80 181 
10 9 74 933 1006 990 769 347 78 181 
10 9 74 933 1006 991 767 348 78 178 
10 9 74 933 1006 992 765 348 78 178 
10 9 74 933 1006 993 762 348 78 178 
10 9 74 933 1006 994 760 348 78 177 
10 9 74 933 1006 995 756 346 80 180 
10 9 74 933 1006 996 755 346 78 180 
10 9 74 933 1006 997 753 346 78 177 
10 9 74 933 1006 998 749 346 78 177 
10 9 74 933 1006 999 748 346 78 177 
10 9 74 933 1006 1000 744 347 78 174 
10 9 74 933 1006 1001 742 347 78 174 
10 9 74 933 1006 1002 740 347 80 174 
10 9 74 933 1006 1003 737 346 78 172 
10 9 74 933 1006 1004 733 346 78 169 
10 9 74 933 1006 1005 730 344 78 171 
10 9 74 933 1006 1006 728 344 78 171 
11 9 226 781 1006 781 354 240 46 79 
11 9 226 781 1006 782 354 241 46 76 
11 9 226 781 1006 783 354 241 46 76 
11 9 226 781 1006 784 354 241 46 76 
11 9 226 781 1006 785 354 241 46 76 
11 9 226 781 1006 786 356 241 46 76 
11 9 226 781 1006 787 356 241 46 76 
11 9 226 781 1006 788 356 241 46 76 
11 9 226 781 1006 789 356 241 46 76 
11 9 226 781 1006 790 357 241 46 76 
11 9 226 781 1006 791 357 239 46 90 
11 9 226 781 1006 792 357 239 46 87 
11 9 226 781 1006 793 357 239 46 87 
11 9 226 781 1006 794 357 239 46 85 
11 9 226 781 1006 795 357 239 46 85 
11 9 226 781 1006 796 357 240 46 82 
11 9 226 781 1006 797 357 240 46 82 
11 9 226 781 1006 798 357 240 46 79 
11 9 226 781 1006 799 357 240 46 79 
11 9 226 781 1006 800 359 243 46 76 
11 9 226 781 1006 801 359 240 46 93 
11 9 226 781 1006 802 359 241 46 90 
11 9 226 781 1006 803 359 241 46 87 
11 9 226 781 1006 804 359 241 46 87 
11 9 226 781 1006 805 359 242 46 84 
11 9 226 781 1006 806 359 242 46 84 
11 9 226 781 1006 807 359 242 46 82 
11 9 226 781 1006 808 359 242 46 82 
11 9 226 781 1006 809 359 242 46 79 
11 9 226 781 1006 810 361 244 46 78 
11 9 226 781 1006 811 361 241 46 94 
11 9 226 781 1006 812 361 241 46 91 
11 9 226 781 1006 813 361 241 46 91 
11 9 226 781 1006 814 361 241 46 91 
11 9 226 781 1006 815 361 242 46 88 
11 9 226 781 1006 816 363 242 46 88 
11 9 226 781 1006 817 363 242 46 88 
11 9 226 781 1006 818 363 242 46 85 
11 9 226 781 1006 819 363 242 46 85 
11 9 226 781 1006 820 364 245 48 82 
11 9 226 781 1006 821 364 243 48 91 
11 9 226 781 1006 822 364 244 48 88 
11 9 226 781 1006 823 364 244 48 88 
11 9 226 781 1006 824 364 244 48 88 
11 9 226 781 1006 825 364 244 48 85 
11 9 226 781 1006 826 364 244 48 85 
11 9 226 781 1006 827 364 244 48 85 
11 9 226 781 1006 828 364 245 48 82 
11 9 226 781 1006 829 364 245 48 82 
11 9 226 781 1006 830 366 245 46 82 
11 9 226 781 1006 831 366 244 46 88 
11 9 226 781 1006 832 366 244 46 88 
11 9 226 781 1006 833 366 244 46 88 
11 9 226 781 1006 834 366 244 46 88 
11 9 226 781 1006 835 366 244 46 88 
11 9 226 781 1006 836 366 243 46 91 
11 9 226 781 1006 837 366 243 46 91 
11 9 226 781 1006 838 366 243 46 91 
11 9 226 781 1006 839 366 243 46 91 
11 9 226 781 1006 840 366 243 46 91 
11 9 226 781 1006 841 366 243 46 93 
11 9 226 781 1006 842 366 243 46 91 
11 9 226 781 1006 843 366 243 46 91 
11 9 226 781 1006 844 366 243 46 91 
11 9 226 781 1006 845 366 244 46 88 
11 9 226 781 1006 846 366 244 46 88 
11 9 226 781 1006 847 366 244 46 88 
11 9 226 781 1006 848 366 244 46 85 
11 9 226 781 1006 849 366 244 46 85 
11 9 226 781 1006 850 368 247 46 82 
11 9 226 781 1006 851 368 245 46 96 
11 9 226 781 1006 852 368 245 46 93 
11 9 226 781 1006 853 368 245 46 93 
11 9 226 781 1006 854 368 246 46 90 
11 9 226 781 1006 855 368 246 46 90 
11 9 226 781 1006 856 368 246 46 88 
11 9 226 781 1006 857 368 246 46 88 
11 9 226 781 1006 858 368 246 46 85 
11 9 226 781 1006 859 368 246 46 85 
11 9 226 781 1006 860 368 246 46 85 
11 9 226 781 1006 861 368 245 46 93 
11 9 226 781 1006 862 368 246 46 90 
11 9 226 781 1006 863 368 246 46 90 
11 9 226 781 1006 864 368 246 46 90 
11 9 226 781 1006 865 368 246 46 90 
11 9 226 781 1006 866 368 248 46 87 
11 9 226 781 1006 867 368 248 46 87 
11 9 226 781 1006 868 368 248 46 87 
11 9 226 781 1006 869 368 248 46 87 
11 9 226 781 1006 870 370 249 46 85 
11 9 226 781 1006 871 368 248 46 94 
11 9 226 781 1006 872 368 248 46 91 
11 9 226 781 1006 873 368 248 46 91 
11 9 226 781 1006 874 368 248 46 91 
11 9 226 781 1006 875 368 248 46 91 
11 9 226 781 1006 876 368 249 46 88 
11 9 226 781 1006 877 368 249 46 88 
11 9 226 781 1006 878 368 249 46 88 
11 9 226 781 1006 879 368 249 46 88 
11 9 226 781 1006 880 368 251 46 85 
11 9 226 781 1006 881 368 250 46 93 
11 9 226 781 1006 882 368 250 46 91 
11 9 226 781 1006 883 368 250 46 91 
11 9 226 781 1006 884 368 250 46 91 
11 9 226 781 1006 885 368 250 46 91 
11 9 226 781 1006 886 367 251 50 88 
11 9 226 781 1006 887 367 251 50 88 
11 9 226 781 1006 888 367 251 50 88 
11 9 226 781 1006 889 367 251 50 88 
11 9 226 781 1006 890 369 253 50 85 
11 9 226 781 1006 891 369 252 50 96 
11 9 226 781 1006 892 369 252 50 93 
11 9 226 781 1006 893 369 252 50 93 
11 9 226 781 1006 894 369 252 50 93 
11 9 226 781 1006 895 369 253 50 90 
11 9 226 781 1006 896 369 253 50 90 
11 9 226 781 1006 897 369 253 50 90 
11 9 226 781 1006 898 369 253 50 88 
11 9 226 781 1006 899 369 253 50 88 
11 9 226 781 1006 900 372 255 48 85 
11 9 226 781 1006 901 372 255 48 85 
11 9 226 781 1006 902 372 255 48 85 
11 9 226 781 1006 903 372 255 48 85 
11 9 226 781 1006 904 372 255 48 85 
11 9 226 781 1006 905 372 255 48 85 
11 9 226 781 1006 906 372 255 48 85 
11 9 226 781 1006 907 373 255 46 85 
11 9 226 781 1006 908 372 255 50 87 
11 9 226 781 1006 909 372 255 50 87 
11 9 226 781 1006 910 372 255 50 87 
11 9 226 781 1006 911 372 255 50 87 
11 9 226 781 1006 912 372 255 50 87 
11 9 226 781 1006 913 375 255 46 87 
11 9 226 781 1006 914 375 255 46 87 
11 9 226 781 1006 915 374 255 50 90 
11 9 226 781 1006 916 374 255 50 90 
11 9 226 781 1006 917 374 255 50 90 
11 9 226 781 1006 918 374 255 50 90 
11 9 226 781 1006 919 377 255 46 90 
11 9 226 781 1006 920 377 255 46 90 
11 9 226 781 1006 921 377 255 46 90 
11 9 226 781 1006 922 376 254 50 93 
11 9 226 781 1006 923 376 254 50 93 
11 9 226 781 1006 924 376 254 50 93 
11 9 226 781 1006 925 376 254 50 93 
11 9 226 781 1006 926 379 254 46 93 
11 9 226 781 1006 927 379 254 46 93 
11 9 226 781 1006 928 379 254 46 93 
11 9 226 781 1006 929 379 254 46 93 
11 9 226 781 1006 930 378 254 50 96 
11 9 226 781 1006 931 378 254 50 96 
11 9 226 781 1006 932 380 254 48 96 
11 9 226 781 1006 933 380 254 48 96 
11 9 226 781 1006 934 380 254 48 96 
11 9 226 781 1006 935 380 254 48 96 
11 9 226 781 1006 936 380 254 48 96 
11 9 226 781 1006 937 379 253 50 99 
11 9 226 781 1006 938 382 253 46 99 
11 9 226 781 1006 939 382 253 46 99 
11 9 226 781 1006 940 382 253 46 99 
11 9 226 781 1006 941 382 253 46 99 
11 9 226 781 1006 942 382 253 46 99 
11 9 226 781 1006 943 382 253 46 99 
11 9 226 781 1006 944 384 255 46 97 
11 9 226 781 1006 945 384 255 46 97 
11 9 226 781 1006 946 384 255 46 97 
11 9 226 781 1006 947 384 255 46 97 
11 9 226 781 1006 948 384 255 46 97 
11 9 226 781 1006 949 384 255 46 97 
11 9 226 781 1006 950 386 255 46 97 
11 9 226 781 1006 951 386 255 46 97 
11 9 226 781 1006 952 386 255 46 97 
11 9 226 781 1006 953 386 255 46 97 
11 9 226 781 1006 954 386 255 46 97 
11 9 226 781 1006 955 386 255 46 97 
11 9 226 781 1006 956 388 255 46 97 
11 9 226 781 1006 957 388 255 46 97 
11 9 226 781 1006 958 388 255 46 97 
11 9 226 781 1006 959 388 255 46 97 
11 9 226 781 1006 960 388 255 46 97 
11 9 226 781 1006 961 388 255 46 97 
11 9 226 781 1006 962 389 255 46 97 
11 9 226 781 1006 963 389 255 46 97 
11 9 226 781 1006 964 389 255 46 97 
11 9 226 781 1006 965 389 255 46 97 
11 9 226 781 1006 966 389 255 46 97 
11 9 226 781 1006 967 389 255 46 97 
11 9 226 781 1006 968 391 255 46 97 
11 9 226 781 1006 969 391 255 46 97 
11 9 226 781 1006 970 391 255 46 97 
11 9 226 781 1006 971 391 255 46 97 
11 9 226 781 1006 972 391 255 46 97 
11 9 226 781 1006 973 391 255 46 97 
11 9 226 781 1006 974 393 255 46 97 
11 9 226 781 1006 975 393 255 46 97 
11 9 226 781 1006 976 393 255 46 97 
11 9 226 781 1006 977 393 255 46 97 
11 9 226 781 1006 978 393 255 46 97 
11 9 226 781 1006 979 393 255 46 97 
11 9 226 781 1006 980 395 255 46 97 
11 9 226 781 1006 981 395 255 46 97 
11 9 226 781 1006 982 395 255 46 97 
11 9 226 781 1006 983 395 255 46 97 
11 9 226 781 1006 984 395 255 46 97 
11 9 226 781 1006 985 396 256 48 99 
11 9 226 781 1006 986 396 256 48 99 
11 9 226 781 1006 987 396 256 48 99 
11 9 226 781 1006 988 396 256 48 99 
11 9 226 781 1006 989 396 256 48 99 
11 9 226 781 1006 990 398 256 46 102 
11 9 226 781 1006 991 398 256 46 102 
11 9 226 781 1006 992 398 256 46 102 
11 9 226 781 1006 993 398 256 46 102 
11 9 226 781 1006 994 400 255 46 105 
11 9 226 781 1006 995 400 255 46 105 
11 9 226 781 1006 996 400 255 46 105 
11 9 226 781 1006 997 400 255 46 105 
11 9 226 781 1006 998 402 255 46 106 
11 9 226 781 1006 999 402 255 46 106 
11 9 226 781 1006 1000 402 255 46 106 
11 9 226 781 1006 1001 402 255 46 106 
11 9 226 781 1006 1002 404 254 46 109 
11 9 226 781 1006 1003 404 254 46 109 
11 9 226 781 1006 1004 404 254 46 109 
11 9 226 781 1006 1005 404 254 46 109 
11 9 226 781 1006 1006 405 256 46 109 
12 11 142 762 903 762 254 229 74 59 
12 11 142 762 903 763 254 229 74 59 
12 11 142 762 903 764 254 229 74 59 
12 11 142 762 903 765 254 229 74 59 
12 11 142 762 903 766 254 229 74 59 
12 11 142 762 903 767 254 229 74 59 
12 11 142 762 903 768 254 229 74 59 
12 11 142 762 903 769 254 229 74 59 
12 11 142 762 903 770 254 229 74 59 
12 11 142 762 903 771 254 229 74 59 
12 11 142 762 903 772 254 229 74 59 
12 11 142 762 903 773 254 229 74 59 
12 11 142 762 903 774 254 229 74 59 
12 11 142 762 903 775 254 229 74 59 
12 11 142 762 903 776 254 229 74 59 
12 11 142 762 903 777 254 229 74 59 
12 11 142 762 903 778 254 229 74 59 
12 11 142 762 903 779 254 229 74 59 
12 11 142 762 903 780 254 229 74 59 
12 11 142 762 903 781 254 229 74 59 
12 11 142 762 903 782 254 229 74 59 
12 11 142 762 903 783 254 229 74 59 
12 11 142 762 903 784 254 229 74 59 
12 11 142 762 903 785 254 229 74 59 
12 11 142 762 903 786 254 229 74 59 
12 11 142 762 903 787 254 229 74 59 
12 11 142 762 903 788 254 229 74 59 
12 11 142 762 903 789 254 229 74 59 
12 11 142 762 903 790 254 229 74 59 
12 11 142 762 903 791 254 229 74 59 
12 11 142 762 903 792 254 229 74 59 
12 11 142 762 903 793 254 229 74 59 
12 11 142 762 903 794 254 229 74 59 
12 11 142 762 903 795 254 229 74 59 
12 11 142 762 903 796 254 229 74 59 
12 11 142 762 903 797 254 229 74 59 
12 11 142 762 903 798 254 229 74 59 
12 11 142 762 903 799 254 229 74 59 
12 11 142 762 903 800 254 229 74 59 
12 11 142 762 903 801 254 229 74 59 
12 11 142 762 903 802 254 229 74 59 
12 11 142 762 903 803 254 229 74 59 
12 11 142 762 903 804 254 229 74 59 
12 11 142 762 903 805 254 229 74 59 
12 11 142 762 903 806 254 229 74 59 
12 11 142 762 903 807 254 229 74 59 
12 11 142 762 903 808 254 229 74 59 
12 11 142 762 903 809 254 229 74 59 
12 11 142 762 903 810 254 229 74 59 
12 11 142 762 903 811 254 229 74 59 
12 11 142 762 903 812 254 229 74 59 
12 11 142 762 903 813 254 229 74 59 
12 11 142 762 903 814 254 229 74 59 
12 11 142 762 903 815 254 229 74 59 
12 11 142 762 903 816 254 229 74 59 
12 11 142 762 903 817 254 229 74 59 
12 11 142 762 903 818 254 229 74 59 
12 11 142 762 903 819 254 229 74 59 
12 11 142 762 903 820 254 229 74 59 
12 11 142 762 903 821 254 229 74 59 
12 11 142 762 903 822 254 229 74 59 
12 11 142 762 903 823 254 229 74 59 
12 11 142 762 903 824 254 229 74 59 
12 11 142 762 903 825 254 229 74 59 
12 11 142 762 903 826 254 229 74 59 
12 11 142 762 903 827 254 229 74 59 
12 11 142 762 903 828 254 229 74 59 
12 11 142 762 903 829 254 229 74 59 
12 11 142 762 903 830 254 229 74 59 
12 11 142 762 903 831 254 229 74 59 
12 11 142 762 903 832 254 229 74 59 
12 11 142 762 903 833 254 229 74 59 
12 11 142 762 903 834 254 229 74 59 
12 11 142 762 903 835 254 229 74 59 
12 11 142 762 903 836 254 229 74 59 
12 11 142 762 903 837 254 229 74 59 
12 11 142 762 903 838 254 229 74 59 
12 11 142 762 903 839 254 229 74 59 
12 11 142 762 903 840 254 229 74 59 
12 11 142 762 903 841 254 229 74 59 
12 11 142 762 903 842 254 229 74 59 
12 11 142 762 903 843 254 229 74 59 
12 11 142 762 903 844 254 229 74 59 
12 11 142 762 903 845 254 229 74 59 
12 11 142 762 903 846 254 229 74 59 
12 11 142 762 903 847 254 229 74 59 
12 11 142 762 903 848 254 229 74 59 
12 11 142 762 903 849 254 229 74 59 
12 11 142 762 903 850 254 229 74 59 
12 11 142 762 903 851 254 229 74 59 
12 11 142 762 903 852 254 229 74 59 
12 11 142 762 903 853 254 229 74 59 
12 11 142 762 903 854 254 229 74 59 
12 11 142 762 903 855 254 229 74 59 
12 11 142 762 903 856 254 229 74 59 
12 11 142 762 903 857 254 229 74 59 
12 11 142 762 903 858 254 229 74 59 
12 11 142 762 903 859 254 229 74 59 
12 11 142 762 903 860 254 229 74 59 
12 11 142 762 903 861 254 229 74 59 
12 11 142 762 903 862 254 229 74 59 
12 11 142 762 903 863 254 229 74 59 
12 11 142 762 903 864 254 229 74 59 
12 11 142 762 903 865 254 229 74 59 
12 11 142 762 903 866 254 229 74 59 
12 11 142 762 903 867 254 229 74 59 
12 11 142 762 903 868 254 229 74 59 
12 11 142 762 903 869 254 229 74 59 
12 11 142 762 903 870 254 229 74 59 
12 11 142 762 903 871 254 229 74 59 
12 11 142 762 903 872 254 229 74 59 
12 11 142 762 903 873 254 229 74 59 
12 11 142 762 903 874 254 229 74 59 
12 11 142 762 903 875 254 229 74 59 
12 11 142 762 903 876 254 229 74 59 
12 11 142 762 903 877 254 229 74 59 
12 11 142 762 903 878 254 229 74 59 
12 11 142 762 903 879 254 229 74 59 
12 11 142 762 903 880 254 229 74 59 
12 11 142 762 903 881 254 229 74 59 
12 11 142 762 903 882 254 229 74 59 
12 11 142 762 903 883 254 229 74 59 
12 11 142 762 903 884 254 229 74 59 
12 11 142 762 903 885 254 229 74 59 
12 11 142 762 903 886 254 229 74 59 
12 11 142 762 903 887 254 229 74 59 
12 11 142 762 903 888 254 229 74 59 
12 11 142 762 903 889 254 229 74 59 
12 11 142 762 903 890 254 229 74 59 
12 11 142 762 903 891 254 229 74 59 
12 11 142 762 903 892 254 229 74 59 
12 11 142 762 903 893 254 229 74 59 
12 11 142 762 903 894 254 229 74 59 
12 11 142 762 903 895 254 229 74 59 
12 11 142 762 903 896 254 229 74 59 
12 11 142 762 903 897 254 229 74 59 
12 11 142 762 903 898 254 229 74 59 
12 11 142 762 903 899 254 229 74 59 
12 11 142 762 903 900 254 229 74 59 
12 11 142 762 903 901 254 229 74 59 
12 11 142 762 903 902 254 229 74 59 
12 11 142 762 903 903 254 229 74 59 
13 11 142 762 903 762 227 219 114 73 
13 11 142 762 903 763 227 219 114 73 
13 11 142 762 903 764 227 219 114 73 
13 11 142 762 903 765 227 219 114 73 
13 11 142 762 903 766 227 219 114 73 
13 11 142 762 903 767 227 219 114 73 
13 11 142 762 903 768 227 219 114 73 
13 11 142 762 903 769 227 219 114 73 
13 11 142 762 903 770 227 219 114 73 
13 11 142 762 903 771 227 219 114 73 
13 11 142 762 903 772 227 219 114 73 
13 11 142 762 903 773 227 219 114 73 
13 11 142 762 903 774 227 219 114 73 
13 11 142 762 903 775 227 219 114 73 
13 11 142 762 903 776 227 219 114 73 
13 11 142 762 903 777 227 219 114 73 
13 11 142 762 903 778 227 219 114 73 
13 11 142 762 903 779 227 219 114 73 
13 11 142 762 903 780 227 219 114 73 
13 11 142 762 903 781 227 219 114 73 
13 11 142 762 903 782 227 219 114 73 
13 11 142 762 903 783 227 219 114 73 
13 11 142 762 903 784 227 219 114 73 
13 11 142 762 903 785 227 219 114 73 
13 11 142 762 903 786 227 219 114 73 
13 11 142 762 903 787 227 219 114 73 
13 11 142 762 903 788 227 219 114 73 
13 11 142 762 903 789 227 219 114 73 
13 11 142 762 903 790 227 219 114 73 
13 11 142 762 903 791 227 219 114 73 
13 11 142 762 903 792 227 219 114 73 
13 11 142 762 903 793 227 219 114 73 
13 11 142 762 903 794 227 219 114 73 
13 11 142 762 903 795 227 219 114 73 
13 11 142 762 903 796 227 219 114 73 
13 11 142 762 903 797 227 219 114 73 
13 11 142 762 903 798 227 219 114 73 
13 11 142 762 903 799 227 219 114 73 
13 11 142 762 903 800 227 219 114 73 
13 11 142 762 903 801 227 219 114 73 
13 11 142 762 903 802 227 219 114 73 
13 11 142 762 903 803 227 219 114 73 
13 11 142 762 903 804 227 219 114 73 
13 11 142 762 903 805 227 219 114 73 
13 11 142 762 903 806 227 219 114 73 
13 11 142 762 903 807 227 219 114 73 
13 11 142 762 903 808 227 219 114 73 
13 11 142 762 903 809 227 219 114 73 
13 11 142 762 903 810 227 219 114 73 
13 11 142 762 903 811 227 219 114 73 
13 11 142 762 903 812 227 219 114 73 
13 11 142 762 903 813 227 219 114 73 
13 11 142 762 903 814 227 219 114 73 
13 11 142 762 903 815 227 219 114 73 
13 11 142 762 903 816 227 219 114 73 
13 11 142 762 903 817 227 219 114 73 
13 11 142 762 903 818 227 219 114 73 
13 11 142 762 903 819 227 219 114 73 
13 11 142 762 903 820 227 219 114 73 
13 11 142 762 903 821 227 219 114 73 
13 11 142 762 903 822 227 219 114 73 
13 11 142 762 903 823 227 219 114 73 
13 11 142 762 903 824 227 219 114 73 
13 11 142 762 903 825 227 219 114 73 
13 11 142 762 903 826 227 219 114 73 
13 11 142 762 903 827 227 219 114 73 
13 11 142 762 903 828 227 219 114 73 
13 11 142 762 903 829 227 219 114 73 
13 11 142 762 903 830 227 219 114 73 
13 11 142 762 903 831 227 219 114 73 
13 11 142 762 903 832 227 219 114 73 
13 11 142 762 903 833 227 219 114 73 
13 11 142 762 903 834 227 219 114 73 
13 11 142 762 903 835 227 219 114 73 
13 11 142 762 903 836 227 219 114 73 
13 11 142 762 903 837 227 219 114 73 
13 11 142 762 903 838 227 219 114 73 
13 11 142 762 903 839 227 219 114 73 
13 11 142 762 903 840 227 219 114 73 
13 11 142 762 903 841 227 219 114 73 
13 11 142 762 903 842 227 219 114 73 
13 11 142 762 903 843 227 219 114 73 
13 11 142 762 903 844 227 219 114 73 
13 11 142 762 903 845 227 219 114 73 
13 11 142 762 903 846 227 219 114 73 
13 11 142 762 903 847 227 219 114 73 
13 11 142 762 903 848 227 219 114 73 
13 11 142 762 903 849 227 219 114 73 
13 11 142 762 903 850 227 219 114 73 
13 11 142 762 903 851 227 219 114 73 
13 11 142 762 903 852 227 219 114 73 
13 11 142 762 903 853 227 219 114 73 
13 11 142 762 903 854 227 219 114 73 
13 11 142 762 903 855 227 219 114 73 
13 11 142 762 903 856 227 219 114 73 
13 11 142 762 903 857 227 219 114 73 
13 11 142 762 903 858 227 219 114 73 
13 11 142 762 903 859 227 219 114 73 
13 11 142 762 903 860 227 219 114 73 
13 11 142 762 903 861 227 219 114 73 
13 11 142 762 903 862 227 219 114 73 
13 11 142 762 903 863 227 219 114 73 
13 11 142 762 903 864 227 219 114 73 
13 11 142 762 903 865 227 219 114 73 
13 11 142 762 903 866 227 219 114 73 
13 11 142 762 903 867 227 219 114 73 
13 11 142 762 903 868 227 219 114 73 
13 11 142 762 903 869 227 219 114 73 
13 11 142 762 903 870 227 219 114 73 
13 11 142 762 903 871 227 219 114 73 
13 11 142 762 903 872 227 219 114 73 
13 11 142 762 903 873 227 219 114 73 
13 11 142 762 903 874 227 219 114 73 
13 11 142 762 903 875 227 219 114 73 
13 11 142 762 903 876 227 219 114 73 
13 11 142 762 903 877 227 219 114 73 
13 11 142 762 903 878 227 219 114 73 
13 11 142 762 903 879 227 219 114 73 
13 11 142 762 903 880 227 219 114 73 
13 11 142 762 903 881 227 219 114 73 
13 11 142 762 903 882 227 219 114 73 
13 11 142 762 903 883 227 219 114 73 
13 11 142 762 903 884 227 219 114 73 
13 11 142 762 903 885 227 219 114 73 
13 11 142 762 903 886 227 219 114 73 
13 11 142 762 903 887 227 219 114 73 
13 11 142 762 903 888 227 219 114 73 
13 11 142 762 903 889 227 219 114 73 
13 11 142 762 903 890 227 219 114 73 
13 11 142 762 903 891 227 219 114 73 
13 11 142 762 903 892 227 219 114 73 
13 11 142 762 903 893 227 219 114 73 
13 11 142 762 903 894 227 219 114 73 
13 11 142 762 903 895 227 219 114 73 
13 11 142 762 903 896 227 219 114 73 
13 11 142 762 903 897 227 219 114 73 
13 11 142 762 903 898 227 219 114 73 
13 11 142 762 903 899 227 219 114 73 
13 11 142 762 903 900 227 219 114 73 
13 11 142 762 903 901 227 219 114 73 
13 11 142 762 903 902 227 219 114 73 
13 11 142 762 903 903 227 219 114 73 
