2 11 171 106 276 106 288 221 72 61 
2 11 171 106 276 107 288 221 72 61 
2 11 171 106 276 108 288 221 72 61 
2 11 171 106 276 109 288 221 72 61 
2 11 171 106 276 110 288 221 72 61 
2 11 171 106 276 111 288 221 72 61 
2 11 171 106 276 112 288 221 72 61 
2 11 171 106 276 113 288 221 72 61 
2 11 171 106 276 114 288 221 72 61 
2 11 171 106 276 115 288 221 72 61 
2 11 171 106 276 116 288 221 72 61 
2 11 171 106 276 117 288 221 72 61 
2 11 171 106 276 118 288 221 72 61 
2 11 171 106 276 119 288 221 72 61 
2 11 171 106 276 120 288 221 72 61 
2 11 171 106 276 121 288 221 72 61 
2 11 171 106 276 122 288 221 72 61 
2 11 171 106 276 123 288 221 72 61 
2 11 171 106 276 124 288 221 72 61 
2 11 171 106 276 125 288 221 72 61 
2 11 171 106 276 126 288 221 72 61 
2 11 171 106 276 127 288 221 72 61 
2 11 171 106 276 128 288 221 72 61 
2 11 171 106 276 129 288 221 72 61 
2 11 171 106 276 130 288 221 72 61 
2 11 171 106 276 131 288 221 72 61 
2 11 171 106 276 132 288 221 72 61 
2 11 171 106 276 133 288 221 72 61 
2 11 171 106 276 134 288 221 72 61 
2 11 171 106 276 135 288 221 72 61 
2 11 171 106 276 136 288 221 72 61 
2 11 171 106 276 137 288 221 72 61 
2 11 171 106 276 138 288 221 72 61 
2 11 171 106 276 139 288 221 72 61 
2 11 171 106 276 140 288 221 72 61 
2 11 171 106 276 141 288 221 72 61 
2 11 171 106 276 142 288 221 72 61 
2 11 171 106 276 143 288 221 72 61 
2 11 171 106 276 144 288 221 72 61 
2 11 171 106 276 145 288 221 72 61 
2 11 171 106 276 146 288 221 72 61 
2 11 171 106 276 147 288 221 72 61 
2 11 171 106 276 148 288 221 72 61 
2 11 171 106 276 149 288 221 72 61 
2 11 171 106 276 150 288 221 72 61 
2 11 171 106 276 151 288 221 72 61 
2 11 171 106 276 152 288 221 72 61 
2 11 171 106 276 153 288 221 72 61 
2 11 171 106 276 154 288 221 72 61 
2 11 171 106 276 155 288 221 72 61 
2 11 171 106 276 156 288 221 72 61 
2 11 171 106 276 157 288 221 72 61 
2 11 171 106 276 158 288 221 72 61 
2 11 171 106 276 159 288 221 72 61 
2 11 171 106 276 160 288 221 72 61 
2 11 171 106 276 161 288 221 72 61 
2 11 171 106 276 162 288 221 72 61 
2 11 171 106 276 163 288 221 72 61 
2 11 171 106 276 164 288 221 72 61 
2 11 171 106 276 165 288 221 72 61 
2 11 171 106 276 166 288 221 72 61 
2 11 171 106 276 167 288 221 72 61 
2 11 171 106 276 168 288 221 72 61 
2 11 171 106 276 169 288 221 72 61 
2 11 171 106 276 170 288 221 72 61 
2 11 171 106 276 171 288 221 72 61 
2 11 171 106 276 172 288 221 72 61 
2 11 171 106 276 173 288 221 72 61 
2 11 171 106 276 174 288 221 72 61 
2 11 171 106 276 175 288 221 72 61 
2 11 171 106 276 176 288 221 72 61 
2 11 171 106 276 177 288 221 72 61 
2 11 171 106 276 178 288 221 72 61 
2 11 171 106 276 179 288 221 72 61 
2 11 171 106 276 180 288 221 72 61 
2 11 171 106 276 181 288 221 72 61 
2 11 171 106 276 182 288 221 72 61 
2 11 171 106 276 183 288 221 72 61 
2 11 171 106 276 184 288 221 72 61 
2 11 171 106 276 185 288 221 72 61 
2 11 171 106 276 186 288 221 72 61 
2 11 171 106 276 187 288 221 72 61 
2 11 171 106 276 188 288 221 72 61 
2 11 171 106 276 189 288 221 72 61 
2 11 171 106 276 190 288 221 72 61 
2 11 171 106 276 191 288 221 72 61 
2 11 171 106 276 192 288 221 72 61 
2 11 171 106 276 193 288 221 72 61 
2 11 171 106 276 194 288 221 72 61 
2 11 171 106 276 195 288 221 72 61 
2 11 171 106 276 196 288 221 72 61 
2 11 171 106 276 197 288 221 72 61 
2 11 171 106 276 198 288 221 72 61 
2 11 171 106 276 199 288 221 72 61 
2 11 171 106 276 200 288 221 72 61 
2 11 171 106 276 201 288 221 72 61 
2 11 171 106 276 202 288 221 72 61 
2 11 171 106 276 203 288 221 72 61 
2 11 171 106 276 204 288 221 72 61 
2 11 171 106 276 205 288 221 72 61 
2 11 171 106 276 206 288 221 72 61 
2 11 171 106 276 207 288 221 72 61 
2 11 171 106 276 208 288 221 72 61 
2 11 171 106 276 209 288 221 72 61 
2 11 171 106 276 210 288 221 72 61 
2 11 171 106 276 211 288 221 72 61 
2 11 171 106 276 212 288 221 72 61 
2 11 171 106 276 213 288 221 72 61 
2 11 171 106 276 214 288 221 72 61 
2 11 171 106 276 215 288 221 72 61 
2 11 171 106 276 216 288 221 72 61 
2 11 171 106 276 217 288 221 72 61 
2 11 171 106 276 218 288 221 72 61 
2 11 171 106 276 219 288 221 72 61 
2 11 171 106 276 220 288 221 72 61 
2 11 171 106 276 221 288 221 72 61 
2 11 171 106 276 222 288 221 72 61 
2 11 171 106 276 223 288 221 72 61 
2 11 171 106 276 224 288 221 72 61 
2 11 171 106 276 225 288 221 72 61 
2 11 171 106 276 226 288 221 72 61 
2 11 171 106 276 227 288 221 72 61 
2 11 171 106 276 228 288 221 72 61 
2 11 171 106 276 229 288 221 72 61 
2 11 171 106 276 230 288 221 72 61 
2 11 171 106 276 231 288 221 72 61 
2 11 171 106 276 232 288 221 72 61 
2 11 171 106 276 233 288 221 72 61 
2 11 171 106 276 234 288 221 72 61 
2 11 171 106 276 235 288 221 72 61 
2 11 171 106 276 236 288 221 72 61 
2 11 171 106 276 237 288 221 72 61 
2 11 171 106 276 238 288 221 72 61 
2 11 171 106 276 239 288 221 72 61 
2 11 171 106 276 240 288 221 72 61 
2 11 171 106 276 241 288 221 72 61 
2 11 171 106 276 242 288 221 72 61 
2 11 171 106 276 243 288 221 72 61 
2 11 171 106 276 244 288 221 72 61 
2 11 171 106 276 245 288 221 72 61 
2 11 171 106 276 246 288 221 72 61 
2 11 171 106 276 247 288 221 72 61 
2 11 171 106 276 248 288 221 72 61 
2 11 171 106 276 249 288 221 72 61 
2 11 171 106 276 250 288 221 72 61 
2 11 171 106 276 251 288 221 72 61 
2 11 171 106 276 252 288 221 72 61 
2 11 171 106 276 253 288 221 72 61 
2 11 171 106 276 254 288 221 72 61 
2 11 171 106 276 255 288 221 72 61 
2 11 171 106 276 256 288 221 72 61 
2 11 171 106 276 257 288 221 72 61 
2 11 171 106 276 258 288 221 72 61 
2 11 171 106 276 259 288 221 72 61 
2 11 171 106 276 260 288 221 72 61 
2 11 171 106 276 261 288 221 72 61 
2 11 171 106 276 262 288 221 72 61 
2 11 171 106 276 263 288 221 72 61 
2 11 171 106 276 264 288 221 72 61 
2 11 171 106 276 265 288 221 72 61 
2 11 171 106 276 266 288 221 72 61 
2 11 171 106 276 267 288 221 72 61 
2 11 171 106 276 268 288 221 72 61 
2 11 171 106 276 269 288 221 72 61 
2 11 171 106 276 270 288 221 72 61 
2 11 171 106 276 271 288 221 72 61 
2 11 171 106 276 272 288 221 72 61 
2 11 171 106 276 273 288 221 72 61 
2 11 171 106 276 274 288 221 72 61 
2 11 171 106 276 275 288 221 72 61 
2 11 171 106 276 276 288 221 72 61 
3 12 84 661 744 661 266 218 94 69 
3 12 84 661 744 662 266 218 94 69 
3 12 84 661 744 663 266 218 94 69 
3 12 84 661 744 664 266 218 94 69 
3 12 84 661 744 665 266 218 94 69 
3 12 84 661 744 666 266 218 94 69 
3 12 84 661 744 667 266 218 94 69 
3 12 84 661 744 668 266 218 94 69 
3 12 84 661 744 669 266 218 94 69 
3 12 84 661 744 670 266 218 94 69 
3 12 84 661 744 671 266 218 94 69 
3 12 84 661 744 672 266 218 94 69 
3 12 84 661 744 673 266 218 94 69 
3 12 84 661 744 674 266 218 94 69 
3 12 84 661 744 675 266 218 94 69 
3 12 84 661 744 676 266 218 94 69 
3 12 84 661 744 677 266 218 94 69 
3 12 84 661 744 678 266 218 94 69 
3 12 84 661 744 679 266 218 94 69 
3 12 84 661 744 680 266 218 94 69 
3 12 84 661 744 681 266 218 94 69 
3 12 84 661 744 682 266 218 94 69 
3 12 84 661 744 683 266 218 94 69 
3 12 84 661 744 684 266 218 94 69 
3 12 84 661 744 685 266 218 94 69 
3 12 84 661 744 686 266 218 94 69 
3 12 84 661 744 687 266 218 94 69 
3 12 84 661 744 688 266 218 94 69 
3 12 84 661 744 689 266 218 94 69 
3 12 84 661 744 690 266 218 94 69 
3 12 84 661 744 691 266 218 94 69 
3 12 84 661 744 692 266 218 94 69 
3 12 84 661 744 693 266 218 94 69 
3 12 84 661 744 694 266 218 94 69 
3 12 84 661 744 695 266 218 94 69 
3 12 84 661 744 696 266 218 94 69 
3 12 84 661 744 697 266 218 94 69 
3 12 84 661 744 698 266 218 94 69 
3 12 84 661 744 699 266 218 94 69 
3 12 84 661 744 700 266 218 94 69 
3 12 84 661 744 701 266 218 94 69 
3 12 84 661 744 702 266 218 94 69 
3 12 84 661 744 703 266 218 94 69 
3 12 84 661 744 704 266 218 94 69 
3 12 84 661 744 705 266 218 94 69 
3 12 84 661 744 706 266 218 94 69 
3 12 84 661 744 707 266 218 94 69 
3 12 84 661 744 708 266 218 94 69 
3 12 84 661 744 709 266 218 94 69 
3 12 84 661 744 710 266 218 94 69 
3 12 84 661 744 711 266 218 94 69 
3 12 84 661 744 712 266 218 94 69 
3 12 84 661 744 713 266 218 94 69 
3 12 84 661 744 714 266 218 94 69 
3 12 84 661 744 715 266 218 94 69 
3 12 84 661 744 716 266 218 94 69 
3 12 84 661 744 717 266 218 94 69 
3 12 84 661 744 718 266 218 94 69 
3 12 84 661 744 719 266 218 94 69 
3 12 84 661 744 720 266 218 94 69 
3 12 84 661 744 721 266 218 94 69 
3 12 84 661 744 722 266 218 94 69 
3 12 84 661 744 723 266 218 94 69 
3 12 84 661 744 724 266 218 94 69 
3 12 84 661 744 725 266 218 94 69 
3 12 84 661 744 726 266 218 94 69 
3 12 84 661 744 727 266 218 94 69 
3 12 84 661 744 728 266 218 94 69 
3 12 84 661 744 729 266 218 94 69 
3 12 84 661 744 730 266 218 94 69 
3 12 84 661 744 731 266 218 94 69 
3 12 84 661 744 732 266 218 94 69 
3 12 84 661 744 733 266 218 94 69 
3 12 84 661 744 734 266 218 94 69 
3 12 84 661 744 735 266 218 94 69 
3 12 84 661 744 736 266 218 94 69 
3 12 84 661 744 737 266 218 94 69 
3 12 84 661 744 738 266 218 94 69 
3 12 84 661 744 739 266 218 94 69 
3 12 84 661 744 740 266 218 94 69 
3 12 84 661 744 741 266 218 94 69 
3 12 84 661 744 742 266 218 94 69 
3 12 84 661 744 743 266 218 94 69 
3 12 84 661 744 744 266 218 94 69 
