7 9 715 119 833 119 810 526 206 192 
7 9 715 119 833 120 804 521 208 197 
7 9 715 119 833 121 798 520 210 198 
7 9 715 119 833 122 793 515 210 203 
7 9 715 119 833 123 787 510 210 208 
7 9 715 119 833 124 782 509 210 209 
7 9 715 119 833 125 777 504 210 214 
7 9 715 119 833 126 773 501 210 217 
7 9 715 119 833 127 770 498 210 220 
7 9 715 119 833 128 766 496 210 223 
7 9 715 119 833 129 765 493 206 225 
7 9 715 119 833 130 762 491 206 228 
7 9 715 119 833 131 758 489 206 229 
7 9 715 119 833 132 757 487 204 231 
7 9 715 119 833 133 754 485 202 233 
7 9 715 119 833 134 750 482 204 236 
7 9 715 119 833 135 749 481 202 237 
7 9 715 119 833 136 745 479 202 240 
7 9 715 119 833 137 741 477 204 242 
7 9 715 119 833 138 741 474 198 244 
7 9 715 119 833 139 737 472 200 247 
7 9 715 119 833 140 734 468 198 250 
7 9 715 119 833 141 733 465 196 253 
7 9 715 119 833 142 729 463 196 255 
7 9 715 119 833 143 726 462 194 256 
7 9 715 119 833 144 724 459 196 259 
7 9 715 119 833 145 720 457 196 261 
7 9 715 119 833 146 717 454 196 264 
7 9 715 119 833 147 716 452 192 266 
7 9 715 119 833 148 712 451 192 267 
7 9 715 119 833 149 709 449 192 270 
7 9 715 119 833 150 708 446 188 272 
7 9 715 119 833 151 705 444 188 275 
7 9 715 119 833 152 701 442 188 276 
7 9 715 119 833 153 699 440 188 278 
7 9 715 119 833 154 696 438 188 280 
7 9 715 119 833 155 695 436 184 282 
7 9 715 119 833 156 689 434 190 284 
7 9 715 119 833 157 690 433 184 285 
7 9 715 119 833 158 685 434 188 284 
7 9 715 119 833 159 683 432 186 286 
7 9 715 119 833 160 681 430 184 288 
7 9 715 119 833 161 679 428 184 290 
7 9 715 119 833 162 674 429 186 290 
7 9 715 119 833 163 674 428 184 290 
7 9 715 119 833 164 670 426 184 292 
7 9 715 119 833 165 668 424 182 294 
7 9 715 119 833 166 665 425 184 294 
7 9 715 119 833 167 663 422 182 296 
7 9 715 119 833 168 658 421 186 297 
7 9 715 119 833 169 659 420 180 298 
7 9 715 119 833 170 654 420 184 298 
7 9 715 119 833 171 652 418 182 300 
7 9 715 119 833 172 650 416 180 301 
7 9 715 119 833 173 647 415 182 298 
7 9 715 119 833 174 643 414 182 298 
7 9 715 119 833 175 643 414 180 295 
7 9 715 119 833 176 638 412 182 295 
7 9 715 119 833 177 637 410 178 295 
7 9 715 119 833 178 634 409 180 294 
7 9 715 119 833 179 632 409 178 291 
7 9 715 119 833 180 627 407 182 291 
7 9 715 119 833 181 628 406 176 289 
7 9 715 119 833 182 623 404 178 291 
7 9 715 119 833 183 621 405 178 285 
7 9 715 119 833 184 618 403 178 285 
7 9 715 119 833 185 616 401 178 286 
7 9 715 119 833 186 612 400 178 285 
7 9 715 119 833 187 612 401 176 282 
7 9 715 119 833 188 607 399 178 282 
7 9 715 119 833 189 605 397 178 282 
7 9 715 119 833 190 603 397 178 280 
7 9 715 119 833 191 603 395 174 280 
7 9 715 119 833 192 601 395 174 277 
7 9 715 119 833 193 599 393 174 277 
7 9 715 119 833 194 598 392 172 277 
7 9 715 119 833 195 597 393 170 274 
7 9 715 119 833 196 595 391 170 274 
7 9 715 119 833 197 593 391 170 271 
7 9 715 119 833 198 592 389 168 271 
7 9 715 119 833 199 590 387 168 273 
7 9 715 119 833 200 589 388 166 270 
7 9 715 119 833 201 585 386 168 271 
7 9 715 119 833 202 583 387 168 268 
7 9 715 119 833 203 582 385 166 268 
7 9 715 119 833 204 581 383 164 270 
7 9 715 119 833 205 579 383 164 267 
7 9 715 119 833 206 577 381 164 267 
7 9 715 119 833 207 575 382 164 264 
7 9 715 119 833 208 575 380 160 264 
7 9 715 119 833 209 573 379 160 264 
7 9 715 119 833 210 571 379 160 261 
7 9 715 119 833 211 569 377 158 261 
7 9 715 119 833 212 569 378 156 258 
7 9 715 119 833 213 567 375 156 259 
7 9 715 119 833 214 563 373 156 262 
7 9 715 119 833 215 560 373 158 259 
7 9 715 119 833 216 560 373 156 258 
7 9 715 119 833 217 558 373 156 255 
7 9 715 119 833 218 556 371 154 255 
7 9 715 119 833 219 554 369 154 256 
7 9 715 119 833 220 554 369 152 253 
7 9 715 119 833 221 553 367 148 253 
7 9 715 119 833 222 550 368 150 250 
7 9 715 119 833 223 548 366 150 252 
7 9 715 119 833 224 547 365 146 250 
7 9 715 119 833 225 546 365 146 247 
7 9 715 119 833 226 544 363 146 247 
7 9 715 119 833 227 542 363 146 247 
7 9 715 119 833 228 540 361 146 247 
7 9 715 119 833 229 540 362 144 246 
7 9 715 119 833 230 537 360 146 246 
7 9 715 119 833 231 538 360 142 243 
7 9 715 119 833 232 536 359 142 241 
7 9 715 119 833 233 534 359 142 241 
7 9 715 119 833 234 532 357 144 243 
7 9 715 119 833 235 533 358 140 240 
7 9 715 119 833 236 532 356 138 240 
7 9 715 119 833 237 530 356 138 237 
7 9 715 119 833 238 531 354 134 240 
7 9 715 119 833 239 529 354 136 237 
7 9 715 119 833 240 527 352 136 238 
7 9 715 119 833 241 526 352 134 235 
7 9 715 119 833 242 527 352 130 234 
7 9 715 119 833 243 525 352 132 231 
7 9 715 119 833 244 523 350 132 234 
7 9 715 119 833 245 521 350 132 232 
7 9 715 119 833 246 522 348 128 232 
7 9 715 119 833 247 520 348 128 229 
7 9 715 119 833 248 519 346 128 229 
7 9 715 119 833 249 519 346 128 229 
7 9 715 119 833 250 517 346 128 228 
7 9 715 119 833 251 515 346 128 226 
7 9 715 119 833 252 513 346 128 223 
7 9 715 119 833 253 512 347 128 220 
7 9 715 119 833 254 510 345 128 220 
7 9 715 119 833 255 508 345 128 219 
7 9 715 119 833 256 506 346 128 216 
7 9 715 119 833 257 504 346 128 213 
7 9 715 119 833 258 503 344 128 213 
7 9 715 119 833 259 501 345 128 210 
7 9 715 119 833 260 499 345 128 208 
7 9 715 119 833 261 497 345 128 205 
7 9 715 119 833 262 496 343 128 205 
7 9 715 119 833 263 494 344 128 202 
7 9 715 119 833 264 492 344 128 201 
7 9 715 119 833 265 490 345 128 198 
7 9 715 119 833 266 488 343 128 198 
7 9 715 119 833 267 487 343 128 198 
7 9 715 119 833 268 485 343 128 198 
7 9 715 119 833 269 483 342 128 196 
7 9 715 119 833 270 481 342 128 196 
7 9 715 119 833 271 481 342 128 196 
7 9 715 119 833 272 480 340 128 196 
7 9 715 119 833 273 478 340 128 196 
7 9 715 119 833 274 476 340 128 196 
7 9 715 119 833 275 474 338 128 198 
7 9 715 119 833 276 472 338 128 198 
7 9 715 119 833 277 472 338 128 198 
7 9 715 119 833 278 471 336 128 198 
7 9 715 119 833 279 469 336 128 198 
7 9 715 119 833 280 470 335 124 196 
7 9 715 119 833 281 467 335 128 196 
7 9 715 119 833 282 468 333 124 196 
7 9 715 119 833 283 465 333 126 196 
7 9 715 119 833 284 465 331 126 198 
7 9 715 119 833 285 465 331 124 198 
7 9 715 119 833 286 463 331 124 198 
7 9 715 119 833 287 463 329 124 198 
7 9 715 119 833 288 461 329 124 198 
7 9 715 119 833 289 462 327 120 198 
7 9 715 119 833 290 459 327 124 198 
7 9 715 119 833 291 459 326 122 196 
7 9 715 119 833 292 457 326 122 196 
7 9 715 119 833 293 457 326 122 196 
7 9 715 119 833 294 457 324 120 196 
7 9 715 119 833 295 455 324 120 196 
7 9 715 119 833 296 452 322 122 198 
7 9 715 119 833 297 452 322 122 198 
7 9 715 119 833 298 450 320 122 198 
7 9 715 119 833 299 450 320 120 198 
7 9 715 119 833 300 450 320 120 198 
7 9 715 119 833 301 448 319 120 196 
7 9 715 119 833 302 446 319 120 196 
7 9 715 119 833 303 446 319 118 193 
7 9 715 119 833 304 443 317 122 196 
7 9 715 119 833 305 441 317 122 195 
7 9 715 119 833 306 442 317 118 195 
7 9 715 119 833 307 441 318 120 192 
7 9 715 119 833 308 439 315 120 195 
7 9 715 119 833 309 439 315 118 195 
7 9 715 119 833 310 436 316 122 192 
7 9 715 119 833 311 437 313 118 195 
7 9 715 119 833 312 435 314 118 192 
7 9 715 119 833 313 435 314 116 192 
7 9 715 119 833 314 435 314 116 189 
7 9 715 119 833 315 433 312 116 192 
7 9 715 119 833 316 430 312 118 192 
7 9 715 119 833 317 430 312 118 190 
7 9 715 119 833 318 428 311 118 192 
7 9 715 119 833 319 426 311 118 189 
7 9 715 119 833 320 426 311 118 189 
7 9 715 119 833 321 426 312 116 186 
7 9 715 119 833 322 426 309 114 189 
7 9 715 119 833 323 424 309 114 189 
7 9 715 119 833 324 421 310 118 186 
7 9 715 119 833 325 422 307 114 189 
7 9 715 119 833 326 420 307 114 187 
7 9 715 119 833 327 419 307 116 187 
7 9 715 119 833 328 420 308 112 184 
7 9 715 119 833 329 417 305 114 187 
7 9 715 119 833 330 417 305 114 187 
7 9 715 119 833 331 415 306 114 184 
7 9 715 119 833 332 413 305 114 186 
7 9 715 119 833 333 414 305 110 183 
7 9 715 119 833 334 411 305 114 183 
7 9 715 119 833 335 410 306 114 180 
7 9 715 119 833 336 411 303 110 183 
7 9 715 119 833 337 408 303 114 181 
7 9 715 119 833 338 406 303 114 181 
7 9 715 119 833 339 407 301 110 184 
7 9 715 119 833 340 404 301 114 181 
7 9 715 119 833 341 405 301 110 181 
7 9 715 119 833 342 404 302 110 178 
7 9 715 119 833 343 402 299 110 181 
7 9 715 119 833 344 402 300 110 178 
7 9 715 119 833 345 400 300 110 178 
7 9 715 119 833 346 398 297 110 181 
7 9 715 119 833 347 398 298 110 180 
7 9 715 119 833 348 396 298 112 180 
7 9 715 119 833 349 395 298 110 177 
7 9 715 119 833 350 395 297 110 178 
7 9 715 119 833 351 393 297 110 175 
7 9 715 119 833 352 394 297 106 175 
7 9 715 119 833 353 392 295 106 178 
7 9 715 119 833 354 389 295 110 175 
7 9 715 119 833 355 390 295 108 175 
7 9 715 119 833 356 389 296 106 172 
7 9 715 119 833 357 386 293 110 175 
7 9 715 119 833 358 387 294 106 174 
7 9 715 119 833 359 385 294 106 174 
7 9 715 119 833 360 385 294 106 174 
7 9 715 119 833 361 383 292 108 174 
7 9 715 119 833 362 381 292 108 174 
7 9 715 119 833 363 381 292 108 174 
7 9 715 119 833 364 380 292 106 171 
7 9 715 119 833 365 378 292 106 171 
7 9 715 119 833 366 378 292 106 171 
7 9 715 119 833 367 376 292 106 171 
7 9 715 119 833 368 377 291 104 169 
7 9 715 119 833 369 374 291 108 169 
7 9 715 119 833 370 373 291 106 169 
7 9 715 119 833 371 374 291 102 169 
7 9 715 119 833 372 371 292 106 168 
7 9 715 119 833 373 372 292 102 168 
7 9 715 119 833 374 369 292 106 168 
7 9 715 119 833 375 367 292 108 168 
7 9 715 119 833 376 368 290 104 168 
7 9 715 119 833 377 365 290 108 168 
7 9 715 119 833 378 366 290 104 168 
7 9 715 119 833 379 365 290 102 168 
7 9 715 119 833 380 362 290 106 165 
7 9 715 119 833 381 363 290 102 165 
7 9 715 119 833 382 361 290 104 165 
7 9 715 119 833 383 361 288 104 165 
7 9 715 119 833 384 359 288 104 165 
7 9 715 119 833 385 357 288 106 165 
7 9 715 119 833 386 358 288 102 165 
7 9 715 119 833 387 356 289 102 162 
7 9 715 119 833 388 356 289 102 162 
7 9 715 119 833 389 354 289 104 162 
7 9 715 119 833 390 352 289 104 162 
7 9 715 119 833 391 352 286 104 163 
7 9 715 119 833 392 350 286 104 163 
7 9 715 119 833 393 349 286 102 163 
7 9 715 119 833 394 349 286 102 163 
7 9 715 119 833 395 347 287 102 160 
7 9 715 119 833 396 348 287 100 160 
7 9 715 119 833 397 345 287 104 160 
7 9 715 119 833 398 343 287 104 160 
7 9 715 119 833 399 343 285 104 160 
7 9 715 119 833 400 342 285 102 160 
7 9 715 119 833 401 343 285 98 160 
7 9 715 119 833 402 340 285 102 157 
7 9 715 119 833 403 338 285 104 157 
7 9 715 119 833 404 339 285 100 157 
7 9 715 119 833 405 336 285 104 157 
7 9 715 119 833 406 337 284 100 157 
7 9 715 119 833 407 335 284 100 157 
7 9 715 119 833 408 333 284 102 157 
7 9 715 119 833 409 334 284 98 157 
7 9 715 119 833 410 331 285 102 154 
7 9 715 119 833 411 332 285 100 154 
7 9 715 119 833 412 330 285 100 154 
7 9 715 119 833 413 327 285 104 154 
7 9 715 119 833 414 328 283 100 154 
7 9 715 119 833 415 327 283 98 154 
7 9 715 119 833 416 327 283 98 154 
7 9 715 119 833 417 325 283 100 154 
7 9 715 119 833 418 323 283 100 151 
7 9 715 119 833 419 323 283 100 151 
7 9 715 119 833 420 321 283 100 151 
7 9 715 119 833 421 321 283 100 151 
7 9 715 119 833 422 319 281 100 151 
7 9 715 119 833 423 319 281 100 151 
7 9 715 119 833 424 319 281 100 151 
7 9 715 119 833 425 318 281 98 151 
7 9 715 119 833 426 318 281 98 151 
7 9 715 119 833 427 318 282 98 150 
7 9 715 119 833 428 318 282 98 150 
7 9 715 119 833 429 316 279 100 153 
7 9 715 119 833 430 316 279 100 153 
7 9 715 119 833 431 316 279 100 153 
7 9 715 119 833 432 317 280 96 150 
7 9 715 119 833 433 314 280 100 150 
7 9 715 119 833 434 314 280 100 150 
7 9 715 119 833 435 314 280 100 150 
7 9 715 119 833 436 315 280 96 150 
7 9 715 119 833 437 312 278 100 151 
7 9 715 119 833 438 312 279 100 148 
7 9 715 119 833 439 312 279 100 148 
7 9 715 119 833 440 313 279 96 148 
7 9 715 119 833 441 311 279 98 148 
7 9 715 119 833 442 311 279 98 148 
7 9 715 119 833 443 312 279 96 145 
7 9 715 119 833 444 312 279 96 145 
7 9 715 119 833 445 309 277 100 148 
7 9 715 119 833 446 309 277 100 148 
7 9 715 119 833 447 310 277 96 148 
7 9 715 119 833 448 310 277 96 148 
7 9 715 119 833 449 307 277 100 147 
7 9 715 119 833 450 308 277 96 147 
7 9 715 119 833 451 308 277 96 147 
7 9 715 119 833 452 308 277 96 147 
7 9 715 119 833 453 305 275 100 150 
7 9 715 119 833 454 306 275 96 147 
7 9 715 119 833 455 306 275 96 147 
7 9 715 119 833 456 306 275 96 147 
7 9 715 119 833 457 303 275 100 147 
7 9 715 119 833 458 304 275 96 147 
7 9 715 119 833 459 304 276 96 144 
7 9 715 119 833 460 304 276 96 144 
7 9 715 119 833 461 303 273 96 147 
7 9 715 119 833 462 303 273 96 147 
7 9 715 119 833 463 303 273 96 147 
7 9 715 119 833 464 303 273 96 147 
7 9 715 119 833 465 301 274 96 144 
7 9 715 119 833 466 301 274 96 144 
7 9 715 119 833 467 301 274 96 144 
7 9 715 119 833 468 302 274 92 144 
7 9 715 119 833 469 299 271 96 147 
7 9 715 119 833 470 299 272 96 144 
7 9 715 119 833 471 299 272 96 144 
7 9 715 119 833 472 300 272 92 144 
7 9 715 119 833 473 297 272 96 144 
7 9 715 119 833 474 297 272 96 144 
7 9 715 119 833 475 297 272 96 144 
7 9 715 119 833 476 297 272 94 142 
7 9 715 119 833 477 296 271 96 144 
7 9 715 119 833 478 296 271 96 144 
7 9 715 119 833 479 297 271 92 144 
7 9 715 119 833 480 297 271 92 144 
7 9 715 119 833 481 294 271 96 141 
7 9 715 119 833 482 294 271 96 141 
7 9 715 119 833 483 295 271 92 141 
7 9 715 119 833 484 295 271 92 141 
7 9 715 119 833 485 292 269 96 144 
7 9 715 119 833 486 293 269 92 141 
7 9 715 119 833 487 293 269 92 141 
7 9 715 119 833 488 293 269 92 141 
7 9 715 119 833 489 290 269 96 141 
7 9 715 119 833 490 291 269 92 141 
7 9 715 119 833 491 291 269 92 141 
7 9 715 119 833 492 291 270 92 138 
7 9 715 119 833 493 288 267 96 141 
7 9 715 119 833 494 288 267 94 141 
7 9 715 119 833 495 288 267 94 141 
7 9 715 119 833 496 288 267 94 141 
7 9 715 119 833 497 288 267 92 139 
7 9 715 119 833 498 288 267 92 139 
7 9 715 119 833 499 288 267 92 139 
7 9 715 119 833 500 288 267 92 139 
7 9 715 119 833 501 286 265 92 142 
7 9 715 119 833 502 286 265 92 142 
7 9 715 119 833 503 286 265 92 139 
7 9 715 119 833 504 287 265 88 139 
7 9 715 119 833 505 284 265 92 139 
7 9 715 119 833 506 284 265 92 139 
7 9 715 119 833 507 284 265 92 139 
7 9 715 119 833 508 284 266 90 136 
7 9 715 119 833 509 281 265 94 138 
7 9 715 119 833 510 281 265 94 138 
7 9 715 119 833 511 281 265 94 138 
7 9 715 119 833 512 282 265 90 138 
7 9 715 119 833 513 281 265 92 135 
7 9 715 119 833 514 281 265 92 135 
7 9 715 119 833 515 282 265 88 135 
7 9 715 119 833 516 282 265 88 135 
7 9 715 119 833 517 279 263 92 138 
7 9 715 119 833 518 279 263 92 138 
7 9 715 119 833 519 280 263 88 135 
7 9 715 119 833 520 280 263 88 135 
7 9 715 119 833 521 277 263 92 135 
7 9 715 119 833 522 278 263 88 135 
7 9 715 119 833 523 278 263 88 135 
7 9 715 119 833 524 278 263 88 133 
7 9 715 119 833 525 275 261 92 136 
7 9 715 119 833 526 275 261 90 136 
7 9 715 119 833 527 275 261 90 136 
7 9 715 119 833 528 275 261 90 136 
7 9 715 119 833 529 272 261 94 136 
7 9 715 119 833 530 273 261 90 133 
7 9 715 119 833 531 273 261 90 133 
7 9 715 119 833 532 273 261 90 133 
7 9 715 119 833 533 273 259 88 136 
7 9 715 119 833 534 273 259 88 136 
7 9 715 119 833 535 273 259 88 133 
7 9 715 119 833 536 273 259 88 133 
7 9 715 119 833 537 271 259 88 133 
7 9 715 119 833 538 271 259 88 133 
7 9 715 119 833 539 271 259 88 133 
7 9 715 119 833 540 271 259 88 133 
7 9 715 119 833 541 268 257 90 133 
7 9 715 119 833 542 268 257 90 133 
7 9 715 119 833 543 268 257 90 133 
7 9 715 119 833 544 268 257 90 133 
7 9 715 119 833 545 268 257 90 133 
7 9 715 119 833 546 268 258 90 132 
7 9 715 119 833 547 268 258 90 132 
7 9 715 119 833 548 268 258 90 132 
7 9 715 119 833 549 268 258 90 132 
7 9 715 119 833 550 268 258 90 132 
7 9 715 119 833 551 268 256 90 133 
7 9 715 119 833 552 268 257 90 130 
7 9 715 119 833 553 268 257 90 130 
7 9 715 119 833 554 269 257 86 130 
7 9 715 119 833 555 269 257 86 130 
7 9 715 119 833 556 269 257 86 130 
7 9 715 119 833 557 269 257 86 130 
7 9 715 119 833 558 269 257 86 127 
7 9 715 119 833 559 269 257 86 127 
7 9 715 119 833 560 269 257 86 127 
7 9 715 119 833 561 266 255 90 130 
7 9 715 119 833 562 266 255 90 130 
7 9 715 119 833 563 266 255 90 130 
7 9 715 119 833 564 266 255 90 127 
7 9 715 119 833 565 266 255 90 127 
7 9 715 119 833 566 266 255 90 127 
7 9 715 119 833 567 266 255 90 127 
7 9 715 119 833 568 267 255 86 127 
7 9 715 119 833 569 267 255 86 127 
7 9 715 119 833 570 267 256 86 124 
7 9 715 119 833 571 267 253 86 127 
7 9 715 119 833 572 267 253 86 127 
7 9 715 119 833 573 267 253 86 127 
7 9 715 119 833 574 267 253 86 127 
7 9 715 119 833 575 267 253 86 127 
7 9 715 119 833 576 267 254 86 126 
7 9 715 119 833 577 267 254 86 126 
7 9 715 119 833 578 267 254 86 126 
7 9 715 119 833 579 267 254 86 126 
7 9 715 119 833 580 267 254 86 126 
7 9 715 119 833 581 267 254 86 126 
7 9 715 119 833 582 267 252 86 126 
7 9 715 119 833 583 267 252 86 126 
7 9 715 119 833 584 267 252 86 126 
7 9 715 119 833 585 267 252 86 126 
7 9 715 119 833 586 267 252 86 126 
7 9 715 119 833 587 267 252 86 126 
7 9 715 119 833 588 267 252 86 123 
7 9 715 119 833 589 267 252 86 123 
7 9 715 119 833 590 267 252 86 123 
7 9 715 119 833 591 269 251 86 124 
7 9 715 119 833 592 269 251 86 124 
7 9 715 119 833 593 269 251 86 124 
7 9 715 119 833 594 269 251 86 121 
7 9 715 119 833 595 269 251 86 121 
7 9 715 119 833 596 269 251 86 121 
7 9 715 119 833 597 269 251 86 121 
7 9 715 119 833 598 269 251 86 121 
7 9 715 119 833 599 269 251 86 121 
7 9 715 119 833 600 271 251 86 121 
7 9 715 119 833 601 271 249 86 123 
7 9 715 119 833 602 271 249 86 123 
7 9 715 119 833 603 271 249 86 123 
7 9 715 119 833 604 271 249 86 123 
7 9 715 119 833 605 274 249 82 123 
7 9 715 119 833 606 274 249 82 123 
7 9 715 119 833 607 274 249 82 123 
7 9 715 119 833 608 274 249 82 123 
7 9 715 119 833 609 274 249 82 123 
7 9 715 119 833 610 276 250 80 120 
7 9 715 119 833 611 275 250 82 120 
7 9 715 119 833 612 275 250 82 120 
7 9 715 119 833 613 275 250 82 120 
7 9 715 119 833 614 278 250 78 120 
7 9 715 119 833 615 278 250 78 120 
7 9 715 119 833 616 278 250 78 120 
7 9 715 119 833 617 278 250 78 120 
7 9 715 119 833 618 278 250 78 120 
7 9 715 119 833 619 281 250 74 117 
7 9 715 119 833 620 281 250 74 117 
7 9 715 119 833 621 280 250 78 117 
7 9 715 119 833 622 280 250 78 117 
7 9 715 119 833 623 280 250 78 117 
7 9 715 119 833 624 283 250 74 117 
7 9 715 119 833 625 283 250 74 117 
7 9 715 119 833 626 283 250 74 117 
7 9 715 119 833 627 283 250 74 117 
7 9 715 119 833 628 286 248 70 117 
7 9 715 119 833 629 286 248 70 117 
7 9 715 119 833 630 286 248 70 117 
7 9 715 119 833 631 286 248 70 117 
7 9 715 119 833 632 285 248 74 117 
7 9 715 119 833 633 287 248 72 117 
7 9 715 119 833 634 287 248 72 117 
7 9 715 119 833 635 287 248 72 117 
7 9 715 119 833 636 287 248 72 117 
7 9 715 119 833 637 290 249 68 114 
7 9 715 119 833 638 290 249 68 114 
7 9 715 119 833 639 290 249 68 114 
7 9 715 119 833 640 290 249 68 114 
7 9 715 119 833 641 290 249 68 114 
7 9 715 119 833 642 292 249 68 114 
7 9 715 119 833 643 292 249 68 114 
7 9 715 119 833 644 292 249 68 114 
7 9 715 119 833 645 292 249 68 114 
7 9 715 119 833 646 292 249 68 114 
7 9 715 119 833 647 295 249 64 112 
7 9 715 119 833 648 295 249 64 112 
7 9 715 119 833 649 295 249 64 112 
7 9 715 119 833 650 295 249 64 112 
7 9 715 119 833 651 296 249 62 112 
7 9 715 119 833 652 296 249 64 112 
7 9 715 119 833 653 296 249 64 112 
7 9 715 119 833 654 296 249 64 112 
7 9 715 119 833 655 296 249 64 112 
7 9 715 119 833 656 299 247 60 112 
7 9 715 119 833 657 299 247 60 112 
7 9 715 119 833 658 299 247 60 112 
7 9 715 119 833 659 299 247 60 112 
7 9 715 119 833 660 302 247 56 112 
7 9 715 119 833 661 302 247 56 112 
7 9 715 119 833 662 302 247 56 112 
7 9 715 119 833 663 301 247 60 112 
7 9 715 119 833 664 301 247 60 112 
7 9 715 119 833 665 304 247 56 109 
7 9 715 119 833 666 304 247 56 109 
7 9 715 119 833 667 304 247 56 109 
7 9 715 119 833 668 304 247 56 109 
7 9 715 119 833 669 304 247 56 109 
7 9 715 119 833 670 307 247 52 109 
7 9 715 119 833 671 307 247 52 109 
7 9 715 119 833 672 307 247 52 109 
7 9 715 119 833 673 306 247 56 109 
7 9 715 119 833 674 307 248 54 106 
7 9 715 119 833 675 307 248 54 106 
7 9 715 119 833 676 307 248 54 106 
7 9 715 119 833 677 307 248 54 106 
7 9 715 119 833 678 307 248 54 106 
7 9 715 119 833 679 310 248 50 106 
7 9 715 119 833 680 310 248 50 106 
7 9 715 119 833 681 310 248 50 106 
7 9 715 119 833 682 310 248 50 106 
7 9 715 119 833 683 312 248 50 106 
7 9 715 119 833 684 310 246 50 108 
7 9 715 119 833 685 310 246 50 108 
7 9 715 119 833 686 310 246 50 108 
7 9 715 119 833 687 310 246 50 108 
7 9 715 119 833 688 310 246 50 108 
7 9 715 119 833 689 310 246 50 108 
7 9 715 119 833 690 310 246 50 108 
7 9 715 119 833 691 310 246 50 108 
7 9 715 119 833 692 308 246 50 105 
7 9 715 119 833 693 308 246 50 105 
7 9 715 119 833 694 308 246 50 105 
7 9 715 119 833 695 308 246 50 105 
7 9 715 119 833 696 308 246 50 105 
7 9 715 119 833 697 308 245 50 106 
7 9 715 119 833 698 308 245 50 106 
7 9 715 119 833 699 308 245 50 106 
7 9 715 119 833 700 308 245 50 106 
7 9 715 119 833 701 308 245 48 103 
7 9 715 119 833 702 308 245 48 103 
7 9 715 119 833 703 308 245 48 103 
7 9 715 119 833 704 308 245 48 103 
7 9 715 119 833 705 308 245 48 103 
7 9 715 119 833 706 308 245 48 103 
7 9 715 119 833 707 308 245 48 103 
7 9 715 119 833 708 308 245 48 103 
7 9 715 119 833 709 308 245 48 103 
7 9 715 119 833 710 305 243 50 103 
7 9 715 119 833 711 305 243 50 103 
7 9 715 119 833 712 305 243 50 103 
7 9 715 119 833 713 305 243 50 103 
7 9 715 119 833 714 305 243 50 103 
7 9 715 119 833 715 305 243 50 103 
7 9 715 119 833 716 305 243 50 103 
7 9 715 119 833 717 305 243 50 103 
7 9 715 119 833 718 303 244 50 100 
7 9 715 119 833 719 303 244 50 100 
7 9 715 119 833 720 303 244 50 100 
7 9 715 119 833 721 303 244 50 100 
7 9 715 119 833 722 303 244 50 100 
7 9 715 119 833 723 303 241 50 103 
7 9 715 119 833 724 303 241 50 103 
7 9 715 119 833 725 303 241 50 103 
7 9 715 119 833 726 303 241 50 103 
7 9 715 119 833 727 301 242 50 102 
7 9 715 119 833 728 301 242 50 102 
7 9 715 119 833 729 301 242 50 102 
7 9 715 119 833 730 301 242 50 102 
7 9 715 119 833 731 301 242 50 102 
7 9 715 119 833 732 301 242 50 102 
7 9 715 119 833 733 301 242 50 102 
7 9 715 119 833 734 301 242 50 102 
7 9 715 119 833 735 301 242 50 102 
7 9 715 119 833 736 299 240 50 102 
7 9 715 119 833 737 299 240 50 102 
7 9 715 119 833 738 299 240 50 102 
7 9 715 119 833 739 299 240 50 102 
7 9 715 119 833 740 299 240 50 102 
7 9 715 119 833 741 298 240 50 102 
7 9 715 119 833 742 298 240 50 102 
7 9 715 119 833 743 298 240 50 102 
7 9 715 119 833 744 298 240 50 102 
7 9 715 119 833 745 298 240 50 99 
7 9 715 119 833 746 296 240 50 99 
7 9 715 119 833 747 296 240 50 99 
7 9 715 119 833 748 296 240 50 99 
7 9 715 119 833 749 296 240 50 99 
7 9 715 119 833 750 296 240 50 99 
7 9 715 119 833 751 296 240 50 99 
7 9 715 119 833 752 294 240 50 99 
7 9 715 119 833 753 294 240 50 99 
7 9 715 119 833 754 294 240 50 99 
7 9 715 119 833 755 294 241 50 96 
7 9 715 119 833 756 294 241 50 96 
7 9 715 119 833 757 292 241 50 96 
7 9 715 119 833 758 292 241 50 96 
7 9 715 119 833 759 292 241 50 96 
7 9 715 119 833 760 292 239 50 97 
7 9 715 119 833 761 292 239 50 97 
7 9 715 119 833 762 292 239 50 97 
7 9 715 119 833 763 292 239 48 97 
7 9 715 119 833 764 292 239 48 97 
7 9 715 119 833 765 292 240 48 96 
7 9 715 119 833 766 292 240 48 96 
7 9 715 119 833 767 292 240 48 96 
7 9 715 119 833 768 289 240 50 96 
7 9 715 119 833 769 289 240 50 96 
7 9 715 119 833 770 289 240 50 96 
7 9 715 119 833 771 289 240 50 96 
7 9 715 119 833 772 289 240 50 96 
7 9 715 119 833 773 289 240 50 96 
7 9 715 119 833 774 287 240 50 96 
7 9 715 119 833 775 287 240 50 93 
7 9 715 119 833 776 287 240 50 93 
7 9 715 119 833 777 287 240 50 93 
7 9 715 119 833 778 287 240 50 93 
7 9 715 119 833 779 285 240 50 93 
7 9 715 119 833 780 285 240 50 93 
7 9 715 119 833 781 285 240 50 93 
7 9 715 119 833 782 285 240 50 93 
7 9 715 119 833 783 285 240 50 93 
7 9 715 119 833 784 285 240 50 93 
7 9 715 119 833 785 283 238 50 93 
7 9 715 119 833 786 283 238 50 93 
7 9 715 119 833 787 283 238 50 93 
7 9 715 119 833 788 283 238 50 93 
7 9 715 119 833 789 283 238 50 93 
7 9 715 119 833 790 282 238 50 93 
7 9 715 119 833 791 282 238 50 93 
7 9 715 119 833 792 282 238 50 93 
7 9 715 119 833 793 282 238 50 93 
7 9 715 119 833 794 282 239 50 90 
7 9 715 119 833 795 280 239 50 90 
7 9 715 119 833 796 280 239 50 90 
7 9 715 119 833 797 280 239 50 90 
7 9 715 119 833 798 280 239 50 90 
7 9 715 119 833 799 280 239 50 90 
7 9 715 119 833 800 280 239 50 90 
7 9 715 119 833 801 278 239 50 90 
7 9 715 119 833 802 278 239 50 90 
7 9 715 119 833 803 278 239 50 90 
7 9 715 119 833 804 278 239 50 87 
7 9 715 119 833 805 278 239 50 87 
7 9 715 119 833 806 276 239 50 87 
7 9 715 119 833 807 276 239 50 87 
7 9 715 119 833 808 276 239 50 87 
7 9 715 119 833 809 276 237 50 90 
7 9 715 119 833 810 276 237 50 90 
7 9 715 119 833 811 276 237 50 90 
7 9 715 119 833 812 276 237 48 90 
7 9 715 119 833 813 276 237 48 90 
7 9 715 119 833 814 276 237 48 88 
7 9 715 119 833 815 276 237 48 88 
7 9 715 119 833 816 276 237 48 88 
7 9 715 119 833 817 273 237 50 88 
7 9 715 119 833 818 273 237 50 88 
7 9 715 119 833 819 273 237 50 88 
7 9 715 119 833 820 273 237 50 88 
7 9 715 119 833 821 273 237 50 88 
7 9 715 119 833 822 273 237 50 88 
7 9 715 119 833 823 271 237 50 88 
7 9 715 119 833 824 271 237 50 85 
7 9 715 119 833 825 271 237 50 85 
7 9 715 119 833 826 271 237 50 85 
7 9 715 119 833 827 271 237 50 85 
7 9 715 119 833 828 269 237 50 85 
7 9 715 119 833 829 269 237 50 85 
7 9 715 119 833 830 269 237 50 85 
7 9 715 119 833 831 269 237 50 85 
7 9 715 119 833 832 269 237 50 85 
7 9 715 119 833 833 269 237 50 85 
8 9 473 177 649 177 1076 546 203 172 
8 9 473 177 649 178 1070 541 208 177 
8 9 473 177 649 179 1065 540 212 178 
8 9 473 177 649 180 1056 535 220 183 
8 9 473 177 649 181 1049 533 224 186 
8 9 473 177 649 182 1043 529 228 189 
8 9 473 177 649 183 1037 526 230 192 
8 9 473 177 649 184 1030 522 230 196 
8 9 473 177 649 185 1024 521 232 198 
8 9 473 177 649 186 1019 518 230 200 
8 9 473 177 649 187 1014 516 230 203 
8 9 473 177 649 188 1008 513 232 205 
8 9 473 177 649 189 1003 511 230 208 
8 9 473 177 649 190 998 509 230 209 
8 9 473 177 649 191 992 507 232 211 
8 9 473 177 649 192 988 504 228 214 
8 9 473 177 649 193 983 502 226 216 
8 9 473 177 649 194 977 501 228 218 
8 9 473 177 649 195 972 498 228 220 
8 9 473 177 649 196 967 496 226 223 
8 9 473 177 649 197 961 493 228 225 
8 9 473 177 649 198 956 491 228 228 
8 9 473 177 649 199 951 489 226 229 
8 9 473 177 649 200 946 487 224 231 
8 9 473 177 649 201 941 484 224 234 
8 9 473 177 649 202 936 482 224 236 
8 9 473 177 649 203 930 481 224 238 
8 9 473 177 649 204 925 478 224 240 
8 9 473 177 649 205 920 476 224 243 
8 9 473 177 649 206 914 473 224 245 
8 9 473 177 649 207 909 471 224 248 
8 9 473 177 649 208 904 467 224 251 
8 9 473 177 649 209 901 465 220 253 
8 9 473 177 649 210 897 463 218 255 
8 9 473 177 649 211 895 462 214 256 
8 9 473 177 649 212 892 460 210 258 
8 9 473 177 649 213 886 456 214 262 
8 9 473 177 649 214 883 454 210 265 
8 9 473 177 649 215 881 453 206 265 
8 9 473 177 649 216 878 451 204 267 
8 9 473 177 649 217 876 449 198 269 
8 9 473 177 649 218 872 446 200 272 
8 9 473 177 649 219 867 446 198 272 
8 9 473 177 649 220 863 444 200 274 
8 9 473 177 649 221 860 442 198 276 
8 9 473 177 649 222 856 442 200 276 
8 9 473 177 649 223 854 440 194 278 
8 9 473 177 649 224 850 438 196 280 
8 9 473 177 649 225 847 437 194 281 
8 9 473 177 649 226 843 438 196 280 
8 9 473 177 649 227 840 436 192 282 
8 9 473 177 649 228 837 434 192 285 
8 9 473 177 649 229 833 432 192 287 
8 9 473 177 649 230 830 432 192 286 
8 9 473 177 649 231 827 431 188 287 
8 9 473 177 649 232 824 429 188 289 
8 9 473 177 649 233 820 427 188 291 
8 9 473 177 649 234 817 428 188 288 
8 9 473 177 649 235 811 426 188 285 
8 9 473 177 649 236 808 424 188 286 
8 9 473 177 649 237 804 423 188 285 
8 9 473 177 649 238 801 424 188 282 
8 9 473 177 649 239 798 422 184 282 
8 9 473 177 649 240 793 419 186 283 
8 9 473 177 649 241 791 417 184 283 
8 9 473 177 649 242 786 418 186 280 
8 9 473 177 649 243 785 417 180 279 
8 9 473 177 649 244 780 415 182 279 
8 9 473 177 649 245 778 413 180 280 
8 9 473 177 649 246 773 413 182 277 
8 9 473 177 649 247 772 411 176 277 
8 9 473 177 649 248 767 409 178 277 
8 9 473 177 649 249 763 408 178 277 
8 9 473 177 649 250 760 409 178 274 
8 9 473 177 649 251 756 407 178 274 
8 9 473 177 649 252 753 405 178 274 
8 9 473 177 649 253 752 405 174 271 
8 9 473 177 649 254 748 403 176 273 
8 9 473 177 649 255 748 404 170 270 
8 9 473 177 649 256 744 403 170 268 
8 9 473 177 649 257 741 401 170 268 
8 9 473 177 649 258 739 401 170 267 
8 9 473 177 649 259 735 399 172 267 
8 9 473 177 649 260 734 400 168 264 
8 9 473 177 649 261 731 397 166 267 
8 9 473 177 649 262 727 395 168 267 
8 9 473 177 649 263 727 396 162 264 
8 9 473 177 649 264 723 395 164 264 
8 9 473 177 649 265 721 395 164 261 
8 9 473 177 649 266 718 393 162 261 
8 9 473 177 649 267 714 391 164 261 
8 9 473 177 649 268 713 391 160 259 
8 9 473 177 649 269 710 389 160 259 
8 9 473 177 649 270 709 390 156 256 
8 9 473 177 649 271 704 389 158 255 
8 9 473 177 649 272 704 389 156 255 
8 9 473 177 649 273 700 387 156 255 
8 9 473 177 649 274 697 385 156 256 
8 9 473 177 649 275 696 385 152 253 
8 9 473 177 649 276 691 383 154 253 
8 9 473 177 649 277 690 384 150 250 
8 9 473 177 649 278 687 382 150 252 
8 9 473 177 649 279 683 381 150 250 
8 9 473 177 649 280 683 381 148 247 
8 9 473 177 649 281 678 379 150 247 
8 9 473 177 649 282 677 380 146 244 
8 9 473 177 649 283 674 377 146 247 
8 9 473 177 649 284 670 375 146 249 
8 9 473 177 649 285 669 376 142 246 
8 9 473 177 649 286 666 375 142 244 
8 9 473 177 649 287 664 375 142 241 
8 9 473 177 649 288 660 373 144 243 
8 9 473 177 649 289 657 371 142 243 
8 9 473 177 649 290 656 372 138 240 
8 9 473 177 649 291 653 370 138 240 
8 9 473 177 649 292 652 370 134 237 
8 9 473 177 649 293 648 368 136 238 
8 9 473 177 649 294 646 368 136 238 
8 9 473 177 649 295 643 367 134 237 
8 9 473 177 649 296 641 365 136 237 
8 9 473 177 649 297 639 366 136 234 
8 9 473 177 649 298 636 363 134 235 
8 9 473 177 649 299 634 361 136 235 
8 9 473 177 649 300 632 362 136 232 
8 9 473 177 649 301 629 361 134 231 
8 9 473 177 649 302 627 362 134 228 
8 9 473 177 649 303 625 359 136 231 
8 9 473 177 649 304 623 359 136 229 
8 9 473 177 649 305 622 360 134 226 
8 9 473 177 649 306 621 357 132 229 
8 9 473 177 649 307 619 358 132 226 
8 9 473 177 649 308 617 358 132 223 
8 9 473 177 649 309 615 356 132 226 
8 9 473 177 649 310 614 356 130 225 
8 9 473 177 649 311 613 354 128 225 
8 9 473 177 649 312 611 354 128 225 
8 9 473 177 649 313 609 355 128 222 
8 9 473 177 649 314 605 354 132 220 
8 9 473 177 649 315 603 354 132 220 
8 9 473 177 649 316 602 354 128 217 
8 9 473 177 649 317 600 352 128 219 
8 9 473 177 649 318 599 352 128 219 
8 9 473 177 649 319 597 353 128 216 
8 9 473 177 649 320 595 351 128 216 
8 9 473 177 649 321 593 351 126 216 
8 9 473 177 649 322 593 349 124 216 
8 9 473 177 649 323 591 349 124 214 
8 9 473 177 649 324 589 349 124 214 
8 9 473 177 649 325 587 348 124 213 
8 9 473 177 649 326 585 349 122 210 
8 9 473 177 649 327 585 349 120 210 
8 9 473 177 649 328 580 347 124 210 
8 9 473 177 649 329 577 347 126 207 
8 9 473 177 649 330 577 347 124 207 
8 9 473 177 649 331 576 345 120 208 
8 9 473 177 649 332 574 345 120 205 
8 9 473 177 649 333 571 343 122 208 
8 9 473 177 649 334 569 343 122 205 
8 9 473 177 649 335 569 344 120 202 
8 9 473 177 649 336 567 341 118 205 
8 9 473 177 649 337 565 342 118 204 
8 9 473 177 649 338 563 342 118 201 
8 9 473 177 649 339 563 341 116 202 
8 9 473 177 649 340 561 341 116 199 
8 9 473 177 649 341 558 341 118 199 
8 9 473 177 649 342 554 339 118 199 
8 9 473 177 649 343 554 340 116 196 
8 9 473 177 649 344 551 337 118 199 
8 9 473 177 649 345 549 338 118 198 
8 9 473 177 649 346 548 338 114 198 
8 9 473 177 649 347 545 336 116 198 
8 9 473 177 649 348 542 336 118 198 
8 9 473 177 649 349 540 335 118 196 
8 9 473 177 649 350 539 335 114 196 
8 9 473 177 649 351 538 335 114 193 
8 9 473 177 649 352 533 333 118 195 
8 9 473 177 649 353 531 333 118 195 
8 9 473 177 649 354 532 331 112 195 
8 9 473 177 649 355 529 331 114 195 
8 9 473 177 649 356 527 332 114 192 
8 9 473 177 649 357 522 329 118 195 
8 9 473 177 649 358 522 330 114 192 
8 9 473 177 649 359 520 327 114 195 
8 9 473 177 649 360 518 328 114 192 
8 9 473 177 649 361 516 328 114 192 
8 9 473 177 649 362 516 327 112 192 
8 9 473 177 649 363 513 327 114 192 
8 9 473 177 649 364 511 327 114 189 
8 9 473 177 649 365 509 325 114 192 
8 9 473 177 649 366 507 325 114 189 
8 9 473 177 649 367 506 325 114 189 
8 9 473 177 649 368 504 323 114 189 
8 9 473 177 649 369 502 323 114 189 
8 9 473 177 649 370 500 323 114 187 
8 9 473 177 649 371 501 323 110 187 
8 9 473 177 649 372 500 321 110 190 
8 9 473 177 649 373 498 321 110 187 
8 9 473 177 649 374 496 321 110 187 
8 9 473 177 649 375 494 321 110 186 
8 9 473 177 649 376 492 321 112 186 
8 9 473 177 649 377 491 321 110 183 
8 9 473 177 649 378 489 319 110 186 
8 9 473 177 649 379 487 319 110 183 
8 9 473 177 649 380 485 319 110 183 
8 9 473 177 649 381 486 319 108 183 
8 9 473 177 649 382 485 317 106 184 
8 9 473 177 649 383 483 317 106 184 
8 9 473 177 649 384 481 317 106 181 
8 9 473 177 649 385 479 315 108 184 
8 9 473 177 649 386 480 315 104 181 
8 9 473 177 649 387 478 315 104 181 
8 9 473 177 649 388 477 313 102 181 
8 9 473 177 649 389 475 313 102 181 
8 9 473 177 649 390 473 314 104 180 
8 9 473 177 649 391 473 314 104 180 
8 9 473 177 649 392 471 313 104 178 
8 9 473 177 649 393 470 313 102 178 
8 9 473 177 649 394 470 313 102 175 
8 9 473 177 649 395 468 313 102 175 
8 9 473 177 649 396 469 311 100 178 
8 9 473 177 649 397 466 311 104 175 
8 9 473 177 649 398 467 311 100 175 
8 9 473 177 649 399 465 312 100 172 
8 9 473 177 649 400 465 309 100 175 
8 9 473 177 649 401 463 309 100 175 
8 9 473 177 649 402 463 310 100 174 
8 9 473 177 649 403 462 310 98 174 
8 9 473 177 649 404 463 307 96 177 
8 9 473 177 649 405 460 308 100 174 
8 9 473 177 649 406 461 308 96 174 
8 9 473 177 649 407 459 308 96 171 
8 9 473 177 649 408 459 307 96 172 
8 9 473 177 649 409 457 307 96 172 
8 9 473 177 649 410 457 307 94 169 
8 9 473 177 649 411 456 307 96 169 
8 9 473 177 649 412 457 305 92 171 
8 9 473 177 649 413 454 305 96 171 
8 9 473 177 649 414 455 305 92 171 
8 9 473 177 649 415 453 306 92 168 
8 9 473 177 649 416 453 303 92 171 
8 9 473 177 649 417 451 303 92 171 
8 9 473 177 649 418 451 304 90 168 
8 9 473 177 649 419 448 304 94 168 
8 9 473 177 649 420 449 302 90 168 
8 9 473 177 649 421 448 302 92 168 
8 9 473 177 649 422 446 302 92 168 
8 9 473 177 649 423 447 302 88 165 
8 9 473 177 649 424 444 300 92 168 
8 9 473 177 649 425 444 300 90 166 
8 9 473 177 649 426 442 300 90 166 
8 9 473 177 649 427 442 300 90 166 
8 9 473 177 649 428 442 299 88 165 
8 9 473 177 649 429 443 299 84 165 
8 9 473 177 649 430 440 299 88 165 
8 9 473 177 649 431 441 300 84 162 
8 9 473 177 649 432 438 297 88 165 
8 9 473 177 649 433 438 298 86 162 
8 9 473 177 649 434 436 298 86 162 
8 9 473 177 649 435 436 298 86 162 
8 9 473 177 649 436 434 295 86 163 
8 9 473 177 649 437 435 295 82 163 
8 9 473 177 649 438 434 296 84 160 
8 9 473 177 649 439 434 296 82 160 
8 9 473 177 649 440 432 293 82 163 
8 9 473 177 649 441 432 294 82 160 
8 9 473 177 649 442 430 294 82 160 
8 9 473 177 649 443 430 294 82 160 
8 9 473 177 649 444 428 293 82 159 
8 9 473 177 649 445 429 293 78 159 
8 9 473 177 649 446 428 294 80 156 
8 9 473 177 649 447 428 294 78 156 
8 9 473 177 649 448 426 291 78 159 
8 9 473 177 649 449 426 291 78 157 
8 9 473 177 649 450 424 291 78 157 
8 9 473 177 649 451 424 291 78 157 
8 9 473 177 649 452 422 289 78 157 
8 9 473 177 649 453 422 289 78 157 
8 9 473 177 649 454 422 289 78 157 
8 9 473 177 649 455 420 289 80 157 
8 9 473 177 649 456 420 290 80 154 
8 9 473 177 649 457 420 290 80 154 
8 9 473 177 649 458 421 290 76 154 
8 9 473 177 649 459 419 290 78 154 
8 9 473 177 649 460 419 287 78 157 
8 9 473 177 649 461 419 288 78 154 
8 9 473 177 649 462 420 288 74 154 
8 9 473 177 649 463 417 288 78 154 
8 9 473 177 649 464 417 288 78 154 
8 9 473 177 649 465 418 288 74 153 
8 9 473 177 649 466 415 288 78 153 
8 9 473 177 649 467 415 288 78 153 
8 9 473 177 649 468 415 286 78 156 
8 9 473 177 649 469 416 286 74 156 
8 9 473 177 649 470 413 286 78 153 
8 9 473 177 649 471 413 286 78 153 
8 9 473 177 649 472 414 286 76 153 
8 9 473 177 649 473 414 286 76 153 
8 9 473 177 649 474 412 286 78 153 
8 9 473 177 649 475 412 287 78 150 
8 9 473 177 649 476 413 285 74 151 
8 9 473 177 649 477 413 285 74 151 
8 9 473 177 649 478 410 285 78 151 
8 9 473 177 649 479 411 286 74 148 
8 9 473 177 649 480 411 286 74 148 
8 9 473 177 649 481 408 286 78 148 
8 9 473 177 649 482 408 286 78 148 
8 9 473 177 649 483 409 286 74 148 
8 9 473 177 649 484 409 286 74 145 
8 9 473 177 649 485 406 284 78 148 
8 9 473 177 649 486 407 284 76 148 
8 9 473 177 649 487 407 284 76 148 
8 9 473 177 649 488 407 284 76 148 
8 9 473 177 649 489 404 284 80 147 
8 9 473 177 649 490 405 284 76 147 
8 9 473 177 649 491 405 284 76 147 
8 9 473 177 649 492 403 284 78 147 
8 9 473 177 649 493 404 282 74 147 
8 9 473 177 649 494 404 282 74 147 
8 9 473 177 649 495 404 282 74 147 
8 9 473 177 649 496 401 282 78 147 
8 9 473 177 649 497 402 282 74 147 
8 9 473 177 649 498 402 283 74 144 
8 9 473 177 649 499 402 283 74 144 
8 9 473 177 649 500 400 283 74 144 
8 9 473 177 649 501 400 280 74 147 
8 9 473 177 649 502 400 280 74 147 
8 9 473 177 649 503 401 281 72 144 
8 9 473 177 649 504 398 281 76 144 
8 9 473 177 649 505 398 281 76 144 
8 9 473 177 649 506 398 281 76 144 
8 9 473 177 649 507 397 281 74 142 
8 9 473 177 649 508 397 281 74 142 
8 9 473 177 649 509 397 280 74 144 
8 9 473 177 649 510 398 280 70 144 
8 9 473 177 649 511 395 280 74 144 
8 9 473 177 649 512 395 280 74 141 
8 9 473 177 649 513 395 280 74 141 
8 9 473 177 649 514 396 280 70 141 
8 9 473 177 649 515 393 280 74 141 
8 9 473 177 649 516 393 280 74 141 
8 9 473 177 649 517 394 281 72 138 
8 9 473 177 649 518 394 278 72 141 
8 9 473 177 649 519 391 278 76 141 
8 9 473 177 649 520 391 278 76 141 
8 9 473 177 649 521 392 279 72 138 
8 9 473 177 649 522 389 279 76 138 
8 9 473 177 649 523 389 279 76 138 
8 9 473 177 649 524 390 279 72 138 
8 9 473 177 649 525 390 279 72 138 
8 9 473 177 649 526 388 277 74 138 
8 9 473 177 649 527 388 277 74 138 
8 9 473 177 649 528 389 277 70 138 
8 9 473 177 649 529 389 277 70 138 
8 9 473 177 649 530 386 277 74 138 
8 9 473 177 649 531 387 277 70 136 
8 9 473 177 649 532 387 277 70 136 
8 9 473 177 649 533 384 277 74 136 
8 9 473 177 649 534 384 274 74 139 
8 9 473 177 649 535 385 275 72 136 
8 9 473 177 649 536 385 275 72 136 
8 9 473 177 649 537 382 275 76 136 
8 9 473 177 649 538 383 275 72 136 
8 9 473 177 649 539 383 275 72 136 
8 9 473 177 649 540 383 275 72 133 
8 9 473 177 649 541 381 275 74 133 
8 9 473 177 649 542 382 275 70 133 
8 9 473 177 649 543 382 273 70 136 
8 9 473 177 649 544 382 273 70 136 
8 9 473 177 649 545 380 273 70 133 
8 9 473 177 649 546 380 273 70 133 
8 9 473 177 649 547 380 273 70 133 
8 9 473 177 649 548 377 273 74 133 
8 9 473 177 649 549 378 274 72 132 
8 9 473 177 649 550 378 274 72 132 
8 9 473 177 649 551 378 272 72 133 
8 9 473 177 649 552 376 272 72 133 
8 9 473 177 649 553 376 272 72 133 
8 9 473 177 649 554 376 273 72 130 
8 9 473 177 649 555 377 273 68 130 
8 9 473 177 649 556 374 273 72 130 
8 9 473 177 649 557 374 273 72 130 
8 9 473 177 649 558 374 273 72 130 
8 9 473 177 649 559 375 271 68 130 
8 9 473 177 649 560 373 271 70 130 
8 9 473 177 649 561 373 271 70 130 
8 9 473 177 649 562 374 271 66 130 
8 9 473 177 649 563 371 271 70 127 
8 9 473 177 649 564 371 271 70 127 
8 9 473 177 649 565 371 271 70 127 
8 9 473 177 649 566 372 271 68 127 
8 9 473 177 649 567 369 269 72 130 
8 9 473 177 649 568 369 269 72 127 
8 9 473 177 649 569 370 269 68 127 
8 9 473 177 649 570 370 269 68 127 
8 9 473 177 649 571 367 269 72 127 
8 9 473 177 649 572 367 269 72 127 
8 9 473 177 649 573 368 270 68 126 
8 9 473 177 649 574 366 270 70 126 
8 9 473 177 649 575 366 270 70 126 
8 9 473 177 649 576 367 267 66 129 
8 9 473 177 649 577 367 268 66 126 
8 9 473 177 649 578 364 268 70 126 
8 9 473 177 649 579 364 268 70 126 
8 9 473 177 649 580 365 268 68 126 
8 9 473 177 649 581 365 268 68 126 
8 9 473 177 649 582 362 268 72 123 
8 9 473 177 649 583 363 268 68 123 
8 9 473 177 649 584 363 267 68 124 
8 9 473 177 649 585 363 267 68 124 
8 9 473 177 649 586 360 267 72 124 
8 9 473 177 649 587 361 267 68 121 
8 9 473 177 649 588 361 267 68 121 
8 9 473 177 649 589 358 267 72 121 
8 9 473 177 649 590 359 267 68 121 
8 9 473 177 649 591 359 268 68 120 
8 9 473 177 649 592 359 265 68 123 
8 9 473 177 649 593 357 265 70 123 
8 9 473 177 649 594 358 265 66 123 
8 9 473 177 649 595 358 265 66 123 
8 9 473 177 649 596 358 266 66 120 
8 9 473 177 649 597 356 266 68 120 
8 9 473 177 649 598 356 266 68 120 
8 9 473 177 649 599 356 266 68 120 
8 9 473 177 649 600 356 266 68 120 
8 9 473 177 649 601 354 264 68 120 
8 9 473 177 649 602 354 264 68 120 
8 9 473 177 649 603 354 264 68 120 
8 9 473 177 649 604 352 264 68 120 
8 9 473 177 649 605 352 264 68 120 
8 9 473 177 649 606 352 264 68 120 
8 9 473 177 649 607 351 264 66 120 
8 9 473 177 649 608 351 264 66 117 
8 9 473 177 649 609 351 262 66 120 
8 9 473 177 649 610 352 262 64 120 
8 9 473 177 649 611 349 262 68 120 
8 9 473 177 649 612 349 262 68 120 
8 9 473 177 649 613 350 262 64 120 
8 9 473 177 649 614 347 262 68 120 
8 9 473 177 649 615 347 262 68 117 
8 9 473 177 649 616 348 262 64 117 
8 9 473 177 649 617 345 260 68 120 
8 9 473 177 649 618 345 260 68 120 
8 9 473 177 649 619 346 260 64 120 
8 9 473 177 649 620 346 260 64 120 
8 9 473 177 649 621 343 260 68 120 
8 9 473 177 649 622 344 260 64 118 
8 9 473 177 649 623 344 260 64 118 
8 9 473 177 649 624 342 260 66 118 
8 9 473 177 649 625 343 259 64 120 
8 9 473 177 649 626 343 259 64 120 
8 9 473 177 649 627 340 259 68 120 
8 9 473 177 649 628 341 259 64 120 
8 9 473 177 649 629 341 259 64 117 
8 9 473 177 649 630 341 259 64 117 
8 9 473 177 649 631 339 259 64 117 
8 9 473 177 649 632 339 259 64 117 
8 9 473 177 649 633 339 257 64 120 
8 9 473 177 649 634 337 257 64 120 
8 9 473 177 649 635 337 257 64 120 
8 9 473 177 649 636 337 257 64 117 
8 9 473 177 649 637 336 257 64 117 
8 9 473 177 649 638 336 257 64 117 
8 9 473 177 649 639 336 257 64 117 
8 9 473 177 649 640 337 257 60 117 
8 9 473 177 649 641 334 255 64 120 
8 9 473 177 649 642 334 255 64 120 
8 9 473 177 649 643 335 255 60 117 
8 9 473 177 649 644 332 255 64 117 
8 9 473 177 649 645 332 255 64 117 
8 9 473 177 649 646 333 255 60 117 
8 9 473 177 649 647 330 255 64 117 
8 9 473 177 649 648 330 255 64 117 
8 9 473 177 649 649 331 253 60 120 
9 7 56 686 741 686 321 253 60 111 
9 7 56 686 741 687 321 253 60 111 
9 7 56 686 741 688 321 254 60 108 
9 7 56 686 741 689 321 254 60 108 
9 7 56 686 741 690 321 254 60 108 
9 7 56 686 741 691 321 254 60 108 
9 7 56 686 741 692 321 254 60 108 
9 7 56 686 741 693 321 254 60 108 
9 7 56 686 741 694 321 254 60 106 
9 7 56 686 741 695 321 254 60 106 
9 7 56 686 741 696 321 254 60 106 
9 7 56 686 741 697 321 251 60 109 
9 7 56 686 741 698 321 251 60 109 
9 7 56 686 741 699 321 252 60 106 
9 7 56 686 741 700 321 252 60 106 
9 7 56 686 741 701 321 252 60 106 
9 7 56 686 741 702 321 252 60 106 
9 7 56 686 741 703 321 252 60 106 
9 7 56 686 741 704 321 252 60 106 
9 7 56 686 741 705 321 252 60 103 
9 7 56 686 741 706 321 252 60 103 
9 7 56 686 741 707 321 252 60 103 
9 7 56 686 741 708 321 252 60 103 
9 7 56 686 741 709 321 252 60 103 
9 7 56 686 741 710 321 252 60 103 
9 7 56 686 741 711 321 250 60 103 
9 7 56 686 741 712 321 250 60 103 
9 7 56 686 741 713 321 250 60 103 
9 7 56 686 741 714 321 250 60 103 
9 7 56 686 741 715 321 250 60 103 
9 7 56 686 741 716 321 251 60 102 
9 7 56 686 741 717 321 251 60 102 
9 7 56 686 741 718 321 251 60 102 
9 7 56 686 741 719 321 251 60 102 
9 7 56 686 741 720 321 251 60 102 
9 7 56 686 741 721 321 251 60 102 
9 7 56 686 741 722 321 251 60 99 
9 7 56 686 741 723 321 251 60 99 
9 7 56 686 741 724 321 251 60 99 
9 7 56 686 741 725 321 249 60 102 
9 7 56 686 741 726 321 249 60 102 
9 7 56 686 741 727 321 249 60 99 
9 7 56 686 741 728 321 249 60 99 
9 7 56 686 741 729 321 249 60 99 
9 7 56 686 741 730 321 249 60 99 
9 7 56 686 741 731 321 249 60 99 
9 7 56 686 741 732 321 249 60 99 
9 7 56 686 741 733 321 250 60 96 
9 7 56 686 741 734 321 250 60 96 
9 7 56 686 741 735 321 250 60 96 
9 7 56 686 741 736 321 250 60 96 
9 7 56 686 741 737 321 250 60 96 
9 7 56 686 741 738 321 250 62 96 
9 7 56 686 741 739 321 248 60 96 
9 7 56 686 741 740 321 248 60 96 
9 7 56 686 741 741 321 248 60 96 
10 9 329 505 833 505 1182 503 96 215 
10 9 329 505 833 506 1175 502 103 217 
10 9 329 505 833 507 1169 499 110 219 
10 9 329 505 833 508 1162 497 117 222 
10 9 329 505 833 509 1155 494 123 224 
10 9 329 505 833 510 1148 492 130 227 
10 9 329 505 833 511 1140 491 138 227 
10 9 329 505 833 512 1136 491 142 228 
10 9 329 505 833 513 1132 489 144 230 
10 9 329 505 833 514 1125 487 146 232 
10 9 329 505 833 515 1120 485 146 233 
10 9 329 505 833 516 1116 484 144 234 
10 9 329 505 833 517 1109 482 146 236 
10 9 329 505 833 518 1104 481 146 238 
10 9 329 505 833 519 1100 478 144 240 
10 9 329 505 833 520 1093 476 146 242 
10 9 329 505 833 521 1091 477 142 241 
10 9 329 505 833 522 1088 476 138 242 
10 9 329 505 833 523 1085 474 138 245 
10 9 329 505 833 524 1081 471 138 247 
10 9 329 505 833 525 1077 469 140 249 
10 9 329 505 833 526 1074 469 138 249 
10 9 329 505 833 527 1070 468 140 250 
10 9 329 505 833 528 1067 466 138 252 
10 9 329 505 833 529 1063 464 140 255 
10 9 329 505 833 530 1060 462 138 257 
10 9 329 505 833 531 1056 462 138 257 
10 9 329 505 833 532 1051 460 138 258 
10 9 329 505 833 533 1047 459 140 259 
10 9 329 505 833 534 1044 457 138 261 
10 9 329 505 833 535 1040 455 138 261 
10 9 329 505 833 536 1037 455 138 259 
10 9 329 505 833 537 1033 454 138 256 
10 9 329 505 833 538 1029 453 140 255 
10 9 329 505 833 539 1026 451 138 255 
10 9 329 505 833 540 1022 449 140 256 
10 9 329 505 833 541 1019 449 138 253 
10 9 329 505 833 542 1016 448 136 250 
10 9 329 505 833 543 1013 446 134 252 
10 9 329 505 833 544 1009 445 136 250 
10 9 329 505 833 545 1006 443 134 250 
10 9 329 505 833 546 1002 443 136 247 
10 9 329 505 833 547 998 442 136 246 
10 9 329 505 833 548 995 440 134 246 
10 9 329 505 833 549 991 439 136 244 
10 9 329 505 833 550 988 437 134 244 
10 9 329 505 833 551 984 437 136 243 
10 9 329 505 833 552 982 436 130 240 
10 9 329 505 833 553 978 434 132 240 
10 9 329 505 833 554 975 432 130 240 
10 9 329 505 833 555 971 431 132 240 
10 9 329 505 833 556 967 432 132 234 
10 9 329 505 833 557 964 430 132 234 
10 9 329 505 833 558 960 427 132 235 
10 9 329 505 833 559 957 425 132 235 
10 9 329 505 833 560 953 425 132 231 
10 9 329 505 833 561 952 426 128 228 
10 9 329 505 833 562 950 423 124 229 
10 9 329 505 833 563 945 421 126 229 
10 9 329 505 833 564 943 420 124 226 
10 9 329 505 833 565 939 418 124 228 
10 9 329 505 833 566 936 418 124 225 
10 9 329 505 833 567 932 417 124 223 
10 9 329 505 833 568 929 416 124 220 
10 9 329 505 833 569 925 414 124 222 
10 9 329 505 833 570 920 412 126 222 
10 9 329 505 833 571 921 412 120 219 
10 9 329 505 833 572 916 411 122 217 
10 9 329 505 833 573 915 409 118 219 
10 9 329 505 833 574 916 407 112 219 
10 9 329 505 833 575 914 408 110 216 
10 9 329 505 833 576 912 405 110 219 
10 9 329 505 833 577 908 403 112 219 
10 9 329 505 833 578 908 404 106 216 
10 9 329 505 833 579 907 403 102 216 
10 9 329 505 833 580 906 401 100 216 
10 9 329 505 833 581 904 401 100 216 
10 9 329 505 833 582 901 399 100 216 
10 9 329 505 833 583 897 397 100 216 
10 9 329 505 833 584 893 397 102 214 
10 9 329 505 833 585 889 396 104 216 
10 9 329 505 833 586 887 396 104 213 
10 9 329 505 833 587 884 394 102 213 
10 9 329 505 833 588 880 392 104 216 
10 9 329 505 833 589 876 392 106 213 
10 9 329 505 833 590 872 390 106 213 
10 9 329 505 833 591 870 390 108 213 
10 9 329 505 833 592 867 388 106 214 
10 9 329 505 833 593 863 388 108 211 
10 9 329 505 833 594 860 387 106 213 
10 9 329 505 833 595 856 388 106 210 
10 9 329 505 833 596 853 386 106 210 
10 9 329 505 833 597 849 386 106 210 
10 9 329 505 833 598 845 383 108 211 
10 9 329 505 833 599 842 384 106 208 
10 9 329 505 833 600 840 384 106 208 
10 9 329 505 833 601 837 382 106 208 
10 9 329 505 833 602 836 381 102 207 
10 9 329 505 833 603 834 382 104 204 
10 9 329 505 833 604 833 379 100 205 
10 9 329 505 833 605 831 380 100 202 
10 9 329 505 833 606 831 378 96 202 
10 9 329 505 833 607 829 378 96 199 
10 9 329 505 833 608 828 376 92 201 
10 9 329 505 833 609 825 376 94 201 
10 9 329 505 833 610 823 374 92 201 
10 9 329 505 833 611 821 375 92 198 
10 9 329 505 833 612 819 375 92 198 
10 9 329 505 833 613 816 374 94 196 
10 9 329 505 833 614 816 374 92 196 
10 9 329 505 833 615 814 374 92 193 
10 9 329 505 833 616 809 372 96 196 
10 9 329 505 833 617 808 372 96 195 
10 9 329 505 833 618 807 373 92 192 
10 9 329 505 833 619 805 370 92 195 
10 9 329 505 833 620 803 371 92 192 
10 9 329 505 833 621 800 371 94 192 
10 9 329 505 833 622 797 369 96 192 
10 9 329 505 833 623 795 369 96 192 
10 9 329 505 833 624 793 369 96 190 
10 9 329 505 833 625 792 368 96 189 
10 9 329 505 833 626 790 368 96 189 
10 9 329 505 833 627 789 369 92 186 
10 9 329 505 833 628 784 366 96 189 
10 9 329 505 833 629 783 367 96 186 
10 9 329 505 833 630 781 367 96 186 
10 9 329 505 833 631 779 365 96 186 
10 9 329 505 833 632 777 365 96 184 
10 9 329 505 833 633 776 365 96 184 
10 9 329 505 833 634 771 363 100 184 
10 9 329 505 833 635 770 363 96 184 
10 9 329 505 833 636 768 363 96 181 
10 9 329 505 833 637 767 361 96 184 
10 9 329 505 833 638 765 361 96 181 
10 9 329 505 833 639 763 361 96 181 
10 9 329 505 833 640 759 360 98 181 
10 9 329 505 833 641 757 361 100 178 
10 9 329 505 833 642 755 361 100 178 
10 9 329 505 833 643 753 359 100 178 
10 9 329 505 833 644 752 359 96 178 
10 9 329 505 833 645 751 359 96 175 
10 9 329 505 833 646 746 357 100 178 
10 9 329 505 833 647 744 357 100 175 
10 9 329 505 833 648 743 358 98 174 
10 9 329 505 833 649 741 355 100 177 
10 9 329 505 833 650 739 356 100 174 
10 9 329 505 833 651 737 356 100 174 
10 9 329 505 833 652 734 355 98 172 
10 9 329 505 833 653 732 355 100 172 
10 9 329 505 833 654 730 355 100 169 
10 9 329 505 833 655 728 353 100 171 
10 9 329 505 833 656 727 353 98 171 
10 9 329 505 833 657 725 354 100 168 
10 9 329 505 833 658 720 351 104 171 
10 9 329 505 833 659 718 352 104 168 
10 9 329 505 833 660 717 352 102 168 
10 9 329 505 833 661 716 350 100 168 
10 9 329 505 833 662 714 350 100 165 
10 9 329 505 833 663 712 350 100 165 
10 9 329 505 833 664 708 348 102 166 
10 9 329 505 833 665 706 348 104 166 
10 9 329 505 833 666 704 348 104 163 
10 9 329 505 833 667 702 347 104 165 
10 9 329 505 833 668 701 348 102 162 
10 9 329 505 833 669 699 348 102 162 
10 9 329 505 833 670 697 346 104 162 
10 9 329 505 833 671 695 346 104 162 
10 9 329 505 833 672 694 346 102 160 
10 9 329 505 833 673 692 343 102 163 
10 9 329 505 833 674 693 343 100 163 
10 9 329 505 833 675 691 344 100 160 
10 9 329 505 833 676 689 341 100 163 
10 9 329 505 833 677 687 341 100 163 
10 9 329 505 833 678 688 342 96 160 
10 9 329 505 833 679 687 341 96 162 
10 9 329 505 833 680 685 341 96 162 
10 9 329 505 833 681 683 341 96 159 
10 9 329 505 833 682 684 339 92 162 
10 9 329 505 833 683 681 339 96 162 
10 9 329 505 833 684 680 339 96 159 
10 9 329 505 833 685 678 339 96 159 
10 9 329 505 833 686 679 337 92 160 
10 9 329 505 833 687 677 337 92 160 
10 9 329 505 833 688 675 337 92 160 
10 9 329 505 833 689 672 335 94 160 
10 9 329 505 833 690 673 335 90 160 
10 9 329 505 833 691 673 335 88 160 
10 9 329 505 833 692 671 333 88 160 
10 9 329 505 833 693 668 333 90 160 
10 9 329 505 833 694 666 333 90 160 
10 9 329 505 833 695 667 332 86 159 
10 9 329 505 833 696 667 332 84 159 
10 9 329 505 833 697 664 332 88 159 
10 9 329 505 833 698 662 332 88 157 
10 9 329 505 833 699 662 330 86 160 
10 9 329 505 833 700 660 330 86 157 
10 9 329 505 833 701 658 330 86 157 
10 9 329 505 833 702 658 328 84 160 
10 9 329 505 833 703 658 328 82 157 
10 9 329 505 833 704 656 328 82 157 
10 9 329 505 833 705 654 326 82 160 
10 9 329 505 833 706 652 326 82 157 
10 9 329 505 833 707 653 326 78 157 
10 9 329 505 833 708 652 325 78 159 
10 9 329 505 833 709 650 326 78 156 
10 9 329 505 833 710 648 326 78 156 
10 9 329 505 833 711 648 326 78 156 
10 9 329 505 833 712 646 323 78 157 
10 9 329 505 833 713 644 323 80 157 
10 9 329 505 833 714 643 324 78 154 
10 9 329 505 833 715 641 324 78 154 
10 9 329 505 833 716 641 321 78 157 
10 9 329 505 833 717 639 322 78 154 
10 9 329 505 833 718 637 322 78 154 
10 9 329 505 833 719 636 322 78 154 
10 9 329 505 833 720 636 320 78 154 
10 9 329 505 833 721 634 320 78 154 
10 9 329 505 833 722 632 320 78 153 
10 9 329 505 833 723 630 320 78 153 
10 9 329 505 833 724 628 318 80 156 
10 9 329 505 833 725 628 318 80 153 
10 9 329 505 833 726 627 318 78 153 
10 9 329 505 833 727 625 318 78 153 
10 9 329 505 833 728 623 317 78 151 
10 9 329 505 833 729 623 317 78 151 
10 9 329 505 833 730 621 318 78 148 
10 9 329 505 833 731 620 318 78 148 
10 9 329 505 833 732 618 315 78 151 
10 9 329 505 833 733 616 316 78 148 
10 9 329 505 833 734 616 316 78 148 
10 9 329 505 833 735 614 316 78 148 
10 9 329 505 833 736 612 314 80 150 
10 9 329 505 833 737 611 314 78 150 
10 9 329 505 833 738 611 314 78 150 
10 9 329 505 833 739 609 314 78 147 
10 9 329 505 833 740 607 314 78 147 
10 9 329 505 833 741 605 312 78 147 
10 9 329 505 833 742 604 312 78 147 
10 9 329 505 833 743 604 312 78 147 
10 9 329 505 833 744 602 313 78 144 
10 9 329 505 833 745 600 311 78 145 
10 9 329 505 833 746 598 311 78 145 
10 9 329 505 833 747 598 312 78 144 
10 9 329 505 833 748 596 312 80 144 
10 9 329 505 833 749 595 310 78 144 
10 9 329 505 833 750 593 310 78 144 
10 9 329 505 833 751 591 310 78 144 
10 9 329 505 833 752 591 310 78 141 
10 9 329 505 833 753 589 308 78 144 
10 9 329 505 833 754 588 308 78 144 
10 9 329 505 833 755 586 308 78 141 
10 9 329 505 833 756 586 308 78 141 
10 9 329 505 833 757 584 306 78 141 
10 9 329 505 833 758 582 306 78 141 
10 9 329 505 833 759 580 306 80 141 
10 9 329 505 833 760 579 306 78 139 
10 9 329 505 833 761 579 304 78 142 
10 9 329 505 833 762 577 304 78 142 
10 9 329 505 833 763 575 304 78 139 
10 9 329 505 833 764 573 304 78 139 
10 9 329 505 833 765 573 304 78 139 
10 9 329 505 833 766 572 304 78 138 
10 9 329 505 833 767 570 304 78 138 
10 9 329 505 833 768 570 304 78 138 
10 9 329 505 833 769 568 304 78 138 
10 9 329 505 833 770 566 304 78 135 
10 9 329 505 833 771 566 304 78 135 
10 9 329 505 833 772 564 304 80 135 
10 9 329 505 833 773 565 304 76 135 
10 9 329 505 833 774 563 302 78 138 
10 9 329 505 833 775 561 302 78 136 
10 9 329 505 833 776 562 302 74 136 
10 9 329 505 833 777 559 302 78 136 
10 9 329 505 833 778 560 302 74 136 
10 9 329 505 833 779 558 302 76 133 
10 9 329 505 833 780 556 302 78 133 
10 9 329 505 833 781 557 302 74 133 
10 9 329 505 833 782 554 302 78 133 
10 9 329 505 833 783 555 300 74 136 
10 9 329 505 833 784 553 300 74 133 
10 9 329 505 833 785 550 300 78 133 
10 9 329 505 833 786 551 300 76 133 
10 9 329 505 833 787 549 300 76 133 
10 9 329 505 833 788 549 301 76 130 
10 9 329 505 833 789 548 301 74 130 
10 9 329 505 833 790 546 301 74 130 
10 9 329 505 833 791 546 298 74 133 
10 9 329 505 833 792 544 298 74 133 
10 9 329 505 833 793 545 299 72 130 
10 9 329 505 833 794 542 299 76 130 
10 9 329 505 833 795 541 299 74 130 
10 9 329 505 833 796 542 299 70 130 
10 9 329 505 833 797 539 299 74 129 
10 9 329 505 833 798 540 299 70 129 
10 9 329 505 833 799 537 299 74 129 
10 9 329 505 833 800 535 298 76 130 
10 9 329 505 833 801 536 298 72 130 
10 9 329 505 833 802 533 298 76 127 
10 9 329 505 833 803 534 298 72 127 
10 9 329 505 833 804 533 298 70 127 
10 9 329 505 833 805 530 298 74 127 
10 9 329 505 833 806 531 299 70 124 
10 9 329 505 833 807 529 299 72 124 
10 9 329 505 833 808 529 296 72 127 
10 9 329 505 833 809 527 296 72 127 
10 9 329 505 833 810 526 296 70 127 
10 9 329 505 833 811 526 297 70 124 
10 9 329 505 833 812 524 297 70 124 
10 9 329 505 833 813 525 297 68 124 
10 9 329 505 833 814 522 297 72 124 
10 9 329 505 833 815 520 297 72 123 
10 9 329 505 833 816 520 297 72 123 
10 9 329 505 833 817 518 295 72 126 
10 9 329 505 833 818 519 295 68 126 
10 9 329 505 833 819 517 295 70 126 
10 9 329 505 833 820 515 295 70 123 
10 9 329 505 833 821 516 295 68 123 
10 9 329 505 833 822 513 295 72 123 
10 9 329 505 833 823 514 295 68 123 
10 9 329 505 833 824 512 296 68 120 
10 9 329 505 833 825 510 293 70 123 
10 9 329 505 833 826 511 293 66 123 
10 9 329 505 833 827 509 293 68 123 
10 9 329 505 833 828 509 293 68 123 
10 9 329 505 833 829 507 294 68 120 
10 9 329 505 833 830 505 294 68 120 
10 9 329 505 833 831 505 294 68 120 
10 9 329 505 833 832 503 294 68 120 
10 9 329 505 833 833 503 294 68 120 
