7 9 185 0 184 0 241 232 42 75 
7 9 185 0 184 1 239 232 44 75 
7 9 185 0 184 2 239 232 44 75 
7 9 185 0 184 3 239 232 44 75 
7 9 185 0 184 4 239 232 44 75 
7 9 185 0 184 5 239 232 44 75 
7 9 185 0 184 6 239 232 44 75 
7 9 185 0 184 7 239 232 44 75 
7 9 185 0 184 8 239 232 44 75 
7 9 185 0 184 9 239 232 44 75 
7 9 185 0 184 10 239 232 44 75 
7 9 185 0 184 11 239 232 44 75 
7 9 185 0 184 12 239 232 44 75 
7 9 185 0 184 13 239 232 44 75 
7 9 185 0 184 14 239 232 44 75 
7 9 185 0 184 15 239 232 44 75 
7 9 185 0 184 16 239 232 44 75 
7 9 185 0 184 17 239 232 44 75 
7 9 185 0 184 18 239 232 44 75 
7 9 185 0 184 19 237 234 44 73 
7 9 185 0 184 20 237 234 44 73 
7 9 185 0 184 21 237 234 44 73 
7 9 185 0 184 22 237 234 44 73 
7 9 185 0 184 23 237 234 44 73 
7 9 185 0 184 24 237 234 44 73 
7 9 185 0 184 25 237 234 44 73 
7 9 185 0 184 26 237 234 44 73 
7 9 185 0 184 27 237 234 44 73 
7 9 185 0 184 28 237 234 44 73 
7 9 185 0 184 29 237 234 44 73 
7 9 185 0 184 30 237 234 44 73 
7 9 185 0 184 31 237 234 44 73 
7 9 185 0 184 32 237 234 44 73 
7 9 185 0 184 33 237 234 44 73 
7 9 185 0 184 34 237 234 44 73 
7 9 185 0 184 35 237 234 44 73 
7 9 185 0 184 36 237 234 44 73 
7 9 185 0 184 37 237 235 44 75 
7 9 185 0 184 38 236 235 42 75 
7 9 185 0 184 39 234 235 42 75 
7 9 185 0 184 40 234 235 42 75 
7 9 185 0 184 41 232 235 42 75 
7 9 185 0 184 42 232 235 42 75 
7 9 185 0 184 43 230 235 44 75 
7 9 185 0 184 44 230 235 44 75 
7 9 185 0 184 45 229 235 42 75 
7 9 185 0 184 46 229 235 42 75 
7 9 185 0 184 47 227 235 42 75 
7 9 185 0 184 48 227 235 42 75 
7 9 185 0 184 49 225 235 42 75 
7 9 185 0 184 50 225 235 42 75 
7 9 185 0 184 51 223 235 44 75 
7 9 185 0 184 52 223 235 44 75 
7 9 185 0 184 53 221 235 44 75 
7 9 185 0 184 54 221 235 44 75 
7 9 185 0 184 55 220 237 42 75 
7 9 185 0 184 56 218 237 42 75 
7 9 185 0 184 57 218 237 42 75 
7 9 185 0 184 58 216 237 42 75 
7 9 185 0 184 59 216 237 42 75 
7 9 185 0 184 60 214 237 44 75 
7 9 185 0 184 61 214 237 44 75 
7 9 185 0 184 62 213 237 42 75 
7 9 185 0 184 63 213 237 42 75 
7 9 185 0 184 64 211 237 42 75 
7 9 185 0 184 65 211 237 42 75 
7 9 185 0 184 66 209 237 42 75 
7 9 185 0 184 67 209 237 42 75 
7 9 185 0 184 68 207 237 44 75 
7 9 185 0 184 69 207 237 44 75 
7 9 185 0 184 70 205 237 44 75 
7 9 185 0 184 71 205 237 44 75 
7 9 185 0 184 72 204 237 42 75 
7 9 185 0 184 73 204 239 42 75 
7 9 185 0 184 74 202 239 42 75 
7 9 185 0 184 75 200 239 42 75 
7 9 185 0 184 76 200 239 42 75 
7 9 185 0 184 77 198 239 44 75 
7 9 185 0 184 78 197 239 42 75 
7 9 185 0 184 79 197 239 42 75 
7 9 185 0 184 80 195 239 42 75 
7 9 185 0 184 81 195 239 42 75 
7 9 185 0 184 82 193 239 42 75 
7 9 185 0 184 83 191 239 44 75 
7 9 185 0 184 84 191 239 44 75 
7 9 185 0 184 85 189 239 44 75 
7 9 185 0 184 86 189 239 44 75 
7 9 185 0 184 87 188 239 42 75 
7 9 185 0 184 88 186 239 42 75 
7 9 185 0 184 89 186 239 42 75 
7 9 185 0 184 90 184 239 42 75 
7 9 185 0 184 91 184 239 42 75 
7 9 185 0 184 92 182 239 44 75 
7 9 185 0 184 93 181 239 42 75 
7 9 185 0 184 94 181 239 42 75 
7 9 185 0 184 95 179 239 42 75 
7 9 185 0 184 96 179 241 42 75 
7 9 185 0 184 97 177 241 42 75 
7 9 185 0 184 98 175 241 44 75 
7 9 185 0 184 99 173 241 44 75 
7 9 185 0 184 100 173 241 44 75 
7 9 185 0 184 101 172 241 42 75 
7 9 185 0 184 102 170 241 42 75 
7 9 185 0 184 103 168 241 42 75 
7 9 185 0 184 104 168 241 42 75 
7 9 185 0 184 105 166 241 44 75 
7 9 185 0 184 106 165 241 42 75 
7 9 185 0 184 107 165 241 42 75 
7 9 185 0 184 108 163 241 42 75 
7 9 185 0 184 109 161 241 42 75 
7 9 185 0 184 110 159 241 44 75 
7 9 185 0 184 111 159 241 44 75 
7 9 185 0 184 112 157 241 44 75 
7 9 185 0 184 113 156 241 42 75 
7 9 185 0 184 114 156 241 42 75 
7 9 185 0 184 115 154 241 42 75 
7 9 185 0 184 116 152 243 42 73 
7 9 185 0 184 117 150 243 44 73 
7 9 185 0 184 118 150 243 44 73 
7 9 185 0 184 119 149 243 42 73 
7 9 185 0 184 120 147 243 42 73 
7 9 185 0 184 121 147 243 42 73 
7 9 185 0 184 122 145 243 42 73 
7 9 185 0 184 123 143 243 44 73 
7 9 185 0 184 124 141 243 44 73 
7 9 185 0 184 125 141 243 44 73 
7 9 185 0 184 126 140 243 42 73 
7 9 185 0 184 127 138 243 42 73 
7 9 185 0 184 128 138 243 42 73 
7 9 185 0 184 129 136 243 42 73 
7 9 185 0 184 130 134 243 44 73 
7 9 185 0 184 131 133 243 42 73 
7 9 185 0 184 132 133 243 42 73 
7 9 185 0 184 133 131 243 42 73 
7 9 185 0 184 134 129 243 42 73 
7 9 185 0 184 135 129 244 42 75 
7 9 185 0 184 136 127 243 44 73 
7 9 185 0 184 137 125 243 44 73 
7 9 185 0 184 138 124 243 42 73 
7 9 185 0 184 139 122 243 42 73 
7 9 185 0 184 140 122 243 42 73 
7 9 185 0 184 141 120 243 42 73 
7 9 185 0 184 142 118 243 44 73 
7 9 185 0 184 143 117 243 42 73 
7 9 185 0 184 144 117 243 42 73 
7 9 185 0 184 145 115 243 42 73 
7 9 185 0 184 146 113 243 42 73 
7 9 185 0 184 147 111 243 44 73 
7 9 185 0 184 148 111 243 44 73 
7 9 185 0 184 149 109 243 44 73 
7 9 185 0 184 150 108 243 42 73 
7 9 185 0 184 151 106 243 42 73 
7 9 185 0 184 152 104 243 42 73 
7 9 185 0 184 153 104 243 42 73 
7 9 185 0 184 154 102 243 44 73 
7 9 185 0 184 155 101 243 42 73 
7 9 185 0 184 156 99 243 42 73 
7 9 185 0 184 157 99 243 42 73 
7 9 185 0 184 158 97 243 42 73 
7 9 185 0 184 159 95 243 44 73 
7 9 185 0 184 160 93 243 44 73 
7 9 185 0 184 161 93 243 44 73 
7 9 185 0 184 162 92 243 42 73 
7 9 185 0 184 163 90 243 42 73 
7 9 185 0 184 164 88 243 42 73 
7 9 185 0 184 165 86 243 44 73 
7 9 185 0 184 166 85 243 42 73 
7 9 185 0 184 167 85 243 42 73 
7 9 185 0 184 168 83 243 42 73 
7 9 185 0 184 169 81 243 42 73 
7 9 185 0 184 170 79 243 44 73 
7 9 185 0 184 171 77 243 44 73 
7 9 185 0 184 172 76 243 42 73 
7 9 185 0 184 173 76 243 42 73 
7 9 185 0 184 174 74 243 42 73 
7 9 185 0 184 175 72 243 42 73 
7 9 185 0 184 176 70 243 44 73 
7 9 185 0 184 177 69 243 42 73 
7 9 185 0 184 178 69 243 42 73 
7 9 185 0 184 179 67 243 42 73 
7 9 185 0 184 180 67 243 42 73 
7 9 185 0 184 181 65 243 42 73 
7 9 185 0 184 182 65 243 42 73 
7 9 185 0 184 183 63 243 44 73 
7 9 185 0 184 184 63 243 44 73 
10 9 419 582 1000 582 256 237 46 61 
10 9 419 582 1000 583 256 237 46 61 
10 9 419 582 1000 584 256 237 46 61 
10 9 419 582 1000 585 256 237 46 61 
10 9 419 582 1000 586 258 239 46 61 
10 9 419 582 1000 587 258 239 46 61 
10 9 419 582 1000 588 258 239 46 61 
10 9 419 582 1000 589 258 239 46 61 
10 9 419 582 1000 590 258 239 46 61 
10 9 419 582 1000 591 260 239 46 61 
10 9 419 582 1000 592 260 239 46 61 
10 9 419 582 1000 593 260 241 46 61 
10 9 419 582 1000 594 260 241 46 61 
10 9 419 582 1000 595 260 241 46 61 
10 9 419 582 1000 596 261 241 46 61 
10 9 419 582 1000 597 261 241 46 61 
10 9 419 582 1000 598 261 241 46 61 
10 9 419 582 1000 599 261 241 46 61 
10 9 419 582 1000 600 263 243 46 61 
10 9 419 582 1000 601 263 241 46 64 
10 9 419 582 1000 602 263 241 46 64 
10 9 419 582 1000 603 262 241 50 64 
10 9 419 582 1000 604 265 241 46 64 
10 9 419 582 1000 605 264 241 50 66 
10 9 419 582 1000 606 264 241 50 66 
10 9 419 582 1000 607 267 241 46 66 
10 9 419 582 1000 608 266 241 50 66 
10 9 419 582 1000 609 266 241 50 66 
10 9 419 582 1000 610 267 240 50 69 
10 9 419 582 1000 611 267 240 50 69 
10 9 419 582 1000 612 267 240 50 69 
10 9 419 582 1000 613 269 240 50 69 
10 9 419 582 1000 614 269 240 50 69 
10 9 419 582 1000 615 269 240 50 69 
10 9 419 582 1000 616 271 240 50 72 
10 9 419 582 1000 617 271 240 50 72 
10 9 419 582 1000 618 271 242 50 69 
10 9 419 582 1000 619 273 242 50 69 
10 9 419 582 1000 620 273 242 50 69 
10 9 419 582 1000 621 273 242 50 72 
10 9 419 582 1000 622 276 242 48 72 
10 9 419 582 1000 623 276 242 48 72 
10 9 419 582 1000 624 276 242 50 72 
10 9 419 582 1000 625 276 242 50 72 
10 9 419 582 1000 626 276 244 50 72 
10 9 419 582 1000 627 278 244 50 72 
10 9 419 582 1000 628 278 244 50 72 
10 9 419 582 1000 629 278 244 50 72 
10 9 419 582 1000 630 280 244 50 72 
10 9 419 582 1000 631 280 244 50 72 
10 9 419 582 1000 632 280 243 50 73 
10 9 419 582 1000 633 282 243 50 73 
10 9 419 582 1000 634 282 245 50 72 
10 9 419 582 1000 635 282 245 50 72 
10 9 419 582 1000 636 283 245 50 72 
10 9 419 582 1000 637 283 244 50 75 
10 9 419 582 1000 638 285 244 50 75 
10 9 419 582 1000 639 285 244 50 75 
10 9 419 582 1000 640 285 244 50 75 
10 9 419 582 1000 641 287 244 50 75 
10 9 419 582 1000 642 287 246 50 75 
10 9 419 582 1000 643 287 246 50 75 
10 9 419 582 1000 644 289 246 50 75 
10 9 419 582 1000 645 289 246 50 75 
10 9 419 582 1000 646 289 246 50 75 
10 9 419 582 1000 647 292 246 48 75 
10 9 419 582 1000 648 292 246 48 78 
10 9 419 582 1000 649 292 246 50 78 
10 9 419 582 1000 650 292 248 50 75 
10 9 419 582 1000 651 292 248 50 75 
10 9 419 582 1000 652 294 248 50 75 
10 9 419 582 1000 653 294 248 50 76 
10 9 419 582 1000 654 294 248 50 76 
10 9 419 582 1000 655 296 248 50 76 
10 9 419 582 1000 656 296 248 50 76 
10 9 419 582 1000 657 296 248 50 76 
10 9 419 582 1000 658 298 250 50 76 
10 9 419 582 1000 659 298 250 50 76 
10 9 419 582 1000 660 298 250 50 76 
10 9 419 582 1000 661 299 250 50 76 
10 9 419 582 1000 662 299 250 50 76 
10 9 419 582 1000 663 301 250 50 76 
10 9 419 582 1000 664 301 249 50 79 
10 9 419 582 1000 665 301 249 50 79 
10 9 419 582 1000 666 303 251 50 78 
10 9 419 582 1000 667 303 251 50 78 
10 9 419 582 1000 668 303 251 50 78 
10 9 419 582 1000 669 305 250 50 81 
10 9 419 582 1000 670 305 250 50 81 
10 9 419 582 1000 671 305 250 50 81 
10 9 419 582 1000 672 308 250 48 81 
10 9 419 582 1000 673 308 250 48 81 
10 9 419 582 1000 674 308 252 50 81 
10 9 419 582 1000 675 308 252 50 81 
10 9 419 582 1000 676 308 252 50 81 
10 9 419 582 1000 677 310 252 50 81 
10 9 419 582 1000 678 310 252 50 81 
10 9 419 582 1000 679 312 252 50 82 
10 9 419 582 1000 680 312 254 50 79 
10 9 419 582 1000 681 314 254 50 79 
10 9 419 582 1000 682 314 254 50 79 
10 9 419 582 1000 683 315 254 50 82 
10 9 419 582 1000 684 315 254 50 82 
10 9 419 582 1000 685 317 254 50 82 
10 9 419 582 1000 686 317 256 50 79 
10 9 419 582 1000 687 317 256 50 82 
10 9 419 582 1000 688 319 256 50 82 
10 9 419 582 1000 689 319 256 50 82 
10 9 419 582 1000 690 321 256 50 82 
10 9 419 582 1000 691 321 258 50 82 
10 9 419 582 1000 692 324 258 48 82 
10 9 419 582 1000 693 324 258 48 82 
10 9 419 582 1000 694 324 258 50 82 
10 9 419 582 1000 695 324 258 50 82 
10 9 419 582 1000 696 326 258 50 84 
10 9 419 582 1000 697 326 259 50 82 
10 9 419 582 1000 698 328 259 50 82 
10 9 419 582 1000 699 328 259 50 82 
10 9 419 582 1000 700 328 258 50 85 
10 9 419 582 1000 701 330 258 50 85 
10 9 419 582 1000 702 330 258 50 85 
10 9 419 582 1000 703 331 261 50 82 
10 9 419 582 1000 704 331 260 50 85 
10 9 419 582 1000 705 333 260 50 85 
10 9 419 582 1000 706 333 260 50 85 
10 9 419 582 1000 707 335 260 50 85 
10 9 419 582 1000 708 335 262 50 85 
10 9 419 582 1000 709 337 262 50 85 
10 9 419 582 1000 710 337 262 50 85 
10 9 419 582 1000 711 337 262 50 85 
10 9 419 582 1000 712 340 262 48 85 
10 9 419 582 1000 713 340 262 48 88 
10 9 419 582 1000 714 340 264 50 85 
10 9 419 582 1000 715 340 264 50 85 
10 9 419 582 1000 716 342 264 50 85 
10 9 419 582 1000 717 342 264 50 87 
10 9 419 582 1000 718 344 264 50 87 
10 9 419 582 1000 719 344 264 50 87 
10 9 419 582 1000 720 346 265 50 85 
10 9 419 582 1000 721 346 265 50 88 
10 9 419 582 1000 722 347 265 50 88 
10 9 419 582 1000 723 347 265 50 88 
10 9 419 582 1000 724 347 265 50 88 
10 9 419 582 1000 725 349 267 50 88 
10 9 419 582 1000 726 349 267 50 88 
10 9 419 582 1000 727 351 267 50 88 
10 9 419 582 1000 728 351 267 50 88 
10 9 419 582 1000 729 353 267 50 88 
10 9 419 582 1000 730 353 266 50 91 
10 9 419 582 1000 731 356 269 48 88 
10 9 419 582 1000 732 356 269 48 88 
10 9 419 582 1000 733 356 269 50 88 
10 9 419 582 1000 734 356 269 50 90 
10 9 419 582 1000 735 356 269 50 90 
10 9 419 582 1000 736 358 269 50 90 
10 9 419 582 1000 737 358 271 50 87 
10 9 419 582 1000 738 360 271 50 90 
10 9 419 582 1000 739 360 271 50 90 
10 9 419 582 1000 740 362 271 50 90 
10 9 419 582 1000 741 362 271 50 90 
10 9 419 582 1000 742 363 273 50 90 
10 9 419 582 1000 743 363 273 50 90 
10 9 419 582 1000 744 365 273 50 90 
10 9 419 582 1000 745 365 273 50 90 
10 9 419 582 1000 746 367 273 50 90 
10 9 419 582 1000 747 367 272 50 93 
10 9 419 582 1000 748 367 273 50 91 
10 9 419 582 1000 749 369 273 50 91 
10 9 419 582 1000 750 369 273 50 91 
10 9 419 582 1000 751 372 273 48 94 
10 9 419 582 1000 752 372 273 48 94 
10 9 419 582 1000 753 372 273 50 94 
10 9 419 582 1000 754 372 275 50 91 
10 9 419 582 1000 755 374 275 50 93 
10 9 419 582 1000 756 374 275 50 93 
10 9 419 582 1000 757 376 275 50 93 
10 9 419 582 1000 758 376 275 50 93 
10 9 419 582 1000 759 378 277 50 93 
10 9 419 582 1000 760 378 277 50 93 
10 9 419 582 1000 761 378 277 50 93 
10 9 419 582 1000 762 378 277 50 93 
10 9 419 582 1000 763 378 277 50 96 
10 9 419 582 1000 764 378 277 50 96 
10 9 419 582 1000 765 378 277 52 96 
10 9 419 582 1000 766 378 277 52 96 
10 9 419 582 1000 767 378 276 52 99 
10 9 419 582 1000 768 378 276 52 99 
10 9 419 582 1000 769 378 276 52 99 
10 9 419 582 1000 770 378 276 52 99 
10 9 419 582 1000 771 378 278 54 97 
10 9 419 582 1000 772 378 278 54 97 
10 9 419 582 1000 773 378 278 54 97 
10 9 419 582 1000 774 378 278 54 97 
10 9 419 582 1000 775 378 278 54 100 
10 9 419 582 1000 776 378 278 54 100 
10 9 419 582 1000 777 377 278 58 100 
10 9 419 582 1000 778 377 278 58 100 
10 9 419 582 1000 779 377 277 58 103 
10 9 419 582 1000 780 377 277 58 103 
10 9 419 582 1000 781 377 277 58 103 
10 9 419 582 1000 782 379 278 58 105 
10 9 419 582 1000 783 379 278 58 105 
10 9 419 582 1000 784 379 278 58 105 
10 9 419 582 1000 785 379 278 60 108 
10 9 419 582 1000 786 379 280 60 105 
10 9 419 582 1000 787 382 280 56 106 
10 9 419 582 1000 788 381 280 60 106 
10 9 419 582 1000 789 381 282 60 106 
10 9 419 582 1000 790 381 282 60 106 
10 9 419 582 1000 791 383 281 60 109 
10 9 419 582 1000 792 383 281 60 109 
10 9 419 582 1000 793 383 283 60 109 
10 9 419 582 1000 794 382 283 64 109 
10 9 419 582 1000 795 385 283 60 111 
10 9 419 582 1000 796 385 286 60 108 
10 9 419 582 1000 797 384 285 64 111 
10 9 419 582 1000 798 384 285 64 111 
10 9 419 582 1000 799 385 285 64 114 
10 9 419 582 1000 800 385 286 64 112 
10 9 419 582 1000 801 385 285 64 115 
10 9 419 582 1000 802 384 285 68 115 
10 9 419 582 1000 803 387 287 64 115 
10 9 419 582 1000 804 387 287 64 115 
10 9 419 582 1000 805 386 287 68 117 
10 9 419 582 1000 806 386 287 68 117 
10 9 419 582 1000 807 389 289 64 117 
10 9 419 582 1000 808 388 289 68 117 
10 9 419 582 1000 809 388 289 68 120 
10 9 419 582 1000 810 388 291 68 117 
10 9 419 582 1000 811 390 291 66 120 
10 9 419 582 1000 812 390 291 66 120 
10 9 419 582 1000 813 389 292 70 120 
10 9 419 582 1000 814 389 292 70 120 
10 9 419 582 1000 815 389 292 70 120 
10 9 419 582 1000 816 390 291 72 123 
10 9 419 582 1000 817 390 294 72 120 
10 9 419 582 1000 818 390 293 72 123 
10 9 419 582 1000 819 389 293 76 123 
10 9 419 582 1000 820 392 295 72 123 
10 9 419 582 1000 821 392 295 72 123 
10 9 419 582 1000 822 391 295 76 126 
10 9 419 582 1000 823 391 295 76 126 
10 9 419 582 1000 824 394 297 72 124 
10 9 419 582 1000 825 393 297 74 124 
10 9 419 582 1000 826 393 296 74 127 
10 9 419 582 1000 827 393 299 74 124 
10 9 419 582 1000 828 395 298 74 127 
10 9 419 582 1000 829 395 298 74 127 
10 9 419 582 1000 830 394 298 78 130 
10 9 419 582 1000 831 394 299 78 129 
10 9 419 582 1000 832 397 299 74 130 
10 9 419 582 1000 833 396 299 78 130 
10 9 419 582 1000 834 396 301 78 130 
10 9 419 582 1000 835 396 301 78 130 
10 9 419 582 1000 836 397 300 78 133 
10 9 419 582 1000 837 397 300 78 133 
10 9 419 582 1000 838 397 302 78 133 
10 9 419 582 1000 839 396 302 82 133 
10 9 419 582 1000 840 399 302 78 136 
10 9 419 582 1000 841 399 304 78 133 
10 9 419 582 1000 842 398 304 82 135 
10 9 419 582 1000 843 398 304 82 135 
10 9 419 582 1000 844 400 305 82 136 
10 9 419 582 1000 845 400 305 82 136 
10 9 419 582 1000 846 402 304 82 139 
10 9 419 582 1000 847 402 307 84 136 
10 9 419 582 1000 848 402 306 86 139 
10 9 419 582 1000 849 405 306 82 139 
10 9 419 582 1000 850 404 309 86 138 
10 9 419 582 1000 851 406 309 86 138 
10 9 419 582 1000 852 409 308 84 141 
10 9 419 582 1000 853 409 311 84 138 
10 9 419 582 1000 854 411 310 84 141 
10 9 419 582 1000 855 411 310 86 141 
10 9 419 582 1000 856 410 312 90 141 
10 9 419 582 1000 857 413 312 86 141 
10 9 419 582 1000 858 412 312 90 144 
10 9 419 582 1000 859 415 313 88 142 
10 9 419 582 1000 860 417 313 88 144 
10 9 419 582 1000 861 417 313 88 144 
10 9 419 582 1000 862 417 315 90 144 
10 9 419 582 1000 863 419 314 90 147 
10 9 419 582 1000 864 419 314 92 147 
10 9 419 582 1000 865 422 316 88 147 
10 9 419 582 1000 866 424 316 88 147 
10 9 419 582 1000 867 423 316 92 148 
10 9 419 582 1000 868 425 318 92 145 
10 9 419 582 1000 869 425 318 92 148 
10 9 419 582 1000 870 425 318 94 148 
10 9 419 582 1000 871 428 319 92 150 
10 9 419 582 1000 872 427 319 96 150 
10 9 419 582 1000 873 430 318 92 153 
10 9 419 582 1000 874 432 321 92 150 
10 9 419 582 1000 875 431 320 96 153 
10 9 419 582 1000 876 432 320 96 153 
10 9 419 582 1000 877 435 322 92 151 
10 9 419 582 1000 878 434 322 96 151 
10 9 419 582 1000 879 436 322 96 154 
10 9 419 582 1000 880 438 324 96 154 
10 9 419 582 1000 881 440 324 96 154 
10 9 419 582 1000 882 441 323 96 157 
10 9 419 582 1000 883 443 326 96 154 
10 9 419 582 1000 884 445 326 96 156 
10 9 419 582 1000 885 447 325 96 159 
10 9 419 582 1000 886 448 326 96 157 
10 9 419 582 1000 887 450 326 96 160 
10 9 419 582 1000 888 452 325 96 163 
10 9 419 582 1000 889 454 328 96 160 
10 9 419 582 1000 890 456 327 96 163 
10 9 419 582 1000 891 457 330 96 162 
10 9 419 582 1000 892 459 330 96 162 
10 9 419 582 1000 893 463 332 96 162 
10 9 419 582 1000 894 466 331 96 165 
10 9 419 582 1000 895 467 332 100 166 
10 9 419 582 1000 896 471 332 98 168 
10 9 419 582 1000 897 474 334 100 168 
10 9 419 582 1000 898 475 333 102 171 
10 9 419 582 1000 899 478 335 104 171 
10 9 419 582 1000 900 482 337 104 171 
10 9 419 582 1000 901 483 352 106 153 
10 9 419 582 1000 902 486 369 108 133 
10 9 419 582 1000 903 487 388 110 111 
10 9 419 582 1000 904 490 405 114 93 
10 9 419 582 1000 905 489 400 120 99 
10 9 419 582 1000 906 488 396 126 106 
10 9 419 582 1000 907 490 393 128 112 
10 9 419 582 1000 908 494 395 128 111 
10 9 419 582 1000 909 499 397 128 111 
10 9 419 582 1000 910 503 398 128 112 
10 9 419 582 1000 911 508 400 128 112 
10 9 419 582 1000 912 512 399 128 115 
10 9 419 582 1000 913 515 399 128 117 
10 9 419 582 1000 914 519 401 128 117 
10 9 419 582 1000 915 522 401 128 120 
10 9 419 582 1000 916 528 403 128 120 
10 9 419 582 1000 917 529 404 128 120 
10 9 419 582 1000 918 533 406 128 120 
10 9 419 582 1000 919 535 408 128 120 
10 9 419 582 1000 920 538 412 128 120 
10 9 419 582 1000 921 542 412 128 120 
10 9 419 582 1000 922 547 413 128 120 
10 9 419 582 1000 923 550 412 130 123 
10 9 419 582 1000 924 552 414 136 123 
10 9 419 582 1000 925 555 416 138 124 
10 9 419 582 1000 926 558 418 140 124 
10 9 419 582 1000 927 562 419 138 126 
10 9 419 582 1000 928 565 423 140 126 
10 9 419 582 1000 929 567 423 140 126 
10 9 419 582 1000 930 571 425 138 124 
10 9 419 582 1000 931 574 427 140 124 
10 9 419 582 1000 932 578 427 138 129 
10 9 419 582 1000 933 583 429 140 130 
10 9 419 582 1000 934 589 430 138 133 
10 9 419 582 1000 935 594 432 138 135 
10 9 419 582 1000 936 596 433 138 136 
10 9 419 582 1000 937 597 435 140 136 
10 9 419 582 1000 938 599 437 140 136 
10 9 419 582 1000 939 605 439 138 135 
10 9 419 582 1000 940 610 441 138 138 
10 9 419 582 1000 941 615 441 140 142 
10 9 419 582 1000 942 622 445 140 141 
10 9 419 582 1000 943 626 447 138 141 
10 9 419 582 1000 944 631 448 140 142 
10 9 419 582 1000 945 637 450 138 141 
10 9 419 582 1000 946 642 454 138 141 
10 9 419 582 1000 947 643 453 146 147 
10 9 419 582 1000 948 646 455 152 148 
10 9 419 582 1000 949 648 455 160 153 
10 9 419 582 1000 950 652 457 164 151 
10 9 419 582 1000 951 656 459 168 151 
10 9 419 582 1000 952 661 462 170 153 
10 9 419 582 1000 953 664 468 170 151 
10 9 419 582 1000 954 666 470 180 151 
10 9 419 582 1000 955 669 471 188 153 
10 9 419 582 1000 956 672 473 196 151 
10 9 419 582 1000 957 677 475 198 151 
10 9 419 582 1000 958 680 478 206 153 
10 9 419 582 1000 959 686 482 210 151 
10 9 419 582 1000 960 690 482 210 151 
10 9 419 582 1000 961 693 484 210 151 
10 9 419 582 1000 962 697 486 210 151 
10 9 419 582 1000 963 704 488 210 157 
10 9 419 582 1000 964 713 492 210 162 
10 9 419 582 1000 965 722 496 210 168 
10 9 419 582 1000 966 731 500 202 168 
10 9 419 582 1000 967 740 502 196 171 
10 9 419 582 1000 968 748 507 192 171 
10 9 419 582 1000 969 756 511 188 171 
10 9 419 582 1000 970 766 515 184 169 
10 9 419 582 1000 971 775 520 182 171 
10 9 419 582 1000 972 782 523 182 174 
10 9 419 582 1000 973 789 526 182 178 
10 9 419 582 1000 974 796 530 182 181 
10 9 419 582 1000 975 799 532 188 181 
10 9 419 582 1000 976 800 536 196 181 
10 9 419 582 1000 977 801 539 206 179 
10 9 419 582 1000 978 806 546 214 173 
10 9 419 582 1000 979 811 550 224 168 
10 9 419 582 1000 980 815 557 236 161 
10 9 419 582 1000 981 820 562 242 156 
10 9 419 582 1000 982 825 565 250 153 
10 9 419 582 1000 983 831 570 258 148 
10 9 419 582 1000 984 839 575 260 143 
10 9 419 582 1000 985 848 580 260 138 
10 9 419 582 1000 986 859 584 260 134 
10 9 419 582 1000 987 862 586 268 132 
10 9 419 582 1000 988 868 590 272 128 
10 9 419 582 1000 989 876 595 272 123 
10 9 419 582 1000 990 883 601 274 117 
10 9 419 582 1000 991 895 610 270 108 
10 9 419 582 1000 992 906 620 270 98 
10 9 419 582 1000 993 916 631 272 88 
10 9 419 582 1000 994 927 642 270 76 
10 9 419 582 1000 995 940 653 270 65 
10 9 419 582 1000 996 954 662 270 56 
10 9 419 582 1000 997 970 673 270 45 
10 9 419 582 1000 998 986 684 270 34 
10 9 419 582 1000 999 986 684 270 34 
10 9 419 582 1000 1000 986 684 270 34 
11 5 115 675 789 675 312 243 57 48 
11 5 115 675 789 676 312 243 57 48 
11 5 115 675 789 677 312 243 57 48 
11 5 115 675 789 678 312 243 57 48 
11 5 115 675 789 679 312 243 57 48 
11 5 115 675 789 680 312 243 57 48 
11 5 115 675 789 681 312 243 57 48 
11 5 115 675 789 682 312 243 57 48 
11 5 115 675 789 683 312 243 57 48 
11 5 115 675 789 684 312 243 57 48 
11 5 115 675 789 685 312 243 57 48 
11 5 115 675 789 686 312 243 57 48 
11 5 115 675 789 687 312 243 57 48 
11 5 115 675 789 688 312 243 57 48 
11 5 115 675 789 689 312 243 57 48 
11 5 115 675 789 690 312 243 57 48 
11 5 115 675 789 691 312 243 57 48 
11 5 115 675 789 692 312 243 57 48 
11 5 115 675 789 693 312 243 57 48 
11 5 115 675 789 694 312 243 57 48 
11 5 115 675 789 695 312 243 57 48 
11 5 115 675 789 696 312 243 57 48 
11 5 115 675 789 697 312 243 57 48 
11 5 115 675 789 698 312 243 57 48 
11 5 115 675 789 699 312 243 57 48 
11 5 115 675 789 700 312 243 57 48 
11 5 115 675 789 701 312 243 57 48 
11 5 115 675 789 702 312 243 57 48 
11 5 115 675 789 703 312 243 57 48 
11 5 115 675 789 704 312 243 57 48 
11 5 115 675 789 705 312 243 57 48 
11 5 115 675 789 706 312 243 57 48 
11 5 115 675 789 707 312 243 57 48 
11 5 115 675 789 708 312 243 57 48 
11 5 115 675 789 709 312 243 57 48 
11 5 115 675 789 710 312 243 57 48 
11 5 115 675 789 711 312 243 57 48 
11 5 115 675 789 712 312 243 57 48 
11 5 115 675 789 713 312 243 57 48 
11 5 115 675 789 714 312 243 57 48 
11 5 115 675 789 715 312 243 57 48 
11 5 115 675 789 716 312 243 57 48 
11 5 115 675 789 717 312 243 57 48 
11 5 115 675 789 718 312 243 57 48 
11 5 115 675 789 719 312 243 57 48 
11 5 115 675 789 720 312 243 57 48 
11 5 115 675 789 721 312 243 57 48 
11 5 115 675 789 722 312 243 57 48 
11 5 115 675 789 723 312 243 57 48 
11 5 115 675 789 724 312 243 57 48 
11 5 115 675 789 725 312 243 57 48 
11 5 115 675 789 726 312 243 57 48 
11 5 115 675 789 727 312 243 57 48 
11 5 115 675 789 728 312 243 57 48 
11 5 115 675 789 729 312 243 57 48 
11 5 115 675 789 730 312 243 57 48 
11 5 115 675 789 731 312 243 57 48 
11 5 115 675 789 732 312 243 57 48 
11 5 115 675 789 733 312 243 57 48 
11 5 115 675 789 734 312 243 57 48 
11 5 115 675 789 735 312 243 57 48 
11 5 115 675 789 736 312 243 57 48 
11 5 115 675 789 737 312 243 57 48 
11 5 115 675 789 738 312 243 57 48 
11 5 115 675 789 739 312 243 57 48 
11 5 115 675 789 740 312 243 57 48 
11 5 115 675 789 741 312 243 57 48 
11 5 115 675 789 742 312 243 57 48 
11 5 115 675 789 743 312 243 57 48 
11 5 115 675 789 744 312 243 57 48 
11 5 115 675 789 745 312 243 57 48 
11 5 115 675 789 746 312 243 57 48 
11 5 115 675 789 747 312 243 57 48 
11 5 115 675 789 748 312 243 57 48 
11 5 115 675 789 749 312 243 57 48 
11 5 115 675 789 750 312 243 57 48 
11 5 115 675 789 751 312 243 57 48 
11 5 115 675 789 752 312 243 57 48 
11 5 115 675 789 753 312 243 57 48 
11 5 115 675 789 754 312 243 57 48 
11 5 115 675 789 755 312 243 57 48 
11 5 115 675 789 756 312 243 57 48 
11 5 115 675 789 757 312 243 57 48 
11 5 115 675 789 758 312 243 57 48 
11 5 115 675 789 759 312 243 57 48 
11 5 115 675 789 760 312 243 57 48 
11 5 115 675 789 761 312 243 57 48 
11 5 115 675 789 762 312 243 57 48 
11 5 115 675 789 763 312 243 57 48 
11 5 115 675 789 764 312 243 57 48 
11 5 115 675 789 765 312 243 57 48 
11 5 115 675 789 766 312 243 57 48 
11 5 115 675 789 767 312 243 57 48 
11 5 115 675 789 768 312 243 57 48 
11 5 115 675 789 769 312 243 57 48 
11 5 115 675 789 770 312 243 57 48 
11 5 115 675 789 771 312 243 57 48 
11 5 115 675 789 772 312 243 57 48 
11 5 115 675 789 773 312 243 57 48 
11 5 115 675 789 774 312 243 57 48 
11 5 115 675 789 775 312 243 57 48 
11 5 115 675 789 776 312 243 57 48 
11 5 115 675 789 777 312 243 57 48 
11 5 115 675 789 778 312 243 57 48 
11 5 115 675 789 779 312 243 57 48 
11 5 115 675 789 780 312 243 57 48 
11 5 115 675 789 781 312 243 57 48 
11 5 115 675 789 782 312 243 57 48 
11 5 115 675 789 783 312 243 57 48 
11 5 115 675 789 784 312 243 57 48 
11 5 115 675 789 785 312 243 57 48 
11 5 115 675 789 786 312 243 57 48 
11 5 115 675 789 787 312 243 57 48 
11 5 115 675 789 788 312 243 57 48 
11 5 115 675 789 789 312 243 57 48 
12 9 107 900 1006 900 485 340 92 129 
12 9 107 900 1006 901 487 340 92 129 
12 9 107 900 1006 902 489 342 94 127 
12 9 107 900 1006 903 494 344 92 127 
12 9 107 900 1006 904 496 346 94 127 
12 9 107 900 1006 905 501 347 92 129 
12 9 107 900 1006 906 505 347 92 129 
12 9 107 900 1006 907 508 349 92 127 
12 9 107 900 1006 908 512 351 92 127 
12 9 107 900 1006 909 515 353 92 127 
12 9 107 900 1006 910 519 354 92 129 
12 9 107 900 1006 911 524 356 92 129 
12 9 107 900 1006 912 525 355 96 133 
12 9 107 900 1006 913 527 357 100 138 
12 9 107 900 1006 914 531 355 100 147 
12 9 107 900 1006 915 531 356 106 151 
12 9 107 900 1006 916 534 355 108 159 
12 9 107 900 1006 917 537 356 110 165 
12 9 107 900 1006 918 539 356 110 165 
12 9 107 900 1006 919 542 357 110 166 
12 9 107 900 1006 920 546 357 110 166 
12 9 107 900 1006 921 549 359 110 165 
12 9 107 900 1006 922 553 361 110 165 
12 9 107 900 1006 923 556 363 112 165 
12 9 107 900 1006 924 562 364 110 166 
12 9 107 900 1006 925 565 366 110 165 
12 9 107 900 1006 926 571 368 110 165 
12 9 107 900 1006 927 576 370 110 165 
12 9 107 900 1006 928 580 370 110 165 
12 9 107 900 1006 929 583 372 110 165 
12 9 107 900 1006 930 587 373 110 166 
12 9 107 900 1006 931 590 373 110 166 
12 9 107 900 1006 932 594 375 110 165 
12 9 107 900 1006 933 597 377 110 165 
12 9 107 900 1006 934 601 379 110 165 
12 9 107 900 1006 935 604 380 112 166 
12 9 107 900 1006 936 608 382 110 165 
12 9 107 900 1006 937 612 384 110 165 
12 9 107 900 1006 938 615 386 110 165 
12 9 107 900 1006 939 619 385 110 171 
12 9 107 900 1006 940 624 387 110 172 
12 9 107 900 1006 941 629 387 110 177 
12 9 107 900 1006 942 635 389 110 178 
12 9 107 900 1006 943 640 391 110 178 
12 9 107 900 1006 944 645 393 110 178 
12 9 107 900 1006 945 652 396 112 178 
12 9 107 900 1006 946 658 398 110 178 
12 9 107 900 1006 947 665 402 110 178 
12 9 107 900 1006 948 666 402 116 178 
12 9 107 900 1006 949 667 403 124 178 
12 9 107 900 1006 950 670 405 128 178 
12 9 107 900 1006 951 671 407 136 178 
12 9 107 900 1006 952 675 407 134 178 
12 9 107 900 1006 953 680 409 136 178 
12 9 107 900 1006 954 686 410 134 180 
12 9 107 900 1006 955 691 412 134 178 
12 9 107 900 1006 956 698 414 136 178 
12 9 107 900 1006 957 705 418 136 178 
12 9 107 900 1006 958 712 419 136 178 
12 9 107 900 1006 959 719 423 136 178 
12 9 107 900 1006 960 728 426 136 180 
12 9 107 900 1006 961 734 428 134 178 
12 9 107 900 1006 962 741 430 134 178 
12 9 107 900 1006 963 748 434 134 178 
12 9 107 900 1006 964 749 433 142 190 
12 9 107 900 1006 965 754 433 146 199 
12 9 107 900 1006 966 758 436 150 210 
12 9 107 900 1006 967 763 435 150 222 
12 9 107 900 1006 968 770 435 150 232 
12 9 107 900 1006 969 779 438 148 240 
12 9 107 900 1006 970 786 440 148 240 
12 9 107 900 1006 971 795 441 148 240 
12 9 107 900 1006 972 802 445 150 240 
12 9 107 900 1006 973 811 452 148 225 
12 9 107 900 1006 974 818 461 148 207 
12 9 107 900 1006 975 820 461 150 214 
12 9 107 900 1006 976 827 462 148 219 
12 9 107 900 1006 977 831 465 150 223 
12 9 107 900 1006 978 838 468 150 225 
12 9 107 900 1006 979 847 474 150 223 
12 9 107 900 1006 980 857 477 148 226 
12 9 107 900 1006 981 866 482 148 228 
12 9 107 900 1006 982 867 484 164 226 
12 9 107 900 1006 983 868 488 178 226 
12 9 107 900 1006 984 872 491 192 226 
12 9 107 900 1006 985 884 494 188 224 
12 9 107 900 1006 986 898 498 184 220 
12 9 107 900 1006 987 907 504 186 214 
12 9 107 900 1006 988 922 508 180 210 
12 9 107 900 1006 989 933 512 182 207 
12 9 107 900 1006 990 948 516 178 202 
12 9 107 900 1006 991 964 520 174 198 
12 9 107 900 1006 992 960 524 192 194 
12 9 107 900 1006 993 956 529 208 189 
12 9 107 900 1006 994 953 535 224 183 
12 9 107 900 1006 995 970 541 218 177 
12 9 107 900 1006 996 988 550 210 168 
12 9 107 900 1006 997 1008 560 202 158 
12 9 107 900 1006 998 1021 569 202 149 
12 9 107 900 1006 999 1035 578 202 141 
12 9 107 900 1006 1000 1049 586 202 132 
12 9 107 900 1006 1001 1061 593 204 126 
12 9 107 900 1006 1002 1074 600 202 118 
12 9 107 900 1006 1003 1088 609 190 109 
12 9 107 900 1006 1004 1100 615 178 103 
12 9 107 900 1006 1005 1111 621 168 97 
12 9 107 900 1006 1006 1123 629 156 89 
