1 9 355 310 664 310 1159 509 120 209 
1 9 355 310 664 311 1152 506 127 212 
1 9 355 310 664 312 1144 504 135 214 
1 9 355 310 664 313 1138 501 141 217 
1 9 355 310 664 314 1131 500 148 218 
1 9 355 310 664 315 1123 498 156 221 
1 9 355 310 664 316 1118 495 160 223 
1 9 355 310 664 317 1111 493 162 226 
1 9 355 310 664 318 1105 490 164 228 
1 9 355 310 664 319 1097 489 168 229 
1 9 355 310 664 320 1090 486 168 232 
1 9 355 310 664 321 1085 484 166 234 
1 9 355 310 664 322 1077 481 170 237 
1 9 355 310 664 323 1071 480 172 238 
1 9 355 310 664 324 1067 476 166 242 
1 9 355 310 664 325 1064 474 164 244 
1 9 355 310 664 326 1059 472 164 246 
1 9 355 310 664 327 1056 471 160 247 
1 9 355 310 664 328 1051 469 160 249 
1 9 355 310 664 329 1049 467 156 251 
1 9 355 310 664 330 1046 464 152 254 
1 9 355 310 664 331 1041 462 152 256 
1 9 355 310 664 332 1037 460 150 258 
1 9 355 310 664 333 1033 458 148 260 
1 9 355 310 664 334 1029 456 146 262 
1 9 355 310 664 335 1027 455 142 263 
1 9 355 310 664 336 1021 454 142 265 
1 9 355 310 664 337 1018 451 142 267 
1 9 355 310 664 338 1014 449 142 269 
1 9 355 310 664 339 1011 449 142 270 
1 9 355 310 664 340 1007 447 142 271 
1 9 355 310 664 341 1004 447 142 271 
1 9 355 310 664 342 1000 445 142 273 
1 9 355 310 664 343 996 443 144 275 
1 9 355 310 664 344 993 442 142 276 
1 9 355 310 664 345 990 441 140 274 
1 9 355 310 664 346 987 439 138 274 
1 9 355 310 664 347 983 439 140 271 
1 9 355 310 664 348 980 438 138 270 
1 9 355 310 664 349 976 436 138 270 
1 9 355 310 664 350 973 435 138 268 
1 9 355 310 664 351 969 433 138 268 
1 9 355 310 664 352 965 434 140 264 
1 9 355 310 664 353 962 432 138 264 
1 9 355 310 664 354 959 430 136 264 
1 9 355 310 664 355 956 428 134 264 
1 9 355 310 664 356 952 427 136 261 
1 9 355 310 664 357 949 425 134 261 
1 9 355 310 664 358 945 426 136 258 
1 9 355 310 664 359 942 423 134 259 
1 9 355 310 664 360 938 422 136 256 
1 9 355 310 664 361 934 421 136 255 
1 9 355 310 664 362 931 419 134 255 
1 9 355 310 664 363 928 417 132 256 
1 9 355 310 664 364 925 418 132 250 
1 9 355 310 664 365 921 416 132 250 
1 9 355 310 664 366 918 414 130 252 
1 9 355 310 664 367 914 413 132 250 
1 9 355 310 664 368 911 411 130 247 
1 9 355 310 664 369 907 412 132 244 
1 9 355 310 664 370 903 410 132 246 
1 9 355 310 664 371 900 408 132 246 
1 9 355 310 664 372 897 407 128 241 
1 9 355 310 664 373 894 405 128 243 
1 9 355 310 664 374 890 403 128 243 
1 9 355 310 664 375 887 404 128 240 
1 9 355 310 664 376 883 402 128 237 
1 9 355 310 664 377 880 400 128 238 
1 9 355 310 664 378 876 399 128 237 
1 9 355 310 664 379 872 397 128 237 
1 9 355 310 664 380 869 398 128 234 
1 9 355 310 664 381 865 395 128 235 
1 9 355 310 664 382 865 396 124 232 
1 9 355 310 664 383 860 394 128 232 
1 9 355 310 664 384 859 394 124 229 
1 9 355 310 664 385 856 393 124 231 
1 9 355 310 664 386 854 394 124 228 
1 9 355 310 664 387 849 391 126 229 
1 9 355 310 664 388 850 392 120 226 
1 9 355 310 664 389 845 389 124 229 
1 9 355 310 664 390 843 390 122 226 
1 9 355 310 664 391 841 390 120 223 
1 9 355 310 664 392 839 388 120 225 
1 9 355 310 664 393 834 388 122 225 
1 9 355 310 664 394 835 386 116 225 
1 9 355 310 664 395 830 387 120 222 
1 9 355 310 664 396 828 386 118 220 
1 9 355 310 664 397 826 386 116 220 
1 9 355 310 664 398 823 384 118 220 
1 9 355 310 664 399 819 384 118 219 
1 9 355 310 664 400 820 385 112 216 
1 9 355 310 664 401 814 382 118 219 
1 9 355 310 664 402 813 383 114 216 
1 9 355 310 664 403 810 381 114 216 
1 9 355 310 664 404 808 381 114 214 
1 9 355 310 664 405 804 380 114 216 
1 9 355 310 664 406 804 380 112 213 
1 9 355 310 664 407 799 378 114 213 
1 9 355 310 664 408 798 379 110 210 
1 9 355 310 664 409 794 376 114 213 
1 9 355 310 664 410 793 377 110 210 
1 9 355 310 664 411 789 377 110 208 
1 9 355 310 664 412 788 375 110 208 
1 9 355 310 664 413 784 375 110 208 
1 9 355 310 664 414 783 373 108 208 
1 9 355 310 664 415 779 373 110 205 
1 9 355 310 664 416 778 372 106 205 
1 9 355 310 664 417 774 372 108 205 
1 9 355 310 664 418 773 370 106 205 
1 9 355 310 664 419 769 371 106 202 
1 9 355 310 664 420 768 371 104 199 
1 9 355 310 664 421 764 369 106 202 
1 9 355 310 664 422 763 369 102 199 
1 9 355 310 664 423 759 367 104 201 
1 9 355 310 664 424 758 368 102 198 
1 9 355 310 664 425 754 366 104 199 
1 9 355 310 664 426 753 367 100 196 
1 9 355 310 664 427 749 365 102 196 
1 9 355 310 664 428 748 365 100 195 
1 9 355 310 664 429 746 365 100 195 
1 9 355 310 664 430 743 363 98 195 
1 9 355 310 664 431 741 364 100 192 
1 9 355 310 664 432 739 361 100 195 
1 9 355 310 664 433 735 362 100 192 
1 9 355 310 664 434 734 359 98 195 
1 9 355 310 664 435 732 360 100 192 
1 9 355 310 664 436 728 360 100 190 
1 9 355 310 664 437 727 359 98 192 
1 9 355 310 664 438 725 359 100 189 
1 9 355 310 664 439 723 357 100 192 
1 9 355 310 664 440 719 357 100 189 
1 9 355 310 664 441 718 355 98 192 
1 9 355 310 664 442 716 355 100 189 
1 9 355 310 664 443 712 355 100 187 
1 9 355 310 664 444 711 353 98 190 
1 9 355 310 664 445 709 353 100 187 
1 9 355 310 664 446 707 352 100 189 
1 9 355 310 664 447 703 353 100 186 
1 9 355 310 664 448 702 353 98 186 
1 9 355 310 664 449 700 351 100 186 
1 9 355 310 664 450 696 351 100 183 
1 9 355 310 664 451 695 349 98 186 
1 9 355 310 664 452 693 349 100 184 
1 9 355 310 664 453 691 346 100 187 
1 9 355 310 664 454 687 347 100 184 
1 9 355 310 664 455 686 347 98 181 
1 9 355 310 664 456 684 345 100 184 
1 9 355 310 664 457 680 345 100 181 
1 9 355 310 664 458 679 344 98 183 
1 9 355 310 664 459 677 344 100 181 
1 9 355 310 664 460 675 342 100 184 
1 9 355 310 664 461 671 342 100 181 
1 9 355 310 664 462 670 343 98 178 
1 9 355 310 664 463 668 340 100 181 
1 9 355 310 664 464 664 341 100 178 
1 9 355 310 664 465 663 338 98 181 
1 9 355 310 664 466 661 339 100 178 
1 9 355 310 664 467 659 339 100 178 
1 9 355 310 664 468 657 338 100 178 
1 9 355 310 664 469 655 338 100 178 
1 9 355 310 664 470 654 336 98 178 
1 9 355 310 664 471 652 336 100 178 
1 9 355 310 664 472 650 336 100 175 
1 9 355 310 664 473 648 334 100 178 
1 9 355 310 664 474 647 334 98 175 
1 9 355 310 664 475 648 334 96 175 
1 9 355 310 664 476 646 332 96 177 
1 9 355 310 664 477 644 332 96 177 
1 9 355 310 664 478 642 333 96 174 
1 9 355 310 664 479 640 330 96 177 
1 9 355 310 664 480 639 331 96 174 
1 9 355 310 664 481 636 331 100 174 
1 9 355 310 664 482 634 330 100 172 
1 9 355 310 664 483 635 330 96 172 
1 9 355 310 664 484 633 330 96 169 
1 9 355 310 664 485 632 328 96 172 
1 9 355 310 664 486 630 328 96 171 
1 9 355 310 664 487 628 328 96 171 
1 9 355 310 664 488 626 326 96 171 
1 9 355 310 664 489 624 326 96 171 
1 9 355 310 664 490 623 327 96 168 
1 9 355 310 664 491 624 324 92 171 
1 9 355 310 664 492 622 325 92 168 
1 9 355 310 664 493 620 325 92 168 
1 9 355 310 664 494 617 324 94 168 
1 9 355 310 664 495 616 324 96 168 
1 9 355 310 664 496 614 324 96 168 
1 9 355 310 664 497 612 322 96 168 
1 9 355 310 664 498 610 322 96 168 
1 9 355 310 664 499 611 322 92 165 
1 9 355 310 664 500 608 320 94 168 
1 9 355 310 664 501 608 320 92 165 
1 9 355 310 664 502 606 320 92 165 
1 9 355 310 664 503 604 318 92 165 
1 9 355 310 664 504 601 318 94 165 
1 9 355 310 664 505 601 318 92 163 
1 9 355 310 664 506 599 316 92 166 
1 9 355 310 664 507 600 316 88 163 
1 9 355 310 664 508 598 316 88 163 
1 9 355 310 664 509 595 316 92 162 
1 9 355 310 664 510 592 316 94 162 
1 9 355 310 664 511 592 316 92 159 
1 9 355 310 664 512 590 314 92 162 
1 9 355 310 664 513 588 314 92 160 
1 9 355 310 664 514 585 314 94 160 
1 9 355 310 664 515 586 312 90 160 
1 9 355 310 664 516 586 312 88 160 
1 9 355 310 664 517 584 312 88 157 
1 9 355 310 664 518 582 310 88 160 
1 9 355 310 664 519 579 310 90 157 
1 9 355 310 664 520 577 310 90 157 
1 9 355 310 664 521 577 310 88 156 
1 9 355 310 664 522 575 310 88 156 
1 9 355 310 664 523 575 310 88 156 
1 9 355 310 664 524 572 307 90 157 
1 9 355 310 664 525 570 307 90 157 
1 9 355 310 664 526 570 307 88 157 
1 9 355 310 664 527 568 307 88 157 
1 9 355 310 664 528 566 308 88 154 
1 9 355 310 664 529 563 308 90 154 
1 9 355 310 664 530 561 308 90 154 
1 9 355 310 664 531 561 308 88 154 
1 9 355 310 664 532 559 306 88 154 
1 9 355 310 664 533 556 306 90 154 
1 9 355 310 664 534 554 306 90 154 
1 9 355 310 664 535 554 306 88 154 
1 9 355 310 664 536 552 306 88 151 
1 9 355 310 664 537 550 306 88 151 
1 9 355 310 664 538 547 306 90 151 
1 9 355 310 664 539 545 306 90 151 
1 9 355 310 664 540 546 306 86 151 
1 9 355 310 664 541 546 304 84 153 
1 9 355 310 664 542 543 304 86 153 
1 9 355 310 664 543 544 305 82 150 
1 9 355 310 664 544 541 305 86 150 
1 9 355 310 664 545 539 302 86 153 
1 9 355 310 664 546 540 303 82 150 
1 9 355 310 664 547 539 303 84 150 
1 9 355 310 664 548 540 303 80 150 
1 9 355 310 664 549 537 302 82 148 
1 9 355 310 664 550 534 302 86 148 
1 9 355 310 664 551 535 302 82 148 
1 9 355 310 664 552 533 302 82 145 
1 9 355 310 664 553 531 302 82 145 
1 9 355 310 664 554 531 300 82 147 
1 9 355 310 664 555 530 300 82 147 
1 9 355 310 664 556 531 300 78 147 
1 9 355 310 664 557 528 301 82 144 
1 9 355 310 664 558 526 298 82 147 
1 9 355 310 664 559 527 298 78 147 
1 9 355 310 664 560 524 299 82 144 
1 9 355 310 664 561 524 299 80 144 
1 9 355 310 664 562 524 299 78 144 
1 9 355 310 664 563 522 297 78 144 
1 9 355 310 664 564 522 297 78 144 
1 9 355 310 664 565 520 297 78 144 
1 9 355 310 664 566 518 297 78 142 
1 9 355 310 664 567 518 296 78 144 
1 9 355 310 664 568 516 296 80 141 
1 9 355 310 664 569 515 296 78 141 
1 9 355 310 664 570 515 296 78 141 
1 9 355 310 664 571 513 294 78 141 
1 9 355 310 664 572 514 294 74 141 
1 9 355 310 664 573 512 294 74 141 
1 9 355 310 664 574 509 295 78 138 
1 9 355 310 664 575 510 295 76 138 
1 9 355 310 664 576 509 292 74 141 
1 9 355 310 664 577 506 293 78 138 
1 9 355 310 664 578 507 293 74 138 
1 9 355 310 664 579 505 293 74 138 
1 9 355 310 664 580 505 290 74 139 
1 9 355 310 664 581 503 290 76 139 
1 9 355 310 664 582 501 291 76 136 
1 9 355 310 664 583 502 291 72 136 
1 9 355 310 664 584 500 291 74 136 
1 9 355 310 664 585 498 289 74 136 
1 9 355 310 664 586 499 289 70 136 
1 9 355 310 664 587 496 289 74 136 
1 9 355 310 664 588 497 289 72 133 
1 9 355 310 664 589 495 288 72 135 
1 9 355 310 664 590 493 288 74 135 
1 9 355 310 664 591 494 288 70 133 
1 9 355 310 664 592 492 288 70 133 
1 9 355 310 664 593 492 288 70 133 
1 9 355 310 664 594 490 286 72 133 
1 9 355 310 664 595 488 286 72 133 
1 9 355 310 664 596 488 286 72 133 
1 9 355 310 664 597 486 284 72 133 
1 9 355 310 664 598 486 284 72 133 
1 9 355 310 664 599 485 284 70 133 
1 9 355 310 664 600 485 284 70 133 
1 9 355 310 664 601 482 285 74 130 
1 9 355 310 664 602 482 285 74 130 
1 9 355 310 664 603 482 285 74 130 
1 9 355 310 664 604 482 285 74 130 
1 9 355 310 664 605 482 285 74 130 
1 9 355 310 664 606 480 283 74 130 
1 9 355 310 664 607 480 283 74 130 
1 9 355 310 664 608 478 283 76 130 
1 9 355 310 664 609 478 283 76 130 
1 9 355 310 664 610 479 283 72 129 
1 9 355 310 664 611 477 283 74 129 
1 9 355 310 664 612 477 283 74 129 
1 9 355 310 664 613 478 283 70 129 
1 9 355 310 664 614 475 284 74 126 
1 9 355 310 664 615 476 282 70 127 
1 9 355 310 664 616 473 282 74 127 
1 9 355 310 664 617 474 282 72 127 
1 9 355 310 664 618 474 283 72 124 
1 9 355 310 664 619 471 283 76 124 
1 9 355 310 664 620 472 283 72 124 
1 9 355 310 664 621 472 283 72 124 
1 9 355 310 664 622 470 283 72 121 
1 9 355 310 664 623 470 283 72 121 
1 9 355 310 664 624 469 283 70 121 
1 9 355 310 664 625 469 281 70 124 
1 9 355 310 664 626 469 281 70 124 
1 9 355 310 664 627 467 281 70 123 
1 9 355 310 664 628 467 281 70 123 
1 9 355 310 664 629 468 281 68 123 
1 9 355 310 664 630 465 281 72 123 
1 9 355 310 664 631 466 282 68 120 
1 9 355 310 664 632 463 282 72 120 
1 9 355 310 664 633 463 282 72 120 
1 9 355 310 664 634 464 282 68 120 
1 9 355 310 664 635 462 280 70 120 
1 9 355 310 664 636 463 280 66 120 
1 9 355 310 664 637 463 280 66 120 
1 9 355 310 664 638 460 280 70 120 
1 9 355 310 664 639 461 280 68 117 
1 9 355 310 664 640 458 280 72 117 
1 9 355 310 664 641 459 280 68 117 
1 9 355 310 664 642 459 280 68 117 
1 9 355 310 664 643 457 281 68 114 
1 9 355 310 664 644 457 281 68 114 
1 9 355 310 664 645 457 278 68 117 
1 9 355 310 664 646 455 278 68 117 
1 9 355 310 664 647 455 278 68 117 
1 9 355 310 664 648 454 278 66 115 
1 9 355 310 664 649 454 278 66 115 
1 9 355 310 664 650 455 278 64 115 
1 9 355 310 664 651 452 278 68 115 
1 9 355 310 664 652 452 279 68 112 
1 9 355 310 664 653 453 279 64 112 
1 9 355 310 664 654 450 279 68 112 
1 9 355 310 664 655 451 276 64 115 
1 9 355 310 664 656 448 277 68 112 
1 9 355 310 664 657 449 277 64 112 
1 9 355 310 664 658 449 277 64 112 
1 9 355 310 664 659 447 277 66 112 
1 9 355 310 664 660 448 277 64 109 
1 9 355 310 664 661 448 277 64 109 
1 9 355 310 664 662 446 277 64 109 
1 9 355 310 664 663 446 277 64 109 
1 9 355 310 664 664 446 277 64 109 
2 9 178 246 423 246 434 382 120 259 
2 9 178 246 423 247 434 382 122 259 
2 9 178 246 423 248 433 382 126 261 
2 9 178 246 423 249 436 384 122 261 
2 9 178 246 423 250 436 384 124 264 
2 9 178 246 423 251 438 386 124 261 
2 9 178 246 423 252 438 386 124 264 
2 9 178 246 423 253 440 388 124 264 
2 9 178 246 423 254 440 387 126 265 
2 9 178 246 423 255 440 389 126 264 
2 9 178 246 423 256 443 388 124 267 
2 9 178 246 423 257 442 388 128 270 
2 9 178 246 423 258 445 390 124 270 
2 9 178 246 423 259 444 390 128 270 
2 9 178 246 423 260 446 392 128 268 
2 9 178 246 423 261 446 391 128 271 
2 9 178 246 423 262 448 393 128 271 
2 9 178 246 423 263 447 393 130 271 
2 9 178 246 423 264 449 394 128 273 
2 9 178 246 423 265 451 394 128 276 
2 9 178 246 423 266 450 393 132 277 
2 9 178 246 423 267 453 395 128 277 
2 9 178 246 423 268 452 395 132 277 
2 9 178 246 423 269 454 397 130 277 
2 9 178 246 423 270 454 397 130 280 
2 9 178 246 423 271 455 399 132 279 
2 9 178 246 423 272 454 399 136 279 
2 9 178 246 423 273 457 401 132 279 
2 9 178 246 423 274 456 401 136 282 
2 9 178 246 423 275 458 400 136 285 
2 9 178 246 423 276 458 401 136 283 
2 9 178 246 423 277 460 401 134 286 
2 9 178 246 423 278 462 403 134 285 
2 9 178 246 423 279 462 403 134 288 
2 9 178 246 423 280 463 405 136 285 
2 9 178 246 423 281 462 405 140 288 
2 9 178 246 423 282 465 407 136 288 
2 9 178 246 423 283 464 406 138 289 
2 9 178 246 423 284 466 406 138 289 
2 9 178 246 423 285 466 407 138 291 
2 9 178 246 423 286 468 407 138 294 
2 9 178 246 423 287 467 409 142 294 
2 9 178 246 423 288 469 409 140 294 
2 9 178 246 423 289 471 411 140 294 
2 9 178 246 423 290 470 410 142 295 
2 9 178 246 423 291 473 412 138 295 
2 9 178 246 423 292 472 412 142 295 
2 9 178 246 423 293 474 412 142 298 
2 9 178 246 423 294 474 414 142 298 
2 9 178 246 423 295 476 414 142 300 
2 9 178 246 423 296 476 415 144 298 
2 9 178 246 423 297 477 414 142 301 
2 9 178 246 423 298 476 416 146 301 
2 9 178 246 423 299 478 416 146 302 
2 9 178 246 423 300 480 418 146 300 
2 9 178 246 423 301 480 418 146 300 
2 9 178 246 423 302 482 420 146 298 
2 9 178 246 423 303 482 420 148 299 
2 9 178 246 423 304 482 420 150 298 
2 9 178 246 423 305 484 422 150 296 
2 9 178 246 423 306 483 422 154 296 
2 9 178 246 423 307 486 425 152 294 
2 9 178 246 423 308 488 427 152 292 
2 9 178 246 423 309 487 426 156 292 
2 9 178 246 423 310 489 428 156 290 
2 9 178 246 423 311 490 428 154 290 
2 9 178 246 423 312 489 429 158 289 
2 9 178 246 423 313 492 431 156 287 
2 9 178 246 423 314 494 431 156 288 
2 9 178 246 423 315 493 433 160 286 
2 9 178 246 423 316 495 435 160 284 
2 9 178 246 423 317 496 435 160 284 
2 9 178 246 423 318 495 436 164 283 
2 9 178 246 423 319 497 435 164 283 
2 9 178 246 423 320 499 437 164 281 
2 9 178 246 423 321 498 439 168 279 
2 9 178 246 423 322 501 439 164 279 
2 9 178 246 423 323 503 441 162 277 
2 9 178 246 423 324 502 443 166 275 
2 9 178 246 423 325 503 443 168 275 
2 9 178 246 423 326 505 444 168 275 
2 9 178 246 423 327 504 444 170 275 
2 9 178 246 423 328 506 446 170 273 
2 9 178 246 423 329 508 448 170 270 
2 9 178 246 423 330 507 447 174 271 
2 9 178 246 423 331 508 449 176 269 
2 9 178 246 423 332 510 450 174 268 
2 9 178 246 423 333 509 450 178 268 
2 9 178 246 423 334 511 453 178 266 
2 9 178 246 423 335 513 453 178 266 
2 9 178 246 423 336 516 455 176 263 
2 9 178 246 423 337 515 455 180 263 
2 9 178 246 423 338 515 458 182 261 
2 9 178 246 423 339 517 458 182 261 
2 9 178 246 423 340 519 460 182 258 
2 9 178 246 423 341 521 461 184 257 
2 9 178 246 423 342 521 464 186 254 
2 9 178 246 423 343 526 466 182 252 
2 9 178 246 423 344 529 469 180 249 
2 9 178 246 423 345 532 470 178 248 
2 9 178 246 423 346 533 473 182 246 
2 9 178 246 423 347 538 475 178 243 
2 9 178 246 423 348 542 478 174 241 
2 9 178 246 423 349 544 480 174 238 
2 9 178 246 423 350 548 481 174 237 
2 9 178 246 423 351 549 484 174 234 
2 9 178 246 423 352 554 486 170 232 
2 9 178 246 423 353 558 489 168 229 
2 9 178 246 423 354 559 490 172 228 
2 9 178 246 423 355 564 493 166 226 
2 9 178 246 423 356 566 495 166 223 
2 9 178 246 423 357 570 498 164 221 
2 9 178 246 423 358 574 500 162 218 
2 9 178 246 423 359 575 500 164 218 
2 9 178 246 423 360 576 501 168 217 
2 9 178 246 423 361 581 504 164 214 
2 9 178 246 423 362 582 506 166 212 
2 9 178 246 423 363 585 509 168 209 
2 9 178 246 423 364 587 509 166 209 
2 9 178 246 423 365 590 510 168 208 
2 9 178 246 423 366 591 513 172 206 
2 9 178 246 423 367 596 515 166 203 
2 9 178 246 423 368 597 518 170 201 
2 9 178 246 423 369 601 518 168 201 
2 9 178 246 423 370 602 520 170 198 
2 9 178 246 423 371 605 521 172 197 
2 9 178 246 423 372 607 524 172 194 
2 9 178 246 423 373 611 526 170 192 
2 9 178 246 423 374 612 529 174 189 
2 9 178 246 423 375 616 529 170 189 
2 9 178 246 423 376 617 530 174 188 
2 9 178 246 423 377 621 533 172 186 
2 9 178 246 423 378 622 535 174 183 
2 9 178 246 423 379 626 538 174 181 
2 9 178 246 423 380 628 538 174 181 
2 9 178 246 423 381 631 540 174 178 
2 9 178 246 423 382 632 541 178 177 
2 9 178 246 423 383 636 544 176 174 
2 9 178 246 423 384 637 546 178 172 
2 9 178 246 423 385 641 549 178 169 
2 9 178 246 423 386 644 550 178 168 
2 9 178 246 423 387 648 553 178 166 
2 9 178 246 423 388 651 555 178 163 
2 9 178 246 423 389 657 558 178 161 
2 9 178 246 423 390 660 560 178 158 
2 9 178 246 423 391 664 561 178 157 
2 9 178 246 423 392 667 566 178 152 
2 9 178 246 423 393 673 569 178 149 
2 9 178 246 423 394 676 570 178 148 
2 9 178 246 423 395 680 573 178 146 
2 9 178 246 423 396 683 575 178 143 
2 9 178 246 423 397 689 578 178 141 
2 9 178 246 423 398 692 581 178 137 
2 9 178 246 423 399 696 584 178 134 
2 9 178 246 423 400 701 586 178 132 
2 9 178 246 423 401 705 589 178 129 
2 9 178 246 423 402 708 590 178 128 
2 9 178 246 423 403 712 593 178 126 
2 9 178 246 423 404 717 598 178 121 
2 9 178 246 423 405 721 600 178 118 
2 9 178 246 423 406 724 601 178 117 
2 9 178 246 423 407 728 604 178 114 
2 9 178 246 423 408 733 606 178 112 
2 9 178 246 423 409 737 609 178 109 
2 9 178 246 423 410 740 613 178 106 
2 9 178 246 423 411 746 615 178 103 
2 9 178 246 423 412 749 618 178 101 
2 9 178 246 423 413 753 620 178 98 
2 9 178 246 423 414 756 621 178 97 
2 9 178 246 423 415 762 624 178 94 
2 9 178 246 423 416 765 629 178 89 
2 9 178 246 423 417 769 630 178 88 
2 9 178 246 423 418 772 633 178 86 
2 9 178 246 423 419 778 635 178 83 
2 9 178 246 423 420 781 638 178 81 
2 9 178 246 423 421 785 640 178 78 
2 9 178 246 423 422 790 644 178 74 
2 9 178 246 423 423 797 646 172 72 
3 9 116 354 469 354 260 254 46 96 
3 9 116 354 469 355 258 254 46 96 
3 9 116 354 469 356 256 254 46 96 
3 9 116 354 469 357 254 254 46 96 
3 9 116 354 469 358 252 256 48 96 
3 9 116 354 469 359 248 256 50 96 
3 9 116 354 469 360 246 256 50 96 
3 9 116 354 469 361 244 256 50 96 
3 9 116 354 469 362 243 256 52 96 
3 9 116 354 469 363 241 256 52 96 
3 9 116 354 469 364 238 256 54 96 
3 9 116 354 469 365 235 256 58 96 
3 9 116 354 469 366 233 256 58 96 
3 9 116 354 469 367 233 256 56 96 
3 9 116 354 469 368 230 256 60 96 
3 9 116 354 469 369 228 256 60 96 
3 9 116 354 469 370 225 256 62 96 
3 9 116 354 469 371 224 257 64 96 
3 9 116 354 469 372 220 257 64 96 
3 9 116 354 469 373 218 257 64 96 
3 9 116 354 469 374 216 257 64 96 
3 9 116 354 469 375 216 257 60 96 
3 9 116 354 469 376 211 257 64 96 
3 9 116 354 469 377 209 257 64 96 
3 9 116 354 469 378 209 257 60 96 
3 9 116 354 469 379 207 257 60 96 
3 9 116 354 469 380 202 257 64 96 
3 9 116 354 469 381 200 257 62 96 
3 9 116 354 469 382 200 257 60 96 
3 9 116 354 469 383 198 257 60 96 
3 9 116 354 469 384 196 257 58 96 
3 9 116 354 469 385 193 257 60 96 
3 9 116 354 469 386 191 257 60 96 
3 9 116 354 469 387 190 257 56 96 
3 9 116 354 469 388 187 257 58 96 
3 9 116 354 469 389 184 257 60 96 
3 9 116 354 469 390 183 257 56 96 
3 9 116 354 469 391 180 257 58 96 
3 9 116 354 469 392 178 257 58 96 
3 9 116 354 469 393 176 257 56 96 
3 9 116 354 469 394 174 257 56 96 
3 9 116 354 469 395 171 257 58 96 
3 9 116 354 469 396 170 257 54 96 
3 9 116 354 469 397 170 257 52 96 
3 9 116 354 469 398 164 257 58 96 
3 9 116 354 469 399 163 257 54 96 
3 9 116 354 469 400 163 257 52 96 
3 9 116 354 469 401 161 257 52 96 
3 9 116 354 469 402 156 257 54 96 
3 9 116 354 469 403 154 257 54 96 
3 9 116 354 469 404 154 257 52 96 
3 9 116 354 469 405 152 257 50 96 
3 9 116 354 469 406 147 257 54 96 
3 9 116 354 469 407 147 257 52 96 
3 9 116 354 469 408 145 257 50 96 
3 9 116 354 469 409 143 257 50 96 
3 9 116 354 469 410 141 257 50 96 
3 9 116 354 469 411 138 257 50 96 
3 9 116 354 469 412 136 257 50 96 
3 9 116 354 469 413 134 257 50 96 
3 9 116 354 469 414 133 257 46 96 
3 9 116 354 469 415 129 257 50 96 
3 9 116 354 469 416 127 257 50 96 
3 9 116 354 469 417 126 257 46 96 
3 9 116 354 469 418 124 257 48 96 
3 9 116 354 469 419 123 259 46 96 
3 9 116 354 469 420 119 259 46 96 
3 9 116 354 469 421 117 259 46 96 
3 9 116 354 469 422 114 259 46 96 
3 9 116 354 469 423 112 259 46 96 
3 9 116 354 469 424 107 259 50 96 
3 9 116 354 469 425 107 259 46 96 
3 9 116 354 469 426 102 259 50 96 
3 9 116 354 469 427 101 259 46 96 
3 9 116 354 469 428 100 261 46 96 
3 9 116 354 469 429 95 261 50 96 
3 9 116 354 469 430 94 261 46 96 
3 9 116 354 469 431 90 261 50 96 
3 9 116 354 469 432 89 261 46 96 
3 9 116 354 469 433 84 261 50 96 
3 9 116 354 469 434 84 261 48 96 
3 9 116 354 469 435 79 261 50 96 
3 9 116 354 469 436 77 261 50 96 
3 9 116 354 469 437 76 263 48 96 
3 9 116 354 469 438 72 263 50 96 
3 9 116 354 469 439 70 263 50 96 
3 9 116 354 469 440 68 263 48 96 
3 9 116 354 469 441 65 263 50 96 
3 9 116 354 469 442 61 263 50 96 
3 9 116 354 469 443 59 263 50 96 
3 9 116 354 469 444 55 263 54 96 
3 9 116 354 469 445 54 264 50 96 
3 9 116 354 469 446 52 264 50 96 
3 9 116 354 469 447 49 264 50 96 
3 9 116 354 469 448 47 264 50 96 
3 9 116 354 469 449 42 264 54 96 
3 9 116 354 469 450 42 264 50 96 
3 9 116 354 469 451 37 264 54 96 
3 9 116 354 469 452 36 264 50 96 
3 9 116 354 469 453 33 264 52 96 
3 9 116 354 469 454 30 266 54 96 
3 9 116 354 469 455 29 266 50 96 
3 9 116 354 469 456 26 266 52 96 
3 9 116 354 469 457 24 266 50 96 
3 9 116 354 469 458 19 266 54 96 
3 9 116 354 469 459 19 266 52 96 
3 9 116 354 469 460 14 266 54 96 
3 9 116 354 469 461 12 266 54 96 
3 9 116 354 469 462 10 268 54 96 
3 9 116 354 469 463 10 266 50 96 
3 9 116 354 469 464 8 266 50 96 
3 9 116 354 469 465 6 266 50 96 
3 9 116 354 469 466 4 266 50 96 
3 9 116 354 469 467 4 266 48 96 
3 9 116 354 469 468 4 266 46 96 
3 9 116 354 469 469 2 266 46 96 
