1 9 539 1808 2346 1808 457 451 48 75 
1 9 539 1808 2346 1809 452 451 54 75 
1 9 539 1808 2346 1810 454 453 48 76 
1 9 539 1808 2346 1811 454 453 48 76 
1 9 539 1808 2346 1812 454 453 48 76 
1 9 539 1808 2346 1813 454 453 48 76 
1 9 539 1808 2346 1814 454 453 48 76 
1 9 539 1808 2346 1815 454 453 48 76 
1 9 539 1808 2346 1816 454 453 48 76 
1 9 539 1808 2346 1817 451 453 52 76 
1 9 539 1808 2346 1818 451 453 52 76 
1 9 539 1808 2346 1819 452 456 48 76 
1 9 539 1808 2346 1820 452 456 48 76 
1 9 539 1808 2346 1821 452 456 48 76 
1 9 539 1808 2346 1822 452 456 48 76 
1 9 539 1808 2346 1823 452 456 48 76 
1 9 539 1808 2346 1824 452 456 48 76 
1 9 539 1808 2346 1825 447 456 54 76 
1 9 539 1808 2346 1826 447 456 54 76 
1 9 539 1808 2346 1827 447 456 54 76 
1 9 539 1808 2346 1828 449 459 48 75 
1 9 539 1808 2346 1829 449 459 48 75 
1 9 539 1808 2346 1830 449 459 48 75 
1 9 539 1808 2346 1831 449 459 48 75 
1 9 539 1808 2346 1832 449 459 48 75 
1 9 539 1808 2346 1833 444 459 54 75 
1 9 539 1808 2346 1834 444 459 54 75 
1 9 539 1808 2346 1835 444 459 54 75 
1 9 539 1808 2346 1836 444 459 54 75 
1 9 539 1808 2346 1837 446 461 48 76 
1 9 539 1808 2346 1838 446 461 48 76 
1 9 539 1808 2346 1839 446 461 48 76 
1 9 539 1808 2346 1840 446 461 48 76 
1 9 539 1808 2346 1841 443 461 52 76 
1 9 539 1808 2346 1842 443 461 52 76 
1 9 539 1808 2346 1843 443 461 52 76 
1 9 539 1808 2346 1844 443 461 52 76 
1 9 539 1808 2346 1845 443 461 52 76 
1 9 539 1808 2346 1846 444 464 48 76 
1 9 539 1808 2346 1847 444 464 48 76 
1 9 539 1808 2346 1848 444 464 48 76 
1 9 539 1808 2346 1849 439 464 54 76 
1 9 539 1808 2346 1850 439 464 54 76 
1 9 539 1808 2346 1851 439 464 54 76 
1 9 539 1808 2346 1852 439 464 54 76 
1 9 539 1808 2346 1853 439 464 54 76 
1 9 539 1808 2346 1854 439 464 54 76 
1 9 539 1808 2346 1855 441 467 48 75 
1 9 539 1808 2346 1856 441 467 48 75 
1 9 539 1808 2346 1857 436 467 54 75 
1 9 539 1808 2346 1858 436 467 54 75 
1 9 539 1808 2346 1859 436 467 54 75 
1 9 539 1808 2346 1860 436 467 54 75 
1 9 539 1808 2346 1861 436 467 54 75 
1 9 539 1808 2346 1862 436 467 54 75 
1 9 539 1808 2346 1863 436 467 54 75 
1 9 539 1808 2346 1864 438 469 48 76 
1 9 539 1808 2346 1865 435 469 52 76 
1 9 539 1808 2346 1866 435 469 52 76 
1 9 539 1808 2346 1867 435 469 52 76 
1 9 539 1808 2346 1868 435 469 52 76 
1 9 539 1808 2346 1869 435 469 52 76 
1 9 539 1808 2346 1870 435 469 52 76 
1 9 539 1808 2346 1871 435 469 52 76 
1 9 539 1808 2346 1872 435 469 52 76 
1 9 539 1808 2346 1873 435 472 52 76 
1 9 539 1808 2346 1874 431 472 54 76 
1 9 539 1808 2346 1875 431 472 54 76 
1 9 539 1808 2346 1876 431 472 54 76 
1 9 539 1808 2346 1877 428 472 54 76 
1 9 539 1808 2346 1878 428 472 54 76 
1 9 539 1808 2346 1879 428 472 54 76 
1 9 539 1808 2346 1880 428 471 54 79 
1 9 539 1808 2346 1881 427 471 52 79 
1 9 539 1808 2346 1882 427 471 52 79 
1 9 539 1808 2346 1883 427 475 52 75 
1 9 539 1808 2346 1884 427 475 52 75 
1 9 539 1808 2346 1885 423 475 54 75 
1 9 539 1808 2346 1886 423 474 54 79 
1 9 539 1808 2346 1887 423 474 54 79 
1 9 539 1808 2346 1888 423 474 54 79 
1 9 539 1808 2346 1889 420 474 54 79 
1 9 539 1808 2346 1890 420 474 54 79 
1 9 539 1808 2346 1891 420 474 54 79 
1 9 539 1808 2346 1892 419 477 52 76 
1 9 539 1808 2346 1893 419 476 52 81 
1 9 539 1808 2346 1894 419 476 52 81 
1 9 539 1808 2346 1895 419 476 52 81 
1 9 539 1808 2346 1896 415 476 54 81 
1 9 539 1808 2346 1897 415 476 54 81 
1 9 539 1808 2346 1898 415 476 54 81 
1 9 539 1808 2346 1899 415 476 54 84 
1 9 539 1808 2346 1900 412 476 54 84 
1 9 539 1808 2346 1901 412 479 54 79 
1 9 539 1808 2346 1902 412 479 54 79 
1 9 539 1808 2346 1903 412 479 54 79 
1 9 539 1808 2346 1904 411 479 52 79 
1 9 539 1808 2346 1905 411 479 52 84 
1 9 539 1808 2346 1906 411 479 52 84 
1 9 539 1808 2346 1907 407 479 54 84 
1 9 539 1808 2346 1908 407 479 54 84 
1 9 539 1808 2346 1909 407 479 54 84 
1 9 539 1808 2346 1910 407 482 54 79 
1 9 539 1808 2346 1911 404 482 54 79 
1 9 539 1808 2346 1912 404 482 54 84 
1 9 539 1808 2346 1913 404 482 54 84 
1 9 539 1808 2346 1914 404 482 54 84 
1 9 539 1808 2346 1915 403 482 52 84 
1 9 539 1808 2346 1916 403 482 52 84 
1 9 539 1808 2346 1917 403 482 52 84 
1 9 539 1808 2346 1918 403 481 52 87 
1 9 539 1808 2346 1919 399 484 54 84 
1 9 539 1808 2346 1920 399 484 54 84 
1 9 539 1808 2346 1921 399 484 54 84 
1 9 539 1808 2346 1922 396 484 54 84 
1 9 539 1808 2346 1923 396 484 54 84 
1 9 539 1808 2346 1924 396 484 54 84 
1 9 539 1808 2346 1925 396 483 54 88 
1 9 539 1808 2346 1926 395 483 52 88 
1 9 539 1808 2346 1927 395 483 52 88 
1 9 539 1808 2346 1928 395 487 52 84 
1 9 539 1808 2346 1929 395 487 52 84 
1 9 539 1808 2346 1930 391 487 54 84 
1 9 539 1808 2346 1931 391 486 54 88 
1 9 539 1808 2346 1932 391 486 54 88 
1 9 539 1808 2346 1933 391 486 54 88 
1 9 539 1808 2346 1934 388 486 54 88 
1 9 539 1808 2346 1935 388 486 54 88 
1 9 539 1808 2346 1936 388 486 54 88 
1 9 539 1808 2346 1937 388 489 54 87 
1 9 539 1808 2346 1938 387 489 52 87 
1 9 539 1808 2346 1939 387 489 52 87 
1 9 539 1808 2346 1940 382 489 58 87 
1 9 539 1808 2346 1941 383 489 54 87 
1 9 539 1808 2346 1942 383 489 54 87 
1 9 539 1808 2346 1943 379 489 60 87 
1 9 539 1808 2346 1944 380 489 54 87 
1 9 539 1808 2346 1945 380 491 54 88 
1 9 539 1808 2346 1946 377 491 58 88 
1 9 539 1808 2346 1947 379 491 52 88 
1 9 539 1808 2346 1948 379 491 52 88 
1 9 539 1808 2346 1949 374 491 58 88 
1 9 539 1808 2346 1950 374 491 58 88 
1 9 539 1808 2346 1951 375 491 54 88 
1 9 539 1808 2346 1952 371 494 60 88 
1 9 539 1808 2346 1953 371 494 60 88 
1 9 539 1808 2346 1954 372 494 54 88 
1 9 539 1808 2346 1955 369 494 58 88 
1 9 539 1808 2346 1956 369 494 58 88 
1 9 539 1808 2346 1957 371 494 52 88 
1 9 539 1808 2346 1958 366 494 58 88 
1 9 539 1808 2346 1959 366 494 58 88 
1 9 539 1808 2346 1960 367 497 54 87 
1 9 539 1808 2346 1961 363 497 60 87 
1 9 539 1808 2346 1962 363 497 60 87 
1 9 539 1808 2346 1963 360 497 64 87 
1 9 539 1808 2346 1964 361 497 58 87 
1 9 539 1808 2346 1965 361 497 58 87 
1 9 539 1808 2346 1966 357 497 64 87 
1 9 539 1808 2346 1967 358 499 58 88 
1 9 539 1808 2346 1968 358 499 58 88 
1 9 539 1808 2346 1969 354 499 64 88 
1 9 539 1808 2346 1970 355 499 60 88 
1 9 539 1808 2346 1971 355 499 60 88 
1 9 539 1808 2346 1972 352 499 64 88 
1 9 539 1808 2346 1973 353 499 58 88 
1 9 539 1808 2346 1974 353 499 58 88 
1 9 539 1808 2346 1975 349 502 64 88 
1 9 539 1808 2346 1976 349 502 64 88 
1 9 539 1808 2346 1977 350 502 58 88 
1 9 539 1808 2346 1978 346 502 64 88 
1 9 539 1808 2346 1979 346 502 64 88 
1 9 539 1808 2346 1980 347 502 60 88 
1 9 539 1808 2346 1981 344 502 64 88 
1 9 539 1808 2346 1982 344 505 64 87 
1 9 539 1808 2346 1983 345 505 58 87 
1 9 539 1808 2346 1984 341 505 64 87 
1 9 539 1808 2346 1985 341 505 64 87 
1 9 539 1808 2346 1986 342 505 58 87 
1 9 539 1808 2346 1987 338 505 64 87 
1 9 539 1808 2346 1988 338 505 64 87 
1 9 539 1808 2346 1989 335 505 68 87 
1 9 539 1808 2346 1990 336 507 64 88 
1 9 539 1808 2346 1991 336 507 64 88 
1 9 539 1808 2346 1992 331 507 70 88 
1 9 539 1808 2346 1993 333 507 64 88 
1 9 539 1808 2346 1994 333 507 64 88 
1 9 539 1808 2346 1995 328 507 70 88 
1 9 539 1808 2346 1996 330 507 64 88 
1 9 539 1808 2346 1997 330 510 64 88 
1 9 539 1808 2346 1998 327 510 68 88 
1 9 539 1808 2346 1999 328 510 64 88 
1 9 539 1808 2346 2000 328 510 64 88 
1 9 539 1808 2346 2001 323 510 70 88 
1 9 539 1808 2346 2002 323 510 70 88 
1 9 539 1808 2346 2003 325 510 64 88 
1 9 539 1808 2346 2004 320 510 70 88 
1 9 539 1808 2346 2005 320 513 70 87 
1 9 539 1808 2346 2006 322 513 64 87 
1 9 539 1808 2346 2007 319 513 68 87 
1 9 539 1808 2346 2008 319 513 68 87 
1 9 539 1808 2346 2009 320 513 64 87 
1 9 539 1808 2346 2010 315 513 70 87 
1 9 539 1808 2346 2011 315 513 70 87 
1 9 539 1808 2346 2012 315 515 70 88 
1 9 539 1808 2346 2013 312 515 70 88 
1 9 539 1808 2346 2014 312 515 70 88 
1 9 539 1808 2346 2015 314 515 64 88 
1 9 539 1808 2346 2016 311 515 68 88 
1 9 539 1808 2346 2017 312 515 64 88 
1 9 539 1808 2346 2018 312 515 64 88 
1 9 539 1808 2346 2019 313 518 58 88 
1 9 539 1808 2346 2020 309 518 64 88 
1 9 539 1808 2346 2021 310 518 58 88 
1 9 539 1808 2346 2022 310 518 58 88 
1 9 539 1808 2346 2023 307 518 60 88 
1 9 539 1808 2346 2024 307 518 60 88 
1 9 539 1808 2346 2025 308 518 54 88 
1 9 539 1808 2346 2026 308 521 54 87 
1 9 539 1808 2346 2027 307 521 52 87 
1 9 539 1808 2346 2028 307 521 52 87 
1 9 539 1808 2346 2029 307 521 52 87 
1 9 539 1808 2346 2030 303 521 54 87 
1 9 539 1808 2346 2031 303 523 54 88 
1 9 539 1808 2346 2032 303 523 54 88 
1 9 539 1808 2346 2033 299 523 60 88 
1 9 539 1808 2346 2034 300 523 54 88 
1 9 539 1808 2346 2035 300 523 54 88 
1 9 539 1808 2346 2036 297 526 58 88 
1 9 539 1808 2346 2037 297 526 58 88 
1 9 539 1808 2346 2038 299 526 52 88 
1 9 539 1808 2346 2039 294 526 58 88 
1 9 539 1808 2346 2040 294 526 58 88 
1 9 539 1808 2346 2041 294 529 58 87 
1 9 539 1808 2346 2042 291 529 60 87 
1 9 539 1808 2346 2043 291 529 60 87 
1 9 539 1808 2346 2044 291 529 60 87 
1 9 539 1808 2346 2045 291 531 60 88 
1 9 539 1808 2346 2046 289 531 58 88 
1 9 539 1808 2346 2047 289 531 58 88 
1 9 539 1808 2346 2048 289 531 58 88 
1 9 539 1808 2346 2049 286 531 58 88 
1 9 539 1808 2346 2050 286 534 58 88 
1 9 539 1808 2346 2051 286 534 58 88 
1 9 539 1808 2346 2052 282 534 64 88 
1 9 539 1808 2346 2053 283 534 60 88 
1 9 539 1808 2346 2054 283 534 60 88 
1 9 539 1808 2346 2055 280 537 64 87 
1 9 539 1808 2346 2056 280 537 64 87 
1 9 539 1808 2346 2057 281 537 58 87 
1 9 539 1808 2346 2058 277 537 64 87 
1 9 539 1808 2346 2059 277 537 64 87 
1 9 539 1808 2346 2060 277 539 64 88 
1 9 539 1808 2346 2061 274 539 64 88 
1 9 539 1808 2346 2062 274 539 64 88 
1 9 539 1808 2346 2063 274 539 64 88 
1 9 539 1808 2346 2064 274 542 64 88 
1 9 539 1808 2346 2065 272 542 64 88 
1 9 539 1808 2346 2066 272 542 64 88 
1 9 539 1808 2346 2067 272 542 64 88 
1 9 539 1808 2346 2068 269 542 64 88 
1 9 539 1808 2346 2069 269 545 64 87 
1 9 539 1808 2346 2070 269 545 64 87 
1 9 539 1808 2346 2071 264 545 70 87 
1 9 539 1808 2346 2072 266 545 64 87 
1 9 539 1808 2346 2073 266 545 64 87 
1 9 539 1808 2346 2074 263 547 68 88 
1 9 539 1808 2346 2075 263 547 68 88 
1 9 539 1808 2346 2076 264 547 64 88 
1 9 539 1808 2346 2077 259 547 70 88 
1 9 539 1808 2346 2078 259 547 70 88 
1 9 539 1808 2346 2079 259 550 70 88 
1 9 539 1808 2346 2080 256 550 70 88 
1 9 539 1808 2346 2081 256 550 70 88 
1 9 539 1808 2346 2082 256 550 70 88 
1 9 539 1808 2346 2083 256 553 70 87 
1 9 539 1808 2346 2084 255 553 68 87 
1 9 539 1808 2346 2085 255 553 68 87 
1 9 539 1808 2346 2086 251 553 70 87 
1 9 539 1808 2346 2087 251 553 70 87 
1 9 539 1808 2346 2088 248 552 70 91 
1 9 539 1808 2346 2089 248 552 70 91 
1 9 539 1808 2346 2090 245 552 74 91 
1 9 539 1808 2346 2091 247 552 68 91 
1 9 539 1808 2346 2092 242 554 74 93 
1 9 539 1808 2346 2093 243 554 70 93 
1 9 539 1808 2346 2094 239 554 76 93 
1 9 539 1808 2346 2095 239 554 76 93 
1 9 539 1808 2346 2096 237 554 74 96 
1 9 539 1808 2346 2097 237 554 74 96 
1 9 539 1808 2346 2098 234 554 74 96 
1 9 539 1808 2346 2099 234 554 74 96 
1 9 539 1808 2346 2100 234 557 74 96 
1 9 539 1808 2346 2101 231 557 76 96 
1 9 539 1808 2346 2102 231 557 76 96 
1 9 539 1808 2346 2103 232 557 70 96 
1 9 539 1808 2346 2104 229 557 74 96 
1 9 539 1808 2346 2105 229 557 74 96 
1 9 539 1808 2346 2106 231 556 68 100 
1 9 539 1808 2346 2107 226 556 74 100 
1 9 539 1808 2346 2108 226 556 74 100 
1 9 539 1808 2346 2109 227 560 70 96 
1 9 539 1808 2346 2110 227 560 70 96 
1 9 539 1808 2346 2111 223 560 76 96 
1 9 539 1808 2346 2112 224 559 70 99 
1 9 539 1808 2346 2113 224 559 70 99 
1 9 539 1808 2346 2114 221 559 74 99 
1 9 539 1808 2346 2115 223 559 68 99 
1 9 539 1808 2346 2116 223 559 68 99 
1 9 539 1808 2346 2117 223 561 68 100 
1 9 539 1808 2346 2118 219 561 70 100 
1 9 539 1808 2346 2119 219 561 70 100 
1 9 539 1808 2346 2120 215 561 76 100 
1 9 539 1808 2346 2121 216 561 70 100 
1 9 539 1808 2346 2122 216 560 70 105 
1 9 539 1808 2346 2123 213 564 74 100 
1 9 539 1808 2346 2124 215 564 68 100 
1 9 539 1808 2346 2125 210 564 74 100 
1 9 539 1808 2346 2126 210 563 74 103 
1 9 539 1808 2346 2127 211 563 70 103 
1 9 539 1808 2346 2128 207 567 76 99 
1 9 539 1808 2346 2129 207 567 76 99 
1 9 539 1808 2346 2130 208 566 70 103 
1 9 539 1808 2346 2131 205 566 74 103 
1 9 539 1808 2346 2132 205 566 74 103 
1 9 539 1808 2346 2133 202 569 74 100 
1 9 539 1808 2346 2134 202 568 74 105 
1 9 539 1808 2346 2135 202 568 74 105 
1 9 539 1808 2346 2136 199 568 76 105 
1 9 539 1808 2346 2137 199 568 76 105 
1 9 539 1808 2346 2138 199 571 76 103 
1 9 539 1808 2346 2139 197 571 74 103 
1 9 539 1808 2346 2140 197 571 74 103 
1 9 539 1808 2346 2141 193 571 80 103 
1 9 539 1808 2346 2142 194 571 74 103 
1 9 539 1808 2346 2143 194 571 74 108 
1 9 539 1808 2346 2144 190 574 80 103 
1 9 539 1808 2346 2145 191 574 76 103 
1 9 539 1808 2346 2146 188 574 80 103 
1 9 539 1808 2346 2147 188 574 80 108 
1 9 539 1808 2346 2148 189 574 74 108 
1 9 539 1808 2346 2149 185 576 80 105 
1 9 539 1808 2346 2150 185 576 80 105 
1 9 539 1808 2346 2151 186 576 74 108 
1 9 539 1808 2346 2152 182 576 80 108 
1 9 539 1808 2346 2153 182 576 80 108 
1 9 539 1808 2346 2154 180 579 80 103 
1 9 539 1808 2346 2155 180 579 80 108 
1 9 539 1808 2346 2156 180 579 80 108 
1 9 539 1808 2346 2157 177 579 80 108 
1 9 539 1808 2346 2158 177 579 80 108 
1 9 539 1808 2346 2159 177 582 80 108 
1 9 539 1808 2346 2160 174 582 80 108 
1 9 539 1808 2346 2161 174 582 80 108 
1 9 539 1808 2346 2162 172 582 80 108 
1 9 539 1808 2346 2163 172 582 80 108 
1 9 539 1808 2346 2164 172 582 80 108 
1 9 539 1808 2346 2165 169 584 80 108 
1 9 539 1808 2346 2166 169 584 80 108 
1 9 539 1808 2346 2167 166 584 80 108 
1 9 539 1808 2346 2168 166 584 80 108 
1 9 539 1808 2346 2169 166 584 80 108 
1 9 539 1808 2346 2170 164 587 80 108 
1 9 539 1808 2346 2171 164 587 80 108 
1 9 539 1808 2346 2172 161 587 80 108 
1 9 539 1808 2346 2173 161 587 80 108 
1 9 539 1808 2346 2174 161 587 80 108 
1 9 539 1808 2346 2175 158 587 80 108 
1 9 539 1808 2346 2176 158 590 80 108 
1 9 539 1808 2346 2177 156 590 80 108 
1 9 539 1808 2346 2178 156 590 80 108 
1 9 539 1808 2346 2179 156 590 80 108 
1 9 539 1808 2346 2180 153 590 80 108 
1 9 539 1808 2346 2181 153 592 80 108 
1 9 539 1808 2346 2182 150 592 80 108 
1 9 539 1808 2346 2183 150 592 80 108 
1 9 539 1808 2346 2184 150 592 80 108 
1 9 539 1808 2346 2185 148 592 80 108 
1 9 539 1808 2346 2186 148 592 80 108 
1 9 539 1808 2346 2187 145 595 80 108 
1 9 539 1808 2346 2188 145 595 80 108 
1 9 539 1808 2346 2189 145 595 80 108 
1 9 539 1808 2346 2190 142 595 80 108 
1 9 539 1808 2346 2191 142 595 80 108 
1 9 539 1808 2346 2192 140 598 80 108 
1 9 539 1808 2346 2193 140 598 80 108 
1 9 539 1808 2346 2194 140 598 80 108 
1 9 539 1808 2346 2195 137 598 80 108 
1 9 539 1808 2346 2196 137 598 80 108 
1 9 539 1808 2346 2197 137 600 80 108 
1 9 539 1808 2346 2198 134 600 80 108 
1 9 539 1808 2346 2199 134 600 80 108 
1 9 539 1808 2346 2200 134 600 80 108 
1 9 539 1808 2346 2201 132 600 80 108 
1 9 539 1808 2346 2202 132 600 80 108 
1 9 539 1808 2346 2203 132 603 80 108 
1 9 539 1808 2346 2204 129 603 80 108 
1 9 539 1808 2346 2205 129 603 80 108 
1 9 539 1808 2346 2206 129 603 80 108 
1 9 539 1808 2346 2207 126 603 80 108 
1 9 539 1808 2346 2208 126 606 80 108 
1 9 539 1808 2346 2209 126 606 80 108 
1 9 539 1808 2346 2210 124 606 80 108 
1 9 539 1808 2346 2211 124 606 80 108 
1 9 539 1808 2346 2212 124 606 80 108 
1 9 539 1808 2346 2213 121 608 80 108 
1 9 539 1808 2346 2214 121 608 80 108 
1 9 539 1808 2346 2215 121 608 80 108 
1 9 539 1808 2346 2216 118 608 80 108 
1 9 539 1808 2346 2217 118 608 80 108 
1 9 539 1808 2346 2218 118 611 80 108 
1 9 539 1808 2346 2219 116 611 80 108 
1 9 539 1808 2346 2220 116 611 80 108 
1 9 539 1808 2346 2221 116 611 80 108 
1 9 539 1808 2346 2222 113 611 80 108 
1 9 539 1808 2346 2223 113 614 80 108 
1 9 539 1808 2346 2224 113 614 80 108 
1 9 539 1808 2346 2225 113 614 80 108 
1 9 539 1808 2346 2226 110 614 80 108 
1 9 539 1808 2346 2227 110 614 80 108 
1 9 539 1808 2346 2228 110 616 80 108 
1 9 539 1808 2346 2229 108 616 80 108 
1 9 539 1808 2346 2230 108 616 80 108 
1 9 539 1808 2346 2231 108 616 80 108 
1 9 539 1808 2346 2232 105 616 80 108 
1 9 539 1808 2346 2233 105 619 80 108 
1 9 539 1808 2346 2234 105 619 80 108 
1 9 539 1808 2346 2235 102 619 80 108 
1 9 539 1808 2346 2236 102 619 80 108 
1 9 539 1808 2346 2237 102 619 80 108 
1 9 539 1808 2346 2238 100 622 80 108 
1 9 539 1808 2346 2239 100 622 80 108 
1 9 539 1808 2346 2240 100 622 80 108 
1 9 539 1808 2346 2241 97 622 80 108 
1 9 539 1808 2346 2242 97 622 80 108 
1 9 539 1808 2346 2243 97 624 80 108 
1 9 539 1808 2346 2244 94 624 80 108 
1 9 539 1808 2346 2245 94 624 80 108 
1 9 539 1808 2346 2246 94 624 80 108 
1 9 539 1808 2346 2247 92 624 80 108 
1 9 539 1808 2346 2248 92 627 80 108 
1 9 539 1808 2346 2249 92 627 80 108 
1 9 539 1808 2346 2250 89 627 80 108 
1 9 539 1808 2346 2251 89 627 80 108 
1 9 539 1808 2346 2252 89 627 80 108 
1 9 539 1808 2346 2253 89 630 80 108 
1 9 539 1808 2346 2254 86 630 80 108 
1 9 539 1808 2346 2255 83 630 84 108 
1 9 539 1808 2346 2256 84 630 80 108 
1 9 539 1808 2346 2257 79 630 86 108 
1 9 539 1808 2346 2258 81 629 80 111 
1 9 539 1808 2346 2259 76 629 86 111 
1 9 539 1808 2346 2260 78 629 80 111 
1 9 539 1808 2346 2261 75 632 84 108 
1 9 539 1808 2346 2262 70 631 90 112 
1 9 539 1808 2346 2263 71 631 86 112 
1 9 539 1808 2346 2264 67 631 92 112 
1 9 539 1808 2346 2265 68 631 86 112 
1 9 539 1808 2346 2266 65 630 90 117 
1 9 539 1808 2346 2267 67 630 84 117 
1 9 539 1808 2346 2268 62 634 90 112 
1 9 539 1808 2346 2269 63 634 86 112 
1 9 539 1808 2346 2270 59 634 92 112 
1 9 539 1808 2346 2271 56 633 96 115 
1 9 539 1808 2346 2272 57 633 90 115 
1 9 539 1808 2346 2273 53 633 96 115 
1 9 539 1808 2346 2274 54 633 90 115 
1 9 539 1808 2346 2275 50 636 96 115 
1 9 539 1808 2346 2276 51 636 92 115 
1 9 539 1808 2346 2277 48 636 96 115 
1 9 539 1808 2346 2278 49 636 90 115 
1 9 539 1808 2346 2279 45 636 96 120 
1 9 539 1808 2346 2280 40 636 102 120 
1 9 539 1808 2346 2281 42 636 96 120 
1 9 539 1808 2346 2282 39 638 100 117 
1 9 539 1808 2346 2283 40 638 96 117 
1 9 539 1808 2346 2284 35 638 102 120 
1 9 539 1808 2346 2285 37 638 96 120 
1 9 539 1808 2346 2286 32 638 102 120 
1 9 539 1808 2346 2287 34 638 96 120 
1 9 539 1808 2346 2288 31 637 100 124 
1 9 539 1808 2346 2289 26 641 106 120 
1 9 539 1808 2346 2290 27 641 102 120 
1 9 539 1808 2346 2291 23 641 108 120 
1 9 539 1808 2346 2292 24 640 102 124 
1 9 539 1808 2346 2293 21 640 106 124 
1 9 539 1808 2346 2294 23 640 100 124 
1 9 539 1808 2346 2295 18 640 106 124 
1 9 539 1808 2346 2296 18 643 106 123 
1 9 539 1808 2346 2297 15 643 108 123 
1 9 539 1808 2346 2298 15 643 108 123 
1 9 539 1808 2346 2299 13 643 106 123 
1 9 539 1808 2346 2300 13 645 106 124 
1 9 539 1808 2346 2301 10 645 106 124 
1 9 539 1808 2346 2302 7 645 108 124 
1 9 539 1808 2346 2303 5 645 106 124 
1 9 539 1808 2346 2304 2 645 106 124 
1 9 539 1808 2346 2305 2 649 106 120 
1 9 539 1808 2346 2306 0 648 107 124 
1 9 539 1808 2346 2307 0 648 103 124 
1 9 539 1808 2346 2308 0 648 100 124 
1 9 539 1808 2346 2309 0 652 100 120 
1 9 539 1808 2346 2310 0 652 99 120 
1 9 539 1808 2346 2311 0 651 95 123 
1 9 539 1808 2346 2312 0 651 92 123 
1 9 539 1808 2346 2313 0 654 92 120 
1 9 539 1808 2346 2314 0 654 91 120 
1 9 539 1808 2346 2315 0 654 87 120 
1 9 539 1808 2346 2316 0 657 87 120 
1 9 539 1808 2346 2317 0 657 84 120 
1 9 539 1808 2346 2318 0 657 81 120 
1 9 539 1808 2346 2319 0 657 81 120 
1 9 539 1808 2346 2320 0 660 77 120 
1 9 539 1808 2346 2321 0 660 72 120 
1 9 539 1808 2346 2322 0 660 72 120 
1 9 539 1808 2346 2323 0 662 71 120 
1 9 539 1808 2346 2324 0 662 66 120 
1 9 539 1808 2346 2325 0 662 66 120 
1 9 539 1808 2346 2326 0 665 62 120 
1 9 539 1808 2346 2327 0 665 62 120 
1 9 539 1808 2346 2328 0 665 59 120 
1 9 539 1808 2346 2329 0 668 55 120 
1 9 539 1808 2346 2330 0 668 55 120 
1 9 539 1808 2346 2331 0 668 51 120 
1 9 539 1808 2346 2332 0 670 48 120 
1 9 539 1808 2346 2333 0 670 48 120 
1 9 539 1808 2346 2334 0 670 43 120 
1 9 539 1808 2346 2335 0 673 43 120 
1 9 539 1808 2346 2336 0 673 36 120 
1 9 539 1808 2346 2337 0 676 31 115 
1 9 539 1808 2346 2338 0 676 24 120 
1 9 539 1808 2346 2339 0 678 19 117 
1 9 539 1808 2346 2340 0 681 15 115 
1 9 539 1808 2346 2341 0 681 15 115 
1 9 539 1808 2346 2342 0 681 15 115 
1 9 539 1808 2346 2343 0 681 15 115 
1 9 539 1808 2346 2344 0 681 15 115 
1 9 539 1808 2346 2345 0 681 15 115 
1 9 539 1808 2346 2346 0 681 15 115 
