8 9 699 523 1221 523 23 612 86 129 
8 9 699 523 1221 524 23 610 86 132 
8 9 699 523 1221 525 27 610 84 132 
8 9 699 523 1221 526 28 610 86 132 
8 9 699 523 1221 527 31 610 86 132 
8 9 699 523 1221 528 35 610 84 132 
8 9 699 523 1221 529 36 610 86 132 
8 9 699 523 1221 530 39 610 86 132 
8 9 699 523 1221 531 39 607 86 132 
8 9 699 523 1221 532 43 607 84 132 
8 9 699 523 1221 533 43 607 84 132 
8 9 699 523 1221 534 44 607 86 132 
8 9 699 523 1221 535 47 607 86 132 
8 9 699 523 1221 536 47 607 86 132 
8 9 699 523 1221 537 51 607 84 132 
8 9 699 523 1221 538 52 607 86 132 
8 9 699 523 1221 539 52 607 86 132 
8 9 699 523 1221 540 55 607 86 132 
8 9 699 523 1221 541 59 607 84 132 
8 9 699 523 1221 542 59 607 84 132 
8 9 699 523 1221 543 60 607 86 132 
8 9 699 523 1221 544 63 607 86 132 
8 9 699 523 1221 545 63 607 86 132 
8 9 699 523 1221 546 67 607 84 132 
8 9 699 523 1221 547 68 607 86 132 
8 9 699 523 1221 548 68 607 86 132 
8 9 699 523 1221 549 71 607 86 132 
8 9 699 523 1221 550 75 607 84 132 
8 9 699 523 1221 551 75 607 84 132 
8 9 699 523 1221 552 76 607 86 132 
8 9 699 523 1221 553 79 607 86 132 
8 9 699 523 1221 554 79 607 86 132 
8 9 699 523 1221 555 83 607 84 132 
8 9 699 523 1221 556 84 607 86 132 
8 9 699 523 1221 557 84 607 86 132 
8 9 699 523 1221 558 87 607 86 132 
8 9 699 523 1221 559 91 604 84 132 
8 9 699 523 1221 560 91 604 84 132 
8 9 699 523 1221 561 92 604 86 132 
8 9 699 523 1221 562 95 604 86 132 
8 9 699 523 1221 563 95 604 86 132 
8 9 699 523 1221 564 99 604 84 132 
8 9 699 523 1221 565 100 604 86 132 
8 9 699 523 1221 566 100 604 86 132 
8 9 699 523 1221 567 103 604 86 132 
8 9 699 523 1221 568 107 604 84 132 
8 9 699 523 1221 569 107 604 84 132 
8 9 699 523 1221 570 108 604 86 132 
8 9 699 523 1221 571 111 604 86 132 
8 9 699 523 1221 572 111 604 86 132 
8 9 699 523 1221 573 115 604 84 132 
8 9 699 523 1221 574 116 604 86 132 
8 9 699 523 1221 575 116 604 86 132 
8 9 699 523 1221 576 119 604 86 132 
8 9 699 523 1221 577 123 604 84 132 
8 9 699 523 1221 578 123 604 84 132 
8 9 699 523 1221 579 124 604 86 132 
8 9 699 523 1221 580 127 604 86 132 
8 9 699 523 1221 581 127 604 86 132 
8 9 699 523 1221 582 131 604 84 132 
8 9 699 523 1221 583 132 604 86 132 
8 9 699 523 1221 584 132 604 86 132 
8 9 699 523 1221 585 135 604 86 132 
8 9 699 523 1221 586 139 604 84 132 
8 9 699 523 1221 587 139 602 84 132 
8 9 699 523 1221 588 140 602 86 132 
8 9 699 523 1221 589 140 602 86 132 
8 9 699 523 1221 590 143 602 86 132 
8 9 699 523 1221 591 147 602 84 132 
8 9 699 523 1221 592 147 602 84 132 
8 9 699 523 1221 593 148 602 86 132 
8 9 699 523 1221 594 151 602 86 132 
8 9 699 523 1221 595 151 602 86 132 
8 9 699 523 1221 596 155 602 84 132 
8 9 699 523 1221 597 156 602 86 132 
8 9 699 523 1221 598 156 602 86 132 
8 9 699 523 1221 599 159 602 86 132 
8 9 699 523 1221 600 163 602 84 132 
8 9 699 523 1221 601 163 599 84 132 
8 9 699 523 1221 602 164 599 86 132 
8 9 699 523 1221 603 167 599 86 132 
8 9 699 523 1221 604 166 599 90 132 
8 9 699 523 1221 605 171 599 84 132 
8 9 699 523 1221 606 172 599 86 132 
8 9 699 523 1221 607 171 599 92 132 
8 9 699 523 1221 608 174 599 90 132 
8 9 699 523 1221 609 179 599 84 132 
8 9 699 523 1221 610 177 599 90 132 
8 9 699 523 1221 611 179 599 92 132 
8 9 699 523 1221 612 182 599 90 132 
8 9 699 523 1221 613 187 599 84 132 
8 9 699 523 1221 614 185 599 90 132 
8 9 699 523 1221 615 187 599 92 132 
8 9 699 523 1221 616 190 599 90 132 
8 9 699 523 1221 617 190 599 90 132 
8 9 699 523 1221 618 193 599 90 132 
8 9 699 523 1221 619 195 599 92 132 
8 9 699 523 1221 620 194 599 96 132 
8 9 699 523 1221 621 198 599 90 132 
8 9 699 523 1221 622 201 599 90 132 
8 9 699 523 1221 623 200 599 96 132 
8 9 699 523 1221 624 202 599 96 132 
8 9 699 523 1221 625 206 595 90 136 
8 9 699 523 1221 626 209 595 90 136 
8 9 699 523 1221 627 208 595 96 136 
8 9 699 523 1221 628 210 595 96 136 
8 9 699 523 1221 629 214 595 90 136 
8 9 699 523 1221 630 213 595 96 136 
8 9 699 523 1221 631 216 595 96 136 
8 9 699 523 1221 632 218 595 96 136 
8 9 699 523 1221 633 218 595 96 136 
8 9 699 523 1221 634 221 595 96 136 
8 9 699 523 1221 635 224 595 96 136 
8 9 699 523 1221 636 223 595 100 136 
8 9 699 523 1221 637 226 595 96 136 
8 9 699 523 1221 638 229 595 96 136 
8 9 699 523 1221 639 232 595 96 136 
8 9 699 523 1221 640 231 595 100 136 
8 9 699 523 1221 641 234 595 96 136 
8 9 699 523 1221 642 237 595 96 136 
8 9 699 523 1221 643 235 595 102 136 
8 9 699 523 1221 644 239 595 100 136 
8 9 699 523 1221 645 242 595 96 136 
8 9 699 523 1221 646 240 595 102 136 
8 9 699 523 1221 647 243 595 102 136 
8 9 699 523 1221 648 247 595 100 136 
8 9 699 523 1221 649 248 595 102 136 
8 9 699 523 1221 650 248 593 102 135 
8 9 699 523 1221 651 251 593 102 135 
8 9 699 523 1221 652 256 593 96 135 
8 9 699 523 1221 653 255 593 100 135 
8 9 699 523 1221 654 256 593 102 135 
8 9 699 523 1221 655 261 593 96 135 
8 9 699 523 1221 656 264 593 96 135 
8 9 699 523 1221 657 263 593 100 135 
8 9 699 523 1221 658 266 593 96 135 
8 9 699 523 1221 659 269 593 96 135 
8 9 699 523 1221 660 272 593 96 135 
8 9 699 523 1221 661 272 593 96 135 
8 9 699 523 1221 662 274 593 96 135 
8 9 699 523 1221 663 277 593 96 135 
8 9 699 523 1221 664 277 593 96 135 
8 9 699 523 1221 665 280 593 96 135 
8 9 699 523 1221 666 283 593 92 135 
8 9 699 523 1221 667 286 593 90 135 
8 9 699 523 1221 668 285 593 96 135 
8 9 699 523 1221 669 289 590 90 136 
8 9 699 523 1221 670 291 590 92 136 
8 9 699 523 1221 671 294 590 90 136 
8 9 699 523 1221 672 294 590 90 136 
8 9 699 523 1221 673 297 590 90 136 
8 9 699 523 1221 674 299 590 92 136 
8 9 699 523 1221 675 299 590 92 136 
8 9 699 523 1221 676 302 590 90 136 
8 9 699 523 1221 677 305 590 90 136 
8 9 699 523 1221 678 308 590 86 136 
8 9 699 523 1221 679 307 590 92 136 
8 9 699 523 1221 680 311 590 86 136 
8 9 699 523 1221 681 315 590 84 136 
8 9 699 523 1221 682 316 590 86 136 
8 9 699 523 1221 683 316 590 86 136 
8 9 699 523 1221 684 319 590 86 136 
8 9 699 523 1221 685 323 590 84 136 
8 9 699 523 1221 686 323 590 84 136 
8 9 699 523 1221 687 324 590 86 136 
8 9 699 523 1221 688 327 590 86 136 
8 9 699 523 1221 689 332 587 80 136 
8 9 699 523 1221 690 331 587 84 136 
8 9 699 523 1221 691 332 587 86 136 
8 9 699 523 1221 692 337 587 80 136 
8 9 699 523 1221 693 340 587 80 136 
8 9 699 523 1221 694 340 587 80 136 
8 9 699 523 1221 695 342 587 80 136 
8 9 699 523 1221 696 345 587 80 136 
8 9 699 523 1221 697 345 587 80 136 
8 9 699 523 1221 698 348 587 80 136 
8 9 699 523 1221 699 350 587 80 136 
8 9 699 523 1221 700 354 587 74 136 
8 9 699 523 1221 701 353 587 80 136 
8 9 699 523 1221 702 356 587 80 136 
8 9 699 523 1221 703 359 587 76 136 
8 9 699 523 1221 704 362 587 74 136 
8 9 699 523 1221 705 361 587 80 136 
8 9 699 523 1221 706 365 587 74 136 
8 9 699 523 1221 707 367 587 76 136 
8 9 699 523 1221 708 370 587 74 136 
8 9 699 523 1221 709 370 585 74 135 
8 9 699 523 1221 710 373 585 74 135 
8 9 699 523 1221 711 375 585 76 135 
8 9 699 523 1221 712 378 585 74 135 
8 9 699 523 1221 713 378 585 74 135 
8 9 699 523 1221 714 381 585 74 135 
8 9 699 523 1221 715 383 585 76 135 
8 9 699 523 1221 716 386 585 74 135 
8 9 699 523 1221 717 386 585 74 135 
8 9 699 523 1221 718 389 585 74 135 
8 9 699 523 1221 719 391 585 76 135 
8 9 699 523 1221 720 394 585 74 135 
8 9 699 523 1221 721 397 585 74 135 
8 9 699 523 1221 722 397 585 74 135 
8 9 699 523 1221 723 399 585 76 135 
8 9 699 523 1221 724 402 585 74 135 
8 9 699 523 1221 725 405 585 74 135 
8 9 699 523 1221 726 405 585 74 135 
8 9 699 523 1221 727 407 585 76 135 
8 9 699 523 1221 728 410 585 74 135 
8 9 699 523 1221 729 413 585 74 135 
8 9 699 523 1221 730 413 585 74 135 
8 9 699 523 1221 731 415 585 76 135 
8 9 699 523 1221 732 418 585 74 135 
8 9 699 523 1221 733 421 585 74 135 
8 9 699 523 1221 734 423 585 76 135 
8 9 699 523 1221 735 423 585 76 135 
8 9 699 523 1221 736 426 585 74 135 
8 9 699 523 1221 737 429 585 74 135 
8 9 699 523 1221 738 431 585 76 135 
8 9 699 523 1221 739 431 582 76 136 
8 9 699 523 1221 740 434 582 74 136 
8 9 699 523 1221 741 437 582 74 136 
8 9 699 523 1221 742 439 582 76 136 
8 9 699 523 1221 743 439 582 76 136 
8 9 699 523 1221 744 442 582 74 136 
8 9 699 523 1221 745 445 582 74 136 
8 9 699 523 1221 746 447 582 76 136 
8 9 699 523 1221 747 450 582 74 136 
8 9 699 523 1221 748 450 582 74 136 
8 9 699 523 1221 749 453 582 74 136 
8 9 699 523 1221 750 455 582 76 136 
8 9 699 523 1221 751 458 582 74 136 
8 9 699 523 1221 752 458 582 74 136 
8 9 699 523 1221 753 461 582 74 136 
8 9 699 523 1221 754 463 582 76 136 
8 9 699 523 1221 755 466 582 74 136 
8 9 699 523 1221 756 466 582 74 136 
8 9 699 523 1221 757 469 582 74 136 
8 9 699 523 1221 758 471 582 76 136 
8 9 699 523 1221 759 474 582 74 136 
8 9 699 523 1221 760 477 582 74 136 
8 9 699 523 1221 761 477 582 74 136 
8 9 699 523 1221 762 479 582 76 136 
8 9 699 523 1221 763 482 582 74 136 
8 9 699 523 1221 764 485 582 74 136 
8 9 699 523 1221 765 485 582 74 136 
8 9 699 523 1221 766 487 582 76 136 
8 9 699 523 1221 767 490 582 74 136 
8 9 699 523 1221 768 493 582 74 136 
8 9 699 523 1221 769 495 582 76 136 
8 9 699 523 1221 770 495 579 76 136 
8 9 699 523 1221 771 498 579 74 136 
8 9 699 523 1221 772 498 579 74 136 
8 9 699 523 1221 773 501 579 74 136 
8 9 699 523 1221 774 503 579 76 136 
8 9 699 523 1221 775 503 580 76 132 
8 9 699 523 1221 776 506 580 74 132 
8 9 699 523 1221 777 509 577 74 135 
8 9 699 523 1221 778 509 577 74 135 
8 9 699 523 1221 779 511 577 76 135 
8 9 699 523 1221 780 514 578 74 132 
8 9 699 523 1221 781 514 578 74 132 
8 9 699 523 1221 782 517 578 74 132 
8 9 699 523 1221 783 519 578 76 132 
8 9 699 523 1221 784 519 574 76 136 
8 9 699 523 1221 785 522 575 74 132 
8 9 699 523 1221 786 522 575 74 132 
8 9 699 523 1221 787 525 575 74 132 
8 9 699 523 1221 788 527 575 76 132 
8 9 699 523 1221 789 527 575 76 132 
8 9 699 523 1221 790 530 575 74 132 
8 9 699 523 1221 791 533 572 74 132 
8 9 699 523 1221 792 533 572 74 132 
8 9 699 523 1221 793 535 572 76 132 
8 9 699 523 1221 794 538 572 74 132 
8 9 699 523 1221 795 538 572 74 132 
8 9 699 523 1221 796 541 572 74 129 
8 9 699 523 1221 797 543 572 76 129 
8 9 699 523 1221 798 543 570 76 132 
8 9 699 523 1221 799 546 570 74 132 
8 9 699 523 1221 800 546 570 74 132 
8 9 699 523 1221 801 549 570 74 127 
8 9 699 523 1221 802 551 570 76 127 
8 9 699 523 1221 803 551 570 76 127 
8 9 699 523 1221 804 554 570 74 127 
8 9 699 523 1221 805 557 567 74 132 
8 9 699 523 1221 806 557 567 74 127 
8 9 699 523 1221 807 559 567 76 127 
8 9 699 523 1221 808 562 567 74 127 
8 9 699 523 1221 809 562 567 74 127 
8 9 699 523 1221 810 565 567 74 127 
8 9 699 523 1221 811 567 567 76 127 
8 9 699 523 1221 812 567 564 76 129 
8 9 699 523 1221 813 570 564 74 129 
8 9 699 523 1221 814 570 564 74 129 
8 9 699 523 1221 815 573 564 74 129 
8 9 699 523 1221 816 575 564 76 129 
8 9 699 523 1221 817 575 565 76 124 
8 9 699 523 1221 818 578 565 74 124 
8 9 699 523 1221 819 581 562 74 127 
8 9 699 523 1221 820 581 562 74 127 
8 9 699 523 1221 821 583 562 76 127 
8 9 699 523 1221 822 586 563 74 123 
8 9 699 523 1221 823 586 563 74 123 
8 9 699 523 1221 824 589 563 74 123 
8 9 699 523 1221 825 591 563 76 123 
8 9 699 523 1221 826 591 559 76 127 
8 9 699 523 1221 827 594 560 74 124 
8 9 699 523 1221 828 594 560 74 124 
8 9 699 523 1221 829 597 560 74 124 
8 9 699 523 1221 830 599 560 76 124 
8 9 699 523 1221 831 599 560 76 124 
8 9 699 523 1221 832 602 560 74 124 
8 9 699 523 1221 833 605 557 74 124 
8 9 699 523 1221 834 605 557 74 124 
8 9 699 523 1221 835 607 557 76 124 
8 9 699 523 1221 836 610 557 74 124 
8 9 699 523 1221 837 610 557 74 124 
8 9 699 523 1221 838 613 558 74 120 
8 9 699 523 1221 839 615 558 76 120 
8 9 699 523 1221 840 615 555 76 123 
8 9 699 523 1221 841 618 555 74 123 
8 9 699 523 1221 842 618 555 74 123 
8 9 699 523 1221 843 621 556 74 120 
8 9 699 523 1221 844 623 556 76 120 
8 9 699 523 1221 845 623 556 76 120 
8 9 699 523 1221 846 626 556 74 120 
8 9 699 523 1221 847 629 552 74 124 
8 9 699 523 1221 848 629 553 74 120 
8 9 699 523 1221 849 631 553 76 120 
8 9 699 523 1221 850 634 553 74 120 
8 9 699 523 1221 851 634 553 74 120 
8 9 699 523 1221 852 637 553 74 120 
8 9 699 523 1221 853 639 553 76 120 
8 9 699 523 1221 854 639 550 76 120 
8 9 699 523 1221 855 642 550 74 120 
8 9 699 523 1221 856 642 550 74 120 
8 9 699 523 1221 857 645 550 74 120 
8 9 699 523 1221 858 645 550 74 120 
8 9 699 523 1221 859 647 550 76 120 
8 9 699 523 1221 860 650 550 74 117 
8 9 699 523 1221 861 650 548 74 120 
8 9 699 523 1221 862 653 548 74 120 
8 9 699 523 1221 863 653 548 74 120 
8 9 699 523 1221 864 655 548 76 120 
8 9 699 523 1221 865 659 548 70 120 
8 9 699 523 1221 866 658 548 74 120 
8 9 699 523 1221 867 661 548 74 115 
8 9 699 523 1221 868 661 548 74 115 
8 9 699 523 1221 869 663 545 76 120 
8 9 699 523 1221 870 667 545 70 120 
8 9 699 523 1221 871 666 545 74 120 
8 9 699 523 1221 872 671 545 68 120 
8 9 699 523 1221 873 669 545 74 120 
8 9 699 523 1221 874 671 545 76 115 
8 9 699 523 1221 875 675 545 70 115 
8 9 699 523 1221 876 674 545 74 115 
8 9 699 523 1221 877 679 542 68 120 
8 9 699 523 1221 878 677 542 74 120 
8 9 699 523 1221 879 680 542 70 120 
8 9 699 523 1221 880 683 542 70 117 
8 9 699 523 1221 881 682 542 74 117 
8 9 699 523 1221 882 687 542 68 117 
8 9 699 523 1221 883 685 542 74 117 
8 9 699 523 1221 884 688 542 70 117 
8 9 699 523 1221 885 691 540 70 120 
8 9 699 523 1221 886 691 540 70 120 
8 9 699 523 1221 887 695 540 68 115 
8 9 699 523 1221 888 693 540 74 115 
8 9 699 523 1221 889 696 540 70 115 
8 9 699 523 1221 890 699 540 70 115 
8 9 699 523 1221 891 699 540 70 115 
8 9 699 523 1221 892 703 540 68 115 
8 9 699 523 1221 893 703 537 68 120 
8 9 699 523 1221 894 704 537 70 115 
8 9 699 523 1221 895 707 537 70 115 
8 9 699 523 1221 896 707 537 70 115 
8 9 699 523 1221 897 711 537 68 115 
8 9 699 523 1221 898 711 537 68 115 
8 9 699 523 1221 899 712 537 70 115 
8 9 699 523 1221 900 715 537 70 115 
8 9 699 523 1221 901 715 537 70 115 
8 9 699 523 1221 902 714 537 74 115 
8 9 699 523 1221 903 719 537 68 115 
8 9 699 523 1221 904 717 537 74 115 
8 9 699 523 1221 905 720 537 70 115 
8 9 699 523 1221 906 719 537 76 115 
8 9 699 523 1221 907 723 537 70 115 
8 9 699 523 1221 908 722 537 74 115 
8 9 699 523 1221 909 727 537 68 115 
8 9 699 523 1221 910 725 537 74 115 
8 9 699 523 1221 911 727 541 76 111 
8 9 699 523 1221 912 727 538 76 112 
8 9 699 523 1221 913 730 538 74 112 
8 9 699 523 1221 914 730 538 74 112 
8 9 699 523 1221 915 733 538 74 112 
8 9 699 523 1221 916 735 538 76 112 
8 9 699 523 1221 917 735 538 76 112 
8 9 699 523 1221 918 738 538 74 112 
8 9 699 523 1221 919 738 535 74 112 
8 9 699 523 1221 920 741 535 74 112 
8 9 699 523 1221 921 743 535 76 112 
8 9 699 523 1221 922 743 535 76 112 
8 9 699 523 1221 923 746 535 74 112 
8 9 699 523 1221 924 746 535 74 112 
8 9 699 523 1221 925 749 535 74 112 
8 9 699 523 1221 926 751 533 76 111 
8 9 699 523 1221 927 751 533 76 111 
8 9 699 523 1221 928 754 533 74 111 
8 9 699 523 1221 929 757 533 74 111 
8 9 699 523 1221 930 757 533 74 111 
8 9 699 523 1221 931 759 533 76 111 
8 9 699 523 1221 932 759 533 76 111 
8 9 699 523 1221 933 762 530 74 112 
8 9 699 523 1221 934 765 530 74 112 
8 9 699 523 1221 935 765 530 74 112 
8 9 699 523 1221 936 767 530 76 112 
8 9 699 523 1221 937 767 530 76 112 
8 9 699 523 1221 938 770 530 74 112 
8 9 699 523 1221 939 773 530 74 112 
8 9 699 523 1221 940 773 527 74 112 
8 9 699 523 1221 941 775 527 76 112 
8 9 699 523 1221 942 775 527 76 112 
8 9 699 523 1221 943 778 527 74 112 
8 9 699 523 1221 944 781 527 74 112 
8 9 699 523 1221 945 781 527 74 112 
8 9 699 523 1221 946 783 527 76 112 
8 9 699 523 1221 947 786 527 74 112 
8 9 699 523 1221 948 786 525 74 111 
8 9 699 523 1221 949 786 525 74 111 
8 9 699 523 1221 950 789 525 74 111 
8 9 699 523 1221 951 789 525 74 111 
8 9 699 523 1221 952 791 525 76 111 
8 9 699 523 1221 953 791 525 76 111 
8 9 699 523 1221 954 791 525 76 111 
8 9 699 523 1221 955 794 525 74 111 
8 9 699 523 1221 956 794 525 74 111 
8 9 699 523 1221 957 797 525 74 111 
8 9 699 523 1221 958 797 522 74 112 
8 9 699 523 1221 959 797 522 74 112 
8 9 699 523 1221 960 799 522 76 112 
8 9 699 523 1221 961 799 522 76 112 
8 9 699 523 1221 962 802 522 74 112 
8 9 699 523 1221 963 802 522 74 112 
8 9 699 523 1221 964 802 522 74 112 
8 9 699 523 1221 965 805 522 74 112 
8 9 699 523 1221 966 805 522 74 112 
8 9 699 523 1221 967 807 522 76 112 
8 9 699 523 1221 968 807 519 76 112 
8 9 699 523 1221 969 807 519 76 112 
8 9 699 523 1221 970 810 519 74 112 
8 9 699 523 1221 971 810 519 74 112 
8 9 699 523 1221 972 813 519 74 112 
8 9 699 523 1221 973 813 519 74 112 
8 9 699 523 1221 974 813 519 74 112 
8 9 699 523 1221 975 815 519 76 112 
8 9 699 523 1221 976 815 519 76 112 
8 9 699 523 1221 977 818 519 74 112 
8 9 699 523 1221 978 818 517 74 111 
8 9 699 523 1221 979 818 517 74 111 
8 9 699 523 1221 980 821 517 74 111 
8 9 699 523 1221 981 821 517 74 111 
8 9 699 523 1221 982 823 517 76 111 
8 9 699 523 1221 983 823 517 76 111 
8 9 699 523 1221 984 823 517 76 111 
8 9 699 523 1221 985 826 514 74 112 
8 9 699 523 1221 986 826 514 74 112 
8 9 699 523 1221 987 829 514 74 112 
8 9 699 523 1221 988 829 514 74 112 
8 9 699 523 1221 989 829 514 74 112 
8 9 699 523 1221 990 831 514 76 112 
8 9 699 523 1221 991 831 514 76 112 
8 9 699 523 1221 992 834 511 74 112 
8 9 699 523 1221 993 834 511 74 112 
8 9 699 523 1221 994 834 511 74 112 
8 9 699 523 1221 995 837 511 74 112 
8 9 699 523 1221 996 837 511 74 112 
8 9 699 523 1221 997 839 511 76 112 
8 9 699 523 1221 998 839 511 76 112 
8 9 699 523 1221 999 839 509 76 111 
8 9 699 523 1221 1000 842 509 74 111 
8 9 699 523 1221 1001 842 509 74 111 
8 9 699 523 1221 1002 845 509 74 111 
8 9 699 523 1221 1003 845 509 74 111 
8 9 699 523 1221 1004 847 509 76 111 
8 9 699 523 1221 1005 847 509 76 111 
8 9 699 523 1221 1006 847 506 76 112 
8 9 699 523 1221 1007 850 506 74 112 
8 9 699 523 1221 1008 850 506 74 112 
8 9 699 523 1221 1009 853 506 74 112 
8 9 699 523 1221 1010 853 506 74 112 
8 9 699 523 1221 1011 853 506 74 112 
8 9 699 523 1221 1012 855 506 76 112 
8 9 699 523 1221 1013 855 503 76 112 
8 9 699 523 1221 1014 858 503 74 112 
8 9 699 523 1221 1015 858 503 74 112 
8 9 699 523 1221 1016 858 503 74 112 
8 9 699 523 1221 1017 861 503 74 112 
8 9 699 523 1221 1018 861 503 74 112 
8 9 699 523 1221 1019 863 503 76 112 
8 9 699 523 1221 1020 863 501 76 111 
8 9 699 523 1221 1021 863 501 76 111 
8 9 699 523 1221 1022 866 501 74 111 
8 9 699 523 1221 1023 866 501 74 111 
8 9 699 523 1221 1024 869 501 74 111 
8 9 699 523 1221 1025 869 501 74 111 
8 9 699 523 1221 1026 871 501 76 111 
8 9 699 523 1221 1027 871 498 76 112 
8 9 699 523 1221 1028 871 498 76 112 
8 9 699 523 1221 1029 874 498 74 112 
8 9 699 523 1221 1030 874 498 74 112 
8 9 699 523 1221 1031 874 498 74 112 
8 9 699 523 1221 1032 877 498 74 112 
8 9 699 523 1221 1033 877 498 74 112 
8 9 699 523 1221 1034 879 498 76 112 
8 9 699 523 1221 1035 879 498 76 112 
8 9 699 523 1221 1036 879 498 76 112 
8 9 699 523 1221 1037 882 498 74 112 
8 9 699 523 1221 1038 882 495 74 112 
8 9 699 523 1221 1039 882 495 74 112 
8 9 699 523 1221 1040 885 495 74 112 
8 9 699 523 1221 1041 885 495 74 112 
8 9 699 523 1221 1042 887 495 76 112 
8 9 699 523 1221 1043 887 495 76 112 
8 9 699 523 1221 1044 887 495 76 112 
8 9 699 523 1221 1045 890 495 74 112 
8 9 699 523 1221 1046 890 495 74 112 
8 9 699 523 1221 1047 890 495 74 112 
8 9 699 523 1221 1048 893 495 74 112 
8 9 699 523 1221 1049 893 493 74 111 
8 9 699 523 1221 1050 895 493 76 111 
8 9 699 523 1221 1051 895 493 76 111 
8 9 699 523 1221 1052 895 493 76 111 
8 9 699 523 1221 1053 898 493 74 111 
8 9 699 523 1221 1054 898 493 74 111 
8 9 699 523 1221 1055 898 493 74 111 
8 9 699 523 1221 1056 901 493 74 111 
8 9 699 523 1221 1057 901 493 74 111 
8 9 699 523 1221 1058 903 493 76 111 
8 9 699 523 1221 1059 903 493 76 111 
8 9 699 523 1221 1060 903 490 76 112 
8 9 699 523 1221 1061 906 490 74 112 
8 9 699 523 1221 1062 906 490 74 112 
8 9 699 523 1221 1063 906 490 74 112 
8 9 699 523 1221 1064 909 490 74 112 
8 9 699 523 1221 1065 909 490 74 112 
8 9 699 523 1221 1066 911 490 76 112 
8 9 699 523 1221 1067 911 490 76 112 
8 9 699 523 1221 1068 911 490 76 112 
8 9 699 523 1221 1069 914 490 74 112 
8 9 699 523 1221 1070 914 490 74 112 
8 9 699 523 1221 1071 917 490 74 112 
8 9 699 523 1221 1072 917 487 74 112 
8 9 699 523 1221 1073 917 487 74 112 
8 9 699 523 1221 1074 917 487 74 112 
8 9 699 523 1221 1075 919 487 76 112 
8 9 699 523 1221 1076 919 487 76 112 
8 9 699 523 1221 1077 919 487 76 112 
8 9 699 523 1221 1078 922 487 74 112 
8 9 699 523 1221 1079 922 487 74 112 
8 9 699 523 1221 1080 922 487 74 112 
8 9 699 523 1221 1081 922 485 74 111 
8 9 699 523 1221 1082 925 485 74 111 
8 9 699 523 1221 1083 925 485 74 111 
8 9 699 523 1221 1084 925 485 74 111 
8 9 699 523 1221 1085 927 485 76 111 
8 9 699 523 1221 1086 927 485 76 111 
8 9 699 523 1221 1087 927 485 76 111 
8 9 699 523 1221 1088 930 485 74 111 
8 9 699 523 1221 1089 930 485 74 111 
8 9 699 523 1221 1090 930 482 74 112 
8 9 699 523 1221 1091 930 482 74 112 
8 9 699 523 1221 1092 933 482 74 112 
8 9 699 523 1221 1093 933 482 74 112 
8 9 699 523 1221 1094 933 482 74 112 
8 9 699 523 1221 1095 935 482 76 112 
8 9 699 523 1221 1096 935 482 76 112 
8 9 699 523 1221 1097 935 482 76 112 
8 9 699 523 1221 1098 938 482 74 112 
8 9 699 523 1221 1099 938 479 74 112 
8 9 699 523 1221 1100 938 479 74 112 
8 9 699 523 1221 1101 938 479 74 112 
8 9 699 523 1221 1102 941 479 74 112 
8 9 699 523 1221 1103 941 479 74 112 
8 9 699 523 1221 1104 941 479 74 112 
8 9 699 523 1221 1105 943 479 76 112 
8 9 699 523 1221 1106 943 479 76 112 
8 9 699 523 1221 1107 943 479 76 112 
8 9 699 523 1221 1108 946 479 74 112 
8 9 699 523 1221 1109 946 477 74 111 
8 9 699 523 1221 1110 946 477 74 111 
8 9 699 523 1221 1111 949 477 74 111 
8 9 699 523 1221 1112 949 477 74 111 
8 9 699 523 1221 1113 951 477 76 111 
8 9 699 523 1221 1114 951 477 76 111 
8 9 699 523 1221 1115 954 477 74 111 
8 9 699 523 1221 1116 954 477 74 111 
8 9 699 523 1221 1117 957 477 74 111 
8 9 699 523 1221 1118 957 477 74 111 
8 9 699 523 1221 1119 959 477 76 111 
8 9 699 523 1221 1120 959 477 76 111 
8 9 699 523 1221 1121 962 477 74 111 
8 9 699 523 1221 1122 962 477 74 111 
8 9 699 523 1221 1123 965 477 74 111 
8 9 699 523 1221 1124 965 477 74 111 
8 9 699 523 1221 1125 967 477 76 111 
8 9 699 523 1221 1126 967 477 76 111 
8 9 699 523 1221 1127 970 477 74 111 
8 9 699 523 1221 1128 970 477 74 111 
8 9 699 523 1221 1129 970 478 74 108 
8 9 699 523 1221 1130 973 478 74 108 
8 9 699 523 1221 1131 973 478 74 108 
8 9 699 523 1221 1132 975 478 76 108 
8 9 699 523 1221 1133 975 478 76 108 
8 9 699 523 1221 1134 978 478 74 108 
8 9 699 523 1221 1135 978 478 74 108 
8 9 699 523 1221 1136 981 478 74 108 
8 9 699 523 1221 1137 981 478 74 108 
8 9 699 523 1221 1138 983 478 76 108 
8 9 699 523 1221 1139 983 478 76 108 
8 9 699 523 1221 1140 986 478 74 108 
8 9 699 523 1221 1141 986 478 74 108 
8 9 699 523 1221 1142 989 478 74 108 
8 9 699 523 1221 1143 989 478 74 108 
8 9 699 523 1221 1144 991 478 76 108 
8 9 699 523 1221 1145 991 478 76 108 
8 9 699 523 1221 1146 994 478 74 108 
8 9 699 523 1221 1147 994 478 74 108 
8 9 699 523 1221 1148 997 478 74 108 
8 9 699 523 1221 1149 997 478 74 108 
8 9 699 523 1221 1150 997 478 74 108 
8 9 699 523 1221 1151 997 478 74 108 
8 9 699 523 1221 1152 997 478 74 108 
8 9 699 523 1221 1153 999 478 76 108 
8 9 699 523 1221 1154 999 478 76 108 
8 9 699 523 1221 1155 999 478 76 108 
8 9 699 523 1221 1156 999 478 76 108 
8 9 699 523 1221 1157 1002 478 74 108 
8 9 699 523 1221 1158 1002 478 74 108 
8 9 699 523 1221 1159 1002 478 74 108 
8 9 699 523 1221 1160 1002 478 74 108 
8 9 699 523 1221 1161 1002 478 74 108 
8 9 699 523 1221 1162 1005 478 74 108 
8 9 699 523 1221 1163 1005 478 74 108 
8 9 699 523 1221 1164 1005 478 74 108 
8 9 699 523 1221 1165 1005 478 74 108 
8 9 699 523 1221 1166 1007 478 76 108 
8 9 699 523 1221 1167 1002 478 74 108 
8 9 699 523 1221 1168 999 478 76 108 
8 9 699 523 1221 1169 997 478 74 108 
8 9 699 523 1221 1170 991 480 76 108 
8 9 699 523 1221 1171 989 480 74 108 
8 9 699 523 1221 1172 986 480 74 108 
8 9 699 523 1221 1173 981 483 74 108 
8 9 699 523 1221 1174 978 483 74 108 
8 9 699 523 1221 1175 975 483 76 108 
8 9 699 523 1221 1176 973 482 74 112 
8 9 699 523 1221 1177 967 486 76 108 
8 9 699 523 1221 1178 965 486 74 108 
8 9 699 523 1221 1179 962 485 74 111 
8 9 699 523 1221 1180 957 488 74 108 
8 9 699 523 1221 1181 954 488 74 108 
8 9 699 523 1221 1182 951 488 76 108 
8 9 699 523 1221 1183 949 487 74 112 
8 9 699 523 1221 1184 943 491 76 108 
8 9 699 523 1221 1185 941 491 74 108 
8 9 699 523 1221 1186 938 490 74 112 
8 9 699 523 1221 1187 933 494 74 108 
8 9 699 523 1221 1188 930 494 74 108 
8 9 699 523 1221 1189 927 493 76 111 
8 9 699 523 1221 1190 925 493 74 111 
8 9 699 523 1221 1191 919 496 76 108 
8 9 699 523 1221 1192 917 495 74 112 
8 9 699 523 1221 1193 914 495 74 112 
8 9 699 523 1221 1194 909 499 74 108 
8 9 699 523 1221 1195 906 499 74 108 
8 9 699 523 1221 1196 903 498 76 112 
8 9 699 523 1221 1197 898 502 74 108 
8 9 699 523 1221 1198 895 502 76 108 
8 9 699 523 1221 1199 893 501 74 111 
8 9 699 523 1221 1200 890 501 74 111 
8 9 699 523 1221 1201 885 504 74 108 
8 9 699 523 1221 1202 882 503 74 112 
8 9 699 523 1221 1203 879 503 76 112 
8 9 699 523 1221 1204 874 507 74 108 
8 9 699 523 1221 1205 871 506 76 112 
8 9 699 523 1221 1206 869 506 74 112 
8 9 699 523 1221 1207 866 506 74 112 
8 9 699 523 1221 1208 861 510 74 108 
8 9 699 523 1221 1209 858 509 74 111 
8 9 699 523 1221 1210 855 509 76 111 
8 9 699 523 1221 1211 850 512 74 108 
8 9 699 523 1221 1212 847 511 76 112 
8 9 699 523 1221 1213 845 511 74 112 
8 9 699 523 1221 1214 842 511 74 112 
8 9 699 523 1221 1215 837 514 74 112 
8 9 699 523 1221 1216 834 514 74 112 
8 9 699 523 1221 1217 831 514 76 112 
8 9 699 523 1221 1218 826 517 74 111 
8 9 699 523 1221 1219 823 517 76 111 
8 9 699 523 1221 1220 821 517 74 111 
8 9 699 523 1221 1221 818 519 74 112 
9 1 426 1815 2240 1815 917 479 127 108 
9 1 426 1815 2240 1816 917 479 127 108 
9 1 426 1815 2240 1817 917 479 127 108 
9 1 426 1815 2240 1818 917 479 127 108 
9 1 426 1815 2240 1819 917 479 127 108 
9 1 426 1815 2240 1820 917 479 127 108 
9 1 426 1815 2240 1821 917 479 127 108 
9 1 426 1815 2240 1822 917 479 127 108 
9 1 426 1815 2240 1823 917 479 127 108 
9 1 426 1815 2240 1824 917 479 127 108 
9 1 426 1815 2240 1825 917 479 127 108 
9 1 426 1815 2240 1826 917 479 127 108 
9 1 426 1815 2240 1827 917 479 127 108 
9 1 426 1815 2240 1828 917 479 127 108 
9 1 426 1815 2240 1829 917 479 127 108 
9 1 426 1815 2240 1830 917 479 127 108 
9 1 426 1815 2240 1831 917 479 127 108 
9 1 426 1815 2240 1832 917 479 127 108 
9 1 426 1815 2240 1833 917 479 127 108 
9 1 426 1815 2240 1834 917 479 127 108 
9 1 426 1815 2240 1835 917 479 127 108 
9 1 426 1815 2240 1836 917 479 127 108 
9 1 426 1815 2240 1837 917 479 127 108 
9 1 426 1815 2240 1838 917 479 127 108 
9 1 426 1815 2240 1839 917 479 127 108 
9 1 426 1815 2240 1840 917 479 127 108 
9 1 426 1815 2240 1841 917 479 127 108 
9 1 426 1815 2240 1842 917 479 127 108 
9 1 426 1815 2240 1843 917 479 127 108 
9 1 426 1815 2240 1844 917 479 127 108 
9 1 426 1815 2240 1845 917 479 127 108 
9 1 426 1815 2240 1846 917 479 127 108 
9 1 426 1815 2240 1847 917 479 127 108 
9 1 426 1815 2240 1848 917 479 127 108 
9 1 426 1815 2240 1849 917 479 127 108 
9 1 426 1815 2240 1850 917 479 127 108 
9 1 426 1815 2240 1851 917 479 127 108 
9 1 426 1815 2240 1852 917 479 127 108 
9 1 426 1815 2240 1853 917 479 127 108 
9 1 426 1815 2240 1854 917 479 127 108 
9 1 426 1815 2240 1855 917 479 127 108 
9 1 426 1815 2240 1856 917 479 127 108 
9 1 426 1815 2240 1857 917 479 127 108 
9 1 426 1815 2240 1858 917 479 127 108 
9 1 426 1815 2240 1859 917 479 127 108 
9 1 426 1815 2240 1860 917 479 127 108 
9 1 426 1815 2240 1861 917 479 127 108 
9 1 426 1815 2240 1862 917 479 127 108 
9 1 426 1815 2240 1863 917 479 127 108 
9 1 426 1815 2240 1864 917 479 127 108 
9 1 426 1815 2240 1865 917 479 127 108 
9 1 426 1815 2240 1866 917 479 127 108 
9 1 426 1815 2240 1867 917 479 127 108 
9 1 426 1815 2240 1868 917 479 127 108 
9 1 426 1815 2240 1869 917 479 127 108 
9 1 426 1815 2240 1870 917 479 127 108 
9 1 426 1815 2240 1871 917 479 127 108 
9 1 426 1815 2240 1872 917 479 127 108 
9 1 426 1815 2240 1873 917 479 127 108 
9 1 426 1815 2240 1874 917 479 127 108 
9 1 426 1815 2240 1875 917 479 127 108 
9 1 426 1815 2240 1876 917 479 127 108 
9 1 426 1815 2240 1877 917 479 127 108 
9 1 426 1815 2240 1878 917 479 127 108 
9 1 426 1815 2240 1879 917 479 127 108 
9 1 426 1815 2240 1880 917 479 127 108 
9 1 426 1815 2240 1881 917 479 127 108 
9 1 426 1815 2240 1882 917 479 127 108 
9 1 426 1815 2240 1883 917 479 127 108 
9 1 426 1815 2240 1884 917 479 127 108 
9 1 426 1815 2240 1885 917 479 127 108 
9 1 426 1815 2240 1886 917 479 127 108 
9 1 426 1815 2240 1887 917 479 127 108 
9 1 426 1815 2240 1888 917 479 127 108 
9 1 426 1815 2240 1889 917 479 127 108 
9 1 426 1815 2240 1890 917 479 127 108 
9 1 426 1815 2240 1891 917 479 127 108 
9 1 426 1815 2240 1892 917 479 127 108 
9 1 426 1815 2240 1893 917 479 127 108 
9 1 426 1815 2240 1894 917 479 127 108 
9 1 426 1815 2240 1895 917 479 127 108 
9 1 426 1815 2240 1896 917 479 127 108 
9 1 426 1815 2240 1897 917 479 127 108 
9 1 426 1815 2240 1898 917 479 127 108 
9 1 426 1815 2240 1899 917 479 127 108 
9 1 426 1815 2240 1900 917 479 127 108 
9 1 426 1815 2240 1901 917 479 127 108 
9 1 426 1815 2240 1902 917 479 127 108 
9 1 426 1815 2240 1903 917 479 127 108 
9 1 426 1815 2240 1904 917 479 127 108 
9 1 426 1815 2240 1905 917 479 127 108 
9 1 426 1815 2240 1906 917 479 127 108 
9 1 426 1815 2240 1907 917 479 127 108 
9 1 426 1815 2240 1908 917 479 127 108 
9 1 426 1815 2240 1909 917 479 127 108 
9 1 426 1815 2240 1910 917 479 127 108 
9 1 426 1815 2240 1911 917 479 127 108 
9 1 426 1815 2240 1912 917 479 127 108 
9 1 426 1815 2240 1913 917 479 127 108 
9 1 426 1815 2240 1914 917 479 127 108 
9 1 426 1815 2240 1915 917 479 127 108 
9 1 426 1815 2240 1916 917 479 127 108 
9 1 426 1815 2240 1917 917 479 127 108 
9 1 426 1815 2240 1918 917 479 127 108 
9 1 426 1815 2240 1919 917 479 127 108 
9 1 426 1815 2240 1920 917 479 127 108 
9 1 426 1815 2240 1921 917 479 127 108 
9 1 426 1815 2240 1922 917 479 127 108 
9 1 426 1815 2240 1923 917 479 127 108 
9 1 426 1815 2240 1924 917 479 127 108 
9 1 426 1815 2240 1925 917 479 127 108 
9 1 426 1815 2240 1926 917 479 127 108 
9 1 426 1815 2240 1927 917 479 127 108 
9 1 426 1815 2240 1928 917 479 127 108 
9 1 426 1815 2240 1929 917 479 127 108 
9 1 426 1815 2240 1930 917 479 127 108 
9 1 426 1815 2240 1931 917 479 127 108 
9 1 426 1815 2240 1932 917 479 127 108 
9 1 426 1815 2240 1933 917 479 127 108 
9 1 426 1815 2240 1934 917 479 127 108 
9 1 426 1815 2240 1935 917 479 127 108 
9 1 426 1815 2240 1936 917 479 127 108 
9 1 426 1815 2240 1937 917 479 127 108 
9 1 426 1815 2240 1938 917 479 127 108 
9 1 426 1815 2240 1939 917 479 127 108 
9 1 426 1815 2240 1940 917 479 127 108 
9 1 426 1815 2240 1941 917 479 127 108 
9 1 426 1815 2240 1942 917 479 127 108 
9 1 426 1815 2240 1943 917 479 127 108 
9 1 426 1815 2240 1944 917 479 127 108 
9 1 426 1815 2240 1945 917 479 127 108 
9 1 426 1815 2240 1946 917 479 127 108 
9 1 426 1815 2240 1947 917 479 127 108 
9 1 426 1815 2240 1948 917 479 127 108 
9 1 426 1815 2240 1949 917 479 127 108 
9 1 426 1815 2240 1950 917 479 127 108 
9 1 426 1815 2240 1951 917 479 127 108 
9 1 426 1815 2240 1952 917 479 127 108 
9 1 426 1815 2240 1953 917 479 127 108 
9 1 426 1815 2240 1954 917 479 127 108 
9 1 426 1815 2240 1955 917 479 127 108 
9 1 426 1815 2240 1956 917 479 127 108 
9 1 426 1815 2240 1957 917 479 127 108 
9 1 426 1815 2240 1958 917 479 127 108 
9 1 426 1815 2240 1959 917 479 127 108 
9 1 426 1815 2240 1960 917 479 127 108 
9 1 426 1815 2240 1961 917 479 127 108 
9 1 426 1815 2240 1962 917 479 127 108 
9 1 426 1815 2240 1963 917 479 127 108 
9 1 426 1815 2240 1964 917 479 127 108 
9 1 426 1815 2240 1965 917 479 127 108 
9 1 426 1815 2240 1966 917 479 127 108 
9 1 426 1815 2240 1967 917 479 127 108 
9 1 426 1815 2240 1968 917 479 127 108 
9 1 426 1815 2240 1969 917 479 127 108 
9 1 426 1815 2240 1970 917 479 127 108 
9 1 426 1815 2240 1971 917 479 127 108 
9 1 426 1815 2240 1972 917 479 127 108 
9 1 426 1815 2240 1973 917 479 127 108 
9 1 426 1815 2240 1974 917 479 127 108 
9 1 426 1815 2240 1975 917 479 127 108 
9 1 426 1815 2240 1976 917 479 127 108 
9 1 426 1815 2240 1977 917 479 127 108 
9 1 426 1815 2240 1978 917 479 127 108 
9 1 426 1815 2240 1979 917 479 127 108 
9 1 426 1815 2240 1980 917 479 127 108 
9 1 426 1815 2240 1981 917 479 127 108 
9 1 426 1815 2240 1982 917 479 127 108 
9 1 426 1815 2240 1983 917 479 127 108 
9 1 426 1815 2240 1984 917 479 127 108 
9 1 426 1815 2240 1985 917 479 127 108 
9 1 426 1815 2240 1986 917 479 127 108 
9 1 426 1815 2240 1987 917 479 127 108 
9 1 426 1815 2240 1988 917 479 127 108 
9 1 426 1815 2240 1989 917 479 127 108 
9 1 426 1815 2240 1990 917 479 127 108 
9 1 426 1815 2240 1991 917 479 127 108 
9 1 426 1815 2240 1992 917 479 127 108 
9 1 426 1815 2240 1993 917 479 127 108 
9 1 426 1815 2240 1994 917 479 127 108 
9 1 426 1815 2240 1995 917 479 127 108 
9 1 426 1815 2240 1996 917 479 127 108 
9 1 426 1815 2240 1997 917 479 127 108 
9 1 426 1815 2240 1998 917 479 127 108 
9 1 426 1815 2240 1999 917 479 127 108 
9 1 426 1815 2240 2000 917 479 127 108 
9 1 426 1815 2240 2001 917 479 127 108 
9 1 426 1815 2240 2002 917 479 127 108 
9 1 426 1815 2240 2003 917 479 127 108 
9 1 426 1815 2240 2004 917 479 127 108 
9 1 426 1815 2240 2005 917 479 127 108 
9 1 426 1815 2240 2006 917 479 127 108 
9 1 426 1815 2240 2007 917 479 127 108 
9 1 426 1815 2240 2008 917 479 127 108 
9 1 426 1815 2240 2009 917 479 127 108 
9 1 426 1815 2240 2010 917 479 127 108 
9 1 426 1815 2240 2011 917 479 127 108 
9 1 426 1815 2240 2012 917 479 127 108 
9 1 426 1815 2240 2013 917 479 127 108 
9 1 426 1815 2240 2014 917 479 127 108 
9 1 426 1815 2240 2015 917 479 127 108 
9 1 426 1815 2240 2016 917 479 127 108 
9 1 426 1815 2240 2017 917 479 127 108 
9 1 426 1815 2240 2018 917 479 127 108 
9 1 426 1815 2240 2019 917 479 127 108 
9 1 426 1815 2240 2020 917 479 127 108 
9 1 426 1815 2240 2021 917 479 127 108 
9 1 426 1815 2240 2022 917 479 127 108 
9 1 426 1815 2240 2023 917 479 127 108 
9 1 426 1815 2240 2024 917 479 127 108 
9 1 426 1815 2240 2025 917 479 127 108 
9 1 426 1815 2240 2026 917 479 127 108 
9 1 426 1815 2240 2027 917 479 127 108 
9 1 426 1815 2240 2028 917 479 127 108 
9 1 426 1815 2240 2029 917 479 127 108 
9 1 426 1815 2240 2030 917 479 127 108 
9 1 426 1815 2240 2031 917 479 127 108 
9 1 426 1815 2240 2032 917 479 127 108 
9 1 426 1815 2240 2033 917 479 127 108 
9 1 426 1815 2240 2034 917 479 127 108 
9 1 426 1815 2240 2035 917 479 127 108 
9 1 426 1815 2240 2036 917 479 127 108 
9 1 426 1815 2240 2037 917 479 127 108 
9 1 426 1815 2240 2038 917 479 127 108 
9 1 426 1815 2240 2039 917 479 127 108 
9 1 426 1815 2240 2040 917 479 127 108 
9 1 426 1815 2240 2041 917 479 127 108 
9 1 426 1815 2240 2042 917 479 127 108 
9 1 426 1815 2240 2043 917 479 127 108 
9 1 426 1815 2240 2044 917 479 127 108 
9 1 426 1815 2240 2045 917 479 127 108 
9 1 426 1815 2240 2046 917 479 127 108 
9 1 426 1815 2240 2047 917 479 127 108 
9 1 426 1815 2240 2048 917 479 127 108 
9 1 426 1815 2240 2049 917 479 127 108 
9 1 426 1815 2240 2050 917 479 127 108 
9 1 426 1815 2240 2051 917 479 127 108 
9 1 426 1815 2240 2052 917 479 127 108 
9 1 426 1815 2240 2053 917 479 127 108 
9 1 426 1815 2240 2054 917 479 127 108 
9 1 426 1815 2240 2055 917 479 127 108 
9 1 426 1815 2240 2056 917 479 127 108 
9 1 426 1815 2240 2057 917 479 127 108 
9 1 426 1815 2240 2058 917 479 127 108 
9 1 426 1815 2240 2059 917 479 127 108 
9 1 426 1815 2240 2060 917 479 127 108 
9 1 426 1815 2240 2061 917 479 127 108 
9 1 426 1815 2240 2062 917 479 127 108 
9 1 426 1815 2240 2063 917 479 127 108 
9 1 426 1815 2240 2064 917 479 127 108 
9 1 426 1815 2240 2065 917 479 127 108 
9 1 426 1815 2240 2066 917 479 127 108 
9 1 426 1815 2240 2067 917 479 127 108 
9 1 426 1815 2240 2068 917 479 127 108 
9 1 426 1815 2240 2069 917 479 127 108 
9 1 426 1815 2240 2070 917 479 127 108 
9 1 426 1815 2240 2071 917 479 127 108 
9 1 426 1815 2240 2072 917 479 127 108 
9 1 426 1815 2240 2073 917 479 127 108 
9 1 426 1815 2240 2074 917 479 127 108 
9 1 426 1815 2240 2075 917 479 127 108 
9 1 426 1815 2240 2076 917 479 127 108 
9 1 426 1815 2240 2077 917 479 127 108 
9 1 426 1815 2240 2078 917 479 127 108 
9 1 426 1815 2240 2079 917 479 127 108 
9 1 426 1815 2240 2080 917 479 127 108 
9 1 426 1815 2240 2081 917 479 127 108 
9 1 426 1815 2240 2082 917 479 127 108 
9 1 426 1815 2240 2083 917 479 127 108 
9 1 426 1815 2240 2084 917 479 127 108 
9 1 426 1815 2240 2085 917 479 127 108 
9 1 426 1815 2240 2086 917 479 127 108 
9 1 426 1815 2240 2087 917 479 127 108 
9 1 426 1815 2240 2088 917 479 127 108 
9 1 426 1815 2240 2089 917 479 127 108 
9 1 426 1815 2240 2090 917 479 127 108 
9 1 426 1815 2240 2091 917 479 127 108 
9 1 426 1815 2240 2092 917 479 127 108 
9 1 426 1815 2240 2093 917 479 127 108 
9 1 426 1815 2240 2094 917 479 127 108 
9 1 426 1815 2240 2095 917 479 127 108 
9 1 426 1815 2240 2096 917 479 127 108 
9 1 426 1815 2240 2097 917 479 127 108 
9 1 426 1815 2240 2098 917 479 127 108 
9 1 426 1815 2240 2099 917 479 127 108 
9 1 426 1815 2240 2100 917 479 127 108 
9 1 426 1815 2240 2101 917 479 127 108 
9 1 426 1815 2240 2102 917 479 127 108 
9 1 426 1815 2240 2103 917 479 127 108 
9 1 426 1815 2240 2104 917 479 127 108 
9 1 426 1815 2240 2105 917 479 127 108 
9 1 426 1815 2240 2106 917 479 127 108 
9 1 426 1815 2240 2107 917 479 127 108 
9 1 426 1815 2240 2108 917 479 127 108 
9 1 426 1815 2240 2109 917 479 127 108 
9 1 426 1815 2240 2110 917 479 127 108 
9 1 426 1815 2240 2111 917 479 127 108 
9 1 426 1815 2240 2112 917 479 127 108 
9 1 426 1815 2240 2113 917 479 127 108 
9 1 426 1815 2240 2114 917 479 127 108 
9 1 426 1815 2240 2115 917 479 127 108 
9 1 426 1815 2240 2116 917 479 127 108 
9 1 426 1815 2240 2117 917 479 127 108 
9 1 426 1815 2240 2118 917 479 127 108 
9 1 426 1815 2240 2119 917 479 127 108 
9 1 426 1815 2240 2120 917 479 127 108 
9 1 426 1815 2240 2121 917 479 127 108 
9 1 426 1815 2240 2122 917 479 127 108 
9 1 426 1815 2240 2123 917 479 127 108 
9 1 426 1815 2240 2124 917 479 127 108 
9 1 426 1815 2240 2125 917 479 127 108 
9 1 426 1815 2240 2126 917 479 127 108 
9 1 426 1815 2240 2127 917 479 127 108 
9 1 426 1815 2240 2128 917 479 127 108 
9 1 426 1815 2240 2129 917 479 127 108 
9 1 426 1815 2240 2130 917 479 127 108 
9 1 426 1815 2240 2131 917 479 127 108 
9 1 426 1815 2240 2132 917 479 127 108 
9 1 426 1815 2240 2133 917 479 127 108 
9 1 426 1815 2240 2134 917 479 127 108 
9 1 426 1815 2240 2135 917 479 127 108 
9 1 426 1815 2240 2136 917 479 127 108 
9 1 426 1815 2240 2137 917 479 127 108 
9 1 426 1815 2240 2138 917 479 127 108 
9 1 426 1815 2240 2139 917 479 127 108 
9 1 426 1815 2240 2140 917 479 127 108 
9 1 426 1815 2240 2141 917 479 127 108 
9 1 426 1815 2240 2142 917 479 127 108 
9 1 426 1815 2240 2143 917 479 127 108 
9 1 426 1815 2240 2144 917 479 127 108 
9 1 426 1815 2240 2145 917 479 127 108 
9 1 426 1815 2240 2146 917 479 127 108 
9 1 426 1815 2240 2147 917 479 127 108 
9 1 426 1815 2240 2148 917 479 127 108 
9 1 426 1815 2240 2149 917 479 127 108 
9 1 426 1815 2240 2150 917 479 127 108 
9 1 426 1815 2240 2151 917 479 127 108 
9 1 426 1815 2240 2152 917 479 127 108 
9 1 426 1815 2240 2153 917 479 127 108 
9 1 426 1815 2240 2154 917 479 127 108 
9 1 426 1815 2240 2155 917 479 127 108 
9 1 426 1815 2240 2156 917 479 127 108 
9 1 426 1815 2240 2157 917 479 127 108 
9 1 426 1815 2240 2158 917 479 127 108 
9 1 426 1815 2240 2159 917 479 127 108 
9 1 426 1815 2240 2160 917 479 127 108 
9 1 426 1815 2240 2161 917 479 127 108 
9 1 426 1815 2240 2162 917 479 127 108 
9 1 426 1815 2240 2163 917 479 127 108 
9 1 426 1815 2240 2164 917 479 127 108 
9 1 426 1815 2240 2165 917 479 127 108 
9 1 426 1815 2240 2166 917 479 127 108 
9 1 426 1815 2240 2167 917 479 127 108 
9 1 426 1815 2240 2168 917 479 127 108 
9 1 426 1815 2240 2169 917 479 127 108 
9 1 426 1815 2240 2170 917 479 127 108 
9 1 426 1815 2240 2171 917 479 127 108 
9 1 426 1815 2240 2172 917 479 127 108 
9 1 426 1815 2240 2173 917 479 127 108 
9 1 426 1815 2240 2174 917 479 127 108 
9 1 426 1815 2240 2175 917 479 127 108 
9 1 426 1815 2240 2176 917 479 127 108 
9 1 426 1815 2240 2177 917 479 127 108 
9 1 426 1815 2240 2178 917 479 127 108 
9 1 426 1815 2240 2179 917 479 127 108 
9 1 426 1815 2240 2180 917 479 127 108 
9 1 426 1815 2240 2181 917 479 127 108 
9 1 426 1815 2240 2182 917 479 127 108 
9 1 426 1815 2240 2183 917 479 127 108 
9 1 426 1815 2240 2184 917 479 127 108 
9 1 426 1815 2240 2185 917 479 127 108 
9 1 426 1815 2240 2186 917 479 127 108 
9 1 426 1815 2240 2187 917 479 127 108 
9 1 426 1815 2240 2188 917 479 127 108 
9 1 426 1815 2240 2189 917 479 127 108 
9 1 426 1815 2240 2190 917 479 127 108 
9 1 426 1815 2240 2191 917 479 127 108 
9 1 426 1815 2240 2192 917 479 127 108 
9 1 426 1815 2240 2193 917 479 127 108 
9 1 426 1815 2240 2194 917 479 127 108 
9 1 426 1815 2240 2195 917 479 127 108 
9 1 426 1815 2240 2196 917 479 127 108 
9 1 426 1815 2240 2197 917 479 127 108 
9 1 426 1815 2240 2198 917 479 127 108 
9 1 426 1815 2240 2199 917 479 127 108 
9 1 426 1815 2240 2200 917 479 127 108 
9 1 426 1815 2240 2201 917 479 127 108 
9 1 426 1815 2240 2202 917 479 127 108 
9 1 426 1815 2240 2203 917 479 127 108 
9 1 426 1815 2240 2204 917 479 127 108 
9 1 426 1815 2240 2205 917 479 127 108 
9 1 426 1815 2240 2206 917 479 127 108 
9 1 426 1815 2240 2207 917 479 127 108 
9 1 426 1815 2240 2208 917 479 127 108 
9 1 426 1815 2240 2209 917 479 127 108 
9 1 426 1815 2240 2210 917 479 127 108 
9 1 426 1815 2240 2211 917 479 127 108 
9 1 426 1815 2240 2212 917 479 127 108 
9 1 426 1815 2240 2213 917 479 127 108 
9 1 426 1815 2240 2214 917 479 127 108 
9 1 426 1815 2240 2215 917 479 127 108 
9 1 426 1815 2240 2216 917 479 127 108 
9 1 426 1815 2240 2217 917 479 127 108 
9 1 426 1815 2240 2218 917 479 127 108 
9 1 426 1815 2240 2219 917 479 127 108 
9 1 426 1815 2240 2220 917 479 127 108 
9 1 426 1815 2240 2221 917 479 127 108 
9 1 426 1815 2240 2222 917 479 127 108 
9 1 426 1815 2240 2223 917 479 127 108 
9 1 426 1815 2240 2224 917 479 127 108 
9 1 426 1815 2240 2225 917 479 127 108 
9 1 426 1815 2240 2226 917 479 127 108 
9 1 426 1815 2240 2227 917 479 127 108 
9 1 426 1815 2240 2228 917 479 127 108 
9 1 426 1815 2240 2229 917 479 127 108 
9 1 426 1815 2240 2230 917 479 127 108 
9 1 426 1815 2240 2231 917 479 127 108 
9 1 426 1815 2240 2232 917 479 127 108 
9 1 426 1815 2240 2233 917 479 127 108 
9 1 426 1815 2240 2234 917 479 127 108 
9 1 426 1815 2240 2235 917 479 127 108 
9 1 426 1815 2240 2236 917 479 127 108 
9 1 426 1815 2240 2237 917 479 127 108 
9 1 426 1815 2240 2238 917 479 127 108 
9 1 426 1815 2240 2239 917 479 127 108 
9 1 426 1815 2240 2240 917 479 127 108 
