13 6 204 1060 1263 1060 925 479 104 105 
13 6 204 1060 1263 1061 925 479 104 105 
13 6 204 1060 1263 1062 925 479 104 105 
13 6 204 1060 1263 1063 925 479 104 105 
13 6 204 1060 1263 1064 925 479 104 105 
13 6 204 1060 1263 1065 925 479 104 105 
13 6 204 1060 1263 1066 925 479 104 105 
13 6 204 1060 1263 1067 925 479 104 105 
13 6 204 1060 1263 1068 925 479 104 105 
13 6 204 1060 1263 1069 925 479 104 105 
13 6 204 1060 1263 1070 925 479 104 105 
13 6 204 1060 1263 1071 925 479 104 105 
13 6 204 1060 1263 1072 925 479 104 105 
13 6 204 1060 1263 1073 925 479 104 105 
13 6 204 1060 1263 1074 925 479 104 105 
13 6 204 1060 1263 1075 925 479 104 105 
13 6 204 1060 1263 1076 925 479 104 105 
13 6 204 1060 1263 1077 925 479 104 105 
13 6 204 1060 1263 1078 925 479 104 105 
13 6 204 1060 1263 1079 925 479 104 105 
13 6 204 1060 1263 1080 925 479 104 105 
13 6 204 1060 1263 1081 925 479 104 105 
13 6 204 1060 1263 1082 925 479 104 105 
13 6 204 1060 1263 1083 925 479 104 105 
13 6 204 1060 1263 1084 925 479 104 105 
13 6 204 1060 1263 1085 925 479 104 105 
13 6 204 1060 1263 1086 925 479 104 105 
13 6 204 1060 1263 1087 925 479 104 105 
13 6 204 1060 1263 1088 925 479 104 105 
13 6 204 1060 1263 1089 925 479 104 105 
13 6 204 1060 1263 1090 925 479 104 105 
13 6 204 1060 1263 1091 925 479 104 105 
13 6 204 1060 1263 1092 925 479 104 105 
13 6 204 1060 1263 1093 925 479 104 105 
13 6 204 1060 1263 1094 925 479 104 105 
13 6 204 1060 1263 1095 925 479 104 105 
13 6 204 1060 1263 1096 925 479 104 105 
13 6 204 1060 1263 1097 925 479 104 105 
13 6 204 1060 1263 1098 925 479 104 105 
13 6 204 1060 1263 1099 925 479 104 105 
13 6 204 1060 1263 1100 925 479 104 105 
13 6 204 1060 1263 1101 925 479 104 105 
13 6 204 1060 1263 1102 925 479 104 105 
13 6 204 1060 1263 1103 925 479 104 105 
13 6 204 1060 1263 1104 925 479 104 105 
13 6 204 1060 1263 1105 925 479 104 105 
13 6 204 1060 1263 1106 925 479 104 105 
13 6 204 1060 1263 1107 925 479 104 105 
13 6 204 1060 1263 1108 925 479 104 105 
13 6 204 1060 1263 1109 925 479 104 105 
13 6 204 1060 1263 1110 925 479 104 105 
13 6 204 1060 1263 1111 925 479 104 105 
13 6 204 1060 1263 1112 925 479 104 105 
13 6 204 1060 1263 1113 925 479 104 105 
13 6 204 1060 1263 1114 925 479 104 105 
13 6 204 1060 1263 1115 925 479 104 105 
13 6 204 1060 1263 1116 925 479 104 105 
13 6 204 1060 1263 1117 925 479 104 105 
13 6 204 1060 1263 1118 925 479 104 105 
13 6 204 1060 1263 1119 925 479 104 105 
13 6 204 1060 1263 1120 925 479 104 105 
13 6 204 1060 1263 1121 925 479 104 105 
13 6 204 1060 1263 1122 925 479 104 105 
13 6 204 1060 1263 1123 925 479 104 105 
13 6 204 1060 1263 1124 925 479 104 105 
13 6 204 1060 1263 1125 925 479 104 105 
13 6 204 1060 1263 1126 925 479 104 105 
13 6 204 1060 1263 1127 925 479 104 105 
13 6 204 1060 1263 1128 925 479 104 105 
13 6 204 1060 1263 1129 925 479 104 105 
13 6 204 1060 1263 1130 925 479 104 105 
13 6 204 1060 1263 1131 925 479 104 105 
13 6 204 1060 1263 1132 925 479 104 105 
13 6 204 1060 1263 1133 925 479 104 105 
13 6 204 1060 1263 1134 925 479 104 105 
13 6 204 1060 1263 1135 925 479 104 105 
13 6 204 1060 1263 1136 925 479 104 105 
13 6 204 1060 1263 1137 925 479 104 105 
13 6 204 1060 1263 1138 925 479 104 105 
13 6 204 1060 1263 1139 925 479 104 105 
13 6 204 1060 1263 1140 925 479 104 105 
13 6 204 1060 1263 1141 925 479 104 105 
13 6 204 1060 1263 1142 925 479 104 105 
13 6 204 1060 1263 1143 925 479 104 105 
13 6 204 1060 1263 1144 925 479 104 105 
13 6 204 1060 1263 1145 925 479 104 105 
13 6 204 1060 1263 1146 925 479 104 105 
13 6 204 1060 1263 1147 925 479 104 105 
13 6 204 1060 1263 1148 925 479 104 105 
13 6 204 1060 1263 1149 925 479 104 105 
13 6 204 1060 1263 1150 925 479 104 105 
13 6 204 1060 1263 1151 925 479 104 105 
13 6 204 1060 1263 1152 925 479 104 105 
13 6 204 1060 1263 1153 925 479 104 105 
13 6 204 1060 1263 1154 925 479 104 105 
13 6 204 1060 1263 1155 925 479 104 105 
13 6 204 1060 1263 1156 925 479 104 105 
13 6 204 1060 1263 1157 925 479 104 105 
13 6 204 1060 1263 1158 925 479 104 105 
13 6 204 1060 1263 1159 925 479 104 105 
13 6 204 1060 1263 1160 925 479 104 105 
13 6 204 1060 1263 1161 925 479 104 105 
13 6 204 1060 1263 1162 925 479 104 105 
13 6 204 1060 1263 1163 925 479 104 105 
13 6 204 1060 1263 1164 925 479 104 105 
13 6 204 1060 1263 1165 925 479 104 105 
13 6 204 1060 1263 1166 925 479 104 105 
13 6 204 1060 1263 1167 925 479 104 105 
13 6 204 1060 1263 1168 925 479 104 105 
13 6 204 1060 1263 1169 925 479 104 105 
13 6 204 1060 1263 1170 925 479 104 105 
13 6 204 1060 1263 1171 925 479 104 105 
13 6 204 1060 1263 1172 925 479 104 105 
13 6 204 1060 1263 1173 925 479 104 105 
13 6 204 1060 1263 1174 925 479 104 105 
13 6 204 1060 1263 1175 925 479 104 105 
13 6 204 1060 1263 1176 925 479 104 105 
13 6 204 1060 1263 1177 925 479 104 105 
13 6 204 1060 1263 1178 925 479 104 105 
13 6 204 1060 1263 1179 925 479 104 105 
13 6 204 1060 1263 1180 925 479 104 105 
13 6 204 1060 1263 1181 925 479 104 105 
13 6 204 1060 1263 1182 925 479 104 105 
13 6 204 1060 1263 1183 925 479 104 105 
13 6 204 1060 1263 1184 925 479 104 105 
13 6 204 1060 1263 1185 925 479 104 105 
13 6 204 1060 1263 1186 925 479 104 105 
13 6 204 1060 1263 1187 925 479 104 105 
13 6 204 1060 1263 1188 925 479 104 105 
13 6 204 1060 1263 1189 925 479 104 105 
13 6 204 1060 1263 1190 925 479 104 105 
13 6 204 1060 1263 1191 925 479 104 105 
13 6 204 1060 1263 1192 925 479 104 105 
13 6 204 1060 1263 1193 925 479 104 105 
13 6 204 1060 1263 1194 925 479 104 105 
13 6 204 1060 1263 1195 925 479 104 105 
13 6 204 1060 1263 1196 925 479 104 105 
13 6 204 1060 1263 1197 925 479 104 105 
13 6 204 1060 1263 1198 925 479 104 105 
13 6 204 1060 1263 1199 925 479 104 105 
13 6 204 1060 1263 1200 925 479 104 105 
13 6 204 1060 1263 1201 925 479 104 105 
13 6 204 1060 1263 1202 925 479 104 105 
13 6 204 1060 1263 1203 925 479 104 105 
13 6 204 1060 1263 1204 925 479 104 105 
13 6 204 1060 1263 1205 925 479 104 105 
13 6 204 1060 1263 1206 925 479 104 105 
13 6 204 1060 1263 1207 925 479 104 105 
13 6 204 1060 1263 1208 925 479 104 105 
13 6 204 1060 1263 1209 925 479 104 105 
13 6 204 1060 1263 1210 925 479 104 105 
13 6 204 1060 1263 1211 925 479 104 105 
13 6 204 1060 1263 1212 925 479 104 105 
13 6 204 1060 1263 1213 925 479 104 105 
13 6 204 1060 1263 1214 925 479 104 105 
13 6 204 1060 1263 1215 925 479 104 105 
13 6 204 1060 1263 1216 925 479 104 105 
13 6 204 1060 1263 1217 925 479 104 105 
13 6 204 1060 1263 1218 925 479 104 105 
13 6 204 1060 1263 1219 925 479 104 105 
13 6 204 1060 1263 1220 925 479 104 105 
13 6 204 1060 1263 1221 925 479 104 105 
13 6 204 1060 1263 1222 925 479 104 105 
13 6 204 1060 1263 1223 925 479 104 105 
13 6 204 1060 1263 1224 925 479 104 105 
13 6 204 1060 1263 1225 925 479 104 105 
13 6 204 1060 1263 1226 925 479 104 105 
13 6 204 1060 1263 1227 925 479 104 105 
13 6 204 1060 1263 1228 925 479 104 105 
13 6 204 1060 1263 1229 925 479 104 105 
13 6 204 1060 1263 1230 925 479 104 105 
13 6 204 1060 1263 1231 925 479 104 105 
13 6 204 1060 1263 1232 925 479 104 105 
13 6 204 1060 1263 1233 925 479 104 105 
13 6 204 1060 1263 1234 925 479 104 105 
13 6 204 1060 1263 1235 925 479 104 105 
13 6 204 1060 1263 1236 925 479 104 105 
13 6 204 1060 1263 1237 925 479 104 105 
13 6 204 1060 1263 1238 925 479 104 105 
13 6 204 1060 1263 1239 925 479 104 105 
13 6 204 1060 1263 1240 925 479 104 105 
13 6 204 1060 1263 1241 925 479 104 105 
13 6 204 1060 1263 1242 925 479 104 105 
13 6 204 1060 1263 1243 925 479 104 105 
13 6 204 1060 1263 1244 925 479 104 105 
13 6 204 1060 1263 1245 925 479 104 105 
13 6 204 1060 1263 1246 925 479 104 105 
13 6 204 1060 1263 1247 925 479 104 105 
13 6 204 1060 1263 1248 925 479 104 105 
13 6 204 1060 1263 1249 925 479 104 105 
13 6 204 1060 1263 1250 925 479 104 105 
13 6 204 1060 1263 1251 925 479 104 105 
13 6 204 1060 1263 1252 925 479 104 105 
13 6 204 1060 1263 1253 925 479 104 105 
13 6 204 1060 1263 1254 925 479 104 105 
13 6 204 1060 1263 1255 925 479 104 105 
13 6 204 1060 1263 1256 925 479 104 105 
13 6 204 1060 1263 1257 925 479 104 105 
13 6 204 1060 1263 1258 925 479 104 105 
13 6 204 1060 1263 1259 925 479 104 105 
13 6 204 1060 1263 1260 925 479 104 105 
13 6 204 1060 1263 1261 925 479 104 105 
13 6 204 1060 1263 1262 925 479 104 105 
13 6 204 1060 1263 1263 925 479 104 105 
14 2 182 1275 1456 1275 914 481 110 105 
14 2 182 1275 1456 1276 914 481 110 105 
14 2 182 1275 1456 1277 914 481 110 105 
14 2 182 1275 1456 1278 914 481 110 105 
14 2 182 1275 1456 1279 914 481 110 105 
14 2 182 1275 1456 1280 914 481 110 105 
14 2 182 1275 1456 1281 914 481 110 105 
14 2 182 1275 1456 1282 914 481 110 105 
14 2 182 1275 1456 1283 914 481 110 105 
14 2 182 1275 1456 1284 914 481 110 105 
14 2 182 1275 1456 1285 914 481 110 105 
14 2 182 1275 1456 1286 914 481 110 105 
14 2 182 1275 1456 1287 914 481 110 105 
14 2 182 1275 1456 1288 914 481 110 105 
14 2 182 1275 1456 1289 914 481 110 105 
14 2 182 1275 1456 1290 914 481 110 105 
14 2 182 1275 1456 1291 914 481 110 105 
14 2 182 1275 1456 1292 914 481 110 105 
14 2 182 1275 1456 1293 914 481 110 105 
14 2 182 1275 1456 1294 914 481 110 105 
14 2 182 1275 1456 1295 914 481 110 105 
14 2 182 1275 1456 1296 914 481 110 105 
14 2 182 1275 1456 1297 914 481 110 105 
14 2 182 1275 1456 1298 914 481 110 105 
14 2 182 1275 1456 1299 914 481 110 105 
14 2 182 1275 1456 1300 914 481 110 105 
14 2 182 1275 1456 1301 914 481 110 105 
14 2 182 1275 1456 1302 914 481 110 105 
14 2 182 1275 1456 1303 914 481 110 105 
14 2 182 1275 1456 1304 914 481 110 105 
14 2 182 1275 1456 1305 914 481 110 105 
14 2 182 1275 1456 1306 914 481 110 105 
14 2 182 1275 1456 1307 914 481 110 105 
14 2 182 1275 1456 1308 914 481 110 105 
14 2 182 1275 1456 1309 914 481 110 105 
14 2 182 1275 1456 1310 914 481 110 105 
14 2 182 1275 1456 1311 914 481 110 105 
14 2 182 1275 1456 1312 914 481 110 105 
14 2 182 1275 1456 1313 914 481 110 105 
14 2 182 1275 1456 1314 914 481 110 105 
14 2 182 1275 1456 1315 914 481 110 105 
14 2 182 1275 1456 1316 914 481 110 105 
14 2 182 1275 1456 1317 914 481 110 105 
14 2 182 1275 1456 1318 914 481 110 105 
14 2 182 1275 1456 1319 914 481 110 105 
14 2 182 1275 1456 1320 914 481 110 105 
14 2 182 1275 1456 1321 914 481 110 105 
14 2 182 1275 1456 1322 914 481 110 105 
14 2 182 1275 1456 1323 914 481 110 105 
14 2 182 1275 1456 1324 914 481 110 105 
14 2 182 1275 1456 1325 914 481 110 105 
14 2 182 1275 1456 1326 914 481 110 105 
14 2 182 1275 1456 1327 914 481 110 105 
14 2 182 1275 1456 1328 914 481 110 105 
14 2 182 1275 1456 1329 914 481 110 105 
14 2 182 1275 1456 1330 914 481 110 105 
14 2 182 1275 1456 1331 914 481 110 105 
14 2 182 1275 1456 1332 914 481 110 105 
14 2 182 1275 1456 1333 914 481 110 105 
14 2 182 1275 1456 1334 914 481 110 105 
14 2 182 1275 1456 1335 914 481 110 105 
14 2 182 1275 1456 1336 914 481 110 105 
14 2 182 1275 1456 1337 914 481 110 105 
14 2 182 1275 1456 1338 914 481 110 105 
14 2 182 1275 1456 1339 914 481 110 105 
14 2 182 1275 1456 1340 914 481 110 105 
14 2 182 1275 1456 1341 914 481 110 105 
14 2 182 1275 1456 1342 914 481 110 105 
14 2 182 1275 1456 1343 914 481 110 105 
14 2 182 1275 1456 1344 914 481 110 105 
14 2 182 1275 1456 1345 914 481 110 105 
14 2 182 1275 1456 1346 914 481 110 105 
14 2 182 1275 1456 1347 914 481 110 105 
14 2 182 1275 1456 1348 914 481 110 105 
14 2 182 1275 1456 1349 914 481 110 105 
14 2 182 1275 1456 1350 914 481 110 105 
14 2 182 1275 1456 1351 914 481 110 105 
14 2 182 1275 1456 1352 914 481 110 105 
14 2 182 1275 1456 1353 914 481 110 105 
14 2 182 1275 1456 1354 914 481 110 105 
14 2 182 1275 1456 1355 914 481 110 105 
14 2 182 1275 1456 1356 914 481 110 105 
14 2 182 1275 1456 1357 914 481 110 105 
14 2 182 1275 1456 1358 914 481 110 105 
14 2 182 1275 1456 1359 914 481 110 105 
14 2 182 1275 1456 1360 914 481 110 105 
14 2 182 1275 1456 1361 914 481 110 105 
14 2 182 1275 1456 1362 914 481 110 105 
14 2 182 1275 1456 1363 914 481 110 105 
14 2 182 1275 1456 1364 914 481 110 105 
14 2 182 1275 1456 1365 914 481 110 105 
14 2 182 1275 1456 1366 914 481 110 105 
14 2 182 1275 1456 1367 914 481 110 105 
14 2 182 1275 1456 1368 914 481 110 105 
14 2 182 1275 1456 1369 914 481 110 105 
14 2 182 1275 1456 1370 914 481 110 105 
14 2 182 1275 1456 1371 914 481 110 105 
14 2 182 1275 1456 1372 914 481 110 105 
14 2 182 1275 1456 1373 914 481 110 105 
14 2 182 1275 1456 1374 914 481 110 105 
14 2 182 1275 1456 1375 914 481 110 105 
14 2 182 1275 1456 1376 914 481 110 105 
14 2 182 1275 1456 1377 914 481 110 105 
14 2 182 1275 1456 1378 914 481 110 105 
14 2 182 1275 1456 1379 914 481 110 105 
14 2 182 1275 1456 1380 914 481 110 105 
14 2 182 1275 1456 1381 914 481 110 105 
14 2 182 1275 1456 1382 914 481 110 105 
14 2 182 1275 1456 1383 914 481 110 105 
14 2 182 1275 1456 1384 914 481 110 105 
14 2 182 1275 1456 1385 914 481 110 105 
14 2 182 1275 1456 1386 914 481 110 105 
14 2 182 1275 1456 1387 914 481 110 105 
14 2 182 1275 1456 1388 914 481 110 105 
14 2 182 1275 1456 1389 914 481 110 105 
14 2 182 1275 1456 1390 914 481 110 105 
14 2 182 1275 1456 1391 914 481 110 105 
14 2 182 1275 1456 1392 914 481 110 105 
14 2 182 1275 1456 1393 914 481 110 105 
14 2 182 1275 1456 1394 914 481 110 105 
14 2 182 1275 1456 1395 914 481 110 105 
14 2 182 1275 1456 1396 914 481 110 105 
14 2 182 1275 1456 1397 914 481 110 105 
14 2 182 1275 1456 1398 914 481 110 105 
14 2 182 1275 1456 1399 914 481 110 105 
14 2 182 1275 1456 1400 914 481 110 105 
14 2 182 1275 1456 1401 914 481 110 105 
14 2 182 1275 1456 1402 914 481 110 105 
14 2 182 1275 1456 1403 914 481 110 105 
14 2 182 1275 1456 1404 914 481 110 105 
14 2 182 1275 1456 1405 914 481 110 105 
14 2 182 1275 1456 1406 914 481 110 105 
14 2 182 1275 1456 1407 914 481 110 105 
14 2 182 1275 1456 1408 914 481 110 105 
14 2 182 1275 1456 1409 914 481 110 105 
14 2 182 1275 1456 1410 914 481 110 105 
14 2 182 1275 1456 1411 914 481 110 105 
14 2 182 1275 1456 1412 914 481 110 105 
14 2 182 1275 1456 1413 914 481 110 105 
14 2 182 1275 1456 1414 914 481 110 105 
14 2 182 1275 1456 1415 914 481 110 105 
14 2 182 1275 1456 1416 914 481 110 105 
14 2 182 1275 1456 1417 914 481 110 105 
14 2 182 1275 1456 1418 914 481 110 105 
14 2 182 1275 1456 1419 914 481 110 105 
14 2 182 1275 1456 1420 914 481 110 105 
14 2 182 1275 1456 1421 914 481 110 105 
14 2 182 1275 1456 1422 914 481 110 105 
14 2 182 1275 1456 1423 914 481 110 105 
14 2 182 1275 1456 1424 914 481 110 105 
14 2 182 1275 1456 1425 914 481 110 105 
14 2 182 1275 1456 1426 914 481 110 105 
14 2 182 1275 1456 1427 914 481 110 105 
14 2 182 1275 1456 1428 914 481 110 105 
14 2 182 1275 1456 1429 914 481 110 105 
14 2 182 1275 1456 1430 914 481 110 105 
14 2 182 1275 1456 1431 914 481 110 105 
14 2 182 1275 1456 1432 914 481 110 105 
14 2 182 1275 1456 1433 914 481 110 105 
14 2 182 1275 1456 1434 914 481 110 105 
14 2 182 1275 1456 1435 914 481 110 105 
14 2 182 1275 1456 1436 914 481 110 105 
14 2 182 1275 1456 1437 914 481 110 105 
14 2 182 1275 1456 1438 914 481 110 105 
14 2 182 1275 1456 1439 914 481 110 105 
14 2 182 1275 1456 1440 914 481 110 105 
14 2 182 1275 1456 1441 914 481 110 105 
14 2 182 1275 1456 1442 914 481 110 105 
14 2 182 1275 1456 1443 914 481 110 105 
14 2 182 1275 1456 1444 914 481 110 105 
14 2 182 1275 1456 1445 914 481 110 105 
14 2 182 1275 1456 1446 914 481 110 105 
14 2 182 1275 1456 1447 914 481 110 105 
14 2 182 1275 1456 1448 914 481 110 105 
14 2 182 1275 1456 1449 914 481 110 105 
14 2 182 1275 1456 1450 914 481 110 105 
14 2 182 1275 1456 1451 914 481 110 105 
14 2 182 1275 1456 1452 914 481 110 105 
14 2 182 1275 1456 1453 914 481 110 105 
14 2 182 1275 1456 1454 914 481 110 105 
14 2 182 1275 1456 1455 914 481 110 105 
14 2 182 1275 1456 1456 914 481 110 105 
15 9 720 1453 2172 1453 944 487 64 99 
15 9 720 1453 2172 1454 944 487 64 99 
15 9 720 1453 2172 1455 944 487 64 99 
15 9 720 1453 2172 1456 944 487 64 99 
15 9 720 1453 2172 1457 944 487 64 99 
15 9 720 1453 2172 1458 944 487 64 99 
15 9 720 1453 2172 1459 944 487 64 99 
15 9 720 1453 2172 1460 946 487 64 99 
15 9 720 1453 2172 1461 946 487 64 99 
15 9 720 1453 2172 1462 946 487 64 99 
15 9 720 1453 2172 1463 946 487 64 99 
15 9 720 1453 2172 1464 946 487 64 99 
15 9 720 1453 2172 1465 946 487 64 99 
15 9 720 1453 2172 1466 946 487 64 99 
15 9 720 1453 2172 1467 946 487 64 99 
15 9 720 1453 2172 1468 946 487 64 99 
15 9 720 1453 2172 1469 946 487 64 99 
15 9 720 1453 2172 1470 949 487 64 99 
15 9 720 1453 2172 1471 949 487 64 99 
15 9 720 1453 2172 1472 949 487 64 99 
15 9 720 1453 2172 1473 949 487 64 99 
15 9 720 1453 2172 1474 949 487 64 99 
15 9 720 1453 2172 1475 949 487 64 99 
15 9 720 1453 2172 1476 949 487 64 99 
15 9 720 1453 2172 1477 949 487 64 99 
15 9 720 1453 2172 1478 949 487 64 99 
15 9 720 1453 2172 1479 949 487 64 99 
15 9 720 1453 2172 1480 949 487 64 99 
15 9 720 1453 2172 1481 949 487 64 99 
15 9 720 1453 2172 1482 949 487 64 99 
15 9 720 1453 2172 1483 949 487 64 99 
15 9 720 1453 2172 1484 949 487 64 99 
15 9 720 1453 2172 1485 949 487 64 99 
15 9 720 1453 2172 1486 949 487 64 99 
15 9 720 1453 2172 1487 949 487 64 99 
15 9 720 1453 2172 1488 949 487 64 99 
15 9 720 1453 2172 1489 949 487 64 99 
15 9 720 1453 2172 1490 949 487 64 99 
15 9 720 1453 2172 1491 949 487 64 99 
15 9 720 1453 2172 1492 949 487 64 99 
15 9 720 1453 2172 1493 949 487 64 99 
15 9 720 1453 2172 1494 949 487 64 99 
15 9 720 1453 2172 1495 949 487 64 99 
15 9 720 1453 2172 1496 949 487 64 99 
15 9 720 1453 2172 1497 949 487 64 99 
15 9 720 1453 2172 1498 949 487 64 99 
15 9 720 1453 2172 1499 949 487 64 99 
15 9 720 1453 2172 1500 949 487 64 99 
15 9 720 1453 2172 1501 946 487 64 99 
15 9 720 1453 2172 1502 946 487 64 99 
15 9 720 1453 2172 1503 946 487 64 99 
15 9 720 1453 2172 1504 946 487 64 99 
15 9 720 1453 2172 1505 946 487 64 99 
15 9 720 1453 2172 1506 946 487 64 99 
15 9 720 1453 2172 1507 946 487 64 99 
15 9 720 1453 2172 1508 946 487 64 99 
15 9 720 1453 2172 1509 946 487 64 99 
15 9 720 1453 2172 1510 943 487 68 99 
15 9 720 1453 2172 1511 943 487 68 99 
15 9 720 1453 2172 1512 944 487 64 99 
15 9 720 1453 2172 1513 944 487 64 99 
15 9 720 1453 2172 1514 944 487 64 99 
15 9 720 1453 2172 1515 944 487 64 99 
15 9 720 1453 2172 1516 944 487 64 99 
15 9 720 1453 2172 1517 944 487 64 99 
15 9 720 1453 2172 1518 944 487 64 99 
15 9 720 1453 2172 1519 944 487 64 99 
15 9 720 1453 2172 1520 939 487 70 99 
15 9 720 1453 2172 1521 939 487 70 99 
15 9 720 1453 2172 1522 939 487 70 99 
15 9 720 1453 2172 1523 941 487 64 99 
15 9 720 1453 2172 1524 941 487 64 99 
15 9 720 1453 2172 1525 941 487 64 99 
15 9 720 1453 2172 1526 941 487 64 99 
15 9 720 1453 2172 1527 941 487 64 99 
15 9 720 1453 2172 1528 941 487 64 99 
15 9 720 1453 2172 1529 936 487 70 99 
15 9 720 1453 2172 1530 936 487 70 99 
15 9 720 1453 2172 1531 936 487 70 99 
15 9 720 1453 2172 1532 936 487 70 99 
15 9 720 1453 2172 1533 936 487 70 99 
15 9 720 1453 2172 1534 936 487 70 99 
15 9 720 1453 2172 1535 938 487 64 99 
15 9 720 1453 2172 1536 938 487 64 99 
15 9 720 1453 2172 1537 938 487 64 99 
15 9 720 1453 2172 1538 938 487 64 99 
15 9 720 1453 2172 1539 935 487 68 99 
15 9 720 1453 2172 1540 935 487 68 99 
15 9 720 1453 2172 1541 935 487 68 99 
15 9 720 1453 2172 1542 935 487 68 99 
15 9 720 1453 2172 1543 935 487 68 99 
15 9 720 1453 2172 1544 935 487 68 99 
15 9 720 1453 2172 1545 935 487 68 99 
15 9 720 1453 2172 1546 936 487 64 99 
15 9 720 1453 2172 1547 936 487 64 99 
15 9 720 1453 2172 1548 931 487 70 99 
15 9 720 1453 2172 1549 931 487 70 99 
15 9 720 1453 2172 1550 931 487 70 99 
15 9 720 1453 2172 1551 931 487 70 99 
15 9 720 1453 2172 1552 931 487 70 99 
15 9 720 1453 2172 1553 931 487 70 99 
15 9 720 1453 2172 1554 931 487 70 99 
15 9 720 1453 2172 1555 931 487 70 99 
15 9 720 1453 2172 1556 931 487 70 99 
15 9 720 1453 2172 1557 931 486 70 103 
15 9 720 1453 2172 1558 928 486 70 103 
15 9 720 1453 2172 1559 928 486 70 103 
15 9 720 1453 2172 1560 927 486 68 103 
15 9 720 1453 2172 1561 927 486 68 103 
15 9 720 1453 2172 1562 923 486 70 103 
15 9 720 1453 2172 1563 923 486 70 103 
15 9 720 1453 2172 1564 923 486 70 103 
15 9 720 1453 2172 1565 920 486 70 103 
15 9 720 1453 2172 1566 920 486 70 103 
15 9 720 1453 2172 1567 919 486 68 103 
15 9 720 1453 2172 1568 919 486 68 103 
15 9 720 1453 2172 1569 919 486 68 103 
15 9 720 1453 2172 1570 915 486 70 103 
15 9 720 1453 2172 1571 915 486 70 103 
15 9 720 1453 2172 1572 912 486 70 103 
15 9 720 1453 2172 1573 912 488 70 105 
15 9 720 1453 2172 1574 911 488 68 105 
15 9 720 1453 2172 1575 911 488 68 105 
15 9 720 1453 2172 1576 911 488 68 105 
15 9 720 1453 2172 1577 907 488 70 105 
15 9 720 1453 2172 1578 907 488 70 105 
15 9 720 1453 2172 1579 904 488 70 105 
15 9 720 1453 2172 1580 904 488 70 105 
15 9 720 1453 2172 1581 904 488 70 105 
15 9 720 1453 2172 1582 903 488 68 105 
15 9 720 1453 2172 1583 903 488 68 105 
15 9 720 1453 2172 1584 899 488 70 105 
15 9 720 1453 2172 1585 899 488 70 105 
15 9 720 1453 2172 1586 896 488 70 105 
15 9 720 1453 2172 1587 896 488 70 105 
15 9 720 1453 2172 1588 896 488 70 105 
15 9 720 1453 2172 1589 895 491 68 103 
15 9 720 1453 2172 1590 895 491 68 103 
15 9 720 1453 2172 1591 891 491 70 103 
15 9 720 1453 2172 1592 891 491 70 103 
15 9 720 1453 2172 1593 891 491 70 103 
15 9 720 1453 2172 1594 888 491 70 103 
15 9 720 1453 2172 1595 888 491 70 103 
15 9 720 1453 2172 1596 887 491 68 103 
15 9 720 1453 2172 1597 887 491 68 103 
15 9 720 1453 2172 1598 883 491 70 103 
15 9 720 1453 2172 1599 883 491 70 103 
15 9 720 1453 2172 1600 883 491 70 103 
15 9 720 1453 2172 1601 880 491 70 103 
15 9 720 1453 2172 1602 880 491 70 103 
15 9 720 1453 2172 1603 879 491 68 103 
15 9 720 1453 2172 1604 879 491 68 103 
15 9 720 1453 2172 1605 879 494 68 103 
15 9 720 1453 2172 1606 875 494 70 103 
15 9 720 1453 2172 1607 875 494 70 103 
15 9 720 1453 2172 1608 872 494 70 103 
15 9 720 1453 2172 1609 872 494 70 103 
15 9 720 1453 2172 1610 871 494 68 103 
15 9 720 1453 2172 1611 871 494 68 103 
15 9 720 1453 2172 1612 867 494 70 103 
15 9 720 1453 2172 1613 867 494 70 103 
15 9 720 1453 2172 1614 864 494 70 103 
15 9 720 1453 2172 1615 864 494 70 103 
15 9 720 1453 2172 1616 863 494 68 103 
15 9 720 1453 2172 1617 863 494 68 103 
15 9 720 1453 2172 1618 859 494 70 103 
15 9 720 1453 2172 1619 859 494 70 103 
15 9 720 1453 2172 1620 856 494 70 103 
15 9 720 1453 2172 1621 856 494 70 103 
15 9 720 1453 2172 1622 856 494 70 103 
15 9 720 1453 2172 1623 855 494 68 103 
15 9 720 1453 2172 1624 855 494 68 103 
15 9 720 1453 2172 1625 851 494 70 103 
15 9 720 1453 2172 1626 851 494 70 103 
15 9 720 1453 2172 1627 848 494 70 103 
15 9 720 1453 2172 1628 848 496 70 105 
15 9 720 1453 2172 1629 847 496 68 105 
15 9 720 1453 2172 1630 847 496 68 105 
15 9 720 1453 2172 1631 843 496 70 105 
15 9 720 1453 2172 1632 843 496 70 105 
15 9 720 1453 2172 1633 840 496 70 105 
15 9 720 1453 2172 1634 840 496 70 105 
15 9 720 1453 2172 1635 839 496 68 105 
15 9 720 1453 2172 1636 839 496 68 105 
15 9 720 1453 2172 1637 839 496 68 105 
15 9 720 1453 2172 1638 835 496 70 105 
15 9 720 1453 2172 1639 835 496 70 105 
15 9 720 1453 2172 1640 832 496 70 105 
15 9 720 1453 2172 1641 832 496 70 105 
15 9 720 1453 2172 1642 831 496 68 105 
15 9 720 1453 2172 1643 831 496 68 105 
15 9 720 1453 2172 1644 827 496 70 105 
15 9 720 1453 2172 1645 827 496 70 105 
15 9 720 1453 2172 1646 824 496 70 105 
15 9 720 1453 2172 1647 824 496 70 105 
15 9 720 1453 2172 1648 823 496 68 105 
15 9 720 1453 2172 1649 823 496 68 105 
15 9 720 1453 2172 1650 819 496 70 105 
15 9 720 1453 2172 1651 819 499 70 103 
15 9 720 1453 2172 1652 819 499 70 103 
15 9 720 1453 2172 1653 816 499 70 103 
15 9 720 1453 2172 1654 816 499 70 103 
15 9 720 1453 2172 1655 815 499 68 103 
15 9 720 1453 2172 1656 815 499 68 103 
15 9 720 1453 2172 1657 811 499 70 103 
15 9 720 1453 2172 1658 811 499 70 103 
15 9 720 1453 2172 1659 808 499 70 103 
15 9 720 1453 2172 1660 808 499 70 103 
15 9 720 1453 2172 1661 807 499 68 103 
15 9 720 1453 2172 1662 807 499 68 103 
15 9 720 1453 2172 1663 803 499 70 103 
15 9 720 1453 2172 1664 803 499 70 103 
15 9 720 1453 2172 1665 800 499 70 103 
15 9 720 1453 2172 1666 800 499 70 103 
15 9 720 1453 2172 1667 800 499 70 103 
15 9 720 1453 2172 1668 799 499 68 103 
15 9 720 1453 2172 1669 799 499 68 103 
15 9 720 1453 2172 1670 795 499 70 103 
15 9 720 1453 2172 1671 795 499 70 103 
15 9 720 1453 2172 1672 792 499 70 103 
15 9 720 1453 2172 1673 792 499 70 103 
15 9 720 1453 2172 1674 791 502 68 103 
15 9 720 1453 2172 1675 791 502 68 103 
15 9 720 1453 2172 1676 787 502 70 103 
15 9 720 1453 2172 1677 787 502 70 103 
15 9 720 1453 2172 1678 784 502 70 103 
15 9 720 1453 2172 1679 784 502 70 103 
15 9 720 1453 2172 1680 783 502 68 103 
15 9 720 1453 2172 1681 783 502 68 103 
15 9 720 1453 2172 1682 783 502 68 103 
15 9 720 1453 2172 1683 779 502 70 103 
15 9 720 1453 2172 1684 779 502 70 103 
15 9 720 1453 2172 1685 776 502 70 103 
15 9 720 1453 2172 1686 776 502 70 103 
15 9 720 1453 2172 1687 775 502 68 103 
15 9 720 1453 2172 1688 775 502 68 103 
15 9 720 1453 2172 1689 771 502 70 103 
15 9 720 1453 2172 1690 771 502 70 103 
15 9 720 1453 2172 1691 768 502 70 103 
15 9 720 1453 2172 1692 768 502 70 103 
15 9 720 1453 2172 1693 767 502 68 103 
15 9 720 1453 2172 1694 767 502 68 103 
15 9 720 1453 2172 1695 763 502 70 103 
15 9 720 1453 2172 1696 763 502 70 103 
15 9 720 1453 2172 1697 763 504 70 105 
15 9 720 1453 2172 1698 760 504 70 105 
15 9 720 1453 2172 1699 759 504 68 105 
15 9 720 1453 2172 1700 759 504 68 105 
15 9 720 1453 2172 1701 755 504 70 105 
15 9 720 1453 2172 1702 755 504 70 105 
15 9 720 1453 2172 1703 752 504 70 105 
15 9 720 1453 2172 1704 752 504 70 105 
15 9 720 1453 2172 1705 751 504 68 105 
15 9 720 1453 2172 1706 751 504 68 105 
15 9 720 1453 2172 1707 747 504 70 105 
15 9 720 1453 2172 1708 744 507 70 103 
15 9 720 1453 2172 1709 744 507 70 103 
15 9 720 1453 2172 1710 743 507 68 103 
15 9 720 1453 2172 1711 743 507 68 103 
15 9 720 1453 2172 1712 739 507 70 103 
15 9 720 1453 2172 1713 739 507 70 103 
15 9 720 1453 2172 1714 736 507 70 103 
15 9 720 1453 2172 1715 736 507 70 103 
15 9 720 1453 2172 1716 735 507 68 103 
15 9 720 1453 2172 1717 731 507 70 103 
15 9 720 1453 2172 1718 731 507 70 103 
15 9 720 1453 2172 1719 728 510 70 103 
15 9 720 1453 2172 1720 728 510 70 103 
15 9 720 1453 2172 1721 727 510 68 103 
15 9 720 1453 2172 1722 727 510 68 103 
15 9 720 1453 2172 1723 723 510 70 103 
15 9 720 1453 2172 1724 723 510 70 103 
15 9 720 1453 2172 1725 720 510 70 103 
15 9 720 1453 2172 1726 720 510 70 103 
15 9 720 1453 2172 1727 719 510 68 103 
15 9 720 1453 2172 1728 715 510 70 103 
15 9 720 1453 2172 1729 715 510 70 103 
15 9 720 1453 2172 1730 712 512 70 105 
15 9 720 1453 2172 1731 712 512 70 105 
15 9 720 1453 2172 1732 711 512 68 105 
15 9 720 1453 2172 1733 711 512 68 105 
15 9 720 1453 2172 1734 707 512 70 105 
15 9 720 1453 2172 1735 707 512 70 105 
15 9 720 1453 2172 1736 704 512 70 105 
15 9 720 1453 2172 1737 703 512 68 105 
15 9 720 1453 2172 1738 703 512 68 105 
15 9 720 1453 2172 1739 699 512 70 105 
15 9 720 1453 2172 1740 699 512 70 105 
15 9 720 1453 2172 1741 696 515 70 103 
15 9 720 1453 2172 1742 696 515 70 103 
15 9 720 1453 2172 1743 695 515 68 103 
15 9 720 1453 2172 1744 695 515 68 103 
15 9 720 1453 2172 1745 691 515 70 103 
15 9 720 1453 2172 1746 688 515 70 103 
15 9 720 1453 2172 1747 688 515 70 103 
15 9 720 1453 2172 1748 687 515 68 103 
15 9 720 1453 2172 1749 687 515 68 103 
15 9 720 1453 2172 1750 683 515 70 103 
15 9 720 1453 2172 1751 683 515 70 103 
15 9 720 1453 2172 1752 680 518 70 103 
15 9 720 1453 2172 1753 680 518 70 103 
15 9 720 1453 2172 1754 679 518 68 103 
15 9 720 1453 2172 1755 679 518 68 103 
15 9 720 1453 2172 1756 675 518 70 103 
15 9 720 1453 2172 1757 672 518 70 103 
15 9 720 1453 2172 1758 672 518 70 103 
15 9 720 1453 2172 1759 671 518 68 103 
15 9 720 1453 2172 1760 671 518 68 103 
15 9 720 1453 2172 1761 667 518 70 103 
15 9 720 1453 2172 1762 667 518 70 103 
15 9 720 1453 2172 1763 664 520 70 105 
15 9 720 1453 2172 1764 664 520 70 105 
15 9 720 1453 2172 1765 663 520 68 105 
15 9 720 1453 2172 1766 659 520 70 105 
15 9 720 1453 2172 1767 659 520 70 105 
15 9 720 1453 2172 1768 656 520 70 105 
15 9 720 1453 2172 1769 656 520 70 105 
15 9 720 1453 2172 1770 655 520 68 105 
15 9 720 1453 2172 1771 655 520 68 105 
15 9 720 1453 2172 1772 651 520 70 105 
15 9 720 1453 2172 1773 651 520 70 105 
15 9 720 1453 2172 1774 648 523 70 103 
15 9 720 1453 2172 1775 647 523 68 103 
15 9 720 1453 2172 1776 647 523 68 103 
15 9 720 1453 2172 1777 643 523 70 103 
15 9 720 1453 2172 1778 643 523 70 103 
15 9 720 1453 2172 1779 640 523 70 103 
15 9 720 1453 2172 1780 640 523 70 103 
15 9 720 1453 2172 1781 639 523 68 103 
15 9 720 1453 2172 1782 639 523 68 103 
15 9 720 1453 2172 1783 635 523 70 103 
15 9 720 1453 2172 1784 635 526 70 103 
15 9 720 1453 2172 1785 632 526 70 103 
15 9 720 1453 2172 1786 631 526 68 103 
15 9 720 1453 2172 1787 631 526 68 103 
15 9 720 1453 2172 1788 627 526 70 103 
15 9 720 1453 2172 1789 627 526 70 103 
15 9 720 1453 2172 1790 624 526 70 103 
15 9 720 1453 2172 1791 624 526 70 103 
15 9 720 1453 2172 1792 623 526 68 103 
15 9 720 1453 2172 1793 619 526 70 103 
15 9 720 1453 2172 1794 619 526 70 103 
15 9 720 1453 2172 1795 616 526 70 103 
15 9 720 1453 2172 1796 616 526 70 103 
15 9 720 1453 2172 1797 615 526 68 103 
15 9 720 1453 2172 1798 615 526 68 103 
15 9 720 1453 2172 1799 611 526 70 103 
15 9 720 1453 2172 1800 611 528 70 105 
15 9 720 1453 2172 1801 608 528 70 105 
15 9 720 1453 2172 1802 608 528 70 105 
15 9 720 1453 2172 1803 607 528 68 105 
15 9 720 1453 2172 1804 607 528 68 105 
15 9 720 1453 2172 1805 603 528 70 105 
15 9 720 1453 2172 1806 603 528 70 108 
15 9 720 1453 2172 1807 600 528 70 108 
15 9 720 1453 2172 1808 600 528 70 108 
15 9 720 1453 2172 1809 599 528 68 108 
15 9 720 1453 2172 1810 599 528 68 108 
15 9 720 1453 2172 1811 595 527 70 112 
15 9 720 1453 2172 1812 595 527 70 112 
15 9 720 1453 2172 1813 591 531 76 108 
15 9 720 1453 2172 1814 592 531 70 108 
15 9 720 1453 2172 1815 589 531 74 108 
15 9 720 1453 2172 1816 591 530 68 112 
15 9 720 1453 2172 1817 586 530 74 112 
15 9 720 1453 2172 1818 587 530 70 112 
15 9 720 1453 2172 1819 583 530 76 112 
15 9 720 1453 2172 1820 584 530 70 112 
15 9 720 1453 2172 1821 581 529 74 115 
15 9 720 1453 2172 1822 583 529 68 115 
15 9 720 1453 2172 1823 578 529 74 115 
15 9 720 1453 2172 1824 579 529 70 115 
15 9 720 1453 2172 1825 575 529 76 115 
15 9 720 1453 2172 1826 575 532 76 115 
15 9 720 1453 2172 1827 573 532 74 115 
15 9 720 1453 2172 1828 570 532 74 115 
15 9 720 1453 2172 1829 570 532 74 115 
15 9 720 1453 2172 1830 567 532 76 115 
15 9 720 1453 2172 1831 567 532 76 115 
15 9 720 1453 2172 1832 565 532 74 115 
15 9 720 1453 2172 1833 565 532 74 115 
15 9 720 1453 2172 1834 562 532 74 115 
15 9 720 1453 2172 1835 562 532 74 115 
15 9 720 1453 2172 1836 559 532 76 115 
15 9 720 1453 2172 1837 559 532 76 115 
15 9 720 1453 2172 1838 557 534 74 117 
15 9 720 1453 2172 1839 557 534 74 117 
15 9 720 1453 2172 1840 554 534 74 117 
15 9 720 1453 2172 1841 554 534 74 117 
15 9 720 1453 2172 1842 551 534 76 117 
15 9 720 1453 2172 1843 551 534 76 117 
15 9 720 1453 2172 1844 549 534 74 117 
15 9 720 1453 2172 1845 546 534 74 117 
15 9 720 1453 2172 1846 546 534 74 117 
15 9 720 1453 2172 1847 543 534 76 117 
15 9 720 1453 2172 1848 543 534 76 117 
15 9 720 1453 2172 1849 541 537 74 115 
15 9 720 1453 2172 1850 541 537 74 115 
15 9 720 1453 2172 1851 538 537 74 115 
15 9 720 1453 2172 1852 538 537 74 115 
15 9 720 1453 2172 1853 535 537 76 115 
15 9 720 1453 2172 1854 535 537 76 115 
15 9 720 1453 2172 1855 533 537 74 115 
15 9 720 1453 2172 1856 533 537 74 115 
15 9 720 1453 2172 1857 530 537 74 115 
15 9 720 1453 2172 1858 530 537 74 115 
15 9 720 1453 2172 1859 527 537 76 115 
15 9 720 1453 2172 1860 527 540 76 115 
15 9 720 1453 2172 1861 525 540 74 115 
15 9 720 1453 2172 1862 522 540 74 115 
15 9 720 1453 2172 1863 522 540 74 115 
15 9 720 1453 2172 1864 519 540 76 115 
15 9 720 1453 2172 1865 519 540 76 115 
15 9 720 1453 2172 1866 517 540 74 115 
15 9 720 1453 2172 1867 517 540 74 115 
15 9 720 1453 2172 1868 514 540 74 115 
15 9 720 1453 2172 1869 511 542 76 117 
15 9 720 1453 2172 1870 511 542 76 117 
15 9 720 1453 2172 1871 509 542 74 117 
15 9 720 1453 2172 1872 509 542 74 117 
15 9 720 1453 2172 1873 506 542 74 117 
15 9 720 1453 2172 1874 506 542 74 117 
15 9 720 1453 2172 1875 503 542 76 117 
15 9 720 1453 2172 1876 503 542 76 117 
15 9 720 1453 2172 1877 501 542 74 117 
15 9 720 1453 2172 1878 498 545 74 115 
15 9 720 1453 2172 1879 498 545 74 115 
15 9 720 1453 2172 1880 495 545 76 115 
15 9 720 1453 2172 1881 495 545 76 115 
15 9 720 1453 2172 1882 493 545 74 115 
15 9 720 1453 2172 1883 493 545 74 115 
15 9 720 1453 2172 1884 490 545 74 115 
15 9 720 1453 2172 1885 490 545 74 115 
15 9 720 1453 2172 1886 487 548 76 115 
15 9 720 1453 2172 1887 485 548 74 115 
15 9 720 1453 2172 1888 485 548 74 115 
15 9 720 1453 2172 1889 482 548 74 115 
15 9 720 1453 2172 1890 482 548 74 115 
15 9 720 1453 2172 1891 479 548 76 115 
15 9 720 1453 2172 1892 479 548 76 115 
15 9 720 1453 2172 1893 477 548 74 115 
15 9 720 1453 2172 1894 477 548 74 115 
15 9 720 1453 2172 1895 474 550 74 117 
15 9 720 1453 2172 1896 471 550 76 117 
15 9 720 1453 2172 1897 471 550 76 117 
15 9 720 1453 2172 1898 469 550 74 117 
15 9 720 1453 2172 1899 469 550 74 117 
15 9 720 1453 2172 1900 466 550 74 117 
15 9 720 1453 2172 1901 466 550 74 117 
15 9 720 1453 2172 1902 463 550 76 117 
15 9 720 1453 2172 1903 463 553 76 115 
15 9 720 1453 2172 1904 461 553 74 115 
15 9 720 1453 2172 1905 458 553 74 115 
15 9 720 1453 2172 1906 455 553 76 115 
15 9 720 1453 2172 1907 455 553 76 120 
15 9 720 1453 2172 1908 453 556 74 115 
15 9 720 1453 2172 1909 450 556 74 115 
15 9 720 1453 2172 1910 450 556 74 115 
15 9 720 1453 2172 1911 447 556 76 120 
15 9 720 1453 2172 1912 445 556 74 120 
15 9 720 1453 2172 1913 445 558 74 117 
15 9 720 1453 2172 1914 442 558 74 117 
15 9 720 1453 2172 1915 439 558 76 120 
15 9 720 1453 2172 1916 439 558 76 120 
15 9 720 1453 2172 1917 437 558 74 120 
15 9 720 1453 2172 1918 434 561 74 115 
15 9 720 1453 2172 1919 434 561 74 120 
15 9 720 1453 2172 1920 431 561 76 120 
15 9 720 1453 2172 1921 429 561 74 120 
15 9 720 1453 2172 1922 429 561 74 120 
15 9 720 1453 2172 1923 426 564 74 120 
15 9 720 1453 2172 1924 423 564 76 120 
15 9 720 1453 2172 1925 423 564 76 120 
15 9 720 1453 2172 1926 421 564 74 120 
15 9 720 1453 2172 1927 418 563 74 123 
15 9 720 1453 2172 1928 418 566 74 120 
15 9 720 1453 2172 1929 415 566 76 120 
15 9 720 1453 2172 1930 413 566 74 120 
15 9 720 1453 2172 1931 413 565 74 124 
15 9 720 1453 2172 1932 410 565 74 124 
15 9 720 1453 2172 1933 407 569 76 120 
15 9 720 1453 2172 1934 407 569 76 120 
15 9 720 1453 2172 1935 405 568 74 124 
15 9 720 1453 2172 1936 402 568 74 124 
15 9 720 1453 2172 1937 402 568 74 124 
15 9 720 1453 2172 1938 399 572 76 120 
15 9 720 1453 2172 1939 397 571 74 123 
15 9 720 1453 2172 1940 397 571 74 123 
15 9 720 1453 2172 1941 394 571 74 123 
15 9 720 1453 2172 1942 391 571 76 123 
15 9 720 1453 2172 1943 391 573 76 124 
15 9 720 1453 2172 1944 389 573 74 124 
15 9 720 1453 2172 1945 386 573 74 124 
15 9 720 1453 2172 1946 383 573 76 124 
15 9 720 1453 2172 1947 383 573 76 124 
15 9 720 1453 2172 1948 381 573 74 124 
15 9 720 1453 2172 1949 378 573 74 124 
15 9 720 1453 2172 1950 378 573 74 124 
15 9 720 1453 2172 1951 375 573 76 124 
15 9 720 1453 2172 1952 373 573 74 124 
15 9 720 1453 2172 1953 373 573 74 124 
15 9 720 1453 2172 1954 370 573 74 124 
15 9 720 1453 2172 1955 367 573 76 124 
15 9 720 1453 2172 1956 365 573 74 124 
15 9 720 1453 2172 1957 365 573 74 124 
15 9 720 1453 2172 1958 362 573 74 124 
15 9 720 1453 2172 1959 359 573 76 124 
15 9 720 1453 2172 1960 359 573 76 124 
15 9 720 1453 2172 1961 357 573 74 124 
15 9 720 1453 2172 1962 354 573 74 124 
15 9 720 1453 2172 1963 354 576 74 124 
15 9 720 1453 2172 1964 351 576 76 124 
15 9 720 1453 2172 1965 349 576 74 124 
15 9 720 1453 2172 1966 346 576 74 124 
15 9 720 1453 2172 1967 346 576 74 124 
15 9 720 1453 2172 1968 343 576 76 124 
15 9 720 1453 2172 1969 341 576 74 124 
15 9 720 1453 2172 1970 341 576 74 124 
15 9 720 1453 2172 1971 338 576 74 124 
15 9 720 1453 2172 1972 335 576 76 124 
15 9 720 1453 2172 1973 335 576 76 124 
15 9 720 1453 2172 1974 333 576 74 124 
15 9 720 1453 2172 1975 330 576 74 124 
15 9 720 1453 2172 1976 327 576 76 124 
15 9 720 1453 2172 1977 327 576 76 124 
15 9 720 1453 2172 1978 325 576 74 124 
15 9 720 1453 2172 1979 322 576 74 124 
15 9 720 1453 2172 1980 322 576 74 124 
15 9 720 1453 2172 1981 319 576 76 124 
15 9 720 1453 2172 1982 317 576 74 124 
15 9 720 1453 2172 1983 317 579 74 123 
15 9 720 1453 2172 1984 314 579 74 123 
15 9 720 1453 2172 1985 311 579 76 123 
15 9 720 1453 2172 1986 309 579 74 123 
15 9 720 1453 2172 1987 305 579 80 123 
15 9 720 1453 2172 1988 306 579 74 123 
15 9 720 1453 2172 1989 303 579 76 123 
15 9 720 1453 2172 1990 300 579 80 123 
15 9 720 1453 2172 1991 297 579 80 123 
15 9 720 1453 2172 1992 298 579 74 123 
15 9 720 1453 2172 1993 295 581 76 124 
15 9 720 1453 2172 1994 292 581 80 124 
15 9 720 1453 2172 1995 289 581 80 124 
15 9 720 1453 2172 1996 290 581 74 124 
15 9 720 1453 2172 1997 286 581 80 124 
15 9 720 1453 2172 1998 284 581 80 124 
15 9 720 1453 2172 1999 281 581 80 124 
15 9 720 1453 2172 2000 281 581 80 124 
15 9 720 1453 2172 2001 278 581 80 124 
15 9 720 1453 2172 2002 276 584 80 124 
15 9 720 1453 2172 2003 273 584 80 124 
15 9 720 1453 2172 2004 273 584 80 124 
15 9 720 1453 2172 2005 270 584 80 124 
15 9 720 1453 2172 2006 268 584 80 124 
15 9 720 1453 2172 2007 263 584 86 124 
15 9 720 1453 2172 2008 265 584 80 124 
15 9 720 1453 2172 2009 262 584 80 124 
15 9 720 1453 2172 2010 259 584 84 124 
15 9 720 1453 2172 2011 255 587 86 123 
15 9 720 1453 2172 2012 257 587 80 123 
15 9 720 1453 2172 2013 254 587 80 123 
15 9 720 1453 2172 2014 251 587 84 123 
15 9 720 1453 2172 2015 247 587 86 123 
15 9 720 1453 2172 2016 249 587 80 123 
15 9 720 1453 2172 2017 244 587 86 123 
15 9 720 1453 2172 2018 243 587 84 123 
15 9 720 1453 2172 2019 239 587 86 123 
15 9 720 1453 2172 2020 239 589 86 124 
15 9 720 1453 2172 2021 236 589 86 124 
15 9 720 1453 2172 2022 235 589 84 124 
15 9 720 1453 2172 2023 231 589 86 124 
15 9 720 1453 2172 2024 231 589 86 124 
15 9 720 1453 2172 2025 228 589 86 124 
15 9 720 1453 2172 2026 227 589 84 124 
15 9 720 1453 2172 2027 227 589 84 124 
15 9 720 1453 2172 2028 223 589 86 124 
15 9 720 1453 2172 2029 220 589 86 124 
15 9 720 1453 2172 2030 219 589 84 124 
15 9 720 1453 2172 2031 219 589 84 124 
15 9 720 1453 2172 2032 215 589 86 124 
15 9 720 1453 2172 2033 212 589 86 124 
15 9 720 1453 2172 2034 212 592 86 124 
15 9 720 1453 2172 2035 211 592 84 124 
15 9 720 1453 2172 2036 207 592 86 124 
15 9 720 1453 2172 2037 204 592 86 124 
15 9 720 1453 2172 2038 204 592 86 124 
15 9 720 1453 2172 2039 203 592 84 124 
15 9 720 1453 2172 2040 199 592 86 124 
15 9 720 1453 2172 2041 199 592 86 124 
15 9 720 1453 2172 2042 196 592 86 124 
15 9 720 1453 2172 2043 195 592 84 124 
15 9 720 1453 2172 2044 191 592 86 124 
15 9 720 1453 2172 2045 191 592 86 124 
15 9 720 1453 2172 2046 188 592 86 124 
15 9 720 1453 2172 2047 187 592 84 124 
15 9 720 1453 2172 2048 187 595 84 123 
15 9 720 1453 2172 2049 183 595 86 123 
15 9 720 1453 2172 2050 180 595 86 123 
15 9 720 1453 2172 2051 179 595 84 123 
15 9 720 1453 2172 2052 175 595 86 123 
15 9 720 1453 2172 2053 175 595 86 123 
15 9 720 1453 2172 2054 172 595 86 123 
15 9 720 1453 2172 2055 171 595 84 123 
15 9 720 1453 2172 2056 167 595 86 123 
15 9 720 1453 2172 2057 164 595 86 123 
15 9 720 1453 2172 2058 164 595 86 123 
15 9 720 1453 2172 2059 163 595 84 123 
15 9 720 1453 2172 2060 159 595 86 123 
15 9 720 1453 2172 2061 156 595 86 123 
15 9 720 1453 2172 2062 155 595 84 123 
15 9 720 1453 2172 2063 155 597 84 124 
15 9 720 1453 2172 2064 151 597 86 124 
15 9 720 1453 2172 2065 148 597 86 124 
15 9 720 1453 2172 2066 147 597 84 124 
15 9 720 1453 2172 2067 147 597 84 124 
15 9 720 1453 2172 2068 143 597 86 124 
15 9 720 1453 2172 2069 140 597 86 124 
15 9 720 1453 2172 2070 139 597 84 124 
15 9 720 1453 2172 2071 139 597 84 124 
15 9 720 1453 2172 2072 135 597 86 124 
15 9 720 1453 2172 2073 132 597 86 124 
15 9 720 1453 2172 2074 131 597 84 124 
15 9 720 1453 2172 2075 131 597 84 124 
15 9 720 1453 2172 2076 127 597 86 124 
15 9 720 1453 2172 2077 124 600 86 124 
15 9 720 1453 2172 2078 123 600 84 124 
15 9 720 1453 2172 2079 123 600 84 124 
15 9 720 1453 2172 2080 119 600 86 124 
15 9 720 1453 2172 2081 116 600 86 124 
15 9 720 1453 2172 2082 115 600 84 124 
15 9 720 1453 2172 2083 115 600 84 124 
15 9 720 1453 2172 2084 111 600 86 124 
15 9 720 1453 2172 2085 108 600 86 124 
15 9 720 1453 2172 2086 107 600 84 124 
15 9 720 1453 2172 2087 107 600 84 124 
15 9 720 1453 2172 2088 103 600 86 124 
15 9 720 1453 2172 2089 100 600 86 124 
15 9 720 1453 2172 2090 99 600 84 124 
15 9 720 1453 2172 2091 99 603 84 123 
15 9 720 1453 2172 2092 95 603 86 123 
15 9 720 1453 2172 2093 92 603 86 123 
15 9 720 1453 2172 2094 91 603 84 123 
15 9 720 1453 2172 2095 87 603 86 123 
15 9 720 1453 2172 2096 87 603 86 123 
15 9 720 1453 2172 2097 84 603 86 123 
15 9 720 1453 2172 2098 83 603 84 123 
15 9 720 1453 2172 2099 79 603 86 123 
15 9 720 1453 2172 2100 79 603 86 123 
15 9 720 1453 2172 2101 76 603 86 123 
15 9 720 1453 2172 2102 75 603 84 123 
15 9 720 1453 2172 2103 70 603 90 123 
15 9 720 1453 2172 2104 67 603 92 123 
15 9 720 1453 2172 2105 68 606 86 120 
15 9 720 1453 2172 2106 65 606 90 120 
15 9 720 1453 2172 2107 62 606 90 120 
15 9 720 1453 2172 2108 59 606 92 120 
15 9 720 1453 2172 2109 56 606 96 120 
15 9 720 1453 2172 2110 57 609 90 115 
15 9 720 1453 2172 2111 54 609 90 115 
15 9 720 1453 2172 2112 50 609 96 115 
15 9 720 1453 2172 2113 48 609 96 115 
15 9 720 1453 2172 2114 45 609 96 115 
15 9 720 1453 2172 2115 45 612 96 115 
15 9 720 1453 2172 2116 43 612 92 115 
15 9 720 1453 2172 2117 41 612 90 115 
15 9 720 1453 2172 2118 38 612 90 115 
15 9 720 1453 2172 2119 39 612 86 115 
15 9 720 1453 2172 2120 38 612 80 115 
15 9 720 1453 2172 2121 36 612 80 115 
15 9 720 1453 2172 2122 33 612 80 115 
15 9 720 1453 2172 2123 34 614 74 117 
15 9 720 1453 2172 2124 28 614 86 117 
15 9 720 1453 2172 2125 23 614 100 117 
15 9 720 1453 2172 2126 19 614 102 117 
15 9 720 1453 2172 2127 15 614 108 117 
15 9 720 1453 2172 2128 15 614 108 117 
15 9 720 1453 2172 2129 13 614 106 117 
15 9 720 1453 2172 2130 9 614 112 117 
15 9 720 1453 2172 2131 4 614 118 117 
15 9 720 1453 2172 2132 6 614 112 120 
15 9 720 1453 2172 2133 3 614 116 120 
15 9 720 1453 2172 2134 0 614 120 120 
15 9 720 1453 2172 2135 0 613 120 124 
15 9 720 1453 2172 2136 10 614 74 117 
15 9 720 1453 2172 2137 3 614 92 117 
15 9 720 1453 2172 2138 1 614 90 117 
15 9 720 1453 2172 2139 0 614 93 117 
15 9 720 1453 2172 2140 0 614 90 117 
15 9 720 1453 2172 2141 0 614 91 117 
15 9 720 1453 2172 2142 0 614 89 117 
15 9 720 1453 2172 2143 0 617 89 115 
15 9 720 1453 2172 2144 0 617 86 115 
15 9 720 1453 2172 2145 0 617 87 115 
15 9 720 1453 2172 2146 0 617 84 115 
15 9 720 1453 2172 2147 0 617 86 115 
15 9 720 1453 2172 2148 0 620 86 115 
15 9 720 1453 2172 2149 0 620 75 115 
15 9 720 1453 2172 2150 0 620 63 115 
15 9 720 1453 2172 2151 0 622 55 117 
15 9 720 1453 2172 2152 0 620 51 115 
15 9 720 1453 2172 2153 0 620 48 115 
15 9 720 1453 2172 2154 0 620 43 115 
15 9 720 1453 2172 2155 0 620 39 115 
15 9 720 1453 2172 2156 0 620 36 115 
15 9 720 1453 2172 2157 0 620 36 115 
15 9 720 1453 2172 2158 0 620 31 115 
15 9 720 1453 2172 2159 0 620 31 115 
15 9 720 1453 2172 2160 0 622 27 117 
15 9 720 1453 2172 2161 0 622 27 117 
15 9 720 1453 2172 2162 0 625 24 115 
15 9 720 1453 2172 2163 0 625 24 115 
15 9 720 1453 2172 2164 0 625 19 115 
15 9 720 1453 2172 2165 0 628 19 115 
15 9 720 1453 2172 2166 0 628 15 115 
15 9 720 1453 2172 2167 0 630 15 117 
15 9 720 1453 2172 2168 0 630 12 117 
15 9 720 1453 2172 2169 0 633 12 115 
15 9 720 1453 2172 2170 0 633 12 115 
15 9 720 1453 2172 2171 0 633 12 115 
15 9 720 1453 2172 2172 0 633 12 115 
16 1 146 3936 4081 3936 538 458 121 82 
16 1 146 3936 4081 3937 538 458 121 82 
16 1 146 3936 4081 3938 538 458 121 82 
16 1 146 3936 4081 3939 538 458 121 82 
16 1 146 3936 4081 3940 538 458 121 82 
16 1 146 3936 4081 3941 538 458 121 82 
16 1 146 3936 4081 3942 538 458 121 82 
16 1 146 3936 4081 3943 538 458 121 82 
16 1 146 3936 4081 3944 538 458 121 82 
16 1 146 3936 4081 3945 538 458 121 82 
16 1 146 3936 4081 3946 538 458 121 82 
16 1 146 3936 4081 3947 538 458 121 82 
16 1 146 3936 4081 3948 538 458 121 82 
16 1 146 3936 4081 3949 538 458 121 82 
16 1 146 3936 4081 3950 538 458 121 82 
16 1 146 3936 4081 3951 538 458 121 82 
16 1 146 3936 4081 3952 538 458 121 82 
16 1 146 3936 4081 3953 538 458 121 82 
16 1 146 3936 4081 3954 538 458 121 82 
16 1 146 3936 4081 3955 538 458 121 82 
16 1 146 3936 4081 3956 538 458 121 82 
16 1 146 3936 4081 3957 538 458 121 82 
16 1 146 3936 4081 3958 538 458 121 82 
16 1 146 3936 4081 3959 538 458 121 82 
16 1 146 3936 4081 3960 538 458 121 82 
16 1 146 3936 4081 3961 538 458 121 82 
16 1 146 3936 4081 3962 538 458 121 82 
16 1 146 3936 4081 3963 538 458 121 82 
16 1 146 3936 4081 3964 538 458 121 82 
16 1 146 3936 4081 3965 538 458 121 82 
16 1 146 3936 4081 3966 538 458 121 82 
16 1 146 3936 4081 3967 538 458 121 82 
16 1 146 3936 4081 3968 538 458 121 82 
16 1 146 3936 4081 3969 538 458 121 82 
16 1 146 3936 4081 3970 538 458 121 82 
16 1 146 3936 4081 3971 538 458 121 82 
16 1 146 3936 4081 3972 538 458 121 82 
16 1 146 3936 4081 3973 538 458 121 82 
16 1 146 3936 4081 3974 538 458 121 82 
16 1 146 3936 4081 3975 538 458 121 82 
16 1 146 3936 4081 3976 538 458 121 82 
16 1 146 3936 4081 3977 538 458 121 82 
16 1 146 3936 4081 3978 538 458 121 82 
16 1 146 3936 4081 3979 538 458 121 82 
16 1 146 3936 4081 3980 538 458 121 82 
16 1 146 3936 4081 3981 538 458 121 82 
16 1 146 3936 4081 3982 538 458 121 82 
16 1 146 3936 4081 3983 538 458 121 82 
16 1 146 3936 4081 3984 538 458 121 82 
16 1 146 3936 4081 3985 538 458 121 82 
16 1 146 3936 4081 3986 538 458 121 82 
16 1 146 3936 4081 3987 538 458 121 82 
16 1 146 3936 4081 3988 538 458 121 82 
16 1 146 3936 4081 3989 538 458 121 82 
16 1 146 3936 4081 3990 538 458 121 82 
16 1 146 3936 4081 3991 538 458 121 82 
16 1 146 3936 4081 3992 538 458 121 82 
16 1 146 3936 4081 3993 538 458 121 82 
16 1 146 3936 4081 3994 538 458 121 82 
16 1 146 3936 4081 3995 538 458 121 82 
16 1 146 3936 4081 3996 538 458 121 82 
16 1 146 3936 4081 3997 538 458 121 82 
16 1 146 3936 4081 3998 538 458 121 82 
16 1 146 3936 4081 3999 538 458 121 82 
16 1 146 3936 4081 4000 538 458 121 82 
16 1 146 3936 4081 4001 538 458 121 82 
16 1 146 3936 4081 4002 538 458 121 82 
16 1 146 3936 4081 4003 538 458 121 82 
16 1 146 3936 4081 4004 538 458 121 82 
16 1 146 3936 4081 4005 538 458 121 82 
16 1 146 3936 4081 4006 538 458 121 82 
16 1 146 3936 4081 4007 538 458 121 82 
16 1 146 3936 4081 4008 538 458 121 82 
16 1 146 3936 4081 4009 538 458 121 82 
16 1 146 3936 4081 4010 538 458 121 82 
16 1 146 3936 4081 4011 538 458 121 82 
16 1 146 3936 4081 4012 538 458 121 82 
16 1 146 3936 4081 4013 538 458 121 82 
16 1 146 3936 4081 4014 538 458 121 82 
16 1 146 3936 4081 4015 538 458 121 82 
16 1 146 3936 4081 4016 538 458 121 82 
16 1 146 3936 4081 4017 538 458 121 82 
16 1 146 3936 4081 4018 538 458 121 82 
16 1 146 3936 4081 4019 538 458 121 82 
16 1 146 3936 4081 4020 538 458 121 82 
16 1 146 3936 4081 4021 538 458 121 82 
16 1 146 3936 4081 4022 538 458 121 82 
16 1 146 3936 4081 4023 538 458 121 82 
16 1 146 3936 4081 4024 538 458 121 82 
16 1 146 3936 4081 4025 538 458 121 82 
16 1 146 3936 4081 4026 538 458 121 82 
16 1 146 3936 4081 4027 538 458 121 82 
16 1 146 3936 4081 4028 538 458 121 82 
16 1 146 3936 4081 4029 538 458 121 82 
16 1 146 3936 4081 4030 538 458 121 82 
16 1 146 3936 4081 4031 538 458 121 82 
16 1 146 3936 4081 4032 538 458 121 82 
16 1 146 3936 4081 4033 538 458 121 82 
16 1 146 3936 4081 4034 538 458 121 82 
16 1 146 3936 4081 4035 538 458 121 82 
16 1 146 3936 4081 4036 538 458 121 82 
16 1 146 3936 4081 4037 538 458 121 82 
16 1 146 3936 4081 4038 538 458 121 82 
16 1 146 3936 4081 4039 538 458 121 82 
16 1 146 3936 4081 4040 538 458 121 82 
16 1 146 3936 4081 4041 538 458 121 82 
16 1 146 3936 4081 4042 538 458 121 82 
16 1 146 3936 4081 4043 538 458 121 82 
16 1 146 3936 4081 4044 538 458 121 82 
16 1 146 3936 4081 4045 538 458 121 82 
16 1 146 3936 4081 4046 538 458 121 82 
16 1 146 3936 4081 4047 538 458 121 82 
16 1 146 3936 4081 4048 538 458 121 82 
16 1 146 3936 4081 4049 538 458 121 82 
16 1 146 3936 4081 4050 538 458 121 82 
16 1 146 3936 4081 4051 538 458 121 82 
16 1 146 3936 4081 4052 538 458 121 82 
16 1 146 3936 4081 4053 538 458 121 82 
16 1 146 3936 4081 4054 538 458 121 82 
16 1 146 3936 4081 4055 538 458 121 82 
16 1 146 3936 4081 4056 538 458 121 82 
16 1 146 3936 4081 4057 538 458 121 82 
16 1 146 3936 4081 4058 538 458 121 82 
16 1 146 3936 4081 4059 538 458 121 82 
16 1 146 3936 4081 4060 538 458 121 82 
16 1 146 3936 4081 4061 538 458 121 82 
16 1 146 3936 4081 4062 538 458 121 82 
16 1 146 3936 4081 4063 538 458 121 82 
16 1 146 3936 4081 4064 538 458 121 82 
16 1 146 3936 4081 4065 538 458 121 82 
16 1 146 3936 4081 4066 538 458 121 82 
16 1 146 3936 4081 4067 538 458 121 82 
16 1 146 3936 4081 4068 538 458 121 82 
16 1 146 3936 4081 4069 538 458 121 82 
16 1 146 3936 4081 4070 538 458 121 82 
16 1 146 3936 4081 4071 538 458 121 82 
16 1 146 3936 4081 4072 538 458 121 82 
16 1 146 3936 4081 4073 538 458 121 82 
16 1 146 3936 4081 4074 538 458 121 82 
16 1 146 3936 4081 4075 538 458 121 82 
16 1 146 3936 4081 4076 538 458 121 82 
16 1 146 3936 4081 4077 538 458 121 82 
16 1 146 3936 4081 4078 538 458 121 82 
16 1 146 3936 4081 4079 538 458 121 82 
16 1 146 3936 4081 4080 538 458 121 82 
16 1 146 3936 4081 4081 538 458 121 82 
