6 5 103 416 518 416 98 532 114 68 
6 5 103 416 518 417 98 532 114 68 
6 5 103 416 518 418 98 532 114 68 
6 5 103 416 518 419 98 532 114 68 
6 5 103 416 518 420 98 532 114 68 
6 5 103 416 518 421 98 532 114 68 
6 5 103 416 518 422 98 532 114 68 
6 5 103 416 518 423 98 532 114 68 
6 5 103 416 518 424 98 532 114 68 
6 5 103 416 518 425 98 532 114 68 
6 5 103 416 518 426 98 532 114 68 
6 5 103 416 518 427 98 532 114 68 
6 5 103 416 518 428 98 532 114 68 
6 5 103 416 518 429 98 532 114 68 
6 5 103 416 518 430 98 532 114 68 
6 5 103 416 518 431 98 532 114 68 
6 5 103 416 518 432 98 532 114 68 
6 5 103 416 518 433 98 532 114 68 
6 5 103 416 518 434 98 532 114 68 
6 5 103 416 518 435 98 532 114 68 
6 5 103 416 518 436 98 532 114 68 
6 5 103 416 518 437 98 532 114 68 
6 5 103 416 518 438 98 532 114 68 
6 5 103 416 518 439 98 532 114 68 
6 5 103 416 518 440 98 532 114 68 
6 5 103 416 518 441 98 532 114 68 
6 5 103 416 518 442 98 532 114 68 
6 5 103 416 518 443 98 532 114 68 
6 5 103 416 518 444 98 532 114 68 
6 5 103 416 518 445 98 532 114 68 
6 5 103 416 518 446 98 532 114 68 
6 5 103 416 518 447 98 532 114 68 
6 5 103 416 518 448 98 532 114 68 
6 5 103 416 518 449 98 532 114 68 
6 5 103 416 518 450 98 532 114 68 
6 5 103 416 518 451 98 532 114 68 
6 5 103 416 518 452 98 532 114 68 
6 5 103 416 518 453 98 532 114 68 
6 5 103 416 518 454 98 532 114 68 
6 5 103 416 518 455 98 532 114 68 
6 5 103 416 518 456 98 532 114 68 
6 5 103 416 518 457 98 532 114 68 
6 5 103 416 518 458 98 532 114 68 
6 5 103 416 518 459 98 532 114 68 
6 5 103 416 518 460 98 532 114 68 
6 5 103 416 518 461 98 532 114 68 
6 5 103 416 518 462 98 532 114 68 
6 5 103 416 518 463 98 532 114 68 
6 5 103 416 518 464 98 532 114 68 
6 5 103 416 518 465 98 532 114 68 
6 5 103 416 518 466 98 532 114 68 
6 5 103 416 518 467 98 532 114 68 
6 5 103 416 518 468 98 532 114 68 
6 5 103 416 518 469 98 532 114 68 
6 5 103 416 518 470 98 532 114 68 
6 5 103 416 518 471 98 532 114 68 
6 5 103 416 518 472 98 532 114 68 
6 5 103 416 518 473 98 532 114 68 
6 5 103 416 518 474 98 532 114 68 
6 5 103 416 518 475 98 532 114 68 
6 5 103 416 518 476 98 532 114 68 
6 5 103 416 518 477 98 532 114 68 
6 5 103 416 518 478 98 532 114 68 
6 5 103 416 518 479 98 532 114 68 
6 5 103 416 518 480 98 532 114 68 
6 5 103 416 518 481 98 532 114 68 
6 5 103 416 518 482 98 532 114 68 
6 5 103 416 518 483 98 532 114 68 
6 5 103 416 518 484 98 532 114 68 
6 5 103 416 518 485 98 532 114 68 
6 5 103 416 518 486 98 532 114 68 
6 5 103 416 518 487 98 532 114 68 
6 5 103 416 518 488 98 532 114 68 
6 5 103 416 518 489 98 532 114 68 
6 5 103 416 518 490 98 532 114 68 
6 5 103 416 518 491 98 532 114 68 
6 5 103 416 518 492 98 532 114 68 
6 5 103 416 518 493 98 532 114 68 
6 5 103 416 518 494 98 532 114 68 
6 5 103 416 518 495 98 532 114 68 
6 5 103 416 518 496 98 532 114 68 
6 5 103 416 518 497 98 532 114 68 
6 5 103 416 518 498 98 532 114 68 
6 5 103 416 518 499 98 532 114 68 
6 5 103 416 518 500 98 532 114 68 
6 5 103 416 518 501 98 532 114 68 
6 5 103 416 518 502 98 532 114 68 
6 5 103 416 518 503 98 532 114 68 
6 5 103 416 518 504 98 532 114 68 
6 5 103 416 518 505 98 532 114 68 
6 5 103 416 518 506 98 532 114 68 
6 5 103 416 518 507 98 532 114 68 
6 5 103 416 518 508 98 532 114 68 
6 5 103 416 518 509 98 532 114 68 
6 5 103 416 518 510 98 532 114 68 
6 5 103 416 518 511 98 532 114 68 
6 5 103 416 518 512 98 532 114 68 
6 5 103 416 518 513 98 532 114 68 
6 5 103 416 518 514 98 532 114 68 
6 5 103 416 518 515 98 532 114 68 
6 5 103 416 518 516 98 532 114 68 
6 5 103 416 518 517 98 532 114 68 
6 5 103 416 518 518 98 532 114 68 
