39 10 219 5160 5378 5160 708 524 86 115 
39 10 219 5160 5378 5161 705 524 90 115 
39 10 219 5160 5378 5162 702 526 90 117 
39 10 219 5160 5378 5163 699 526 92 117 
39 10 219 5160 5378 5164 697 526 90 117 
39 10 219 5160 5378 5165 693 526 96 120 
39 10 219 5160 5378 5166 690 526 96 120 
39 10 219 5160 5378 5167 688 529 96 120 
39 10 219 5160 5378 5168 685 529 96 120 
39 10 219 5160 5378 5169 680 529 102 120 
39 10 219 5160 5378 5170 679 528 100 124 
39 10 219 5160 5378 5171 675 528 102 124 
39 10 219 5160 5378 5172 675 531 102 123 
39 10 219 5160 5378 5173 672 531 102 123 
39 10 219 5160 5378 5174 671 531 100 123 
39 10 219 5160 5378 5175 667 531 102 123 
39 10 219 5160 5378 5176 664 531 102 123 
39 10 219 5160 5378 5177 663 533 100 124 
39 10 219 5160 5378 5178 659 533 102 124 
39 10 219 5160 5378 5179 656 533 102 124 
39 10 219 5160 5378 5180 655 533 100 124 
39 10 219 5160 5378 5181 651 533 102 124 
39 10 219 5160 5378 5182 648 536 102 124 
39 10 219 5160 5378 5183 647 536 100 124 
39 10 219 5160 5378 5184 647 536 100 124 
39 10 219 5160 5378 5185 643 536 102 124 
39 10 219 5160 5378 5186 640 536 102 124 
39 10 219 5160 5378 5187 639 539 100 123 
39 10 219 5160 5378 5188 635 539 102 123 
39 10 219 5160 5378 5189 632 539 102 123 
39 10 219 5160 5378 5190 631 539 100 123 
39 10 219 5160 5378 5191 627 539 102 123 
39 10 219 5160 5378 5192 624 541 102 124 
39 10 219 5160 5378 5193 623 541 100 124 
39 10 219 5160 5378 5194 619 541 102 124 
39 10 219 5160 5378 5195 616 541 102 124 
39 10 219 5160 5378 5196 616 544 102 124 
39 10 219 5160 5378 5197 611 544 102 124 
39 10 219 5160 5378 5198 608 544 102 124 
39 10 219 5160 5378 5199 607 544 100 124 
39 10 219 5160 5378 5200 603 544 102 124 
39 10 219 5160 5378 5201 600 547 102 123 
39 10 219 5160 5378 5202 599 547 100 123 
39 10 219 5160 5378 5203 595 547 102 123 
39 10 219 5160 5378 5204 592 547 102 123 
39 10 219 5160 5378 5205 587 547 102 123 
39 10 219 5160 5378 5206 584 549 102 124 
39 10 219 5160 5378 5207 583 549 100 124 
39 10 219 5160 5378 5208 579 549 102 124 
39 10 219 5160 5378 5209 576 549 102 124 
39 10 219 5160 5378 5210 575 549 100 124 
39 10 219 5160 5378 5211 571 552 102 124 
39 10 219 5160 5378 5212 568 552 102 124 
39 10 219 5160 5378 5213 563 552 102 124 
39 10 219 5160 5378 5214 560 552 102 124 
39 10 219 5160 5378 5215 559 552 100 124 
39 10 219 5160 5378 5216 555 555 102 123 
39 10 219 5160 5378 5217 552 555 102 123 
39 10 219 5160 5378 5218 551 555 100 123 
39 10 219 5160 5378 5219 547 555 102 123 
39 10 219 5160 5378 5220 544 557 102 124 
39 10 219 5160 5378 5221 539 557 102 124 
39 10 219 5160 5378 5222 536 557 102 124 
39 10 219 5160 5378 5223 535 560 100 124 
39 10 219 5160 5378 5224 531 560 102 124 
39 10 219 5160 5378 5225 528 563 102 123 
39 10 219 5160 5378 5226 523 563 102 123 
39 10 219 5160 5378 5227 520 565 102 124 
39 10 219 5160 5378 5228 519 565 100 124 
39 10 219 5160 5378 5229 515 568 102 124 
39 10 219 5160 5378 5230 512 568 102 124 
39 10 219 5160 5378 5231 511 571 100 123 
39 10 219 5160 5378 5232 507 571 102 123 
39 10 219 5160 5378 5233 504 571 102 123 
39 10 219 5160 5378 5234 503 573 100 124 
39 10 219 5160 5378 5235 499 573 102 124 
39 10 219 5160 5378 5236 496 573 102 124 
39 10 219 5160 5378 5237 495 576 100 124 
39 10 219 5160 5378 5238 488 576 102 124 
39 10 219 5160 5378 5239 487 576 100 124 
39 10 219 5160 5378 5240 480 579 102 123 
39 10 219 5160 5378 5241 479 579 100 123 
39 10 219 5160 5378 5242 472 581 102 124 
39 10 219 5160 5378 5243 471 581 100 124 
39 10 219 5160 5378 5244 464 581 102 124 
39 10 219 5160 5378 5245 463 584 100 124 
39 10 219 5160 5378 5246 456 584 102 124 
39 10 219 5160 5378 5247 455 587 100 123 
39 10 219 5160 5378 5248 451 587 102 123 
39 10 219 5160 5378 5249 448 587 102 123 
39 10 219 5160 5378 5250 447 587 100 123 
39 10 219 5160 5378 5251 443 589 102 124 
39 10 219 5160 5378 5252 440 589 102 124 
39 10 219 5160 5378 5253 439 589 100 124 
39 10 219 5160 5378 5254 435 592 102 124 
39 10 219 5160 5378 5255 432 592 102 124 
39 10 219 5160 5378 5256 431 592 100 124 
39 10 219 5160 5378 5257 427 592 102 124 
39 10 219 5160 5378 5258 424 595 102 123 
39 10 219 5160 5378 5259 423 595 100 123 
39 10 219 5160 5378 5260 419 595 102 123 
39 10 219 5160 5378 5261 416 597 102 124 
39 10 219 5160 5378 5262 411 597 102 124 
39 10 219 5160 5378 5263 407 597 100 124 
39 10 219 5160 5378 5264 400 600 102 124 
39 10 219 5160 5378 5265 399 600 100 124 
39 10 219 5160 5378 5266 392 600 102 124 
39 10 219 5160 5378 5267 387 603 102 123 
39 10 219 5160 5378 5268 383 603 100 123 
39 10 219 5160 5378 5269 379 603 102 123 
39 10 219 5160 5378 5270 375 605 100 124 
39 10 219 5160 5378 5271 368 605 102 124 
39 10 219 5160 5378 5272 367 608 100 124 
39 10 219 5160 5378 5273 360 608 102 124 
39 10 219 5160 5378 5274 359 608 100 124 
39 10 219 5160 5378 5275 352 608 102 124 
39 10 219 5160 5378 5276 351 611 100 123 
39 10 219 5160 5378 5277 347 611 102 123 
39 10 219 5160 5378 5278 343 611 100 123 
39 10 219 5160 5378 5279 339 613 102 124 
39 10 219 5160 5378 5280 336 613 102 124 
39 10 219 5160 5378 5281 331 613 102 124 
39 10 219 5160 5378 5282 328 616 102 124 
39 10 219 5160 5378 5283 323 616 102 124 
39 10 219 5160 5378 5284 320 616 102 124 
39 10 219 5160 5378 5285 319 619 100 123 
39 10 219 5160 5378 5286 312 619 102 123 
39 10 219 5160 5378 5287 311 619 100 123 
39 10 219 5160 5378 5288 307 621 102 124 
39 10 219 5160 5378 5289 303 621 100 124 
39 10 219 5160 5378 5290 299 621 102 124 
39 10 219 5160 5378 5291 295 624 100 124 
39 10 219 5160 5378 5292 291 624 102 124 
39 10 219 5160 5378 5293 287 627 100 123 
39 10 219 5160 5378 5294 283 627 102 123 
39 10 219 5160 5378 5295 280 627 102 123 
39 10 219 5160 5378 5296 275 629 102 124 
39 10 219 5160 5378 5297 272 629 102 124 
39 10 219 5160 5378 5298 267 632 102 124 
39 10 219 5160 5378 5299 264 632 102 124 
39 10 219 5160 5378 5300 263 635 100 123 
39 10 219 5160 5378 5301 256 635 102 123 
39 10 219 5160 5378 5302 251 635 102 123 
39 10 219 5160 5378 5303 248 637 102 124 
39 10 219 5160 5378 5304 243 637 102 124 
39 10 219 5160 5378 5305 240 637 102 124 
39 10 219 5160 5378 5306 235 640 102 124 
39 10 219 5160 5378 5307 231 640 100 124 
39 10 219 5160 5378 5308 227 640 102 124 
39 10 219 5160 5378 5309 223 643 100 123 
39 10 219 5160 5378 5310 219 643 102 123 
39 10 219 5160 5378 5311 215 643 100 123 
39 10 219 5160 5378 5312 211 645 102 124 
39 10 219 5160 5378 5313 205 645 106 124 
39 10 219 5160 5378 5314 202 645 106 124 
39 10 219 5160 5378 5315 199 648 108 124 
39 10 219 5160 5378 5316 193 648 112 124 
39 10 219 5160 5378 5317 190 648 112 124 
39 10 219 5160 5378 5318 188 651 112 123 
39 10 219 5160 5378 5319 180 651 118 123 
39 10 219 5160 5378 5320 179 651 116 123 
39 10 219 5160 5378 5321 175 653 118 124 
39 10 219 5160 5378 5322 171 653 116 124 
39 10 219 5160 5378 5323 163 653 124 124 
39 10 219 5160 5378 5324 163 656 116 124 
39 10 219 5160 5378 5325 155 656 124 124 
39 10 219 5160 5378 5326 150 656 122 124 
39 10 219 5160 5378 5327 147 659 124 123 
39 10 219 5160 5378 5328 142 659 122 123 
39 10 219 5160 5378 5329 136 659 128 123 
39 10 219 5160 5378 5330 133 661 128 124 
39 10 219 5160 5378 5331 128 661 128 124 
39 10 219 5160 5378 5332 122 661 128 124 
39 10 219 5160 5378 5333 117 661 128 124 
39 10 219 5160 5378 5334 115 660 124 129 
39 10 219 5160 5378 5335 109 660 128 129 
39 10 219 5160 5378 5336 104 660 128 129 
39 10 219 5160 5378 5337 102 663 122 127 
39 10 219 5160 5378 5338 97 663 122 127 
39 10 219 5160 5378 5339 90 663 128 127 
39 10 219 5160 5378 5340 89 663 122 132 
39 10 219 5160 5378 5341 83 663 124 132 
39 10 219 5160 5378 5342 78 663 122 132 
39 10 219 5160 5378 5343 75 666 124 132 
39 10 219 5160 5378 5344 70 666 122 132 
39 10 219 5160 5378 5345 67 666 124 132 
39 10 219 5160 5378 5346 65 666 122 132 
39 10 219 5160 5378 5347 62 666 122 132 
39 10 219 5160 5378 5348 59 666 124 132 
39 10 219 5160 5378 5349 57 666 122 132 
39 10 219 5160 5378 5350 54 666 122 132 
39 10 219 5160 5378 5351 49 666 122 132 
39 10 219 5160 5378 5352 46 666 122 132 
39 10 219 5160 5378 5353 43 666 124 132 
39 10 219 5160 5378 5354 41 666 122 132 
39 10 219 5160 5378 5355 38 666 122 132 
39 10 219 5160 5378 5356 35 666 124 132 
39 10 219 5160 5378 5357 33 666 122 132 
39 10 219 5160 5378 5358 27 666 124 132 
39 10 219 5160 5378 5359 25 666 122 132 
39 10 219 5160 5378 5360 22 666 122 132 
39 10 219 5160 5378 5361 19 666 124 132 
39 10 219 5160 5378 5362 17 666 122 132 
39 10 219 5160 5378 5363 14 666 122 132 
39 10 219 5160 5378 5364 11 666 124 132 
39 10 219 5160 5378 5365 6 666 122 132 
39 10 219 5160 5378 5366 3 666 124 132 
39 10 219 5160 5378 5367 1 666 122 132 
39 10 219 5160 5378 5368 0 666 120 132 
39 10 219 5160 5378 5369 0 666 119 132 
39 10 219 5160 5378 5370 0 666 115 132 
39 10 219 5160 5378 5371 0 668 112 132 
39 10 219 5160 5378 5372 0 668 111 132 
39 10 219 5160 5378 5373 0 668 107 132 
39 10 219 5160 5378 5374 0 668 107 132 
39 10 219 5160 5378 5375 0 668 104 132 
39 10 219 5160 5378 5376 0 668 103 132 
39 10 219 5160 5378 5377 0 668 103 132 
39 10 219 5160 5378 5378 0 671 99 132 
40 10 241 5179 5419 5179 732 531 80 108 
40 10 241 5179 5419 5180 729 530 80 112 
40 10 241 5179 5419 5181 726 530 80 112 
40 10 241 5179 5419 5182 724 530 80 112 
40 10 241 5179 5419 5183 721 530 80 112 
40 10 241 5179 5419 5184 718 530 80 112 
40 10 241 5179 5419 5185 718 529 80 115 
40 10 241 5179 5419 5186 716 529 80 115 
40 10 241 5179 5419 5187 713 529 80 115 
40 10 241 5179 5419 5188 710 529 80 115 
40 10 241 5179 5419 5189 708 532 80 115 
40 10 241 5179 5419 5190 705 532 80 115 
40 10 241 5179 5419 5191 702 532 80 115 
40 10 241 5179 5419 5192 700 534 80 117 
40 10 241 5179 5419 5193 697 534 80 117 
40 10 241 5179 5419 5194 694 534 80 117 
40 10 241 5179 5419 5195 692 537 80 115 
40 10 241 5179 5419 5196 689 537 80 115 
40 10 241 5179 5419 5197 686 537 80 115 
40 10 241 5179 5419 5198 684 540 80 115 
40 10 241 5179 5419 5199 681 540 80 115 
40 10 241 5179 5419 5200 678 540 80 115 
40 10 241 5179 5419 5201 676 542 80 117 
40 10 241 5179 5419 5202 670 542 80 117 
40 10 241 5179 5419 5203 668 542 80 117 
40 10 241 5179 5419 5204 665 542 80 117 
40 10 241 5179 5419 5205 662 542 80 117 
40 10 241 5179 5419 5206 660 545 80 115 
40 10 241 5179 5419 5207 657 545 80 115 
40 10 241 5179 5419 5208 654 545 80 115 
40 10 241 5179 5419 5209 652 545 80 115 
40 10 241 5179 5419 5210 649 545 80 115 
40 10 241 5179 5419 5211 646 548 80 115 
40 10 241 5179 5419 5212 644 548 80 115 
40 10 241 5179 5419 5213 641 548 80 115 
40 10 241 5179 5419 5214 638 548 80 115 
40 10 241 5179 5419 5215 636 548 80 115 
40 10 241 5179 5419 5216 633 550 80 117 
40 10 241 5179 5419 5217 628 550 80 117 
40 10 241 5179 5419 5218 625 550 80 117 
40 10 241 5179 5419 5219 622 550 80 117 
40 10 241 5179 5419 5220 620 550 80 117 
40 10 241 5179 5419 5221 617 550 80 117 
40 10 241 5179 5419 5222 614 550 80 117 
40 10 241 5179 5419 5223 612 550 80 117 
40 10 241 5179 5419 5224 609 553 80 115 
40 10 241 5179 5419 5225 606 553 80 115 
40 10 241 5179 5419 5226 604 553 80 115 
40 10 241 5179 5419 5227 601 553 80 115 
40 10 241 5179 5419 5228 598 553 80 115 
40 10 241 5179 5419 5229 596 553 80 115 
40 10 241 5179 5419 5230 593 553 80 115 
40 10 241 5179 5419 5231 590 553 80 115 
40 10 241 5179 5419 5232 588 556 80 115 
40 10 241 5179 5419 5233 582 556 80 115 
40 10 241 5179 5419 5234 580 556 80 115 
40 10 241 5179 5419 5235 577 558 80 117 
40 10 241 5179 5419 5236 574 558 80 117 
40 10 241 5179 5419 5237 572 558 80 117 
40 10 241 5179 5419 5238 569 561 80 115 
40 10 241 5179 5419 5239 564 561 80 115 
40 10 241 5179 5419 5240 561 561 80 115 
40 10 241 5179 5419 5241 558 564 80 115 
40 10 241 5179 5419 5242 556 564 80 115 
40 10 241 5179 5419 5243 553 564 80 115 
40 10 241 5179 5419 5244 550 566 80 117 
40 10 241 5179 5419 5245 545 566 80 117 
40 10 241 5179 5419 5246 542 566 80 117 
40 10 241 5179 5419 5247 540 566 80 117 
40 10 241 5179 5419 5248 537 566 80 117 
40 10 241 5179 5419 5249 534 569 80 115 
40 10 241 5179 5419 5250 532 569 80 115 
40 10 241 5179 5419 5251 529 569 80 115 
40 10 241 5179 5419 5252 526 569 80 115 
40 10 241 5179 5419 5253 524 572 80 115 
40 10 241 5179 5419 5254 521 572 80 115 
40 10 241 5179 5419 5255 518 572 80 115 
40 10 241 5179 5419 5256 516 572 80 115 
40 10 241 5179 5419 5257 513 574 80 117 
40 10 241 5179 5419 5258 508 574 80 117 
40 10 241 5179 5419 5259 505 574 80 117 
40 10 241 5179 5419 5260 502 574 80 117 
40 10 241 5179 5419 5261 500 577 80 115 
40 10 241 5179 5419 5262 494 577 80 115 
40 10 241 5179 5419 5263 492 580 80 115 
40 10 241 5179 5419 5264 486 580 80 115 
40 10 241 5179 5419 5265 484 582 80 117 
40 10 241 5179 5419 5266 478 582 80 117 
40 10 241 5179 5419 5267 476 585 80 115 
40 10 241 5179 5419 5268 473 588 80 115 
40 10 241 5179 5419 5269 468 588 80 115 
40 10 241 5179 5419 5270 465 588 80 115 
40 10 241 5179 5419 5271 462 588 80 115 
40 10 241 5179 5419 5272 460 588 80 115 
40 10 241 5179 5419 5273 457 590 80 117 
40 10 241 5179 5419 5274 454 590 80 117 
40 10 241 5179 5419 5275 452 590 80 117 
40 10 241 5179 5419 5276 446 590 80 117 
40 10 241 5179 5419 5277 444 590 80 117 
40 10 241 5179 5419 5278 441 593 80 115 
40 10 241 5179 5419 5279 438 593 80 115 
40 10 241 5179 5419 5280 436 593 80 115 
40 10 241 5179 5419 5281 433 593 80 115 
40 10 241 5179 5419 5282 430 596 80 115 
40 10 241 5179 5419 5283 425 596 80 115 
40 10 241 5179 5419 5284 422 596 80 115 
40 10 241 5179 5419 5285 417 596 80 120 
40 10 241 5179 5419 5286 414 596 80 120 
40 10 241 5179 5419 5287 412 596 80 120 
40 10 241 5179 5419 5288 406 595 80 123 
40 10 241 5179 5419 5289 404 595 80 123 
40 10 241 5179 5419 5290 401 595 80 123 
40 10 241 5179 5419 5291 396 594 80 127 
40 10 241 5179 5419 5292 393 594 80 127 
40 10 241 5179 5419 5293 390 596 80 129 
40 10 241 5179 5419 5294 385 596 80 129 
40 10 241 5179 5419 5295 382 596 80 129 
40 10 241 5179 5419 5296 380 596 80 129 
40 10 241 5179 5419 5297 377 599 80 127 
40 10 241 5179 5419 5298 374 599 80 127 
40 10 241 5179 5419 5299 372 599 80 127 
40 10 241 5179 5419 5300 369 602 80 127 
40 10 241 5179 5419 5301 366 602 80 127 
40 10 241 5179 5419 5302 364 602 80 127 
40 10 241 5179 5419 5303 361 604 80 129 
40 10 241 5179 5419 5304 358 604 80 129 
40 10 241 5179 5419 5305 356 604 80 129 
40 10 241 5179 5419 5306 353 607 80 127 
40 10 241 5179 5419 5307 348 607 80 127 
40 10 241 5179 5419 5308 345 607 80 127 
40 10 241 5179 5419 5309 339 610 84 127 
40 10 241 5179 5419 5310 335 610 86 127 
40 10 241 5179 5419 5311 332 612 86 129 
40 10 241 5179 5419 5312 327 612 86 129 
40 10 241 5179 5419 5313 324 612 86 129 
40 10 241 5179 5419 5314 323 615 84 127 
40 10 241 5179 5419 5315 315 615 92 127 
40 10 241 5179 5419 5316 313 618 90 127 
40 10 241 5179 5419 5317 310 618 90 127 
40 10 241 5179 5419 5318 305 618 90 127 
40 10 241 5179 5419 5319 302 620 90 129 
40 10 241 5179 5419 5320 299 620 92 129 
40 10 241 5179 5419 5321 293 623 96 127 
40 10 241 5179 5419 5322 290 623 96 127 
40 10 241 5179 5419 5323 288 626 96 127 
40 10 241 5179 5419 5324 282 626 96 127 
40 10 241 5179 5419 5325 280 626 96 127 
40 10 241 5179 5419 5326 277 626 96 127 
40 10 241 5179 5419 5327 274 626 96 127 
40 10 241 5179 5419 5328 269 626 96 127 
40 10 241 5179 5419 5329 266 626 96 127 
40 10 241 5179 5419 5330 264 628 96 129 
40 10 241 5179 5419 5331 261 628 96 129 
40 10 241 5179 5419 5332 256 628 96 129 
40 10 241 5179 5419 5333 253 628 96 129 
40 10 241 5179 5419 5334 250 628 96 129 
40 10 241 5179 5419 5335 248 628 96 129 
40 10 241 5179 5419 5336 245 631 96 127 
40 10 241 5179 5419 5337 240 631 96 127 
40 10 241 5179 5419 5338 237 634 96 127 
40 10 241 5179 5419 5339 232 634 96 127 
40 10 241 5179 5419 5340 229 636 96 129 
40 10 241 5179 5419 5341 226 639 96 127 
40 10 241 5179 5419 5342 221 639 96 127 
40 10 241 5179 5419 5343 218 642 96 127 
40 10 241 5179 5419 5344 216 644 96 129 
40 10 241 5179 5419 5345 210 644 96 129 
40 10 241 5179 5419 5346 208 644 96 129 
40 10 241 5179 5419 5347 202 647 96 127 
40 10 241 5179 5419 5348 200 647 96 127 
40 10 241 5179 5419 5349 197 647 96 127 
40 10 241 5179 5419 5350 192 650 96 127 
40 10 241 5179 5419 5351 189 650 96 127 
40 10 241 5179 5419 5352 186 652 96 129 
40 10 241 5179 5419 5353 181 652 96 129 
40 10 241 5179 5419 5354 178 652 96 129 
40 10 241 5179 5419 5355 173 655 96 127 
40 10 241 5179 5419 5356 170 655 96 127 
40 10 241 5179 5419 5357 168 655 96 127 
40 10 241 5179 5419 5358 162 658 96 127 
40 10 241 5179 5419 5359 160 658 96 127 
40 10 241 5179 5419 5360 157 660 96 129 
40 10 241 5179 5419 5361 152 660 96 129 
40 10 241 5179 5419 5362 146 660 96 129 
40 10 241 5179 5419 5363 144 663 96 127 
40 10 241 5179 5419 5364 138 663 96 127 
40 10 241 5179 5419 5365 133 663 96 127 
40 10 241 5179 5419 5366 130 666 96 127 
40 10 241 5179 5419 5367 125 666 96 127 
40 10 241 5179 5419 5368 120 666 96 127 
40 10 241 5179 5419 5369 117 668 96 129 
40 10 241 5179 5419 5370 112 668 96 129 
40 10 241 5179 5419 5371 109 671 96 127 
40 10 241 5179 5419 5372 104 671 96 127 
40 10 241 5179 5419 5373 101 671 96 127 
40 10 241 5179 5419 5374 98 671 96 127 
40 10 241 5179 5419 5375 96 671 96 127 
40 10 241 5179 5419 5376 90 671 96 127 
40 10 241 5179 5419 5377 88 671 96 127 
40 10 241 5179 5419 5378 85 671 96 127 
40 10 241 5179 5419 5379 82 671 96 127 
40 10 241 5179 5419 5380 77 671 96 127 
40 10 241 5179 5419 5381 74 671 96 127 
40 10 241 5179 5419 5382 72 671 96 127 
40 10 241 5179 5419 5383 69 671 96 127 
40 10 241 5179 5419 5384 64 668 96 129 
40 10 241 5179 5419 5385 61 668 96 129 
40 10 241 5179 5419 5386 58 668 96 129 
40 10 241 5179 5419 5387 56 668 96 129 
40 10 241 5179 5419 5388 53 668 96 129 
40 10 241 5179 5419 5389 50 668 96 129 
40 10 241 5179 5419 5390 48 668 96 129 
40 10 241 5179 5419 5391 45 668 96 129 
40 10 241 5179 5419 5392 42 668 96 129 
40 10 241 5179 5419 5393 40 668 96 129 
40 10 241 5179 5419 5394 37 668 96 129 
40 10 241 5179 5419 5395 34 668 96 129 
40 10 241 5179 5419 5396 32 668 96 129 
40 10 241 5179 5419 5397 29 668 96 129 
40 10 241 5179 5419 5398 26 668 96 129 
40 10 241 5179 5419 5399 24 668 96 129 
40 10 241 5179 5419 5400 21 668 96 129 
40 10 241 5179 5419 5401 18 668 96 129 
40 10 241 5179 5419 5402 16 668 96 129 
40 10 241 5179 5419 5403 13 668 96 129 
40 10 241 5179 5419 5404 14 668 90 129 
40 10 241 5179 5419 5405 10 668 96 132 
40 10 241 5179 5419 5406 8 668 96 132 
40 10 241 5179 5419 5407 9 668 90 132 
40 10 241 5179 5419 5408 6 668 90 132 
40 10 241 5179 5419 5409 3 668 92 132 
40 10 241 5179 5419 5410 0 667 96 136 
40 10 241 5179 5419 5411 1 667 90 136 
40 10 241 5179 5419 5412 0 667 88 136 
40 10 241 5179 5419 5413 0 667 87 136 
40 10 241 5179 5419 5414 0 670 87 136 
40 10 241 5179 5419 5415 0 670 83 136 
40 10 241 5179 5419 5416 0 670 79 136 
40 10 241 5179 5419 5417 0 670 77 136 
40 10 241 5179 5419 5418 0 670 73 136 
40 10 241 5179 5419 5419 0 670 70 136 
44 2 157 8223 8379 8223 192 517 128 104 
44 2 157 8223 8379 8224 192 517 128 104 
44 2 157 8223 8379 8225 192 517 128 104 
44 2 157 8223 8379 8226 192 517 128 104 
44 2 157 8223 8379 8227 192 517 128 104 
44 2 157 8223 8379 8228 192 517 128 104 
44 2 157 8223 8379 8229 192 517 128 104 
44 2 157 8223 8379 8230 192 517 128 104 
44 2 157 8223 8379 8231 192 517 128 104 
44 2 157 8223 8379 8232 192 517 128 104 
44 2 157 8223 8379 8233 192 517 128 104 
44 2 157 8223 8379 8234 192 517 128 104 
44 2 157 8223 8379 8235 192 517 128 104 
44 2 157 8223 8379 8236 192 517 128 104 
44 2 157 8223 8379 8237 192 517 128 104 
44 2 157 8223 8379 8238 192 517 128 104 
44 2 157 8223 8379 8239 192 517 128 104 
44 2 157 8223 8379 8240 192 517 128 104 
44 2 157 8223 8379 8241 192 517 128 104 
44 2 157 8223 8379 8242 192 517 128 104 
44 2 157 8223 8379 8243 192 517 128 104 
44 2 157 8223 8379 8244 192 517 128 104 
44 2 157 8223 8379 8245 192 517 128 104 
44 2 157 8223 8379 8246 192 517 128 104 
44 2 157 8223 8379 8247 192 517 128 104 
44 2 157 8223 8379 8248 192 517 128 104 
44 2 157 8223 8379 8249 192 517 128 104 
44 2 157 8223 8379 8250 192 517 128 104 
44 2 157 8223 8379 8251 192 517 128 104 
44 2 157 8223 8379 8252 192 517 128 104 
44 2 157 8223 8379 8253 192 517 128 104 
44 2 157 8223 8379 8254 192 517 128 104 
44 2 157 8223 8379 8255 192 517 128 104 
44 2 157 8223 8379 8256 192 517 128 104 
44 2 157 8223 8379 8257 192 517 128 104 
44 2 157 8223 8379 8258 192 517 128 104 
44 2 157 8223 8379 8259 192 517 128 104 
44 2 157 8223 8379 8260 192 517 128 104 
44 2 157 8223 8379 8261 192 517 128 104 
44 2 157 8223 8379 8262 192 517 128 104 
44 2 157 8223 8379 8263 192 517 128 104 
44 2 157 8223 8379 8264 192 517 128 104 
44 2 157 8223 8379 8265 192 517 128 104 
44 2 157 8223 8379 8266 192 517 128 104 
44 2 157 8223 8379 8267 192 517 128 104 
44 2 157 8223 8379 8268 192 517 128 104 
44 2 157 8223 8379 8269 192 517 128 104 
44 2 157 8223 8379 8270 192 517 128 104 
44 2 157 8223 8379 8271 192 517 128 104 
44 2 157 8223 8379 8272 192 517 128 104 
44 2 157 8223 8379 8273 192 517 128 104 
44 2 157 8223 8379 8274 192 517 128 104 
44 2 157 8223 8379 8275 192 517 128 104 
44 2 157 8223 8379 8276 192 517 128 104 
44 2 157 8223 8379 8277 192 517 128 104 
44 2 157 8223 8379 8278 192 517 128 104 
44 2 157 8223 8379 8279 192 517 128 104 
44 2 157 8223 8379 8280 192 517 128 104 
44 2 157 8223 8379 8281 192 517 128 104 
44 2 157 8223 8379 8282 192 517 128 104 
44 2 157 8223 8379 8283 192 517 128 104 
44 2 157 8223 8379 8284 192 517 128 104 
44 2 157 8223 8379 8285 192 517 128 104 
44 2 157 8223 8379 8286 192 517 128 104 
44 2 157 8223 8379 8287 192 517 128 104 
44 2 157 8223 8379 8288 192 517 128 104 
44 2 157 8223 8379 8289 192 517 128 104 
44 2 157 8223 8379 8290 192 517 128 104 
44 2 157 8223 8379 8291 192 517 128 104 
44 2 157 8223 8379 8292 192 517 128 104 
44 2 157 8223 8379 8293 192 517 128 104 
44 2 157 8223 8379 8294 192 517 128 104 
44 2 157 8223 8379 8295 192 517 128 104 
44 2 157 8223 8379 8296 192 517 128 104 
44 2 157 8223 8379 8297 192 517 128 104 
44 2 157 8223 8379 8298 192 517 128 104 
44 2 157 8223 8379 8299 192 517 128 104 
44 2 157 8223 8379 8300 192 517 128 104 
44 2 157 8223 8379 8301 192 517 128 104 
44 2 157 8223 8379 8302 192 517 128 104 
44 2 157 8223 8379 8303 192 517 128 104 
44 2 157 8223 8379 8304 192 517 128 104 
44 2 157 8223 8379 8305 192 517 128 104 
44 2 157 8223 8379 8306 192 517 128 104 
44 2 157 8223 8379 8307 192 517 128 104 
44 2 157 8223 8379 8308 192 517 128 104 
44 2 157 8223 8379 8309 192 517 128 104 
44 2 157 8223 8379 8310 192 517 128 104 
44 2 157 8223 8379 8311 192 517 128 104 
44 2 157 8223 8379 8312 192 517 128 104 
44 2 157 8223 8379 8313 192 517 128 104 
44 2 157 8223 8379 8314 192 517 128 104 
44 2 157 8223 8379 8315 192 517 128 104 
44 2 157 8223 8379 8316 192 517 128 104 
44 2 157 8223 8379 8317 192 517 128 104 
44 2 157 8223 8379 8318 192 517 128 104 
44 2 157 8223 8379 8319 192 517 128 104 
44 2 157 8223 8379 8320 192 517 128 104 
44 2 157 8223 8379 8321 192 517 128 104 
44 2 157 8223 8379 8322 192 517 128 104 
44 2 157 8223 8379 8323 192 517 128 104 
44 2 157 8223 8379 8324 192 517 128 104 
44 2 157 8223 8379 8325 192 517 128 104 
44 2 157 8223 8379 8326 192 517 128 104 
44 2 157 8223 8379 8327 192 517 128 104 
44 2 157 8223 8379 8328 192 517 128 104 
44 2 157 8223 8379 8329 192 517 128 104 
44 2 157 8223 8379 8330 192 517 128 104 
44 2 157 8223 8379 8331 192 517 128 104 
44 2 157 8223 8379 8332 192 517 128 104 
44 2 157 8223 8379 8333 192 517 128 104 
44 2 157 8223 8379 8334 192 517 128 104 
44 2 157 8223 8379 8335 192 517 128 104 
44 2 157 8223 8379 8336 192 517 128 104 
44 2 157 8223 8379 8337 192 517 128 104 
44 2 157 8223 8379 8338 192 517 128 104 
44 2 157 8223 8379 8339 192 517 128 104 
44 2 157 8223 8379 8340 192 517 128 104 
44 2 157 8223 8379 8341 192 517 128 104 
44 2 157 8223 8379 8342 192 517 128 104 
44 2 157 8223 8379 8343 192 517 128 104 
44 2 157 8223 8379 8344 192 517 128 104 
44 2 157 8223 8379 8345 192 517 128 104 
44 2 157 8223 8379 8346 192 517 128 104 
44 2 157 8223 8379 8347 192 517 128 104 
44 2 157 8223 8379 8348 192 517 128 104 
44 2 157 8223 8379 8349 192 517 128 104 
44 2 157 8223 8379 8350 192 517 128 104 
44 2 157 8223 8379 8351 192 517 128 104 
44 2 157 8223 8379 8352 192 517 128 104 
44 2 157 8223 8379 8353 192 517 128 104 
44 2 157 8223 8379 8354 192 517 128 104 
44 2 157 8223 8379 8355 192 517 128 104 
44 2 157 8223 8379 8356 192 517 128 104 
44 2 157 8223 8379 8357 192 517 128 104 
44 2 157 8223 8379 8358 192 517 128 104 
44 2 157 8223 8379 8359 192 517 128 104 
44 2 157 8223 8379 8360 192 517 128 104 
44 2 157 8223 8379 8361 192 517 128 104 
44 2 157 8223 8379 8362 192 517 128 104 
44 2 157 8223 8379 8363 192 517 128 104 
44 2 157 8223 8379 8364 192 517 128 104 
44 2 157 8223 8379 8365 192 517 128 104 
44 2 157 8223 8379 8366 192 517 128 104 
44 2 157 8223 8379 8367 192 517 128 104 
44 2 157 8223 8379 8368 192 517 128 104 
44 2 157 8223 8379 8369 192 517 128 104 
44 2 157 8223 8379 8370 192 517 128 104 
44 2 157 8223 8379 8371 192 517 128 104 
44 2 157 8223 8379 8372 192 517 128 104 
44 2 157 8223 8379 8373 192 517 128 104 
44 2 157 8223 8379 8374 192 517 128 104 
44 2 157 8223 8379 8375 192 517 128 104 
44 2 157 8223 8379 8376 192 517 128 104 
44 2 157 8223 8379 8377 192 517 128 104 
44 2 157 8223 8379 8378 192 517 128 104 
44 2 157 8223 8379 8379 192 517 128 104 
45 9 1389 3990 5378 3990 1855 380 64 81 
45 9 1389 3990 5378 3991 1853 380 65 81 
45 9 1389 3990 5378 3992 1853 380 65 81 
45 9 1389 3990 5378 3993 1853 380 65 81 
45 9 1389 3990 5378 3994 1853 380 65 81 
45 9 1389 3990 5378 3995 1853 380 65 81 
45 9 1389 3990 5378 3996 1853 380 65 81 
45 9 1389 3990 5378 3997 1853 380 65 81 
45 9 1389 3990 5378 3998 1853 380 65 81 
45 9 1389 3990 5378 3999 1853 380 65 81 
45 9 1389 3990 5378 4000 1853 380 65 81 
45 9 1389 3990 5378 4001 1853 384 65 76 
45 9 1389 3990 5378 4002 1853 384 65 76 
45 9 1389 3990 5378 4003 1853 384 65 76 
45 9 1389 3990 5378 4004 1853 384 65 76 
45 9 1389 3990 5378 4005 1853 384 65 76 
45 9 1389 3990 5378 4006 1853 384 65 76 
45 9 1389 3990 5378 4007 1853 384 65 76 
45 9 1389 3990 5378 4008 1853 384 65 76 
45 9 1389 3990 5378 4009 1853 384 65 76 
45 9 1389 3990 5378 4010 1853 384 65 76 
45 9 1389 3990 5378 4011 1853 387 65 75 
45 9 1389 3990 5378 4012 1850 387 68 75 
45 9 1389 3990 5378 4013 1850 387 68 75 
45 9 1389 3990 5378 4014 1850 387 68 75 
45 9 1389 3990 5378 4015 1850 387 68 75 
45 9 1389 3990 5378 4016 1850 387 68 75 
45 9 1389 3990 5378 4017 1850 387 68 75 
45 9 1389 3990 5378 4018 1850 386 68 79 
45 9 1389 3990 5378 4019 1850 386 68 79 
45 9 1389 3990 5378 4020 1850 386 68 79 
45 9 1389 3990 5378 4021 1850 386 68 79 
45 9 1389 3990 5378 4022 1850 386 68 79 
45 9 1389 3990 5378 4023 1850 386 68 79 
45 9 1389 3990 5378 4024 1850 386 68 79 
45 9 1389 3990 5378 4025 1850 386 68 84 
45 9 1389 3990 5378 4026 1850 386 68 84 
45 9 1389 3990 5378 4027 1850 386 68 84 
45 9 1389 3990 5378 4028 1850 386 68 84 
45 9 1389 3990 5378 4029 1850 386 68 84 
45 9 1389 3990 5378 4030 1851 388 67 81 
45 9 1389 3990 5378 4031 1851 388 67 81 
45 9 1389 3990 5378 4032 1851 388 67 84 
45 9 1389 3990 5378 4033 1851 388 67 84 
45 9 1389 3990 5378 4034 1851 388 67 84 
45 9 1389 3990 5378 4035 1851 388 67 84 
45 9 1389 3990 5378 4036 1851 388 67 84 
45 9 1389 3990 5378 4037 1851 388 67 84 
45 9 1389 3990 5378 4038 1851 388 67 84 
45 9 1389 3990 5378 4039 1851 387 67 88 
45 9 1389 3990 5378 4040 1847 387 72 88 
45 9 1389 3990 5378 4041 1847 387 72 88 
45 9 1389 3990 5378 4042 1847 387 72 88 
45 9 1389 3990 5378 4043 1847 387 72 88 
45 9 1389 3990 5378 4044 1847 387 72 88 
45 9 1389 3990 5378 4045 1847 387 72 88 
45 9 1389 3990 5378 4046 1847 386 72 93 
45 9 1389 3990 5378 4047 1847 386 72 93 
45 9 1389 3990 5378 4048 1847 386 72 93 
45 9 1389 3990 5378 4049 1848 390 70 88 
45 9 1389 3990 5378 4050 1848 390 70 88 
45 9 1389 3990 5378 4051 1848 390 70 88 
45 9 1389 3990 5378 4052 1848 390 70 88 
45 9 1389 3990 5378 4053 1848 389 70 91 
45 9 1389 3990 5378 4054 1848 389 70 91 
45 9 1389 3990 5378 4055 1848 389 70 91 
45 9 1389 3990 5378 4056 1848 389 70 91 
45 9 1389 3990 5378 4057 1848 389 70 91 
45 9 1389 3990 5378 4058 1848 389 70 91 
45 9 1389 3990 5378 4059 1848 389 70 91 
45 9 1389 3990 5378 4060 1848 389 70 96 
45 9 1389 3990 5378 4061 1848 389 70 96 
45 9 1389 3990 5378 4062 1848 389 70 96 
45 9 1389 3990 5378 4063 1848 389 70 96 
45 9 1389 3990 5378 4064 1848 389 70 96 
45 9 1389 3990 5378 4065 1848 389 70 96 
45 9 1389 3990 5378 4066 1848 389 70 96 
45 9 1389 3990 5378 4067 1848 392 70 96 
45 9 1389 3990 5378 4068 1848 392 70 96 
45 9 1389 3990 5378 4069 1848 392 70 96 
45 9 1389 3990 5378 4070 1848 392 70 96 
45 9 1389 3990 5378 4071 1848 392 70 96 
45 9 1389 3990 5378 4072 1848 392 70 96 
45 9 1389 3990 5378 4073 1848 392 70 96 
45 9 1389 3990 5378 4074 1848 392 70 96 
45 9 1389 3990 5378 4075 1848 392 70 96 
45 9 1389 3990 5378 4076 1848 392 70 96 
45 9 1389 3990 5378 4077 1848 392 70 96 
45 9 1389 3990 5378 4078 1848 392 70 96 
45 9 1389 3990 5378 4079 1848 392 70 96 
45 9 1389 3990 5378 4080 1848 394 70 96 
45 9 1389 3990 5378 4081 1848 394 70 96 
45 9 1389 3990 5378 4082 1848 394 70 96 
45 9 1389 3990 5378 4083 1848 394 70 96 
45 9 1389 3990 5378 4084 1848 394 70 96 
45 9 1389 3990 5378 4085 1848 394 70 96 
45 9 1389 3990 5378 4086 1848 394 70 96 
45 9 1389 3990 5378 4087 1848 394 70 96 
45 9 1389 3990 5378 4088 1848 394 70 96 
45 9 1389 3990 5378 4089 1848 394 70 96 
45 9 1389 3990 5378 4090 1848 394 70 96 
45 9 1389 3990 5378 4091 1848 394 70 96 
45 9 1389 3990 5378 4092 1848 394 70 96 
45 9 1389 3990 5378 4093 1848 397 70 96 
45 9 1389 3990 5378 4094 1848 397 70 96 
45 9 1389 3990 5378 4095 1848 397 70 96 
45 9 1389 3990 5378 4096 1848 397 70 96 
45 9 1389 3990 5378 4097 1848 397 70 96 
45 9 1389 3990 5378 4098 1848 397 70 96 
45 9 1389 3990 5378 4099 1848 397 70 96 
45 9 1389 3990 5378 4100 1848 397 70 96 
45 9 1389 3990 5378 4101 1848 397 70 96 
45 9 1389 3990 5378 4102 1848 397 70 96 
45 9 1389 3990 5378 4103 1848 397 70 96 
45 9 1389 3990 5378 4104 1848 397 70 96 
45 9 1389 3990 5378 4105 1848 397 70 96 
45 9 1389 3990 5378 4106 1848 400 70 96 
45 9 1389 3990 5378 4107 1848 400 70 96 
45 9 1389 3990 5378 4108 1848 400 70 96 
45 9 1389 3990 5378 4109 1848 400 70 96 
45 9 1389 3990 5378 4110 1848 400 70 96 
45 9 1389 3990 5378 4111 1848 400 70 96 
45 9 1389 3990 5378 4112 1848 400 70 96 
45 9 1389 3990 5378 4113 1848 400 70 96 
45 9 1389 3990 5378 4114 1848 400 70 96 
45 9 1389 3990 5378 4115 1848 400 70 96 
45 9 1389 3990 5378 4116 1848 400 70 96 
45 9 1389 3990 5378 4117 1848 400 70 96 
45 9 1389 3990 5378 4118 1848 400 70 96 
45 9 1389 3990 5378 4119 1848 402 70 96 
45 9 1389 3990 5378 4120 1848 402 70 96 
45 9 1389 3990 5378 4121 1848 402 70 96 
45 9 1389 3990 5378 4122 1848 402 70 96 
45 9 1389 3990 5378 4123 1848 402 70 96 
45 9 1389 3990 5378 4124 1848 402 70 96 
45 9 1389 3990 5378 4125 1848 402 70 96 
45 9 1389 3990 5378 4126 1848 402 70 96 
45 9 1389 3990 5378 4127 1848 402 70 96 
45 9 1389 3990 5378 4128 1848 402 70 96 
45 9 1389 3990 5378 4129 1848 402 70 96 
45 9 1389 3990 5378 4130 1848 402 70 96 
45 9 1389 3990 5378 4131 1848 402 70 96 
45 9 1389 3990 5378 4132 1851 405 67 96 
45 9 1389 3990 5378 4133 1848 405 70 96 
45 9 1389 3990 5378 4134 1848 405 70 96 
45 9 1389 3990 5378 4135 1848 405 70 96 
45 9 1389 3990 5378 4136 1848 405 70 96 
45 9 1389 3990 5378 4137 1848 405 70 96 
45 9 1389 3990 5378 4138 1848 405 70 96 
45 9 1389 3990 5378 4139 1848 405 70 96 
45 9 1389 3990 5378 4140 1848 405 70 96 
45 9 1389 3990 5378 4141 1848 405 70 96 
45 9 1389 3990 5378 4142 1848 405 70 96 
45 9 1389 3990 5378 4143 1848 405 70 96 
45 9 1389 3990 5378 4144 1848 405 70 96 
45 9 1389 3990 5378 4145 1848 405 70 96 
45 9 1389 3990 5378 4146 1848 408 70 96 
45 9 1389 3990 5378 4147 1848 408 70 96 
45 9 1389 3990 5378 4148 1848 408 70 96 
45 9 1389 3990 5378 4149 1848 408 70 96 
45 9 1389 3990 5378 4150 1848 408 70 96 
45 9 1389 3990 5378 4151 1848 408 70 96 
45 9 1389 3990 5378 4152 1848 408 70 96 
45 9 1389 3990 5378 4153 1848 408 70 96 
45 9 1389 3990 5378 4154 1848 408 70 96 
45 9 1389 3990 5378 4155 1848 408 70 96 
45 9 1389 3990 5378 4156 1848 408 70 96 
45 9 1389 3990 5378 4157 1848 408 70 96 
45 9 1389 3990 5378 4158 1848 408 70 96 
45 9 1389 3990 5378 4159 1848 408 70 96 
45 9 1389 3990 5378 4160 1848 410 70 96 
45 9 1389 3990 5378 4161 1848 410 70 96 
45 9 1389 3990 5378 4162 1848 410 70 96 
45 9 1389 3990 5378 4163 1848 410 70 96 
45 9 1389 3990 5378 4164 1848 410 70 96 
45 9 1389 3990 5378 4165 1848 410 70 96 
45 9 1389 3990 5378 4166 1848 410 70 96 
45 9 1389 3990 5378 4167 1848 410 70 96 
45 9 1389 3990 5378 4168 1848 410 70 96 
45 9 1389 3990 5378 4169 1848 410 70 96 
45 9 1389 3990 5378 4170 1848 410 70 96 
45 9 1389 3990 5378 4171 1848 410 70 96 
45 9 1389 3990 5378 4172 1848 410 70 96 
45 9 1389 3990 5378 4173 1848 413 70 96 
45 9 1389 3990 5378 4174 1848 413 70 96 
45 9 1389 3990 5378 4175 1848 413 70 96 
45 9 1389 3990 5378 4176 1848 413 70 96 
45 9 1389 3990 5378 4177 1848 413 70 96 
45 9 1389 3990 5378 4178 1848 413 70 96 
45 9 1389 3990 5378 4179 1848 413 70 96 
45 9 1389 3990 5378 4180 1848 413 70 96 
45 9 1389 3990 5378 4181 1848 413 70 96 
45 9 1389 3990 5378 4182 1848 413 70 96 
45 9 1389 3990 5378 4183 1848 413 70 96 
45 9 1389 3990 5378 4184 1848 413 70 96 
45 9 1389 3990 5378 4185 1848 413 70 96 
45 9 1389 3990 5378 4186 1848 413 70 96 
45 9 1389 3990 5378 4187 1848 416 70 96 
45 9 1389 3990 5378 4188 1848 416 70 96 
45 9 1389 3990 5378 4189 1848 416 70 96 
45 9 1389 3990 5378 4190 1848 416 70 96 
45 9 1389 3990 5378 4191 1848 416 70 96 
45 9 1389 3990 5378 4192 1848 416 70 96 
45 9 1389 3990 5378 4193 1848 416 70 96 
45 9 1389 3990 5378 4194 1848 416 70 96 
45 9 1389 3990 5378 4195 1848 416 70 96 
45 9 1389 3990 5378 4196 1848 416 70 96 
45 9 1389 3990 5378 4197 1848 416 70 96 
45 9 1389 3990 5378 4198 1848 416 70 96 
45 9 1389 3990 5378 4199 1848 416 70 96 
45 9 1389 3990 5378 4200 1848 418 70 96 
45 9 1389 3990 5378 4201 1850 418 64 96 
45 9 1389 3990 5378 4202 1850 418 64 96 
45 9 1389 3990 5378 4203 1850 418 64 96 
45 9 1389 3990 5378 4204 1850 418 64 96 
45 9 1389 3990 5378 4205 1850 418 64 96 
45 9 1389 3990 5378 4206 1850 418 64 96 
45 9 1389 3990 5378 4207 1850 418 64 96 
45 9 1389 3990 5378 4208 1850 418 64 96 
45 9 1389 3990 5378 4209 1850 418 64 96 
45 9 1389 3990 5378 4210 1850 418 64 96 
45 9 1389 3990 5378 4211 1850 418 64 96 
45 9 1389 3990 5378 4212 1850 418 64 96 
45 9 1389 3990 5378 4213 1850 418 64 96 
45 9 1389 3990 5378 4214 1850 418 64 96 
45 9 1389 3990 5378 4215 1850 418 64 96 
45 9 1389 3990 5378 4216 1850 418 64 96 
45 9 1389 3990 5378 4217 1850 421 64 96 
45 9 1389 3990 5378 4218 1850 421 64 96 
45 9 1389 3990 5378 4219 1850 421 64 96 
45 9 1389 3990 5378 4220 1850 421 64 96 
45 9 1389 3990 5378 4221 1850 421 64 96 
45 9 1389 3990 5378 4222 1850 421 64 96 
45 9 1389 3990 5378 4223 1850 421 64 96 
45 9 1389 3990 5378 4224 1850 421 64 96 
45 9 1389 3990 5378 4225 1850 421 64 96 
45 9 1389 3990 5378 4226 1850 421 64 96 
45 9 1389 3990 5378 4227 1850 421 64 96 
45 9 1389 3990 5378 4228 1850 421 64 96 
45 9 1389 3990 5378 4229 1850 421 64 96 
45 9 1389 3990 5378 4230 1850 421 64 96 
45 9 1389 3990 5378 4231 1850 421 64 96 
45 9 1389 3990 5378 4232 1850 421 64 96 
45 9 1389 3990 5378 4233 1850 424 64 96 
45 9 1389 3990 5378 4234 1850 424 64 96 
45 9 1389 3990 5378 4235 1850 424 64 96 
45 9 1389 3990 5378 4236 1850 424 64 96 
45 9 1389 3990 5378 4237 1850 424 64 96 
45 9 1389 3990 5378 4238 1850 424 64 96 
45 9 1389 3990 5378 4239 1850 424 64 96 
45 9 1389 3990 5378 4240 1850 424 64 96 
45 9 1389 3990 5378 4241 1850 424 64 96 
45 9 1389 3990 5378 4242 1850 424 64 96 
45 9 1389 3990 5378 4243 1850 424 64 96 
45 9 1389 3990 5378 4244 1850 424 64 96 
45 9 1389 3990 5378 4245 1850 424 64 96 
45 9 1389 3990 5378 4246 1850 424 64 96 
45 9 1389 3990 5378 4247 1850 424 64 96 
45 9 1389 3990 5378 4248 1850 424 64 96 
45 9 1389 3990 5378 4249 1850 426 64 96 
45 9 1389 3990 5378 4250 1850 426 64 96 
45 9 1389 3990 5378 4251 1850 426 64 96 
45 9 1389 3990 5378 4252 1850 426 64 96 
45 9 1389 3990 5378 4253 1850 426 64 96 
45 9 1389 3990 5378 4254 1850 426 64 96 
45 9 1389 3990 5378 4255 1850 426 64 96 
45 9 1389 3990 5378 4256 1850 426 64 96 
45 9 1389 3990 5378 4257 1850 426 64 96 
45 9 1389 3990 5378 4258 1850 426 64 96 
45 9 1389 3990 5378 4259 1850 426 64 96 
45 9 1389 3990 5378 4260 1850 426 64 96 
45 9 1389 3990 5378 4261 1850 426 64 96 
45 9 1389 3990 5378 4262 1850 426 64 96 
45 9 1389 3990 5378 4263 1850 426 64 96 
45 9 1389 3990 5378 4264 1850 426 64 96 
45 9 1389 3990 5378 4265 1850 429 64 96 
45 9 1389 3990 5378 4266 1850 429 64 96 
45 9 1389 3990 5378 4267 1850 429 64 96 
45 9 1389 3990 5378 4268 1850 429 64 96 
45 9 1389 3990 5378 4269 1850 429 64 96 
45 9 1389 3990 5378 4270 1850 429 64 96 
45 9 1389 3990 5378 4271 1850 429 64 96 
45 9 1389 3990 5378 4272 1850 429 64 96 
45 9 1389 3990 5378 4273 1850 429 64 96 
45 9 1389 3990 5378 4274 1850 429 64 96 
45 9 1389 3990 5378 4275 1850 429 64 96 
45 9 1389 3990 5378 4276 1850 429 64 96 
45 9 1389 3990 5378 4277 1850 429 64 96 
45 9 1389 3990 5378 4278 1850 429 64 96 
45 9 1389 3990 5378 4279 1850 429 64 96 
45 9 1389 3990 5378 4280 1850 429 64 96 
45 9 1389 3990 5378 4281 1850 429 64 96 
45 9 1389 3990 5378 4282 1850 432 64 96 
45 9 1389 3990 5378 4283 1850 432 64 96 
45 9 1389 3990 5378 4284 1850 432 64 96 
45 9 1389 3990 5378 4285 1850 432 64 96 
45 9 1389 3990 5378 4286 1850 432 64 96 
45 9 1389 3990 5378 4287 1850 432 64 96 
45 9 1389 3990 5378 4288 1850 432 64 96 
45 9 1389 3990 5378 4289 1850 432 64 96 
45 9 1389 3990 5378 4290 1850 432 64 96 
45 9 1389 3990 5378 4291 1850 432 64 96 
45 9 1389 3990 5378 4292 1850 432 64 96 
45 9 1389 3990 5378 4293 1850 432 64 96 
45 9 1389 3990 5378 4294 1850 432 64 96 
45 9 1389 3990 5378 4295 1850 432 64 96 
45 9 1389 3990 5378 4296 1850 432 64 96 
45 9 1389 3990 5378 4297 1850 432 64 96 
45 9 1389 3990 5378 4298 1850 434 64 96 
45 9 1389 3990 5378 4299 1850 434 64 96 
45 9 1389 3990 5378 4300 1850 434 64 96 
45 9 1389 3990 5378 4301 1850 434 64 96 
45 9 1389 3990 5378 4302 1850 434 64 96 
45 9 1389 3990 5378 4303 1850 434 64 96 
45 9 1389 3990 5378 4304 1850 434 64 96 
45 9 1389 3990 5378 4305 1850 434 64 96 
45 9 1389 3990 5378 4306 1850 434 64 96 
45 9 1389 3990 5378 4307 1850 434 64 96 
45 9 1389 3990 5378 4308 1850 434 64 96 
45 9 1389 3990 5378 4309 1850 434 64 96 
45 9 1389 3990 5378 4310 1850 434 64 96 
45 9 1389 3990 5378 4311 1850 434 64 96 
45 9 1389 3990 5378 4312 1850 434 64 96 
45 9 1389 3990 5378 4313 1850 434 64 96 
45 9 1389 3990 5378 4314 1850 437 64 96 
45 9 1389 3990 5378 4315 1850 437 64 96 
45 9 1389 3990 5378 4316 1850 437 64 96 
45 9 1389 3990 5378 4317 1850 437 64 96 
45 9 1389 3990 5378 4318 1850 437 64 96 
45 9 1389 3990 5378 4319 1850 437 64 96 
45 9 1389 3990 5378 4320 1850 437 64 96 
45 9 1389 3990 5378 4321 1850 437 64 96 
45 9 1389 3990 5378 4322 1850 437 64 96 
45 9 1389 3990 5378 4323 1850 437 64 96 
45 9 1389 3990 5378 4324 1850 437 64 96 
45 9 1389 3990 5378 4325 1850 437 64 96 
45 9 1389 3990 5378 4326 1850 437 64 96 
45 9 1389 3990 5378 4327 1850 437 64 96 
45 9 1389 3990 5378 4328 1850 437 64 96 
45 9 1389 3990 5378 4329 1850 437 64 96 
45 9 1389 3990 5378 4330 1850 440 64 96 
45 9 1389 3990 5378 4331 1848 440 64 96 
45 9 1389 3990 5378 4332 1848 440 64 96 
45 9 1389 3990 5378 4333 1848 440 64 96 
45 9 1389 3990 5378 4334 1848 440 64 96 
45 9 1389 3990 5378 4335 1848 440 64 96 
45 9 1389 3990 5378 4336 1848 440 64 96 
45 9 1389 3990 5378 4337 1848 440 64 96 
45 9 1389 3990 5378 4338 1848 440 64 96 
45 9 1389 3990 5378 4339 1848 440 64 96 
45 9 1389 3990 5378 4340 1848 440 64 96 
45 9 1389 3990 5378 4341 1848 440 64 96 
45 9 1389 3990 5378 4342 1848 442 64 96 
45 9 1389 3990 5378 4343 1848 442 64 96 
45 9 1389 3990 5378 4344 1845 442 64 96 
45 9 1389 3990 5378 4345 1845 442 64 96 
45 9 1389 3990 5378 4346 1845 442 64 96 
45 9 1389 3990 5378 4347 1845 442 64 96 
45 9 1389 3990 5378 4348 1845 442 64 96 
45 9 1389 3990 5378 4349 1845 442 64 96 
45 9 1389 3990 5378 4350 1845 442 64 96 
45 9 1389 3990 5378 4351 1845 442 64 96 
45 9 1389 3990 5378 4352 1845 442 64 96 
45 9 1389 3990 5378 4353 1845 442 64 96 
45 9 1389 3990 5378 4354 1845 445 64 96 
45 9 1389 3990 5378 4355 1845 445 64 96 
45 9 1389 3990 5378 4356 1845 445 64 96 
45 9 1389 3990 5378 4357 1845 445 64 96 
45 9 1389 3990 5378 4358 1842 445 64 96 
45 9 1389 3990 5378 4359 1842 445 64 96 
45 9 1389 3990 5378 4360 1842 445 64 96 
45 9 1389 3990 5378 4361 1842 445 64 96 
45 9 1389 3990 5378 4362 1842 445 64 96 
45 9 1389 3990 5378 4363 1842 445 64 96 
45 9 1389 3990 5378 4364 1842 445 64 96 
45 9 1389 3990 5378 4365 1842 445 64 96 
45 9 1389 3990 5378 4366 1842 448 64 96 
45 9 1389 3990 5378 4367 1842 448 64 96 
45 9 1389 3990 5378 4368 1842 448 64 96 
45 9 1389 3990 5378 4369 1842 448 64 96 
45 9 1389 3990 5378 4370 1842 448 64 96 
45 9 1389 3990 5378 4371 1842 448 64 96 
45 9 1389 3990 5378 4372 1840 448 64 96 
45 9 1389 3990 5378 4373 1840 448 64 96 
45 9 1389 3990 5378 4374 1840 448 64 96 
45 9 1389 3990 5378 4375 1840 448 64 96 
45 9 1389 3990 5378 4376 1840 448 64 96 
45 9 1389 3990 5378 4377 1840 448 64 96 
45 9 1389 3990 5378 4378 1840 450 64 96 
45 9 1389 3990 5378 4379 1840 450 64 96 
45 9 1389 3990 5378 4380 1840 450 64 96 
45 9 1389 3990 5378 4381 1840 450 64 96 
45 9 1389 3990 5378 4382 1840 450 64 96 
45 9 1389 3990 5378 4383 1840 450 64 96 
45 9 1389 3990 5378 4384 1840 450 64 96 
45 9 1389 3990 5378 4385 1840 450 64 96 
45 9 1389 3990 5378 4386 1837 450 64 96 
45 9 1389 3990 5378 4387 1837 450 64 96 
45 9 1389 3990 5378 4388 1837 450 64 96 
45 9 1389 3990 5378 4389 1837 450 64 96 
45 9 1389 3990 5378 4390 1837 453 64 96 
45 9 1389 3990 5378 4391 1837 453 64 96 
45 9 1389 3990 5378 4392 1837 453 64 96 
45 9 1389 3990 5378 4393 1837 453 64 96 
45 9 1389 3990 5378 4394 1837 453 64 96 
45 9 1389 3990 5378 4395 1837 453 64 96 
45 9 1389 3990 5378 4396 1837 453 64 96 
45 9 1389 3990 5378 4397 1837 453 64 96 
45 9 1389 3990 5378 4398 1837 453 64 96 
45 9 1389 3990 5378 4399 1837 453 64 96 
45 9 1389 3990 5378 4400 1834 453 64 96 
45 9 1389 3990 5378 4401 1834 453 64 96 
45 9 1389 3990 5378 4402 1834 456 64 96 
45 9 1389 3990 5378 4403 1834 456 64 96 
45 9 1389 3990 5378 4404 1834 456 64 96 
45 9 1389 3990 5378 4405 1834 456 64 96 
45 9 1389 3990 5378 4406 1834 456 64 96 
45 9 1389 3990 5378 4407 1834 456 64 96 
45 9 1389 3990 5378 4408 1834 456 64 96 
45 9 1389 3990 5378 4409 1834 456 64 96 
45 9 1389 3990 5378 4410 1834 456 64 96 
45 9 1389 3990 5378 4411 1834 456 64 96 
45 9 1389 3990 5378 4412 1834 456 64 96 
45 9 1389 3990 5378 4413 1834 458 64 96 
45 9 1389 3990 5378 4414 1832 458 64 96 
45 9 1389 3990 5378 4415 1832 458 64 96 
45 9 1389 3990 5378 4416 1829 458 64 96 
45 9 1389 3990 5378 4417 1829 458 64 96 
45 9 1389 3990 5378 4418 1829 458 64 96 
45 9 1389 3990 5378 4419 1826 458 64 96 
45 9 1389 3990 5378 4420 1826 458 64 96 
45 9 1389 3990 5378 4421 1826 458 64 96 
45 9 1389 3990 5378 4422 1824 458 64 96 
45 9 1389 3990 5378 4423 1824 458 64 96 
45 9 1389 3990 5378 4424 1824 461 64 96 
45 9 1389 3990 5378 4425 1821 461 64 96 
45 9 1389 3990 5378 4426 1821 461 64 96 
45 9 1389 3990 5378 4427 1821 461 64 96 
45 9 1389 3990 5378 4428 1818 461 64 96 
45 9 1389 3990 5378 4429 1818 461 64 96 
45 9 1389 3990 5378 4430 1818 461 64 96 
45 9 1389 3990 5378 4431 1816 461 64 96 
45 9 1389 3990 5378 4432 1816 461 64 96 
45 9 1389 3990 5378 4433 1813 461 64 96 
45 9 1389 3990 5378 4434 1813 464 64 96 
45 9 1389 3990 5378 4435 1813 464 64 96 
45 9 1389 3990 5378 4436 1810 464 64 96 
45 9 1389 3990 5378 4437 1810 464 64 96 
45 9 1389 3990 5378 4438 1810 464 64 96 
45 9 1389 3990 5378 4439 1808 464 64 96 
45 9 1389 3990 5378 4440 1808 464 64 96 
45 9 1389 3990 5378 4441 1808 464 64 96 
45 9 1389 3990 5378 4442 1805 464 64 96 
45 9 1389 3990 5378 4443 1805 464 64 96 
45 9 1389 3990 5378 4444 1805 466 64 96 
45 9 1389 3990 5378 4445 1802 466 64 96 
45 9 1389 3990 5378 4446 1802 466 64 96 
45 9 1389 3990 5378 4447 1802 466 64 96 
45 9 1389 3990 5378 4448 1800 466 64 96 
45 9 1389 3990 5378 4449 1800 466 64 96 
45 9 1389 3990 5378 4450 1797 466 64 96 
45 9 1389 3990 5378 4451 1797 466 64 96 
45 9 1389 3990 5378 4452 1797 466 64 96 
45 9 1389 3990 5378 4453 1794 466 64 96 
45 9 1389 3990 5378 4454 1794 469 64 96 
45 9 1389 3990 5378 4455 1794 469 64 96 
45 9 1389 3990 5378 4456 1792 469 64 96 
45 9 1389 3990 5378 4457 1792 469 64 96 
45 9 1389 3990 5378 4458 1792 469 64 96 
45 9 1389 3990 5378 4459 1789 469 64 96 
45 9 1389 3990 5378 4460 1789 469 64 96 
45 9 1389 3990 5378 4461 1789 469 64 96 
45 9 1389 3990 5378 4462 1786 469 64 96 
45 9 1389 3990 5378 4463 1786 469 64 96 
45 9 1389 3990 5378 4464 1786 472 64 96 
45 9 1389 3990 5378 4465 1784 472 64 96 
45 9 1389 3990 5378 4466 1784 472 64 96 
45 9 1389 3990 5378 4467 1781 472 64 96 
45 9 1389 3990 5378 4468 1781 472 64 96 
45 9 1389 3990 5378 4469 1778 472 64 96 
45 9 1389 3990 5378 4470 1778 472 64 96 
45 9 1389 3990 5378 4471 1776 472 64 96 
45 9 1389 3990 5378 4472 1776 472 64 96 
45 9 1389 3990 5378 4473 1776 472 64 96 
45 9 1389 3990 5378 4474 1773 472 64 96 
45 9 1389 3990 5378 4475 1773 472 64 96 
45 9 1389 3990 5378 4476 1770 474 64 96 
45 9 1389 3990 5378 4477 1770 474 64 96 
45 9 1389 3990 5378 4478 1768 474 64 96 
45 9 1389 3990 5378 4479 1768 474 64 96 
45 9 1389 3990 5378 4480 1765 474 64 96 
45 9 1389 3990 5378 4481 1765 474 64 96 
45 9 1389 3990 5378 4482 1765 474 64 96 
45 9 1389 3990 5378 4483 1762 474 64 96 
45 9 1389 3990 5378 4484 1762 474 64 96 
45 9 1389 3990 5378 4485 1760 474 64 96 
45 9 1389 3990 5378 4486 1760 474 64 96 
45 9 1389 3990 5378 4487 1757 474 64 96 
45 9 1389 3990 5378 4488 1757 477 64 96 
45 9 1389 3990 5378 4489 1754 477 64 96 
45 9 1389 3990 5378 4490 1754 477 64 96 
45 9 1389 3990 5378 4491 1754 477 64 96 
45 9 1389 3990 5378 4492 1752 477 64 96 
45 9 1389 3990 5378 4493 1752 477 64 96 
45 9 1389 3990 5378 4494 1749 477 64 96 
45 9 1389 3990 5378 4495 1749 477 64 96 
45 9 1389 3990 5378 4496 1746 477 64 96 
45 9 1389 3990 5378 4497 1746 477 64 96 
45 9 1389 3990 5378 4498 1744 477 64 96 
45 9 1389 3990 5378 4499 1744 477 64 96 
45 9 1389 3990 5378 4500 1744 480 64 96 
45 9 1389 3990 5378 4501 1735 479 76 99 
45 9 1389 3990 5378 4502 1732 478 80 108 
45 9 1389 3990 5378 4503 1727 476 86 115 
45 9 1389 3990 5378 4504 1724 476 86 115 
45 9 1389 3990 5378 4505 1724 476 86 115 
45 9 1389 3990 5378 4506 1723 476 84 115 
45 9 1389 3990 5378 4507 1723 476 84 115 
45 9 1389 3990 5378 4508 1719 476 86 115 
45 9 1389 3990 5378 4509 1719 476 86 115 
45 9 1389 3990 5378 4510 1716 476 86 115 
45 9 1389 3990 5378 4511 1716 476 86 115 
45 9 1389 3990 5378 4512 1715 476 84 115 
45 9 1389 3990 5378 4513 1715 476 84 115 
45 9 1389 3990 5378 4514 1711 476 86 115 
45 9 1389 3990 5378 4515 1711 476 86 115 
45 9 1389 3990 5378 4516 1708 476 86 115 
45 9 1389 3990 5378 4517 1708 476 86 115 
45 9 1389 3990 5378 4518 1707 476 84 115 
45 9 1389 3990 5378 4519 1707 476 84 115 
45 9 1389 3990 5378 4520 1703 476 86 115 
45 9 1389 3990 5378 4521 1703 476 86 115 
45 9 1389 3990 5378 4522 1700 476 86 115 
45 9 1389 3990 5378 4523 1700 476 86 115 
45 9 1389 3990 5378 4524 1699 476 84 115 
45 9 1389 3990 5378 4525 1699 478 84 117 
45 9 1389 3990 5378 4526 1695 478 86 117 
45 9 1389 3990 5378 4527 1695 478 86 117 
45 9 1389 3990 5378 4528 1692 478 86 117 
45 9 1389 3990 5378 4529 1692 478 86 117 
45 9 1389 3990 5378 4530 1691 478 84 117 
45 9 1389 3990 5378 4531 1691 478 84 117 
45 9 1389 3990 5378 4532 1687 478 86 117 
45 9 1389 3990 5378 4533 1687 478 86 117 
45 9 1389 3990 5378 4534 1684 478 86 117 
45 9 1389 3990 5378 4535 1684 478 86 117 
45 9 1389 3990 5378 4536 1683 478 84 117 
45 9 1389 3990 5378 4537 1683 478 84 117 
45 9 1389 3990 5378 4538 1679 478 86 117 
45 9 1389 3990 5378 4539 1679 478 86 117 
45 9 1389 3990 5378 4540 1676 478 86 117 
45 9 1389 3990 5378 4541 1676 478 86 117 
45 9 1389 3990 5378 4542 1675 478 84 117 
45 9 1389 3990 5378 4543 1675 478 84 117 
45 9 1389 3990 5378 4544 1671 478 86 117 
45 9 1389 3990 5378 4545 1671 478 86 117 
45 9 1389 3990 5378 4546 1668 478 86 117 
45 9 1389 3990 5378 4547 1668 481 86 115 
45 9 1389 3990 5378 4548 1667 481 84 115 
45 9 1389 3990 5378 4549 1667 481 84 115 
45 9 1389 3990 5378 4550 1663 481 86 115 
45 9 1389 3990 5378 4551 1663 481 86 115 
45 9 1389 3990 5378 4552 1660 481 86 115 
45 9 1389 3990 5378 4553 1660 481 86 115 
45 9 1389 3990 5378 4554 1659 481 84 115 
45 9 1389 3990 5378 4555 1659 481 84 115 
45 9 1389 3990 5378 4556 1655 481 86 115 
45 9 1389 3990 5378 4557 1655 481 86 115 
45 9 1389 3990 5378 4558 1652 481 86 115 
45 9 1389 3990 5378 4559 1652 481 86 115 
45 9 1389 3990 5378 4560 1651 481 84 115 
45 9 1389 3990 5378 4561 1651 481 84 115 
45 9 1389 3990 5378 4562 1647 481 86 115 
45 9 1389 3990 5378 4563 1647 481 86 115 
45 9 1389 3990 5378 4564 1644 481 86 115 
45 9 1389 3990 5378 4565 1644 481 86 115 
45 9 1389 3990 5378 4566 1643 481 84 115 
45 9 1389 3990 5378 4567 1643 481 84 115 
45 9 1389 3990 5378 4568 1639 484 86 115 
45 9 1389 3990 5378 4569 1639 484 86 115 
45 9 1389 3990 5378 4570 1636 484 86 115 
45 9 1389 3990 5378 4571 1636 484 86 115 
45 9 1389 3990 5378 4572 1635 484 84 115 
45 9 1389 3990 5378 4573 1635 484 84 115 
45 9 1389 3990 5378 4574 1631 484 86 115 
45 9 1389 3990 5378 4575 1631 484 86 115 
45 9 1389 3990 5378 4576 1628 484 86 115 
45 9 1389 3990 5378 4577 1628 484 86 115 
45 9 1389 3990 5378 4578 1627 484 84 115 
45 9 1389 3990 5378 4579 1627 484 84 115 
45 9 1389 3990 5378 4580 1623 484 86 115 
45 9 1389 3990 5378 4581 1623 484 86 115 
45 9 1389 3990 5378 4582 1620 484 86 115 
45 9 1389 3990 5378 4583 1620 484 86 115 
45 9 1389 3990 5378 4584 1619 484 84 115 
45 9 1389 3990 5378 4585 1619 484 84 115 
45 9 1389 3990 5378 4586 1615 484 86 115 
45 9 1389 3990 5378 4587 1615 484 86 115 
45 9 1389 3990 5378 4588 1612 484 86 115 
45 9 1389 3990 5378 4589 1612 484 86 115 
45 9 1389 3990 5378 4590 1611 486 84 117 
45 9 1389 3990 5378 4591 1611 486 84 117 
45 9 1389 3990 5378 4592 1607 486 86 117 
45 9 1389 3990 5378 4593 1607 486 86 117 
45 9 1389 3990 5378 4594 1604 486 86 117 
45 9 1389 3990 5378 4595 1604 486 86 117 
45 9 1389 3990 5378 4596 1603 486 84 117 
45 9 1389 3990 5378 4597 1603 486 84 117 
45 9 1389 3990 5378 4598 1599 486 86 117 
45 9 1389 3990 5378 4599 1599 486 86 117 
45 9 1389 3990 5378 4600 1596 486 86 117 
45 9 1389 3990 5378 4601 1596 486 86 117 
45 9 1389 3990 5378 4602 1595 486 84 117 
45 9 1389 3990 5378 4603 1595 486 84 117 
45 9 1389 3990 5378 4604 1591 486 86 117 
45 9 1389 3990 5378 4605 1591 486 86 117 
45 9 1389 3990 5378 4606 1588 486 86 117 
45 9 1389 3990 5378 4607 1588 486 86 117 
45 9 1389 3990 5378 4608 1587 486 84 117 
45 9 1389 3990 5378 4609 1587 486 84 117 
45 9 1389 3990 5378 4610 1583 486 86 117 
45 9 1389 3990 5378 4611 1583 489 86 115 
45 9 1389 3990 5378 4612 1580 489 86 115 
45 9 1389 3990 5378 4613 1580 489 86 115 
45 9 1389 3990 5378 4614 1579 489 84 115 
45 9 1389 3990 5378 4615 1579 489 84 115 
45 9 1389 3990 5378 4616 1575 489 86 115 
45 9 1389 3990 5378 4617 1575 489 86 115 
45 9 1389 3990 5378 4618 1572 489 86 115 
45 9 1389 3990 5378 4619 1572 489 86 115 
45 9 1389 3990 5378 4620 1571 489 84 115 
45 9 1389 3990 5378 4621 1571 489 84 115 
45 9 1389 3990 5378 4622 1567 489 86 115 
45 9 1389 3990 5378 4623 1567 489 86 115 
45 9 1389 3990 5378 4624 1564 489 86 115 
45 9 1389 3990 5378 4625 1564 489 86 115 
45 9 1389 3990 5378 4626 1563 489 84 115 
45 9 1389 3990 5378 4627 1563 489 84 115 
45 9 1389 3990 5378 4628 1559 489 86 115 
45 9 1389 3990 5378 4629 1559 489 86 115 
45 9 1389 3990 5378 4630 1556 489 86 115 
45 9 1389 3990 5378 4631 1556 489 86 115 
45 9 1389 3990 5378 4632 1555 489 84 115 
45 9 1389 3990 5378 4633 1555 492 84 115 
45 9 1389 3990 5378 4634 1551 492 86 115 
45 9 1389 3990 5378 4635 1551 492 86 115 
45 9 1389 3990 5378 4636 1548 492 86 115 
45 9 1389 3990 5378 4637 1548 492 86 115 
45 9 1389 3990 5378 4638 1547 492 84 115 
45 9 1389 3990 5378 4639 1547 492 84 115 
45 9 1389 3990 5378 4640 1543 492 86 115 
45 9 1389 3990 5378 4641 1543 492 86 115 
45 9 1389 3990 5378 4642 1540 492 86 115 
45 9 1389 3990 5378 4643 1540 492 86 115 
45 9 1389 3990 5378 4644 1539 492 84 115 
45 9 1389 3990 5378 4645 1539 492 84 115 
45 9 1389 3990 5378 4646 1535 492 86 115 
45 9 1389 3990 5378 4647 1535 492 86 115 
45 9 1389 3990 5378 4648 1532 492 86 115 
45 9 1389 3990 5378 4649 1532 492 86 115 
45 9 1389 3990 5378 4650 1531 492 84 115 
45 9 1389 3990 5378 4651 1531 492 84 115 
45 9 1389 3990 5378 4652 1527 492 86 115 
45 9 1389 3990 5378 4653 1527 492 86 115 
45 9 1389 3990 5378 4654 1527 494 86 117 
45 9 1389 3990 5378 4655 1524 494 86 117 
45 9 1389 3990 5378 4656 1524 494 86 117 
45 9 1389 3990 5378 4657 1523 494 84 117 
45 9 1389 3990 5378 4658 1523 494 84 117 
45 9 1389 3990 5378 4659 1519 494 86 117 
45 9 1389 3990 5378 4660 1519 494 86 117 
45 9 1389 3990 5378 4661 1516 494 86 117 
45 9 1389 3990 5378 4662 1516 494 86 117 
45 9 1389 3990 5378 4663 1515 494 84 117 
45 9 1389 3990 5378 4664 1515 494 84 117 
45 9 1389 3990 5378 4665 1516 494 80 117 
45 9 1389 3990 5378 4666 1511 494 86 117 
45 9 1389 3990 5378 4667 1513 494 80 117 
45 9 1389 3990 5378 4668 1508 494 86 117 
45 9 1389 3990 5378 4669 1510 494 80 117 
45 9 1389 3990 5378 4670 1507 494 84 117 
45 9 1389 3990 5378 4671 1508 494 80 117 
45 9 1389 3990 5378 4672 1503 494 86 117 
45 9 1389 3990 5378 4673 1505 494 80 117 
45 9 1389 3990 5378 4674 1500 494 86 117 
45 9 1389 3990 5378 4675 1502 494 80 117 
45 9 1389 3990 5378 4676 1502 494 80 117 
45 9 1389 3990 5378 4677 1500 494 80 117 
45 9 1389 3990 5378 4678 1500 494 80 117 
45 9 1389 3990 5378 4679 1497 494 80 117 
45 9 1389 3990 5378 4680 1497 494 80 117 
45 9 1389 3990 5378 4681 1494 494 80 117 
45 9 1389 3990 5378 4682 1494 494 80 117 
45 9 1389 3990 5378 4683 1492 494 80 117 
45 9 1389 3990 5378 4684 1492 494 80 117 
45 9 1389 3990 5378 4685 1489 494 80 117 
45 9 1389 3990 5378 4686 1489 494 80 117 
45 9 1389 3990 5378 4687 1489 494 80 117 
45 9 1389 3990 5378 4688 1486 494 80 117 
45 9 1389 3990 5378 4689 1486 494 80 117 
45 9 1389 3990 5378 4690 1484 494 80 117 
45 9 1389 3990 5378 4691 1484 494 80 117 
45 9 1389 3990 5378 4692 1481 494 80 117 
45 9 1389 3990 5378 4693 1481 494 80 117 
45 9 1389 3990 5378 4694 1478 494 80 117 
45 9 1389 3990 5378 4695 1478 494 80 117 
45 9 1389 3990 5378 4696 1476 494 80 117 
45 9 1389 3990 5378 4697 1476 494 80 117 
45 9 1389 3990 5378 4698 1477 494 74 117 
45 9 1389 3990 5378 4699 1473 494 80 117 
45 9 1389 3990 5378 4700 1474 494 74 117 
45 9 1389 3990 5378 4701 1470 494 80 117 
45 9 1389 3990 5378 4702 1471 494 76 117 
45 9 1389 3990 5378 4703 1468 494 80 117 
45 9 1389 3990 5378 4704 1469 494 74 117 
45 9 1389 3990 5378 4705 1465 494 80 117 
45 9 1389 3990 5378 4706 1466 494 74 117 
45 9 1389 3990 5378 4707 1462 494 80 117 
45 9 1389 3990 5378 4708 1463 494 76 117 
45 9 1389 3990 5378 4709 1463 494 76 117 
45 9 1389 3990 5378 4710 1461 494 74 117 
45 9 1389 3990 5378 4711 1461 494 74 117 
45 9 1389 3990 5378 4712 1458 494 74 117 
45 9 1389 3990 5378 4713 1458 494 74 117 
45 9 1389 3990 5378 4714 1455 494 76 117 
45 9 1389 3990 5378 4715 1455 494 76 117 
45 9 1389 3990 5378 4716 1453 494 74 117 
45 9 1389 3990 5378 4717 1453 494 74 117 
45 9 1389 3990 5378 4718 1450 494 74 117 
45 9 1389 3990 5378 4719 1450 494 74 117 
45 9 1389 3990 5378 4720 1450 494 74 117 
45 9 1389 3990 5378 4721 1447 494 76 117 
45 9 1389 3990 5378 4722 1447 494 76 117 
45 9 1389 3990 5378 4723 1445 494 74 117 
45 9 1389 3990 5378 4724 1445 494 74 117 
45 9 1389 3990 5378 4725 1442 494 74 117 
45 9 1389 3990 5378 4726 1442 494 74 117 
45 9 1389 3990 5378 4727 1439 494 76 117 
45 9 1389 3990 5378 4728 1439 494 76 117 
45 9 1389 3990 5378 4729 1437 494 74 117 
45 9 1389 3990 5378 4730 1437 494 74 117 
45 9 1389 3990 5378 4731 1439 494 68 117 
45 9 1389 3990 5378 4732 1434 494 74 117 
45 9 1389 3990 5378 4733 1435 494 70 117 
45 9 1389 3990 5378 4734 1431 494 76 117 
45 9 1389 3990 5378 4735 1432 494 70 117 
45 9 1389 3990 5378 4736 1429 494 74 117 
45 9 1389 3990 5378 4737 1431 494 68 117 
45 9 1389 3990 5378 4738 1426 494 74 117 
45 9 1389 3990 5378 4739 1427 494 70 117 
45 9 1389 3990 5378 4740 1423 494 76 117 
45 9 1389 3990 5378 4741 1424 494 70 117 
45 9 1389 3990 5378 4742 1424 494 70 117 
45 9 1389 3990 5378 4743 1423 494 68 117 
45 9 1389 3990 5378 4744 1423 494 68 117 
45 9 1389 3990 5378 4745 1419 494 70 117 
45 9 1389 3990 5378 4746 1419 494 70 117 
45 9 1389 3990 5378 4747 1416 494 70 117 
45 9 1389 3990 5378 4748 1416 494 70 117 
45 9 1389 3990 5378 4749 1415 494 68 117 
45 9 1389 3990 5378 4750 1415 494 68 117 
45 9 1389 3990 5378 4751 1415 494 68 117 
45 9 1389 3990 5378 4752 1411 494 70 117 
45 9 1389 3990 5378 4753 1408 494 70 117 
45 9 1389 3990 5378 4754 1408 494 70 117 
45 9 1389 3990 5378 4755 1407 494 68 117 
45 9 1389 3990 5378 4756 1403 494 70 117 
45 9 1389 3990 5378 4757 1403 494 70 117 
45 9 1389 3990 5378 4758 1400 494 70 117 
45 9 1389 3990 5378 4759 1399 494 68 117 
45 9 1389 3990 5378 4760 1399 494 68 117 
45 9 1389 3990 5378 4761 1395 494 70 117 
45 9 1389 3990 5378 4762 1395 494 70 117 
45 9 1389 3990 5378 4763 1392 494 70 117 
45 9 1389 3990 5378 4764 1391 494 68 117 
45 9 1389 3990 5378 4765 1391 494 68 117 
45 9 1389 3990 5378 4766 1387 494 70 117 
45 9 1389 3990 5378 4767 1384 494 70 117 
45 9 1389 3990 5378 4768 1384 494 70 117 
45 9 1389 3990 5378 4769 1383 494 68 117 
45 9 1389 3990 5378 4770 1383 494 68 117 
45 9 1389 3990 5378 4771 1379 494 70 117 
45 9 1389 3990 5378 4772 1376 494 70 117 
45 9 1389 3990 5378 4773 1376 494 70 117 
45 9 1389 3990 5378 4774 1375 494 68 117 
45 9 1389 3990 5378 4775 1371 494 70 117 
45 9 1389 3990 5378 4776 1371 494 70 117 
45 9 1389 3990 5378 4777 1368 494 70 117 
45 9 1389 3990 5378 4778 1367 494 68 117 
45 9 1389 3990 5378 4779 1367 494 68 117 
45 9 1389 3990 5378 4780 1363 494 70 117 
45 9 1389 3990 5378 4781 1363 494 70 117 
45 9 1389 3990 5378 4782 1360 494 70 117 
45 9 1389 3990 5378 4783 1359 494 68 117 
45 9 1389 3990 5378 4784 1359 494 68 117 
45 9 1389 3990 5378 4785 1355 494 70 117 
45 9 1389 3990 5378 4786 1352 494 70 117 
45 9 1389 3990 5378 4787 1352 494 70 117 
45 9 1389 3990 5378 4788 1351 494 68 117 
45 9 1389 3990 5378 4789 1351 494 68 117 
45 9 1389 3990 5378 4790 1347 492 70 115 
45 9 1389 3990 5378 4791 1344 492 70 115 
45 9 1389 3990 5378 4792 1344 492 70 115 
45 9 1389 3990 5378 4793 1343 492 68 115 
45 9 1389 3990 5378 4794 1339 492 70 115 
45 9 1389 3990 5378 4795 1339 489 70 115 
45 9 1389 3990 5378 4796 1336 489 70 115 
45 9 1389 3990 5378 4797 1335 489 68 115 
45 9 1389 3990 5378 4798 1335 489 68 115 
45 9 1389 3990 5378 4799 1331 489 70 115 
45 9 1389 3990 5378 4800 1331 489 70 115 
45 9 1389 3990 5378 4801 1328 489 70 115 
45 9 1389 3990 5378 4802 1327 489 68 115 
45 9 1389 3990 5378 4803 1327 489 68 115 
45 9 1389 3990 5378 4804 1323 489 70 115 
45 9 1389 3990 5378 4805 1319 489 76 115 
45 9 1389 3990 5378 4806 1320 489 70 115 
45 9 1389 3990 5378 4807 1319 489 68 115 
45 9 1389 3990 5378 4808 1319 489 68 115 
45 9 1389 3990 5378 4809 1315 489 70 115 
45 9 1389 3990 5378 4810 1311 489 76 115 
45 9 1389 3990 5378 4811 1312 489 70 115 
45 9 1389 3990 5378 4812 1309 489 74 115 
45 9 1389 3990 5378 4813 1306 489 74 115 
45 9 1389 3990 5378 4814 1307 489 70 115 
45 9 1389 3990 5378 4815 1303 489 76 115 
45 9 1389 3990 5378 4816 1304 489 70 115 
45 9 1389 3990 5378 4817 1301 489 74 115 
45 9 1389 3990 5378 4818 1298 489 74 115 
45 9 1389 3990 5378 4819 1299 489 70 115 
45 9 1389 3990 5378 4820 1295 489 76 115 
45 9 1389 3990 5378 4821 1293 489 74 115 
45 9 1389 3990 5378 4822 1293 489 74 115 
45 9 1389 3990 5378 4823 1290 489 74 115 
45 9 1389 3990 5378 4824 1290 493 74 111 
45 9 1389 3990 5378 4825 1287 490 76 112 
45 9 1389 3990 5378 4826 1285 490 74 112 
45 9 1389 3990 5378 4827 1285 490 74 112 
45 9 1389 3990 5378 4828 1282 490 74 112 
45 9 1389 3990 5378 4829 1279 490 76 112 
45 9 1389 3990 5378 4830 1279 490 76 112 
45 9 1389 3990 5378 4831 1277 490 74 112 
45 9 1389 3990 5378 4832 1277 490 74 112 
45 9 1389 3990 5378 4833 1274 490 74 112 
45 9 1389 3990 5378 4834 1271 490 76 112 
45 9 1389 3990 5378 4835 1271 487 76 112 
45 9 1389 3990 5378 4836 1269 487 74 112 
45 9 1389 3990 5378 4837 1266 487 74 112 
45 9 1389 3990 5378 4838 1266 487 74 112 
45 9 1389 3990 5378 4839 1263 487 76 112 
45 9 1389 3990 5378 4840 1263 487 76 112 
45 9 1389 3990 5378 4841 1261 487 74 112 
45 9 1389 3990 5378 4842 1258 487 74 112 
45 9 1389 3990 5378 4843 1258 487 74 112 
45 9 1389 3990 5378 4844 1255 487 76 112 
45 9 1389 3990 5378 4845 1255 487 76 112 
45 9 1389 3990 5378 4846 1253 487 74 112 
45 9 1389 3990 5378 4847 1250 487 74 112 
45 9 1389 3990 5378 4848 1250 487 74 112 
45 9 1389 3990 5378 4849 1247 487 76 112 
45 9 1389 3990 5378 4850 1245 487 74 112 
45 9 1389 3990 5378 4851 1245 487 74 112 
45 9 1389 3990 5378 4852 1242 487 74 112 
45 9 1389 3990 5378 4853 1239 487 76 112 
45 9 1389 3990 5378 4854 1239 487 76 112 
45 9 1389 3990 5378 4855 1237 487 74 112 
45 9 1389 3990 5378 4856 1237 487 74 112 
45 9 1389 3990 5378 4857 1234 487 74 112 
45 9 1389 3990 5378 4858 1231 487 76 112 
45 9 1389 3990 5378 4859 1231 487 76 112 
45 9 1389 3990 5378 4860 1229 487 74 112 
45 9 1389 3990 5378 4861 1226 487 74 112 
45 9 1389 3990 5378 4862 1226 487 74 112 
45 9 1389 3990 5378 4863 1223 487 76 112 
45 9 1389 3990 5378 4864 1223 487 76 112 
45 9 1389 3990 5378 4865 1221 487 74 112 
45 9 1389 3990 5378 4866 1221 487 74 112 
45 9 1389 3990 5378 4867 1218 487 74 112 
45 9 1389 3990 5378 4868 1218 487 74 112 
45 9 1389 3990 5378 4869 1218 487 74 112 
45 9 1389 3990 5378 4870 1215 487 76 112 
45 9 1389 3990 5378 4871 1215 487 76 112 
45 9 1389 3990 5378 4872 1215 487 76 112 
45 9 1389 3990 5378 4873 1213 487 74 112 
45 9 1389 3990 5378 4874 1213 487 74 112 
45 9 1389 3990 5378 4875 1213 487 74 112 
45 9 1389 3990 5378 4876 1210 487 74 112 
45 9 1389 3990 5378 4877 1210 487 74 112 
45 9 1389 3990 5378 4878 1210 487 74 112 
45 9 1389 3990 5378 4879 1207 485 76 111 
45 9 1389 3990 5378 4880 1205 485 74 111 
45 9 1389 3990 5378 4881 1202 485 74 111 
45 9 1389 3990 5378 4882 1202 485 74 111 
45 9 1389 3990 5378 4883 1199 485 76 111 
45 9 1389 3990 5378 4884 1197 485 74 111 
45 9 1389 3990 5378 4885 1197 485 74 111 
45 9 1389 3990 5378 4886 1194 485 74 111 
45 9 1389 3990 5378 4887 1191 485 76 111 
45 9 1389 3990 5378 4888 1191 485 76 111 
45 9 1389 3990 5378 4889 1189 485 74 111 
45 9 1389 3990 5378 4890 1186 482 74 112 
45 9 1389 3990 5378 4891 1186 482 74 112 
45 9 1389 3990 5378 4892 1183 482 76 112 
45 9 1389 3990 5378 4893 1181 482 74 112 
45 9 1389 3990 5378 4894 1181 482 74 112 
45 9 1389 3990 5378 4895 1178 482 74 112 
45 9 1389 3990 5378 4896 1175 482 76 112 
45 9 1389 3990 5378 4897 1175 482 76 112 
45 9 1389 3990 5378 4898 1173 482 74 112 
45 9 1389 3990 5378 4899 1170 482 74 112 
45 9 1389 3990 5378 4900 1170 482 74 112 
45 9 1389 3990 5378 4901 1167 479 76 112 
45 9 1389 3990 5378 4902 1165 479 74 112 
45 9 1389 3990 5378 4903 1165 479 74 112 
45 9 1389 3990 5378 4904 1162 479 74 112 
45 9 1389 3990 5378 4905 1162 479 74 112 
45 9 1389 3990 5378 4906 1159 479 76 112 
45 9 1389 3990 5378 4907 1157 479 74 112 
45 9 1389 3990 5378 4908 1157 479 74 112 
45 9 1389 3990 5378 4909 1154 479 74 112 
45 9 1389 3990 5378 4910 1154 479 74 112 
45 9 1389 3990 5378 4911 1151 479 76 112 
45 9 1389 3990 5378 4912 1151 479 76 112 
45 9 1389 3990 5378 4913 1149 479 74 112 
45 9 1389 3990 5378 4914 1146 479 74 112 
45 9 1389 3990 5378 4915 1146 479 74 112 
45 9 1389 3990 5378 4916 1143 479 76 112 
45 9 1389 3990 5378 4917 1143 479 76 112 
45 9 1389 3990 5378 4918 1141 479 74 112 
45 9 1389 3990 5378 4919 1141 479 74 112 
45 9 1389 3990 5378 4920 1138 479 74 112 
45 9 1389 3990 5378 4921 1135 479 76 112 
45 9 1389 3990 5378 4922 1135 479 76 112 
45 9 1389 3990 5378 4923 1133 479 74 112 
45 9 1389 3990 5378 4924 1133 479 74 112 
45 9 1389 3990 5378 4925 1130 479 74 112 
45 9 1389 3990 5378 4926 1130 479 74 112 
45 9 1389 3990 5378 4927 1127 479 76 112 
45 9 1389 3990 5378 4928 1125 479 74 112 
45 9 1389 3990 5378 4929 1125 479 74 112 
45 9 1389 3990 5378 4930 1122 479 74 112 
45 9 1389 3990 5378 4931 1122 479 74 112 
45 9 1389 3990 5378 4932 1119 479 76 112 
45 9 1389 3990 5378 4933 1119 479 76 112 
45 9 1389 3990 5378 4934 1117 479 74 112 
45 9 1389 3990 5378 4935 1117 479 74 112 
45 9 1389 3990 5378 4936 1114 479 74 112 
45 9 1389 3990 5378 4937 1111 479 76 112 
45 9 1389 3990 5378 4938 1111 479 76 112 
45 9 1389 3990 5378 4939 1109 479 74 112 
45 9 1389 3990 5378 4940 1109 479 74 112 
45 9 1389 3990 5378 4941 1106 479 74 112 
45 9 1389 3990 5378 4942 1106 479 74 112 
45 9 1389 3990 5378 4943 1103 479 76 112 
45 9 1389 3990 5378 4944 1103 479 76 112 
45 9 1389 3990 5378 4945 1101 477 74 111 
45 9 1389 3990 5378 4946 1101 477 74 111 
45 9 1389 3990 5378 4947 1098 477 74 111 
45 9 1389 3990 5378 4948 1098 477 74 111 
45 9 1389 3990 5378 4949 1095 477 76 111 
45 9 1389 3990 5378 4950 1095 477 76 111 
45 9 1389 3990 5378 4951 1093 477 74 111 
45 9 1389 3990 5378 4952 1093 477 74 111 
45 9 1389 3990 5378 4953 1090 477 74 111 
45 9 1389 3990 5378 4954 1090 477 74 111 
45 9 1389 3990 5378 4955 1087 477 76 111 
45 9 1389 3990 5378 4956 1087 477 76 111 
45 9 1389 3990 5378 4957 1085 477 74 111 
45 9 1389 3990 5378 4958 1085 477 74 111 
45 9 1389 3990 5378 4959 1082 477 74 111 
45 9 1389 3990 5378 4960 1082 477 74 111 
45 9 1389 3990 5378 4961 1079 477 76 111 
45 9 1389 3990 5378 4962 1079 477 76 111 
45 9 1389 3990 5378 4963 1077 477 74 111 
45 9 1389 3990 5378 4964 1077 477 74 111 
45 9 1389 3990 5378 4965 1074 477 74 111 
45 9 1389 3990 5378 4966 1074 477 74 111 
45 9 1389 3990 5378 4967 1071 477 76 111 
45 9 1389 3990 5378 4968 1071 477 76 111 
45 9 1389 3990 5378 4969 1071 477 76 111 
45 9 1389 3990 5378 4970 1069 477 74 111 
45 9 1389 3990 5378 4971 1069 477 74 111 
45 9 1389 3990 5378 4972 1069 477 74 111 
45 9 1389 3990 5378 4973 1066 477 74 111 
45 9 1389 3990 5378 4974 1066 477 74 111 
45 9 1389 3990 5378 4975 1066 477 74 111 
45 9 1389 3990 5378 4976 1063 477 76 111 
45 9 1389 3990 5378 4977 1063 477 76 111 
45 9 1389 3990 5378 4978 1063 477 76 111 
45 9 1389 3990 5378 4979 1063 477 76 111 
45 9 1389 3990 5378 4980 1061 477 74 111 
45 9 1389 3990 5378 4981 1061 477 74 111 
45 9 1389 3990 5378 4982 1061 477 74 111 
45 9 1389 3990 5378 4983 1058 477 74 111 
45 9 1389 3990 5378 4984 1058 477 74 111 
45 9 1389 3990 5378 4985 1058 477 74 111 
45 9 1389 3990 5378 4986 1055 477 76 111 
45 9 1389 3990 5378 4987 1055 477 76 111 
45 9 1389 3990 5378 4988 1055 477 76 111 
45 9 1389 3990 5378 4989 1055 477 76 111 
45 9 1389 3990 5378 4990 1053 477 74 111 
45 9 1389 3990 5378 4991 1053 477 74 111 
45 9 1389 3990 5378 4992 1050 477 74 111 
45 9 1389 3990 5378 4993 1050 477 74 111 
45 9 1389 3990 5378 4994 1047 477 76 111 
45 9 1389 3990 5378 4995 1047 477 76 111 
45 9 1389 3990 5378 4996 1045 477 74 111 
45 9 1389 3990 5378 4997 1045 477 74 111 
45 9 1389 3990 5378 4998 1042 477 74 111 
45 9 1389 3990 5378 4999 1042 477 74 111 
45 9 1389 3990 5378 5000 1039 477 76 111 
45 9 1389 3990 5378 5001 1039 477 76 111 
45 9 1389 3990 5378 5002 1037 477 74 111 
45 9 1389 3990 5378 5003 1037 477 74 111 
45 9 1389 3990 5378 5004 1034 477 74 111 
45 9 1389 3990 5378 5005 1034 477 74 111 
45 9 1389 3990 5378 5006 1031 477 76 111 
45 9 1389 3990 5378 5007 1031 477 76 111 
45 9 1389 3990 5378 5008 1029 477 74 111 
45 9 1389 3990 5378 5009 1029 477 74 111 
45 9 1389 3990 5378 5010 1026 477 74 111 
45 9 1389 3990 5378 5011 1026 477 74 111 
45 9 1389 3990 5378 5012 1023 477 76 111 
45 9 1389 3990 5378 5013 1023 477 76 111 
45 9 1389 3990 5378 5014 1023 477 76 111 
45 9 1389 3990 5378 5015 1021 477 74 111 
45 9 1389 3990 5378 5016 1018 477 74 111 
45 9 1389 3990 5378 5017 1018 477 74 111 
45 9 1389 3990 5378 5018 1015 477 76 111 
45 9 1389 3990 5378 5019 1013 477 74 111 
45 9 1389 3990 5378 5020 1013 477 74 111 
45 9 1389 3990 5378 5021 1010 477 74 111 
45 9 1389 3990 5378 5022 1007 477 76 111 
45 9 1389 3990 5378 5023 1007 477 76 111 
45 9 1389 3990 5378 5024 1005 477 74 111 
45 9 1389 3990 5378 5025 1002 477 74 111 
45 9 1389 3990 5378 5026 1002 477 74 111 
45 9 1389 3990 5378 5027 999 477 76 111 
45 9 1389 3990 5378 5028 997 477 74 111 
45 9 1389 3990 5378 5029 997 477 74 111 
45 9 1389 3990 5378 5030 994 477 74 111 
45 9 1389 3990 5378 5031 991 477 76 111 
45 9 1389 3990 5378 5032 991 479 76 112 
45 9 1389 3990 5378 5033 989 479 74 112 
45 9 1389 3990 5378 5034 986 479 74 112 
45 9 1389 3990 5378 5035 983 479 76 112 
45 9 1389 3990 5378 5036 983 479 76 112 
45 9 1389 3990 5378 5037 981 479 74 112 
45 9 1389 3990 5378 5038 978 479 74 112 
45 9 1389 3990 5378 5039 975 479 76 112 
45 9 1389 3990 5378 5040 975 479 76 112 
45 9 1389 3990 5378 5041 973 479 74 112 
45 9 1389 3990 5378 5042 970 479 74 112 
45 9 1389 3990 5378 5043 970 482 74 112 
45 9 1389 3990 5378 5044 967 482 76 112 
45 9 1389 3990 5378 5045 965 482 74 112 
45 9 1389 3990 5378 5046 962 482 74 112 
45 9 1389 3990 5378 5047 962 482 74 112 
45 9 1389 3990 5378 5048 959 482 76 112 
45 9 1389 3990 5378 5049 957 482 74 112 
45 9 1389 3990 5378 5050 954 482 74 112 
45 9 1389 3990 5378 5051 954 482 74 112 
45 9 1389 3990 5378 5052 951 482 76 112 
45 9 1389 3990 5378 5053 949 482 74 112 
45 9 1389 3990 5378 5054 946 482 74 112 
45 9 1389 3990 5378 5055 946 482 74 112 
45 9 1389 3990 5378 5056 943 482 76 112 
45 9 1389 3990 5378 5057 941 482 74 112 
45 9 1389 3990 5378 5058 938 482 74 112 
45 9 1389 3990 5378 5059 938 482 74 112 
45 9 1389 3990 5378 5060 935 482 76 112 
45 9 1389 3990 5378 5061 933 482 74 112 
45 9 1389 3990 5378 5062 930 482 74 112 
45 9 1389 3990 5378 5063 930 485 74 111 
45 9 1389 3990 5378 5064 927 485 76 111 
45 9 1389 3990 5378 5065 925 485 74 111 
45 9 1389 3990 5378 5066 922 485 74 111 
45 9 1389 3990 5378 5067 919 485 76 111 
45 9 1389 3990 5378 5068 919 485 76 111 
45 9 1389 3990 5378 5069 917 487 74 112 
45 9 1389 3990 5378 5070 914 487 74 112 
45 9 1389 3990 5378 5071 911 487 76 112 
45 9 1389 3990 5378 5072 911 487 76 112 
45 9 1389 3990 5378 5073 909 487 74 112 
45 9 1389 3990 5378 5074 906 487 74 112 
45 9 1389 3990 5378 5075 903 490 76 112 
45 9 1389 3990 5378 5076 901 490 74 112 
45 9 1389 3990 5378 5077 901 490 74 112 
45 9 1389 3990 5378 5078 898 490 74 112 
45 9 1389 3990 5378 5079 895 490 76 112 
45 9 1389 3990 5378 5080 893 490 74 112 
45 9 1389 3990 5378 5081 893 493 74 111 
45 9 1389 3990 5378 5082 890 493 74 111 
45 9 1389 3990 5378 5083 887 493 76 111 
45 9 1389 3990 5378 5084 885 493 74 111 
45 9 1389 3990 5378 5085 882 493 74 111 
45 9 1389 3990 5378 5086 879 493 76 111 
45 9 1389 3990 5378 5087 877 493 74 111 
45 9 1389 3990 5378 5088 874 493 74 111 
45 9 1389 3990 5378 5089 871 493 76 111 
45 9 1389 3990 5378 5090 869 493 74 111 
45 9 1389 3990 5378 5091 866 495 74 112 
45 9 1389 3990 5378 5092 863 495 76 112 
45 9 1389 3990 5378 5093 861 495 74 112 
45 9 1389 3990 5378 5094 858 495 74 112 
45 9 1389 3990 5378 5095 858 498 74 112 
45 9 1389 3990 5378 5096 855 498 76 112 
45 9 1389 3990 5378 5097 853 498 74 112 
45 9 1389 3990 5378 5098 850 498 74 112 
45 9 1389 3990 5378 5099 847 498 76 112 
45 9 1389 3990 5378 5100 847 498 76 112 
45 9 1389 3990 5378 5101 845 498 74 112 
45 9 1389 3990 5378 5102 842 498 74 112 
45 9 1389 3990 5378 5103 839 498 76 112 
45 9 1389 3990 5378 5104 836 502 80 108 
45 9 1389 3990 5378 5105 833 502 80 108 
45 9 1389 3990 5378 5106 834 501 74 111 
45 9 1389 3990 5378 5107 831 501 76 111 
45 9 1389 3990 5378 5108 828 504 80 108 
45 9 1389 3990 5378 5109 825 504 80 108 
45 9 1389 3990 5378 5110 822 504 80 108 
45 9 1389 3990 5378 5111 820 504 80 108 
45 9 1389 3990 5378 5112 820 507 80 108 
45 9 1389 3990 5378 5113 817 507 80 108 
45 9 1389 3990 5378 5114 814 507 80 108 
45 9 1389 3990 5378 5115 812 507 80 108 
45 9 1389 3990 5378 5116 807 510 86 103 
45 9 1389 3990 5378 5117 804 510 86 103 
45 9 1389 3990 5378 5118 806 510 80 108 
45 9 1389 3990 5378 5119 804 510 80 108 
45 9 1389 3990 5378 5120 799 512 86 105 
45 9 1389 3990 5378 5121 796 512 86 105 
45 9 1389 3990 5378 5122 795 512 84 105 
45 9 1389 3990 5378 5123 795 515 84 103 
45 9 1389 3990 5378 5124 791 515 86 103 
45 9 1389 3990 5378 5125 788 515 86 103 
45 9 1389 3990 5378 5126 787 515 84 103 
45 9 1389 3990 5378 5127 783 515 86 103 
45 9 1389 3990 5378 5128 783 515 86 108 
45 9 1389 3990 5378 5129 780 515 86 108 
45 9 1389 3990 5378 5130 779 515 84 108 
45 9 1389 3990 5378 5131 775 515 86 108 
45 9 1389 3990 5378 5132 772 515 86 108 
45 9 1389 3990 5378 5133 772 518 86 108 
45 9 1389 3990 5378 5134 771 518 84 108 
45 9 1389 3990 5378 5135 767 518 86 108 
45 9 1389 3990 5378 5136 764 518 86 108 
45 9 1389 3990 5378 5137 763 518 84 108 
45 9 1389 3990 5378 5138 763 517 84 111 
45 9 1389 3990 5378 5139 759 517 86 111 
45 9 1389 3990 5378 5140 756 517 86 111 
45 9 1389 3990 5378 5141 755 517 84 111 
45 9 1389 3990 5378 5142 755 519 84 112 
45 9 1389 3990 5378 5143 751 519 86 112 
45 9 1389 3990 5378 5144 748 519 86 112 
45 9 1389 3990 5378 5145 747 519 84 112 
45 9 1389 3990 5378 5146 743 519 86 112 
45 9 1389 3990 5378 5147 740 519 86 112 
45 9 1389 3990 5378 5148 739 519 84 112 
45 9 1389 3990 5378 5149 735 519 86 112 
45 9 1389 3990 5378 5150 732 522 86 112 
45 9 1389 3990 5378 5151 731 522 84 112 
45 9 1389 3990 5378 5152 727 522 86 112 
45 9 1389 3990 5378 5153 724 522 86 112 
45 9 1389 3990 5378 5154 723 522 84 112 
45 9 1389 3990 5378 5155 719 522 86 112 
45 9 1389 3990 5378 5156 716 522 86 112 
45 9 1389 3990 5378 5157 716 525 86 111 
45 9 1389 3990 5378 5158 715 525 84 111 
45 9 1389 3990 5378 5159 711 525 86 111 
45 9 1389 3990 5378 5160 708 524 86 115 
45 9 1389 3990 5378 5161 705 524 90 115 
45 9 1389 3990 5378 5162 702 526 90 117 
45 9 1389 3990 5378 5163 699 526 92 117 
45 9 1389 3990 5378 5164 697 526 90 117 
45 9 1389 3990 5378 5165 693 526 96 120 
45 9 1389 3990 5378 5166 690 526 96 120 
45 9 1389 3990 5378 5167 688 529 96 120 
45 9 1389 3990 5378 5168 685 529 96 120 
45 9 1389 3990 5378 5169 680 529 102 120 
45 9 1389 3990 5378 5170 679 528 100 124 
45 9 1389 3990 5378 5171 675 528 102 124 
45 9 1389 3990 5378 5172 675 531 102 123 
45 9 1389 3990 5378 5173 672 531 102 123 
45 9 1389 3990 5378 5174 671 531 100 123 
45 9 1389 3990 5378 5175 667 531 102 123 
45 9 1389 3990 5378 5176 664 531 102 123 
45 9 1389 3990 5378 5177 663 533 100 124 
45 9 1389 3990 5378 5178 659 533 102 124 
45 9 1389 3990 5378 5179 656 533 102 124 
45 9 1389 3990 5378 5180 655 533 100 124 
45 9 1389 3990 5378 5181 651 533 102 124 
45 9 1389 3990 5378 5182 648 536 102 124 
45 9 1389 3990 5378 5183 647 536 100 124 
45 9 1389 3990 5378 5184 647 536 100 124 
45 9 1389 3990 5378 5185 643 536 102 124 
45 9 1389 3990 5378 5186 640 536 102 124 
45 9 1389 3990 5378 5187 639 539 100 123 
45 9 1389 3990 5378 5188 635 539 102 123 
45 9 1389 3990 5378 5189 632 539 102 123 
45 9 1389 3990 5378 5190 631 539 100 123 
45 9 1389 3990 5378 5191 627 539 102 123 
45 9 1389 3990 5378 5192 624 541 102 124 
45 9 1389 3990 5378 5193 623 541 100 124 
45 9 1389 3990 5378 5194 619 541 102 124 
45 9 1389 3990 5378 5195 616 541 102 124 
45 9 1389 3990 5378 5196 616 544 102 124 
45 9 1389 3990 5378 5197 611 544 102 124 
45 9 1389 3990 5378 5198 608 544 102 124 
45 9 1389 3990 5378 5199 607 544 100 124 
45 9 1389 3990 5378 5200 603 544 102 124 
45 9 1389 3990 5378 5201 600 547 102 123 
45 9 1389 3990 5378 5202 599 547 100 123 
45 9 1389 3990 5378 5203 595 547 102 123 
45 9 1389 3990 5378 5204 592 547 102 123 
45 9 1389 3990 5378 5205 587 547 102 123 
45 9 1389 3990 5378 5206 584 549 102 124 
45 9 1389 3990 5378 5207 583 549 100 124 
45 9 1389 3990 5378 5208 579 549 102 124 
45 9 1389 3990 5378 5209 576 549 102 124 
45 9 1389 3990 5378 5210 575 549 100 124 
45 9 1389 3990 5378 5211 571 552 102 124 
45 9 1389 3990 5378 5212 568 552 102 124 
45 9 1389 3990 5378 5213 563 552 102 124 
45 9 1389 3990 5378 5214 560 552 102 124 
45 9 1389 3990 5378 5215 559 552 100 124 
45 9 1389 3990 5378 5216 555 555 102 123 
45 9 1389 3990 5378 5217 552 555 102 123 
45 9 1389 3990 5378 5218 551 555 100 123 
45 9 1389 3990 5378 5219 547 555 102 123 
45 9 1389 3990 5378 5220 544 557 102 124 
45 9 1389 3990 5378 5221 539 557 102 124 
45 9 1389 3990 5378 5222 536 557 102 124 
45 9 1389 3990 5378 5223 535 560 100 124 
45 9 1389 3990 5378 5224 531 560 102 124 
45 9 1389 3990 5378 5225 528 563 102 123 
45 9 1389 3990 5378 5226 523 563 102 123 
45 9 1389 3990 5378 5227 520 565 102 124 
45 9 1389 3990 5378 5228 519 565 100 124 
45 9 1389 3990 5378 5229 515 568 102 124 
45 9 1389 3990 5378 5230 512 568 102 124 
45 9 1389 3990 5378 5231 511 571 100 123 
45 9 1389 3990 5378 5232 507 571 102 123 
45 9 1389 3990 5378 5233 504 571 102 123 
45 9 1389 3990 5378 5234 503 573 100 124 
45 9 1389 3990 5378 5235 499 573 102 124 
45 9 1389 3990 5378 5236 496 573 102 124 
45 9 1389 3990 5378 5237 495 576 100 124 
45 9 1389 3990 5378 5238 488 576 102 124 
45 9 1389 3990 5378 5239 487 576 100 124 
45 9 1389 3990 5378 5240 480 579 102 123 
45 9 1389 3990 5378 5241 479 579 100 123 
45 9 1389 3990 5378 5242 472 581 102 124 
45 9 1389 3990 5378 5243 471 581 100 124 
45 9 1389 3990 5378 5244 464 581 102 124 
45 9 1389 3990 5378 5245 463 584 100 124 
45 9 1389 3990 5378 5246 456 584 102 124 
45 9 1389 3990 5378 5247 455 587 100 123 
45 9 1389 3990 5378 5248 451 587 102 123 
45 9 1389 3990 5378 5249 448 587 102 123 
45 9 1389 3990 5378 5250 447 587 100 123 
45 9 1389 3990 5378 5251 443 589 102 124 
45 9 1389 3990 5378 5252 440 589 102 124 
45 9 1389 3990 5378 5253 439 589 100 124 
45 9 1389 3990 5378 5254 435 592 102 124 
45 9 1389 3990 5378 5255 432 592 102 124 
45 9 1389 3990 5378 5256 431 592 100 124 
45 9 1389 3990 5378 5257 427 592 102 124 
45 9 1389 3990 5378 5258 424 595 102 123 
45 9 1389 3990 5378 5259 423 595 100 123 
45 9 1389 3990 5378 5260 419 595 102 123 
45 9 1389 3990 5378 5261 416 597 102 124 
45 9 1389 3990 5378 5262 411 597 102 124 
45 9 1389 3990 5378 5263 407 597 100 124 
45 9 1389 3990 5378 5264 400 600 102 124 
45 9 1389 3990 5378 5265 399 600 100 124 
45 9 1389 3990 5378 5266 392 600 102 124 
45 9 1389 3990 5378 5267 387 603 102 123 
45 9 1389 3990 5378 5268 383 603 100 123 
45 9 1389 3990 5378 5269 379 603 102 123 
45 9 1389 3990 5378 5270 375 605 100 124 
45 9 1389 3990 5378 5271 368 605 102 124 
45 9 1389 3990 5378 5272 367 608 100 124 
45 9 1389 3990 5378 5273 360 608 102 124 
45 9 1389 3990 5378 5274 359 608 100 124 
45 9 1389 3990 5378 5275 352 608 102 124 
45 9 1389 3990 5378 5276 351 611 100 123 
45 9 1389 3990 5378 5277 347 611 102 123 
45 9 1389 3990 5378 5278 343 611 100 123 
45 9 1389 3990 5378 5279 339 613 102 124 
45 9 1389 3990 5378 5280 336 613 102 124 
45 9 1389 3990 5378 5281 331 613 102 124 
45 9 1389 3990 5378 5282 328 616 102 124 
45 9 1389 3990 5378 5283 323 616 102 124 
45 9 1389 3990 5378 5284 320 616 102 124 
45 9 1389 3990 5378 5285 319 619 100 123 
45 9 1389 3990 5378 5286 312 619 102 123 
45 9 1389 3990 5378 5287 311 619 100 123 
45 9 1389 3990 5378 5288 307 621 102 124 
45 9 1389 3990 5378 5289 303 621 100 124 
45 9 1389 3990 5378 5290 299 621 102 124 
45 9 1389 3990 5378 5291 295 624 100 124 
45 9 1389 3990 5378 5292 291 624 102 124 
45 9 1389 3990 5378 5293 287 627 100 123 
45 9 1389 3990 5378 5294 283 627 102 123 
45 9 1389 3990 5378 5295 280 627 102 123 
45 9 1389 3990 5378 5296 275 629 102 124 
45 9 1389 3990 5378 5297 272 629 102 124 
45 9 1389 3990 5378 5298 267 632 102 124 
45 9 1389 3990 5378 5299 264 632 102 124 
45 9 1389 3990 5378 5300 263 635 100 123 
45 9 1389 3990 5378 5301 256 635 102 123 
45 9 1389 3990 5378 5302 251 635 102 123 
45 9 1389 3990 5378 5303 248 637 102 124 
45 9 1389 3990 5378 5304 243 637 102 124 
45 9 1389 3990 5378 5305 240 637 102 124 
45 9 1389 3990 5378 5306 235 640 102 124 
45 9 1389 3990 5378 5307 231 640 100 124 
45 9 1389 3990 5378 5308 227 640 102 124 
45 9 1389 3990 5378 5309 223 643 100 123 
45 9 1389 3990 5378 5310 219 643 102 123 
45 9 1389 3990 5378 5311 215 643 100 123 
45 9 1389 3990 5378 5312 211 645 102 124 
45 9 1389 3990 5378 5313 205 645 106 124 
45 9 1389 3990 5378 5314 202 645 106 124 
45 9 1389 3990 5378 5315 199 648 108 124 
45 9 1389 3990 5378 5316 193 648 112 124 
45 9 1389 3990 5378 5317 190 648 112 124 
45 9 1389 3990 5378 5318 188 651 112 123 
45 9 1389 3990 5378 5319 180 651 118 123 
45 9 1389 3990 5378 5320 179 651 116 123 
45 9 1389 3990 5378 5321 175 653 118 124 
45 9 1389 3990 5378 5322 171 653 116 124 
45 9 1389 3990 5378 5323 163 653 124 124 
45 9 1389 3990 5378 5324 163 656 116 124 
45 9 1389 3990 5378 5325 155 656 124 124 
45 9 1389 3990 5378 5326 150 656 122 124 
45 9 1389 3990 5378 5327 147 659 124 123 
45 9 1389 3990 5378 5328 142 659 122 123 
45 9 1389 3990 5378 5329 136 659 128 123 
45 9 1389 3990 5378 5330 133 661 128 124 
45 9 1389 3990 5378 5331 128 661 128 124 
45 9 1389 3990 5378 5332 122 661 128 124 
45 9 1389 3990 5378 5333 117 661 128 124 
45 9 1389 3990 5378 5334 115 660 124 129 
45 9 1389 3990 5378 5335 109 660 128 129 
45 9 1389 3990 5378 5336 104 660 128 129 
45 9 1389 3990 5378 5337 102 663 122 127 
45 9 1389 3990 5378 5338 97 663 122 127 
45 9 1389 3990 5378 5339 90 663 128 127 
45 9 1389 3990 5378 5340 89 663 122 132 
45 9 1389 3990 5378 5341 83 663 124 132 
45 9 1389 3990 5378 5342 78 663 122 132 
45 9 1389 3990 5378 5343 75 666 124 132 
45 9 1389 3990 5378 5344 70 666 122 132 
45 9 1389 3990 5378 5345 67 666 124 132 
45 9 1389 3990 5378 5346 65 666 122 132 
45 9 1389 3990 5378 5347 62 666 122 132 
45 9 1389 3990 5378 5348 59 666 124 132 
45 9 1389 3990 5378 5349 57 666 122 132 
45 9 1389 3990 5378 5350 54 666 122 132 
45 9 1389 3990 5378 5351 49 666 122 132 
45 9 1389 3990 5378 5352 46 666 122 132 
45 9 1389 3990 5378 5353 43 666 124 132 
45 9 1389 3990 5378 5354 41 666 122 132 
45 9 1389 3990 5378 5355 38 666 122 132 
45 9 1389 3990 5378 5356 35 666 124 132 
45 9 1389 3990 5378 5357 33 666 122 132 
45 9 1389 3990 5378 5358 27 666 124 132 
45 9 1389 3990 5378 5359 25 666 122 132 
45 9 1389 3990 5378 5360 22 666 122 132 
45 9 1389 3990 5378 5361 19 666 124 132 
45 9 1389 3990 5378 5362 17 666 122 132 
45 9 1389 3990 5378 5363 14 666 122 132 
45 9 1389 3990 5378 5364 11 666 124 132 
45 9 1389 3990 5378 5365 6 666 122 132 
45 9 1389 3990 5378 5366 3 666 124 132 
45 9 1389 3990 5378 5367 1 666 122 132 
45 9 1389 3990 5378 5368 0 666 120 132 
45 9 1389 3990 5378 5369 0 666 119 132 
45 9 1389 3990 5378 5370 0 666 115 132 
45 9 1389 3990 5378 5371 0 668 112 132 
45 9 1389 3990 5378 5372 0 668 111 132 
45 9 1389 3990 5378 5373 0 668 107 132 
45 9 1389 3990 5378 5374 0 668 107 132 
45 9 1389 3990 5378 5375 0 668 104 132 
45 9 1389 3990 5378 5376 0 668 103 132 
45 9 1389 3990 5378 5377 0 668 103 132 
45 9 1389 3990 5378 5378 0 671 99 132 
