5 3 60 1122 1181 1122 94 538 110 93 
5 3 60 1122 1181 1123 94 538 110 93 
5 3 60 1122 1181 1124 94 538 110 93 
5 3 60 1122 1181 1125 94 538 110 93 
5 3 60 1122 1181 1126 94 538 110 93 
5 3 60 1122 1181 1127 94 538 110 93 
5 3 60 1122 1181 1128 94 538 110 93 
5 3 60 1122 1181 1129 94 538 110 93 
5 3 60 1122 1181 1130 94 538 110 93 
5 3 60 1122 1181 1131 94 538 110 93 
5 3 60 1122 1181 1132 94 538 110 93 
5 3 60 1122 1181 1133 94 538 110 93 
5 3 60 1122 1181 1134 94 538 110 93 
5 3 60 1122 1181 1135 94 538 110 93 
5 3 60 1122 1181 1136 94 538 110 93 
5 3 60 1122 1181 1137 94 538 110 93 
5 3 60 1122 1181 1138 94 538 110 93 
5 3 60 1122 1181 1139 94 538 110 93 
5 3 60 1122 1181 1140 94 538 110 93 
5 3 60 1122 1181 1141 94 538 110 93 
5 3 60 1122 1181 1142 94 538 110 93 
5 3 60 1122 1181 1143 94 538 110 93 
5 3 60 1122 1181 1144 94 538 110 93 
5 3 60 1122 1181 1145 94 538 110 93 
5 3 60 1122 1181 1146 94 538 110 93 
5 3 60 1122 1181 1147 94 538 110 93 
5 3 60 1122 1181 1148 94 538 110 93 
5 3 60 1122 1181 1149 94 538 110 93 
5 3 60 1122 1181 1150 94 538 110 93 
5 3 60 1122 1181 1151 94 538 110 93 
5 3 60 1122 1181 1152 94 538 110 93 
5 3 60 1122 1181 1153 94 538 110 93 
5 3 60 1122 1181 1154 94 538 110 93 
5 3 60 1122 1181 1155 94 538 110 93 
5 3 60 1122 1181 1156 94 538 110 93 
5 3 60 1122 1181 1157 94 538 110 93 
5 3 60 1122 1181 1158 94 538 110 93 
5 3 60 1122 1181 1159 94 538 110 93 
5 3 60 1122 1181 1160 94 538 110 93 
5 3 60 1122 1181 1161 94 538 110 93 
5 3 60 1122 1181 1162 94 538 110 93 
5 3 60 1122 1181 1163 94 538 110 93 
5 3 60 1122 1181 1164 94 538 110 93 
5 3 60 1122 1181 1165 94 538 110 93 
5 3 60 1122 1181 1166 94 538 110 93 
5 3 60 1122 1181 1167 94 538 110 93 
5 3 60 1122 1181 1168 94 538 110 93 
5 3 60 1122 1181 1169 94 538 110 93 
5 3 60 1122 1181 1170 94 538 110 93 
5 3 60 1122 1181 1171 94 538 110 93 
5 3 60 1122 1181 1172 94 538 110 93 
5 3 60 1122 1181 1173 94 538 110 93 
5 3 60 1122 1181 1174 94 538 110 93 
5 3 60 1122 1181 1175 94 538 110 93 
5 3 60 1122 1181 1176 94 538 110 93 
5 3 60 1122 1181 1177 94 538 110 93 
5 3 60 1122 1181 1178 94 538 110 93 
5 3 60 1122 1181 1179 94 538 110 93 
5 3 60 1122 1181 1180 94 538 110 93 
5 3 60 1122 1181 1181 94 538 110 93 
6 2 59 1286 1344 1286 87 535 108 112 
6 2 59 1286 1344 1287 87 535 108 112 
6 2 59 1286 1344 1288 87 535 108 112 
6 2 59 1286 1344 1289 87 535 108 112 
6 2 59 1286 1344 1290 87 535 108 112 
6 2 59 1286 1344 1291 87 535 108 112 
6 2 59 1286 1344 1292 87 535 108 112 
6 2 59 1286 1344 1293 87 535 108 112 
6 2 59 1286 1344 1294 87 535 108 112 
6 2 59 1286 1344 1295 87 535 108 112 
6 2 59 1286 1344 1296 87 535 108 112 
6 2 59 1286 1344 1297 87 535 108 112 
6 2 59 1286 1344 1298 87 535 108 112 
6 2 59 1286 1344 1299 87 535 108 112 
6 2 59 1286 1344 1300 87 535 108 112 
6 2 59 1286 1344 1301 87 535 108 112 
6 2 59 1286 1344 1302 87 535 108 112 
6 2 59 1286 1344 1303 87 535 108 112 
6 2 59 1286 1344 1304 87 535 108 112 
6 2 59 1286 1344 1305 87 535 108 112 
6 2 59 1286 1344 1306 87 535 108 112 
6 2 59 1286 1344 1307 87 535 108 112 
6 2 59 1286 1344 1308 87 535 108 112 
6 2 59 1286 1344 1309 87 535 108 112 
6 2 59 1286 1344 1310 87 535 108 112 
6 2 59 1286 1344 1311 87 535 108 112 
6 2 59 1286 1344 1312 87 535 108 112 
6 2 59 1286 1344 1313 87 535 108 112 
6 2 59 1286 1344 1314 87 535 108 112 
6 2 59 1286 1344 1315 87 535 108 112 
6 2 59 1286 1344 1316 87 535 108 112 
6 2 59 1286 1344 1317 87 535 108 112 
6 2 59 1286 1344 1318 87 535 108 112 
6 2 59 1286 1344 1319 87 535 108 112 
6 2 59 1286 1344 1320 87 535 108 112 
6 2 59 1286 1344 1321 87 535 108 112 
6 2 59 1286 1344 1322 87 535 108 112 
6 2 59 1286 1344 1323 87 535 108 112 
6 2 59 1286 1344 1324 87 535 108 112 
6 2 59 1286 1344 1325 87 535 108 112 
6 2 59 1286 1344 1326 87 535 108 112 
6 2 59 1286 1344 1327 87 535 108 112 
6 2 59 1286 1344 1328 87 535 108 112 
6 2 59 1286 1344 1329 87 535 108 112 
6 2 59 1286 1344 1330 87 535 108 112 
6 2 59 1286 1344 1331 87 535 108 112 
6 2 59 1286 1344 1332 87 535 108 112 
6 2 59 1286 1344 1333 87 535 108 112 
6 2 59 1286 1344 1334 87 535 108 112 
6 2 59 1286 1344 1335 87 535 108 112 
6 2 59 1286 1344 1336 87 535 108 112 
6 2 59 1286 1344 1337 87 535 108 112 
6 2 59 1286 1344 1338 87 535 108 112 
6 2 59 1286 1344 1339 87 535 108 112 
6 2 59 1286 1344 1340 87 535 108 112 
6 2 59 1286 1344 1341 87 535 108 112 
6 2 59 1286 1344 1342 87 535 108 112 
6 2 59 1286 1344 1343 87 535 108 112 
6 2 59 1286 1344 1344 87 535 108 112 
7 4 59 1332 1390 1332 86 535 106 115 
7 4 59 1332 1390 1333 86 535 106 115 
7 4 59 1332 1390 1334 86 535 106 115 
7 4 59 1332 1390 1335 86 535 106 115 
7 4 59 1332 1390 1336 86 535 106 115 
7 4 59 1332 1390 1337 86 535 106 115 
7 4 59 1332 1390 1338 86 535 106 115 
7 4 59 1332 1390 1339 86 535 106 115 
7 4 59 1332 1390 1340 86 535 106 115 
7 4 59 1332 1390 1341 86 535 106 115 
7 4 59 1332 1390 1342 86 535 106 115 
7 4 59 1332 1390 1343 86 535 106 115 
7 4 59 1332 1390 1344 86 535 106 115 
7 4 59 1332 1390 1345 86 535 106 115 
7 4 59 1332 1390 1346 86 535 106 115 
7 4 59 1332 1390 1347 86 535 106 115 
7 4 59 1332 1390 1348 86 535 106 115 
7 4 59 1332 1390 1349 86 535 106 115 
7 4 59 1332 1390 1350 86 535 106 115 
7 4 59 1332 1390 1351 86 535 106 115 
7 4 59 1332 1390 1352 86 535 106 115 
7 4 59 1332 1390 1353 86 535 106 115 
7 4 59 1332 1390 1354 86 535 106 115 
7 4 59 1332 1390 1355 86 535 106 115 
7 4 59 1332 1390 1356 86 535 106 115 
7 4 59 1332 1390 1357 86 535 106 115 
7 4 59 1332 1390 1358 86 535 106 115 
7 4 59 1332 1390 1359 86 535 106 115 
7 4 59 1332 1390 1360 86 535 106 115 
7 4 59 1332 1390 1361 86 535 106 115 
7 4 59 1332 1390 1362 86 535 106 115 
7 4 59 1332 1390 1363 86 535 106 115 
7 4 59 1332 1390 1364 86 535 106 115 
7 4 59 1332 1390 1365 86 535 106 115 
7 4 59 1332 1390 1366 86 535 106 115 
7 4 59 1332 1390 1367 86 535 106 115 
7 4 59 1332 1390 1368 86 535 106 115 
7 4 59 1332 1390 1369 86 535 106 115 
7 4 59 1332 1390 1370 86 535 106 115 
7 4 59 1332 1390 1371 86 535 106 115 
7 4 59 1332 1390 1372 86 535 106 115 
7 4 59 1332 1390 1373 86 535 106 115 
7 4 59 1332 1390 1374 86 535 106 115 
7 4 59 1332 1390 1375 86 535 106 115 
7 4 59 1332 1390 1376 86 535 106 115 
7 4 59 1332 1390 1377 86 535 106 115 
7 4 59 1332 1390 1378 86 535 106 115 
7 4 59 1332 1390 1379 86 535 106 115 
7 4 59 1332 1390 1380 86 535 106 115 
7 4 59 1332 1390 1381 86 535 106 115 
7 4 59 1332 1390 1382 86 535 106 115 
7 4 59 1332 1390 1383 86 535 106 115 
7 4 59 1332 1390 1384 86 535 106 115 
7 4 59 1332 1390 1385 86 535 106 115 
7 4 59 1332 1390 1386 86 535 106 115 
7 4 59 1332 1390 1387 86 535 106 115 
7 4 59 1332 1390 1388 86 535 106 115 
7 4 59 1332 1390 1389 86 535 106 115 
7 4 59 1332 1390 1390 86 535 106 115 
