6 9 332 300 631 300 111 514 68 96 
6 9 332 300 631 301 111 514 68 96 
6 9 332 300 631 302 111 514 68 96 
6 9 332 300 631 303 111 514 68 96 
6 9 332 300 631 304 111 514 68 96 
6 9 332 300 631 305 111 514 68 96 
6 9 332 300 631 306 111 514 68 96 
6 9 332 300 631 307 111 514 68 96 
6 9 332 300 631 308 111 514 68 96 
6 9 332 300 631 309 111 514 68 96 
6 9 332 300 631 310 111 514 68 96 
6 9 332 300 631 311 111 514 68 96 
6 9 332 300 631 312 111 514 68 96 
6 9 332 300 631 313 111 514 68 96 
6 9 332 300 631 314 111 514 68 96 
6 9 332 300 631 315 111 514 68 96 
6 9 332 300 631 316 111 514 68 96 
6 9 332 300 631 317 111 514 68 96 
6 9 332 300 631 318 111 514 68 96 
6 9 332 300 631 319 111 514 68 96 
6 9 332 300 631 320 111 514 68 96 
6 9 332 300 631 321 111 514 68 96 
6 9 332 300 631 322 111 514 68 96 
6 9 332 300 631 323 111 514 68 96 
6 9 332 300 631 324 111 514 68 96 
6 9 332 300 631 325 111 514 68 96 
6 9 332 300 631 326 111 514 68 96 
6 9 332 300 631 327 111 514 68 96 
6 9 332 300 631 328 111 514 68 96 
6 9 332 300 631 329 111 514 68 96 
6 9 332 300 631 330 111 514 68 96 
6 9 332 300 631 331 111 514 68 96 
6 9 332 300 631 332 111 514 68 96 
6 9 332 300 631 333 111 514 68 96 
6 9 332 300 631 334 111 514 68 96 
6 9 332 300 631 335 111 514 68 96 
6 9 332 300 631 336 111 514 68 96 
6 9 332 300 631 337 111 514 68 96 
6 9 332 300 631 338 111 514 68 96 
6 9 332 300 631 339 111 514 68 96 
6 9 332 300 631 340 111 514 68 96 
6 9 332 300 631 341 111 514 68 96 
6 9 332 300 631 342 111 514 68 96 
6 9 332 300 631 343 111 514 68 96 
6 9 332 300 631 344 111 514 68 96 
6 9 332 300 631 345 111 514 68 96 
6 9 332 300 631 346 111 514 68 96 
6 9 332 300 631 347 111 514 68 96 
6 9 332 300 631 348 111 514 68 96 
6 9 332 300 631 349 111 514 68 96 
6 9 332 300 631 350 111 514 68 96 
6 9 332 300 631 351 111 514 68 96 
6 9 332 300 631 352 111 514 68 96 
6 9 332 300 631 353 111 514 68 96 
6 9 332 300 631 354 111 514 68 96 
6 9 332 300 631 355 111 514 68 96 
6 9 332 300 631 356 111 514 68 96 
6 9 332 300 631 357 111 514 68 96 
6 9 332 300 631 358 111 514 68 96 
6 9 332 300 631 359 111 514 68 96 
6 9 332 300 631 360 111 514 68 96 
6 9 332 300 631 361 111 514 68 96 
6 9 332 300 631 362 111 514 68 96 
6 9 332 300 631 363 111 514 68 96 
6 9 332 300 631 364 111 514 68 96 
6 9 332 300 631 365 111 514 68 96 
6 9 332 300 631 366 111 514 68 96 
6 9 332 300 631 367 111 514 68 96 
6 9 332 300 631 368 111 514 68 96 
6 9 332 300 631 369 111 514 68 96 
6 9 332 300 631 370 111 514 68 96 
6 9 332 300 631 371 111 514 68 96 
6 9 332 300 631 372 111 514 68 96 
6 9 332 300 631 373 111 514 68 96 
6 9 332 300 631 374 111 514 68 96 
6 9 332 300 631 375 111 514 68 96 
6 9 332 300 631 376 111 514 68 96 
6 9 332 300 631 377 111 514 68 96 
6 9 332 300 631 378 111 514 68 96 
6 9 332 300 631 379 111 514 68 96 
6 9 332 300 631 380 111 514 68 96 
6 9 332 300 631 381 111 514 68 96 
6 9 332 300 631 382 111 514 68 96 
6 9 332 300 631 383 111 514 68 96 
6 9 332 300 631 384 111 514 68 96 
6 9 332 300 631 385 111 514 68 96 
6 9 332 300 631 386 111 514 68 96 
6 9 332 300 631 387 111 514 68 96 
6 9 332 300 631 388 111 514 68 96 
6 9 332 300 631 389 111 514 68 96 
6 9 332 300 631 390 111 514 68 96 
6 9 332 300 631 391 111 514 68 96 
6 9 332 300 631 392 111 514 68 96 
6 9 332 300 631 393 111 514 68 96 
6 9 332 300 631 394 111 514 68 96 
6 9 332 300 631 395 111 514 68 96 
6 9 332 300 631 396 111 514 68 96 
6 9 332 300 631 397 111 514 68 96 
6 9 332 300 631 398 111 514 68 96 
6 9 332 300 631 399 111 514 68 96 
6 9 332 300 631 400 111 514 68 96 
6 9 332 300 631 401 111 514 68 96 
6 9 332 300 631 402 111 514 68 96 
6 9 332 300 631 403 111 514 68 96 
6 9 332 300 631 404 111 514 68 96 
6 9 332 300 631 405 111 514 68 96 
6 9 332 300 631 406 111 514 68 96 
6 9 332 300 631 407 111 514 68 96 
6 9 332 300 631 408 111 514 68 96 
6 9 332 300 631 409 111 514 68 96 
6 9 332 300 631 410 111 514 68 96 
6 9 332 300 631 411 111 514 68 96 
6 9 332 300 631 412 111 514 68 96 
6 9 332 300 631 413 111 514 68 96 
6 9 332 300 631 414 111 514 68 96 
6 9 332 300 631 415 111 514 68 96 
6 9 332 300 631 416 111 514 68 96 
6 9 332 300 631 417 111 514 68 96 
6 9 332 300 631 418 111 514 68 96 
6 9 332 300 631 419 111 514 68 96 
6 9 332 300 631 420 111 514 68 96 
6 9 332 300 631 421 111 514 68 96 
6 9 332 300 631 422 111 514 68 96 
6 9 332 300 631 423 111 514 68 96 
6 9 332 300 631 424 111 514 68 96 
6 9 332 300 631 425 111 514 68 96 
6 9 332 300 631 426 111 514 68 96 
6 9 332 300 631 427 111 514 68 96 
6 9 332 300 631 428 111 514 68 96 
6 9 332 300 631 429 111 514 68 96 
6 9 332 300 631 430 111 514 68 96 
6 9 332 300 631 431 111 514 68 96 
6 9 332 300 631 432 111 514 68 96 
6 9 332 300 631 433 111 514 68 96 
6 9 332 300 631 434 111 514 68 96 
6 9 332 300 631 435 111 514 68 96 
6 9 332 300 631 436 111 514 68 96 
6 9 332 300 631 437 111 514 68 96 
6 9 332 300 631 438 111 514 68 96 
6 9 332 300 631 439 111 514 68 96 
6 9 332 300 631 440 111 514 68 96 
6 9 332 300 631 441 111 514 68 96 
6 9 332 300 631 442 111 514 68 96 
6 9 332 300 631 443 111 514 68 96 
6 9 332 300 631 444 111 514 68 96 
6 9 332 300 631 445 111 514 68 96 
6 9 332 300 631 446 111 514 68 96 
6 9 332 300 631 447 111 514 68 96 
6 9 332 300 631 448 111 514 68 96 
6 9 332 300 631 449 111 514 68 96 
6 9 332 300 631 450 111 514 68 96 
6 9 332 300 631 451 111 514 68 96 
6 9 332 300 631 452 111 514 68 96 
6 9 332 300 631 453 111 514 68 96 
6 9 332 300 631 454 111 514 68 96 
6 9 332 300 631 455 111 514 68 96 
6 9 332 300 631 456 111 514 68 96 
6 9 332 300 631 457 111 514 68 96 
6 9 332 300 631 458 111 514 68 96 
6 9 332 300 631 459 111 514 68 96 
6 9 332 300 631 460 111 514 68 96 
6 9 332 300 631 461 111 514 68 96 
6 9 332 300 631 462 111 514 68 96 
6 9 332 300 631 463 111 514 68 96 
6 9 332 300 631 464 111 514 68 96 
6 9 332 300 631 465 111 514 68 96 
6 9 332 300 631 466 111 514 68 96 
6 9 332 300 631 467 111 514 68 96 
6 9 332 300 631 468 111 514 68 96 
6 9 332 300 631 469 111 514 68 96 
6 9 332 300 631 470 111 514 68 96 
6 9 332 300 631 471 111 514 68 96 
6 9 332 300 631 472 111 514 68 96 
6 9 332 300 631 473 111 514 68 96 
6 9 332 300 631 474 111 514 68 96 
6 9 332 300 631 475 111 514 68 96 
6 9 332 300 631 476 111 514 68 96 
6 9 332 300 631 477 111 514 68 96 
6 9 332 300 631 478 111 514 68 96 
6 9 332 300 631 479 111 514 68 96 
6 9 332 300 631 480 111 514 68 96 
6 9 332 300 631 481 111 514 68 96 
6 9 332 300 631 482 111 514 68 96 
6 9 332 300 631 483 111 514 68 96 
6 9 332 300 631 484 111 514 68 96 
6 9 332 300 631 485 111 514 68 96 
6 9 332 300 631 486 111 514 68 96 
6 9 332 300 631 487 111 514 68 96 
6 9 332 300 631 488 111 514 68 96 
6 9 332 300 631 489 111 514 68 96 
6 9 332 300 631 490 111 514 68 96 
6 9 332 300 631 491 111 514 68 96 
6 9 332 300 631 492 111 514 68 96 
6 9 332 300 631 493 111 514 68 96 
6 9 332 300 631 494 111 514 68 96 
6 9 332 300 631 495 111 514 68 96 
6 9 332 300 631 496 111 514 68 96 
6 9 332 300 631 497 111 514 68 96 
6 9 332 300 631 498 111 514 68 96 
6 9 332 300 631 499 111 514 68 96 
6 9 332 300 631 500 111 514 68 96 
6 9 332 300 631 501 111 514 68 96 
6 9 332 300 631 502 111 514 68 96 
6 9 332 300 631 503 111 514 68 96 
6 9 332 300 631 504 111 514 68 96 
6 9 332 300 631 505 111 514 68 96 
6 9 332 300 631 506 111 514 68 96 
6 9 332 300 631 507 111 514 68 96 
6 9 332 300 631 508 111 514 68 96 
6 9 332 300 631 509 111 514 68 96 
6 9 332 300 631 510 111 514 68 96 
6 9 332 300 631 511 111 514 68 96 
6 9 332 300 631 512 111 514 68 96 
6 9 332 300 631 513 111 514 68 96 
6 9 332 300 631 514 111 514 68 96 
6 9 332 300 631 515 111 514 68 96 
6 9 332 300 631 516 111 514 68 96 
6 9 332 300 631 517 111 514 68 96 
6 9 332 300 631 518 111 514 68 96 
6 9 332 300 631 519 111 514 68 96 
6 9 332 300 631 520 111 514 68 96 
6 9 332 300 631 521 111 514 68 96 
6 9 332 300 631 522 111 514 68 96 
6 9 332 300 631 523 111 514 68 96 
6 9 332 300 631 524 111 514 68 96 
6 9 332 300 631 525 111 514 68 96 
6 9 332 300 631 526 111 514 68 96 
6 9 332 300 631 527 111 514 68 96 
6 9 332 300 631 528 111 514 68 96 
6 9 332 300 631 529 111 514 68 96 
6 9 332 300 631 530 111 514 68 96 
6 9 332 300 631 531 111 514 68 96 
6 9 332 300 631 532 111 514 68 96 
6 9 332 300 631 533 111 514 68 96 
6 9 332 300 631 534 111 514 68 96 
6 9 332 300 631 535 111 514 68 96 
6 9 332 300 631 536 111 514 68 96 
6 9 332 300 631 537 111 514 68 96 
6 9 332 300 631 538 111 514 68 96 
6 9 332 300 631 539 111 514 68 96 
6 9 332 300 631 540 111 514 68 96 
6 9 332 300 631 541 111 514 68 96 
6 9 332 300 631 542 111 514 68 96 
6 9 332 300 631 543 111 514 68 96 
6 9 332 300 631 544 111 514 68 96 
6 9 332 300 631 545 111 514 68 96 
6 9 332 300 631 546 111 514 68 96 
6 9 332 300 631 547 111 514 68 96 
6 9 332 300 631 548 111 514 68 96 
6 9 332 300 631 549 111 514 68 96 
6 9 332 300 631 550 111 514 68 96 
6 9 332 300 631 551 111 514 68 96 
6 9 332 300 631 552 111 514 68 96 
6 9 332 300 631 553 111 514 68 96 
6 9 332 300 631 554 111 514 68 96 
6 9 332 300 631 555 111 514 68 96 
6 9 332 300 631 556 111 514 68 96 
6 9 332 300 631 557 111 514 68 96 
6 9 332 300 631 558 111 514 68 96 
6 9 332 300 631 559 111 514 68 96 
6 9 332 300 631 560 111 514 68 96 
6 9 332 300 631 561 111 514 68 96 
6 9 332 300 631 562 111 514 68 96 
6 9 332 300 631 563 111 514 68 96 
6 9 332 300 631 564 111 514 68 96 
6 9 332 300 631 565 111 514 68 96 
6 9 332 300 631 566 111 514 68 96 
6 9 332 300 631 567 111 514 68 96 
6 9 332 300 631 568 111 514 68 96 
6 9 332 300 631 569 111 514 68 96 
6 9 332 300 631 570 111 514 68 96 
6 9 332 300 631 571 111 514 68 96 
6 9 332 300 631 572 111 514 68 96 
6 9 332 300 631 573 111 514 68 96 
6 9 332 300 631 574 111 514 68 96 
6 9 332 300 631 575 111 514 68 96 
6 9 332 300 631 576 111 514 68 96 
6 9 332 300 631 577 111 514 68 96 
6 9 332 300 631 578 111 514 68 96 
6 9 332 300 631 579 111 514 68 96 
6 9 332 300 631 580 111 514 68 96 
6 9 332 300 631 581 111 514 68 96 
6 9 332 300 631 582 111 514 68 96 
6 9 332 300 631 583 111 514 68 96 
6 9 332 300 631 584 111 514 68 96 
6 9 332 300 631 585 111 514 68 96 
6 9 332 300 631 586 111 514 68 96 
6 9 332 300 631 587 111 514 68 96 
6 9 332 300 631 588 111 514 68 96 
6 9 332 300 631 589 111 514 68 96 
6 9 332 300 631 590 111 514 68 96 
6 9 332 300 631 591 111 514 68 96 
6 9 332 300 631 592 111 514 68 96 
6 9 332 300 631 593 111 514 68 96 
6 9 332 300 631 594 111 514 68 96 
6 9 332 300 631 595 111 514 68 96 
6 9 332 300 631 596 111 514 68 96 
6 9 332 300 631 597 111 514 68 96 
6 9 332 300 631 598 111 514 68 96 
6 9 332 300 631 599 111 514 68 96 
6 9 332 300 631 600 111 514 68 96 
6 9 332 300 631 601 107 514 70 96 
6 9 332 300 631 602 107 514 70 96 
6 9 332 300 631 603 107 514 70 96 
6 9 332 300 631 604 107 514 70 96 
6 9 332 300 631 605 107 514 70 96 
6 9 332 300 631 606 107 514 70 96 
6 9 332 300 631 607 107 514 70 96 
6 9 332 300 631 608 107 514 70 96 
6 9 332 300 631 609 107 514 70 96 
6 9 332 300 631 610 107 514 70 96 
6 9 332 300 631 611 107 514 70 96 
6 9 332 300 631 612 107 514 70 96 
6 9 332 300 631 613 107 514 70 96 
6 9 332 300 631 614 107 513 70 100 
6 9 332 300 631 615 107 513 70 100 
6 9 332 300 631 616 107 513 70 100 
6 9 332 300 631 617 107 513 70 100 
6 9 332 300 631 618 107 513 70 100 
6 9 332 300 631 619 107 513 70 100 
6 9 332 300 631 620 107 513 70 100 
6 9 332 300 631 621 107 513 70 100 
6 9 332 300 631 622 107 513 70 100 
6 9 332 300 631 623 107 513 70 100 
6 9 332 300 631 624 107 513 70 100 
6 9 332 300 631 625 107 513 70 100 
6 9 332 300 631 626 107 513 70 100 
6 9 332 300 631 627 107 513 70 100 
6 9 332 300 631 628 107 512 70 105 
6 9 332 300 631 629 107 512 70 105 
6 9 332 300 631 630 107 512 70 105 
6 9 332 300 631 631 107 512 70 105 
9 9 279 43 321 43 0 566 62 88 
9 9 279 43 321 44 0 566 62 88 
9 9 279 43 321 45 0 566 62 88 
9 9 279 43 321 46 0 563 62 88 
9 9 279 43 321 47 0 563 65 88 
9 9 279 43 321 48 0 563 65 88 
9 9 279 43 321 49 0 563 65 88 
9 9 279 43 321 50 0 563 65 88 
9 9 279 43 321 51 0 563 67 88 
9 9 279 43 321 52 0 563 67 88 
9 9 279 43 321 53 0 563 67 88 
9 9 279 43 321 54 0 561 67 87 
9 9 279 43 321 55 0 561 67 87 
9 9 279 43 321 56 0 561 70 87 
9 9 279 43 321 57 0 561 70 87 
9 9 279 43 321 58 0 561 70 87 
9 9 279 43 321 59 0 561 70 87 
9 9 279 43 321 60 3 561 70 87 
9 9 279 43 321 61 3 561 70 87 
9 9 279 43 321 62 3 558 70 88 
9 9 279 43 321 63 3 558 70 88 
9 9 279 43 321 64 7 558 68 88 
9 9 279 43 321 65 7 558 68 88 
9 9 279 43 321 66 7 558 68 88 
9 9 279 43 321 67 7 558 68 88 
9 9 279 43 321 68 7 558 68 88 
9 9 279 43 321 69 8 558 70 88 
9 9 279 43 321 70 8 555 70 88 
9 9 279 43 321 71 8 555 70 88 
9 9 279 43 321 72 8 555 70 88 
9 9 279 43 321 73 11 555 70 88 
9 9 279 43 321 74 11 555 70 88 
9 9 279 43 321 75 11 555 70 88 
9 9 279 43 321 76 11 555 70 88 
9 9 279 43 321 77 11 555 70 88 
9 9 279 43 321 78 15 553 68 87 
9 9 279 43 321 79 15 553 68 87 
9 9 279 43 321 80 15 553 68 87 
9 9 279 43 321 81 15 553 68 87 
9 9 279 43 321 82 16 553 70 87 
9 9 279 43 321 83 16 553 70 87 
9 9 279 43 321 84 16 553 70 87 
9 9 279 43 321 85 16 553 70 87 
9 9 279 43 321 86 19 550 70 88 
9 9 279 43 321 87 19 550 70 88 
9 9 279 43 321 88 19 550 70 88 
9 9 279 43 321 89 19 550 70 88 
9 9 279 43 321 90 19 550 70 88 
9 9 279 43 321 91 23 550 68 88 
9 9 279 43 321 92 23 550 68 88 
9 9 279 43 321 93 23 550 68 88 
9 9 279 43 321 94 23 547 68 88 
9 9 279 43 321 95 24 547 70 88 
9 9 279 43 321 96 24 547 70 88 
9 9 279 43 321 97 24 547 70 88 
9 9 279 43 321 98 24 547 70 88 
9 9 279 43 321 99 27 547 70 88 
9 9 279 43 321 100 27 547 70 88 
9 9 279 43 321 101 27 547 70 88 
9 9 279 43 321 102 27 545 70 87 
9 9 279 43 321 103 27 545 70 87 
9 9 279 43 321 104 31 545 68 87 
9 9 279 43 321 105 31 545 68 87 
9 9 279 43 321 106 31 545 68 87 
9 9 279 43 321 107 31 545 68 87 
9 9 279 43 321 108 32 545 70 87 
9 9 279 43 321 109 32 545 70 87 
9 9 279 43 321 110 32 542 70 88 
9 9 279 43 321 111 32 542 70 88 
9 9 279 43 321 112 32 542 70 88 
9 9 279 43 321 113 35 542 70 88 
9 9 279 43 321 114 35 542 70 88 
9 9 279 43 321 115 35 542 70 88 
9 9 279 43 321 116 35 542 70 88 
9 9 279 43 321 117 39 542 68 88 
9 9 279 43 321 118 39 539 68 88 
9 9 279 43 321 119 39 539 68 88 
9 9 279 43 321 120 39 539 68 88 
9 9 279 43 321 121 40 539 70 88 
9 9 279 43 321 122 40 539 70 88 
9 9 279 43 321 123 40 539 70 88 
9 9 279 43 321 124 40 539 70 88 
9 9 279 43 321 125 40 539 70 88 
9 9 279 43 321 126 43 537 70 87 
9 9 279 43 321 127 43 537 70 87 
9 9 279 43 321 128 43 537 70 87 
9 9 279 43 321 129 43 537 70 87 
9 9 279 43 321 130 47 537 68 87 
9 9 279 43 321 131 47 537 68 87 
9 9 279 43 321 132 47 537 68 87 
9 9 279 43 321 133 47 537 68 87 
9 9 279 43 321 134 48 537 70 87 
9 9 279 43 321 135 48 534 70 88 
9 9 279 43 321 136 48 534 70 88 
9 9 279 43 321 137 48 534 70 88 
9 9 279 43 321 138 48 534 70 88 
9 9 279 43 321 139 48 534 70 88 
9 9 279 43 321 140 51 534 70 88 
9 9 279 43 321 141 51 534 70 88 
9 9 279 43 321 142 51 534 70 88 
9 9 279 43 321 143 51 534 70 88 
9 9 279 43 321 144 51 534 70 88 
9 9 279 43 321 145 55 534 68 88 
9 9 279 43 321 146 55 534 68 88 
9 9 279 43 321 147 55 534 68 88 
9 9 279 43 321 148 55 534 68 88 
9 9 279 43 321 149 55 534 68 88 
9 9 279 43 321 150 56 534 70 88 
9 9 279 43 321 151 56 534 70 88 
9 9 279 43 321 152 56 534 70 88 
9 9 279 43 321 153 56 531 70 88 
9 9 279 43 321 154 56 531 70 88 
9 9 279 43 321 155 59 531 70 88 
9 9 279 43 321 156 59 531 70 88 
9 9 279 43 321 157 59 531 70 88 
9 9 279 43 321 158 59 531 70 88 
9 9 279 43 321 159 59 531 70 88 
9 9 279 43 321 160 59 531 70 88 
9 9 279 43 321 161 63 531 68 88 
9 9 279 43 321 162 63 531 68 88 
9 9 279 43 321 163 63 531 68 88 
9 9 279 43 321 164 63 531 68 88 
9 9 279 43 321 165 63 531 68 88 
9 9 279 43 321 166 64 531 70 88 
9 9 279 43 321 167 64 531 70 88 
9 9 279 43 321 168 64 531 70 88 
9 9 279 43 321 169 64 531 70 88 
9 9 279 43 321 170 64 531 70 88 
9 9 279 43 321 171 67 529 70 87 
9 9 279 43 321 172 67 529 70 87 
9 9 279 43 321 173 67 529 70 87 
9 9 279 43 321 174 67 529 70 87 
9 9 279 43 321 175 67 529 70 87 
9 9 279 43 321 176 71 529 68 87 
9 9 279 43 321 177 71 529 68 87 
9 9 279 43 321 178 71 529 68 87 
9 9 279 43 321 179 71 529 68 87 
9 9 279 43 321 180 71 529 68 87 
9 9 279 43 321 181 71 529 68 87 
9 9 279 43 321 182 72 529 70 87 
9 9 279 43 321 183 72 529 70 87 
9 9 279 43 321 184 72 529 70 87 
9 9 279 43 321 185 72 529 70 87 
9 9 279 43 321 186 72 529 70 87 
9 9 279 43 321 187 75 529 70 87 
9 9 279 43 321 188 75 529 70 87 
9 9 279 43 321 189 75 529 70 87 
9 9 279 43 321 190 75 526 70 88 
9 9 279 43 321 191 75 526 70 88 
9 9 279 43 321 192 79 526 68 88 
9 9 279 43 321 193 79 526 68 88 
9 9 279 43 321 194 79 526 68 88 
9 9 279 43 321 195 79 526 68 88 
9 9 279 43 321 196 79 526 68 88 
9 9 279 43 321 197 80 526 70 88 
9 9 279 43 321 198 80 526 70 88 
9 9 279 43 321 199 80 526 70 88 
9 9 279 43 321 200 80 526 70 88 
9 9 279 43 321 201 80 526 70 88 
9 9 279 43 321 202 80 526 70 88 
9 9 279 43 321 203 83 526 70 88 
9 9 279 43 321 204 83 526 70 88 
9 9 279 43 321 205 83 526 70 88 
9 9 279 43 321 206 83 526 70 88 
9 9 279 43 321 207 83 526 70 88 
9 9 279 43 321 208 87 523 68 88 
9 9 279 43 321 209 87 523 68 88 
9 9 279 43 321 210 87 523 68 88 
9 9 279 43 321 211 87 523 68 88 
9 9 279 43 321 212 87 523 68 88 
9 9 279 43 321 213 88 523 70 88 
9 9 279 43 321 214 88 523 70 88 
9 9 279 43 321 215 88 523 70 88 
9 9 279 43 321 216 88 523 70 88 
9 9 279 43 321 217 88 523 70 88 
9 9 279 43 321 218 91 523 70 88 
9 9 279 43 321 219 91 523 70 88 
9 9 279 43 321 220 91 523 70 88 
9 9 279 43 321 221 91 523 70 88 
9 9 279 43 321 222 91 523 70 88 
9 9 279 43 321 223 91 523 70 88 
9 9 279 43 321 224 95 523 68 88 
9 9 279 43 321 225 95 523 68 88 
9 9 279 43 321 226 95 521 68 87 
9 9 279 43 321 227 95 521 68 87 
9 9 279 43 321 228 95 521 68 87 
9 9 279 43 321 229 96 521 70 87 
9 9 279 43 321 230 96 521 70 87 
9 9 279 43 321 231 96 521 70 87 
9 9 279 43 321 232 96 521 70 87 
9 9 279 43 321 233 96 521 70 87 
9 9 279 43 321 234 99 521 70 87 
9 9 279 43 321 235 99 521 70 87 
9 9 279 43 321 236 99 521 70 87 
9 9 279 43 321 237 99 521 70 87 
9 9 279 43 321 238 99 521 70 87 
9 9 279 43 321 239 103 521 68 87 
9 9 279 43 321 240 103 521 68 87 
9 9 279 43 321 241 103 521 68 87 
9 9 279 43 321 242 103 521 68 87 
9 9 279 43 321 243 103 521 68 87 
9 9 279 43 321 244 104 521 70 87 
9 9 279 43 321 245 104 521 70 87 
9 9 279 43 321 246 104 521 70 87 
9 9 279 43 321 247 104 521 70 87 
9 9 279 43 321 248 104 521 70 87 
9 9 279 43 321 249 104 521 70 87 
9 9 279 43 321 250 104 521 70 87 
9 9 279 43 321 251 104 521 70 87 
9 9 279 43 321 252 109 521 64 87 
9 9 279 43 321 253 109 521 64 87 
9 9 279 43 321 254 109 521 64 87 
9 9 279 43 321 255 109 521 64 87 
9 9 279 43 321 256 109 521 64 87 
9 9 279 43 321 257 109 521 64 87 
9 9 279 43 321 258 109 521 64 87 
9 9 279 43 321 259 113 521 58 87 
9 9 279 43 321 260 113 521 58 87 
9 9 279 43 321 261 113 521 58 87 
9 9 279 43 321 262 113 521 58 87 
9 9 279 43 321 263 113 521 58 87 
9 9 279 43 321 264 113 521 58 87 
9 9 279 43 321 265 113 521 58 87 
9 9 279 43 321 266 116 521 54 87 
9 9 279 43 321 267 116 521 54 87 
9 9 279 43 321 268 116 521 54 87 
9 9 279 43 321 269 116 521 54 87 
9 9 279 43 321 270 116 521 54 87 
9 9 279 43 321 271 116 521 54 87 
9 9 279 43 321 272 116 521 54 87 
9 9 279 43 321 273 121 521 48 87 
9 9 279 43 321 274 116 521 48 87 
9 9 279 43 321 275 113 524 48 84 
9 9 279 43 321 276 110 523 48 88 
9 9 279 43 321 277 108 527 48 84 
9 9 279 43 321 278 105 526 48 88 
9 9 279 43 321 279 102 530 48 84 
9 9 279 43 321 280 100 529 48 87 
9 9 279 43 321 281 97 532 48 84 
9 9 279 43 321 282 94 535 48 84 
9 9 279 43 321 283 92 535 48 84 
9 9 279 43 321 284 89 538 48 84 
9 9 279 43 321 285 86 538 48 84 
9 9 279 43 321 286 84 540 48 81 
9 9 279 43 321 287 81 540 48 84 
9 9 279 43 321 288 78 543 48 79 
9 9 279 43 321 289 76 546 48 79 
9 9 279 43 321 290 74 546 42 79 
9 9 279 43 321 291 71 548 44 81 
9 9 279 43 321 292 69 548 42 81 
9 9 279 43 321 293 66 551 42 79 
9 9 279 43 321 294 63 551 44 79 
9 9 279 43 321 295 61 554 42 79 
9 9 279 43 321 296 58 554 42 79 
9 9 279 43 321 297 55 556 44 81 
9 9 279 43 321 298 49 560 48 76 
9 9 279 43 321 299 46 560 48 76 
9 9 279 43 321 300 44 563 48 75 
9 9 279 43 321 301 41 563 48 75 
9 9 279 43 321 302 38 565 48 76 
9 9 279 43 321 303 36 565 48 76 
9 9 279 43 321 304 33 568 48 76 
9 9 279 43 321 305 30 572 48 72 
9 9 279 43 321 306 29 571 42 75 
9 9 279 43 321 307 26 574 42 72 
9 9 279 43 321 308 23 573 44 76 
9 9 279 43 321 309 21 577 42 72 
9 9 279 43 321 310 18 577 42 72 
9 9 279 43 321 311 15 580 44 72 
9 9 279 43 321 312 13 580 42 72 
9 9 279 43 321 313 10 582 42 72 
9 9 279 43 321 314 7 585 44 67 
9 9 279 43 321 315 5 585 42 72 
9 9 279 43 321 316 2 588 42 67 
9 9 279 43 321 317 0 588 43 72 
9 9 279 43 321 318 0 590 39 69 
9 9 279 43 321 319 0 590 36 72 
9 9 279 43 321 320 0 593 35 67 
9 9 279 43 321 321 0 596 31 67 
