4 2 155 1201 1355 1201 927 486 96 103 
4 2 155 1201 1355 1202 927 486 96 103 
4 2 155 1201 1355 1203 927 486 96 103 
4 2 155 1201 1355 1204 927 486 96 103 
4 2 155 1201 1355 1205 927 486 96 103 
4 2 155 1201 1355 1206 927 486 96 103 
4 2 155 1201 1355 1207 927 486 96 103 
4 2 155 1201 1355 1208 927 486 96 103 
4 2 155 1201 1355 1209 927 486 96 103 
4 2 155 1201 1355 1210 927 486 96 103 
4 2 155 1201 1355 1211 927 486 96 103 
4 2 155 1201 1355 1212 927 486 96 103 
4 2 155 1201 1355 1213 927 486 96 103 
4 2 155 1201 1355 1214 927 486 96 103 
4 2 155 1201 1355 1215 927 486 96 103 
4 2 155 1201 1355 1216 927 486 96 103 
4 2 155 1201 1355 1217 927 486 96 103 
4 2 155 1201 1355 1218 927 486 96 103 
4 2 155 1201 1355 1219 927 486 96 103 
4 2 155 1201 1355 1220 927 486 96 103 
4 2 155 1201 1355 1221 927 486 96 103 
4 2 155 1201 1355 1222 927 486 96 103 
4 2 155 1201 1355 1223 927 486 96 103 
4 2 155 1201 1355 1224 927 486 96 103 
4 2 155 1201 1355 1225 927 486 96 103 
4 2 155 1201 1355 1226 927 486 96 103 
4 2 155 1201 1355 1227 927 486 96 103 
4 2 155 1201 1355 1228 927 486 96 103 
4 2 155 1201 1355 1229 927 486 96 103 
4 2 155 1201 1355 1230 927 486 96 103 
4 2 155 1201 1355 1231 927 486 96 103 
4 2 155 1201 1355 1232 927 486 96 103 
4 2 155 1201 1355 1233 927 486 96 103 
4 2 155 1201 1355 1234 927 486 96 103 
4 2 155 1201 1355 1235 927 486 96 103 
4 2 155 1201 1355 1236 927 486 96 103 
4 2 155 1201 1355 1237 927 486 96 103 
4 2 155 1201 1355 1238 927 486 96 103 
4 2 155 1201 1355 1239 927 486 96 103 
4 2 155 1201 1355 1240 927 486 96 103 
4 2 155 1201 1355 1241 927 486 96 103 
4 2 155 1201 1355 1242 927 486 96 103 
4 2 155 1201 1355 1243 927 486 96 103 
4 2 155 1201 1355 1244 927 486 96 103 
4 2 155 1201 1355 1245 927 486 96 103 
4 2 155 1201 1355 1246 927 486 96 103 
4 2 155 1201 1355 1247 927 486 96 103 
4 2 155 1201 1355 1248 927 486 96 103 
4 2 155 1201 1355 1249 927 486 96 103 
4 2 155 1201 1355 1250 927 486 96 103 
4 2 155 1201 1355 1251 927 486 96 103 
4 2 155 1201 1355 1252 927 486 96 103 
4 2 155 1201 1355 1253 927 486 96 103 
4 2 155 1201 1355 1254 927 486 96 103 
4 2 155 1201 1355 1255 927 486 96 103 
4 2 155 1201 1355 1256 927 486 96 103 
4 2 155 1201 1355 1257 927 486 96 103 
4 2 155 1201 1355 1258 927 486 96 103 
4 2 155 1201 1355 1259 927 486 96 103 
4 2 155 1201 1355 1260 927 486 96 103 
4 2 155 1201 1355 1261 927 486 96 103 
4 2 155 1201 1355 1262 927 486 96 103 
4 2 155 1201 1355 1263 927 486 96 103 
4 2 155 1201 1355 1264 927 486 96 103 
4 2 155 1201 1355 1265 927 486 96 103 
4 2 155 1201 1355 1266 927 486 96 103 
4 2 155 1201 1355 1267 927 486 96 103 
4 2 155 1201 1355 1268 927 486 96 103 
4 2 155 1201 1355 1269 927 486 96 103 
4 2 155 1201 1355 1270 927 486 96 103 
4 2 155 1201 1355 1271 927 486 96 103 
4 2 155 1201 1355 1272 927 486 96 103 
4 2 155 1201 1355 1273 927 486 96 103 
4 2 155 1201 1355 1274 927 486 96 103 
4 2 155 1201 1355 1275 927 486 96 103 
4 2 155 1201 1355 1276 927 486 96 103 
4 2 155 1201 1355 1277 927 486 96 103 
4 2 155 1201 1355 1278 927 486 96 103 
4 2 155 1201 1355 1279 927 486 96 103 
4 2 155 1201 1355 1280 927 486 96 103 
4 2 155 1201 1355 1281 927 486 96 103 
4 2 155 1201 1355 1282 927 486 96 103 
4 2 155 1201 1355 1283 927 486 96 103 
4 2 155 1201 1355 1284 927 486 96 103 
4 2 155 1201 1355 1285 927 486 96 103 
4 2 155 1201 1355 1286 927 486 96 103 
4 2 155 1201 1355 1287 927 486 96 103 
4 2 155 1201 1355 1288 927 486 96 103 
4 2 155 1201 1355 1289 927 486 96 103 
4 2 155 1201 1355 1290 927 486 96 103 
4 2 155 1201 1355 1291 927 486 96 103 
4 2 155 1201 1355 1292 927 486 96 103 
4 2 155 1201 1355 1293 927 486 96 103 
4 2 155 1201 1355 1294 927 486 96 103 
4 2 155 1201 1355 1295 927 486 96 103 
4 2 155 1201 1355 1296 927 486 96 103 
4 2 155 1201 1355 1297 927 486 96 103 
4 2 155 1201 1355 1298 927 486 96 103 
4 2 155 1201 1355 1299 927 486 96 103 
4 2 155 1201 1355 1300 927 486 96 103 
4 2 155 1201 1355 1301 927 486 96 103 
4 2 155 1201 1355 1302 927 486 96 103 
4 2 155 1201 1355 1303 927 486 96 103 
4 2 155 1201 1355 1304 927 486 96 103 
4 2 155 1201 1355 1305 927 486 96 103 
4 2 155 1201 1355 1306 927 486 96 103 
4 2 155 1201 1355 1307 927 486 96 103 
4 2 155 1201 1355 1308 927 486 96 103 
4 2 155 1201 1355 1309 927 486 96 103 
4 2 155 1201 1355 1310 927 486 96 103 
4 2 155 1201 1355 1311 927 486 96 103 
4 2 155 1201 1355 1312 927 486 96 103 
4 2 155 1201 1355 1313 927 486 96 103 
4 2 155 1201 1355 1314 927 486 96 103 
4 2 155 1201 1355 1315 927 486 96 103 
4 2 155 1201 1355 1316 927 486 96 103 
4 2 155 1201 1355 1317 927 486 96 103 
4 2 155 1201 1355 1318 927 486 96 103 
4 2 155 1201 1355 1319 927 486 96 103 
4 2 155 1201 1355 1320 927 486 96 103 
4 2 155 1201 1355 1321 927 486 96 103 
4 2 155 1201 1355 1322 927 486 96 103 
4 2 155 1201 1355 1323 927 486 96 103 
4 2 155 1201 1355 1324 927 486 96 103 
4 2 155 1201 1355 1325 927 486 96 103 
4 2 155 1201 1355 1326 927 486 96 103 
4 2 155 1201 1355 1327 927 486 96 103 
4 2 155 1201 1355 1328 927 486 96 103 
4 2 155 1201 1355 1329 927 486 96 103 
4 2 155 1201 1355 1330 927 486 96 103 
4 2 155 1201 1355 1331 927 486 96 103 
4 2 155 1201 1355 1332 927 486 96 103 
4 2 155 1201 1355 1333 927 486 96 103 
4 2 155 1201 1355 1334 927 486 96 103 
4 2 155 1201 1355 1335 927 486 96 103 
4 2 155 1201 1355 1336 927 486 96 103 
4 2 155 1201 1355 1337 927 486 96 103 
4 2 155 1201 1355 1338 927 486 96 103 
4 2 155 1201 1355 1339 927 486 96 103 
4 2 155 1201 1355 1340 927 486 96 103 
4 2 155 1201 1355 1341 927 486 96 103 
4 2 155 1201 1355 1342 927 486 96 103 
4 2 155 1201 1355 1343 927 486 96 103 
4 2 155 1201 1355 1344 927 486 96 103 
4 2 155 1201 1355 1345 927 486 96 103 
4 2 155 1201 1355 1346 927 486 96 103 
4 2 155 1201 1355 1347 927 486 96 103 
4 2 155 1201 1355 1348 927 486 96 103 
4 2 155 1201 1355 1349 927 486 96 103 
4 2 155 1201 1355 1350 927 486 96 103 
4 2 155 1201 1355 1351 927 486 96 103 
4 2 155 1201 1355 1352 927 486 96 103 
4 2 155 1201 1355 1353 927 486 96 103 
4 2 155 1201 1355 1354 927 486 96 103 
4 2 155 1201 1355 1355 927 486 96 103 
