18 3 109 1069 1177 1069 0 579 68 88 
18 3 109 1069 1177 1070 0 579 68 88 
18 3 109 1069 1177 1071 0 579 68 88 
18 3 109 1069 1177 1072 0 579 68 88 
18 3 109 1069 1177 1073 0 579 68 88 
18 3 109 1069 1177 1074 0 579 68 88 
18 3 109 1069 1177 1075 0 579 68 88 
18 3 109 1069 1177 1076 0 579 68 88 
18 3 109 1069 1177 1077 0 579 68 88 
18 3 109 1069 1177 1078 0 579 68 88 
18 3 109 1069 1177 1079 0 579 68 88 
18 3 109 1069 1177 1080 0 579 68 88 
18 3 109 1069 1177 1081 0 579 68 88 
18 3 109 1069 1177 1082 0 579 68 88 
18 3 109 1069 1177 1083 0 579 68 88 
18 3 109 1069 1177 1084 0 579 68 88 
18 3 109 1069 1177 1085 0 579 68 88 
18 3 109 1069 1177 1086 0 579 68 88 
18 3 109 1069 1177 1087 0 579 68 88 
18 3 109 1069 1177 1088 0 579 68 88 
18 3 109 1069 1177 1089 0 579 68 88 
18 3 109 1069 1177 1090 0 579 68 88 
18 3 109 1069 1177 1091 0 579 68 88 
18 3 109 1069 1177 1092 0 579 68 88 
18 3 109 1069 1177 1093 0 579 68 88 
18 3 109 1069 1177 1094 0 579 68 88 
18 3 109 1069 1177 1095 0 579 68 88 
18 3 109 1069 1177 1096 0 579 68 88 
18 3 109 1069 1177 1097 0 579 68 88 
18 3 109 1069 1177 1098 0 579 68 88 
18 3 109 1069 1177 1099 0 579 68 88 
18 3 109 1069 1177 1100 0 579 68 88 
18 3 109 1069 1177 1101 0 579 68 88 
18 3 109 1069 1177 1102 0 579 68 88 
18 3 109 1069 1177 1103 0 579 68 88 
18 3 109 1069 1177 1104 0 579 68 88 
18 3 109 1069 1177 1105 0 579 68 88 
18 3 109 1069 1177 1106 0 579 68 88 
18 3 109 1069 1177 1107 0 579 68 88 
18 3 109 1069 1177 1108 0 579 68 88 
18 3 109 1069 1177 1109 0 579 68 88 
18 3 109 1069 1177 1110 0 579 68 88 
18 3 109 1069 1177 1111 0 579 68 88 
18 3 109 1069 1177 1112 0 579 68 88 
18 3 109 1069 1177 1113 0 579 68 88 
18 3 109 1069 1177 1114 0 579 68 88 
18 3 109 1069 1177 1115 0 579 68 88 
18 3 109 1069 1177 1116 0 579 68 88 
18 3 109 1069 1177 1117 0 579 68 88 
18 3 109 1069 1177 1118 0 579 68 88 
18 3 109 1069 1177 1119 0 579 68 88 
18 3 109 1069 1177 1120 0 579 68 88 
18 3 109 1069 1177 1121 0 579 68 88 
18 3 109 1069 1177 1122 0 579 68 88 
18 3 109 1069 1177 1123 0 579 68 88 
18 3 109 1069 1177 1124 0 579 68 88 
18 3 109 1069 1177 1125 0 579 68 88 
18 3 109 1069 1177 1126 0 579 68 88 
18 3 109 1069 1177 1127 0 579 68 88 
18 3 109 1069 1177 1128 0 579 68 88 
18 3 109 1069 1177 1129 0 579 68 88 
18 3 109 1069 1177 1130 0 579 68 88 
18 3 109 1069 1177 1131 0 579 68 88 
18 3 109 1069 1177 1132 0 579 68 88 
18 3 109 1069 1177 1133 0 579 68 88 
18 3 109 1069 1177 1134 0 579 68 88 
18 3 109 1069 1177 1135 0 579 68 88 
18 3 109 1069 1177 1136 0 579 68 88 
18 3 109 1069 1177 1137 0 579 68 88 
18 3 109 1069 1177 1138 0 579 68 88 
18 3 109 1069 1177 1139 0 579 68 88 
18 3 109 1069 1177 1140 0 579 68 88 
18 3 109 1069 1177 1141 0 579 68 88 
18 3 109 1069 1177 1142 0 579 68 88 
18 3 109 1069 1177 1143 0 579 68 88 
18 3 109 1069 1177 1144 0 579 68 88 
18 3 109 1069 1177 1145 0 579 68 88 
18 3 109 1069 1177 1146 0 579 68 88 
18 3 109 1069 1177 1147 0 579 68 88 
18 3 109 1069 1177 1148 0 579 68 88 
18 3 109 1069 1177 1149 0 579 68 88 
18 3 109 1069 1177 1150 0 579 68 88 
18 3 109 1069 1177 1151 0 579 68 88 
18 3 109 1069 1177 1152 0 579 68 88 
18 3 109 1069 1177 1153 0 579 68 88 
18 3 109 1069 1177 1154 0 579 68 88 
18 3 109 1069 1177 1155 0 579 68 88 
18 3 109 1069 1177 1156 0 579 68 88 
18 3 109 1069 1177 1157 0 579 68 88 
18 3 109 1069 1177 1158 0 579 68 88 
18 3 109 1069 1177 1159 0 579 68 88 
18 3 109 1069 1177 1160 0 579 68 88 
18 3 109 1069 1177 1161 0 579 68 88 
18 3 109 1069 1177 1162 0 579 68 88 
18 3 109 1069 1177 1163 0 579 68 88 
18 3 109 1069 1177 1164 0 579 68 88 
18 3 109 1069 1177 1165 0 579 68 88 
18 3 109 1069 1177 1166 0 579 68 88 
18 3 109 1069 1177 1167 0 579 68 88 
18 3 109 1069 1177 1168 0 579 68 88 
18 3 109 1069 1177 1169 0 579 68 88 
18 3 109 1069 1177 1170 0 579 68 88 
18 3 109 1069 1177 1171 0 579 68 88 
18 3 109 1069 1177 1172 0 579 68 88 
18 3 109 1069 1177 1173 0 579 68 88 
18 3 109 1069 1177 1174 0 579 68 88 
18 3 109 1069 1177 1175 0 579 68 88 
18 3 109 1069 1177 1176 0 579 68 88 
18 3 109 1069 1177 1177 0 579 68 88 
19 2 448 1189 1636 1189 0 577 87 104 
19 2 448 1189 1636 1190 0 577 87 104 
19 2 448 1189 1636 1191 0 577 87 104 
19 2 448 1189 1636 1192 0 577 87 104 
19 2 448 1189 1636 1193 0 577 87 104 
19 2 448 1189 1636 1194 0 577 87 104 
19 2 448 1189 1636 1195 0 577 87 104 
19 2 448 1189 1636 1196 0 577 87 104 
19 2 448 1189 1636 1197 0 577 87 104 
19 2 448 1189 1636 1198 0 577 87 104 
19 2 448 1189 1636 1199 0 577 87 104 
19 2 448 1189 1636 1200 0 577 87 104 
19 2 448 1189 1636 1201 0 577 87 104 
19 2 448 1189 1636 1202 0 577 87 104 
19 2 448 1189 1636 1203 0 577 87 104 
19 2 448 1189 1636 1204 0 577 87 104 
19 2 448 1189 1636 1205 0 577 87 104 
19 2 448 1189 1636 1206 0 577 87 104 
19 2 448 1189 1636 1207 0 577 87 104 
19 2 448 1189 1636 1208 0 577 87 104 
19 2 448 1189 1636 1209 0 577 87 104 
19 2 448 1189 1636 1210 0 577 87 104 
19 2 448 1189 1636 1211 0 577 87 104 
19 2 448 1189 1636 1212 0 577 87 104 
19 2 448 1189 1636 1213 0 577 87 104 
19 2 448 1189 1636 1214 0 577 87 104 
19 2 448 1189 1636 1215 0 577 87 104 
19 2 448 1189 1636 1216 0 577 87 104 
19 2 448 1189 1636 1217 0 577 87 104 
19 2 448 1189 1636 1218 0 577 87 104 
19 2 448 1189 1636 1219 0 577 87 104 
19 2 448 1189 1636 1220 0 577 87 104 
19 2 448 1189 1636 1221 0 577 87 104 
19 2 448 1189 1636 1222 0 577 87 104 
19 2 448 1189 1636 1223 0 577 87 104 
19 2 448 1189 1636 1224 0 577 87 104 
19 2 448 1189 1636 1225 0 577 87 104 
19 2 448 1189 1636 1226 0 577 87 104 
19 2 448 1189 1636 1227 0 577 87 104 
19 2 448 1189 1636 1228 0 577 87 104 
19 2 448 1189 1636 1229 0 577 87 104 
19 2 448 1189 1636 1230 0 577 87 104 
19 2 448 1189 1636 1231 0 577 87 104 
19 2 448 1189 1636 1232 0 577 87 104 
19 2 448 1189 1636 1233 0 577 87 104 
19 2 448 1189 1636 1234 0 577 87 104 
19 2 448 1189 1636 1235 0 577 87 104 
19 2 448 1189 1636 1236 0 577 87 104 
19 2 448 1189 1636 1237 0 577 87 104 
19 2 448 1189 1636 1238 0 577 87 104 
19 2 448 1189 1636 1239 0 577 87 104 
19 2 448 1189 1636 1240 0 577 87 104 
19 2 448 1189 1636 1241 0 577 87 104 
19 2 448 1189 1636 1242 0 577 87 104 
19 2 448 1189 1636 1243 0 577 87 104 
19 2 448 1189 1636 1244 0 577 87 104 
19 2 448 1189 1636 1245 0 577 87 104 
19 2 448 1189 1636 1246 0 577 87 104 
19 2 448 1189 1636 1247 0 577 87 104 
19 2 448 1189 1636 1248 0 577 87 104 
19 2 448 1189 1636 1249 0 577 87 104 
19 2 448 1189 1636 1250 0 577 87 104 
19 2 448 1189 1636 1251 0 577 87 104 
19 2 448 1189 1636 1252 0 577 87 104 
19 2 448 1189 1636 1253 0 577 87 104 
19 2 448 1189 1636 1254 0 577 87 104 
19 2 448 1189 1636 1255 0 577 87 104 
19 2 448 1189 1636 1256 0 577 87 104 
19 2 448 1189 1636 1257 0 577 87 104 
19 2 448 1189 1636 1258 0 577 87 104 
19 2 448 1189 1636 1259 0 577 87 104 
19 2 448 1189 1636 1260 0 577 87 104 
19 2 448 1189 1636 1261 0 577 87 104 
19 2 448 1189 1636 1262 0 577 87 104 
19 2 448 1189 1636 1263 0 577 87 104 
19 2 448 1189 1636 1264 0 577 87 104 
19 2 448 1189 1636 1265 0 577 87 104 
19 2 448 1189 1636 1266 0 577 87 104 
19 2 448 1189 1636 1267 0 577 87 104 
19 2 448 1189 1636 1268 0 577 87 104 
19 2 448 1189 1636 1269 0 577 87 104 
19 2 448 1189 1636 1270 0 577 87 104 
19 2 448 1189 1636 1271 0 577 87 104 
19 2 448 1189 1636 1272 0 577 87 104 
19 2 448 1189 1636 1273 0 577 87 104 
19 2 448 1189 1636 1274 0 577 87 104 
19 2 448 1189 1636 1275 0 577 87 104 
19 2 448 1189 1636 1276 0 577 87 104 
19 2 448 1189 1636 1277 0 577 87 104 
19 2 448 1189 1636 1278 0 577 87 104 
19 2 448 1189 1636 1279 0 577 87 104 
19 2 448 1189 1636 1280 0 577 87 104 
19 2 448 1189 1636 1281 0 577 87 104 
19 2 448 1189 1636 1282 0 577 87 104 
19 2 448 1189 1636 1283 0 577 87 104 
19 2 448 1189 1636 1284 0 577 87 104 
19 2 448 1189 1636 1285 0 577 87 104 
19 2 448 1189 1636 1286 0 577 87 104 
19 2 448 1189 1636 1287 0 577 87 104 
19 2 448 1189 1636 1288 0 577 87 104 
19 2 448 1189 1636 1289 0 577 87 104 
19 2 448 1189 1636 1290 0 577 87 104 
19 2 448 1189 1636 1291 0 577 87 104 
19 2 448 1189 1636 1292 0 577 87 104 
19 2 448 1189 1636 1293 0 577 87 104 
19 2 448 1189 1636 1294 0 577 87 104 
19 2 448 1189 1636 1295 0 577 87 104 
19 2 448 1189 1636 1296 0 577 87 104 
19 2 448 1189 1636 1297 0 577 87 104 
19 2 448 1189 1636 1298 0 577 87 104 
19 2 448 1189 1636 1299 0 577 87 104 
19 2 448 1189 1636 1300 0 577 87 104 
19 2 448 1189 1636 1301 0 577 87 104 
19 2 448 1189 1636 1302 0 577 87 104 
19 2 448 1189 1636 1303 0 577 87 104 
19 2 448 1189 1636 1304 0 577 87 104 
19 2 448 1189 1636 1305 0 577 87 104 
19 2 448 1189 1636 1306 0 577 87 104 
19 2 448 1189 1636 1307 0 577 87 104 
19 2 448 1189 1636 1308 0 577 87 104 
19 2 448 1189 1636 1309 0 577 87 104 
19 2 448 1189 1636 1310 0 577 87 104 
19 2 448 1189 1636 1311 0 577 87 104 
19 2 448 1189 1636 1312 0 577 87 104 
19 2 448 1189 1636 1313 0 577 87 104 
19 2 448 1189 1636 1314 0 577 87 104 
19 2 448 1189 1636 1315 0 577 87 104 
19 2 448 1189 1636 1316 0 577 87 104 
19 2 448 1189 1636 1317 0 577 87 104 
19 2 448 1189 1636 1318 0 577 87 104 
19 2 448 1189 1636 1319 0 577 87 104 
19 2 448 1189 1636 1320 0 577 87 104 
19 2 448 1189 1636 1321 0 577 87 104 
19 2 448 1189 1636 1322 0 577 87 104 
19 2 448 1189 1636 1323 0 577 87 104 
19 2 448 1189 1636 1324 0 577 87 104 
19 2 448 1189 1636 1325 0 577 87 104 
19 2 448 1189 1636 1326 0 577 87 104 
19 2 448 1189 1636 1327 0 577 87 104 
19 2 448 1189 1636 1328 0 577 87 104 
19 2 448 1189 1636 1329 0 577 87 104 
19 2 448 1189 1636 1330 0 577 87 104 
19 2 448 1189 1636 1331 0 577 87 104 
19 2 448 1189 1636 1332 0 577 87 104 
19 2 448 1189 1636 1333 0 577 87 104 
19 2 448 1189 1636 1334 0 577 87 104 
19 2 448 1189 1636 1335 0 577 87 104 
19 2 448 1189 1636 1336 0 577 87 104 
19 2 448 1189 1636 1337 0 577 87 104 
19 2 448 1189 1636 1338 0 577 87 104 
19 2 448 1189 1636 1339 0 577 87 104 
19 2 448 1189 1636 1340 0 577 87 104 
19 2 448 1189 1636 1341 0 577 87 104 
19 2 448 1189 1636 1342 0 577 87 104 
19 2 448 1189 1636 1343 0 577 87 104 
19 2 448 1189 1636 1344 0 577 87 104 
19 2 448 1189 1636 1345 0 577 87 104 
19 2 448 1189 1636 1346 0 577 87 104 
19 2 448 1189 1636 1347 0 577 87 104 
19 2 448 1189 1636 1348 0 577 87 104 
19 2 448 1189 1636 1349 0 577 87 104 
19 2 448 1189 1636 1350 0 577 87 104 
19 2 448 1189 1636 1351 0 577 87 104 
19 2 448 1189 1636 1352 0 577 87 104 
19 2 448 1189 1636 1353 0 577 87 104 
19 2 448 1189 1636 1354 0 577 87 104 
19 2 448 1189 1636 1355 0 577 87 104 
19 2 448 1189 1636 1356 0 577 87 104 
19 2 448 1189 1636 1357 0 577 87 104 
19 2 448 1189 1636 1358 0 577 87 104 
19 2 448 1189 1636 1359 0 577 87 104 
19 2 448 1189 1636 1360 0 577 87 104 
19 2 448 1189 1636 1361 0 577 87 104 
19 2 448 1189 1636 1362 0 577 87 104 
19 2 448 1189 1636 1363 0 577 87 104 
19 2 448 1189 1636 1364 0 577 87 104 
19 2 448 1189 1636 1365 0 577 87 104 
19 2 448 1189 1636 1366 0 577 87 104 
19 2 448 1189 1636 1367 0 577 87 104 
19 2 448 1189 1636 1368 0 577 87 104 
19 2 448 1189 1636 1369 0 577 87 104 
19 2 448 1189 1636 1370 0 577 87 104 
19 2 448 1189 1636 1371 0 577 87 104 
19 2 448 1189 1636 1372 0 577 87 104 
19 2 448 1189 1636 1373 0 577 87 104 
19 2 448 1189 1636 1374 0 577 87 104 
19 2 448 1189 1636 1375 0 577 87 104 
19 2 448 1189 1636 1376 0 577 87 104 
19 2 448 1189 1636 1377 0 577 87 104 
19 2 448 1189 1636 1378 0 577 87 104 
19 2 448 1189 1636 1379 0 577 87 104 
19 2 448 1189 1636 1380 0 577 87 104 
19 2 448 1189 1636 1381 0 577 87 104 
19 2 448 1189 1636 1382 0 577 87 104 
19 2 448 1189 1636 1383 0 577 87 104 
19 2 448 1189 1636 1384 0 577 87 104 
19 2 448 1189 1636 1385 0 577 87 104 
19 2 448 1189 1636 1386 0 577 87 104 
19 2 448 1189 1636 1387 0 577 87 104 
19 2 448 1189 1636 1388 0 577 87 104 
19 2 448 1189 1636 1389 0 577 87 104 
19 2 448 1189 1636 1390 0 577 87 104 
19 2 448 1189 1636 1391 0 577 87 104 
19 2 448 1189 1636 1392 0 577 87 104 
19 2 448 1189 1636 1393 0 577 87 104 
19 2 448 1189 1636 1394 0 577 87 104 
19 2 448 1189 1636 1395 0 577 87 104 
19 2 448 1189 1636 1396 0 577 87 104 
19 2 448 1189 1636 1397 0 577 87 104 
19 2 448 1189 1636 1398 0 577 87 104 
19 2 448 1189 1636 1399 0 577 87 104 
19 2 448 1189 1636 1400 0 577 87 104 
19 2 448 1189 1636 1401 0 577 87 104 
19 2 448 1189 1636 1402 0 577 87 104 
19 2 448 1189 1636 1403 0 577 87 104 
19 2 448 1189 1636 1404 0 577 87 104 
19 2 448 1189 1636 1405 0 577 87 104 
19 2 448 1189 1636 1406 0 577 87 104 
19 2 448 1189 1636 1407 0 577 87 104 
19 2 448 1189 1636 1408 0 577 87 104 
19 2 448 1189 1636 1409 0 577 87 104 
19 2 448 1189 1636 1410 0 577 87 104 
19 2 448 1189 1636 1411 0 577 87 104 
19 2 448 1189 1636 1412 0 577 87 104 
19 2 448 1189 1636 1413 0 577 87 104 
19 2 448 1189 1636 1414 0 577 87 104 
19 2 448 1189 1636 1415 0 577 87 104 
19 2 448 1189 1636 1416 0 577 87 104 
19 2 448 1189 1636 1417 0 577 87 104 
19 2 448 1189 1636 1418 0 577 87 104 
19 2 448 1189 1636 1419 0 577 87 104 
19 2 448 1189 1636 1420 0 577 87 104 
19 2 448 1189 1636 1421 0 577 87 104 
19 2 448 1189 1636 1422 0 577 87 104 
19 2 448 1189 1636 1423 0 577 87 104 
19 2 448 1189 1636 1424 0 577 87 104 
19 2 448 1189 1636 1425 0 577 87 104 
19 2 448 1189 1636 1426 0 577 87 104 
19 2 448 1189 1636 1427 0 577 87 104 
19 2 448 1189 1636 1428 0 577 87 104 
19 2 448 1189 1636 1429 0 577 87 104 
19 2 448 1189 1636 1430 0 577 87 104 
19 2 448 1189 1636 1431 0 577 87 104 
19 2 448 1189 1636 1432 0 577 87 104 
19 2 448 1189 1636 1433 0 577 87 104 
19 2 448 1189 1636 1434 0 577 87 104 
19 2 448 1189 1636 1435 0 577 87 104 
19 2 448 1189 1636 1436 0 577 87 104 
19 2 448 1189 1636 1437 0 577 87 104 
19 2 448 1189 1636 1438 0 577 87 104 
19 2 448 1189 1636 1439 0 577 87 104 
19 2 448 1189 1636 1440 0 577 87 104 
19 2 448 1189 1636 1441 0 577 87 104 
19 2 448 1189 1636 1442 0 577 87 104 
19 2 448 1189 1636 1443 0 577 87 104 
19 2 448 1189 1636 1444 0 577 87 104 
19 2 448 1189 1636 1445 0 577 87 104 
19 2 448 1189 1636 1446 0 577 87 104 
19 2 448 1189 1636 1447 0 577 87 104 
19 2 448 1189 1636 1448 0 577 87 104 
19 2 448 1189 1636 1449 0 577 87 104 
19 2 448 1189 1636 1450 0 577 87 104 
19 2 448 1189 1636 1451 0 577 87 104 
19 2 448 1189 1636 1452 0 577 87 104 
19 2 448 1189 1636 1453 0 577 87 104 
19 2 448 1189 1636 1454 0 577 87 104 
19 2 448 1189 1636 1455 0 577 87 104 
19 2 448 1189 1636 1456 0 577 87 104 
19 2 448 1189 1636 1457 0 577 87 104 
19 2 448 1189 1636 1458 0 577 87 104 
19 2 448 1189 1636 1459 0 577 87 104 
19 2 448 1189 1636 1460 0 577 87 104 
19 2 448 1189 1636 1461 0 577 87 104 
19 2 448 1189 1636 1462 0 577 87 104 
19 2 448 1189 1636 1463 0 577 87 104 
19 2 448 1189 1636 1464 0 577 87 104 
19 2 448 1189 1636 1465 0 577 87 104 
19 2 448 1189 1636 1466 0 577 87 104 
19 2 448 1189 1636 1467 0 577 87 104 
19 2 448 1189 1636 1468 0 577 87 104 
19 2 448 1189 1636 1469 0 577 87 104 
19 2 448 1189 1636 1470 0 577 87 104 
19 2 448 1189 1636 1471 0 577 87 104 
19 2 448 1189 1636 1472 0 577 87 104 
19 2 448 1189 1636 1473 0 577 87 104 
19 2 448 1189 1636 1474 0 577 87 104 
19 2 448 1189 1636 1475 0 577 87 104 
19 2 448 1189 1636 1476 0 577 87 104 
19 2 448 1189 1636 1477 0 577 87 104 
19 2 448 1189 1636 1478 0 577 87 104 
19 2 448 1189 1636 1479 0 577 87 104 
19 2 448 1189 1636 1480 0 577 87 104 
19 2 448 1189 1636 1481 0 577 87 104 
19 2 448 1189 1636 1482 0 577 87 104 
19 2 448 1189 1636 1483 0 577 87 104 
19 2 448 1189 1636 1484 0 577 87 104 
19 2 448 1189 1636 1485 0 577 87 104 
19 2 448 1189 1636 1486 0 577 87 104 
19 2 448 1189 1636 1487 0 577 87 104 
19 2 448 1189 1636 1488 0 577 87 104 
19 2 448 1189 1636 1489 0 577 87 104 
19 2 448 1189 1636 1490 0 577 87 104 
19 2 448 1189 1636 1491 0 577 87 104 
19 2 448 1189 1636 1492 0 577 87 104 
19 2 448 1189 1636 1493 0 577 87 104 
19 2 448 1189 1636 1494 0 577 87 104 
19 2 448 1189 1636 1495 0 577 87 104 
19 2 448 1189 1636 1496 0 577 87 104 
19 2 448 1189 1636 1497 0 577 87 104 
19 2 448 1189 1636 1498 0 577 87 104 
19 2 448 1189 1636 1499 0 577 87 104 
19 2 448 1189 1636 1500 0 577 87 104 
19 2 448 1189 1636 1501 0 577 87 104 
19 2 448 1189 1636 1502 0 577 87 104 
19 2 448 1189 1636 1503 0 577 87 104 
19 2 448 1189 1636 1504 0 577 87 104 
19 2 448 1189 1636 1505 0 577 87 104 
19 2 448 1189 1636 1506 0 577 87 104 
19 2 448 1189 1636 1507 0 577 87 104 
19 2 448 1189 1636 1508 0 577 87 104 
19 2 448 1189 1636 1509 0 577 87 104 
19 2 448 1189 1636 1510 0 577 87 104 
19 2 448 1189 1636 1511 0 577 87 104 
19 2 448 1189 1636 1512 0 577 87 104 
19 2 448 1189 1636 1513 0 577 87 104 
19 2 448 1189 1636 1514 0 577 87 104 
19 2 448 1189 1636 1515 0 577 87 104 
19 2 448 1189 1636 1516 0 577 87 104 
19 2 448 1189 1636 1517 0 577 87 104 
19 2 448 1189 1636 1518 0 577 87 104 
19 2 448 1189 1636 1519 0 577 87 104 
19 2 448 1189 1636 1520 0 577 87 104 
19 2 448 1189 1636 1521 0 577 87 104 
19 2 448 1189 1636 1522 0 577 87 104 
19 2 448 1189 1636 1523 0 577 87 104 
19 2 448 1189 1636 1524 0 577 87 104 
19 2 448 1189 1636 1525 0 577 87 104 
19 2 448 1189 1636 1526 0 577 87 104 
19 2 448 1189 1636 1527 0 577 87 104 
19 2 448 1189 1636 1528 0 577 87 104 
19 2 448 1189 1636 1529 0 577 87 104 
19 2 448 1189 1636 1530 0 577 87 104 
19 2 448 1189 1636 1531 0 577 87 104 
19 2 448 1189 1636 1532 0 577 87 104 
19 2 448 1189 1636 1533 0 577 87 104 
19 2 448 1189 1636 1534 0 577 87 104 
19 2 448 1189 1636 1535 0 577 87 104 
19 2 448 1189 1636 1536 0 577 87 104 
19 2 448 1189 1636 1537 0 577 87 104 
19 2 448 1189 1636 1538 0 577 87 104 
19 2 448 1189 1636 1539 0 577 87 104 
19 2 448 1189 1636 1540 0 577 87 104 
19 2 448 1189 1636 1541 0 577 87 104 
19 2 448 1189 1636 1542 0 577 87 104 
19 2 448 1189 1636 1543 0 577 87 104 
19 2 448 1189 1636 1544 0 577 87 104 
19 2 448 1189 1636 1545 0 577 87 104 
19 2 448 1189 1636 1546 0 577 87 104 
19 2 448 1189 1636 1547 0 577 87 104 
19 2 448 1189 1636 1548 0 577 87 104 
19 2 448 1189 1636 1549 0 577 87 104 
19 2 448 1189 1636 1550 0 577 87 104 
19 2 448 1189 1636 1551 0 577 87 104 
19 2 448 1189 1636 1552 0 577 87 104 
19 2 448 1189 1636 1553 0 577 87 104 
19 2 448 1189 1636 1554 0 577 87 104 
19 2 448 1189 1636 1555 0 577 87 104 
19 2 448 1189 1636 1556 0 577 87 104 
19 2 448 1189 1636 1557 0 577 87 104 
19 2 448 1189 1636 1558 0 577 87 104 
19 2 448 1189 1636 1559 0 577 87 104 
19 2 448 1189 1636 1560 0 577 87 104 
19 2 448 1189 1636 1561 0 577 87 104 
19 2 448 1189 1636 1562 0 577 87 104 
19 2 448 1189 1636 1563 0 577 87 104 
19 2 448 1189 1636 1564 0 577 87 104 
19 2 448 1189 1636 1565 0 577 87 104 
19 2 448 1189 1636 1566 0 577 87 104 
19 2 448 1189 1636 1567 0 577 87 104 
19 2 448 1189 1636 1568 0 577 87 104 
19 2 448 1189 1636 1569 0 577 87 104 
19 2 448 1189 1636 1570 0 577 87 104 
19 2 448 1189 1636 1571 0 577 87 104 
19 2 448 1189 1636 1572 0 577 87 104 
19 2 448 1189 1636 1573 0 577 87 104 
19 2 448 1189 1636 1574 0 577 87 104 
19 2 448 1189 1636 1575 0 577 87 104 
19 2 448 1189 1636 1576 0 577 87 104 
19 2 448 1189 1636 1577 0 577 87 104 
19 2 448 1189 1636 1578 0 577 87 104 
19 2 448 1189 1636 1579 0 577 87 104 
19 2 448 1189 1636 1580 0 577 87 104 
19 2 448 1189 1636 1581 0 577 87 104 
19 2 448 1189 1636 1582 0 577 87 104 
19 2 448 1189 1636 1583 0 577 87 104 
19 2 448 1189 1636 1584 0 577 87 104 
19 2 448 1189 1636 1585 0 577 87 104 
19 2 448 1189 1636 1586 0 577 87 104 
19 2 448 1189 1636 1587 0 577 87 104 
19 2 448 1189 1636 1588 0 577 87 104 
19 2 448 1189 1636 1589 0 577 87 104 
19 2 448 1189 1636 1590 0 577 87 104 
19 2 448 1189 1636 1591 0 577 87 104 
19 2 448 1189 1636 1592 0 577 87 104 
19 2 448 1189 1636 1593 0 577 87 104 
19 2 448 1189 1636 1594 0 577 87 104 
19 2 448 1189 1636 1595 0 577 87 104 
19 2 448 1189 1636 1596 0 577 87 104 
19 2 448 1189 1636 1597 0 577 87 104 
19 2 448 1189 1636 1598 0 577 87 104 
19 2 448 1189 1636 1599 0 577 87 104 
19 2 448 1189 1636 1600 0 577 87 104 
19 2 448 1189 1636 1601 0 577 87 104 
19 2 448 1189 1636 1602 0 577 87 104 
19 2 448 1189 1636 1603 0 577 87 104 
19 2 448 1189 1636 1604 0 577 87 104 
19 2 448 1189 1636 1605 0 577 87 104 
19 2 448 1189 1636 1606 0 577 87 104 
19 2 448 1189 1636 1607 0 577 87 104 
19 2 448 1189 1636 1608 0 577 87 104 
19 2 448 1189 1636 1609 0 577 87 104 
19 2 448 1189 1636 1610 0 577 87 104 
19 2 448 1189 1636 1611 0 577 87 104 
19 2 448 1189 1636 1612 0 577 87 104 
19 2 448 1189 1636 1613 0 577 87 104 
19 2 448 1189 1636 1614 0 577 87 104 
19 2 448 1189 1636 1615 0 577 87 104 
19 2 448 1189 1636 1616 0 577 87 104 
19 2 448 1189 1636 1617 0 577 87 104 
19 2 448 1189 1636 1618 0 577 87 104 
19 2 448 1189 1636 1619 0 577 87 104 
19 2 448 1189 1636 1620 0 577 87 104 
19 2 448 1189 1636 1621 0 577 87 104 
19 2 448 1189 1636 1622 0 577 87 104 
19 2 448 1189 1636 1623 0 577 87 104 
19 2 448 1189 1636 1624 0 577 87 104 
19 2 448 1189 1636 1625 0 577 87 104 
19 2 448 1189 1636 1626 0 577 87 104 
19 2 448 1189 1636 1627 0 577 87 104 
19 2 448 1189 1636 1628 0 577 87 104 
19 2 448 1189 1636 1629 0 577 87 104 
19 2 448 1189 1636 1630 0 577 87 104 
19 2 448 1189 1636 1631 0 577 87 104 
19 2 448 1189 1636 1632 0 577 87 104 
19 2 448 1189 1636 1633 0 577 87 104 
19 2 448 1189 1636 1634 0 577 87 104 
19 2 448 1189 1636 1635 0 577 87 104 
19 2 448 1189 1636 1636 0 577 87 104 
20 9 159 1814 1972 1814 0 581 43 96 
20 9 159 1814 1972 1815 0 581 43 96 
20 9 159 1814 1972 1816 0 581 43 96 
20 9 159 1814 1972 1817 0 581 43 96 
20 9 159 1814 1972 1818 0 581 48 96 
20 9 159 1814 1972 1819 0 581 48 96 
20 9 159 1814 1972 1820 0 581 48 96 
20 9 159 1814 1972 1821 0 581 48 96 
20 9 159 1814 1972 1822 0 581 48 96 
20 9 159 1814 1972 1823 0 581 48 96 
20 9 159 1814 1972 1824 0 584 51 91 
20 9 159 1814 1972 1825 0 584 51 91 
20 9 159 1814 1972 1826 0 584 51 91 
20 9 159 1814 1972 1827 0 584 51 91 
20 9 159 1814 1972 1828 0 584 51 91 
20 9 159 1814 1972 1829 0 584 51 91 
20 9 159 1814 1972 1830 0 584 55 91 
20 9 159 1814 1972 1831 0 584 55 91 
20 9 159 1814 1972 1832 0 584 55 91 
20 9 159 1814 1972 1833 0 584 55 91 
20 9 159 1814 1972 1834 0 584 55 91 
20 9 159 1814 1972 1835 0 584 55 91 
20 9 159 1814 1972 1836 0 584 60 91 
20 9 159 1814 1972 1837 0 584 60 91 
20 9 159 1814 1972 1838 0 584 60 91 
20 9 159 1814 1972 1839 0 584 60 91 
20 9 159 1814 1972 1840 0 584 60 91 
20 9 159 1814 1972 1841 0 584 60 91 
20 9 159 1814 1972 1842 0 584 63 91 
20 9 159 1814 1972 1843 0 584 63 91 
20 9 159 1814 1972 1844 0 584 63 91 
20 9 159 1814 1972 1845 0 584 63 91 
20 9 159 1814 1972 1846 0 584 63 91 
20 9 159 1814 1972 1847 0 584 63 91 
20 9 159 1814 1972 1848 0 586 66 93 
20 9 159 1814 1972 1849 0 586 66 93 
20 9 159 1814 1972 1850 0 586 66 93 
20 9 159 1814 1972 1851 0 586 66 93 
20 9 159 1814 1972 1852 0 586 66 93 
20 9 159 1814 1972 1853 0 586 66 93 
20 9 159 1814 1972 1854 0 586 66 93 
20 9 159 1814 1972 1855 0 586 66 93 
20 9 159 1814 1972 1856 0 586 66 93 
20 9 159 1814 1972 1857 0 586 66 93 
20 9 159 1814 1972 1858 0 586 66 93 
20 9 159 1814 1972 1859 0 586 66 93 
20 9 159 1814 1972 1860 0 586 66 93 
20 9 159 1814 1972 1861 0 586 66 93 
20 9 159 1814 1972 1862 0 586 66 93 
20 9 159 1814 1972 1863 0 586 66 93 
20 9 159 1814 1972 1864 0 586 66 93 
20 9 159 1814 1972 1865 0 589 65 91 
20 9 159 1814 1972 1866 0 589 65 91 
20 9 159 1814 1972 1867 0 589 65 91 
20 9 159 1814 1972 1868 0 589 65 91 
20 9 159 1814 1972 1869 0 589 65 91 
20 9 159 1814 1972 1870 0 589 65 91 
20 9 159 1814 1972 1871 0 589 65 91 
20 9 159 1814 1972 1872 0 589 65 91 
20 9 159 1814 1972 1873 0 589 65 91 
20 9 159 1814 1972 1874 0 589 65 91 
20 9 159 1814 1972 1875 0 589 65 91 
20 9 159 1814 1972 1876 0 589 65 91 
20 9 159 1814 1972 1877 0 589 65 91 
20 9 159 1814 1972 1878 0 589 65 91 
20 9 159 1814 1972 1879 0 589 65 91 
20 9 159 1814 1972 1880 0 589 65 91 
20 9 159 1814 1972 1881 0 592 63 91 
20 9 159 1814 1972 1882 0 592 63 91 
20 9 159 1814 1972 1883 0 592 63 91 
20 9 159 1814 1972 1884 0 592 63 91 
20 9 159 1814 1972 1885 0 592 63 91 
20 9 159 1814 1972 1886 0 592 63 91 
20 9 159 1814 1972 1887 0 592 63 91 
20 9 159 1814 1972 1888 0 592 63 91 
20 9 159 1814 1972 1889 0 592 63 91 
20 9 159 1814 1972 1890 0 592 63 91 
20 9 159 1814 1972 1891 0 592 63 91 
20 9 159 1814 1972 1892 0 592 63 91 
20 9 159 1814 1972 1893 0 592 63 91 
20 9 159 1814 1972 1894 0 592 63 91 
20 9 159 1814 1972 1895 0 592 63 91 
20 9 159 1814 1972 1896 0 592 63 91 
20 9 159 1814 1972 1897 0 594 62 93 
20 9 159 1814 1972 1898 0 594 62 93 
20 9 159 1814 1972 1899 0 594 62 93 
20 9 159 1814 1972 1900 0 594 62 93 
20 9 159 1814 1972 1901 0 594 62 93 
20 9 159 1814 1972 1902 0 594 62 93 
20 9 159 1814 1972 1903 0 594 62 93 
20 9 159 1814 1972 1904 0 594 62 93 
20 9 159 1814 1972 1905 0 594 62 93 
20 9 159 1814 1972 1906 0 594 62 93 
20 9 159 1814 1972 1907 0 594 62 93 
20 9 159 1814 1972 1908 0 594 62 93 
20 9 159 1814 1972 1909 0 594 62 93 
20 9 159 1814 1972 1910 0 594 62 93 
20 9 159 1814 1972 1911 0 594 62 93 
20 9 159 1814 1972 1912 0 594 62 93 
20 9 159 1814 1972 1913 0 597 65 91 
20 9 159 1814 1972 1914 0 597 62 91 
20 9 159 1814 1972 1915 0 597 62 91 
20 9 159 1814 1972 1916 0 597 62 91 
20 9 159 1814 1972 1917 0 597 62 91 
20 9 159 1814 1972 1918 0 597 62 91 
20 9 159 1814 1972 1919 0 597 62 91 
20 9 159 1814 1972 1920 0 597 58 91 
20 9 159 1814 1972 1921 0 597 59 91 
20 9 159 1814 1972 1922 0 597 59 91 
20 9 159 1814 1972 1923 0 597 59 91 
20 9 159 1814 1972 1924 0 597 59 91 
20 9 159 1814 1972 1925 0 600 59 91 
20 9 159 1814 1972 1926 0 600 56 91 
20 9 159 1814 1972 1927 0 600 56 91 
20 9 159 1814 1972 1928 0 600 57 91 
20 9 159 1814 1972 1929 0 600 57 91 
20 9 159 1814 1972 1930 0 600 57 91 
20 9 159 1814 1972 1931 0 600 57 91 
20 9 159 1814 1972 1932 0 600 53 91 
20 9 159 1814 1972 1933 0 600 53 91 
20 9 159 1814 1972 1934 0 600 53 91 
20 9 159 1814 1972 1935 0 600 54 91 
20 9 159 1814 1972 1936 0 600 54 91 
20 9 159 1814 1972 1937 0 602 54 93 
20 9 159 1814 1972 1938 0 602 50 93 
20 9 159 1814 1972 1939 0 602 50 93 
20 9 159 1814 1972 1940 0 602 50 93 
20 9 159 1814 1972 1941 0 602 50 93 
20 9 159 1814 1972 1942 0 602 51 93 
20 9 159 1814 1972 1943 0 602 51 93 
20 9 159 1814 1972 1944 0 602 48 93 
20 9 159 1814 1972 1945 0 602 48 93 
20 9 159 1814 1972 1946 0 602 48 93 
20 9 159 1814 1972 1947 0 602 48 93 
20 9 159 1814 1972 1948 0 602 48 93 
20 9 159 1814 1972 1949 0 605 48 91 
20 9 159 1814 1972 1950 0 605 43 91 
20 9 159 1814 1972 1951 0 605 43 91 
20 9 159 1814 1972 1952 0 605 39 91 
20 9 159 1814 1972 1953 0 608 39 91 
20 9 159 1814 1972 1954 0 608 39 91 
20 9 159 1814 1972 1955 0 608 36 91 
20 9 159 1814 1972 1956 0 610 36 93 
20 9 159 1814 1972 1957 0 610 36 93 
20 9 159 1814 1972 1958 0 610 31 93 
20 9 159 1814 1972 1959 0 610 31 93 
20 9 159 1814 1972 1960 0 613 31 91 
20 9 159 1814 1972 1961 0 613 27 91 
20 9 159 1814 1972 1962 0 613 27 91 
20 9 159 1814 1972 1963 0 616 27 91 
20 9 159 1814 1972 1964 0 616 27 91 
20 9 159 1814 1972 1965 0 616 27 91 
20 9 159 1814 1972 1966 0 616 27 91 
20 9 159 1814 1972 1967 0 616 27 91 
20 9 159 1814 1972 1968 0 616 27 91 
20 9 159 1814 1972 1969 0 616 27 91 
20 9 159 1814 1972 1970 0 616 27 91 
20 9 159 1814 1972 1971 0 616 27 91 
20 9 159 1814 1972 1972 0 616 27 91 
21 3 59 2944 3002 2944 0 562 184 80 
21 3 59 2944 3002 2945 0 562 184 80 
21 3 59 2944 3002 2946 0 562 184 80 
21 3 59 2944 3002 2947 0 562 184 80 
21 3 59 2944 3002 2948 0 562 184 80 
21 3 59 2944 3002 2949 0 562 184 80 
21 3 59 2944 3002 2950 0 562 184 80 
21 3 59 2944 3002 2951 0 562 184 80 
21 3 59 2944 3002 2952 0 562 184 80 
21 3 59 2944 3002 2953 0 562 184 80 
21 3 59 2944 3002 2954 0 562 184 80 
21 3 59 2944 3002 2955 0 562 184 80 
21 3 59 2944 3002 2956 0 562 184 80 
21 3 59 2944 3002 2957 0 562 184 80 
21 3 59 2944 3002 2958 0 562 184 80 
21 3 59 2944 3002 2959 0 562 184 80 
21 3 59 2944 3002 2960 0 562 184 80 
21 3 59 2944 3002 2961 0 562 184 80 
21 3 59 2944 3002 2962 0 562 184 80 
21 3 59 2944 3002 2963 0 562 184 80 
21 3 59 2944 3002 2964 0 562 184 80 
21 3 59 2944 3002 2965 0 562 184 80 
21 3 59 2944 3002 2966 0 562 184 80 
21 3 59 2944 3002 2967 0 562 184 80 
21 3 59 2944 3002 2968 0 562 184 80 
21 3 59 2944 3002 2969 0 562 184 80 
21 3 59 2944 3002 2970 0 562 184 80 
21 3 59 2944 3002 2971 0 562 184 80 
21 3 59 2944 3002 2972 0 562 184 80 
21 3 59 2944 3002 2973 0 562 184 80 
21 3 59 2944 3002 2974 0 562 184 80 
21 3 59 2944 3002 2975 0 562 184 80 
21 3 59 2944 3002 2976 0 562 184 80 
21 3 59 2944 3002 2977 0 562 184 80 
21 3 59 2944 3002 2978 0 562 184 80 
21 3 59 2944 3002 2979 0 562 184 80 
21 3 59 2944 3002 2980 0 562 184 80 
21 3 59 2944 3002 2981 0 562 184 80 
21 3 59 2944 3002 2982 0 562 184 80 
21 3 59 2944 3002 2983 0 562 184 80 
21 3 59 2944 3002 2984 0 562 184 80 
21 3 59 2944 3002 2985 0 562 184 80 
21 3 59 2944 3002 2986 0 562 184 80 
21 3 59 2944 3002 2987 0 562 184 80 
21 3 59 2944 3002 2988 0 562 184 80 
21 3 59 2944 3002 2989 0 562 184 80 
21 3 59 2944 3002 2990 0 562 184 80 
21 3 59 2944 3002 2991 0 562 184 80 
21 3 59 2944 3002 2992 0 562 184 80 
21 3 59 2944 3002 2993 0 562 184 80 
21 3 59 2944 3002 2994 0 562 184 80 
21 3 59 2944 3002 2995 0 562 184 80 
21 3 59 2944 3002 2996 0 562 184 80 
21 3 59 2944 3002 2997 0 562 184 80 
21 3 59 2944 3002 2998 0 562 184 80 
21 3 59 2944 3002 2999 0 562 184 80 
21 3 59 2944 3002 3000 0 562 184 80 
21 3 59 2944 3002 3001 0 562 184 80 
21 3 59 2944 3002 3002 0 562 184 80 
22 2 202 3001 3202 3001 0 562 118 121 
22 2 202 3001 3202 3002 0 562 118 121 
22 2 202 3001 3202 3003 0 562 118 121 
22 2 202 3001 3202 3004 0 562 118 121 
22 2 202 3001 3202 3005 0 562 118 121 
22 2 202 3001 3202 3006 0 562 118 121 
22 2 202 3001 3202 3007 0 562 118 121 
22 2 202 3001 3202 3008 0 562 118 121 
22 2 202 3001 3202 3009 0 562 118 121 
22 2 202 3001 3202 3010 0 562 118 121 
22 2 202 3001 3202 3011 0 562 118 121 
22 2 202 3001 3202 3012 0 562 118 121 
22 2 202 3001 3202 3013 0 562 118 121 
22 2 202 3001 3202 3014 0 562 118 121 
22 2 202 3001 3202 3015 0 562 118 121 
22 2 202 3001 3202 3016 0 562 118 121 
22 2 202 3001 3202 3017 0 562 118 121 
22 2 202 3001 3202 3018 0 562 118 121 
22 2 202 3001 3202 3019 0 562 118 121 
22 2 202 3001 3202 3020 0 562 118 121 
22 2 202 3001 3202 3021 0 562 118 121 
22 2 202 3001 3202 3022 0 562 118 121 
22 2 202 3001 3202 3023 0 562 118 121 
22 2 202 3001 3202 3024 0 562 118 121 
22 2 202 3001 3202 3025 0 562 118 121 
22 2 202 3001 3202 3026 0 562 118 121 
22 2 202 3001 3202 3027 0 562 118 121 
22 2 202 3001 3202 3028 0 562 118 121 
22 2 202 3001 3202 3029 0 562 118 121 
22 2 202 3001 3202 3030 0 562 118 121 
22 2 202 3001 3202 3031 0 562 118 121 
22 2 202 3001 3202 3032 0 562 118 121 
22 2 202 3001 3202 3033 0 562 118 121 
22 2 202 3001 3202 3034 0 562 118 121 
22 2 202 3001 3202 3035 0 562 118 121 
22 2 202 3001 3202 3036 0 562 118 121 
22 2 202 3001 3202 3037 0 562 118 121 
22 2 202 3001 3202 3038 0 562 118 121 
22 2 202 3001 3202 3039 0 562 118 121 
22 2 202 3001 3202 3040 0 562 118 121 
22 2 202 3001 3202 3041 0 562 118 121 
22 2 202 3001 3202 3042 0 562 118 121 
22 2 202 3001 3202 3043 0 562 118 121 
22 2 202 3001 3202 3044 0 562 118 121 
22 2 202 3001 3202 3045 0 562 118 121 
22 2 202 3001 3202 3046 0 562 118 121 
22 2 202 3001 3202 3047 0 562 118 121 
22 2 202 3001 3202 3048 0 562 118 121 
22 2 202 3001 3202 3049 0 562 118 121 
22 2 202 3001 3202 3050 0 562 118 121 
22 2 202 3001 3202 3051 0 562 118 121 
22 2 202 3001 3202 3052 0 562 118 121 
22 2 202 3001 3202 3053 0 562 118 121 
22 2 202 3001 3202 3054 0 562 118 121 
22 2 202 3001 3202 3055 0 562 118 121 
22 2 202 3001 3202 3056 0 562 118 121 
22 2 202 3001 3202 3057 0 562 118 121 
22 2 202 3001 3202 3058 0 562 118 121 
22 2 202 3001 3202 3059 0 562 118 121 
22 2 202 3001 3202 3060 0 562 118 121 
22 2 202 3001 3202 3061 0 562 118 121 
22 2 202 3001 3202 3062 0 562 118 121 
22 2 202 3001 3202 3063 0 562 118 121 
22 2 202 3001 3202 3064 0 562 118 121 
22 2 202 3001 3202 3065 0 562 118 121 
22 2 202 3001 3202 3066 0 562 118 121 
22 2 202 3001 3202 3067 0 562 118 121 
22 2 202 3001 3202 3068 0 562 118 121 
22 2 202 3001 3202 3069 0 562 118 121 
22 2 202 3001 3202 3070 0 562 118 121 
22 2 202 3001 3202 3071 0 562 118 121 
22 2 202 3001 3202 3072 0 562 118 121 
22 2 202 3001 3202 3073 0 562 118 121 
22 2 202 3001 3202 3074 0 562 118 121 
22 2 202 3001 3202 3075 0 562 118 121 
22 2 202 3001 3202 3076 0 562 118 121 
22 2 202 3001 3202 3077 0 562 118 121 
22 2 202 3001 3202 3078 0 562 118 121 
22 2 202 3001 3202 3079 0 562 118 121 
22 2 202 3001 3202 3080 0 562 118 121 
22 2 202 3001 3202 3081 0 562 118 121 
22 2 202 3001 3202 3082 0 562 118 121 
22 2 202 3001 3202 3083 0 562 118 121 
22 2 202 3001 3202 3084 0 562 118 121 
22 2 202 3001 3202 3085 0 562 118 121 
22 2 202 3001 3202 3086 0 562 118 121 
22 2 202 3001 3202 3087 0 562 118 121 
22 2 202 3001 3202 3088 0 562 118 121 
22 2 202 3001 3202 3089 0 562 118 121 
22 2 202 3001 3202 3090 0 562 118 121 
22 2 202 3001 3202 3091 0 562 118 121 
22 2 202 3001 3202 3092 0 562 118 121 
22 2 202 3001 3202 3093 0 562 118 121 
22 2 202 3001 3202 3094 0 562 118 121 
22 2 202 3001 3202 3095 0 562 118 121 
22 2 202 3001 3202 3096 0 562 118 121 
22 2 202 3001 3202 3097 0 562 118 121 
22 2 202 3001 3202 3098 0 562 118 121 
22 2 202 3001 3202 3099 0 562 118 121 
22 2 202 3001 3202 3100 0 562 118 121 
22 2 202 3001 3202 3101 0 562 118 121 
22 2 202 3001 3202 3102 0 562 118 121 
22 2 202 3001 3202 3103 0 562 118 121 
22 2 202 3001 3202 3104 0 562 118 121 
22 2 202 3001 3202 3105 0 562 118 121 
22 2 202 3001 3202 3106 0 562 118 121 
22 2 202 3001 3202 3107 0 562 118 121 
22 2 202 3001 3202 3108 0 562 118 121 
22 2 202 3001 3202 3109 0 562 118 121 
22 2 202 3001 3202 3110 0 562 118 121 
22 2 202 3001 3202 3111 0 562 118 121 
22 2 202 3001 3202 3112 0 562 118 121 
22 2 202 3001 3202 3113 0 562 118 121 
22 2 202 3001 3202 3114 0 562 118 121 
22 2 202 3001 3202 3115 0 562 118 121 
22 2 202 3001 3202 3116 0 562 118 121 
22 2 202 3001 3202 3117 0 562 118 121 
22 2 202 3001 3202 3118 0 562 118 121 
22 2 202 3001 3202 3119 0 562 118 121 
22 2 202 3001 3202 3120 0 562 118 121 
22 2 202 3001 3202 3121 0 562 118 121 
22 2 202 3001 3202 3122 0 562 118 121 
22 2 202 3001 3202 3123 0 562 118 121 
22 2 202 3001 3202 3124 0 562 118 121 
22 2 202 3001 3202 3125 0 562 118 121 
22 2 202 3001 3202 3126 0 562 118 121 
22 2 202 3001 3202 3127 0 562 118 121 
22 2 202 3001 3202 3128 0 562 118 121 
22 2 202 3001 3202 3129 0 562 118 121 
22 2 202 3001 3202 3130 0 562 118 121 
22 2 202 3001 3202 3131 0 562 118 121 
22 2 202 3001 3202 3132 0 562 118 121 
22 2 202 3001 3202 3133 0 562 118 121 
22 2 202 3001 3202 3134 0 562 118 121 
22 2 202 3001 3202 3135 0 562 118 121 
22 2 202 3001 3202 3136 0 562 118 121 
22 2 202 3001 3202 3137 0 562 118 121 
22 2 202 3001 3202 3138 0 562 118 121 
22 2 202 3001 3202 3139 0 562 118 121 
22 2 202 3001 3202 3140 0 562 118 121 
22 2 202 3001 3202 3141 0 562 118 121 
22 2 202 3001 3202 3142 0 562 118 121 
22 2 202 3001 3202 3143 0 562 118 121 
22 2 202 3001 3202 3144 0 562 118 121 
22 2 202 3001 3202 3145 0 562 118 121 
22 2 202 3001 3202 3146 0 562 118 121 
22 2 202 3001 3202 3147 0 562 118 121 
22 2 202 3001 3202 3148 0 562 118 121 
22 2 202 3001 3202 3149 0 562 118 121 
22 2 202 3001 3202 3150 0 562 118 121 
22 2 202 3001 3202 3151 0 562 118 121 
22 2 202 3001 3202 3152 0 562 118 121 
22 2 202 3001 3202 3153 0 562 118 121 
22 2 202 3001 3202 3154 0 562 118 121 
22 2 202 3001 3202 3155 0 562 118 121 
22 2 202 3001 3202 3156 0 562 118 121 
22 2 202 3001 3202 3157 0 562 118 121 
22 2 202 3001 3202 3158 0 562 118 121 
22 2 202 3001 3202 3159 0 562 118 121 
22 2 202 3001 3202 3160 0 562 118 121 
22 2 202 3001 3202 3161 0 562 118 121 
22 2 202 3001 3202 3162 0 562 118 121 
22 2 202 3001 3202 3163 0 562 118 121 
22 2 202 3001 3202 3164 0 562 118 121 
22 2 202 3001 3202 3165 0 562 118 121 
22 2 202 3001 3202 3166 0 562 118 121 
22 2 202 3001 3202 3167 0 562 118 121 
22 2 202 3001 3202 3168 0 562 118 121 
22 2 202 3001 3202 3169 0 562 118 121 
22 2 202 3001 3202 3170 0 562 118 121 
22 2 202 3001 3202 3171 0 562 118 121 
22 2 202 3001 3202 3172 0 562 118 121 
22 2 202 3001 3202 3173 0 562 118 121 
22 2 202 3001 3202 3174 0 562 118 121 
22 2 202 3001 3202 3175 0 562 118 121 
22 2 202 3001 3202 3176 0 562 118 121 
22 2 202 3001 3202 3177 0 562 118 121 
22 2 202 3001 3202 3178 0 562 118 121 
22 2 202 3001 3202 3179 0 562 118 121 
22 2 202 3001 3202 3180 0 562 118 121 
22 2 202 3001 3202 3181 0 562 118 121 
22 2 202 3001 3202 3182 0 562 118 121 
22 2 202 3001 3202 3183 0 562 118 121 
22 2 202 3001 3202 3184 0 562 118 121 
22 2 202 3001 3202 3185 0 562 118 121 
22 2 202 3001 3202 3186 0 562 118 121 
22 2 202 3001 3202 3187 0 562 118 121 
22 2 202 3001 3202 3188 0 562 118 121 
22 2 202 3001 3202 3189 0 562 118 121 
22 2 202 3001 3202 3190 0 562 118 121 
22 2 202 3001 3202 3191 0 562 118 121 
22 2 202 3001 3202 3192 0 562 118 121 
22 2 202 3001 3202 3193 0 562 118 121 
22 2 202 3001 3202 3194 0 562 118 121 
22 2 202 3001 3202 3195 0 562 118 121 
22 2 202 3001 3202 3196 0 562 118 121 
22 2 202 3001 3202 3197 0 562 118 121 
22 2 202 3001 3202 3198 0 562 118 121 
22 2 202 3001 3202 3199 0 562 118 121 
22 2 202 3001 3202 3200 0 562 118 121 
22 2 202 3001 3202 3201 0 562 118 121 
22 2 202 3001 3202 3202 0 562 118 121 
