16 9 80 1405 1484 1405 61 547 74 108 
16 9 80 1405 1484 1406 61 547 74 108 
16 9 80 1405 1484 1407 58 547 74 108 
16 9 80 1405 1484 1408 58 547 74 108 
16 9 80 1405 1484 1409 58 547 74 108 
16 9 80 1405 1484 1410 55 547 76 108 
16 9 80 1405 1484 1411 55 547 76 108 
16 9 80 1405 1484 1412 55 547 76 108 
16 9 80 1405 1484 1413 53 547 74 108 
16 9 80 1405 1484 1414 53 547 74 108 
16 9 80 1405 1484 1415 53 550 74 108 
16 9 80 1405 1484 1416 53 550 74 108 
16 9 80 1405 1484 1417 50 550 74 108 
16 9 80 1405 1484 1418 50 550 74 108 
16 9 80 1405 1484 1419 50 550 74 108 
16 9 80 1405 1484 1420 47 550 76 108 
16 9 80 1405 1484 1421 47 550 76 108 
16 9 80 1405 1484 1422 47 550 76 108 
16 9 80 1405 1484 1423 45 550 74 108 
16 9 80 1405 1484 1424 45 550 74 108 
16 9 80 1405 1484 1425 45 550 74 108 
16 9 80 1405 1484 1426 42 550 74 108 
16 9 80 1405 1484 1427 42 552 74 108 
16 9 80 1405 1484 1428 42 552 74 108 
16 9 80 1405 1484 1429 39 552 76 108 
16 9 80 1405 1484 1430 39 552 76 108 
16 9 80 1405 1484 1431 39 552 76 108 
16 9 80 1405 1484 1432 37 552 74 108 
16 9 80 1405 1484 1433 37 552 74 108 
16 9 80 1405 1484 1434 37 552 74 108 
16 9 80 1405 1484 1435 37 552 74 108 
16 9 80 1405 1484 1436 34 552 74 108 
16 9 80 1405 1484 1437 34 552 74 108 
16 9 80 1405 1484 1438 34 552 74 108 
16 9 80 1405 1484 1439 31 555 76 108 
16 9 80 1405 1484 1440 31 555 76 108 
16 9 80 1405 1484 1441 31 555 76 108 
16 9 80 1405 1484 1442 29 555 74 108 
16 9 80 1405 1484 1443 29 555 74 108 
16 9 80 1405 1484 1444 29 555 74 108 
16 9 80 1405 1484 1445 26 555 74 108 
16 9 80 1405 1484 1446 26 555 74 108 
16 9 80 1405 1484 1447 26 555 74 108 
16 9 80 1405 1484 1448 23 555 76 108 
16 9 80 1405 1484 1449 23 555 76 108 
16 9 80 1405 1484 1450 23 555 76 108 
16 9 80 1405 1484 1451 23 558 76 108 
16 9 80 1405 1484 1452 21 558 74 108 
16 9 80 1405 1484 1453 18 558 74 108 
16 9 80 1405 1484 1454 18 558 74 108 
16 9 80 1405 1484 1455 15 558 76 108 
16 9 80 1405 1484 1456 16 558 70 108 
16 9 80 1405 1484 1457 13 558 74 108 
16 9 80 1405 1484 1458 15 558 68 108 
16 9 80 1405 1484 1459 10 558 74 108 
16 9 80 1405 1484 1460 7 558 76 108 
16 9 80 1405 1484 1461 8 558 70 108 
16 9 80 1405 1484 1462 5 558 74 108 
16 9 80 1405 1484 1463 7 558 68 108 
16 9 80 1405 1484 1464 2 558 74 108 
16 9 80 1405 1484 1465 3 560 70 108 
16 9 80 1405 1484 1466 0 560 70 108 
16 9 80 1405 1484 1467 0 560 71 108 
16 9 80 1405 1484 1468 0 560 67 108 
16 9 80 1405 1484 1469 0 560 68 108 
16 9 80 1405 1484 1470 0 560 65 108 
16 9 80 1405 1484 1471 0 560 62 108 
16 9 80 1405 1484 1472 0 560 62 108 
16 9 80 1405 1484 1473 0 560 59 108 
16 9 80 1405 1484 1474 0 560 60 108 
16 9 80 1405 1484 1475 0 560 57 108 
16 9 80 1405 1484 1476 0 560 54 108 
16 9 80 1405 1484 1477 0 560 54 108 
16 9 80 1405 1484 1478 0 560 51 108 
16 9 80 1405 1484 1479 0 563 51 108 
16 9 80 1405 1484 1480 0 563 48 108 
16 9 80 1405 1484 1481 0 566 48 108 
16 9 80 1405 1484 1482 0 566 43 108 
16 9 80 1405 1484 1483 0 568 43 108 
16 9 80 1405 1484 1484 0 568 43 108 
17 9 66 2243 2308 2243 0 562 57 112 
17 9 66 2243 2308 2244 0 559 57 112 
17 9 66 2243 2308 2245 0 559 57 112 
17 9 66 2243 2308 2246 0 559 59 112 
17 9 66 2243 2308 2247 0 559 59 112 
17 9 66 2243 2308 2248 0 559 62 112 
17 9 66 2243 2308 2249 0 559 62 112 
17 9 66 2243 2308 2250 0 560 65 108 
17 9 66 2243 2308 2251 0 560 65 108 
17 9 66 2243 2308 2252 0 560 65 108 
17 9 66 2243 2308 2253 0 557 67 111 
17 9 66 2243 2308 2254 0 557 67 111 
17 9 66 2243 2308 2255 0 557 70 111 
17 9 66 2243 2308 2256 0 558 70 108 
17 9 66 2243 2308 2257 3 558 70 108 
17 9 66 2243 2308 2258 3 558 70 108 
17 9 66 2243 2308 2259 3 558 70 108 
17 9 66 2243 2308 2260 7 558 68 108 
17 9 66 2243 2308 2261 7 558 68 108 
17 9 66 2243 2308 2262 8 558 70 108 
17 9 66 2243 2308 2263 8 555 70 108 
17 9 66 2243 2308 2264 11 555 70 108 
17 9 66 2243 2308 2265 11 555 70 108 
17 9 66 2243 2308 2266 11 555 70 108 
17 9 66 2243 2308 2267 15 555 68 108 
17 9 66 2243 2308 2268 15 555 68 108 
17 9 66 2243 2308 2269 16 555 70 103 
17 9 66 2243 2308 2270 16 555 70 103 
17 9 66 2243 2308 2271 19 555 70 103 
17 9 66 2243 2308 2272 19 552 70 108 
17 9 66 2243 2308 2273 19 552 70 108 
17 9 66 2243 2308 2274 23 552 68 108 
17 9 66 2243 2308 2275 23 552 68 108 
17 9 66 2243 2308 2276 24 552 70 105 
17 9 66 2243 2308 2277 24 552 70 105 
17 9 66 2243 2308 2278 27 552 70 105 
17 9 66 2243 2308 2279 27 552 70 105 
17 9 66 2243 2308 2280 27 552 70 105 
17 9 66 2243 2308 2281 31 552 68 105 
17 9 66 2243 2308 2282 31 550 68 103 
17 9 66 2243 2308 2283 32 550 70 103 
17 9 66 2243 2308 2284 32 550 70 103 
17 9 66 2243 2308 2285 35 550 70 103 
17 9 66 2243 2308 2286 35 550 70 103 
17 9 66 2243 2308 2287 35 550 70 103 
17 9 66 2243 2308 2288 39 551 68 99 
17 9 66 2243 2308 2289 39 551 68 99 
17 9 66 2243 2308 2290 40 551 70 99 
17 9 66 2243 2308 2291 40 551 70 99 
17 9 66 2243 2308 2292 43 547 70 103 
17 9 66 2243 2308 2293 43 547 70 103 
17 9 66 2243 2308 2294 43 547 70 103 
17 9 66 2243 2308 2295 47 548 68 100 
17 9 66 2243 2308 2296 47 548 68 100 
17 9 66 2243 2308 2297 48 548 70 100 
17 9 66 2243 2308 2298 48 548 70 100 
17 9 66 2243 2308 2299 51 548 70 100 
17 9 66 2243 2308 2300 51 548 70 100 
17 9 66 2243 2308 2301 51 545 70 100 
17 9 66 2243 2308 2302 55 545 68 100 
17 9 66 2243 2308 2303 55 545 68 100 
17 9 66 2243 2308 2304 56 545 70 100 
17 9 66 2243 2308 2305 56 545 70 100 
17 9 66 2243 2308 2306 59 545 70 100 
17 9 66 2243 2308 2307 59 545 70 100 
17 9 66 2243 2308 2308 59 546 70 96 
23 6 104 1008 1111 1008 90 531 122 88 
23 6 104 1008 1111 1009 90 531 122 88 
23 6 104 1008 1111 1010 90 531 122 88 
23 6 104 1008 1111 1011 90 531 122 88 
23 6 104 1008 1111 1012 90 531 122 88 
23 6 104 1008 1111 1013 90 531 122 88 
23 6 104 1008 1111 1014 90 531 122 88 
23 6 104 1008 1111 1015 90 531 122 88 
23 6 104 1008 1111 1016 90 531 122 88 
23 6 104 1008 1111 1017 90 531 122 88 
23 6 104 1008 1111 1018 90 531 122 88 
23 6 104 1008 1111 1019 90 531 122 88 
23 6 104 1008 1111 1020 90 531 122 88 
23 6 104 1008 1111 1021 90 531 122 88 
23 6 104 1008 1111 1022 90 531 122 88 
23 6 104 1008 1111 1023 90 531 122 88 
23 6 104 1008 1111 1024 90 531 122 88 
23 6 104 1008 1111 1025 90 531 122 88 
23 6 104 1008 1111 1026 90 531 122 88 
23 6 104 1008 1111 1027 90 531 122 88 
23 6 104 1008 1111 1028 90 531 122 88 
23 6 104 1008 1111 1029 90 531 122 88 
23 6 104 1008 1111 1030 90 531 122 88 
23 6 104 1008 1111 1031 90 531 122 88 
23 6 104 1008 1111 1032 90 531 122 88 
23 6 104 1008 1111 1033 90 531 122 88 
23 6 104 1008 1111 1034 90 531 122 88 
23 6 104 1008 1111 1035 90 531 122 88 
23 6 104 1008 1111 1036 90 531 122 88 
23 6 104 1008 1111 1037 90 531 122 88 
23 6 104 1008 1111 1038 90 531 122 88 
23 6 104 1008 1111 1039 90 531 122 88 
23 6 104 1008 1111 1040 90 531 122 88 
23 6 104 1008 1111 1041 90 531 122 88 
23 6 104 1008 1111 1042 90 531 122 88 
23 6 104 1008 1111 1043 90 531 122 88 
23 6 104 1008 1111 1044 90 531 122 88 
23 6 104 1008 1111 1045 90 531 122 88 
23 6 104 1008 1111 1046 90 531 122 88 
23 6 104 1008 1111 1047 90 531 122 88 
23 6 104 1008 1111 1048 90 531 122 88 
23 6 104 1008 1111 1049 90 531 122 88 
23 6 104 1008 1111 1050 90 531 122 88 
23 6 104 1008 1111 1051 90 531 122 88 
23 6 104 1008 1111 1052 90 531 122 88 
23 6 104 1008 1111 1053 90 531 122 88 
23 6 104 1008 1111 1054 90 531 122 88 
23 6 104 1008 1111 1055 90 531 122 88 
23 6 104 1008 1111 1056 90 531 122 88 
23 6 104 1008 1111 1057 90 531 122 88 
23 6 104 1008 1111 1058 90 531 122 88 
23 6 104 1008 1111 1059 90 531 122 88 
23 6 104 1008 1111 1060 90 531 122 88 
23 6 104 1008 1111 1061 90 531 122 88 
23 6 104 1008 1111 1062 90 531 122 88 
23 6 104 1008 1111 1063 90 531 122 88 
23 6 104 1008 1111 1064 90 531 122 88 
23 6 104 1008 1111 1065 90 531 122 88 
23 6 104 1008 1111 1066 90 531 122 88 
23 6 104 1008 1111 1067 90 531 122 88 
23 6 104 1008 1111 1068 90 531 122 88 
23 6 104 1008 1111 1069 90 531 122 88 
23 6 104 1008 1111 1070 90 531 122 88 
23 6 104 1008 1111 1071 90 531 122 88 
23 6 104 1008 1111 1072 90 531 122 88 
23 6 104 1008 1111 1073 90 531 122 88 
23 6 104 1008 1111 1074 90 531 122 88 
23 6 104 1008 1111 1075 90 531 122 88 
23 6 104 1008 1111 1076 90 531 122 88 
23 6 104 1008 1111 1077 90 531 122 88 
23 6 104 1008 1111 1078 90 531 122 88 
23 6 104 1008 1111 1079 90 531 122 88 
23 6 104 1008 1111 1080 90 531 122 88 
23 6 104 1008 1111 1081 90 531 122 88 
23 6 104 1008 1111 1082 90 531 122 88 
23 6 104 1008 1111 1083 90 531 122 88 
23 6 104 1008 1111 1084 90 531 122 88 
23 6 104 1008 1111 1085 90 531 122 88 
23 6 104 1008 1111 1086 90 531 122 88 
23 6 104 1008 1111 1087 90 531 122 88 
23 6 104 1008 1111 1088 90 531 122 88 
23 6 104 1008 1111 1089 90 531 122 88 
23 6 104 1008 1111 1090 90 531 122 88 
23 6 104 1008 1111 1091 90 531 122 88 
23 6 104 1008 1111 1092 90 531 122 88 
23 6 104 1008 1111 1093 90 531 122 88 
23 6 104 1008 1111 1094 90 531 122 88 
23 6 104 1008 1111 1095 90 531 122 88 
23 6 104 1008 1111 1096 90 531 122 88 
23 6 104 1008 1111 1097 90 531 122 88 
23 6 104 1008 1111 1098 90 531 122 88 
23 6 104 1008 1111 1099 90 531 122 88 
23 6 104 1008 1111 1100 90 531 122 88 
23 6 104 1008 1111 1101 90 531 122 88 
23 6 104 1008 1111 1102 90 531 122 88 
23 6 104 1008 1111 1103 90 531 122 88 
23 6 104 1008 1111 1104 90 531 122 88 
23 6 104 1008 1111 1105 90 531 122 88 
23 6 104 1008 1111 1106 90 531 122 88 
23 6 104 1008 1111 1107 90 531 122 88 
23 6 104 1008 1111 1108 90 531 122 88 
23 6 104 1008 1111 1109 90 531 122 88 
23 6 104 1008 1111 1110 90 531 122 88 
23 6 104 1008 1111 1111 90 531 122 88 
24 6 148 986 1133 986 132 543 126 79 
24 6 148 986 1133 987 132 543 126 79 
24 6 148 986 1133 988 132 543 126 79 
24 6 148 986 1133 989 132 543 126 79 
24 6 148 986 1133 990 132 543 126 79 
24 6 148 986 1133 991 132 543 126 79 
24 6 148 986 1133 992 132 543 126 79 
24 6 148 986 1133 993 132 543 126 79 
24 6 148 986 1133 994 132 543 126 79 
24 6 148 986 1133 995 132 543 126 79 
24 6 148 986 1133 996 132 543 126 79 
24 6 148 986 1133 997 132 543 126 79 
24 6 148 986 1133 998 132 543 126 79 
24 6 148 986 1133 999 132 543 126 79 
24 6 148 986 1133 1000 132 543 126 79 
24 6 148 986 1133 1001 132 543 126 79 
24 6 148 986 1133 1002 132 543 126 79 
24 6 148 986 1133 1003 132 543 126 79 
24 6 148 986 1133 1004 132 543 126 79 
24 6 148 986 1133 1005 132 543 126 79 
24 6 148 986 1133 1006 132 543 126 79 
24 6 148 986 1133 1007 132 543 126 79 
24 6 148 986 1133 1008 132 543 126 79 
24 6 148 986 1133 1009 132 543 126 79 
24 6 148 986 1133 1010 132 543 126 79 
24 6 148 986 1133 1011 132 543 126 79 
24 6 148 986 1133 1012 132 543 126 79 
24 6 148 986 1133 1013 132 543 126 79 
24 6 148 986 1133 1014 132 543 126 79 
24 6 148 986 1133 1015 132 543 126 79 
24 6 148 986 1133 1016 132 543 126 79 
24 6 148 986 1133 1017 132 543 126 79 
24 6 148 986 1133 1018 132 543 126 79 
24 6 148 986 1133 1019 132 543 126 79 
24 6 148 986 1133 1020 132 543 126 79 
24 6 148 986 1133 1021 132 543 126 79 
24 6 148 986 1133 1022 132 543 126 79 
24 6 148 986 1133 1023 132 543 126 79 
24 6 148 986 1133 1024 132 543 126 79 
24 6 148 986 1133 1025 132 543 126 79 
24 6 148 986 1133 1026 132 543 126 79 
24 6 148 986 1133 1027 132 543 126 79 
24 6 148 986 1133 1028 132 543 126 79 
24 6 148 986 1133 1029 132 543 126 79 
24 6 148 986 1133 1030 132 543 126 79 
24 6 148 986 1133 1031 132 543 126 79 
24 6 148 986 1133 1032 132 543 126 79 
24 6 148 986 1133 1033 132 543 126 79 
24 6 148 986 1133 1034 132 543 126 79 
24 6 148 986 1133 1035 132 543 126 79 
24 6 148 986 1133 1036 132 543 126 79 
24 6 148 986 1133 1037 132 543 126 79 
24 6 148 986 1133 1038 132 543 126 79 
24 6 148 986 1133 1039 132 543 126 79 
24 6 148 986 1133 1040 132 543 126 79 
24 6 148 986 1133 1041 132 543 126 79 
24 6 148 986 1133 1042 132 543 126 79 
24 6 148 986 1133 1043 132 543 126 79 
24 6 148 986 1133 1044 132 543 126 79 
24 6 148 986 1133 1045 132 543 126 79 
24 6 148 986 1133 1046 132 543 126 79 
24 6 148 986 1133 1047 132 543 126 79 
24 6 148 986 1133 1048 132 543 126 79 
24 6 148 986 1133 1049 132 543 126 79 
24 6 148 986 1133 1050 132 543 126 79 
24 6 148 986 1133 1051 132 543 126 79 
24 6 148 986 1133 1052 132 543 126 79 
24 6 148 986 1133 1053 132 543 126 79 
24 6 148 986 1133 1054 132 543 126 79 
24 6 148 986 1133 1055 132 543 126 79 
24 6 148 986 1133 1056 132 543 126 79 
24 6 148 986 1133 1057 132 543 126 79 
24 6 148 986 1133 1058 132 543 126 79 
24 6 148 986 1133 1059 132 543 126 79 
24 6 148 986 1133 1060 132 543 126 79 
24 6 148 986 1133 1061 132 543 126 79 
24 6 148 986 1133 1062 132 543 126 79 
24 6 148 986 1133 1063 132 543 126 79 
24 6 148 986 1133 1064 132 543 126 79 
24 6 148 986 1133 1065 132 543 126 79 
24 6 148 986 1133 1066 132 543 126 79 
24 6 148 986 1133 1067 132 543 126 79 
24 6 148 986 1133 1068 132 543 126 79 
24 6 148 986 1133 1069 132 543 126 79 
24 6 148 986 1133 1070 132 543 126 79 
24 6 148 986 1133 1071 132 543 126 79 
24 6 148 986 1133 1072 132 543 126 79 
24 6 148 986 1133 1073 132 543 126 79 
24 6 148 986 1133 1074 132 543 126 79 
24 6 148 986 1133 1075 132 543 126 79 
24 6 148 986 1133 1076 132 543 126 79 
24 6 148 986 1133 1077 132 543 126 79 
24 6 148 986 1133 1078 132 543 126 79 
24 6 148 986 1133 1079 132 543 126 79 
24 6 148 986 1133 1080 132 543 126 79 
24 6 148 986 1133 1081 132 543 126 79 
24 6 148 986 1133 1082 132 543 126 79 
24 6 148 986 1133 1083 132 543 126 79 
24 6 148 986 1133 1084 132 543 126 79 
24 6 148 986 1133 1085 132 543 126 79 
24 6 148 986 1133 1086 132 543 126 79 
24 6 148 986 1133 1087 132 543 126 79 
24 6 148 986 1133 1088 132 543 126 79 
24 6 148 986 1133 1089 132 543 126 79 
24 6 148 986 1133 1090 132 543 126 79 
24 6 148 986 1133 1091 132 543 126 79 
24 6 148 986 1133 1092 132 543 126 79 
24 6 148 986 1133 1093 132 543 126 79 
24 6 148 986 1133 1094 132 543 126 79 
24 6 148 986 1133 1095 132 543 126 79 
24 6 148 986 1133 1096 132 543 126 79 
24 6 148 986 1133 1097 132 543 126 79 
24 6 148 986 1133 1098 132 543 126 79 
24 6 148 986 1133 1099 132 543 126 79 
24 6 148 986 1133 1100 132 543 126 79 
24 6 148 986 1133 1101 132 543 126 79 
24 6 148 986 1133 1102 132 543 126 79 
24 6 148 986 1133 1103 132 543 126 79 
24 6 148 986 1133 1104 132 543 126 79 
24 6 148 986 1133 1105 132 543 126 79 
24 6 148 986 1133 1106 132 543 126 79 
24 6 148 986 1133 1107 132 543 126 79 
24 6 148 986 1133 1108 132 543 126 79 
24 6 148 986 1133 1109 132 543 126 79 
24 6 148 986 1133 1110 132 543 126 79 
24 6 148 986 1133 1111 132 543 126 79 
24 6 148 986 1133 1112 132 543 126 79 
24 6 148 986 1133 1113 132 543 126 79 
24 6 148 986 1133 1114 132 543 126 79 
24 6 148 986 1133 1115 132 543 126 79 
24 6 148 986 1133 1116 132 543 126 79 
24 6 148 986 1133 1117 132 543 126 79 
24 6 148 986 1133 1118 132 543 126 79 
24 6 148 986 1133 1119 132 543 126 79 
24 6 148 986 1133 1120 132 543 126 79 
24 6 148 986 1133 1121 132 543 126 79 
24 6 148 986 1133 1122 132 543 126 79 
24 6 148 986 1133 1123 132 543 126 79 
24 6 148 986 1133 1124 132 543 126 79 
24 6 148 986 1133 1125 132 543 126 79 
24 6 148 986 1133 1126 132 543 126 79 
24 6 148 986 1133 1127 132 543 126 79 
24 6 148 986 1133 1128 132 543 126 79 
24 6 148 986 1133 1129 132 543 126 79 
24 6 148 986 1133 1130 132 543 126 79 
24 6 148 986 1133 1131 132 543 126 79 
24 6 148 986 1133 1132 132 543 126 79 
24 6 148 986 1133 1133 132 543 126 79 
25 3 77 1166 1242 1166 56 531 96 108 
25 3 77 1166 1242 1167 56 531 96 108 
25 3 77 1166 1242 1168 56 531 96 108 
25 3 77 1166 1242 1169 56 531 96 108 
25 3 77 1166 1242 1170 56 531 96 108 
25 3 77 1166 1242 1171 56 531 96 108 
25 3 77 1166 1242 1172 56 531 96 108 
25 3 77 1166 1242 1173 56 531 96 108 
25 3 77 1166 1242 1174 56 531 96 108 
25 3 77 1166 1242 1175 56 531 96 108 
25 3 77 1166 1242 1176 56 531 96 108 
25 3 77 1166 1242 1177 56 531 96 108 
25 3 77 1166 1242 1178 56 531 96 108 
25 3 77 1166 1242 1179 56 531 96 108 
25 3 77 1166 1242 1180 56 531 96 108 
25 3 77 1166 1242 1181 56 531 96 108 
25 3 77 1166 1242 1182 56 531 96 108 
25 3 77 1166 1242 1183 56 531 96 108 
25 3 77 1166 1242 1184 56 531 96 108 
25 3 77 1166 1242 1185 56 531 96 108 
25 3 77 1166 1242 1186 56 531 96 108 
25 3 77 1166 1242 1187 56 531 96 108 
25 3 77 1166 1242 1188 56 531 96 108 
25 3 77 1166 1242 1189 56 531 96 108 
25 3 77 1166 1242 1190 56 531 96 108 
25 3 77 1166 1242 1191 56 531 96 108 
25 3 77 1166 1242 1192 56 531 96 108 
25 3 77 1166 1242 1193 56 531 96 108 
25 3 77 1166 1242 1194 56 531 96 108 
25 3 77 1166 1242 1195 56 531 96 108 
25 3 77 1166 1242 1196 56 531 96 108 
25 3 77 1166 1242 1197 56 531 96 108 
25 3 77 1166 1242 1198 56 531 96 108 
25 3 77 1166 1242 1199 56 531 96 108 
25 3 77 1166 1242 1200 56 531 96 108 
25 3 77 1166 1242 1201 56 531 96 108 
25 3 77 1166 1242 1202 56 531 96 108 
25 3 77 1166 1242 1203 56 531 96 108 
25 3 77 1166 1242 1204 56 531 96 108 
25 3 77 1166 1242 1205 56 531 96 108 
25 3 77 1166 1242 1206 56 531 96 108 
25 3 77 1166 1242 1207 56 531 96 108 
25 3 77 1166 1242 1208 56 531 96 108 
25 3 77 1166 1242 1209 56 531 96 108 
25 3 77 1166 1242 1210 56 531 96 108 
25 3 77 1166 1242 1211 56 531 96 108 
25 3 77 1166 1242 1212 56 531 96 108 
25 3 77 1166 1242 1213 56 531 96 108 
25 3 77 1166 1242 1214 56 531 96 108 
25 3 77 1166 1242 1215 56 531 96 108 
25 3 77 1166 1242 1216 56 531 96 108 
25 3 77 1166 1242 1217 56 531 96 108 
25 3 77 1166 1242 1218 56 531 96 108 
25 3 77 1166 1242 1219 56 531 96 108 
25 3 77 1166 1242 1220 56 531 96 108 
25 3 77 1166 1242 1221 56 531 96 108 
25 3 77 1166 1242 1222 56 531 96 108 
25 3 77 1166 1242 1223 56 531 96 108 
25 3 77 1166 1242 1224 56 531 96 108 
25 3 77 1166 1242 1225 56 531 96 108 
25 3 77 1166 1242 1226 56 531 96 108 
25 3 77 1166 1242 1227 56 531 96 108 
25 3 77 1166 1242 1228 56 531 96 108 
25 3 77 1166 1242 1229 56 531 96 108 
25 3 77 1166 1242 1230 56 531 96 108 
25 3 77 1166 1242 1231 56 531 96 108 
25 3 77 1166 1242 1232 56 531 96 108 
25 3 77 1166 1242 1233 56 531 96 108 
25 3 77 1166 1242 1234 56 531 96 108 
25 3 77 1166 1242 1235 56 531 96 108 
25 3 77 1166 1242 1236 56 531 96 108 
25 3 77 1166 1242 1237 56 531 96 108 
25 3 77 1166 1242 1238 56 531 96 108 
25 3 77 1166 1242 1239 56 531 96 108 
25 3 77 1166 1242 1240 56 531 96 108 
25 3 77 1166 1242 1241 56 531 96 108 
25 3 77 1166 1242 1242 56 531 96 108 
26 2 62 1335 1396 1335 56 531 96 108 
26 2 62 1335 1396 1336 56 531 96 108 
26 2 62 1335 1396 1337 56 531 96 108 
26 2 62 1335 1396 1338 56 531 96 108 
26 2 62 1335 1396 1339 56 531 96 108 
26 2 62 1335 1396 1340 56 531 96 108 
26 2 62 1335 1396 1341 56 531 96 108 
26 2 62 1335 1396 1342 56 531 96 108 
26 2 62 1335 1396 1343 56 531 96 108 
26 2 62 1335 1396 1344 56 531 96 108 
26 2 62 1335 1396 1345 56 531 96 108 
26 2 62 1335 1396 1346 56 531 96 108 
26 2 62 1335 1396 1347 56 531 96 108 
26 2 62 1335 1396 1348 56 531 96 108 
26 2 62 1335 1396 1349 56 531 96 108 
26 2 62 1335 1396 1350 56 531 96 108 
26 2 62 1335 1396 1351 56 531 96 108 
26 2 62 1335 1396 1352 56 531 96 108 
26 2 62 1335 1396 1353 56 531 96 108 
26 2 62 1335 1396 1354 56 531 96 108 
26 2 62 1335 1396 1355 56 531 96 108 
26 2 62 1335 1396 1356 56 531 96 108 
26 2 62 1335 1396 1357 56 531 96 108 
26 2 62 1335 1396 1358 56 531 96 108 
26 2 62 1335 1396 1359 56 531 96 108 
26 2 62 1335 1396 1360 56 531 96 108 
26 2 62 1335 1396 1361 56 531 96 108 
26 2 62 1335 1396 1362 56 531 96 108 
26 2 62 1335 1396 1363 56 531 96 108 
26 2 62 1335 1396 1364 56 531 96 108 
26 2 62 1335 1396 1365 56 531 96 108 
26 2 62 1335 1396 1366 56 531 96 108 
26 2 62 1335 1396 1367 56 531 96 108 
26 2 62 1335 1396 1368 56 531 96 108 
26 2 62 1335 1396 1369 56 531 96 108 
26 2 62 1335 1396 1370 56 531 96 108 
26 2 62 1335 1396 1371 56 531 96 108 
26 2 62 1335 1396 1372 56 531 96 108 
26 2 62 1335 1396 1373 56 531 96 108 
26 2 62 1335 1396 1374 56 531 96 108 
26 2 62 1335 1396 1375 56 531 96 108 
26 2 62 1335 1396 1376 56 531 96 108 
26 2 62 1335 1396 1377 56 531 96 108 
26 2 62 1335 1396 1378 56 531 96 108 
26 2 62 1335 1396 1379 56 531 96 108 
26 2 62 1335 1396 1380 56 531 96 108 
26 2 62 1335 1396 1381 56 531 96 108 
26 2 62 1335 1396 1382 56 531 96 108 
26 2 62 1335 1396 1383 56 531 96 108 
26 2 62 1335 1396 1384 56 531 96 108 
26 2 62 1335 1396 1385 56 531 96 108 
26 2 62 1335 1396 1386 56 531 96 108 
26 2 62 1335 1396 1387 56 531 96 108 
26 2 62 1335 1396 1388 56 531 96 108 
26 2 62 1335 1396 1389 56 531 96 108 
26 2 62 1335 1396 1390 56 531 96 108 
26 2 62 1335 1396 1391 56 531 96 108 
26 2 62 1335 1396 1392 56 531 96 108 
26 2 62 1335 1396 1393 56 531 96 108 
26 2 62 1335 1396 1394 56 531 96 108 
26 2 62 1335 1396 1395 56 531 96 108 
26 2 62 1335 1396 1396 56 531 96 108 
27 2 59 1335 1393 1335 52 539 126 113 
27 2 59 1335 1393 1336 52 539 126 113 
27 2 59 1335 1393 1337 52 539 126 113 
27 2 59 1335 1393 1338 52 539 126 113 
27 2 59 1335 1393 1339 52 539 126 113 
27 2 59 1335 1393 1340 52 539 126 113 
27 2 59 1335 1393 1341 52 539 126 113 
27 2 59 1335 1393 1342 52 539 126 113 
27 2 59 1335 1393 1343 52 539 126 113 
27 2 59 1335 1393 1344 52 539 126 113 
27 2 59 1335 1393 1345 52 539 126 113 
27 2 59 1335 1393 1346 52 539 126 113 
27 2 59 1335 1393 1347 52 539 126 113 
27 2 59 1335 1393 1348 52 539 126 113 
27 2 59 1335 1393 1349 52 539 126 113 
27 2 59 1335 1393 1350 52 539 126 113 
27 2 59 1335 1393 1351 52 539 126 113 
27 2 59 1335 1393 1352 52 539 126 113 
27 2 59 1335 1393 1353 52 539 126 113 
27 2 59 1335 1393 1354 52 539 126 113 
27 2 59 1335 1393 1355 52 539 126 113 
27 2 59 1335 1393 1356 52 539 126 113 
27 2 59 1335 1393 1357 52 539 126 113 
27 2 59 1335 1393 1358 52 539 126 113 
27 2 59 1335 1393 1359 52 539 126 113 
27 2 59 1335 1393 1360 52 539 126 113 
27 2 59 1335 1393 1361 52 539 126 113 
27 2 59 1335 1393 1362 52 539 126 113 
27 2 59 1335 1393 1363 52 539 126 113 
27 2 59 1335 1393 1364 52 539 126 113 
27 2 59 1335 1393 1365 52 539 126 113 
27 2 59 1335 1393 1366 52 539 126 113 
27 2 59 1335 1393 1367 52 539 126 113 
27 2 59 1335 1393 1368 52 539 126 113 
27 2 59 1335 1393 1369 52 539 126 113 
27 2 59 1335 1393 1370 52 539 126 113 
27 2 59 1335 1393 1371 52 539 126 113 
27 2 59 1335 1393 1372 52 539 126 113 
27 2 59 1335 1393 1373 52 539 126 113 
27 2 59 1335 1393 1374 52 539 126 113 
27 2 59 1335 1393 1375 52 539 126 113 
27 2 59 1335 1393 1376 52 539 126 113 
27 2 59 1335 1393 1377 52 539 126 113 
27 2 59 1335 1393 1378 52 539 126 113 
27 2 59 1335 1393 1379 52 539 126 113 
27 2 59 1335 1393 1380 52 539 126 113 
27 2 59 1335 1393 1381 52 539 126 113 
27 2 59 1335 1393 1382 52 539 126 113 
27 2 59 1335 1393 1383 52 539 126 113 
27 2 59 1335 1393 1384 52 539 126 113 
27 2 59 1335 1393 1385 52 539 126 113 
27 2 59 1335 1393 1386 52 539 126 113 
27 2 59 1335 1393 1387 52 539 126 113 
27 2 59 1335 1393 1388 52 539 126 113 
27 2 59 1335 1393 1389 52 539 126 113 
27 2 59 1335 1393 1390 52 539 126 113 
27 2 59 1335 1393 1391 52 539 126 113 
27 2 59 1335 1393 1392 52 539 126 113 
27 2 59 1335 1393 1393 52 539 126 113 
28 4 59 1362 1420 1362 43 542 135 113 
28 4 59 1362 1420 1363 43 542 135 113 
28 4 59 1362 1420 1364 43 542 135 113 
28 4 59 1362 1420 1365 43 542 135 113 
28 4 59 1362 1420 1366 43 542 135 113 
28 4 59 1362 1420 1367 43 542 135 113 
28 4 59 1362 1420 1368 43 542 135 113 
28 4 59 1362 1420 1369 43 542 135 113 
28 4 59 1362 1420 1370 43 542 135 113 
28 4 59 1362 1420 1371 43 542 135 113 
28 4 59 1362 1420 1372 43 542 135 113 
28 4 59 1362 1420 1373 43 542 135 113 
28 4 59 1362 1420 1374 43 542 135 113 
28 4 59 1362 1420 1375 43 542 135 113 
28 4 59 1362 1420 1376 43 542 135 113 
28 4 59 1362 1420 1377 43 542 135 113 
28 4 59 1362 1420 1378 43 542 135 113 
28 4 59 1362 1420 1379 43 542 135 113 
28 4 59 1362 1420 1380 43 542 135 113 
28 4 59 1362 1420 1381 43 542 135 113 
28 4 59 1362 1420 1382 43 542 135 113 
28 4 59 1362 1420 1383 43 542 135 113 
28 4 59 1362 1420 1384 43 542 135 113 
28 4 59 1362 1420 1385 43 542 135 113 
28 4 59 1362 1420 1386 43 542 135 113 
28 4 59 1362 1420 1387 43 542 135 113 
28 4 59 1362 1420 1388 43 542 135 113 
28 4 59 1362 1420 1389 43 542 135 113 
28 4 59 1362 1420 1390 43 542 135 113 
28 4 59 1362 1420 1391 43 542 135 113 
28 4 59 1362 1420 1392 43 542 135 113 
28 4 59 1362 1420 1393 43 542 135 113 
28 4 59 1362 1420 1394 43 542 135 113 
28 4 59 1362 1420 1395 43 542 135 113 
28 4 59 1362 1420 1396 43 542 135 113 
28 4 59 1362 1420 1397 43 542 135 113 
28 4 59 1362 1420 1398 43 542 135 113 
28 4 59 1362 1420 1399 43 542 135 113 
28 4 59 1362 1420 1400 43 542 135 113 
28 4 59 1362 1420 1401 43 542 135 113 
28 4 59 1362 1420 1402 43 542 135 113 
28 4 59 1362 1420 1403 43 542 135 113 
28 4 59 1362 1420 1404 43 542 135 113 
28 4 59 1362 1420 1405 43 542 135 113 
28 4 59 1362 1420 1406 43 542 135 113 
28 4 59 1362 1420 1407 43 542 135 113 
28 4 59 1362 1420 1408 43 542 135 113 
28 4 59 1362 1420 1409 43 542 135 113 
28 4 59 1362 1420 1410 43 542 135 113 
28 4 59 1362 1420 1411 43 542 135 113 
28 4 59 1362 1420 1412 43 542 135 113 
28 4 59 1362 1420 1413 43 542 135 113 
28 4 59 1362 1420 1414 43 542 135 113 
28 4 59 1362 1420 1415 43 542 135 113 
28 4 59 1362 1420 1416 43 542 135 113 
28 4 59 1362 1420 1417 43 542 135 113 
28 4 59 1362 1420 1418 43 542 135 113 
28 4 59 1362 1420 1419 43 542 135 113 
28 4 59 1362 1420 1420 43 542 135 113 
29 3 93 2345 2437 2345 40 532 120 118 
29 3 93 2345 2437 2346 40 532 120 118 
29 3 93 2345 2437 2347 40 532 120 118 
29 3 93 2345 2437 2348 40 532 120 118 
29 3 93 2345 2437 2349 40 532 120 118 
29 3 93 2345 2437 2350 40 532 120 118 
29 3 93 2345 2437 2351 40 532 120 118 
29 3 93 2345 2437 2352 40 532 120 118 
29 3 93 2345 2437 2353 40 532 120 118 
29 3 93 2345 2437 2354 40 532 120 118 
29 3 93 2345 2437 2355 40 532 120 118 
29 3 93 2345 2437 2356 40 532 120 118 
29 3 93 2345 2437 2357 40 532 120 118 
29 3 93 2345 2437 2358 40 532 120 118 
29 3 93 2345 2437 2359 40 532 120 118 
29 3 93 2345 2437 2360 40 532 120 118 
29 3 93 2345 2437 2361 40 532 120 118 
29 3 93 2345 2437 2362 40 532 120 118 
29 3 93 2345 2437 2363 40 532 120 118 
29 3 93 2345 2437 2364 40 532 120 118 
29 3 93 2345 2437 2365 40 532 120 118 
29 3 93 2345 2437 2366 40 532 120 118 
29 3 93 2345 2437 2367 40 532 120 118 
29 3 93 2345 2437 2368 40 532 120 118 
29 3 93 2345 2437 2369 40 532 120 118 
29 3 93 2345 2437 2370 40 532 120 118 
29 3 93 2345 2437 2371 40 532 120 118 
29 3 93 2345 2437 2372 40 532 120 118 
29 3 93 2345 2437 2373 40 532 120 118 
29 3 93 2345 2437 2374 40 532 120 118 
29 3 93 2345 2437 2375 40 532 120 118 
29 3 93 2345 2437 2376 40 532 120 118 
29 3 93 2345 2437 2377 40 532 120 118 
29 3 93 2345 2437 2378 40 532 120 118 
29 3 93 2345 2437 2379 40 532 120 118 
29 3 93 2345 2437 2380 40 532 120 118 
29 3 93 2345 2437 2381 40 532 120 118 
29 3 93 2345 2437 2382 40 532 120 118 
29 3 93 2345 2437 2383 40 532 120 118 
29 3 93 2345 2437 2384 40 532 120 118 
29 3 93 2345 2437 2385 40 532 120 118 
29 3 93 2345 2437 2386 40 532 120 118 
29 3 93 2345 2437 2387 40 532 120 118 
29 3 93 2345 2437 2388 40 532 120 118 
29 3 93 2345 2437 2389 40 532 120 118 
29 3 93 2345 2437 2390 40 532 120 118 
29 3 93 2345 2437 2391 40 532 120 118 
29 3 93 2345 2437 2392 40 532 120 118 
29 3 93 2345 2437 2393 40 532 120 118 
29 3 93 2345 2437 2394 40 532 120 118 
29 3 93 2345 2437 2395 40 532 120 118 
29 3 93 2345 2437 2396 40 532 120 118 
29 3 93 2345 2437 2397 40 532 120 118 
29 3 93 2345 2437 2398 40 532 120 118 
29 3 93 2345 2437 2399 40 532 120 118 
29 3 93 2345 2437 2400 40 532 120 118 
29 3 93 2345 2437 2401 40 532 120 118 
29 3 93 2345 2437 2402 40 532 120 118 
29 3 93 2345 2437 2403 40 532 120 118 
29 3 93 2345 2437 2404 40 532 120 118 
29 3 93 2345 2437 2405 40 532 120 118 
29 3 93 2345 2437 2406 40 532 120 118 
29 3 93 2345 2437 2407 40 532 120 118 
29 3 93 2345 2437 2408 40 532 120 118 
29 3 93 2345 2437 2409 40 532 120 118 
29 3 93 2345 2437 2410 40 532 120 118 
29 3 93 2345 2437 2411 40 532 120 118 
29 3 93 2345 2437 2412 40 532 120 118 
29 3 93 2345 2437 2413 40 532 120 118 
29 3 93 2345 2437 2414 40 532 120 118 
29 3 93 2345 2437 2415 40 532 120 118 
29 3 93 2345 2437 2416 40 532 120 118 
29 3 93 2345 2437 2417 40 532 120 118 
29 3 93 2345 2437 2418 40 532 120 118 
29 3 93 2345 2437 2419 40 532 120 118 
29 3 93 2345 2437 2420 40 532 120 118 
29 3 93 2345 2437 2421 40 532 120 118 
29 3 93 2345 2437 2422 40 532 120 118 
29 3 93 2345 2437 2423 40 532 120 118 
29 3 93 2345 2437 2424 40 532 120 118 
29 3 93 2345 2437 2425 40 532 120 118 
29 3 93 2345 2437 2426 40 532 120 118 
29 3 93 2345 2437 2427 40 532 120 118 
29 3 93 2345 2437 2428 40 532 120 118 
29 3 93 2345 2437 2429 40 532 120 118 
29 3 93 2345 2437 2430 40 532 120 118 
29 3 93 2345 2437 2431 40 532 120 118 
29 3 93 2345 2437 2432 40 532 120 118 
29 3 93 2345 2437 2433 40 532 120 118 
29 3 93 2345 2437 2434 40 532 120 118 
29 3 93 2345 2437 2435 40 532 120 118 
29 3 93 2345 2437 2436 40 532 120 118 
29 3 93 2345 2437 2437 40 532 120 118 
30 1 64 2437 2500 2437 40 529 125 118 
30 1 64 2437 2500 2438 40 529 125 118 
30 1 64 2437 2500 2439 40 529 125 118 
30 1 64 2437 2500 2440 40 529 125 118 
30 1 64 2437 2500 2441 40 529 125 118 
30 1 64 2437 2500 2442 40 529 125 118 
30 1 64 2437 2500 2443 40 529 125 118 
30 1 64 2437 2500 2444 40 529 125 118 
30 1 64 2437 2500 2445 40 529 125 118 
30 1 64 2437 2500 2446 40 529 125 118 
30 1 64 2437 2500 2447 40 529 125 118 
30 1 64 2437 2500 2448 40 529 125 118 
30 1 64 2437 2500 2449 40 529 125 118 
30 1 64 2437 2500 2450 40 529 125 118 
30 1 64 2437 2500 2451 40 529 125 118 
30 1 64 2437 2500 2452 40 529 125 118 
30 1 64 2437 2500 2453 40 529 125 118 
30 1 64 2437 2500 2454 40 529 125 118 
30 1 64 2437 2500 2455 40 529 125 118 
30 1 64 2437 2500 2456 40 529 125 118 
30 1 64 2437 2500 2457 40 529 125 118 
30 1 64 2437 2500 2458 40 529 125 118 
30 1 64 2437 2500 2459 40 529 125 118 
30 1 64 2437 2500 2460 40 529 125 118 
30 1 64 2437 2500 2461 40 529 125 118 
30 1 64 2437 2500 2462 40 529 125 118 
30 1 64 2437 2500 2463 40 529 125 118 
30 1 64 2437 2500 2464 40 529 125 118 
30 1 64 2437 2500 2465 40 529 125 118 
30 1 64 2437 2500 2466 40 529 125 118 
30 1 64 2437 2500 2467 40 529 125 118 
30 1 64 2437 2500 2468 40 529 125 118 
30 1 64 2437 2500 2469 40 529 125 118 
30 1 64 2437 2500 2470 40 529 125 118 
30 1 64 2437 2500 2471 40 529 125 118 
30 1 64 2437 2500 2472 40 529 125 118 
30 1 64 2437 2500 2473 40 529 125 118 
30 1 64 2437 2500 2474 40 529 125 118 
30 1 64 2437 2500 2475 40 529 125 118 
30 1 64 2437 2500 2476 40 529 125 118 
30 1 64 2437 2500 2477 40 529 125 118 
30 1 64 2437 2500 2478 40 529 125 118 
30 1 64 2437 2500 2479 40 529 125 118 
30 1 64 2437 2500 2480 40 529 125 118 
30 1 64 2437 2500 2481 40 529 125 118 
30 1 64 2437 2500 2482 40 529 125 118 
30 1 64 2437 2500 2483 40 529 125 118 
30 1 64 2437 2500 2484 40 529 125 118 
30 1 64 2437 2500 2485 40 529 125 118 
30 1 64 2437 2500 2486 40 529 125 118 
30 1 64 2437 2500 2487 40 529 125 118 
30 1 64 2437 2500 2488 40 529 125 118 
30 1 64 2437 2500 2489 40 529 125 118 
30 1 64 2437 2500 2490 40 529 125 118 
30 1 64 2437 2500 2491 40 529 125 118 
30 1 64 2437 2500 2492 40 529 125 118 
30 1 64 2437 2500 2493 40 529 125 118 
30 1 64 2437 2500 2494 40 529 125 118 
30 1 64 2437 2500 2495 40 529 125 118 
30 1 64 2437 2500 2496 40 529 125 118 
30 1 64 2437 2500 2497 40 529 125 118 
30 1 64 2437 2500 2498 40 529 125 118 
30 1 64 2437 2500 2499 40 529 125 118 
30 1 64 2437 2500 2500 40 529 125 118 
31 1 77 2437 2513 2437 58 538 129 112 
31 1 77 2437 2513 2438 58 538 129 112 
31 1 77 2437 2513 2439 58 538 129 112 
31 1 77 2437 2513 2440 58 538 129 112 
31 1 77 2437 2513 2441 58 538 129 112 
31 1 77 2437 2513 2442 58 538 129 112 
31 1 77 2437 2513 2443 58 538 129 112 
31 1 77 2437 2513 2444 58 538 129 112 
31 1 77 2437 2513 2445 58 538 129 112 
31 1 77 2437 2513 2446 58 538 129 112 
31 1 77 2437 2513 2447 58 538 129 112 
31 1 77 2437 2513 2448 58 538 129 112 
31 1 77 2437 2513 2449 58 538 129 112 
31 1 77 2437 2513 2450 58 538 129 112 
31 1 77 2437 2513 2451 58 538 129 112 
31 1 77 2437 2513 2452 58 538 129 112 
31 1 77 2437 2513 2453 58 538 129 112 
31 1 77 2437 2513 2454 58 538 129 112 
31 1 77 2437 2513 2455 58 538 129 112 
31 1 77 2437 2513 2456 58 538 129 112 
31 1 77 2437 2513 2457 58 538 129 112 
31 1 77 2437 2513 2458 58 538 129 112 
31 1 77 2437 2513 2459 58 538 129 112 
31 1 77 2437 2513 2460 58 538 129 112 
31 1 77 2437 2513 2461 58 538 129 112 
31 1 77 2437 2513 2462 58 538 129 112 
31 1 77 2437 2513 2463 58 538 129 112 
31 1 77 2437 2513 2464 58 538 129 112 
31 1 77 2437 2513 2465 58 538 129 112 
31 1 77 2437 2513 2466 58 538 129 112 
31 1 77 2437 2513 2467 58 538 129 112 
31 1 77 2437 2513 2468 58 538 129 112 
31 1 77 2437 2513 2469 58 538 129 112 
31 1 77 2437 2513 2470 58 538 129 112 
31 1 77 2437 2513 2471 58 538 129 112 
31 1 77 2437 2513 2472 58 538 129 112 
31 1 77 2437 2513 2473 58 538 129 112 
31 1 77 2437 2513 2474 58 538 129 112 
31 1 77 2437 2513 2475 58 538 129 112 
31 1 77 2437 2513 2476 58 538 129 112 
31 1 77 2437 2513 2477 58 538 129 112 
31 1 77 2437 2513 2478 58 538 129 112 
31 1 77 2437 2513 2479 58 538 129 112 
31 1 77 2437 2513 2480 58 538 129 112 
31 1 77 2437 2513 2481 58 538 129 112 
31 1 77 2437 2513 2482 58 538 129 112 
31 1 77 2437 2513 2483 58 538 129 112 
31 1 77 2437 2513 2484 58 538 129 112 
31 1 77 2437 2513 2485 58 538 129 112 
31 1 77 2437 2513 2486 58 538 129 112 
31 1 77 2437 2513 2487 58 538 129 112 
31 1 77 2437 2513 2488 58 538 129 112 
31 1 77 2437 2513 2489 58 538 129 112 
31 1 77 2437 2513 2490 58 538 129 112 
31 1 77 2437 2513 2491 58 538 129 112 
31 1 77 2437 2513 2492 58 538 129 112 
31 1 77 2437 2513 2493 58 538 129 112 
31 1 77 2437 2513 2494 58 538 129 112 
31 1 77 2437 2513 2495 58 538 129 112 
31 1 77 2437 2513 2496 58 538 129 112 
31 1 77 2437 2513 2497 58 538 129 112 
31 1 77 2437 2513 2498 58 538 129 112 
31 1 77 2437 2513 2499 58 538 129 112 
31 1 77 2437 2513 2500 58 538 129 112 
31 1 77 2437 2513 2501 58 538 129 112 
31 1 77 2437 2513 2502 58 538 129 112 
31 1 77 2437 2513 2503 58 538 129 112 
31 1 77 2437 2513 2504 58 538 129 112 
31 1 77 2437 2513 2505 58 538 129 112 
31 1 77 2437 2513 2506 58 538 129 112 
31 1 77 2437 2513 2507 58 538 129 112 
31 1 77 2437 2513 2508 58 538 129 112 
31 1 77 2437 2513 2509 58 538 129 112 
31 1 77 2437 2513 2510 58 538 129 112 
31 1 77 2437 2513 2511 58 538 129 112 
31 1 77 2437 2513 2512 58 538 129 112 
31 1 77 2437 2513 2513 58 538 129 112 
32 4 59 2501 2559 2501 58 537 137 115 
32 4 59 2501 2559 2502 58 537 137 115 
32 4 59 2501 2559 2503 58 537 137 115 
32 4 59 2501 2559 2504 58 537 137 115 
32 4 59 2501 2559 2505 58 537 137 115 
32 4 59 2501 2559 2506 58 537 137 115 
32 4 59 2501 2559 2507 58 537 137 115 
32 4 59 2501 2559 2508 58 537 137 115 
32 4 59 2501 2559 2509 58 537 137 115 
32 4 59 2501 2559 2510 58 537 137 115 
32 4 59 2501 2559 2511 58 537 137 115 
32 4 59 2501 2559 2512 58 537 137 115 
32 4 59 2501 2559 2513 58 537 137 115 
32 4 59 2501 2559 2514 58 537 137 115 
32 4 59 2501 2559 2515 58 537 137 115 
32 4 59 2501 2559 2516 58 537 137 115 
32 4 59 2501 2559 2517 58 537 137 115 
32 4 59 2501 2559 2518 58 537 137 115 
32 4 59 2501 2559 2519 58 537 137 115 
32 4 59 2501 2559 2520 58 537 137 115 
32 4 59 2501 2559 2521 58 537 137 115 
32 4 59 2501 2559 2522 58 537 137 115 
32 4 59 2501 2559 2523 58 537 137 115 
32 4 59 2501 2559 2524 58 537 137 115 
32 4 59 2501 2559 2525 58 537 137 115 
32 4 59 2501 2559 2526 58 537 137 115 
32 4 59 2501 2559 2527 58 537 137 115 
32 4 59 2501 2559 2528 58 537 137 115 
32 4 59 2501 2559 2529 58 537 137 115 
32 4 59 2501 2559 2530 58 537 137 115 
32 4 59 2501 2559 2531 58 537 137 115 
32 4 59 2501 2559 2532 58 537 137 115 
32 4 59 2501 2559 2533 58 537 137 115 
32 4 59 2501 2559 2534 58 537 137 115 
32 4 59 2501 2559 2535 58 537 137 115 
32 4 59 2501 2559 2536 58 537 137 115 
32 4 59 2501 2559 2537 58 537 137 115 
32 4 59 2501 2559 2538 58 537 137 115 
32 4 59 2501 2559 2539 58 537 137 115 
32 4 59 2501 2559 2540 58 537 137 115 
32 4 59 2501 2559 2541 58 537 137 115 
32 4 59 2501 2559 2542 58 537 137 115 
32 4 59 2501 2559 2543 58 537 137 115 
32 4 59 2501 2559 2544 58 537 137 115 
32 4 59 2501 2559 2545 58 537 137 115 
32 4 59 2501 2559 2546 58 537 137 115 
32 4 59 2501 2559 2547 58 537 137 115 
32 4 59 2501 2559 2548 58 537 137 115 
32 4 59 2501 2559 2549 58 537 137 115 
32 4 59 2501 2559 2550 58 537 137 115 
32 4 59 2501 2559 2551 58 537 137 115 
32 4 59 2501 2559 2552 58 537 137 115 
32 4 59 2501 2559 2553 58 537 137 115 
32 4 59 2501 2559 2554 58 537 137 115 
32 4 59 2501 2559 2555 58 537 137 115 
32 4 59 2501 2559 2556 58 537 137 115 
32 4 59 2501 2559 2557 58 537 137 115 
32 4 59 2501 2559 2558 58 537 137 115 
32 4 59 2501 2559 2559 58 537 137 115 
33 5 132 2642 2773 2642 103 529 124 63 
33 5 132 2642 2773 2643 103 529 124 63 
33 5 132 2642 2773 2644 103 529 124 63 
33 5 132 2642 2773 2645 103 529 124 63 
33 5 132 2642 2773 2646 103 529 124 63 
33 5 132 2642 2773 2647 103 529 124 63 
33 5 132 2642 2773 2648 103 529 124 63 
33 5 132 2642 2773 2649 103 529 124 63 
33 5 132 2642 2773 2650 103 529 124 63 
33 5 132 2642 2773 2651 103 529 124 63 
33 5 132 2642 2773 2652 103 529 124 63 
33 5 132 2642 2773 2653 103 529 124 63 
33 5 132 2642 2773 2654 103 529 124 63 
33 5 132 2642 2773 2655 103 529 124 63 
33 5 132 2642 2773 2656 103 529 124 63 
33 5 132 2642 2773 2657 103 529 124 63 
33 5 132 2642 2773 2658 103 529 124 63 
33 5 132 2642 2773 2659 103 529 124 63 
33 5 132 2642 2773 2660 103 529 124 63 
33 5 132 2642 2773 2661 103 529 124 63 
33 5 132 2642 2773 2662 103 529 124 63 
33 5 132 2642 2773 2663 103 529 124 63 
33 5 132 2642 2773 2664 103 529 124 63 
33 5 132 2642 2773 2665 103 529 124 63 
33 5 132 2642 2773 2666 103 529 124 63 
33 5 132 2642 2773 2667 103 529 124 63 
33 5 132 2642 2773 2668 103 529 124 63 
33 5 132 2642 2773 2669 103 529 124 63 
33 5 132 2642 2773 2670 103 529 124 63 
33 5 132 2642 2773 2671 103 529 124 63 
33 5 132 2642 2773 2672 103 529 124 63 
33 5 132 2642 2773 2673 103 529 124 63 
33 5 132 2642 2773 2674 103 529 124 63 
33 5 132 2642 2773 2675 103 529 124 63 
33 5 132 2642 2773 2676 103 529 124 63 
33 5 132 2642 2773 2677 103 529 124 63 
33 5 132 2642 2773 2678 103 529 124 63 
33 5 132 2642 2773 2679 103 529 124 63 
33 5 132 2642 2773 2680 103 529 124 63 
33 5 132 2642 2773 2681 103 529 124 63 
33 5 132 2642 2773 2682 103 529 124 63 
33 5 132 2642 2773 2683 103 529 124 63 
33 5 132 2642 2773 2684 103 529 124 63 
33 5 132 2642 2773 2685 103 529 124 63 
33 5 132 2642 2773 2686 103 529 124 63 
33 5 132 2642 2773 2687 103 529 124 63 
33 5 132 2642 2773 2688 103 529 124 63 
33 5 132 2642 2773 2689 103 529 124 63 
33 5 132 2642 2773 2690 103 529 124 63 
33 5 132 2642 2773 2691 103 529 124 63 
33 5 132 2642 2773 2692 103 529 124 63 
33 5 132 2642 2773 2693 103 529 124 63 
33 5 132 2642 2773 2694 103 529 124 63 
33 5 132 2642 2773 2695 103 529 124 63 
33 5 132 2642 2773 2696 103 529 124 63 
33 5 132 2642 2773 2697 103 529 124 63 
33 5 132 2642 2773 2698 103 529 124 63 
33 5 132 2642 2773 2699 103 529 124 63 
33 5 132 2642 2773 2700 103 529 124 63 
33 5 132 2642 2773 2701 103 529 124 63 
33 5 132 2642 2773 2702 103 529 124 63 
33 5 132 2642 2773 2703 103 529 124 63 
33 5 132 2642 2773 2704 103 529 124 63 
33 5 132 2642 2773 2705 103 529 124 63 
33 5 132 2642 2773 2706 103 529 124 63 
33 5 132 2642 2773 2707 103 529 124 63 
33 5 132 2642 2773 2708 103 529 124 63 
33 5 132 2642 2773 2709 103 529 124 63 
33 5 132 2642 2773 2710 103 529 124 63 
33 5 132 2642 2773 2711 103 529 124 63 
33 5 132 2642 2773 2712 103 529 124 63 
33 5 132 2642 2773 2713 103 529 124 63 
33 5 132 2642 2773 2714 103 529 124 63 
33 5 132 2642 2773 2715 103 529 124 63 
33 5 132 2642 2773 2716 103 529 124 63 
33 5 132 2642 2773 2717 103 529 124 63 
33 5 132 2642 2773 2718 103 529 124 63 
33 5 132 2642 2773 2719 103 529 124 63 
33 5 132 2642 2773 2720 103 529 124 63 
33 5 132 2642 2773 2721 103 529 124 63 
33 5 132 2642 2773 2722 103 529 124 63 
33 5 132 2642 2773 2723 103 529 124 63 
33 5 132 2642 2773 2724 103 529 124 63 
33 5 132 2642 2773 2725 103 529 124 63 
33 5 132 2642 2773 2726 103 529 124 63 
33 5 132 2642 2773 2727 103 529 124 63 
33 5 132 2642 2773 2728 103 529 124 63 
33 5 132 2642 2773 2729 103 529 124 63 
33 5 132 2642 2773 2730 103 529 124 63 
33 5 132 2642 2773 2731 103 529 124 63 
33 5 132 2642 2773 2732 103 529 124 63 
33 5 132 2642 2773 2733 103 529 124 63 
33 5 132 2642 2773 2734 103 529 124 63 
33 5 132 2642 2773 2735 103 529 124 63 
33 5 132 2642 2773 2736 103 529 124 63 
33 5 132 2642 2773 2737 103 529 124 63 
33 5 132 2642 2773 2738 103 529 124 63 
33 5 132 2642 2773 2739 103 529 124 63 
33 5 132 2642 2773 2740 103 529 124 63 
33 5 132 2642 2773 2741 103 529 124 63 
33 5 132 2642 2773 2742 103 529 124 63 
33 5 132 2642 2773 2743 103 529 124 63 
33 5 132 2642 2773 2744 103 529 124 63 
33 5 132 2642 2773 2745 103 529 124 63 
33 5 132 2642 2773 2746 103 529 124 63 
33 5 132 2642 2773 2747 103 529 124 63 
33 5 132 2642 2773 2748 103 529 124 63 
33 5 132 2642 2773 2749 103 529 124 63 
33 5 132 2642 2773 2750 103 529 124 63 
33 5 132 2642 2773 2751 103 529 124 63 
33 5 132 2642 2773 2752 103 529 124 63 
33 5 132 2642 2773 2753 103 529 124 63 
33 5 132 2642 2773 2754 103 529 124 63 
33 5 132 2642 2773 2755 103 529 124 63 
33 5 132 2642 2773 2756 103 529 124 63 
33 5 132 2642 2773 2757 103 529 124 63 
33 5 132 2642 2773 2758 103 529 124 63 
33 5 132 2642 2773 2759 103 529 124 63 
33 5 132 2642 2773 2760 103 529 124 63 
33 5 132 2642 2773 2761 103 529 124 63 
33 5 132 2642 2773 2762 103 529 124 63 
33 5 132 2642 2773 2763 103 529 124 63 
33 5 132 2642 2773 2764 103 529 124 63 
33 5 132 2642 2773 2765 103 529 124 63 
33 5 132 2642 2773 2766 103 529 124 63 
33 5 132 2642 2773 2767 103 529 124 63 
33 5 132 2642 2773 2768 103 529 124 63 
33 5 132 2642 2773 2769 103 529 124 63 
33 5 132 2642 2773 2770 103 529 124 63 
33 5 132 2642 2773 2771 103 529 124 63 
33 5 132 2642 2773 2772 103 529 124 63 
33 5 132 2642 2773 2773 103 529 124 63 
34 5 106 2690 2795 2690 130 521 129 115 
34 5 106 2690 2795 2691 130 521 129 115 
34 5 106 2690 2795 2692 130 521 129 115 
34 5 106 2690 2795 2693 130 521 129 115 
34 5 106 2690 2795 2694 130 521 129 115 
34 5 106 2690 2795 2695 130 521 129 115 
34 5 106 2690 2795 2696 130 521 129 115 
34 5 106 2690 2795 2697 130 521 129 115 
34 5 106 2690 2795 2698 130 521 129 115 
34 5 106 2690 2795 2699 130 521 129 115 
34 5 106 2690 2795 2700 130 521 129 115 
34 5 106 2690 2795 2701 130 521 129 115 
34 5 106 2690 2795 2702 130 521 129 115 
34 5 106 2690 2795 2703 130 521 129 115 
34 5 106 2690 2795 2704 130 521 129 115 
34 5 106 2690 2795 2705 130 521 129 115 
34 5 106 2690 2795 2706 130 521 129 115 
34 5 106 2690 2795 2707 130 521 129 115 
34 5 106 2690 2795 2708 130 521 129 115 
34 5 106 2690 2795 2709 130 521 129 115 
34 5 106 2690 2795 2710 130 521 129 115 
34 5 106 2690 2795 2711 130 521 129 115 
34 5 106 2690 2795 2712 130 521 129 115 
34 5 106 2690 2795 2713 130 521 129 115 
34 5 106 2690 2795 2714 130 521 129 115 
34 5 106 2690 2795 2715 130 521 129 115 
34 5 106 2690 2795 2716 130 521 129 115 
34 5 106 2690 2795 2717 130 521 129 115 
34 5 106 2690 2795 2718 130 521 129 115 
34 5 106 2690 2795 2719 130 521 129 115 
34 5 106 2690 2795 2720 130 521 129 115 
34 5 106 2690 2795 2721 130 521 129 115 
34 5 106 2690 2795 2722 130 521 129 115 
34 5 106 2690 2795 2723 130 521 129 115 
34 5 106 2690 2795 2724 130 521 129 115 
34 5 106 2690 2795 2725 130 521 129 115 
34 5 106 2690 2795 2726 130 521 129 115 
34 5 106 2690 2795 2727 130 521 129 115 
34 5 106 2690 2795 2728 130 521 129 115 
34 5 106 2690 2795 2729 130 521 129 115 
34 5 106 2690 2795 2730 130 521 129 115 
34 5 106 2690 2795 2731 130 521 129 115 
34 5 106 2690 2795 2732 130 521 129 115 
34 5 106 2690 2795 2733 130 521 129 115 
34 5 106 2690 2795 2734 130 521 129 115 
34 5 106 2690 2795 2735 130 521 129 115 
34 5 106 2690 2795 2736 130 521 129 115 
34 5 106 2690 2795 2737 130 521 129 115 
34 5 106 2690 2795 2738 130 521 129 115 
34 5 106 2690 2795 2739 130 521 129 115 
34 5 106 2690 2795 2740 130 521 129 115 
34 5 106 2690 2795 2741 130 521 129 115 
34 5 106 2690 2795 2742 130 521 129 115 
34 5 106 2690 2795 2743 130 521 129 115 
34 5 106 2690 2795 2744 130 521 129 115 
34 5 106 2690 2795 2745 130 521 129 115 
34 5 106 2690 2795 2746 130 521 129 115 
34 5 106 2690 2795 2747 130 521 129 115 
34 5 106 2690 2795 2748 130 521 129 115 
34 5 106 2690 2795 2749 130 521 129 115 
34 5 106 2690 2795 2750 130 521 129 115 
34 5 106 2690 2795 2751 130 521 129 115 
34 5 106 2690 2795 2752 130 521 129 115 
34 5 106 2690 2795 2753 130 521 129 115 
34 5 106 2690 2795 2754 130 521 129 115 
34 5 106 2690 2795 2755 130 521 129 115 
34 5 106 2690 2795 2756 130 521 129 115 
34 5 106 2690 2795 2757 130 521 129 115 
34 5 106 2690 2795 2758 130 521 129 115 
34 5 106 2690 2795 2759 130 521 129 115 
34 5 106 2690 2795 2760 130 521 129 115 
34 5 106 2690 2795 2761 130 521 129 115 
34 5 106 2690 2795 2762 130 521 129 115 
34 5 106 2690 2795 2763 130 521 129 115 
34 5 106 2690 2795 2764 130 521 129 115 
34 5 106 2690 2795 2765 130 521 129 115 
34 5 106 2690 2795 2766 130 521 129 115 
34 5 106 2690 2795 2767 130 521 129 115 
34 5 106 2690 2795 2768 130 521 129 115 
34 5 106 2690 2795 2769 130 521 129 115 
34 5 106 2690 2795 2770 130 521 129 115 
34 5 106 2690 2795 2771 130 521 129 115 
34 5 106 2690 2795 2772 130 521 129 115 
34 5 106 2690 2795 2773 130 521 129 115 
34 5 106 2690 2795 2774 130 521 129 115 
34 5 106 2690 2795 2775 130 521 129 115 
34 5 106 2690 2795 2776 130 521 129 115 
34 5 106 2690 2795 2777 130 521 129 115 
34 5 106 2690 2795 2778 130 521 129 115 
34 5 106 2690 2795 2779 130 521 129 115 
34 5 106 2690 2795 2780 130 521 129 115 
34 5 106 2690 2795 2781 130 521 129 115 
34 5 106 2690 2795 2782 130 521 129 115 
34 5 106 2690 2795 2783 130 521 129 115 
34 5 106 2690 2795 2784 130 521 129 115 
34 5 106 2690 2795 2785 130 521 129 115 
34 5 106 2690 2795 2786 130 521 129 115 
34 5 106 2690 2795 2787 130 521 129 115 
34 5 106 2690 2795 2788 130 521 129 115 
34 5 106 2690 2795 2789 130 521 129 115 
34 5 106 2690 2795 2790 130 521 129 115 
34 5 106 2690 2795 2791 130 521 129 115 
34 5 106 2690 2795 2792 130 521 129 115 
34 5 106 2690 2795 2793 130 521 129 115 
34 5 106 2690 2795 2794 130 521 129 115 
34 5 106 2690 2795 2795 130 521 129 115 
35 9 75 1405 1479 1405 64 531 64 108 
35 9 75 1405 1479 1406 64 531 64 108 
35 9 75 1405 1479 1407 61 531 64 108 
35 9 75 1405 1479 1408 61 531 64 108 
35 9 75 1405 1479 1409 58 534 64 108 
35 9 75 1405 1479 1410 56 534 64 108 
35 9 75 1405 1479 1411 56 534 64 108 
35 9 75 1405 1479 1412 53 534 64 108 
35 9 75 1405 1479 1413 53 534 64 108 
35 9 75 1405 1479 1414 50 534 64 108 
35 9 75 1405 1479 1415 50 534 64 108 
35 9 75 1405 1479 1416 48 536 64 108 
35 9 75 1405 1479 1417 48 536 64 108 
35 9 75 1405 1479 1418 45 536 64 108 
35 9 75 1405 1479 1419 42 536 64 108 
35 9 75 1405 1479 1420 42 536 64 108 
35 9 75 1405 1479 1421 40 536 64 108 
35 9 75 1405 1479 1422 40 536 64 108 
35 9 75 1405 1479 1423 37 536 64 108 
35 9 75 1405 1479 1424 37 539 64 108 
35 9 75 1405 1479 1425 34 539 64 108 
35 9 75 1405 1479 1426 34 539 64 108 
35 9 75 1405 1479 1427 32 539 64 108 
35 9 75 1405 1479 1428 29 539 64 108 
35 9 75 1405 1479 1429 29 539 64 108 
35 9 75 1405 1479 1430 26 539 64 108 
35 9 75 1405 1479 1431 26 542 64 108 
35 9 75 1405 1479 1432 24 542 64 108 
35 9 75 1405 1479 1433 24 542 64 108 
35 9 75 1405 1479 1434 21 542 64 108 
35 9 75 1405 1479 1435 21 542 64 108 
35 9 75 1405 1479 1436 18 542 64 108 
35 9 75 1405 1479 1437 16 542 64 108 
35 9 75 1405 1479 1438 16 542 64 108 
35 9 75 1405 1479 1439 13 544 64 108 
35 9 75 1405 1479 1440 13 544 64 108 
35 9 75 1405 1479 1441 10 544 64 108 
35 9 75 1405 1479 1442 10 544 64 108 
35 9 75 1405 1479 1443 8 544 64 108 
35 9 75 1405 1479 1444 8 544 64 108 
35 9 75 1405 1479 1445 5 544 64 108 
35 9 75 1405 1479 1446 2 547 64 108 
35 9 75 1405 1479 1447 2 547 64 108 
35 9 75 1405 1479 1448 0 547 64 108 
35 9 75 1405 1479 1449 0 547 64 108 
35 9 75 1405 1479 1450 0 547 61 108 
35 9 75 1405 1479 1451 0 547 61 108 
35 9 75 1405 1479 1452 0 547 58 108 
35 9 75 1405 1479 1453 0 550 58 108 
35 9 75 1405 1479 1454 0 550 56 103 
35 9 75 1405 1479 1455 0 550 56 103 
35 9 75 1405 1479 1456 0 550 51 103 
35 9 75 1405 1479 1457 0 550 51 103 
35 9 75 1405 1479 1458 0 550 48 103 
35 9 75 1405 1479 1459 0 550 48 103 
35 9 75 1405 1479 1460 0 553 45 100 
35 9 75 1405 1479 1461 0 553 45 100 
35 9 75 1405 1479 1462 0 553 41 100 
35 9 75 1405 1479 1463 0 553 42 100 
35 9 75 1405 1479 1464 0 553 38 100 
35 9 75 1405 1479 1465 0 553 38 100 
35 9 75 1405 1479 1466 0 557 35 96 
35 9 75 1405 1479 1467 0 557 35 96 
35 9 75 1405 1479 1468 0 557 31 96 
35 9 75 1405 1479 1469 0 557 31 96 
35 9 75 1405 1479 1470 0 557 27 96 
35 9 75 1405 1479 1471 0 557 27 96 
35 9 75 1405 1479 1472 0 560 27 91 
35 9 75 1405 1479 1473 0 560 27 91 
35 9 75 1405 1479 1474 0 560 27 91 
35 9 75 1405 1479 1475 0 560 27 91 
35 9 75 1405 1479 1476 0 560 27 91 
35 9 75 1405 1479 1477 0 560 27 91 
35 9 75 1405 1479 1478 0 560 27 91 
35 9 75 1405 1479 1479 0 560 27 91 
36 9 68 2241 2308 2241 0 563 68 108 
36 9 68 2241 2308 2242 0 563 71 108 
36 9 68 2241 2308 2243 0 563 71 108 
36 9 68 2241 2308 2244 0 563 75 108 
36 9 68 2241 2308 2245 0 563 75 103 
36 9 68 2241 2308 2246 0 563 75 103 
36 9 68 2241 2308 2247 2 563 74 103 
36 9 68 2241 2308 2248 2 563 74 103 
36 9 68 2241 2308 2249 5 563 74 103 
36 9 68 2241 2308 2250 5 563 74 103 
36 9 68 2241 2308 2251 7 560 76 108 
36 9 68 2241 2308 2252 7 560 76 108 
36 9 68 2241 2308 2253 10 560 74 105 
36 9 68 2241 2308 2254 10 560 74 105 
36 9 68 2241 2308 2255 10 560 74 105 
36 9 68 2241 2308 2256 13 560 74 105 
36 9 68 2241 2308 2257 13 560 74 105 
36 9 68 2241 2308 2258 15 560 76 105 
36 9 68 2241 2308 2259 15 560 76 105 
36 9 68 2241 2308 2260 18 560 74 105 
36 9 68 2241 2308 2261 18 561 74 100 
36 9 68 2241 2308 2262 21 558 74 103 
36 9 68 2241 2308 2263 21 558 74 103 
36 9 68 2241 2308 2264 21 558 74 103 
36 9 68 2241 2308 2265 23 558 76 103 
36 9 68 2241 2308 2266 23 558 76 103 
36 9 68 2241 2308 2267 26 558 74 103 
36 9 68 2241 2308 2268 26 558 74 103 
36 9 68 2241 2308 2269 29 559 74 99 
36 9 68 2241 2308 2270 29 559 74 99 
36 9 68 2241 2308 2271 31 559 76 99 
36 9 68 2241 2308 2272 31 559 76 99 
36 9 68 2241 2308 2273 31 555 76 103 
36 9 68 2241 2308 2274 34 555 74 103 
36 9 68 2241 2308 2275 34 555 74 103 
36 9 68 2241 2308 2276 37 555 74 103 
36 9 68 2241 2308 2277 37 556 74 100 
36 9 68 2241 2308 2278 39 556 76 100 
36 9 68 2241 2308 2279 39 556 76 100 
36 9 68 2241 2308 2280 42 556 74 100 
36 9 68 2241 2308 2281 42 556 74 100 
36 9 68 2241 2308 2282 42 556 74 100 
36 9 68 2241 2308 2283 45 556 74 100 
36 9 68 2241 2308 2284 45 552 74 105 
36 9 68 2241 2308 2285 47 553 76 100 
36 9 68 2241 2308 2286 47 553 76 100 
36 9 68 2241 2308 2287 50 553 74 100 
36 9 68 2241 2308 2288 50 553 74 100 
36 9 68 2241 2308 2289 53 553 74 100 
36 9 68 2241 2308 2290 53 553 74 100 
36 9 68 2241 2308 2291 53 553 74 100 
36 9 68 2241 2308 2292 55 553 76 100 
36 9 68 2241 2308 2293 55 554 76 96 
36 9 68 2241 2308 2294 58 554 74 96 
36 9 68 2241 2308 2295 58 551 74 99 
36 9 68 2241 2308 2296 61 551 74 99 
36 9 68 2241 2308 2297 61 551 74 99 
36 9 68 2241 2308 2298 63 551 76 99 
36 9 68 2241 2308 2299 63 551 76 99 
36 9 68 2241 2308 2300 63 551 76 99 
36 9 68 2241 2308 2301 66 552 74 96 
36 9 68 2241 2308 2302 66 552 74 96 
36 9 68 2241 2308 2303 69 552 74 96 
36 9 68 2241 2308 2304 69 552 74 96 
36 9 68 2241 2308 2305 71 552 76 96 
36 9 68 2241 2308 2306 71 548 76 100 
36 9 68 2241 2308 2307 74 548 74 100 
36 9 68 2241 2308 2308 74 548 74 100 
