6 9 1393 304 1696 304 0 561 67 87 
6 9 1393 304 1696 305 2 561 64 87 
6 9 1393 304 1696 306 0 561 70 87 
6 9 1393 304 1696 307 5 561 64 87 
6 9 1393 304 1696 308 3 561 70 87 
6 9 1393 304 1696 309 8 557 64 91 
6 9 1393 304 1696 310 7 557 68 91 
6 9 1393 304 1696 311 10 558 64 88 
6 9 1393 304 1696 312 8 558 70 88 
6 9 1393 304 1696 313 13 558 64 88 
6 9 1393 304 1696 314 11 558 70 88 
6 9 1393 304 1696 315 16 558 64 88 
6 9 1393 304 1696 316 15 558 68 88 
6 9 1393 304 1696 317 18 554 64 93 
6 9 1393 304 1696 318 16 554 70 93 
6 9 1393 304 1696 319 21 554 64 93 
6 9 1393 304 1696 320 19 554 70 93 
6 9 1393 304 1696 321 24 555 64 88 
6 9 1393 304 1696 322 23 555 68 88 
6 9 1393 304 1696 323 26 555 64 88 
6 9 1393 304 1696 324 24 555 70 88 
6 9 1393 304 1696 325 29 555 64 88 
6 9 1393 304 1696 326 27 552 70 91 
6 9 1393 304 1696 327 32 552 64 91 
6 9 1393 304 1696 328 31 552 68 91 
6 9 1393 304 1696 329 34 552 64 91 
6 9 1393 304 1696 330 32 552 70 91 
6 9 1393 304 1696 331 37 553 64 87 
6 9 1393 304 1696 332 35 553 70 87 
6 9 1393 304 1696 333 40 553 64 87 
6 9 1393 304 1696 334 39 549 68 91 
6 9 1393 304 1696 335 42 549 64 91 
6 9 1393 304 1696 336 40 549 70 91 
6 9 1393 304 1696 337 45 549 64 91 
6 9 1393 304 1696 338 43 549 70 91 
6 9 1393 304 1696 339 48 549 64 91 
6 9 1393 304 1696 340 47 549 68 91 
6 9 1393 304 1696 341 50 550 64 88 
6 9 1393 304 1696 342 48 550 70 88 
6 9 1393 304 1696 343 53 546 64 93 
6 9 1393 304 1696 344 51 546 70 93 
6 9 1393 304 1696 345 56 546 64 93 
6 9 1393 304 1696 346 55 546 68 93 
6 9 1393 304 1696 347 58 546 64 93 
6 9 1393 304 1696 348 56 546 70 93 
6 9 1393 304 1696 349 61 546 64 93 
6 9 1393 304 1696 350 59 546 70 93 
6 9 1393 304 1696 351 64 544 64 91 
6 9 1393 304 1696 352 63 544 68 91 
6 9 1393 304 1696 353 66 544 64 91 
6 9 1393 304 1696 354 64 544 70 91 
6 9 1393 304 1696 355 69 544 64 91 
6 9 1393 304 1696 356 67 544 70 91 
6 9 1393 304 1696 357 67 544 70 91 
6 9 1393 304 1696 358 71 544 68 91 
6 9 1393 304 1696 359 71 544 68 91 
6 9 1393 304 1696 360 72 541 70 96 
6 9 1393 304 1696 361 72 541 70 91 
6 9 1393 304 1696 362 75 541 70 91 
6 9 1393 304 1696 363 75 541 70 91 
6 9 1393 304 1696 364 79 541 68 91 
6 9 1393 304 1696 365 79 541 68 91 
6 9 1393 304 1696 366 80 541 70 91 
6 9 1393 304 1696 367 80 541 70 91 
6 9 1393 304 1696 368 83 538 70 96 
6 9 1393 304 1696 369 83 538 70 96 
6 9 1393 304 1696 370 87 538 68 96 
6 9 1393 304 1696 371 87 538 68 93 
6 9 1393 304 1696 372 88 538 70 93 
6 9 1393 304 1696 373 88 538 70 93 
6 9 1393 304 1696 374 91 538 70 93 
6 9 1393 304 1696 375 91 538 70 93 
6 9 1393 304 1696 376 95 538 68 93 
6 9 1393 304 1696 377 95 536 68 96 
6 9 1393 304 1696 378 96 536 70 96 
6 9 1393 304 1696 379 96 536 70 96 
6 9 1393 304 1696 380 99 536 70 96 
6 9 1393 304 1696 381 99 536 70 91 
6 9 1393 304 1696 382 103 536 68 91 
6 9 1393 304 1696 383 103 536 68 91 
6 9 1393 304 1696 384 104 536 70 91 
6 9 1393 304 1696 385 104 533 70 96 
6 9 1393 304 1696 386 107 533 70 96 
6 9 1393 304 1696 387 107 533 70 96 
6 9 1393 304 1696 388 111 533 68 96 
6 9 1393 304 1696 389 111 533 68 96 
6 9 1393 304 1696 390 112 533 70 96 
6 9 1393 304 1696 391 112 533 70 91 
6 9 1393 304 1696 392 115 533 70 91 
6 9 1393 304 1696 393 115 533 70 91 
6 9 1393 304 1696 394 119 530 68 96 
6 9 1393 304 1696 395 119 530 68 96 
6 9 1393 304 1696 396 120 530 70 96 
6 9 1393 304 1696 397 120 530 70 96 
6 9 1393 304 1696 398 123 530 70 96 
6 9 1393 304 1696 399 123 530 70 96 
6 9 1393 304 1696 400 127 530 68 96 
6 9 1393 304 1696 401 127 530 68 93 
6 9 1393 304 1696 402 128 528 70 96 
6 9 1393 304 1696 403 128 528 70 96 
6 9 1393 304 1696 404 131 528 70 96 
6 9 1393 304 1696 405 131 528 70 96 
6 9 1393 304 1696 406 135 528 68 96 
6 9 1393 304 1696 407 135 528 68 96 
6 9 1393 304 1696 408 136 528 70 96 
6 9 1393 304 1696 409 136 528 70 96 
6 9 1393 304 1696 410 139 528 70 96 
6 9 1393 304 1696 411 139 525 70 96 
6 9 1393 304 1696 412 139 525 70 96 
6 9 1393 304 1696 413 143 525 68 96 
6 9 1393 304 1696 414 143 525 68 96 
6 9 1393 304 1696 415 143 525 68 96 
6 9 1393 304 1696 416 144 525 70 96 
6 9 1393 304 1696 417 144 525 70 96 
6 9 1393 304 1696 418 147 525 70 96 
6 9 1393 304 1696 419 147 522 70 96 
6 9 1393 304 1696 420 147 522 70 96 
6 9 1393 304 1696 421 151 522 68 96 
6 9 1393 304 1696 422 151 522 68 96 
6 9 1393 304 1696 423 151 522 68 96 
6 9 1393 304 1696 424 152 522 70 96 
6 9 1393 304 1696 425 152 522 70 96 
6 9 1393 304 1696 426 155 522 70 96 
6 9 1393 304 1696 427 155 522 70 93 
6 9 1393 304 1696 428 155 520 70 96 
6 9 1393 304 1696 429 159 520 68 96 
6 9 1393 304 1696 430 159 520 68 96 
6 9 1393 304 1696 431 159 520 68 96 
6 9 1393 304 1696 432 160 520 70 96 
6 9 1393 304 1696 433 160 520 70 96 
6 9 1393 304 1696 434 163 520 70 96 
6 9 1393 304 1696 435 163 520 70 91 
6 9 1393 304 1696 436 163 517 70 96 
6 9 1393 304 1696 437 167 517 68 96 
6 9 1393 304 1696 438 167 517 68 96 
6 9 1393 304 1696 439 167 517 68 96 
6 9 1393 304 1696 440 168 517 70 96 
6 9 1393 304 1696 441 168 517 70 96 
6 9 1393 304 1696 442 171 517 70 96 
6 9 1393 304 1696 443 171 517 70 96 
6 9 1393 304 1696 444 171 517 70 91 
6 9 1393 304 1696 445 175 514 68 96 
6 9 1393 304 1696 446 175 514 68 96 
6 9 1393 304 1696 447 176 514 70 96 
6 9 1393 304 1696 448 176 514 70 96 
6 9 1393 304 1696 449 176 514 70 96 
6 9 1393 304 1696 450 179 514 70 96 
6 9 1393 304 1696 451 179 514 70 96 
6 9 1393 304 1696 452 179 514 70 93 
6 9 1393 304 1696 453 183 514 68 93 
6 9 1393 304 1696 454 183 512 68 96 
6 9 1393 304 1696 455 184 512 70 96 
6 9 1393 304 1696 456 184 512 70 96 
6 9 1393 304 1696 457 184 512 70 96 
6 9 1393 304 1696 458 187 512 70 96 
6 9 1393 304 1696 459 187 512 70 96 
6 9 1393 304 1696 460 187 512 70 91 
6 9 1393 304 1696 461 191 512 68 91 
6 9 1393 304 1696 462 191 509 68 96 
6 9 1393 304 1696 463 192 509 70 96 
6 9 1393 304 1696 464 192 509 70 96 
6 9 1393 304 1696 465 192 509 70 96 
6 9 1393 304 1696 466 195 509 70 96 
6 9 1393 304 1696 467 195 509 70 96 
6 9 1393 304 1696 468 195 509 70 91 
6 9 1393 304 1696 469 199 509 68 91 
6 9 1393 304 1696 470 199 509 68 91 
6 9 1393 304 1696 471 200 506 70 96 
6 9 1393 304 1696 472 200 506 70 96 
6 9 1393 304 1696 473 200 506 70 96 
6 9 1393 304 1696 474 203 506 70 96 
6 9 1393 304 1696 475 203 506 70 96 
6 9 1393 304 1696 476 207 506 68 96 
6 9 1393 304 1696 477 207 506 68 93 
6 9 1393 304 1696 478 207 506 68 93 
6 9 1393 304 1696 479 208 506 70 93 
6 9 1393 304 1696 480 208 504 70 96 
6 9 1393 304 1696 481 208 504 70 96 
6 9 1393 304 1696 482 211 504 70 96 
6 9 1393 304 1696 483 211 504 70 96 
6 9 1393 304 1696 484 215 504 68 96 
6 9 1393 304 1696 485 215 504 68 91 
6 9 1393 304 1696 486 215 504 68 91 
6 9 1393 304 1696 487 216 504 70 91 
6 9 1393 304 1696 488 216 501 70 96 
6 9 1393 304 1696 489 216 501 70 96 
6 9 1393 304 1696 490 219 501 70 96 
6 9 1393 304 1696 491 219 501 70 96 
6 9 1393 304 1696 492 223 501 68 96 
6 9 1393 304 1696 493 223 501 68 91 
6 9 1393 304 1696 494 223 501 68 91 
6 9 1393 304 1696 495 224 501 70 91 
6 9 1393 304 1696 496 224 501 70 91 
6 9 1393 304 1696 497 224 498 70 96 
6 9 1393 304 1696 498 227 498 70 96 
6 9 1393 304 1696 499 227 498 70 96 
6 9 1393 304 1696 500 231 498 68 96 
6 9 1393 304 1696 501 231 498 68 93 
6 9 1393 304 1696 502 231 498 68 93 
6 9 1393 304 1696 503 232 498 70 93 
6 9 1393 304 1696 504 232 498 70 93 
6 9 1393 304 1696 505 235 498 70 93 
6 9 1393 304 1696 506 235 496 70 96 
6 9 1393 304 1696 507 235 496 70 96 
6 9 1393 304 1696 508 239 496 68 96 
6 9 1393 304 1696 509 239 496 68 96 
6 9 1393 304 1696 510 239 496 68 91 
6 9 1393 304 1696 511 240 496 70 91 
6 9 1393 304 1696 512 240 496 70 91 
6 9 1393 304 1696 513 243 496 70 91 
6 9 1393 304 1696 514 243 493 70 96 
6 9 1393 304 1696 515 243 493 70 96 
6 9 1393 304 1696 516 247 493 68 96 
6 9 1393 304 1696 517 247 493 68 96 
6 9 1393 304 1696 518 247 493 68 91 
6 9 1393 304 1696 519 248 493 70 91 
6 9 1393 304 1696 520 248 493 70 91 
6 9 1393 304 1696 521 251 493 70 91 
6 9 1393 304 1696 522 251 493 70 91 
6 9 1393 304 1696 523 251 490 70 96 
6 9 1393 304 1696 524 255 490 68 96 
6 9 1393 304 1696 525 255 490 68 96 
6 9 1393 304 1696 526 255 490 68 93 
6 9 1393 304 1696 527 256 490 70 93 
6 9 1393 304 1696 528 256 490 70 93 
6 9 1393 304 1696 529 259 490 70 93 
6 9 1393 304 1696 530 259 490 70 93 
6 9 1393 304 1696 531 259 488 70 96 
6 9 1393 304 1696 532 263 488 68 96 
6 9 1393 304 1696 533 263 488 68 96 
6 9 1393 304 1696 534 263 488 68 91 
6 9 1393 304 1696 535 264 488 70 91 
6 9 1393 304 1696 536 264 488 70 91 
6 9 1393 304 1696 537 267 488 70 91 
6 9 1393 304 1696 538 267 488 70 91 
6 9 1393 304 1696 539 267 488 70 91 
6 9 1393 304 1696 540 271 485 68 96 
6 9 1393 304 1696 541 271 485 68 96 
6 9 1393 304 1696 542 272 485 70 96 
6 9 1393 304 1696 543 272 485 70 91 
6 9 1393 304 1696 544 272 485 70 91 
6 9 1393 304 1696 545 275 485 70 91 
6 9 1393 304 1696 546 275 485 70 91 
6 9 1393 304 1696 547 275 485 70 91 
6 9 1393 304 1696 548 279 485 68 91 
6 9 1393 304 1696 549 279 482 68 96 
6 9 1393 304 1696 550 280 482 70 96 
6 9 1393 304 1696 551 280 482 70 93 
6 9 1393 304 1696 552 280 482 70 93 
6 9 1393 304 1696 553 283 482 70 93 
6 9 1393 304 1696 554 283 482 70 93 
6 9 1393 304 1696 555 283 482 70 93 
6 9 1393 304 1696 556 287 482 68 93 
6 9 1393 304 1696 557 287 480 68 96 
6 9 1393 304 1696 558 288 480 70 96 
6 9 1393 304 1696 559 288 480 70 91 
6 9 1393 304 1696 560 288 480 70 91 
6 9 1393 304 1696 561 291 480 70 91 
6 9 1393 304 1696 562 291 480 70 91 
6 9 1393 304 1696 563 291 480 70 91 
6 9 1393 304 1696 564 295 480 68 91 
6 9 1393 304 1696 565 295 480 68 91 
6 9 1393 304 1696 566 296 477 70 96 
6 9 1393 304 1696 567 296 477 70 91 
6 9 1393 304 1696 568 296 477 70 91 
6 9 1393 304 1696 569 299 477 70 91 
6 9 1393 304 1696 570 299 477 70 91 
6 9 1393 304 1696 571 303 477 68 91 
6 9 1393 304 1696 572 303 477 68 91 
6 9 1393 304 1696 573 303 477 68 91 
6 9 1393 304 1696 574 304 477 70 91 
6 9 1393 304 1696 575 304 474 70 96 
6 9 1393 304 1696 576 304 474 70 93 
6 9 1393 304 1696 577 307 474 70 93 
6 9 1393 304 1696 578 307 474 70 93 
6 9 1393 304 1696 579 311 474 68 93 
6 9 1393 304 1696 580 311 474 68 93 
6 9 1393 304 1696 581 311 474 68 93 
6 9 1393 304 1696 582 312 474 70 93 
6 9 1393 304 1696 583 312 472 70 96 
6 9 1393 304 1696 584 312 472 70 91 
6 9 1393 304 1696 585 315 472 70 91 
6 9 1393 304 1696 586 315 472 70 91 
6 9 1393 304 1696 587 319 472 68 91 
6 9 1393 304 1696 588 319 472 68 91 
6 9 1393 304 1696 589 319 472 68 91 
6 9 1393 304 1696 590 320 472 70 91 
6 9 1393 304 1696 591 320 472 70 91 
6 9 1393 304 1696 592 320 469 70 91 
6 9 1393 304 1696 593 323 469 70 91 
6 9 1393 304 1696 594 323 469 70 91 
6 9 1393 304 1696 595 327 469 68 91 
6 9 1393 304 1696 596 327 469 68 91 
6 9 1393 304 1696 597 327 469 68 91 
6 9 1393 304 1696 598 328 469 70 91 
6 9 1393 304 1696 599 328 469 70 91 
6 9 1393 304 1696 600 331 469 70 91 
6 9 1393 304 1696 601 331 466 70 93 
6 9 1393 304 1696 602 331 466 70 93 
6 9 1393 304 1696 603 335 466 68 93 
6 9 1393 304 1696 604 335 466 68 93 
6 9 1393 304 1696 605 335 466 68 93 
6 9 1393 304 1696 606 336 466 70 93 
6 9 1393 304 1696 607 336 466 70 93 
6 9 1393 304 1696 608 336 466 70 93 
6 9 1393 304 1696 609 339 466 70 93 
6 9 1393 304 1696 610 339 466 70 93 
6 9 1393 304 1696 611 339 466 70 93 
6 9 1393 304 1696 612 343 464 68 91 
6 9 1393 304 1696 613 343 464 68 91 
6 9 1393 304 1696 614 343 464 68 91 
6 9 1393 304 1696 615 344 464 70 91 
6 9 1393 304 1696 616 344 464 70 91 
6 9 1393 304 1696 617 344 464 70 91 
6 9 1393 304 1696 618 347 464 70 91 
6 9 1393 304 1696 619 347 464 70 91 
6 9 1393 304 1696 620 347 464 70 91 
6 9 1393 304 1696 621 351 464 68 91 
6 9 1393 304 1696 622 351 464 68 91 
6 9 1393 304 1696 623 351 464 68 91 
6 9 1393 304 1696 624 352 461 70 91 
6 9 1393 304 1696 625 352 461 70 91 
6 9 1393 304 1696 626 352 461 70 91 
6 9 1393 304 1696 627 355 461 70 91 
6 9 1393 304 1696 628 355 461 70 91 
6 9 1393 304 1696 629 355 461 70 91 
6 9 1393 304 1696 630 359 461 68 91 
6 9 1393 304 1696 631 359 461 68 91 
6 9 1393 304 1696 632 359 461 68 91 
6 9 1393 304 1696 633 360 461 70 91 
6 9 1393 304 1696 634 360 461 70 91 
6 9 1393 304 1696 635 360 461 70 91 
6 9 1393 304 1696 636 363 458 70 93 
6 9 1393 304 1696 637 363 458 70 93 
6 9 1393 304 1696 638 363 458 70 93 
6 9 1393 304 1696 639 367 458 68 93 
6 9 1393 304 1696 640 367 458 68 93 
6 9 1393 304 1696 641 367 458 68 93 
6 9 1393 304 1696 642 368 458 70 93 
6 9 1393 304 1696 643 368 458 70 93 
6 9 1393 304 1696 644 368 458 70 93 
6 9 1393 304 1696 645 371 458 70 93 
6 9 1393 304 1696 646 371 458 70 93 
6 9 1393 304 1696 647 371 456 70 91 
6 9 1393 304 1696 648 375 456 68 91 
6 9 1393 304 1696 649 375 456 68 91 
6 9 1393 304 1696 650 375 456 68 91 
6 9 1393 304 1696 651 376 456 70 91 
6 9 1393 304 1696 652 376 456 70 91 
6 9 1393 304 1696 653 376 456 70 91 
6 9 1393 304 1696 654 379 456 70 91 
6 9 1393 304 1696 655 379 456 70 91 
6 9 1393 304 1696 656 379 456 70 91 
6 9 1393 304 1696 657 383 456 68 91 
6 9 1393 304 1696 658 383 456 68 91 
6 9 1393 304 1696 659 383 453 68 91 
6 9 1393 304 1696 660 384 453 70 91 
6 9 1393 304 1696 661 384 453 70 91 
6 9 1393 304 1696 662 384 453 70 91 
6 9 1393 304 1696 663 387 453 70 91 
6 9 1393 304 1696 664 387 453 70 91 
6 9 1393 304 1696 665 387 453 70 91 
6 9 1393 304 1696 666 391 453 68 91 
6 9 1393 304 1696 667 391 453 68 91 
6 9 1393 304 1696 668 391 453 68 91 
6 9 1393 304 1696 669 392 453 70 91 
6 9 1393 304 1696 670 392 453 70 91 
6 9 1393 304 1696 671 392 450 70 93 
6 9 1393 304 1696 672 395 450 70 93 
6 9 1393 304 1696 673 395 450 70 93 
6 9 1393 304 1696 674 395 450 70 93 
6 9 1393 304 1696 675 399 450 68 93 
6 9 1393 304 1696 676 399 450 68 93 
6 9 1393 304 1696 677 399 450 68 93 
6 9 1393 304 1696 678 400 450 70 93 
6 9 1393 304 1696 679 400 450 70 93 
6 9 1393 304 1696 680 400 450 70 93 
6 9 1393 304 1696 681 403 450 70 93 
6 9 1393 304 1696 682 403 450 70 93 
6 9 1393 304 1696 683 403 448 70 91 
6 9 1393 304 1696 684 407 448 68 91 
6 9 1393 304 1696 685 407 448 68 91 
6 9 1393 304 1696 686 407 448 68 91 
6 9 1393 304 1696 687 408 448 70 91 
6 9 1393 304 1696 688 408 448 70 91 
6 9 1393 304 1696 689 408 448 70 91 
6 9 1393 304 1696 690 411 448 70 91 
6 9 1393 304 1696 691 411 448 70 91 
6 9 1393 304 1696 692 411 448 70 91 
6 9 1393 304 1696 693 415 448 68 91 
6 9 1393 304 1696 694 415 445 68 91 
6 9 1393 304 1696 695 415 445 68 91 
6 9 1393 304 1696 696 416 445 70 91 
6 9 1393 304 1696 697 416 445 70 91 
6 9 1393 304 1696 698 416 445 70 91 
6 9 1393 304 1696 699 419 445 70 91 
6 9 1393 304 1696 700 419 445 70 91 
6 9 1393 304 1696 701 419 445 70 91 
6 9 1393 304 1696 702 423 445 68 91 
6 9 1393 304 1696 703 423 445 68 91 
6 9 1393 304 1696 704 423 445 68 91 
6 9 1393 304 1696 705 424 445 70 91 
6 9 1393 304 1696 706 424 442 70 93 
6 9 1393 304 1696 707 424 442 70 93 
6 9 1393 304 1696 708 427 442 70 93 
6 9 1393 304 1696 709 427 442 70 93 
6 9 1393 304 1696 710 427 442 70 93 
6 9 1393 304 1696 711 431 442 68 93 
6 9 1393 304 1696 712 431 442 68 93 
6 9 1393 304 1696 713 431 442 68 93 
6 9 1393 304 1696 714 432 442 70 93 
6 9 1393 304 1696 715 432 442 70 93 
6 9 1393 304 1696 716 432 442 70 93 
6 9 1393 304 1696 717 435 442 70 93 
6 9 1393 304 1696 718 435 440 70 91 
6 9 1393 304 1696 719 435 440 70 91 
6 9 1393 304 1696 720 439 440 68 91 
6 9 1393 304 1696 721 439 440 68 91 
6 9 1393 304 1696 722 439 440 68 91 
6 9 1393 304 1696 723 440 440 70 91 
6 9 1393 304 1696 724 440 440 70 91 
6 9 1393 304 1696 725 440 440 70 91 
6 9 1393 304 1696 726 443 440 70 91 
6 9 1393 304 1696 727 443 440 70 91 
6 9 1393 304 1696 728 443 440 70 91 
6 9 1393 304 1696 729 447 437 68 91 
6 9 1393 304 1696 730 447 437 68 91 
6 9 1393 304 1696 731 447 437 68 91 
6 9 1393 304 1696 732 448 437 70 91 
6 9 1393 304 1696 733 448 437 70 91 
6 9 1393 304 1696 734 448 437 70 91 
6 9 1393 304 1696 735 451 437 70 91 
6 9 1393 304 1696 736 451 437 70 91 
6 9 1393 304 1696 737 451 437 70 91 
6 9 1393 304 1696 738 455 437 68 91 
6 9 1393 304 1696 739 455 437 68 91 
6 9 1393 304 1696 740 455 437 68 91 
6 9 1393 304 1696 741 456 434 70 93 
6 9 1393 304 1696 742 456 434 70 93 
6 9 1393 304 1696 743 456 434 70 93 
6 9 1393 304 1696 744 459 434 70 93 
6 9 1393 304 1696 745 459 434 70 93 
6 9 1393 304 1696 746 459 434 70 93 
6 9 1393 304 1696 747 463 434 68 93 
6 9 1393 304 1696 748 463 434 68 93 
6 9 1393 304 1696 749 463 434 68 93 
6 9 1393 304 1696 750 464 434 70 93 
6 9 1393 304 1696 751 464 434 70 93 
6 9 1393 304 1696 752 464 434 70 93 
6 9 1393 304 1696 753 467 432 70 91 
6 9 1393 304 1696 754 467 432 70 91 
6 9 1393 304 1696 755 467 432 70 91 
6 9 1393 304 1696 756 471 432 68 91 
6 9 1393 304 1696 757 471 432 68 91 
6 9 1393 304 1696 758 471 432 68 91 
6 9 1393 304 1696 759 472 432 70 91 
6 9 1393 304 1696 760 472 432 70 91 
6 9 1393 304 1696 761 472 432 70 91 
6 9 1393 304 1696 762 475 432 70 91 
6 9 1393 304 1696 763 475 432 70 91 
6 9 1393 304 1696 764 479 432 68 91 
6 9 1393 304 1696 765 479 432 68 91 
6 9 1393 304 1696 766 479 432 68 91 
6 9 1393 304 1696 767 479 432 68 91 
6 9 1393 304 1696 768 480 432 70 91 
6 9 1393 304 1696 769 480 432 70 91 
6 9 1393 304 1696 770 480 432 70 91 
6 9 1393 304 1696 771 483 432 70 91 
6 9 1393 304 1696 772 483 432 70 91 
6 9 1393 304 1696 773 483 432 70 91 
6 9 1393 304 1696 774 483 432 70 91 
6 9 1393 304 1696 775 487 432 68 91 
6 9 1393 304 1696 776 487 432 68 91 
6 9 1393 304 1696 777 487 432 68 91 
6 9 1393 304 1696 778 488 432 70 91 
6 9 1393 304 1696 779 488 432 70 91 
6 9 1393 304 1696 780 488 432 70 91 
6 9 1393 304 1696 781 491 432 70 91 
6 9 1393 304 1696 782 491 432 70 91 
6 9 1393 304 1696 783 491 432 70 91 
6 9 1393 304 1696 784 491 432 70 91 
6 9 1393 304 1696 785 495 432 68 91 
6 9 1393 304 1696 786 495 432 68 91 
6 9 1393 304 1696 787 495 432 68 91 
6 9 1393 304 1696 788 496 432 70 91 
6 9 1393 304 1696 789 496 432 70 91 
6 9 1393 304 1696 790 496 432 70 91 
6 9 1393 304 1696 791 496 432 70 91 
6 9 1393 304 1696 792 499 432 70 91 
6 9 1393 304 1696 793 499 432 70 91 
6 9 1393 304 1696 794 499 432 70 91 
6 9 1393 304 1696 795 503 432 68 91 
6 9 1393 304 1696 796 503 432 68 91 
6 9 1393 304 1696 797 503 432 68 91 
6 9 1393 304 1696 798 504 432 70 91 
6 9 1393 304 1696 799 504 432 70 91 
6 9 1393 304 1696 800 504 432 70 91 
6 9 1393 304 1696 801 504 432 70 91 
6 9 1393 304 1696 802 507 432 70 91 
6 9 1393 304 1696 803 507 432 70 91 
6 9 1393 304 1696 804 507 432 70 91 
6 9 1393 304 1696 805 511 432 68 91 
6 9 1393 304 1696 806 511 432 68 91 
6 9 1393 304 1696 807 511 432 68 91 
6 9 1393 304 1696 808 511 432 68 91 
6 9 1393 304 1696 809 512 432 70 91 
6 9 1393 304 1696 810 512 432 70 91 
6 9 1393 304 1696 811 512 432 70 91 
6 9 1393 304 1696 812 515 432 70 91 
6 9 1393 304 1696 813 515 432 70 91 
6 9 1393 304 1696 814 515 432 70 91 
6 9 1393 304 1696 815 519 432 68 91 
6 9 1393 304 1696 816 519 432 68 91 
6 9 1393 304 1696 817 519 432 68 91 
6 9 1393 304 1696 818 519 432 68 91 
6 9 1393 304 1696 819 520 432 70 91 
6 9 1393 304 1696 820 520 432 70 91 
6 9 1393 304 1696 821 520 432 70 91 
6 9 1393 304 1696 822 523 432 70 91 
6 9 1393 304 1696 823 523 432 70 91 
6 9 1393 304 1696 824 523 432 70 91 
6 9 1393 304 1696 825 523 432 70 91 
6 9 1393 304 1696 826 527 432 68 91 
6 9 1393 304 1696 827 527 432 68 91 
6 9 1393 304 1696 828 527 432 68 91 
6 9 1393 304 1696 829 528 432 70 91 
6 9 1393 304 1696 830 528 432 70 91 
6 9 1393 304 1696 831 528 432 70 91 
6 9 1393 304 1696 832 531 432 70 91 
6 9 1393 304 1696 833 531 432 70 91 
6 9 1393 304 1696 834 531 432 70 91 
6 9 1393 304 1696 835 531 432 70 91 
6 9 1393 304 1696 836 535 432 68 91 
6 9 1393 304 1696 837 535 432 68 91 
6 9 1393 304 1696 838 535 432 68 91 
6 9 1393 304 1696 839 536 432 70 91 
6 9 1393 304 1696 840 536 432 70 91 
6 9 1393 304 1696 841 536 432 70 91 
6 9 1393 304 1696 842 536 432 70 91 
6 9 1393 304 1696 843 539 432 70 91 
6 9 1393 304 1696 844 539 432 70 91 
6 9 1393 304 1696 845 539 432 70 91 
6 9 1393 304 1696 846 543 432 68 91 
6 9 1393 304 1696 847 543 432 68 91 
6 9 1393 304 1696 848 543 432 68 91 
6 9 1393 304 1696 849 544 432 70 91 
6 9 1393 304 1696 850 544 432 70 91 
6 9 1393 304 1696 851 544 432 70 91 
6 9 1393 304 1696 852 544 432 70 91 
6 9 1393 304 1696 853 547 432 70 91 
6 9 1393 304 1696 854 547 432 70 91 
6 9 1393 304 1696 855 547 432 70 91 
6 9 1393 304 1696 856 551 432 68 91 
6 9 1393 304 1696 857 551 432 68 91 
6 9 1393 304 1696 858 551 432 68 91 
6 9 1393 304 1696 859 551 432 68 91 
6 9 1393 304 1696 860 552 432 70 91 
6 9 1393 304 1696 861 552 432 70 91 
6 9 1393 304 1696 862 552 432 70 91 
6 9 1393 304 1696 863 555 432 70 91 
6 9 1393 304 1696 864 555 432 70 91 
6 9 1393 304 1696 865 555 432 70 91 
6 9 1393 304 1696 866 559 432 68 91 
6 9 1393 304 1696 867 559 432 68 91 
6 9 1393 304 1696 868 559 432 68 91 
6 9 1393 304 1696 869 559 432 68 91 
6 9 1393 304 1696 870 560 432 70 91 
6 9 1393 304 1696 871 560 432 70 91 
6 9 1393 304 1696 872 560 432 70 91 
6 9 1393 304 1696 873 563 432 70 91 
6 9 1393 304 1696 874 563 432 70 91 
6 9 1393 304 1696 875 563 432 70 91 
6 9 1393 304 1696 876 563 432 70 91 
6 9 1393 304 1696 877 567 432 68 91 
6 9 1393 304 1696 878 567 432 68 91 
6 9 1393 304 1696 879 567 432 68 91 
6 9 1393 304 1696 880 568 432 70 91 
6 9 1393 304 1696 881 568 432 70 91 
6 9 1393 304 1696 882 568 432 70 91 
6 9 1393 304 1696 883 571 432 70 91 
6 9 1393 304 1696 884 571 432 70 91 
6 9 1393 304 1696 885 571 432 70 91 
6 9 1393 304 1696 886 571 432 70 91 
6 9 1393 304 1696 887 575 432 68 91 
6 9 1393 304 1696 888 575 432 68 91 
6 9 1393 304 1696 889 575 432 68 91 
6 9 1393 304 1696 890 576 432 70 91 
6 9 1393 304 1696 891 576 432 70 91 
6 9 1393 304 1696 892 576 432 70 91 
6 9 1393 304 1696 893 576 432 70 91 
6 9 1393 304 1696 894 579 432 70 91 
6 9 1393 304 1696 895 579 432 70 91 
6 9 1393 304 1696 896 579 432 70 91 
6 9 1393 304 1696 897 583 432 68 91 
6 9 1393 304 1696 898 583 432 68 91 
6 9 1393 304 1696 899 583 432 68 91 
6 9 1393 304 1696 900 584 434 70 93 
6 9 1393 304 1696 901 584 434 70 93 
6 9 1393 304 1696 902 584 434 70 93 
6 9 1393 304 1696 903 587 434 70 93 
6 9 1393 304 1696 904 587 434 70 93 
6 9 1393 304 1696 905 586 434 74 93 
6 9 1393 304 1696 906 591 434 68 93 
6 9 1393 304 1696 907 591 434 68 93 
6 9 1393 304 1696 908 592 434 70 93 
6 9 1393 304 1696 909 592 434 70 93 
6 9 1393 304 1696 910 591 434 76 93 
6 9 1393 304 1696 911 595 434 70 93 
6 9 1393 304 1696 912 595 434 70 93 
6 9 1393 304 1696 913 599 434 68 93 
6 9 1393 304 1696 914 599 434 68 93 
6 9 1393 304 1696 915 597 434 74 93 
6 9 1393 304 1696 916 600 438 70 88 
6 9 1393 304 1696 917 599 438 76 88 
6 9 1393 304 1696 918 603 438 70 88 
6 9 1393 304 1696 919 603 438 70 88 
6 9 1393 304 1696 920 602 438 74 88 
6 9 1393 304 1696 921 607 438 68 88 
6 9 1393 304 1696 922 605 438 74 88 
6 9 1393 304 1696 923 608 437 70 91 
6 9 1393 304 1696 924 608 437 70 91 
6 9 1393 304 1696 925 607 437 76 91 
6 9 1393 304 1696 926 611 437 70 91 
6 9 1393 304 1696 927 610 437 74 91 
6 9 1393 304 1696 928 610 437 74 91 
6 9 1393 304 1696 929 615 437 68 91 
6 9 1393 304 1696 930 613 437 74 91 
6 9 1393 304 1696 931 616 441 70 87 
6 9 1393 304 1696 932 615 441 76 87 
6 9 1393 304 1696 933 615 441 76 87 
6 9 1393 304 1696 934 618 441 74 87 
6 9 1393 304 1696 935 618 441 74 87 
6 9 1393 304 1696 936 623 441 68 87 
6 9 1393 304 1696 937 621 441 74 87 
6 9 1393 304 1696 938 621 441 74 87 
6 9 1393 304 1696 939 623 441 76 87 
6 9 1393 304 1696 940 623 441 76 87 
6 9 1393 304 1696 941 627 441 70 87 
6 9 1393 304 1696 942 626 441 74 87 
6 9 1393 304 1696 943 626 441 74 87 
6 9 1393 304 1696 944 629 441 74 87 
6 9 1393 304 1696 945 629 441 74 87 
6 9 1393 304 1696 946 631 443 76 88 
6 9 1393 304 1696 947 631 443 76 88 
6 9 1393 304 1696 948 631 443 76 88 
6 9 1393 304 1696 949 634 443 74 88 
6 9 1393 304 1696 950 634 443 74 88 
6 9 1393 304 1696 951 637 443 74 88 
6 9 1393 304 1696 952 637 443 74 88 
6 9 1393 304 1696 953 637 443 74 88 
6 9 1393 304 1696 954 639 443 76 88 
6 9 1393 304 1696 955 639 443 76 88 
6 9 1393 304 1696 956 642 443 74 88 
6 9 1393 304 1696 957 642 443 74 88 
6 9 1393 304 1696 958 642 443 74 88 
6 9 1393 304 1696 959 645 443 74 88 
6 9 1393 304 1696 960 645 443 74 88 
6 9 1393 304 1696 961 647 443 76 88 
6 9 1393 304 1696 962 647 443 76 88 
6 9 1393 304 1696 963 647 443 76 88 
6 9 1393 304 1696 964 650 443 74 88 
6 9 1393 304 1696 965 650 443 74 88 
6 9 1393 304 1696 966 653 443 74 88 
6 9 1393 304 1696 967 653 443 74 88 
6 9 1393 304 1696 968 655 446 76 88 
6 9 1393 304 1696 969 655 446 76 88 
6 9 1393 304 1696 970 655 446 76 88 
6 9 1393 304 1696 971 658 446 74 88 
6 9 1393 304 1696 972 658 446 74 88 
6 9 1393 304 1696 973 661 446 74 88 
6 9 1393 304 1696 974 661 446 74 88 
6 9 1393 304 1696 975 661 446 74 88 
6 9 1393 304 1696 976 663 446 76 88 
6 9 1393 304 1696 977 663 446 76 88 
6 9 1393 304 1696 978 666 446 74 88 
6 9 1393 304 1696 979 666 446 74 88 
6 9 1393 304 1696 980 666 446 74 88 
6 9 1393 304 1696 981 669 446 74 88 
6 9 1393 304 1696 982 669 446 74 88 
6 9 1393 304 1696 983 671 446 76 88 
6 9 1393 304 1696 984 671 446 76 88 
6 9 1393 304 1696 985 671 446 76 88 
6 9 1393 304 1696 986 674 446 74 88 
6 9 1393 304 1696 987 674 446 74 88 
6 9 1393 304 1696 988 677 446 74 88 
6 9 1393 304 1696 989 677 446 74 88 
6 9 1393 304 1696 990 677 446 74 88 
6 9 1393 304 1696 991 679 446 76 88 
6 9 1393 304 1696 992 679 446 76 88 
6 9 1393 304 1696 993 682 449 74 87 
6 9 1393 304 1696 994 682 449 74 87 
6 9 1393 304 1696 995 682 449 74 87 
6 9 1393 304 1696 996 685 449 74 87 
6 9 1393 304 1696 997 685 449 74 87 
6 9 1393 304 1696 998 687 449 76 87 
6 9 1393 304 1696 999 687 449 76 87 
6 9 1393 304 1696 1000 687 449 76 87 
6 9 1393 304 1696 1001 690 449 74 87 
6 9 1393 304 1696 1002 690 449 74 87 
6 9 1393 304 1696 1003 693 449 74 87 
6 9 1393 304 1696 1004 693 449 74 87 
6 9 1393 304 1696 1005 693 449 74 87 
6 9 1393 304 1696 1006 695 449 76 87 
6 9 1393 304 1696 1007 695 449 76 87 
6 9 1393 304 1696 1008 698 449 74 87 
6 9 1393 304 1696 1009 698 449 74 87 
6 9 1393 304 1696 1010 698 449 74 87 
6 9 1393 304 1696 1011 701 449 74 87 
6 9 1393 304 1696 1012 701 449 74 87 
6 9 1393 304 1696 1013 703 449 76 87 
6 9 1393 304 1696 1014 703 449 76 87 
6 9 1393 304 1696 1015 703 449 76 87 
6 9 1393 304 1696 1016 706 449 74 87 
6 9 1393 304 1696 1017 706 449 74 87 
6 9 1393 304 1696 1018 709 451 74 88 
6 9 1393 304 1696 1019 709 451 74 88 
6 9 1393 304 1696 1020 709 451 74 88 
6 9 1393 304 1696 1021 711 451 76 88 
6 9 1393 304 1696 1022 711 451 76 88 
6 9 1393 304 1696 1023 714 451 74 88 
6 9 1393 304 1696 1024 714 451 74 88 
6 9 1393 304 1696 1025 714 451 74 88 
6 9 1393 304 1696 1026 717 451 74 88 
6 9 1393 304 1696 1027 717 451 74 88 
6 9 1393 304 1696 1028 719 451 76 88 
6 9 1393 304 1696 1029 719 451 76 88 
6 9 1393 304 1696 1030 722 451 74 88 
6 9 1393 304 1696 1031 722 451 74 88 
6 9 1393 304 1696 1032 722 451 74 88 
6 9 1393 304 1696 1033 725 451 74 88 
6 9 1393 304 1696 1034 725 451 74 88 
6 9 1393 304 1696 1035 727 451 76 88 
6 9 1393 304 1696 1036 727 451 76 88 
6 9 1393 304 1696 1037 727 451 76 88 
6 9 1393 304 1696 1038 730 451 74 88 
6 9 1393 304 1696 1039 730 451 74 88 
6 9 1393 304 1696 1040 733 451 74 88 
6 9 1393 304 1696 1041 733 451 74 88 
6 9 1393 304 1696 1042 733 451 74 88 
6 9 1393 304 1696 1043 735 454 76 88 
6 9 1393 304 1696 1044 735 454 76 88 
6 9 1393 304 1696 1045 738 454 74 88 
6 9 1393 304 1696 1046 738 454 74 88 
6 9 1393 304 1696 1047 738 454 74 88 
6 9 1393 304 1696 1048 741 454 74 88 
6 9 1393 304 1696 1049 741 454 74 88 
6 9 1393 304 1696 1050 743 454 76 88 
6 9 1393 304 1696 1051 743 454 76 88 
6 9 1393 304 1696 1052 743 454 76 88 
6 9 1393 304 1696 1053 746 454 74 88 
6 9 1393 304 1696 1054 746 454 74 88 
6 9 1393 304 1696 1055 749 454 74 88 
6 9 1393 304 1696 1056 749 454 74 88 
6 9 1393 304 1696 1057 749 454 74 88 
6 9 1393 304 1696 1058 751 454 76 88 
6 9 1393 304 1696 1059 751 454 76 88 
6 9 1393 304 1696 1060 754 454 74 88 
6 9 1393 304 1696 1061 754 454 74 88 
6 9 1393 304 1696 1062 754 454 74 88 
6 9 1393 304 1696 1063 757 454 74 88 
6 9 1393 304 1696 1064 757 454 74 88 
6 9 1393 304 1696 1065 759 454 76 88 
6 9 1393 304 1696 1066 759 454 76 88 
6 9 1393 304 1696 1067 759 454 76 88 
6 9 1393 304 1696 1068 762 457 74 87 
6 9 1393 304 1696 1069 762 457 74 87 
6 9 1393 304 1696 1070 765 457 74 87 
6 9 1393 304 1696 1071 765 457 74 87 
6 9 1393 304 1696 1072 765 457 74 87 
6 9 1393 304 1696 1073 767 457 76 87 
6 9 1393 304 1696 1074 767 457 76 87 
6 9 1393 304 1696 1075 770 457 74 87 
6 9 1393 304 1696 1076 770 457 74 87 
6 9 1393 304 1696 1077 770 457 74 87 
6 9 1393 304 1696 1078 773 457 74 87 
6 9 1393 304 1696 1079 773 457 74 87 
6 9 1393 304 1696 1080 775 457 76 87 
6 9 1393 304 1696 1081 775 457 76 87 
6 9 1393 304 1696 1082 775 457 76 87 
6 9 1393 304 1696 1083 778 457 74 87 
6 9 1393 304 1696 1084 778 457 74 87 
6 9 1393 304 1696 1085 781 457 74 87 
6 9 1393 304 1696 1086 781 457 74 87 
6 9 1393 304 1696 1087 781 457 74 87 
6 9 1393 304 1696 1088 783 457 76 87 
6 9 1393 304 1696 1089 783 457 76 87 
6 9 1393 304 1696 1090 786 457 74 87 
6 9 1393 304 1696 1091 786 457 74 87 
6 9 1393 304 1696 1092 789 459 74 88 
6 9 1393 304 1696 1093 789 459 74 88 
6 9 1393 304 1696 1094 789 459 74 88 
6 9 1393 304 1696 1095 791 459 76 88 
6 9 1393 304 1696 1096 791 459 76 88 
6 9 1393 304 1696 1097 794 459 74 88 
6 9 1393 304 1696 1098 794 459 74 88 
6 9 1393 304 1696 1099 797 459 74 88 
6 9 1393 304 1696 1100 797 459 74 88 
6 9 1393 304 1696 1101 799 459 76 88 
6 9 1393 304 1696 1102 799 459 76 88 
6 9 1393 304 1696 1103 799 459 76 88 
6 9 1393 304 1696 1104 802 459 74 88 
6 9 1393 304 1696 1105 802 462 74 88 
6 9 1393 304 1696 1106 805 462 74 88 
6 9 1393 304 1696 1107 805 462 74 88 
6 9 1393 304 1696 1108 807 462 76 88 
6 9 1393 304 1696 1109 807 462 76 88 
6 9 1393 304 1696 1110 810 462 74 88 
6 9 1393 304 1696 1111 810 462 74 88 
6 9 1393 304 1696 1112 810 462 74 88 
6 9 1393 304 1696 1113 813 462 74 88 
6 9 1393 304 1696 1114 813 462 74 88 
6 9 1393 304 1696 1115 815 462 76 88 
6 9 1393 304 1696 1116 815 462 76 88 
6 9 1393 304 1696 1117 818 462 74 88 
6 9 1393 304 1696 1118 818 465 74 87 
6 9 1393 304 1696 1119 821 465 74 87 
6 9 1393 304 1696 1120 821 465 74 87 
6 9 1393 304 1696 1121 823 465 76 87 
6 9 1393 304 1696 1122 823 465 76 87 
6 9 1393 304 1696 1123 823 465 76 87 
6 9 1393 304 1696 1124 826 465 74 87 
6 9 1393 304 1696 1125 826 465 74 87 
6 9 1393 304 1696 1126 829 465 74 87 
6 9 1393 304 1696 1127 829 465 74 87 
6 9 1393 304 1696 1128 831 465 76 87 
6 9 1393 304 1696 1129 831 465 76 87 
6 9 1393 304 1696 1130 834 465 74 87 
6 9 1393 304 1696 1131 834 467 74 88 
6 9 1393 304 1696 1132 834 467 74 88 
6 9 1393 304 1696 1133 837 467 74 88 
6 9 1393 304 1696 1134 837 467 74 88 
6 9 1393 304 1696 1135 839 467 76 88 
6 9 1393 304 1696 1136 839 467 76 88 
6 9 1393 304 1696 1137 842 467 74 88 
6 9 1393 304 1696 1138 842 467 74 88 
6 9 1393 304 1696 1139 845 467 74 88 
6 9 1393 304 1696 1140 845 467 74 88 
6 9 1393 304 1696 1141 847 467 76 88 
6 9 1393 304 1696 1142 847 467 76 88 
6 9 1393 304 1696 1143 847 470 76 88 
6 9 1393 304 1696 1144 850 470 74 88 
6 9 1393 304 1696 1145 850 470 74 88 
6 9 1393 304 1696 1146 853 470 74 88 
6 9 1393 304 1696 1147 853 470 74 88 
6 9 1393 304 1696 1148 855 470 76 88 
6 9 1393 304 1696 1149 855 470 76 88 
6 9 1393 304 1696 1150 858 470 74 88 
6 9 1393 304 1696 1151 858 470 74 88 
6 9 1393 304 1696 1152 858 470 74 88 
6 9 1393 304 1696 1153 861 470 74 88 
6 9 1393 304 1696 1154 861 470 74 88 
6 9 1393 304 1696 1155 863 470 76 88 
6 9 1393 304 1696 1156 863 473 76 87 
6 9 1393 304 1696 1157 866 473 74 87 
6 9 1393 304 1696 1158 866 473 74 87 
6 9 1393 304 1696 1159 869 473 74 87 
6 9 1393 304 1696 1160 869 473 74 87 
6 9 1393 304 1696 1161 871 473 76 87 
6 9 1393 304 1696 1162 871 473 76 87 
6 9 1393 304 1696 1163 871 473 76 87 
6 9 1393 304 1696 1164 874 473 74 87 
6 9 1393 304 1696 1165 874 473 74 87 
6 9 1393 304 1696 1166 877 473 74 87 
6 9 1393 304 1696 1167 877 473 74 87 
6 9 1393 304 1696 1168 879 473 76 87 
6 9 1393 304 1696 1169 879 475 76 88 
6 9 1393 304 1696 1170 882 475 74 88 
6 9 1393 304 1696 1171 882 475 74 88 
6 9 1393 304 1696 1172 882 475 74 88 
6 9 1393 304 1696 1173 885 475 74 88 
6 9 1393 304 1696 1174 885 475 74 88 
6 9 1393 304 1696 1175 887 475 76 88 
6 9 1393 304 1696 1176 887 475 76 88 
6 9 1393 304 1696 1177 890 475 74 88 
6 9 1393 304 1696 1178 890 475 74 88 
6 9 1393 304 1696 1179 893 475 74 88 
6 9 1393 304 1696 1180 893 475 74 88 
6 9 1393 304 1696 1181 895 478 76 88 
6 9 1393 304 1696 1182 895 478 76 88 
6 9 1393 304 1696 1183 895 478 76 88 
6 9 1393 304 1696 1184 898 478 74 88 
6 9 1393 304 1696 1185 898 478 74 88 
6 9 1393 304 1696 1186 901 478 74 88 
6 9 1393 304 1696 1187 901 478 74 88 
6 9 1393 304 1696 1188 903 478 76 88 
6 9 1393 304 1696 1189 903 478 76 88 
6 9 1393 304 1696 1190 906 478 74 88 
6 9 1393 304 1696 1191 906 478 74 88 
6 9 1393 304 1696 1192 909 478 74 88 
6 9 1393 304 1696 1193 909 478 74 88 
6 9 1393 304 1696 1194 911 478 76 88 
6 9 1393 304 1696 1195 911 478 76 88 
6 9 1393 304 1696 1196 914 478 74 88 
6 9 1393 304 1696 1197 914 478 74 88 
6 9 1393 304 1696 1198 917 478 74 88 
6 9 1393 304 1696 1199 917 478 74 88 
6 9 1393 304 1696 1200 919 478 76 88 
6 9 1393 304 1696 1201 919 478 76 88 
6 9 1393 304 1696 1202 923 478 70 88 
6 9 1393 304 1696 1203 922 478 74 88 
6 9 1393 304 1696 1204 927 478 68 88 
6 9 1393 304 1696 1205 925 478 74 88 
6 9 1393 304 1696 1206 928 478 70 88 
6 9 1393 304 1696 1207 927 478 76 88 
6 9 1393 304 1696 1208 931 478 70 88 
6 9 1393 304 1696 1209 930 478 74 88 
6 9 1393 304 1696 1210 935 478 68 88 
6 9 1393 304 1696 1211 935 478 68 88 
6 9 1393 304 1696 1212 936 478 70 88 
6 9 1393 304 1696 1213 936 478 70 88 
6 9 1393 304 1696 1214 939 478 70 88 
6 9 1393 304 1696 1215 939 478 70 88 
6 9 1393 304 1696 1216 943 478 68 88 
6 9 1393 304 1696 1217 943 478 68 88 
6 9 1393 304 1696 1218 944 478 70 88 
6 9 1393 304 1696 1219 944 478 70 88 
6 9 1393 304 1696 1220 947 478 70 88 
6 9 1393 304 1696 1221 947 477 70 91 
6 9 1393 304 1696 1222 952 477 64 91 
6 9 1393 304 1696 1223 951 477 68 91 
6 9 1393 304 1696 1224 954 477 64 91 
6 9 1393 304 1696 1225 952 477 70 91 
6 9 1393 304 1696 1226 957 477 64 91 
6 9 1393 304 1696 1227 955 477 70 91 
6 9 1393 304 1696 1228 960 477 64 91 
6 9 1393 304 1696 1229 959 477 68 91 
6 9 1393 304 1696 1230 962 477 64 91 
6 9 1393 304 1696 1231 965 477 64 91 
6 9 1393 304 1696 1232 965 477 64 91 
6 9 1393 304 1696 1233 969 477 58 91 
6 9 1393 304 1696 1234 968 477 64 91 
6 9 1393 304 1696 1235 971 477 60 91 
6 9 1393 304 1696 1236 970 477 64 91 
6 9 1393 304 1696 1237 974 477 58 91 
6 9 1393 304 1696 1238 973 477 64 91 
6 9 1393 304 1696 1239 977 477 58 91 
6 9 1393 304 1696 1240 976 477 64 91 
6 9 1393 304 1696 1241 979 477 60 91 
6 9 1393 304 1696 1242 979 477 60 96 
6 9 1393 304 1696 1243 982 477 58 96 
6 9 1393 304 1696 1244 982 477 58 96 
6 9 1393 304 1696 1245 985 477 58 96 
6 9 1393 304 1696 1246 985 477 58 96 
6 9 1393 304 1696 1247 987 477 60 96 
6 9 1393 304 1696 1248 987 477 60 96 
6 9 1393 304 1696 1249 990 477 58 96 
6 9 1393 304 1696 1250 990 477 58 96 
6 9 1393 304 1696 1251 993 477 58 96 
6 9 1393 304 1696 1252 993 477 58 96 
6 9 1393 304 1696 1253 996 477 54 96 
6 9 1393 304 1696 1254 995 477 60 96 
6 9 1393 304 1696 1255 999 477 54 96 
6 9 1393 304 1696 1256 998 477 58 96 
6 9 1393 304 1696 1257 1003 477 52 96 
6 9 1393 304 1696 1258 1001 477 58 96 
6 9 1393 304 1696 1259 1004 477 54 96 
6 9 1393 304 1696 1260 1003 477 60 96 
6 9 1393 304 1696 1261 1007 477 54 96 
6 9 1393 304 1696 1262 1011 480 52 96 
6 9 1393 304 1696 1263 1011 480 52 96 
6 9 1393 304 1696 1264 1011 480 52 96 
6 9 1393 304 1696 1265 1011 480 52 96 
6 9 1393 304 1696 1266 1014 480 48 96 
6 9 1393 304 1696 1267 1014 480 48 96 
6 9 1393 304 1696 1268 1012 480 54 96 
6 9 1393 304 1696 1269 1012 480 54 96 
6 9 1393 304 1696 1270 1017 480 48 96 
6 9 1393 304 1696 1271 1017 480 48 96 
6 9 1393 304 1696 1272 1017 480 48 96 
6 9 1393 304 1696 1273 1017 480 48 96 
6 9 1393 304 1696 1274 1020 482 48 96 
6 9 1393 304 1696 1275 1020 482 48 96 
6 9 1393 304 1696 1276 1020 482 48 96 
6 9 1393 304 1696 1277 1020 482 48 96 
6 9 1393 304 1696 1278 1022 482 48 96 
6 9 1393 304 1696 1279 1022 482 48 96 
6 9 1393 304 1696 1280 1022 482 48 96 
6 9 1393 304 1696 1281 1022 482 48 96 
6 9 1393 304 1696 1282 1025 482 48 96 
6 9 1393 304 1696 1283 1025 482 48 96 
6 9 1393 304 1696 1284 1025 482 48 96 
6 9 1393 304 1696 1285 1025 482 48 96 
6 9 1393 304 1696 1286 1028 482 48 96 
6 9 1393 304 1696 1287 1028 482 48 96 
6 9 1393 304 1696 1288 1028 482 48 96 
6 9 1393 304 1696 1289 1028 482 48 96 
6 9 1393 304 1696 1290 1028 482 48 96 
6 9 1393 304 1696 1291 1030 482 48 96 
6 9 1393 304 1696 1292 1030 482 48 96 
6 9 1393 304 1696 1293 1030 482 48 96 
6 9 1393 304 1696 1294 1030 482 48 96 
6 9 1393 304 1696 1295 1030 482 48 96 
6 9 1393 304 1696 1296 1033 485 48 96 
6 9 1393 304 1696 1297 1033 485 48 96 
6 9 1393 304 1696 1298 1033 485 48 96 
6 9 1393 304 1696 1299 1033 485 48 96 
6 9 1393 304 1696 1300 1033 485 48 96 
6 9 1393 304 1696 1301 1036 485 48 96 
6 9 1393 304 1696 1302 1036 485 48 96 
6 9 1393 304 1696 1303 1036 485 48 96 
6 9 1393 304 1696 1304 1036 485 48 96 
6 9 1393 304 1696 1305 1038 488 48 96 
6 9 1393 304 1696 1306 1038 488 48 96 
6 9 1393 304 1696 1307 1038 488 48 96 
6 9 1393 304 1696 1308 1038 488 48 96 
6 9 1393 304 1696 1309 1038 488 48 96 
6 9 1393 304 1696 1310 1038 488 48 96 
6 9 1393 304 1696 1311 1038 488 48 96 
6 9 1393 304 1696 1312 1038 488 48 96 
6 9 1393 304 1696 1313 1038 488 48 96 
6 9 1393 304 1696 1314 1038 488 48 96 
6 9 1393 304 1696 1315 1038 488 48 96 
6 9 1393 304 1696 1316 1038 488 48 96 
6 9 1393 304 1696 1317 1038 488 48 96 
6 9 1393 304 1696 1318 1038 488 48 96 
6 9 1393 304 1696 1319 1038 488 48 96 
6 9 1393 304 1696 1320 1038 488 48 96 
6 9 1393 304 1696 1321 1038 488 48 96 
6 9 1393 304 1696 1322 1038 488 48 96 
6 9 1393 304 1696 1323 1038 488 48 96 
6 9 1393 304 1696 1324 1038 488 48 96 
6 9 1393 304 1696 1325 1038 488 48 96 
6 9 1393 304 1696 1326 1038 488 48 96 
6 9 1393 304 1696 1327 1038 488 48 96 
6 9 1393 304 1696 1328 1038 488 48 96 
6 9 1393 304 1696 1329 1038 488 48 96 
6 9 1393 304 1696 1330 1038 488 48 96 
6 9 1393 304 1696 1331 1038 488 48 96 
6 9 1393 304 1696 1332 1038 488 48 96 
6 9 1393 304 1696 1333 1038 488 48 96 
6 9 1393 304 1696 1334 1038 488 48 96 
6 9 1393 304 1696 1335 1038 488 48 96 
6 9 1393 304 1696 1336 1038 488 48 96 
6 9 1393 304 1696 1337 1038 488 48 96 
6 9 1393 304 1696 1338 1038 488 48 96 
6 9 1393 304 1696 1339 1038 488 48 96 
6 9 1393 304 1696 1340 1038 488 48 96 
6 9 1393 304 1696 1341 1038 488 48 96 
6 9 1393 304 1696 1342 1038 488 48 96 
6 9 1393 304 1696 1343 1038 488 48 96 
6 9 1393 304 1696 1344 1038 488 48 96 
6 9 1393 304 1696 1345 1038 488 48 96 
6 9 1393 304 1696 1346 1038 488 48 96 
6 9 1393 304 1696 1347 1038 488 48 96 
6 9 1393 304 1696 1348 1038 488 48 96 
6 9 1393 304 1696 1349 1038 488 48 96 
6 9 1393 304 1696 1350 1038 488 48 96 
6 9 1393 304 1696 1351 1038 488 48 96 
6 9 1393 304 1696 1352 1038 488 48 96 
6 9 1393 304 1696 1353 1038 488 48 96 
6 9 1393 304 1696 1354 1038 488 48 96 
6 9 1393 304 1696 1355 1038 488 48 96 
6 9 1393 304 1696 1356 1038 488 48 96 
6 9 1393 304 1696 1357 1038 488 48 96 
6 9 1393 304 1696 1358 1038 488 48 96 
6 9 1393 304 1696 1359 1038 488 48 96 
6 9 1393 304 1696 1360 1038 488 48 96 
6 9 1393 304 1696 1361 1038 488 48 96 
6 9 1393 304 1696 1362 1038 488 48 96 
6 9 1393 304 1696 1363 1038 488 48 96 
6 9 1393 304 1696 1364 1038 488 48 96 
6 9 1393 304 1696 1365 1038 488 48 96 
6 9 1393 304 1696 1366 1038 488 48 96 
6 9 1393 304 1696 1367 1038 488 48 96 
6 9 1393 304 1696 1368 1038 488 48 96 
6 9 1393 304 1696 1369 1038 488 48 96 
6 9 1393 304 1696 1370 1038 488 48 96 
6 9 1393 304 1696 1371 1038 488 48 96 
6 9 1393 304 1696 1372 1038 488 48 96 
6 9 1393 304 1696 1373 1038 488 48 96 
6 9 1393 304 1696 1374 1038 488 48 96 
6 9 1393 304 1696 1375 1038 488 48 96 
6 9 1393 304 1696 1376 1038 488 48 96 
6 9 1393 304 1696 1377 1038 488 48 96 
6 9 1393 304 1696 1378 1038 488 48 96 
6 9 1393 304 1696 1379 1038 488 48 96 
6 9 1393 304 1696 1380 1038 488 48 96 
6 9 1393 304 1696 1381 1038 488 48 96 
6 9 1393 304 1696 1382 1038 488 48 96 
6 9 1393 304 1696 1383 1038 488 48 96 
6 9 1393 304 1696 1384 1038 488 48 96 
6 9 1393 304 1696 1385 1038 488 48 96 
6 9 1393 304 1696 1386 1038 488 48 96 
6 9 1393 304 1696 1387 1038 488 48 96 
6 9 1393 304 1696 1388 1038 488 48 96 
6 9 1393 304 1696 1389 1038 488 48 96 
6 9 1393 304 1696 1390 1038 488 48 96 
6 9 1393 304 1696 1391 1038 488 48 96 
6 9 1393 304 1696 1392 1038 488 48 96 
6 9 1393 304 1696 1393 1038 488 48 96 
6 9 1393 304 1696 1394 1038 488 48 96 
6 9 1393 304 1696 1395 1038 488 48 96 
6 9 1393 304 1696 1396 1038 488 48 96 
6 9 1393 304 1696 1397 1038 488 48 96 
6 9 1393 304 1696 1398 1038 488 48 96 
6 9 1393 304 1696 1399 1038 488 48 96 
6 9 1393 304 1696 1400 1038 488 48 96 
6 9 1393 304 1696 1401 1038 488 48 96 
6 9 1393 304 1696 1402 1038 488 48 96 
6 9 1393 304 1696 1403 1038 488 48 96 
6 9 1393 304 1696 1404 1038 488 48 96 
6 9 1393 304 1696 1405 1038 488 48 96 
6 9 1393 304 1696 1406 1038 488 48 96 
6 9 1393 304 1696 1407 1038 488 48 96 
6 9 1393 304 1696 1408 1038 488 48 96 
6 9 1393 304 1696 1409 1038 488 48 96 
6 9 1393 304 1696 1410 1038 488 48 96 
6 9 1393 304 1696 1411 1038 488 48 96 
6 9 1393 304 1696 1412 1038 488 48 96 
6 9 1393 304 1696 1413 1038 488 48 96 
6 9 1393 304 1696 1414 1038 488 48 96 
6 9 1393 304 1696 1415 1038 488 48 96 
6 9 1393 304 1696 1416 1038 488 48 96 
6 9 1393 304 1696 1417 1038 488 48 96 
6 9 1393 304 1696 1418 1038 488 48 96 
6 9 1393 304 1696 1419 1038 488 48 96 
6 9 1393 304 1696 1420 1038 488 48 96 
6 9 1393 304 1696 1421 1038 488 48 96 
6 9 1393 304 1696 1422 1038 488 48 96 
6 9 1393 304 1696 1423 1038 488 48 96 
6 9 1393 304 1696 1424 1038 488 48 96 
6 9 1393 304 1696 1425 1038 488 48 96 
6 9 1393 304 1696 1426 1038 488 48 96 
6 9 1393 304 1696 1427 1038 488 48 96 
6 9 1393 304 1696 1428 1038 488 48 96 
6 9 1393 304 1696 1429 1038 488 48 96 
6 9 1393 304 1696 1430 1038 488 48 96 
6 9 1393 304 1696 1431 1038 488 48 96 
6 9 1393 304 1696 1432 1038 488 48 96 
6 9 1393 304 1696 1433 1038 488 48 96 
6 9 1393 304 1696 1434 1038 488 48 96 
6 9 1393 304 1696 1435 1038 488 48 96 
6 9 1393 304 1696 1436 1038 488 48 96 
6 9 1393 304 1696 1437 1038 488 48 96 
6 9 1393 304 1696 1438 1038 488 48 96 
6 9 1393 304 1696 1439 1038 488 48 96 
6 9 1393 304 1696 1440 1038 488 48 96 
6 9 1393 304 1696 1441 1038 488 48 96 
6 9 1393 304 1696 1442 1038 488 48 96 
6 9 1393 304 1696 1443 1038 488 48 96 
6 9 1393 304 1696 1444 1038 488 48 96 
6 9 1393 304 1696 1445 1038 488 48 96 
6 9 1393 304 1696 1446 1038 488 48 96 
6 9 1393 304 1696 1447 1038 488 48 96 
6 9 1393 304 1696 1448 1038 488 48 96 
6 9 1393 304 1696 1449 1038 488 48 96 
6 9 1393 304 1696 1450 1038 488 48 96 
6 9 1393 304 1696 1451 1038 488 48 96 
6 9 1393 304 1696 1452 1038 488 48 96 
6 9 1393 304 1696 1453 1038 488 48 96 
6 9 1393 304 1696 1454 1038 488 48 96 
6 9 1393 304 1696 1455 1038 488 48 96 
6 9 1393 304 1696 1456 1038 488 48 96 
6 9 1393 304 1696 1457 1038 488 48 96 
6 9 1393 304 1696 1458 1038 488 48 96 
6 9 1393 304 1696 1459 1038 488 48 96 
6 9 1393 304 1696 1460 1038 488 48 96 
6 9 1393 304 1696 1461 1038 488 48 96 
6 9 1393 304 1696 1462 1038 488 48 96 
6 9 1393 304 1696 1463 1038 488 48 96 
6 9 1393 304 1696 1464 1038 488 48 96 
6 9 1393 304 1696 1465 1038 488 48 96 
6 9 1393 304 1696 1466 1038 488 48 96 
6 9 1393 304 1696 1467 1038 488 48 96 
6 9 1393 304 1696 1468 1038 488 48 96 
6 9 1393 304 1696 1469 1038 488 48 96 
6 9 1393 304 1696 1470 1038 488 48 96 
6 9 1393 304 1696 1471 1038 488 48 96 
6 9 1393 304 1696 1472 1038 488 48 96 
6 9 1393 304 1696 1473 1038 488 48 96 
6 9 1393 304 1696 1474 1038 488 48 96 
6 9 1393 304 1696 1475 1038 488 48 96 
6 9 1393 304 1696 1476 1038 488 48 96 
6 9 1393 304 1696 1477 1038 488 48 96 
6 9 1393 304 1696 1478 1038 488 48 96 
6 9 1393 304 1696 1479 1038 488 48 96 
6 9 1393 304 1696 1480 1038 488 48 96 
6 9 1393 304 1696 1481 1038 488 48 96 
6 9 1393 304 1696 1482 1038 488 48 96 
6 9 1393 304 1696 1483 1038 488 48 96 
6 9 1393 304 1696 1484 1038 488 48 96 
6 9 1393 304 1696 1485 1038 488 48 96 
6 9 1393 304 1696 1486 1038 488 48 96 
6 9 1393 304 1696 1487 1038 488 48 96 
6 9 1393 304 1696 1488 1038 488 48 96 
6 9 1393 304 1696 1489 1038 488 48 96 
6 9 1393 304 1696 1490 1038 488 48 96 
6 9 1393 304 1696 1491 1038 488 48 96 
6 9 1393 304 1696 1492 1038 488 48 96 
6 9 1393 304 1696 1493 1038 488 48 96 
6 9 1393 304 1696 1494 1038 488 48 96 
6 9 1393 304 1696 1495 1038 488 48 96 
6 9 1393 304 1696 1496 1038 488 48 96 
6 9 1393 304 1696 1497 1038 488 48 96 
6 9 1393 304 1696 1498 1038 488 48 96 
6 9 1393 304 1696 1499 1038 488 48 96 
6 9 1393 304 1696 1500 1038 488 48 96 
6 9 1393 304 1696 1501 1035 488 52 91 
6 9 1393 304 1696 1502 1035 488 52 91 
6 9 1393 304 1696 1503 1035 488 52 91 
6 9 1393 304 1696 1504 1035 488 52 91 
6 9 1393 304 1696 1505 1035 488 52 91 
6 9 1393 304 1696 1506 1035 488 52 91 
6 9 1393 304 1696 1507 1035 488 52 91 
6 9 1393 304 1696 1508 1035 488 52 91 
6 9 1393 304 1696 1509 1035 488 52 91 
6 9 1393 304 1696 1510 1035 488 52 91 
6 9 1393 304 1696 1511 1035 488 52 91 
6 9 1393 304 1696 1512 1035 488 52 91 
6 9 1393 304 1696 1513 1035 488 52 91 
6 9 1393 304 1696 1514 1030 488 58 91 
6 9 1393 304 1696 1515 1030 488 58 91 
6 9 1393 304 1696 1516 1030 488 58 91 
6 9 1393 304 1696 1517 1030 488 58 91 
6 9 1393 304 1696 1518 1030 489 58 87 
6 9 1393 304 1696 1519 1030 489 58 87 
6 9 1393 304 1696 1520 1030 489 58 87 
6 9 1393 304 1696 1521 1030 489 58 87 
6 9 1393 304 1696 1522 1030 489 58 87 
6 9 1393 304 1696 1523 1030 489 58 87 
6 9 1393 304 1696 1524 1030 489 58 87 
6 9 1393 304 1696 1525 1030 489 58 87 
6 9 1393 304 1696 1526 1030 489 58 87 
6 9 1393 304 1696 1527 1026 492 64 84 
6 9 1393 304 1696 1528 1026 492 64 84 
6 9 1393 304 1696 1529 1026 492 64 84 
6 9 1393 304 1696 1530 1026 492 64 84 
6 9 1393 304 1696 1531 1026 492 64 84 
6 9 1393 304 1696 1532 1026 492 64 84 
6 9 1393 304 1696 1533 1026 492 64 84 
6 9 1393 304 1696 1534 1026 492 64 84 
6 9 1393 304 1696 1535 1026 492 64 84 
6 9 1393 304 1696 1536 1026 492 64 81 
6 9 1393 304 1696 1537 1026 492 64 81 
6 9 1393 304 1696 1538 1026 492 64 81 
6 9 1393 304 1696 1539 1026 492 64 81 
6 9 1393 304 1696 1540 1023 492 68 81 
6 9 1393 304 1696 1541 1023 492 68 81 
6 9 1393 304 1696 1542 1023 492 68 81 
6 9 1393 304 1696 1543 1023 492 68 81 
6 9 1393 304 1696 1544 1023 492 68 81 
6 9 1393 304 1696 1545 1023 492 68 81 
6 9 1393 304 1696 1546 1023 492 68 81 
6 9 1393 304 1696 1547 1023 492 68 81 
6 9 1393 304 1696 1548 1023 492 68 81 
6 9 1393 304 1696 1549 1023 492 68 81 
6 9 1393 304 1696 1550 1023 492 68 81 
6 9 1393 304 1696 1551 1023 492 68 81 
6 9 1393 304 1696 1552 1023 492 68 81 
6 9 1393 304 1696 1553 1023 496 68 76 
6 9 1393 304 1696 1554 1019 496 70 76 
6 9 1393 304 1696 1555 1019 496 70 76 
6 9 1393 304 1696 1556 1019 496 70 76 
6 9 1393 304 1696 1557 1019 496 70 76 
6 9 1393 304 1696 1558 1019 496 70 76 
6 9 1393 304 1696 1559 1019 496 70 76 
6 9 1393 304 1696 1560 1019 496 70 76 
6 9 1393 304 1696 1561 1019 496 70 76 
6 9 1393 304 1696 1562 1019 496 70 76 
6 9 1393 304 1696 1563 1019 496 70 76 
6 9 1393 304 1696 1564 1019 496 70 76 
6 9 1393 304 1696 1565 1019 496 70 76 
6 9 1393 304 1696 1566 1019 496 70 76 
6 9 1393 304 1696 1567 1019 496 70 76 
6 9 1393 304 1696 1568 1016 496 70 76 
6 9 1393 304 1696 1569 1016 496 70 76 
6 9 1393 304 1696 1570 1016 496 70 76 
6 9 1393 304 1696 1571 1016 496 70 76 
6 9 1393 304 1696 1572 1016 496 70 76 
6 9 1393 304 1696 1573 1016 496 70 76 
6 9 1393 304 1696 1574 1016 496 70 76 
6 9 1393 304 1696 1575 1016 496 70 76 
6 9 1393 304 1696 1576 1016 496 70 76 
6 9 1393 304 1696 1577 1016 496 70 76 
6 9 1393 304 1696 1578 1016 496 70 76 
6 9 1393 304 1696 1579 1016 496 70 76 
6 9 1393 304 1696 1580 1016 496 70 76 
6 9 1393 304 1696 1581 1016 496 70 76 
6 9 1393 304 1696 1582 1015 496 68 76 
6 9 1393 304 1696 1583 1015 496 68 76 
6 9 1393 304 1696 1584 1015 496 68 76 
6 9 1393 304 1696 1585 1015 496 68 76 
6 9 1393 304 1696 1586 1015 496 68 76 
6 9 1393 304 1696 1587 1015 496 68 76 
6 9 1393 304 1696 1588 1015 496 68 76 
6 9 1393 304 1696 1589 1015 496 68 76 
6 9 1393 304 1696 1590 1015 496 68 76 
6 9 1393 304 1696 1591 1015 496 68 76 
6 9 1393 304 1696 1592 1015 496 68 76 
6 9 1393 304 1696 1593 1015 496 68 76 
6 9 1393 304 1696 1594 1015 496 68 76 
6 9 1393 304 1696 1595 1015 496 68 76 
6 9 1393 304 1696 1596 1011 496 70 76 
6 9 1393 304 1696 1597 1011 496 70 76 
6 9 1393 304 1696 1598 1011 496 70 76 
6 9 1393 304 1696 1599 1011 496 70 76 
6 9 1393 304 1696 1600 1011 496 70 76 
6 9 1393 304 1696 1601 1011 496 70 76 
6 9 1393 304 1696 1602 1011 496 70 76 
6 9 1393 304 1696 1603 1011 496 70 76 
6 9 1393 304 1696 1604 1011 496 70 76 
6 9 1393 304 1696 1605 1011 496 70 76 
6 9 1393 304 1696 1606 1011 496 70 76 
6 9 1393 304 1696 1607 1011 496 70 76 
6 9 1393 304 1696 1608 1011 496 70 76 
6 9 1393 304 1696 1609 1011 496 70 76 
6 9 1393 304 1696 1610 1011 496 70 76 
6 9 1393 304 1696 1611 1008 493 70 76 
6 9 1393 304 1696 1612 1008 493 70 76 
6 9 1393 304 1696 1613 1008 493 70 76 
6 9 1393 304 1696 1614 1007 493 68 76 
6 9 1393 304 1696 1615 1007 493 68 76 
6 9 1393 304 1696 1616 1007 493 68 76 
6 9 1393 304 1696 1617 1007 493 68 76 
6 9 1393 304 1696 1618 1003 493 70 76 
6 9 1393 304 1696 1619 1003 493 70 76 
6 9 1393 304 1696 1620 1003 493 70 76 
6 9 1393 304 1696 1621 1000 493 70 76 
6 9 1393 304 1696 1622 1000 493 70 76 
6 9 1393 304 1696 1623 1000 493 70 76 
6 9 1393 304 1696 1624 1000 493 70 76 
6 9 1393 304 1696 1625 999 493 68 76 
6 9 1393 304 1696 1626 999 493 68 76 
6 9 1393 304 1696 1627 999 493 68 76 
6 9 1393 304 1696 1628 995 493 70 76 
6 9 1393 304 1696 1629 995 493 70 76 
6 9 1393 304 1696 1630 995 493 70 76 
6 9 1393 304 1696 1631 995 493 70 76 
6 9 1393 304 1696 1632 992 493 70 76 
6 9 1393 304 1696 1633 992 493 70 76 
6 9 1393 304 1696 1634 992 493 70 76 
6 9 1393 304 1696 1635 992 493 70 76 
6 9 1393 304 1696 1636 991 493 68 76 
6 9 1393 304 1696 1637 991 493 68 76 
6 9 1393 304 1696 1638 991 493 68 76 
6 9 1393 304 1696 1639 991 493 68 76 
6 9 1393 304 1696 1640 987 493 70 76 
6 9 1393 304 1696 1641 987 493 70 76 
6 9 1393 304 1696 1642 987 493 70 76 
6 9 1393 304 1696 1643 987 493 70 76 
6 9 1393 304 1696 1644 984 493 70 76 
6 9 1393 304 1696 1645 984 493 70 76 
6 9 1393 304 1696 1646 984 493 70 76 
6 9 1393 304 1696 1647 984 493 70 76 
6 9 1393 304 1696 1648 983 493 68 76 
6 9 1393 304 1696 1649 983 493 68 76 
6 9 1393 304 1696 1650 979 493 70 76 
6 9 1393 304 1696 1651 979 493 70 76 
6 9 1393 304 1696 1652 976 493 70 76 
6 9 1393 304 1696 1653 976 493 70 76 
6 9 1393 304 1696 1654 976 493 70 76 
6 9 1393 304 1696 1655 975 493 68 76 
6 9 1393 304 1696 1656 975 493 68 76 
6 9 1393 304 1696 1657 971 493 70 76 
6 9 1393 304 1696 1658 971 493 70 76 
6 9 1393 304 1696 1659 971 493 70 76 
6 9 1393 304 1696 1660 968 493 70 76 
6 9 1393 304 1696 1661 968 493 70 76 
6 9 1393 304 1696 1662 967 493 68 76 
6 9 1393 304 1696 1663 967 493 68 76 
6 9 1393 304 1696 1664 967 496 68 76 
6 9 1393 304 1696 1665 963 496 70 76 
6 9 1393 304 1696 1666 963 496 70 76 
6 9 1393 304 1696 1667 960 496 70 76 
6 9 1393 304 1696 1668 960 496 70 76 
6 9 1393 304 1696 1669 959 496 68 76 
6 9 1393 304 1696 1670 959 496 68 76 
6 9 1393 304 1696 1671 955 496 70 76 
6 9 1393 304 1696 1672 955 496 70 76 
6 9 1393 304 1696 1673 952 496 70 76 
6 9 1393 304 1696 1674 952 496 70 76 
6 9 1393 304 1696 1675 951 496 68 76 
6 9 1393 304 1696 1676 951 496 68 76 
6 9 1393 304 1696 1677 947 496 70 76 
6 9 1393 304 1696 1678 947 496 70 76 
6 9 1393 304 1696 1679 944 496 70 76 
6 9 1393 304 1696 1680 944 496 70 76 
6 9 1393 304 1696 1681 944 495 70 79 
6 9 1393 304 1696 1682 943 495 68 79 
6 9 1393 304 1696 1683 943 495 68 79 
6 9 1393 304 1696 1684 939 495 70 79 
6 9 1393 304 1696 1685 939 495 70 79 
6 9 1393 304 1696 1686 939 495 70 79 
6 9 1393 304 1696 1687 936 495 70 79 
6 9 1393 304 1696 1688 936 495 70 79 
6 9 1393 304 1696 1689 935 495 68 79 
6 9 1393 304 1696 1690 935 495 68 79 
6 9 1393 304 1696 1691 935 495 68 79 
6 9 1393 304 1696 1692 931 495 70 79 
6 9 1393 304 1696 1693 931 495 70 79 
6 9 1393 304 1696 1694 931 495 70 79 
6 9 1393 304 1696 1695 928 495 70 79 
6 9 1393 304 1696 1696 928 499 70 75 
10 2 90 4345 4434 4345 516 447 115 112 
10 2 90 4345 4434 4346 516 447 115 112 
10 2 90 4345 4434 4347 516 447 115 112 
10 2 90 4345 4434 4348 516 447 115 112 
10 2 90 4345 4434 4349 516 447 115 112 
10 2 90 4345 4434 4350 516 447 115 112 
10 2 90 4345 4434 4351 516 447 115 112 
10 2 90 4345 4434 4352 516 447 115 112 
10 2 90 4345 4434 4353 516 447 115 112 
10 2 90 4345 4434 4354 516 447 115 112 
10 2 90 4345 4434 4355 516 447 115 112 
10 2 90 4345 4434 4356 516 447 115 112 
10 2 90 4345 4434 4357 516 447 115 112 
10 2 90 4345 4434 4358 516 447 115 112 
10 2 90 4345 4434 4359 516 447 115 112 
10 2 90 4345 4434 4360 516 447 115 112 
10 2 90 4345 4434 4361 516 447 115 112 
10 2 90 4345 4434 4362 516 447 115 112 
10 2 90 4345 4434 4363 516 447 115 112 
10 2 90 4345 4434 4364 516 447 115 112 
10 2 90 4345 4434 4365 516 447 115 112 
10 2 90 4345 4434 4366 516 447 115 112 
10 2 90 4345 4434 4367 516 447 115 112 
10 2 90 4345 4434 4368 516 447 115 112 
10 2 90 4345 4434 4369 516 447 115 112 
10 2 90 4345 4434 4370 516 447 115 112 
10 2 90 4345 4434 4371 516 447 115 112 
10 2 90 4345 4434 4372 516 447 115 112 
10 2 90 4345 4434 4373 516 447 115 112 
10 2 90 4345 4434 4374 516 447 115 112 
10 2 90 4345 4434 4375 516 447 115 112 
10 2 90 4345 4434 4376 516 447 115 112 
10 2 90 4345 4434 4377 516 447 115 112 
10 2 90 4345 4434 4378 516 447 115 112 
10 2 90 4345 4434 4379 516 447 115 112 
10 2 90 4345 4434 4380 516 447 115 112 
10 2 90 4345 4434 4381 516 447 115 112 
10 2 90 4345 4434 4382 516 447 115 112 
10 2 90 4345 4434 4383 516 447 115 112 
10 2 90 4345 4434 4384 516 447 115 112 
10 2 90 4345 4434 4385 516 447 115 112 
10 2 90 4345 4434 4386 516 447 115 112 
10 2 90 4345 4434 4387 516 447 115 112 
10 2 90 4345 4434 4388 516 447 115 112 
10 2 90 4345 4434 4389 516 447 115 112 
10 2 90 4345 4434 4390 516 447 115 112 
10 2 90 4345 4434 4391 516 447 115 112 
10 2 90 4345 4434 4392 516 447 115 112 
10 2 90 4345 4434 4393 516 447 115 112 
10 2 90 4345 4434 4394 516 447 115 112 
10 2 90 4345 4434 4395 516 447 115 112 
10 2 90 4345 4434 4396 516 447 115 112 
10 2 90 4345 4434 4397 516 447 115 112 
10 2 90 4345 4434 4398 516 447 115 112 
10 2 90 4345 4434 4399 516 447 115 112 
10 2 90 4345 4434 4400 516 447 115 112 
10 2 90 4345 4434 4401 516 447 115 112 
10 2 90 4345 4434 4402 516 447 115 112 
10 2 90 4345 4434 4403 516 447 115 112 
10 2 90 4345 4434 4404 516 447 115 112 
10 2 90 4345 4434 4405 516 447 115 112 
10 2 90 4345 4434 4406 516 447 115 112 
10 2 90 4345 4434 4407 516 447 115 112 
10 2 90 4345 4434 4408 516 447 115 112 
10 2 90 4345 4434 4409 516 447 115 112 
10 2 90 4345 4434 4410 516 447 115 112 
10 2 90 4345 4434 4411 516 447 115 112 
10 2 90 4345 4434 4412 516 447 115 112 
10 2 90 4345 4434 4413 516 447 115 112 
10 2 90 4345 4434 4414 516 447 115 112 
10 2 90 4345 4434 4415 516 447 115 112 
10 2 90 4345 4434 4416 516 447 115 112 
10 2 90 4345 4434 4417 516 447 115 112 
10 2 90 4345 4434 4418 516 447 115 112 
10 2 90 4345 4434 4419 516 447 115 112 
10 2 90 4345 4434 4420 516 447 115 112 
10 2 90 4345 4434 4421 516 447 115 112 
10 2 90 4345 4434 4422 516 447 115 112 
10 2 90 4345 4434 4423 516 447 115 112 
10 2 90 4345 4434 4424 516 447 115 112 
10 2 90 4345 4434 4425 516 447 115 112 
10 2 90 4345 4434 4426 516 447 115 112 
10 2 90 4345 4434 4427 516 447 115 112 
10 2 90 4345 4434 4428 516 447 115 112 
10 2 90 4345 4434 4429 516 447 115 112 
10 2 90 4345 4434 4430 516 447 115 112 
10 2 90 4345 4434 4431 516 447 115 112 
10 2 90 4345 4434 4432 516 447 115 112 
10 2 90 4345 4434 4433 516 447 115 112 
10 2 90 4345 4434 4434 516 447 115 112 
11 9 967 6782 7748 6782 0 600 51 108 
11 9 967 6782 7748 6783 0 598 51 108 
11 9 967 6782 7748 6784 0 598 51 108 
11 9 967 6782 7748 6785 0 598 51 108 
11 9 967 6782 7748 6786 0 598 54 108 
11 9 967 6782 7748 6787 0 594 54 112 
11 9 967 6782 7748 6788 0 594 54 112 
11 9 967 6782 7748 6789 0 595 57 108 
11 9 967 6782 7748 6790 0 595 57 108 
11 9 967 6782 7748 6791 0 591 57 112 
11 9 967 6782 7748 6792 0 591 60 112 
11 9 967 6782 7748 6793 0 591 59 112 
11 9 967 6782 7748 6794 0 591 59 112 
11 9 967 6782 7748 6795 0 591 63 112 
11 9 967 6782 7748 6796 0 589 62 111 
11 9 967 6782 7748 6797 0 589 62 111 
11 9 967 6782 7748 6798 0 589 67 111 
11 9 967 6782 7748 6799 0 589 67 111 
11 9 967 6782 7748 6800 0 585 65 115 
11 9 967 6782 7748 6801 0 585 68 115 
11 9 967 6782 7748 6802 0 585 68 115 
11 9 967 6782 7748 6803 0 586 67 112 
11 9 967 6782 7748 6804 0 586 71 112 
11 9 967 6782 7748 6805 0 582 71 117 
11 9 967 6782 7748 6806 0 582 71 117 
11 9 967 6782 7748 6807 0 582 75 117 
11 9 967 6782 7748 6808 0 582 75 117 
11 9 967 6782 7748 6809 0 580 75 120 
11 9 967 6782 7748 6810 2 580 74 115 
11 9 967 6782 7748 6811 2 580 74 115 
11 9 967 6782 7748 6812 2 580 74 115 
11 9 967 6782 7748 6813 1 580 80 115 
11 9 967 6782 7748 6814 5 577 74 120 
11 9 967 6782 7748 6815 5 577 74 120 
11 9 967 6782 7748 6816 4 577 80 120 
11 9 967 6782 7748 6817 7 577 76 115 
11 9 967 6782 7748 6818 7 574 76 120 
11 9 967 6782 7748 6819 6 574 80 120 
11 9 967 6782 7748 6820 10 574 74 120 
11 9 967 6782 7748 6821 10 574 74 120 
11 9 967 6782 7748 6822 9 574 80 120 
11 9 967 6782 7748 6823 9 571 80 123 
11 9 967 6782 7748 6824 13 572 74 120 
11 9 967 6782 7748 6825 12 572 80 120 
11 9 967 6782 7748 6826 12 572 80 120 
11 9 967 6782 7748 6827 15 568 76 124 
11 9 967 6782 7748 6828 14 568 80 124 
11 9 967 6782 7748 6829 14 568 80 124 
11 9 967 6782 7748 6830 14 568 80 124 
11 9 967 6782 7748 6831 17 569 80 120 
11 9 967 6782 7748 6832 17 565 80 124 
11 9 967 6782 7748 6833 17 565 80 124 
11 9 967 6782 7748 6834 20 565 80 124 
11 9 967 6782 7748 6835 20 565 80 124 
11 9 967 6782 7748 6836 20 562 80 127 
11 9 967 6782 7748 6837 19 562 84 127 
11 9 967 6782 7748 6838 22 563 80 123 
11 9 967 6782 7748 6839 22 563 80 123 
11 9 967 6782 7748 6840 20 563 86 123 
11 9 967 6782 7748 6841 25 559 80 127 
11 9 967 6782 7748 6842 25 559 80 127 
11 9 967 6782 7748 6843 23 559 86 127 
11 9 967 6782 7748 6844 23 559 86 127 
11 9 967 6782 7748 6845 28 556 80 129 
11 9 967 6782 7748 6846 27 556 84 129 
11 9 967 6782 7748 6847 27 556 84 129 
11 9 967 6782 7748 6848 30 556 80 129 
11 9 967 6782 7748 6849 28 556 86 129 
11 9 967 6782 7748 6850 28 554 86 132 
11 9 967 6782 7748 6851 28 554 86 132 
11 9 967 6782 7748 6852 31 554 86 127 
11 9 967 6782 7748 6853 31 554 86 127 
11 9 967 6782 7748 6854 31 551 86 132 
11 9 967 6782 7748 6855 35 551 84 132 
11 9 967 6782 7748 6856 35 551 84 132 
11 9 967 6782 7748 6857 35 551 84 132 
11 9 967 6782 7748 6858 36 551 86 132 
11 9 967 6782 7748 6859 36 548 86 132 
11 9 967 6782 7748 6860 36 548 86 132 
11 9 967 6782 7748 6861 36 548 86 132 
11 9 967 6782 7748 6862 39 548 86 132 
11 9 967 6782 7748 6863 39 548 86 132 
11 9 967 6782 7748 6864 39 548 86 132 
11 9 967 6782 7748 6865 43 548 84 129 
11 9 967 6782 7748 6866 43 548 84 129 
11 9 967 6782 7748 6867 43 548 84 129 
11 9 967 6782 7748 6868 43 548 84 129 
11 9 967 6782 7748 6869 44 546 86 132 
11 9 967 6782 7748 6870 44 546 86 132 
11 9 967 6782 7748 6871 44 546 86 127 
11 9 967 6782 7748 6872 47 546 86 127 
11 9 967 6782 7748 6873 47 546 86 127 
11 9 967 6782 7748 6874 47 546 86 127 
11 9 967 6782 7748 6875 47 546 86 127 
11 9 967 6782 7748 6876 51 546 84 127 
11 9 967 6782 7748 6877 51 547 84 123 
11 9 967 6782 7748 6878 51 547 84 123 
11 9 967 6782 7748 6879 52 547 86 123 
11 9 967 6782 7748 6880 52 543 86 127 
11 9 967 6782 7748 6881 52 543 86 127 
11 9 967 6782 7748 6882 52 543 86 127 
11 9 967 6782 7748 6883 55 544 86 124 
11 9 967 6782 7748 6884 55 544 86 124 
11 9 967 6782 7748 6885 55 544 86 124 
11 9 967 6782 7748 6886 59 544 84 124 
11 9 967 6782 7748 6887 59 544 84 124 
11 9 967 6782 7748 6888 59 544 84 124 
11 9 967 6782 7748 6889 59 545 84 120 
11 9 967 6782 7748 6890 60 541 86 124 
11 9 967 6782 7748 6891 60 541 86 124 
11 9 967 6782 7748 6892 60 541 86 124 
11 9 967 6782 7748 6893 63 541 86 124 
11 9 967 6782 7748 6894 63 541 86 124 
11 9 967 6782 7748 6895 63 542 86 120 
11 9 967 6782 7748 6896 63 542 86 120 
11 9 967 6782 7748 6897 67 542 84 120 
11 9 967 6782 7748 6898 67 542 84 120 
11 9 967 6782 7748 6899 67 542 84 120 
11 9 967 6782 7748 6900 68 542 86 120 
11 9 967 6782 7748 6901 68 540 86 120 
11 9 967 6782 7748 6902 68 540 86 120 
11 9 967 6782 7748 6903 67 540 92 120 
11 9 967 6782 7748 6904 71 540 86 120 
11 9 967 6782 7748 6905 70 540 90 120 
11 9 967 6782 7748 6906 70 537 90 120 
11 9 967 6782 7748 6907 75 537 84 120 
11 9 967 6782 7748 6908 73 537 90 120 
11 9 967 6782 7748 6909 73 537 90 120 
11 9 967 6782 7748 6910 75 537 92 120 
11 9 967 6782 7748 6911 75 534 92 120 
11 9 967 6782 7748 6912 75 534 92 120 
11 9 967 6782 7748 6913 75 534 92 120 
11 9 967 6782 7748 6914 78 534 90 120 
11 9 967 6782 7748 6915 78 534 90 120 
11 9 967 6782 7748 6916 78 532 90 120 
11 9 967 6782 7748 6917 81 532 90 120 
11 9 967 6782 7748 6918 81 532 90 120 
11 9 967 6782 7748 6919 81 532 90 120 
11 9 967 6782 7748 6920 83 532 92 120 
11 9 967 6782 7748 6921 83 532 92 120 
11 9 967 6782 7748 6922 83 532 92 120 
11 9 967 6782 7748 6923 83 532 92 120 
11 9 967 6782 7748 6924 83 532 92 120 
11 9 967 6782 7748 6925 83 532 92 120 
11 9 967 6782 7748 6926 83 532 92 120 
11 9 967 6782 7748 6927 83 532 92 120 
11 9 967 6782 7748 6928 83 532 92 120 
11 9 967 6782 7748 6929 83 532 92 120 
11 9 967 6782 7748 6930 86 532 90 120 
11 9 967 6782 7748 6931 86 529 90 120 
11 9 967 6782 7748 6932 86 529 90 120 
11 9 967 6782 7748 6933 86 529 90 120 
11 9 967 6782 7748 6934 89 529 90 120 
11 9 967 6782 7748 6935 89 529 90 120 
11 9 967 6782 7748 6936 89 529 90 120 
11 9 967 6782 7748 6937 91 529 92 120 
11 9 967 6782 7748 6938 91 529 92 120 
11 9 967 6782 7748 6939 91 529 92 120 
11 9 967 6782 7748 6940 94 529 90 120 
11 9 967 6782 7748 6941 94 526 90 120 
11 9 967 6782 7748 6942 94 526 90 120 
11 9 967 6782 7748 6943 94 526 90 120 
11 9 967 6782 7748 6944 97 526 90 120 
11 9 967 6782 7748 6945 97 526 90 120 
11 9 967 6782 7748 6946 97 524 90 120 
11 9 967 6782 7748 6947 99 524 92 120 
11 9 967 6782 7748 6948 99 524 92 120 
11 9 967 6782 7748 6949 99 524 92 120 
11 9 967 6782 7748 6950 102 524 90 120 
11 9 967 6782 7748 6951 102 521 90 120 
11 9 967 6782 7748 6952 102 521 90 120 
11 9 967 6782 7748 6953 102 521 90 120 
11 9 967 6782 7748 6954 105 521 90 120 
11 9 967 6782 7748 6955 105 521 90 120 
11 9 967 6782 7748 6956 105 518 90 120 
11 9 967 6782 7748 6957 107 518 92 120 
11 9 967 6782 7748 6958 107 518 92 120 
11 9 967 6782 7748 6959 107 518 92 120 
11 9 967 6782 7748 6960 110 518 90 120 
11 9 967 6782 7748 6961 110 516 90 120 
11 9 967 6782 7748 6962 110 516 90 120 
11 9 967 6782 7748 6963 110 516 90 120 
11 9 967 6782 7748 6964 113 516 90 120 
11 9 967 6782 7748 6965 113 516 90 120 
11 9 967 6782 7748 6966 113 516 90 120 
11 9 967 6782 7748 6967 115 516 92 120 
11 9 967 6782 7748 6968 115 516 92 120 
11 9 967 6782 7748 6969 115 516 92 120 
11 9 967 6782 7748 6970 118 516 90 120 
11 9 967 6782 7748 6971 118 513 90 120 
11 9 967 6782 7748 6972 118 513 90 120 
11 9 967 6782 7748 6973 118 513 90 120 
11 9 967 6782 7748 6974 121 513 90 120 
11 9 967 6782 7748 6975 121 513 90 120 
11 9 967 6782 7748 6976 121 513 90 120 
11 9 967 6782 7748 6977 123 513 92 120 
11 9 967 6782 7748 6978 123 513 92 120 
11 9 967 6782 7748 6979 123 513 92 120 
11 9 967 6782 7748 6980 126 513 90 120 
11 9 967 6782 7748 6981 126 510 90 120 
11 9 967 6782 7748 6982 126 510 90 120 
11 9 967 6782 7748 6983 129 510 90 120 
11 9 967 6782 7748 6984 129 510 90 120 
11 9 967 6782 7748 6985 129 510 90 120 
11 9 967 6782 7748 6986 131 510 92 120 
11 9 967 6782 7748 6987 131 508 92 120 
11 9 967 6782 7748 6988 131 508 92 120 
11 9 967 6782 7748 6989 134 508 90 120 
11 9 967 6782 7748 6990 134 508 90 120 
11 9 967 6782 7748 6991 134 508 90 120 
11 9 967 6782 7748 6992 137 508 90 120 
11 9 967 6782 7748 6993 137 508 90 120 
11 9 967 6782 7748 6994 137 505 90 120 
11 9 967 6782 7748 6995 139 505 92 120 
11 9 967 6782 7748 6996 139 505 92 120 
11 9 967 6782 7748 6997 139 505 92 120 
11 9 967 6782 7748 6998 142 505 90 120 
11 9 967 6782 7748 6999 142 505 90 120 
11 9 967 6782 7748 7000 145 505 90 120 
11 9 967 6782 7748 7001 145 502 90 120 
11 9 967 6782 7748 7002 145 502 90 120 
11 9 967 6782 7748 7003 145 502 90 120 
11 9 967 6782 7748 7004 147 502 92 120 
11 9 967 6782 7748 7005 147 502 92 120 
11 9 967 6782 7748 7006 147 502 92 120 
11 9 967 6782 7748 7007 150 502 90 117 
11 9 967 6782 7748 7008 150 502 90 117 
11 9 967 6782 7748 7009 150 502 90 117 
11 9 967 6782 7748 7010 153 502 90 117 
11 9 967 6782 7748 7011 153 502 90 117 
11 9 967 6782 7748 7012 153 502 90 117 
11 9 967 6782 7748 7013 153 502 90 117 
11 9 967 6782 7748 7014 155 503 92 112 
11 9 967 6782 7748 7015 155 503 92 112 
11 9 967 6782 7748 7016 155 503 92 112 
11 9 967 6782 7748 7017 158 500 90 115 
11 9 967 6782 7748 7018 158 500 90 115 
11 9 967 6782 7748 7019 158 500 90 115 
11 9 967 6782 7748 7020 161 501 90 111 
11 9 967 6782 7748 7021 161 501 90 111 
11 9 967 6782 7748 7022 161 501 90 111 
11 9 967 6782 7748 7023 161 501 90 111 
11 9 967 6782 7748 7024 163 501 92 111 
11 9 967 6782 7748 7025 163 501 92 111 
11 9 967 6782 7748 7026 163 501 92 111 
11 9 967 6782 7748 7027 166 502 90 108 
11 9 967 6782 7748 7028 166 502 90 108 
11 9 967 6782 7748 7029 166 502 90 108 
11 9 967 6782 7748 7030 169 502 90 108 
11 9 967 6782 7748 7031 169 502 90 108 
11 9 967 6782 7748 7032 169 502 90 108 
11 9 967 6782 7748 7033 171 502 92 108 
11 9 967 6782 7748 7034 171 499 92 108 
11 9 967 6782 7748 7035 171 499 92 108 
11 9 967 6782 7748 7036 171 499 92 108 
11 9 967 6782 7748 7037 171 499 92 108 
11 9 967 6782 7748 7038 171 499 92 108 
11 9 967 6782 7748 7039 171 499 92 108 
11 9 967 6782 7748 7040 171 496 92 108 
11 9 967 6782 7748 7041 174 496 90 108 
11 9 967 6782 7748 7042 174 496 90 108 
11 9 967 6782 7748 7043 174 496 90 108 
11 9 967 6782 7748 7044 174 496 90 108 
11 9 967 6782 7748 7045 174 496 90 108 
11 9 967 6782 7748 7046 174 494 90 108 
11 9 967 6782 7748 7047 174 494 90 108 
11 9 967 6782 7748 7048 177 494 90 108 
11 9 967 6782 7748 7049 177 494 90 108 
11 9 967 6782 7748 7050 177 494 90 108 
11 9 967 6782 7748 7051 177 494 90 108 
11 9 967 6782 7748 7052 177 491 90 108 
11 9 967 6782 7748 7053 177 491 90 108 
11 9 967 6782 7748 7054 177 491 90 108 
11 9 967 6782 7748 7055 177 491 90 108 
11 9 967 6782 7748 7056 179 491 92 108 
11 9 967 6782 7748 7057 179 491 92 108 
11 9 967 6782 7748 7058 179 488 92 108 
11 9 967 6782 7748 7059 179 488 92 108 
11 9 967 6782 7748 7060 179 488 92 108 
11 9 967 6782 7748 7061 179 488 92 108 
11 9 967 6782 7748 7062 179 488 92 108 
11 9 967 6782 7748 7063 182 488 90 108 
11 9 967 6782 7748 7064 182 486 90 108 
11 9 967 6782 7748 7065 182 486 90 108 
11 9 967 6782 7748 7066 182 486 90 108 
11 9 967 6782 7748 7067 182 486 90 108 
11 9 967 6782 7748 7068 182 486 90 108 
11 9 967 6782 7748 7069 182 486 90 108 
11 9 967 6782 7748 7070 182 486 90 108 
11 9 967 6782 7748 7071 182 486 90 108 
11 9 967 6782 7748 7072 182 486 90 108 
11 9 967 6782 7748 7073 182 486 90 108 
11 9 967 6782 7748 7074 182 486 90 108 
11 9 967 6782 7748 7075 182 486 90 108 
11 9 967 6782 7748 7076 182 486 90 108 
11 9 967 6782 7748 7077 182 486 90 108 
11 9 967 6782 7748 7078 182 486 90 108 
11 9 967 6782 7748 7079 182 486 90 108 
11 9 967 6782 7748 7080 182 486 90 108 
11 9 967 6782 7748 7081 182 486 90 108 
11 9 967 6782 7748 7082 182 486 90 108 
11 9 967 6782 7748 7083 182 486 90 108 
11 9 967 6782 7748 7084 182 486 90 108 
11 9 967 6782 7748 7085 182 486 90 108 
11 9 967 6782 7748 7086 182 486 90 108 
11 9 967 6782 7748 7087 182 486 90 108 
11 9 967 6782 7748 7088 182 486 90 108 
11 9 967 6782 7748 7089 182 486 90 108 
11 9 967 6782 7748 7090 182 486 90 108 
11 9 967 6782 7748 7091 182 486 90 108 
11 9 967 6782 7748 7092 182 486 90 108 
11 9 967 6782 7748 7093 185 486 90 108 
11 9 967 6782 7748 7094 182 483 90 108 
11 9 967 6782 7748 7095 182 483 90 108 
11 9 967 6782 7748 7096 182 483 90 108 
11 9 967 6782 7748 7097 182 483 90 108 
11 9 967 6782 7748 7098 182 483 90 108 
11 9 967 6782 7748 7099 182 480 90 108 
11 9 967 6782 7748 7100 182 480 90 108 
11 9 967 6782 7748 7101 182 480 90 108 
11 9 967 6782 7748 7102 182 480 90 108 
11 9 967 6782 7748 7103 182 480 90 108 
11 9 967 6782 7748 7104 182 478 90 108 
11 9 967 6782 7748 7105 182 478 90 108 
11 9 967 6782 7748 7106 182 478 90 108 
11 9 967 6782 7748 7107 182 478 90 108 
11 9 967 6782 7748 7108 182 478 90 108 
11 9 967 6782 7748 7109 182 475 90 108 
11 9 967 6782 7748 7110 182 475 90 108 
11 9 967 6782 7748 7111 182 475 90 108 
11 9 967 6782 7748 7112 182 475 90 108 
11 9 967 6782 7748 7113 182 475 90 108 
11 9 967 6782 7748 7114 182 472 90 108 
11 9 967 6782 7748 7115 182 472 90 108 
11 9 967 6782 7748 7116 182 472 90 108 
11 9 967 6782 7748 7117 182 472 90 108 
11 9 967 6782 7748 7118 182 472 90 108 
11 9 967 6782 7748 7119 182 470 90 108 
11 9 967 6782 7748 7120 182 470 90 108 
11 9 967 6782 7748 7121 182 470 90 108 
11 9 967 6782 7748 7122 182 470 90 108 
11 9 967 6782 7748 7123 182 470 90 108 
11 9 967 6782 7748 7124 182 467 90 108 
11 9 967 6782 7748 7125 182 467 90 108 
11 9 967 6782 7748 7126 182 467 90 108 
11 9 967 6782 7748 7127 182 467 90 108 
11 9 967 6782 7748 7128 182 467 90 108 
11 9 967 6782 7748 7129 182 467 90 108 
11 9 967 6782 7748 7130 182 467 90 108 
11 9 967 6782 7748 7131 182 467 90 108 
11 9 967 6782 7748 7132 182 467 90 108 
11 9 967 6782 7748 7133 182 467 90 108 
11 9 967 6782 7748 7134 182 467 90 108 
11 9 967 6782 7748 7135 182 467 90 108 
11 9 967 6782 7748 7136 182 467 90 108 
11 9 967 6782 7748 7137 182 467 90 108 
11 9 967 6782 7748 7138 182 467 90 108 
11 9 967 6782 7748 7139 182 464 90 108 
11 9 967 6782 7748 7140 182 464 90 108 
11 9 967 6782 7748 7141 182 464 90 108 
11 9 967 6782 7748 7142 182 464 90 108 
11 9 967 6782 7748 7143 182 464 90 108 
11 9 967 6782 7748 7144 182 464 90 108 
11 9 967 6782 7748 7145 182 464 90 108 
11 9 967 6782 7748 7146 182 464 90 108 
11 9 967 6782 7748 7147 182 464 90 108 
11 9 967 6782 7748 7148 182 464 90 108 
11 9 967 6782 7748 7149 182 464 90 108 
11 9 967 6782 7748 7150 182 464 90 108 
11 9 967 6782 7748 7151 182 464 90 108 
11 9 967 6782 7748 7152 182 464 90 108 
11 9 967 6782 7748 7153 182 464 90 108 
11 9 967 6782 7748 7154 182 462 90 108 
11 9 967 6782 7748 7155 182 462 90 108 
11 9 967 6782 7748 7156 182 462 90 108 
11 9 967 6782 7748 7157 182 462 90 108 
11 9 967 6782 7748 7158 182 462 90 108 
11 9 967 6782 7748 7159 182 462 90 108 
11 9 967 6782 7748 7160 182 462 90 108 
11 9 967 6782 7748 7161 182 462 90 108 
11 9 967 6782 7748 7162 182 462 90 108 
11 9 967 6782 7748 7163 182 462 90 108 
11 9 967 6782 7748 7164 182 462 90 108 
11 9 967 6782 7748 7165 182 462 90 108 
11 9 967 6782 7748 7166 182 462 90 108 
11 9 967 6782 7748 7167 182 462 90 108 
11 9 967 6782 7748 7168 182 462 90 108 
11 9 967 6782 7748 7169 182 459 90 108 
11 9 967 6782 7748 7170 182 459 90 108 
11 9 967 6782 7748 7171 182 459 90 108 
11 9 967 6782 7748 7172 182 459 90 108 
11 9 967 6782 7748 7173 182 459 90 108 
11 9 967 6782 7748 7174 182 459 90 108 
11 9 967 6782 7748 7175 182 459 90 108 
11 9 967 6782 7748 7176 182 459 90 108 
11 9 967 6782 7748 7177 182 459 90 108 
11 9 967 6782 7748 7178 182 459 90 108 
11 9 967 6782 7748 7179 182 459 90 108 
11 9 967 6782 7748 7180 182 459 90 108 
11 9 967 6782 7748 7181 182 459 90 108 
11 9 967 6782 7748 7182 182 459 90 108 
11 9 967 6782 7748 7183 182 459 90 108 
11 9 967 6782 7748 7184 179 456 92 108 
11 9 967 6782 7748 7185 179 456 92 108 
11 9 967 6782 7748 7186 179 456 92 108 
11 9 967 6782 7748 7187 179 456 92 108 
11 9 967 6782 7748 7188 179 456 92 108 
11 9 967 6782 7748 7189 179 456 92 108 
11 9 967 6782 7748 7190 179 456 92 108 
11 9 967 6782 7748 7191 179 456 92 108 
11 9 967 6782 7748 7192 177 454 90 108 
11 9 967 6782 7748 7193 177 454 90 108 
11 9 967 6782 7748 7194 177 454 90 108 
11 9 967 6782 7748 7195 177 454 90 108 
11 9 967 6782 7748 7196 177 454 90 108 
11 9 967 6782 7748 7197 177 454 90 108 
11 9 967 6782 7748 7198 177 454 90 108 
11 9 967 6782 7748 7199 177 454 90 108 
11 9 967 6782 7748 7200 177 454 90 108 
11 9 967 6782 7748 7201 174 451 90 108 
11 9 967 6782 7748 7202 174 451 90 108 
11 9 967 6782 7748 7203 174 451 90 108 
11 9 967 6782 7748 7204 174 451 90 108 
11 9 967 6782 7748 7205 174 451 90 108 
11 9 967 6782 7748 7206 174 451 90 108 
11 9 967 6782 7748 7207 174 451 90 108 
11 9 967 6782 7748 7208 174 451 90 108 
11 9 967 6782 7748 7209 174 451 90 108 
11 9 967 6782 7748 7210 174 451 90 108 
11 9 967 6782 7748 7211 174 451 90 108 
11 9 967 6782 7748 7212 174 451 90 103 
11 9 967 6782 7748 7213 174 451 90 103 
11 9 967 6782 7748 7214 174 448 90 108 
11 9 967 6782 7748 7215 174 448 90 108 
11 9 967 6782 7748 7216 174 448 90 108 
11 9 967 6782 7748 7217 174 448 90 108 
11 9 967 6782 7748 7218 174 448 90 108 
11 9 967 6782 7748 7219 174 448 90 108 
11 9 967 6782 7748 7220 174 448 90 108 
11 9 967 6782 7748 7221 174 448 90 108 
11 9 967 6782 7748 7222 174 448 90 108 
11 9 967 6782 7748 7223 174 448 90 108 
11 9 967 6782 7748 7224 174 448 90 105 
11 9 967 6782 7748 7225 174 448 90 105 
11 9 967 6782 7748 7226 174 448 90 105 
11 9 967 6782 7748 7227 174 446 90 108 
11 9 967 6782 7748 7228 174 446 90 108 
11 9 967 6782 7748 7229 174 446 90 108 
11 9 967 6782 7748 7230 174 446 90 108 
11 9 967 6782 7748 7231 174 446 90 108 
11 9 967 6782 7748 7232 174 446 90 108 
11 9 967 6782 7748 7233 174 446 90 108 
11 9 967 6782 7748 7234 174 446 90 108 
11 9 967 6782 7748 7235 174 446 90 108 
11 9 967 6782 7748 7236 174 446 90 103 
11 9 967 6782 7748 7237 174 446 90 103 
11 9 967 6782 7748 7238 174 446 90 103 
11 9 967 6782 7748 7239 174 446 90 103 
11 9 967 6782 7748 7240 174 443 90 108 
11 9 967 6782 7748 7241 174 443 90 108 
11 9 967 6782 7748 7242 174 443 90 108 
11 9 967 6782 7748 7243 174 443 90 108 
11 9 967 6782 7748 7244 174 443 90 108 
11 9 967 6782 7748 7245 174 443 90 108 
11 9 967 6782 7748 7246 174 443 90 108 
11 9 967 6782 7748 7247 174 443 90 108 
11 9 967 6782 7748 7248 174 443 90 103 
11 9 967 6782 7748 7249 174 443 90 103 
11 9 967 6782 7748 7250 174 443 90 103 
11 9 967 6782 7748 7251 174 443 90 103 
11 9 967 6782 7748 7252 174 443 90 103 
11 9 967 6782 7748 7253 174 440 90 108 
11 9 967 6782 7748 7254 174 440 90 108 
11 9 967 6782 7748 7255 174 440 90 108 
11 9 967 6782 7748 7256 174 440 90 108 
11 9 967 6782 7748 7257 174 440 90 108 
11 9 967 6782 7748 7258 174 440 90 108 
11 9 967 6782 7748 7259 174 440 90 108 
11 9 967 6782 7748 7260 171 440 92 105 
11 9 967 6782 7748 7261 171 440 92 105 
11 9 967 6782 7748 7262 171 440 92 105 
11 9 967 6782 7748 7263 171 440 92 105 
11 9 967 6782 7748 7264 171 440 92 105 
11 9 967 6782 7748 7265 171 440 92 105 
11 9 967 6782 7748 7266 171 440 92 105 
11 9 967 6782 7748 7267 171 438 92 108 
11 9 967 6782 7748 7268 171 438 92 108 
11 9 967 6782 7748 7269 171 438 92 108 
11 9 967 6782 7748 7270 171 438 92 108 
11 9 967 6782 7748 7271 171 438 92 108 
11 9 967 6782 7748 7272 171 438 92 103 
11 9 967 6782 7748 7273 171 438 92 103 
11 9 967 6782 7748 7274 171 438 92 103 
11 9 967 6782 7748 7275 171 438 92 103 
11 9 967 6782 7748 7276 171 438 92 103 
11 9 967 6782 7748 7277 171 438 92 103 
11 9 967 6782 7748 7278 171 438 92 103 
11 9 967 6782 7748 7279 171 438 92 103 
11 9 967 6782 7748 7280 171 435 92 108 
11 9 967 6782 7748 7281 171 435 92 108 
11 9 967 6782 7748 7282 171 435 92 108 
11 9 967 6782 7748 7283 171 435 92 108 
11 9 967 6782 7748 7284 171 435 92 103 
11 9 967 6782 7748 7285 171 435 92 103 
11 9 967 6782 7748 7286 171 435 92 103 
11 9 967 6782 7748 7287 171 435 92 103 
11 9 967 6782 7748 7288 171 435 92 103 
11 9 967 6782 7748 7289 171 435 92 103 
11 9 967 6782 7748 7290 171 435 92 103 
11 9 967 6782 7748 7291 171 435 92 103 
11 9 967 6782 7748 7292 171 435 92 103 
11 9 967 6782 7748 7293 171 432 92 108 
11 9 967 6782 7748 7294 171 432 92 108 
11 9 967 6782 7748 7295 171 432 92 108 
11 9 967 6782 7748 7296 171 432 92 105 
11 9 967 6782 7748 7297 171 432 92 105 
11 9 967 6782 7748 7298 171 432 92 105 
11 9 967 6782 7748 7299 171 432 92 105 
11 9 967 6782 7748 7300 171 432 92 105 
11 9 967 6782 7748 7301 171 432 92 105 
11 9 967 6782 7748 7302 171 432 92 105 
11 9 967 6782 7748 7303 171 432 92 105 
11 9 967 6782 7748 7304 171 432 92 105 
11 9 967 6782 7748 7305 171 432 92 105 
11 9 967 6782 7748 7306 171 430 92 108 
11 9 967 6782 7748 7307 171 430 92 108 
11 9 967 6782 7748 7308 171 430 92 103 
11 9 967 6782 7748 7309 171 430 92 103 
11 9 967 6782 7748 7310 171 430 92 103 
11 9 967 6782 7748 7311 171 430 92 103 
11 9 967 6782 7748 7312 171 430 92 103 
11 9 967 6782 7748 7313 171 430 92 103 
11 9 967 6782 7748 7314 171 430 92 103 
11 9 967 6782 7748 7315 171 430 92 103 
11 9 967 6782 7748 7316 171 430 92 103 
11 9 967 6782 7748 7317 171 430 92 103 
11 9 967 6782 7748 7318 171 430 92 103 
11 9 967 6782 7748 7319 171 430 92 103 
11 9 967 6782 7748 7320 172 427 86 103 
11 9 967 6782 7748 7321 172 427 86 103 
11 9 967 6782 7748 7322 172 427 86 103 
11 9 967 6782 7748 7323 172 427 86 103 
11 9 967 6782 7748 7324 172 427 86 103 
11 9 967 6782 7748 7325 174 427 80 103 
11 9 967 6782 7748 7326 174 427 80 103 
11 9 967 6782 7748 7327 174 428 80 100 
11 9 967 6782 7748 7328 174 428 80 100 
11 9 967 6782 7748 7329 174 428 80 100 
11 9 967 6782 7748 7330 175 424 76 105 
11 9 967 6782 7748 7331 175 424 76 105 
11 9 967 6782 7748 7332 175 424 76 105 
11 9 967 6782 7748 7333 175 424 76 105 
11 9 967 6782 7748 7334 175 425 76 100 
11 9 967 6782 7748 7335 176 425 70 100 
11 9 967 6782 7748 7336 176 425 70 100 
11 9 967 6782 7748 7337 176 425 70 100 
11 9 967 6782 7748 7338 176 425 70 100 
11 9 967 6782 7748 7339 176 425 70 100 
11 9 967 6782 7748 7340 176 425 70 100 
11 9 967 6782 7748 7341 175 423 68 99 
11 9 967 6782 7748 7342 175 423 68 99 
11 9 967 6782 7748 7343 175 423 68 99 
11 9 967 6782 7748 7344 175 423 68 99 
11 9 967 6782 7748 7345 175 423 68 99 
11 9 967 6782 7748 7346 175 423 68 99 
11 9 967 6782 7748 7347 170 423 74 99 
11 9 967 6782 7748 7348 171 423 70 99 
11 9 967 6782 7748 7349 171 423 70 99 
11 9 967 6782 7748 7350 171 423 70 99 
11 9 967 6782 7748 7351 171 423 70 99 
11 9 967 6782 7748 7352 171 423 70 99 
11 9 967 6782 7748 7353 171 424 70 96 
11 9 967 6782 7748 7354 167 424 76 96 
11 9 967 6782 7748 7355 167 424 76 96 
11 9 967 6782 7748 7356 168 424 70 96 
11 9 967 6782 7748 7357 168 424 70 96 
11 9 967 6782 7748 7358 168 424 70 96 
11 9 967 6782 7748 7359 168 420 70 100 
11 9 967 6782 7748 7360 168 420 70 100 
11 9 967 6782 7748 7361 165 420 74 100 
11 9 967 6782 7748 7362 165 420 74 100 
11 9 967 6782 7748 7363 167 420 68 100 
11 9 967 6782 7748 7364 167 420 68 100 
11 9 967 6782 7748 7365 167 420 68 100 
11 9 967 6782 7748 7366 167 421 68 96 
11 9 967 6782 7748 7367 167 421 68 96 
11 9 967 6782 7748 7368 162 421 74 96 
11 9 967 6782 7748 7369 162 421 74 96 
11 9 967 6782 7748 7370 162 421 74 96 
11 9 967 6782 7748 7371 163 421 70 96 
11 9 967 6782 7748 7372 163 421 70 96 
11 9 967 6782 7748 7373 163 421 70 96 
11 9 967 6782 7748 7374 163 421 70 96 
11 9 967 6782 7748 7375 159 421 76 96 
11 9 967 6782 7748 7376 159 421 76 96 
11 9 967 6782 7748 7377 159 417 76 100 
11 9 967 6782 7748 7378 160 417 70 100 
11 9 967 6782 7748 7379 160 418 70 96 
11 9 967 6782 7748 7380 160 418 70 96 
11 9 967 6782 7748 7381 160 418 70 96 
11 9 967 6782 7748 7382 157 418 74 96 
11 9 967 6782 7748 7383 157 418 74 96 
11 9 967 6782 7748 7384 157 418 74 96 
11 9 967 6782 7748 7385 157 418 74 96 
11 9 967 6782 7748 7386 159 418 68 96 
11 9 967 6782 7748 7387 159 418 68 96 
11 9 967 6782 7748 7388 159 418 68 96 
11 9 967 6782 7748 7389 154 418 74 96 
11 9 967 6782 7748 7390 154 418 74 96 
11 9 967 6782 7748 7391 154 418 74 96 
11 9 967 6782 7748 7392 154 418 74 93 
11 9 967 6782 7748 7393 155 418 70 93 
11 9 967 6782 7748 7394 155 418 70 93 
11 9 967 6782 7748 7395 155 416 70 96 
11 9 967 6782 7748 7396 151 416 76 96 
11 9 967 6782 7748 7397 151 416 76 96 
11 9 967 6782 7748 7398 151 416 76 96 
11 9 967 6782 7748 7399 151 416 76 96 
11 9 967 6782 7748 7400 151 416 76 96 
11 9 967 6782 7748 7401 152 416 70 96 
11 9 967 6782 7748 7402 152 416 70 96 
11 9 967 6782 7748 7403 149 416 74 96 
11 9 967 6782 7748 7404 149 416 74 96 
11 9 967 6782 7748 7405 149 416 74 91 
11 9 967 6782 7748 7406 149 416 74 91 
11 9 967 6782 7748 7407 149 416 74 91 
11 9 967 6782 7748 7408 151 416 68 91 
11 9 967 6782 7748 7409 151 416 68 91 
11 9 967 6782 7748 7410 146 416 74 91 
11 9 967 6782 7748 7411 146 416 74 91 
11 9 967 6782 7748 7412 146 416 74 91 
11 9 967 6782 7748 7413 146 413 74 96 
11 9 967 6782 7748 7414 146 413 74 96 
11 9 967 6782 7748 7415 146 413 74 96 
11 9 967 6782 7748 7416 147 413 70 96 
11 9 967 6782 7748 7417 143 413 76 96 
11 9 967 6782 7748 7418 143 413 76 91 
11 9 967 6782 7748 7419 143 413 76 91 
11 9 967 6782 7748 7420 143 413 76 91 
11 9 967 6782 7748 7421 143 413 76 91 
11 9 967 6782 7748 7422 143 413 76 91 
11 9 967 6782 7748 7423 144 413 70 91 
11 9 967 6782 7748 7424 141 413 74 91 
11 9 967 6782 7748 7425 141 413 74 91 
11 9 967 6782 7748 7426 141 413 74 91 
11 9 967 6782 7748 7427 141 413 74 91 
11 9 967 6782 7748 7428 141 413 74 91 
11 9 967 6782 7748 7429 141 413 74 91 
11 9 967 6782 7748 7430 141 413 74 91 
11 9 967 6782 7748 7431 138 410 74 93 
11 9 967 6782 7748 7432 138 410 74 93 
11 9 967 6782 7748 7433 138 410 74 93 
11 9 967 6782 7748 7434 138 410 74 93 
11 9 967 6782 7748 7435 135 410 76 93 
11 9 967 6782 7748 7436 135 410 76 93 
11 9 967 6782 7748 7437 135 410 76 93 
11 9 967 6782 7748 7438 135 410 76 93 
11 9 967 6782 7748 7439 135 410 76 93 
11 9 967 6782 7748 7440 133 410 74 93 
11 9 967 6782 7748 7441 133 410 74 93 
11 9 967 6782 7748 7442 133 408 74 91 
11 9 967 6782 7748 7443 133 408 74 91 
11 9 967 6782 7748 7444 133 408 74 91 
11 9 967 6782 7748 7445 130 408 74 91 
11 9 967 6782 7748 7446 130 408 74 91 
11 9 967 6782 7748 7447 130 408 74 91 
11 9 967 6782 7748 7448 130 408 74 91 
11 9 967 6782 7748 7449 127 408 76 91 
11 9 967 6782 7748 7450 127 408 76 91 
11 9 967 6782 7748 7451 127 408 76 91 
11 9 967 6782 7748 7452 127 408 76 91 
11 9 967 6782 7748 7453 127 408 76 91 
11 9 967 6782 7748 7454 125 405 74 91 
11 9 967 6782 7748 7455 125 405 74 91 
11 9 967 6782 7748 7456 125 405 74 91 
11 9 967 6782 7748 7457 125 405 74 91 
11 9 967 6782 7748 7458 125 405 74 91 
11 9 967 6782 7748 7459 122 405 74 91 
11 9 967 6782 7748 7460 122 405 74 91 
11 9 967 6782 7748 7461 122 405 74 91 
11 9 967 6782 7748 7462 122 405 74 91 
11 9 967 6782 7748 7463 119 405 76 91 
11 9 967 6782 7748 7464 119 405 76 91 
11 9 967 6782 7748 7465 119 405 76 91 
11 9 967 6782 7748 7466 119 402 76 93 
11 9 967 6782 7748 7467 119 402 76 93 
11 9 967 6782 7748 7468 117 402 74 93 
11 9 967 6782 7748 7469 117 402 74 93 
11 9 967 6782 7748 7470 117 402 74 93 
11 9 967 6782 7748 7471 117 402 74 93 
11 9 967 6782 7748 7472 117 402 74 93 
11 9 967 6782 7748 7473 114 402 74 93 
11 9 967 6782 7748 7474 114 402 74 93 
11 9 967 6782 7748 7475 114 402 74 93 
11 9 967 6782 7748 7476 114 402 74 93 
11 9 967 6782 7748 7477 111 400 76 91 
11 9 967 6782 7748 7478 111 400 76 91 
11 9 967 6782 7748 7479 111 400 76 91 
11 9 967 6782 7748 7480 111 400 76 91 
11 9 967 6782 7748 7481 111 400 76 91 
11 9 967 6782 7748 7482 109 400 74 91 
11 9 967 6782 7748 7483 109 400 74 91 
11 9 967 6782 7748 7484 109 400 74 91 
11 9 967 6782 7748 7485 109 400 74 91 
11 9 967 6782 7748 7486 109 400 74 91 
11 9 967 6782 7748 7487 106 400 74 91 
11 9 967 6782 7748 7488 106 400 74 91 
11 9 967 6782 7748 7489 106 397 74 91 
11 9 967 6782 7748 7490 106 397 74 91 
11 9 967 6782 7748 7491 103 397 76 91 
11 9 967 6782 7748 7492 103 397 76 91 
11 9 967 6782 7748 7493 103 397 76 91 
11 9 967 6782 7748 7494 103 397 76 91 
11 9 967 6782 7748 7495 103 397 76 91 
11 9 967 6782 7748 7496 101 397 74 91 
11 9 967 6782 7748 7497 101 397 74 91 
11 9 967 6782 7748 7498 101 397 74 91 
11 9 967 6782 7748 7499 101 397 74 91 
11 9 967 6782 7748 7500 101 397 74 91 
11 9 967 6782 7748 7501 98 398 74 88 
11 9 967 6782 7748 7502 98 398 74 88 
11 9 967 6782 7748 7503 98 398 74 88 
11 9 967 6782 7748 7504 98 398 74 88 
11 9 967 6782 7748 7505 99 398 70 88 
11 9 967 6782 7748 7506 99 398 70 88 
11 9 967 6782 7748 7507 95 398 76 88 
11 9 967 6782 7748 7508 95 398 76 88 
11 9 967 6782 7748 7509 95 398 76 88 
11 9 967 6782 7748 7510 96 398 70 88 
11 9 967 6782 7748 7511 96 398 70 88 
11 9 967 6782 7748 7512 96 398 70 88 
11 9 967 6782 7748 7513 93 398 74 88 
11 9 967 6782 7748 7514 93 398 74 88 
11 9 967 6782 7748 7515 95 399 68 84 
11 9 967 6782 7748 7516 95 399 68 84 
11 9 967 6782 7748 7517 95 399 68 84 
11 9 967 6782 7748 7518 95 399 68 84 
11 9 967 6782 7748 7519 90 399 74 84 
11 9 967 6782 7748 7520 91 399 70 84 
11 9 967 6782 7748 7521 91 399 70 84 
11 9 967 6782 7748 7522 91 402 70 79 
11 9 967 6782 7748 7523 91 402 70 79 
11 9 967 6782 7748 7524 93 402 64 79 
11 9 967 6782 7748 7525 88 402 70 79 
11 9 967 6782 7748 7526 88 402 70 79 
11 9 967 6782 7748 7527 88 402 70 79 
11 9 967 6782 7748 7528 88 402 70 79 
11 9 967 6782 7748 7529 90 403 64 75 
11 9 967 6782 7748 7530 90 403 64 75 
11 9 967 6782 7748 7531 87 403 68 75 
11 9 967 6782 7748 7532 87 403 68 75 
11 9 967 6782 7748 7533 87 403 68 75 
11 9 967 6782 7748 7534 88 403 64 75 
11 9 967 6782 7748 7535 88 403 64 75 
11 9 967 6782 7748 7536 88 403 64 75 
11 9 967 6782 7748 7537 83 403 70 75 
11 9 967 6782 7748 7538 83 403 70 75 
11 9 967 6782 7748 7539 85 403 64 75 
11 9 967 6782 7748 7540 85 403 64 75 
11 9 967 6782 7748 7541 85 403 64 75 
11 9 967 6782 7748 7542 85 403 64 75 
11 9 967 6782 7748 7543 85 406 64 72 
11 9 967 6782 7748 7544 82 404 64 72 
11 9 967 6782 7748 7545 82 404 64 72 
11 9 967 6782 7748 7546 82 404 64 72 
11 9 967 6782 7748 7547 82 404 64 72 
11 9 967 6782 7748 7548 82 404 64 72 
11 9 967 6782 7748 7549 82 404 64 72 
11 9 967 6782 7748 7550 82 404 64 72 
11 9 967 6782 7748 7551 82 404 64 72 
11 9 967 6782 7748 7552 82 404 64 72 
11 9 967 6782 7748 7553 82 404 64 72 
11 9 967 6782 7748 7554 82 404 64 72 
11 9 967 6782 7748 7555 82 404 64 72 
11 9 967 6782 7748 7556 82 404 64 72 
11 9 967 6782 7748 7557 82 404 64 72 
11 9 967 6782 7748 7558 82 404 64 72 
11 9 967 6782 7748 7559 82 404 64 72 
11 9 967 6782 7748 7560 82 404 64 72 
11 9 967 6782 7748 7561 82 404 64 72 
11 9 967 6782 7748 7562 80 401 64 72 
11 9 967 6782 7748 7563 80 401 64 72 
11 9 967 6782 7748 7564 80 401 64 72 
11 9 967 6782 7748 7565 80 401 64 72 
11 9 967 6782 7748 7566 80 401 64 72 
11 9 967 6782 7748 7567 80 401 64 72 
11 9 967 6782 7748 7568 80 401 64 72 
11 9 967 6782 7748 7569 80 401 64 72 
11 9 967 6782 7748 7570 80 401 64 72 
11 9 967 6782 7748 7571 80 401 64 72 
11 9 967 6782 7748 7572 80 401 64 72 
11 9 967 6782 7748 7573 80 401 64 72 
11 9 967 6782 7748 7574 80 401 64 72 
11 9 967 6782 7748 7575 80 401 64 72 
11 9 967 6782 7748 7576 80 401 64 72 
11 9 967 6782 7748 7577 80 401 64 72 
11 9 967 6782 7748 7578 80 401 64 72 
11 9 967 6782 7748 7579 80 401 64 72 
11 9 967 6782 7748 7580 80 401 64 72 
11 9 967 6782 7748 7581 77 398 64 72 
11 9 967 6782 7748 7582 77 398 64 72 
11 9 967 6782 7748 7583 77 398 64 72 
11 9 967 6782 7748 7584 77 398 64 72 
11 9 967 6782 7748 7585 77 398 64 72 
11 9 967 6782 7748 7586 77 398 64 72 
11 9 967 6782 7748 7587 77 398 64 72 
11 9 967 6782 7748 7588 77 398 64 72 
11 9 967 6782 7748 7589 77 398 64 72 
11 9 967 6782 7748 7590 77 398 64 72 
11 9 967 6782 7748 7591 77 398 64 72 
11 9 967 6782 7748 7592 77 398 64 72 
11 9 967 6782 7748 7593 77 398 64 72 
11 9 967 6782 7748 7594 77 398 64 72 
11 9 967 6782 7748 7595 77 398 64 72 
11 9 967 6782 7748 7596 77 398 64 72 
11 9 967 6782 7748 7597 77 398 64 72 
11 9 967 6782 7748 7598 77 398 64 72 
11 9 967 6782 7748 7599 77 398 64 72 
11 9 967 6782 7748 7600 77 396 64 72 
11 9 967 6782 7748 7601 77 396 64 72 
11 9 967 6782 7748 7602 77 396 64 72 
11 9 967 6782 7748 7603 77 396 64 72 
11 9 967 6782 7748 7604 77 396 64 72 
11 9 967 6782 7748 7605 77 396 64 72 
11 9 967 6782 7748 7606 77 396 64 72 
11 9 967 6782 7748 7607 77 396 64 72 
11 9 967 6782 7748 7608 77 396 64 72 
11 9 967 6782 7748 7609 77 396 64 72 
11 9 967 6782 7748 7610 77 396 64 72 
11 9 967 6782 7748 7611 77 396 64 72 
11 9 967 6782 7748 7612 77 396 64 72 
11 9 967 6782 7748 7613 77 396 64 72 
11 9 967 6782 7748 7614 77 396 64 72 
11 9 967 6782 7748 7615 77 396 64 72 
11 9 967 6782 7748 7616 77 396 64 72 
11 9 967 6782 7748 7617 77 396 64 72 
11 9 967 6782 7748 7618 77 396 64 72 
11 9 967 6782 7748 7619 77 396 64 72 
11 9 967 6782 7748 7620 77 396 64 72 
11 9 967 6782 7748 7621 77 396 64 72 
11 9 967 6782 7748 7622 77 396 64 72 
11 9 967 6782 7748 7623 77 396 64 72 
11 9 967 6782 7748 7624 77 396 64 72 
11 9 967 6782 7748 7625 77 396 64 72 
11 9 967 6782 7748 7626 77 396 64 72 
11 9 967 6782 7748 7627 77 396 64 72 
11 9 967 6782 7748 7628 77 396 64 72 
11 9 967 6782 7748 7629 77 396 64 72 
11 9 967 6782 7748 7630 77 396 64 72 
11 9 967 6782 7748 7631 77 396 64 72 
11 9 967 6782 7748 7632 77 396 64 72 
11 9 967 6782 7748 7633 77 396 64 72 
11 9 967 6782 7748 7634 77 396 64 72 
11 9 967 6782 7748 7635 77 396 64 72 
11 9 967 6782 7748 7636 77 396 64 72 
11 9 967 6782 7748 7637 77 396 64 72 
11 9 967 6782 7748 7638 77 396 64 72 
11 9 967 6782 7748 7639 77 396 64 72 
11 9 967 6782 7748 7640 77 396 64 72 
11 9 967 6782 7748 7641 77 396 64 72 
11 9 967 6782 7748 7642 77 396 64 72 
11 9 967 6782 7748 7643 77 396 64 72 
11 9 967 6782 7748 7644 77 396 64 72 
11 9 967 6782 7748 7645 77 396 64 72 
11 9 967 6782 7748 7646 77 396 64 72 
11 9 967 6782 7748 7647 77 396 64 72 
11 9 967 6782 7748 7648 77 396 64 72 
11 9 967 6782 7748 7649 77 396 64 72 
11 9 967 6782 7748 7650 77 396 64 72 
11 9 967 6782 7748 7651 77 396 64 72 
11 9 967 6782 7748 7652 77 396 64 72 
11 9 967 6782 7748 7653 77 396 64 72 
11 9 967 6782 7748 7654 77 396 64 72 
11 9 967 6782 7748 7655 77 396 64 72 
11 9 967 6782 7748 7656 77 396 64 67 
11 9 967 6782 7748 7657 77 396 64 67 
11 9 967 6782 7748 7658 77 396 64 67 
11 9 967 6782 7748 7659 77 396 64 67 
11 9 967 6782 7748 7660 77 396 64 67 
11 9 967 6782 7748 7661 77 396 64 67 
11 9 967 6782 7748 7662 77 396 64 67 
11 9 967 6782 7748 7663 77 396 64 67 
11 9 967 6782 7748 7664 77 396 64 67 
11 9 967 6782 7748 7665 77 396 64 67 
11 9 967 6782 7748 7666 77 396 64 67 
11 9 967 6782 7748 7667 77 396 64 67 
11 9 967 6782 7748 7668 77 396 64 67 
11 9 967 6782 7748 7669 77 396 64 67 
11 9 967 6782 7748 7670 77 396 64 67 
11 9 967 6782 7748 7671 77 396 64 67 
11 9 967 6782 7748 7672 77 396 64 67 
11 9 967 6782 7748 7673 77 396 64 67 
11 9 967 6782 7748 7674 77 396 64 67 
11 9 967 6782 7748 7675 77 396 64 67 
11 9 967 6782 7748 7676 77 396 64 67 
11 9 967 6782 7748 7677 77 396 64 67 
11 9 967 6782 7748 7678 77 396 64 67 
11 9 967 6782 7748 7679 77 396 64 67 
11 9 967 6782 7748 7680 77 396 64 67 
11 9 967 6782 7748 7681 77 396 64 67 
11 9 967 6782 7748 7682 77 396 64 67 
11 9 967 6782 7748 7683 77 396 64 67 
11 9 967 6782 7748 7684 80 396 64 67 
11 9 967 6782 7748 7685 80 393 64 72 
11 9 967 6782 7748 7686 80 393 64 72 
11 9 967 6782 7748 7687 80 393 64 72 
11 9 967 6782 7748 7688 80 393 64 72 
11 9 967 6782 7748 7689 80 393 64 72 
11 9 967 6782 7748 7690 80 393 64 72 
11 9 967 6782 7748 7691 80 393 64 72 
11 9 967 6782 7748 7692 80 393 64 72 
11 9 967 6782 7748 7693 80 393 64 72 
11 9 967 6782 7748 7694 80 393 64 72 
11 9 967 6782 7748 7695 80 393 64 72 
11 9 967 6782 7748 7696 80 393 64 72 
11 9 967 6782 7748 7697 80 393 64 72 
11 9 967 6782 7748 7698 80 393 64 72 
11 9 967 6782 7748 7699 80 393 64 72 
11 9 967 6782 7748 7700 80 393 64 72 
11 9 967 6782 7748 7701 80 393 64 72 
11 9 967 6782 7748 7702 80 393 64 72 
11 9 967 6782 7748 7703 80 393 64 72 
11 9 967 6782 7748 7704 80 393 64 72 
11 9 967 6782 7748 7705 80 393 64 72 
11 9 967 6782 7748 7706 80 393 64 72 
11 9 967 6782 7748 7707 80 393 64 72 
11 9 967 6782 7748 7708 80 393 64 72 
11 9 967 6782 7748 7709 80 393 64 72 
11 9 967 6782 7748 7710 80 393 64 72 
11 9 967 6782 7748 7711 80 393 64 72 
11 9 967 6782 7748 7712 80 393 64 72 
11 9 967 6782 7748 7713 80 393 64 67 
11 9 967 6782 7748 7714 80 393 64 67 
11 9 967 6782 7748 7715 80 393 64 67 
11 9 967 6782 7748 7716 80 393 64 67 
11 9 967 6782 7748 7717 80 393 64 67 
11 9 967 6782 7748 7718 80 393 64 67 
11 9 967 6782 7748 7719 80 393 64 67 
11 9 967 6782 7748 7720 80 393 64 67 
11 9 967 6782 7748 7721 80 393 64 67 
11 9 967 6782 7748 7722 80 393 64 67 
11 9 967 6782 7748 7723 80 393 64 67 
11 9 967 6782 7748 7724 80 393 64 67 
11 9 967 6782 7748 7725 80 393 64 67 
11 9 967 6782 7748 7726 80 393 64 67 
11 9 967 6782 7748 7727 80 393 64 67 
11 9 967 6782 7748 7728 80 393 64 67 
11 9 967 6782 7748 7729 80 393 64 67 
11 9 967 6782 7748 7730 80 393 64 67 
11 9 967 6782 7748 7731 80 393 64 67 
11 9 967 6782 7748 7732 80 393 64 67 
11 9 967 6782 7748 7733 80 393 64 67 
11 9 967 6782 7748 7734 80 393 64 67 
11 9 967 6782 7748 7735 80 393 64 67 
11 9 967 6782 7748 7736 80 393 64 67 
11 9 967 6782 7748 7737 80 393 64 67 
11 9 967 6782 7748 7738 80 393 64 67 
11 9 967 6782 7748 7739 80 393 64 67 
11 9 967 6782 7748 7740 80 393 64 67 
11 9 967 6782 7748 7741 80 393 64 67 
11 9 967 6782 7748 7742 80 393 64 67 
11 9 967 6782 7748 7743 80 393 64 67 
11 9 967 6782 7748 7744 80 393 64 67 
11 9 967 6782 7748 7745 80 393 64 67 
11 9 967 6782 7748 7746 80 393 64 67 
11 9 967 6782 7748 7747 80 393 64 67 
11 9 967 6782 7748 7748 80 393 64 67 
