35 2 109 5912 6020 5912 896 490 119 112 
35 2 109 5912 6020 5913 896 490 119 112 
35 2 109 5912 6020 5914 896 490 119 112 
35 2 109 5912 6020 5915 896 490 119 112 
35 2 109 5912 6020 5916 896 490 119 112 
35 2 109 5912 6020 5917 896 490 119 112 
35 2 109 5912 6020 5918 896 490 119 112 
35 2 109 5912 6020 5919 896 490 119 112 
35 2 109 5912 6020 5920 896 490 119 112 
35 2 109 5912 6020 5921 896 490 119 112 
35 2 109 5912 6020 5922 896 490 119 112 
35 2 109 5912 6020 5923 896 490 119 112 
35 2 109 5912 6020 5924 896 490 119 112 
35 2 109 5912 6020 5925 896 490 119 112 
35 2 109 5912 6020 5926 896 490 119 112 
35 2 109 5912 6020 5927 896 490 119 112 
35 2 109 5912 6020 5928 896 490 119 112 
35 2 109 5912 6020 5929 896 490 119 112 
35 2 109 5912 6020 5930 896 490 119 112 
35 2 109 5912 6020 5931 896 490 119 112 
35 2 109 5912 6020 5932 896 490 119 112 
35 2 109 5912 6020 5933 896 490 119 112 
35 2 109 5912 6020 5934 896 490 119 112 
35 2 109 5912 6020 5935 896 490 119 112 
35 2 109 5912 6020 5936 896 490 119 112 
35 2 109 5912 6020 5937 896 490 119 112 
35 2 109 5912 6020 5938 896 490 119 112 
35 2 109 5912 6020 5939 896 490 119 112 
35 2 109 5912 6020 5940 896 490 119 112 
35 2 109 5912 6020 5941 896 490 119 112 
35 2 109 5912 6020 5942 896 490 119 112 
35 2 109 5912 6020 5943 896 490 119 112 
35 2 109 5912 6020 5944 896 490 119 112 
35 2 109 5912 6020 5945 896 490 119 112 
35 2 109 5912 6020 5946 896 490 119 112 
35 2 109 5912 6020 5947 896 490 119 112 
35 2 109 5912 6020 5948 896 490 119 112 
35 2 109 5912 6020 5949 896 490 119 112 
35 2 109 5912 6020 5950 896 490 119 112 
35 2 109 5912 6020 5951 896 490 119 112 
35 2 109 5912 6020 5952 896 490 119 112 
35 2 109 5912 6020 5953 896 490 119 112 
35 2 109 5912 6020 5954 896 490 119 112 
35 2 109 5912 6020 5955 896 490 119 112 
35 2 109 5912 6020 5956 896 490 119 112 
35 2 109 5912 6020 5957 896 490 119 112 
35 2 109 5912 6020 5958 896 490 119 112 
35 2 109 5912 6020 5959 896 490 119 112 
35 2 109 5912 6020 5960 896 490 119 112 
35 2 109 5912 6020 5961 896 490 119 112 
35 2 109 5912 6020 5962 896 490 119 112 
35 2 109 5912 6020 5963 896 490 119 112 
35 2 109 5912 6020 5964 896 490 119 112 
35 2 109 5912 6020 5965 896 490 119 112 
35 2 109 5912 6020 5966 896 490 119 112 
35 2 109 5912 6020 5967 896 490 119 112 
35 2 109 5912 6020 5968 896 490 119 112 
35 2 109 5912 6020 5969 896 490 119 112 
35 2 109 5912 6020 5970 896 490 119 112 
35 2 109 5912 6020 5971 896 490 119 112 
35 2 109 5912 6020 5972 896 490 119 112 
35 2 109 5912 6020 5973 896 490 119 112 
35 2 109 5912 6020 5974 896 490 119 112 
35 2 109 5912 6020 5975 896 490 119 112 
35 2 109 5912 6020 5976 896 490 119 112 
35 2 109 5912 6020 5977 896 490 119 112 
35 2 109 5912 6020 5978 896 490 119 112 
35 2 109 5912 6020 5979 896 490 119 112 
35 2 109 5912 6020 5980 896 490 119 112 
35 2 109 5912 6020 5981 896 490 119 112 
35 2 109 5912 6020 5982 896 490 119 112 
35 2 109 5912 6020 5983 896 490 119 112 
35 2 109 5912 6020 5984 896 490 119 112 
35 2 109 5912 6020 5985 896 490 119 112 
35 2 109 5912 6020 5986 896 490 119 112 
35 2 109 5912 6020 5987 896 490 119 112 
35 2 109 5912 6020 5988 896 490 119 112 
35 2 109 5912 6020 5989 896 490 119 112 
35 2 109 5912 6020 5990 896 490 119 112 
35 2 109 5912 6020 5991 896 490 119 112 
35 2 109 5912 6020 5992 896 490 119 112 
35 2 109 5912 6020 5993 896 490 119 112 
35 2 109 5912 6020 5994 896 490 119 112 
35 2 109 5912 6020 5995 896 490 119 112 
35 2 109 5912 6020 5996 896 490 119 112 
35 2 109 5912 6020 5997 896 490 119 112 
35 2 109 5912 6020 5998 896 490 119 112 
35 2 109 5912 6020 5999 896 490 119 112 
35 2 109 5912 6020 6000 896 490 119 112 
35 2 109 5912 6020 6001 896 490 119 112 
35 2 109 5912 6020 6002 896 490 119 112 
35 2 109 5912 6020 6003 896 490 119 112 
35 2 109 5912 6020 6004 896 490 119 112 
35 2 109 5912 6020 6005 896 490 119 112 
35 2 109 5912 6020 6006 896 490 119 112 
35 2 109 5912 6020 6007 896 490 119 112 
35 2 109 5912 6020 6008 896 490 119 112 
35 2 109 5912 6020 6009 896 490 119 112 
35 2 109 5912 6020 6010 896 490 119 112 
35 2 109 5912 6020 6011 896 490 119 112 
35 2 109 5912 6020 6012 896 490 119 112 
35 2 109 5912 6020 6013 896 490 119 112 
35 2 109 5912 6020 6014 896 490 119 112 
35 2 109 5912 6020 6015 896 490 119 112 
35 2 109 5912 6020 6016 896 490 119 112 
35 2 109 5912 6020 6017 896 490 119 112 
35 2 109 5912 6020 6018 896 490 119 112 
35 2 109 5912 6020 6019 896 490 119 112 
35 2 109 5912 6020 6020 896 490 119 112 
41 2 137 5901 6037 5901 891 490 124 112 
41 2 137 5901 6037 5902 891 490 124 112 
41 2 137 5901 6037 5903 891 490 124 112 
41 2 137 5901 6037 5904 891 490 124 112 
41 2 137 5901 6037 5905 891 490 124 112 
41 2 137 5901 6037 5906 891 490 124 112 
41 2 137 5901 6037 5907 891 490 124 112 
41 2 137 5901 6037 5908 891 490 124 112 
41 2 137 5901 6037 5909 891 490 124 112 
41 2 137 5901 6037 5910 891 490 124 112 
41 2 137 5901 6037 5911 891 490 124 112 
41 2 137 5901 6037 5912 891 490 124 112 
41 2 137 5901 6037 5913 891 490 124 112 
41 2 137 5901 6037 5914 891 490 124 112 
41 2 137 5901 6037 5915 891 490 124 112 
41 2 137 5901 6037 5916 891 490 124 112 
41 2 137 5901 6037 5917 891 490 124 112 
41 2 137 5901 6037 5918 891 490 124 112 
41 2 137 5901 6037 5919 891 490 124 112 
41 2 137 5901 6037 5920 891 490 124 112 
41 2 137 5901 6037 5921 891 490 124 112 
41 2 137 5901 6037 5922 891 490 124 112 
41 2 137 5901 6037 5923 891 490 124 112 
41 2 137 5901 6037 5924 891 490 124 112 
41 2 137 5901 6037 5925 891 490 124 112 
41 2 137 5901 6037 5926 891 490 124 112 
41 2 137 5901 6037 5927 891 490 124 112 
41 2 137 5901 6037 5928 891 490 124 112 
41 2 137 5901 6037 5929 891 490 124 112 
41 2 137 5901 6037 5930 891 490 124 112 
41 2 137 5901 6037 5931 891 490 124 112 
41 2 137 5901 6037 5932 891 490 124 112 
41 2 137 5901 6037 5933 891 490 124 112 
41 2 137 5901 6037 5934 891 490 124 112 
41 2 137 5901 6037 5935 891 490 124 112 
41 2 137 5901 6037 5936 891 490 124 112 
41 2 137 5901 6037 5937 891 490 124 112 
41 2 137 5901 6037 5938 891 490 124 112 
41 2 137 5901 6037 5939 891 490 124 112 
41 2 137 5901 6037 5940 891 490 124 112 
41 2 137 5901 6037 5941 891 490 124 112 
41 2 137 5901 6037 5942 891 490 124 112 
41 2 137 5901 6037 5943 891 490 124 112 
41 2 137 5901 6037 5944 891 490 124 112 
41 2 137 5901 6037 5945 891 490 124 112 
41 2 137 5901 6037 5946 891 490 124 112 
41 2 137 5901 6037 5947 891 490 124 112 
41 2 137 5901 6037 5948 891 490 124 112 
41 2 137 5901 6037 5949 891 490 124 112 
41 2 137 5901 6037 5950 891 490 124 112 
41 2 137 5901 6037 5951 891 490 124 112 
41 2 137 5901 6037 5952 891 490 124 112 
41 2 137 5901 6037 5953 891 490 124 112 
41 2 137 5901 6037 5954 891 490 124 112 
41 2 137 5901 6037 5955 891 490 124 112 
41 2 137 5901 6037 5956 891 490 124 112 
41 2 137 5901 6037 5957 891 490 124 112 
41 2 137 5901 6037 5958 891 490 124 112 
41 2 137 5901 6037 5959 891 490 124 112 
41 2 137 5901 6037 5960 891 490 124 112 
41 2 137 5901 6037 5961 891 490 124 112 
41 2 137 5901 6037 5962 891 490 124 112 
41 2 137 5901 6037 5963 891 490 124 112 
41 2 137 5901 6037 5964 891 490 124 112 
41 2 137 5901 6037 5965 891 490 124 112 
41 2 137 5901 6037 5966 891 490 124 112 
41 2 137 5901 6037 5967 891 490 124 112 
41 2 137 5901 6037 5968 891 490 124 112 
41 2 137 5901 6037 5969 891 490 124 112 
41 2 137 5901 6037 5970 891 490 124 112 
41 2 137 5901 6037 5971 891 490 124 112 
41 2 137 5901 6037 5972 891 490 124 112 
41 2 137 5901 6037 5973 891 490 124 112 
41 2 137 5901 6037 5974 891 490 124 112 
41 2 137 5901 6037 5975 891 490 124 112 
41 2 137 5901 6037 5976 891 490 124 112 
41 2 137 5901 6037 5977 891 490 124 112 
41 2 137 5901 6037 5978 891 490 124 112 
41 2 137 5901 6037 5979 891 490 124 112 
41 2 137 5901 6037 5980 891 490 124 112 
41 2 137 5901 6037 5981 891 490 124 112 
41 2 137 5901 6037 5982 891 490 124 112 
41 2 137 5901 6037 5983 891 490 124 112 
41 2 137 5901 6037 5984 891 490 124 112 
41 2 137 5901 6037 5985 891 490 124 112 
41 2 137 5901 6037 5986 891 490 124 112 
41 2 137 5901 6037 5987 891 490 124 112 
41 2 137 5901 6037 5988 891 490 124 112 
41 2 137 5901 6037 5989 891 490 124 112 
41 2 137 5901 6037 5990 891 490 124 112 
41 2 137 5901 6037 5991 891 490 124 112 
41 2 137 5901 6037 5992 891 490 124 112 
41 2 137 5901 6037 5993 891 490 124 112 
41 2 137 5901 6037 5994 891 490 124 112 
41 2 137 5901 6037 5995 891 490 124 112 
41 2 137 5901 6037 5996 891 490 124 112 
41 2 137 5901 6037 5997 891 490 124 112 
41 2 137 5901 6037 5998 891 490 124 112 
41 2 137 5901 6037 5999 891 490 124 112 
41 2 137 5901 6037 6000 891 490 124 112 
41 2 137 5901 6037 6001 891 490 124 112 
41 2 137 5901 6037 6002 891 490 124 112 
41 2 137 5901 6037 6003 891 490 124 112 
41 2 137 5901 6037 6004 891 490 124 112 
41 2 137 5901 6037 6005 891 490 124 112 
41 2 137 5901 6037 6006 891 490 124 112 
41 2 137 5901 6037 6007 891 490 124 112 
41 2 137 5901 6037 6008 891 490 124 112 
41 2 137 5901 6037 6009 891 490 124 112 
41 2 137 5901 6037 6010 891 490 124 112 
41 2 137 5901 6037 6011 891 490 124 112 
41 2 137 5901 6037 6012 891 490 124 112 
41 2 137 5901 6037 6013 891 490 124 112 
41 2 137 5901 6037 6014 891 490 124 112 
41 2 137 5901 6037 6015 891 490 124 112 
41 2 137 5901 6037 6016 891 490 124 112 
41 2 137 5901 6037 6017 891 490 124 112 
41 2 137 5901 6037 6018 891 490 124 112 
41 2 137 5901 6037 6019 891 490 124 112 
41 2 137 5901 6037 6020 891 490 124 112 
41 2 137 5901 6037 6021 891 490 124 112 
41 2 137 5901 6037 6022 891 490 124 112 
41 2 137 5901 6037 6023 891 490 124 112 
41 2 137 5901 6037 6024 891 490 124 112 
41 2 137 5901 6037 6025 891 490 124 112 
41 2 137 5901 6037 6026 891 490 124 112 
41 2 137 5901 6037 6027 891 490 124 112 
41 2 137 5901 6037 6028 891 490 124 112 
41 2 137 5901 6037 6029 891 490 124 112 
41 2 137 5901 6037 6030 891 490 124 112 
41 2 137 5901 6037 6031 891 490 124 112 
41 2 137 5901 6037 6032 891 490 124 112 
41 2 137 5901 6037 6033 891 490 124 112 
41 2 137 5901 6037 6034 891 490 124 112 
41 2 137 5901 6037 6035 891 490 124 112 
41 2 137 5901 6037 6036 891 490 124 112 
41 2 137 5901 6037 6037 891 490 124 112 
