6 5 114 491 604 491 66 418 114 99 
6 5 114 491 604 492 66 418 114 99 
6 5 114 491 604 493 66 418 114 99 
6 5 114 491 604 494 66 418 114 99 
6 5 114 491 604 495 66 418 114 99 
6 5 114 491 604 496 66 418 114 99 
6 5 114 491 604 497 66 418 114 99 
6 5 114 491 604 498 66 418 114 99 
6 5 114 491 604 499 66 418 114 99 
6 5 114 491 604 500 66 418 114 99 
6 5 114 491 604 501 66 418 114 99 
6 5 114 491 604 502 66 418 114 99 
6 5 114 491 604 503 66 418 114 99 
6 5 114 491 604 504 66 418 114 99 
6 5 114 491 604 505 66 418 114 99 
6 5 114 491 604 506 66 418 114 99 
6 5 114 491 604 507 66 418 114 99 
6 5 114 491 604 508 66 418 114 99 
6 5 114 491 604 509 66 418 114 99 
6 5 114 491 604 510 66 418 114 99 
6 5 114 491 604 511 66 418 114 99 
6 5 114 491 604 512 66 418 114 99 
6 5 114 491 604 513 66 418 114 99 
6 5 114 491 604 514 66 418 114 99 
6 5 114 491 604 515 66 418 114 99 
6 5 114 491 604 516 66 418 114 99 
6 5 114 491 604 517 66 418 114 99 
6 5 114 491 604 518 66 418 114 99 
6 5 114 491 604 519 66 418 114 99 
6 5 114 491 604 520 66 418 114 99 
6 5 114 491 604 521 66 418 114 99 
6 5 114 491 604 522 66 418 114 99 
6 5 114 491 604 523 66 418 114 99 
6 5 114 491 604 524 66 418 114 99 
6 5 114 491 604 525 66 418 114 99 
6 5 114 491 604 526 66 418 114 99 
6 5 114 491 604 527 66 418 114 99 
6 5 114 491 604 528 66 418 114 99 
6 5 114 491 604 529 66 418 114 99 
6 5 114 491 604 530 66 418 114 99 
6 5 114 491 604 531 66 418 114 99 
6 5 114 491 604 532 66 418 114 99 
6 5 114 491 604 533 66 418 114 99 
6 5 114 491 604 534 66 418 114 99 
6 5 114 491 604 535 66 418 114 99 
6 5 114 491 604 536 66 418 114 99 
6 5 114 491 604 537 66 418 114 99 
6 5 114 491 604 538 66 418 114 99 
6 5 114 491 604 539 66 418 114 99 
6 5 114 491 604 540 66 418 114 99 
6 5 114 491 604 541 66 418 114 99 
6 5 114 491 604 542 66 418 114 99 
6 5 114 491 604 543 66 418 114 99 
6 5 114 491 604 544 66 418 114 99 
6 5 114 491 604 545 66 418 114 99 
6 5 114 491 604 546 66 418 114 99 
6 5 114 491 604 547 66 418 114 99 
6 5 114 491 604 548 66 418 114 99 
6 5 114 491 604 549 66 418 114 99 
6 5 114 491 604 550 66 418 114 99 
6 5 114 491 604 551 66 418 114 99 
6 5 114 491 604 552 66 418 114 99 
6 5 114 491 604 553 66 418 114 99 
6 5 114 491 604 554 66 418 114 99 
6 5 114 491 604 555 66 418 114 99 
6 5 114 491 604 556 66 418 114 99 
6 5 114 491 604 557 66 418 114 99 
6 5 114 491 604 558 66 418 114 99 
6 5 114 491 604 559 66 418 114 99 
6 5 114 491 604 560 66 418 114 99 
6 5 114 491 604 561 66 418 114 99 
6 5 114 491 604 562 66 418 114 99 
6 5 114 491 604 563 66 418 114 99 
6 5 114 491 604 564 66 418 114 99 
6 5 114 491 604 565 66 418 114 99 
6 5 114 491 604 566 66 418 114 99 
6 5 114 491 604 567 66 418 114 99 
6 5 114 491 604 568 66 418 114 99 
6 5 114 491 604 569 66 418 114 99 
6 5 114 491 604 570 66 418 114 99 
6 5 114 491 604 571 66 418 114 99 
6 5 114 491 604 572 66 418 114 99 
6 5 114 491 604 573 66 418 114 99 
6 5 114 491 604 574 66 418 114 99 
6 5 114 491 604 575 66 418 114 99 
6 5 114 491 604 576 66 418 114 99 
6 5 114 491 604 577 66 418 114 99 
6 5 114 491 604 578 66 418 114 99 
6 5 114 491 604 579 66 418 114 99 
6 5 114 491 604 580 66 418 114 99 
6 5 114 491 604 581 66 418 114 99 
6 5 114 491 604 582 66 418 114 99 
6 5 114 491 604 583 66 418 114 99 
6 5 114 491 604 584 66 418 114 99 
6 5 114 491 604 585 66 418 114 99 
6 5 114 491 604 586 66 418 114 99 
6 5 114 491 604 587 66 418 114 99 
6 5 114 491 604 588 66 418 114 99 
6 5 114 491 604 589 66 418 114 99 
6 5 114 491 604 590 66 418 114 99 
6 5 114 491 604 591 66 418 114 99 
6 5 114 491 604 592 66 418 114 99 
6 5 114 491 604 593 66 418 114 99 
6 5 114 491 604 594 66 418 114 99 
6 5 114 491 604 595 66 418 114 99 
6 5 114 491 604 596 66 418 114 99 
6 5 114 491 604 597 66 418 114 99 
6 5 114 491 604 598 66 418 114 99 
6 5 114 491 604 599 66 418 114 99 
6 5 114 491 604 600 66 418 114 99 
6 5 114 491 604 601 66 418 114 99 
6 5 114 491 604 602 66 418 114 99 
6 5 114 491 604 603 66 418 114 99 
6 5 114 491 604 604 66 418 114 99 
