30 2 167 443 609 443 890 753 139 131 
30 2 167 443 609 444 890 753 139 131 
30 2 167 443 609 445 890 753 139 131 
30 2 167 443 609 446 890 753 139 131 
30 2 167 443 609 447 890 753 139 131 
30 2 167 443 609 448 890 753 139 131 
30 2 167 443 609 449 890 753 139 131 
30 2 167 443 609 450 890 753 139 131 
30 2 167 443 609 451 890 753 139 131 
30 2 167 443 609 452 890 753 139 131 
30 2 167 443 609 453 890 753 139 131 
30 2 167 443 609 454 890 753 139 131 
30 2 167 443 609 455 890 753 139 131 
30 2 167 443 609 456 890 753 139 131 
30 2 167 443 609 457 890 753 139 131 
30 2 167 443 609 458 890 753 139 131 
30 2 167 443 609 459 890 753 139 131 
30 2 167 443 609 460 890 753 139 131 
30 2 167 443 609 461 890 753 139 131 
30 2 167 443 609 462 890 753 139 131 
30 2 167 443 609 463 890 753 139 131 
30 2 167 443 609 464 890 753 139 131 
30 2 167 443 609 465 890 753 139 131 
30 2 167 443 609 466 890 753 139 131 
30 2 167 443 609 467 890 753 139 131 
30 2 167 443 609 468 890 753 139 131 
30 2 167 443 609 469 890 753 139 131 
30 2 167 443 609 470 890 753 139 131 
30 2 167 443 609 471 890 753 139 131 
30 2 167 443 609 472 890 753 139 131 
30 2 167 443 609 473 890 753 139 131 
30 2 167 443 609 474 890 753 139 131 
30 2 167 443 609 475 890 753 139 131 
30 2 167 443 609 476 890 753 139 131 
30 2 167 443 609 477 890 753 139 131 
30 2 167 443 609 478 890 753 139 131 
30 2 167 443 609 479 890 753 139 131 
30 2 167 443 609 480 890 753 139 131 
30 2 167 443 609 481 890 753 139 131 
30 2 167 443 609 482 890 753 139 131 
30 2 167 443 609 483 890 753 139 131 
30 2 167 443 609 484 890 753 139 131 
30 2 167 443 609 485 890 753 139 131 
30 2 167 443 609 486 890 753 139 131 
30 2 167 443 609 487 890 753 139 131 
30 2 167 443 609 488 890 753 139 131 
30 2 167 443 609 489 890 753 139 131 
30 2 167 443 609 490 890 753 139 131 
30 2 167 443 609 491 890 753 139 131 
30 2 167 443 609 492 890 753 139 131 
30 2 167 443 609 493 890 753 139 131 
30 2 167 443 609 494 890 753 139 131 
30 2 167 443 609 495 890 753 139 131 
30 2 167 443 609 496 890 753 139 131 
30 2 167 443 609 497 890 753 139 131 
30 2 167 443 609 498 890 753 139 131 
30 2 167 443 609 499 890 753 139 131 
30 2 167 443 609 500 890 753 139 131 
30 2 167 443 609 501 890 753 139 131 
30 2 167 443 609 502 890 753 139 131 
30 2 167 443 609 503 890 753 139 131 
30 2 167 443 609 504 890 753 139 131 
30 2 167 443 609 505 890 753 139 131 
30 2 167 443 609 506 890 753 139 131 
30 2 167 443 609 507 890 753 139 131 
30 2 167 443 609 508 890 753 139 131 
30 2 167 443 609 509 890 753 139 131 
30 2 167 443 609 510 890 753 139 131 
30 2 167 443 609 511 890 753 139 131 
30 2 167 443 609 512 890 753 139 131 
30 2 167 443 609 513 890 753 139 131 
30 2 167 443 609 514 890 753 139 131 
30 2 167 443 609 515 890 753 139 131 
30 2 167 443 609 516 890 753 139 131 
30 2 167 443 609 517 890 753 139 131 
30 2 167 443 609 518 890 753 139 131 
30 2 167 443 609 519 890 753 139 131 
30 2 167 443 609 520 890 753 139 131 
30 2 167 443 609 521 890 753 139 131 
30 2 167 443 609 522 890 753 139 131 
30 2 167 443 609 523 890 753 139 131 
30 2 167 443 609 524 890 753 139 131 
30 2 167 443 609 525 890 753 139 131 
30 2 167 443 609 526 890 753 139 131 
30 2 167 443 609 527 890 753 139 131 
30 2 167 443 609 528 890 753 139 131 
30 2 167 443 609 529 890 753 139 131 
30 2 167 443 609 530 890 753 139 131 
30 2 167 443 609 531 890 753 139 131 
30 2 167 443 609 532 890 753 139 131 
30 2 167 443 609 533 890 753 139 131 
30 2 167 443 609 534 890 753 139 131 
30 2 167 443 609 535 890 753 139 131 
30 2 167 443 609 536 890 753 139 131 
30 2 167 443 609 537 890 753 139 131 
30 2 167 443 609 538 890 753 139 131 
30 2 167 443 609 539 890 753 139 131 
30 2 167 443 609 540 890 753 139 131 
30 2 167 443 609 541 890 753 139 131 
30 2 167 443 609 542 890 753 139 131 
30 2 167 443 609 543 890 753 139 131 
30 2 167 443 609 544 890 753 139 131 
30 2 167 443 609 545 890 753 139 131 
30 2 167 443 609 546 890 753 139 131 
30 2 167 443 609 547 890 753 139 131 
30 2 167 443 609 548 890 753 139 131 
30 2 167 443 609 549 890 753 139 131 
30 2 167 443 609 550 890 753 139 131 
30 2 167 443 609 551 890 753 139 131 
30 2 167 443 609 552 890 753 139 131 
30 2 167 443 609 553 890 753 139 131 
30 2 167 443 609 554 890 753 139 131 
30 2 167 443 609 555 890 753 139 131 
30 2 167 443 609 556 890 753 139 131 
30 2 167 443 609 557 890 753 139 131 
30 2 167 443 609 558 890 753 139 131 
30 2 167 443 609 559 890 753 139 131 
30 2 167 443 609 560 890 753 139 131 
30 2 167 443 609 561 890 753 139 131 
30 2 167 443 609 562 890 753 139 131 
30 2 167 443 609 563 890 753 139 131 
30 2 167 443 609 564 890 753 139 131 
30 2 167 443 609 565 890 753 139 131 
30 2 167 443 609 566 890 753 139 131 
30 2 167 443 609 567 890 753 139 131 
30 2 167 443 609 568 890 753 139 131 
30 2 167 443 609 569 890 753 139 131 
30 2 167 443 609 570 890 753 139 131 
30 2 167 443 609 571 890 753 139 131 
30 2 167 443 609 572 890 753 139 131 
30 2 167 443 609 573 890 753 139 131 
30 2 167 443 609 574 890 753 139 131 
30 2 167 443 609 575 890 753 139 131 
30 2 167 443 609 576 890 753 139 131 
30 2 167 443 609 577 890 753 139 131 
30 2 167 443 609 578 890 753 139 131 
30 2 167 443 609 579 890 753 139 131 
30 2 167 443 609 580 890 753 139 131 
30 2 167 443 609 581 890 753 139 131 
30 2 167 443 609 582 890 753 139 131 
30 2 167 443 609 583 890 753 139 131 
30 2 167 443 609 584 890 753 139 131 
30 2 167 443 609 585 890 753 139 131 
30 2 167 443 609 586 890 753 139 131 
30 2 167 443 609 587 890 753 139 131 
30 2 167 443 609 588 890 753 139 131 
30 2 167 443 609 589 890 753 139 131 
30 2 167 443 609 590 890 753 139 131 
30 2 167 443 609 591 890 753 139 131 
30 2 167 443 609 592 890 753 139 131 
30 2 167 443 609 593 890 753 139 131 
30 2 167 443 609 594 890 753 139 131 
30 2 167 443 609 595 890 753 139 131 
30 2 167 443 609 596 890 753 139 131 
30 2 167 443 609 597 890 753 139 131 
30 2 167 443 609 598 890 753 139 131 
30 2 167 443 609 599 890 753 139 131 
30 2 167 443 609 600 890 753 139 131 
30 2 167 443 609 601 890 753 139 131 
30 2 167 443 609 602 890 753 139 131 
30 2 167 443 609 603 890 753 139 131 
30 2 167 443 609 604 890 753 139 131 
30 2 167 443 609 605 890 753 139 131 
30 2 167 443 609 606 890 753 139 131 
30 2 167 443 609 607 890 753 139 131 
30 2 167 443 609 608 890 753 139 131 
30 2 167 443 609 609 890 753 139 131 
32 9 834 0 833 0 1612 902 86 168 
32 9 834 0 833 1 1611 902 84 168 
32 9 834 0 833 2 1611 902 84 168 
32 9 834 0 833 3 1611 902 84 168 
32 9 834 0 833 4 1611 902 84 168 
32 9 834 0 833 5 1611 902 84 168 
32 9 834 0 833 6 1611 902 84 168 
32 9 834 0 833 7 1611 902 84 168 
32 9 834 0 833 8 1611 902 84 168 
32 9 834 0 833 9 1611 902 84 168 
32 9 834 0 833 10 1611 902 84 168 
32 9 834 0 833 11 1611 902 84 168 
32 9 834 0 833 12 1611 902 84 168 
32 9 834 0 833 13 1611 902 84 168 
32 9 834 0 833 14 1611 902 84 168 
32 9 834 0 833 15 1611 902 84 168 
32 9 834 0 833 16 1611 902 84 168 
32 9 834 0 833 17 1611 902 84 168 
32 9 834 0 833 18 1611 902 84 168 
32 9 834 0 833 19 1611 902 84 168 
32 9 834 0 833 20 1611 902 84 168 
32 9 834 0 833 21 1611 902 84 168 
32 9 834 0 833 22 1611 902 84 168 
32 9 834 0 833 23 1611 902 84 168 
32 9 834 0 833 24 1611 902 84 168 
32 9 834 0 833 25 1611 902 84 168 
32 9 834 0 833 26 1611 902 84 168 
32 9 834 0 833 27 1611 902 84 168 
32 9 834 0 833 28 1611 902 84 168 
32 9 834 0 833 29 1611 902 84 168 
32 9 834 0 833 30 1611 902 84 168 
32 9 834 0 833 31 1611 902 84 168 
32 9 834 0 833 32 1611 902 84 168 
32 9 834 0 833 33 1611 902 84 168 
32 9 834 0 833 34 1611 902 84 168 
32 9 834 0 833 35 1611 902 84 168 
32 9 834 0 833 36 1611 902 84 168 
32 9 834 0 833 37 1611 902 84 168 
32 9 834 0 833 38 1611 902 84 168 
32 9 834 0 833 39 1611 902 84 168 
32 9 834 0 833 40 1611 902 84 168 
32 9 834 0 833 41 1611 902 84 168 
32 9 834 0 833 42 1611 902 84 168 
32 9 834 0 833 43 1611 902 84 168 
32 9 834 0 833 44 1611 902 84 168 
32 9 834 0 833 45 1611 902 84 168 
32 9 834 0 833 46 1611 902 84 168 
32 9 834 0 833 47 1611 902 84 168 
32 9 834 0 833 48 1611 902 84 168 
32 9 834 0 833 49 1611 902 84 168 
32 9 834 0 833 50 1611 902 84 168 
32 9 834 0 833 51 1611 902 84 168 
32 9 834 0 833 52 1611 902 84 168 
32 9 834 0 833 53 1611 902 84 168 
32 9 834 0 833 54 1611 902 84 168 
32 9 834 0 833 55 1611 902 84 168 
32 9 834 0 833 56 1611 902 84 168 
32 9 834 0 833 57 1611 902 84 168 
32 9 834 0 833 58 1611 902 84 168 
32 9 834 0 833 59 1611 902 84 168 
32 9 834 0 833 60 1611 902 84 168 
32 9 834 0 833 61 1611 902 84 168 
32 9 834 0 833 62 1611 902 84 168 
32 9 834 0 833 63 1611 902 84 168 
32 9 834 0 833 64 1611 902 84 168 
32 9 834 0 833 65 1611 902 84 168 
32 9 834 0 833 66 1611 902 84 168 
32 9 834 0 833 67 1611 902 84 168 
32 9 834 0 833 68 1611 902 84 168 
32 9 834 0 833 69 1611 902 84 168 
32 9 834 0 833 70 1611 902 84 168 
32 9 834 0 833 71 1611 902 84 168 
32 9 834 0 833 72 1611 902 84 168 
32 9 834 0 833 73 1611 902 84 168 
32 9 834 0 833 74 1611 902 84 168 
32 9 834 0 833 75 1611 902 84 168 
32 9 834 0 833 76 1607 902 86 168 
32 9 834 0 833 77 1607 902 86 168 
32 9 834 0 833 78 1607 902 86 168 
32 9 834 0 833 79 1607 902 86 168 
32 9 834 0 833 80 1607 902 86 168 
32 9 834 0 833 81 1607 902 86 168 
32 9 834 0 833 82 1607 902 86 168 
32 9 834 0 833 83 1607 902 86 168 
32 9 834 0 833 84 1607 902 86 168 
32 9 834 0 833 85 1607 902 86 168 
32 9 834 0 833 86 1607 902 86 168 
32 9 834 0 833 87 1607 902 86 168 
32 9 834 0 833 88 1607 902 86 168 
32 9 834 0 833 89 1607 902 86 168 
32 9 834 0 833 90 1607 902 86 168 
32 9 834 0 833 91 1607 902 86 168 
32 9 834 0 833 92 1607 902 86 168 
32 9 834 0 833 93 1607 902 86 168 
32 9 834 0 833 94 1607 902 86 168 
32 9 834 0 833 95 1607 902 86 168 
32 9 834 0 833 96 1607 902 86 168 
32 9 834 0 833 97 1607 902 86 168 
32 9 834 0 833 98 1607 902 86 168 
32 9 834 0 833 99 1607 902 86 168 
32 9 834 0 833 100 1607 902 86 168 
32 9 834 0 833 101 1607 902 86 168 
32 9 834 0 833 102 1607 902 86 168 
32 9 834 0 833 103 1607 902 86 168 
32 9 834 0 833 104 1607 902 86 168 
32 9 834 0 833 105 1607 902 86 168 
32 9 834 0 833 106 1607 902 86 168 
32 9 834 0 833 107 1607 902 86 168 
32 9 834 0 833 108 1607 902 86 168 
32 9 834 0 833 109 1607 902 86 168 
32 9 834 0 833 110 1607 902 86 168 
32 9 834 0 833 111 1607 902 86 168 
32 9 834 0 833 112 1607 902 86 168 
32 9 834 0 833 113 1607 902 86 168 
32 9 834 0 833 114 1607 902 86 168 
32 9 834 0 833 115 1607 902 86 168 
32 9 834 0 833 116 1607 902 86 168 
32 9 834 0 833 117 1607 902 86 168 
32 9 834 0 833 118 1607 902 86 168 
32 9 834 0 833 119 1607 902 86 168 
32 9 834 0 833 120 1607 902 86 168 
32 9 834 0 833 121 1607 902 86 168 
32 9 834 0 833 122 1607 902 86 168 
32 9 834 0 833 123 1607 902 86 168 
32 9 834 0 833 124 1607 902 86 168 
32 9 834 0 833 125 1607 902 86 168 
32 9 834 0 833 126 1607 902 86 168 
32 9 834 0 833 127 1607 902 86 168 
32 9 834 0 833 128 1607 902 86 168 
32 9 834 0 833 129 1607 902 86 168 
32 9 834 0 833 130 1607 902 86 168 
32 9 834 0 833 131 1607 902 86 168 
32 9 834 0 833 132 1607 902 86 168 
32 9 834 0 833 133 1607 902 86 168 
32 9 834 0 833 134 1607 902 86 168 
32 9 834 0 833 135 1607 902 86 168 
32 9 834 0 833 136 1607 902 86 168 
32 9 834 0 833 137 1607 902 86 168 
32 9 834 0 833 138 1607 902 86 168 
32 9 834 0 833 139 1607 902 86 168 
32 9 834 0 833 140 1607 902 86 168 
32 9 834 0 833 141 1607 902 86 168 
32 9 834 0 833 142 1607 902 86 168 
32 9 834 0 833 143 1607 902 86 168 
32 9 834 0 833 144 1607 902 86 168 
32 9 834 0 833 145 1607 902 86 168 
32 9 834 0 833 146 1607 902 86 168 
32 9 834 0 833 147 1607 902 86 168 
32 9 834 0 833 148 1607 902 86 168 
32 9 834 0 833 149 1607 902 86 168 
32 9 834 0 833 150 1607 902 86 168 
32 9 834 0 833 151 1604 902 86 168 
32 9 834 0 833 152 1604 902 86 168 
32 9 834 0 833 153 1604 902 86 168 
32 9 834 0 833 154 1604 902 86 168 
32 9 834 0 833 155 1604 902 86 168 
32 9 834 0 833 156 1604 902 86 168 
32 9 834 0 833 157 1604 902 86 168 
32 9 834 0 833 158 1604 902 86 168 
32 9 834 0 833 159 1604 902 86 168 
32 9 834 0 833 160 1604 902 86 168 
32 9 834 0 833 161 1604 902 86 168 
32 9 834 0 833 162 1604 902 86 168 
32 9 834 0 833 163 1604 902 86 168 
32 9 834 0 833 164 1604 902 86 168 
32 9 834 0 833 165 1604 902 86 168 
32 9 834 0 833 166 1604 902 86 168 
32 9 834 0 833 167 1604 902 86 168 
32 9 834 0 833 168 1604 902 86 168 
32 9 834 0 833 169 1604 902 86 168 
32 9 834 0 833 170 1604 902 86 168 
32 9 834 0 833 171 1604 902 86 168 
32 9 834 0 833 172 1604 902 86 168 
32 9 834 0 833 173 1604 902 86 168 
32 9 834 0 833 174 1604 902 86 168 
32 9 834 0 833 175 1604 902 86 168 
32 9 834 0 833 176 1604 902 86 168 
32 9 834 0 833 177 1604 902 86 168 
32 9 834 0 833 178 1604 902 86 168 
32 9 834 0 833 179 1604 902 86 168 
32 9 834 0 833 180 1604 902 86 168 
32 9 834 0 833 181 1604 902 86 168 
32 9 834 0 833 182 1604 902 86 168 
32 9 834 0 833 183 1604 902 86 168 
32 9 834 0 833 184 1604 902 86 168 
32 9 834 0 833 185 1604 902 86 168 
32 9 834 0 833 186 1604 902 86 168 
32 9 834 0 833 187 1604 902 86 168 
32 9 834 0 833 188 1604 902 86 168 
32 9 834 0 833 189 1604 902 86 168 
32 9 834 0 833 190 1604 902 86 168 
32 9 834 0 833 191 1604 902 86 168 
32 9 834 0 833 192 1604 902 86 168 
32 9 834 0 833 193 1604 902 86 168 
32 9 834 0 833 194 1604 902 86 168 
32 9 834 0 833 195 1604 902 86 168 
32 9 834 0 833 196 1604 902 86 168 
32 9 834 0 833 197 1604 902 86 168 
32 9 834 0 833 198 1604 902 86 168 
32 9 834 0 833 199 1604 902 86 168 
32 9 834 0 833 200 1604 902 86 168 
32 9 834 0 833 201 1604 902 86 168 
32 9 834 0 833 202 1604 902 86 168 
32 9 834 0 833 203 1604 902 86 168 
32 9 834 0 833 204 1604 902 86 168 
32 9 834 0 833 205 1604 902 86 168 
32 9 834 0 833 206 1604 902 86 168 
32 9 834 0 833 207 1604 902 86 168 
32 9 834 0 833 208 1604 902 86 168 
32 9 834 0 833 209 1604 902 86 168 
32 9 834 0 833 210 1604 902 86 168 
32 9 834 0 833 211 1604 902 86 168 
32 9 834 0 833 212 1604 902 86 168 
32 9 834 0 833 213 1604 902 86 168 
32 9 834 0 833 214 1604 902 86 168 
32 9 834 0 833 215 1604 902 86 168 
32 9 834 0 833 216 1604 902 86 168 
32 9 834 0 833 217 1604 902 86 168 
32 9 834 0 833 218 1604 902 86 168 
32 9 834 0 833 219 1604 902 86 168 
32 9 834 0 833 220 1604 902 86 168 
32 9 834 0 833 221 1604 902 86 168 
32 9 834 0 833 222 1604 902 86 168 
32 9 834 0 833 223 1604 902 86 168 
32 9 834 0 833 224 1604 902 86 168 
32 9 834 0 833 225 1604 902 86 168 
32 9 834 0 833 226 1603 902 84 168 
32 9 834 0 833 227 1603 902 84 168 
32 9 834 0 833 228 1603 902 84 168 
32 9 834 0 833 229 1603 902 84 168 
32 9 834 0 833 230 1603 902 84 168 
32 9 834 0 833 231 1603 902 84 168 
32 9 834 0 833 232 1603 902 84 168 
32 9 834 0 833 233 1603 902 84 168 
32 9 834 0 833 234 1603 902 84 168 
32 9 834 0 833 235 1603 902 84 168 
32 9 834 0 833 236 1603 902 84 168 
32 9 834 0 833 237 1603 902 84 168 
32 9 834 0 833 238 1603 902 84 168 
32 9 834 0 833 239 1603 902 84 168 
32 9 834 0 833 240 1603 902 84 168 
32 9 834 0 833 241 1603 902 84 168 
32 9 834 0 833 242 1603 902 84 168 
32 9 834 0 833 243 1603 902 84 168 
32 9 834 0 833 244 1603 902 84 168 
32 9 834 0 833 245 1603 902 84 168 
32 9 834 0 833 246 1603 902 84 168 
32 9 834 0 833 247 1603 902 84 168 
32 9 834 0 833 248 1603 902 84 168 
32 9 834 0 833 249 1603 902 84 168 
32 9 834 0 833 250 1603 902 84 168 
32 9 834 0 833 251 1603 902 84 168 
32 9 834 0 833 252 1603 902 84 168 
32 9 834 0 833 253 1603 902 84 168 
32 9 834 0 833 254 1603 902 84 168 
32 9 834 0 833 255 1603 902 84 168 
32 9 834 0 833 256 1603 902 84 168 
32 9 834 0 833 257 1603 902 84 168 
32 9 834 0 833 258 1603 902 84 168 
32 9 834 0 833 259 1603 902 84 168 
32 9 834 0 833 260 1603 902 84 168 
32 9 834 0 833 261 1603 902 84 168 
32 9 834 0 833 262 1603 902 84 168 
32 9 834 0 833 263 1603 902 84 168 
32 9 834 0 833 264 1603 902 84 168 
32 9 834 0 833 265 1603 902 84 168 
32 9 834 0 833 266 1603 902 84 168 
32 9 834 0 833 267 1603 902 84 168 
32 9 834 0 833 268 1603 902 84 168 
32 9 834 0 833 269 1603 902 84 168 
32 9 834 0 833 270 1603 902 84 168 
32 9 834 0 833 271 1603 902 84 168 
32 9 834 0 833 272 1603 902 84 168 
32 9 834 0 833 273 1603 902 84 168 
32 9 834 0 833 274 1603 902 84 168 
32 9 834 0 833 275 1603 902 84 168 
32 9 834 0 833 276 1603 902 84 168 
32 9 834 0 833 277 1603 902 84 168 
32 9 834 0 833 278 1603 902 84 168 
32 9 834 0 833 279 1603 902 84 168 
32 9 834 0 833 280 1603 902 84 168 
32 9 834 0 833 281 1603 902 84 168 
32 9 834 0 833 282 1603 902 84 168 
32 9 834 0 833 283 1603 902 84 168 
32 9 834 0 833 284 1603 902 84 168 
32 9 834 0 833 285 1603 902 84 168 
32 9 834 0 833 286 1603 902 84 168 
32 9 834 0 833 287 1603 902 84 168 
32 9 834 0 833 288 1603 902 84 168 
32 9 834 0 833 289 1603 902 84 168 
32 9 834 0 833 290 1603 902 84 168 
32 9 834 0 833 291 1603 902 84 168 
32 9 834 0 833 292 1603 902 84 168 
32 9 834 0 833 293 1603 902 84 168 
32 9 834 0 833 294 1603 902 84 168 
32 9 834 0 833 295 1603 902 84 168 
32 9 834 0 833 296 1603 902 84 168 
32 9 834 0 833 297 1603 902 84 168 
32 9 834 0 833 298 1603 902 84 168 
32 9 834 0 833 299 1603 902 84 168 
32 9 834 0 833 300 1603 905 84 168 
32 9 834 0 833 301 1599 905 86 168 
32 9 834 0 833 302 1599 905 86 168 
32 9 834 0 833 303 1599 905 86 168 
32 9 834 0 833 304 1599 905 86 168 
32 9 834 0 833 305 1599 905 86 168 
32 9 834 0 833 306 1599 905 86 168 
32 9 834 0 833 307 1599 905 86 168 
32 9 834 0 833 308 1595 905 92 168 
32 9 834 0 833 309 1595 905 92 168 
32 9 834 0 833 310 1596 905 86 168 
32 9 834 0 833 311 1596 905 86 168 
32 9 834 0 833 312 1596 905 86 168 
32 9 834 0 833 313 1596 905 86 168 
32 9 834 0 833 314 1596 905 86 168 
32 9 834 0 833 315 1596 905 86 168 
32 9 834 0 833 316 1593 905 90 168 
32 9 834 0 833 317 1593 905 90 168 
32 9 834 0 833 318 1593 905 90 168 
32 9 834 0 833 319 1593 905 90 168 
32 9 834 0 833 320 1595 905 84 168 
32 9 834 0 833 321 1595 905 84 168 
32 9 834 0 833 322 1595 905 84 168 
32 9 834 0 833 323 1590 905 90 168 
32 9 834 0 833 324 1590 905 90 168 
32 9 834 0 833 325 1590 905 90 168 
32 9 834 0 833 326 1590 905 90 168 
32 9 834 0 833 327 1590 905 90 168 
32 9 834 0 833 328 1590 905 90 168 
32 9 834 0 833 329 1591 905 86 168 
32 9 834 0 833 330 1591 905 86 168 
32 9 834 0 833 331 1587 905 92 168 
32 9 834 0 833 332 1587 905 92 168 
32 9 834 0 833 333 1587 905 92 168 
32 9 834 0 833 334 1587 905 92 168 
32 9 834 0 833 335 1587 905 92 168 
32 9 834 0 833 336 1587 905 92 168 
32 9 834 0 833 337 1587 905 92 168 
32 9 834 0 833 338 1587 904 92 172 
32 9 834 0 833 339 1587 901 92 172 
32 9 834 0 833 340 1587 901 92 172 
32 9 834 0 833 341 1587 901 92 172 
32 9 834 0 833 342 1587 901 92 172 
32 9 834 0 833 343 1587 901 92 172 
32 9 834 0 833 344 1587 901 92 172 
32 9 834 0 833 345 1587 901 92 172 
32 9 834 0 833 346 1587 901 92 172 
32 9 834 0 833 347 1587 901 92 172 
32 9 834 0 833 348 1587 901 92 172 
32 9 834 0 833 349 1587 901 92 172 
32 9 834 0 833 350 1587 901 92 172 
32 9 834 0 833 351 1587 901 92 172 
32 9 834 0 833 352 1587 901 92 172 
32 9 834 0 833 353 1587 901 92 172 
32 9 834 0 833 354 1587 901 92 172 
32 9 834 0 833 355 1587 901 92 172 
32 9 834 0 833 356 1587 901 92 172 
32 9 834 0 833 357 1587 901 92 172 
32 9 834 0 833 358 1587 901 92 172 
32 9 834 0 833 359 1587 901 92 172 
32 9 834 0 833 360 1587 901 92 172 
32 9 834 0 833 361 1587 899 92 171 
32 9 834 0 833 362 1587 899 92 171 
32 9 834 0 833 363 1587 899 92 171 
32 9 834 0 833 364 1587 899 92 171 
32 9 834 0 833 365 1587 899 92 171 
32 9 834 0 833 366 1587 899 92 171 
32 9 834 0 833 367 1587 899 92 171 
32 9 834 0 833 368 1587 899 92 171 
32 9 834 0 833 369 1587 899 92 171 
32 9 834 0 833 370 1587 899 92 171 
32 9 834 0 833 371 1587 899 92 171 
32 9 834 0 833 372 1587 899 92 171 
32 9 834 0 833 373 1587 899 92 171 
32 9 834 0 833 374 1587 899 92 171 
32 9 834 0 833 375 1587 899 92 171 
32 9 834 0 833 376 1587 899 92 171 
32 9 834 0 833 377 1587 899 92 171 
32 9 834 0 833 378 1587 899 92 171 
32 9 834 0 833 379 1587 899 92 171 
32 9 834 0 833 380 1587 899 92 171 
32 9 834 0 833 381 1587 899 92 171 
32 9 834 0 833 382 1587 899 92 171 
32 9 834 0 833 383 1587 899 92 171 
32 9 834 0 833 384 1587 899 92 171 
32 9 834 0 833 385 1587 899 92 171 
32 9 834 0 833 386 1587 899 92 171 
32 9 834 0 833 387 1587 899 92 171 
32 9 834 0 833 388 1587 899 92 171 
32 9 834 0 833 389 1587 899 92 171 
32 9 834 0 833 390 1587 899 92 171 
32 9 834 0 833 391 1590 899 90 171 
32 9 834 0 833 392 1590 899 90 171 
32 9 834 0 833 393 1590 899 90 171 
32 9 834 0 833 394 1590 899 90 171 
32 9 834 0 833 395 1590 899 90 171 
32 9 834 0 833 396 1590 899 90 171 
32 9 834 0 833 397 1590 899 90 171 
32 9 834 0 833 398 1590 899 90 171 
32 9 834 0 833 399 1590 899 90 171 
32 9 834 0 833 400 1593 899 90 171 
32 9 834 0 833 401 1593 899 90 171 
32 9 834 0 833 402 1593 899 90 171 
32 9 834 0 833 403 1593 899 90 171 
32 9 834 0 833 404 1593 899 90 171 
32 9 834 0 833 405 1593 899 90 171 
32 9 834 0 833 406 1593 899 90 171 
32 9 834 0 833 407 1593 899 90 171 
32 9 834 0 833 408 1595 901 92 172 
32 9 834 0 833 409 1593 901 90 172 
32 9 834 0 833 410 1593 901 90 172 
32 9 834 0 833 411 1593 901 90 172 
32 9 834 0 833 412 1593 901 90 172 
32 9 834 0 833 413 1593 901 90 172 
32 9 834 0 833 414 1593 901 90 172 
32 9 834 0 833 415 1593 901 90 172 
32 9 834 0 833 416 1593 901 90 172 
32 9 834 0 833 417 1593 901 90 172 
32 9 834 0 833 418 1593 901 90 172 
32 9 834 0 833 419 1593 901 90 172 
32 9 834 0 833 420 1593 901 90 172 
32 9 834 0 833 421 1593 901 90 172 
32 9 834 0 833 422 1593 904 90 172 
32 9 834 0 833 423 1593 904 90 172 
32 9 834 0 833 424 1593 904 90 172 
32 9 834 0 833 425 1593 904 90 172 
32 9 834 0 833 426 1593 904 90 172 
32 9 834 0 833 427 1593 904 90 172 
32 9 834 0 833 428 1593 904 90 172 
32 9 834 0 833 429 1590 904 90 172 
32 9 834 0 833 430 1590 904 90 172 
32 9 834 0 833 431 1590 904 90 172 
32 9 834 0 833 432 1590 904 90 172 
32 9 834 0 833 433 1590 904 90 172 
32 9 834 0 833 434 1590 904 90 172 
32 9 834 0 833 435 1590 907 90 171 
32 9 834 0 833 436 1590 907 90 171 
32 9 834 0 833 437 1590 907 90 171 
32 9 834 0 833 438 1590 907 90 171 
32 9 834 0 833 439 1590 907 90 171 
32 9 834 0 833 440 1590 907 90 171 
32 9 834 0 833 441 1590 907 90 171 
32 9 834 0 833 442 1590 907 90 171 
32 9 834 0 833 443 1590 907 90 171 
32 9 834 0 833 444 1590 907 90 171 
32 9 834 0 833 445 1590 907 90 171 
32 9 834 0 833 446 1590 907 90 171 
32 9 834 0 833 447 1590 907 90 171 
32 9 834 0 833 448 1590 909 90 169 
32 9 834 0 833 449 1590 910 90 168 
32 9 834 0 833 450 1590 910 90 168 
32 9 834 0 833 451 1590 910 90 168 
32 9 834 0 833 452 1590 910 90 168 
32 9 834 0 833 453 1590 910 90 168 
32 9 834 0 833 454 1590 910 90 168 
32 9 834 0 833 455 1590 910 90 168 
32 9 834 0 833 456 1590 910 90 168 
32 9 834 0 833 457 1590 910 90 168 
32 9 834 0 833 458 1590 910 90 168 
32 9 834 0 833 459 1590 910 90 168 
32 9 834 0 833 460 1590 910 90 168 
32 9 834 0 833 461 1590 910 90 168 
32 9 834 0 833 462 1590 910 90 168 
32 9 834 0 833 463 1590 910 90 168 
32 9 834 0 833 464 1590 910 90 168 
32 9 834 0 833 465 1590 910 90 168 
32 9 834 0 833 466 1590 910 90 168 
32 9 834 0 833 467 1590 910 90 168 
32 9 834 0 833 468 1590 910 90 168 
32 9 834 0 833 469 1590 910 90 168 
32 9 834 0 833 470 1590 910 90 168 
32 9 834 0 833 471 1590 910 90 168 
32 9 834 0 833 472 1590 910 90 168 
32 9 834 0 833 473 1590 910 90 168 
32 9 834 0 833 474 1590 910 90 168 
32 9 834 0 833 475 1590 910 90 168 
32 9 834 0 833 476 1590 910 90 168 
32 9 834 0 833 477 1590 910 90 168 
32 9 834 0 833 478 1590 910 90 168 
32 9 834 0 833 479 1590 910 90 168 
32 9 834 0 833 480 1590 910 90 168 
32 9 834 0 833 481 1590 910 90 168 
32 9 834 0 833 482 1590 910 90 168 
32 9 834 0 833 483 1590 910 90 168 
32 9 834 0 833 484 1590 910 90 168 
32 9 834 0 833 485 1590 910 90 168 
32 9 834 0 833 486 1590 910 90 168 
32 9 834 0 833 487 1590 910 90 168 
32 9 834 0 833 488 1590 910 90 168 
32 9 834 0 833 489 1590 910 90 168 
32 9 834 0 833 490 1590 910 90 168 
32 9 834 0 833 491 1590 910 90 168 
32 9 834 0 833 492 1590 910 90 168 
32 9 834 0 833 493 1590 910 90 168 
32 9 834 0 833 494 1590 910 90 168 
32 9 834 0 833 495 1590 910 90 168 
32 9 834 0 833 496 1590 910 90 168 
32 9 834 0 833 497 1590 910 90 168 
32 9 834 0 833 498 1590 910 90 168 
32 9 834 0 833 499 1590 910 90 168 
32 9 834 0 833 500 1590 910 90 168 
32 9 834 0 833 501 1590 910 90 168 
32 9 834 0 833 502 1590 910 90 168 
32 9 834 0 833 503 1590 910 90 168 
32 9 834 0 833 504 1590 910 90 168 
32 9 834 0 833 505 1590 910 90 168 
32 9 834 0 833 506 1590 910 90 168 
32 9 834 0 833 507 1590 910 90 168 
32 9 834 0 833 508 1590 910 90 168 
32 9 834 0 833 509 1590 910 90 168 
32 9 834 0 833 510 1590 910 90 168 
32 9 834 0 833 511 1590 910 90 168 
32 9 834 0 833 512 1590 910 90 168 
32 9 834 0 833 513 1590 910 90 168 
32 9 834 0 833 514 1590 910 90 168 
32 9 834 0 833 515 1590 910 90 168 
32 9 834 0 833 516 1590 910 90 168 
32 9 834 0 833 517 1590 910 90 168 
32 9 834 0 833 518 1590 910 90 168 
32 9 834 0 833 519 1590 910 90 168 
32 9 834 0 833 520 1590 910 90 168 
32 9 834 0 833 521 1590 910 90 168 
32 9 834 0 833 522 1590 910 90 168 
32 9 834 0 833 523 1590 910 90 168 
32 9 834 0 833 524 1590 910 90 168 
32 9 834 0 833 525 1590 910 90 168 
32 9 834 0 833 526 1590 910 90 168 
32 9 834 0 833 527 1590 910 90 168 
32 9 834 0 833 528 1590 910 90 168 
32 9 834 0 833 529 1590 910 90 168 
32 9 834 0 833 530 1590 910 90 168 
32 9 834 0 833 531 1590 910 90 168 
32 9 834 0 833 532 1590 910 90 168 
32 9 834 0 833 533 1590 910 90 168 
32 9 834 0 833 534 1590 910 90 168 
32 9 834 0 833 535 1590 910 90 168 
32 9 834 0 833 536 1590 910 90 168 
32 9 834 0 833 537 1590 910 90 168 
32 9 834 0 833 538 1590 910 90 168 
32 9 834 0 833 539 1590 910 90 168 
32 9 834 0 833 540 1590 910 90 168 
32 9 834 0 833 541 1590 910 90 168 
32 9 834 0 833 542 1590 910 90 168 
32 9 834 0 833 543 1590 910 90 168 
32 9 834 0 833 544 1590 910 90 168 
32 9 834 0 833 545 1590 910 90 168 
32 9 834 0 833 546 1590 910 90 168 
32 9 834 0 833 547 1590 910 90 168 
32 9 834 0 833 548 1590 910 90 168 
32 9 834 0 833 549 1590 910 90 168 
32 9 834 0 833 550 1590 910 90 168 
32 9 834 0 833 551 1590 910 90 168 
32 9 834 0 833 552 1590 910 90 168 
32 9 834 0 833 553 1590 910 90 168 
32 9 834 0 833 554 1590 910 90 168 
32 9 834 0 833 555 1590 910 90 168 
32 9 834 0 833 556 1590 910 90 168 
32 9 834 0 833 557 1590 910 90 168 
32 9 834 0 833 558 1590 910 90 168 
32 9 834 0 833 559 1590 910 90 168 
32 9 834 0 833 560 1590 910 90 168 
32 9 834 0 833 561 1590 910 90 168 
32 9 834 0 833 562 1590 910 90 168 
32 9 834 0 833 563 1590 910 90 168 
32 9 834 0 833 564 1590 910 90 168 
32 9 834 0 833 565 1590 910 90 168 
32 9 834 0 833 566 1590 910 90 168 
32 9 834 0 833 567 1590 910 90 168 
32 9 834 0 833 568 1590 910 90 168 
32 9 834 0 833 569 1590 910 90 168 
32 9 834 0 833 570 1590 910 90 168 
32 9 834 0 833 571 1590 910 90 168 
32 9 834 0 833 572 1590 910 90 168 
32 9 834 0 833 573 1590 910 90 168 
32 9 834 0 833 574 1590 910 90 168 
32 9 834 0 833 575 1590 910 90 168 
32 9 834 0 833 576 1590 910 90 168 
32 9 834 0 833 577 1590 910 90 168 
32 9 834 0 833 578 1590 910 90 168 
32 9 834 0 833 579 1590 910 90 168 
32 9 834 0 833 580 1590 910 90 168 
32 9 834 0 833 581 1590 910 90 168 
32 9 834 0 833 582 1590 910 90 168 
32 9 834 0 833 583 1590 910 90 168 
32 9 834 0 833 584 1590 910 90 168 
32 9 834 0 833 585 1590 910 90 168 
32 9 834 0 833 586 1590 910 90 168 
32 9 834 0 833 587 1590 910 90 168 
32 9 834 0 833 588 1590 910 90 168 
32 9 834 0 833 589 1590 910 90 168 
32 9 834 0 833 590 1590 910 90 168 
32 9 834 0 833 591 1590 910 90 168 
32 9 834 0 833 592 1590 910 90 168 
32 9 834 0 833 593 1590 910 90 168 
32 9 834 0 833 594 1590 910 90 168 
32 9 834 0 833 595 1590 910 90 168 
32 9 834 0 833 596 1590 910 90 168 
32 9 834 0 833 597 1590 910 90 168 
32 9 834 0 833 598 1590 910 90 168 
32 9 834 0 833 599 1590 910 90 168 
32 9 834 0 833 600 1590 910 90 168 
32 9 834 0 833 601 1590 910 90 165 
32 9 834 0 833 602 1590 910 90 165 
32 9 834 0 833 603 1590 910 90 165 
32 9 834 0 833 604 1590 910 90 165 
32 9 834 0 833 605 1590 910 90 165 
32 9 834 0 833 606 1590 910 90 165 
32 9 834 0 833 607 1590 910 90 165 
32 9 834 0 833 608 1590 910 90 165 
32 9 834 0 833 609 1589 910 96 165 
32 9 834 0 833 610 1589 910 96 165 
32 9 834 0 833 611 1589 910 96 165 
32 9 834 0 833 612 1589 910 96 165 
32 9 834 0 833 613 1593 910 90 165 
32 9 834 0 833 614 1593 910 90 165 
32 9 834 0 833 615 1593 910 90 165 
32 9 834 0 833 616 1593 910 90 165 
32 9 834 0 833 617 1592 910 96 165 
32 9 834 0 833 618 1592 910 96 165 
32 9 834 0 833 619 1592 910 96 165 
32 9 834 0 833 620 1592 910 96 165 
32 9 834 0 833 621 1592 910 96 165 
32 9 834 0 833 622 1592 910 96 165 
32 9 834 0 833 623 1592 910 96 165 
32 9 834 0 833 624 1592 910 96 165 
32 9 834 0 833 625 1594 910 96 165 
32 9 834 0 833 626 1594 910 96 165 
32 9 834 0 833 627 1594 910 96 165 
32 9 834 0 833 628 1594 910 96 165 
32 9 834 0 833 629 1594 910 96 165 
32 9 834 0 833 630 1594 910 96 165 
32 9 834 0 833 631 1594 910 96 165 
32 9 834 0 833 632 1594 910 96 165 
32 9 834 0 833 633 1592 910 102 165 
32 9 834 0 833 634 1592 910 102 165 
32 9 834 0 833 635 1592 910 102 165 
32 9 834 0 833 636 1592 910 102 165 
32 9 834 0 833 637 1597 910 96 165 
32 9 834 0 833 638 1597 910 96 165 
32 9 834 0 833 639 1597 910 96 165 
32 9 834 0 833 640 1597 910 96 165 
32 9 834 0 833 641 1595 910 102 165 
32 9 834 0 833 642 1595 910 102 165 
32 9 834 0 833 643 1595 910 102 165 
32 9 834 0 833 644 1595 910 102 165 
32 9 834 0 833 645 1595 910 102 165 
32 9 834 0 833 646 1595 910 102 165 
32 9 834 0 833 647 1595 910 102 165 
32 9 834 0 833 648 1595 910 102 165 
32 9 834 0 833 649 1599 914 100 160 
32 9 834 0 833 650 1595 914 102 160 
32 9 834 0 833 651 1595 914 102 160 
32 9 834 0 833 652 1595 914 102 160 
32 9 834 0 833 653 1595 914 102 160 
32 9 834 0 833 654 1595 914 102 160 
32 9 834 0 833 655 1595 914 102 160 
32 9 834 0 833 656 1595 914 102 160 
32 9 834 0 833 657 1595 914 102 160 
32 9 834 0 833 658 1595 914 102 160 
32 9 834 0 833 659 1595 914 102 160 
32 9 834 0 833 660 1595 914 102 160 
32 9 834 0 833 661 1595 914 102 160 
32 9 834 0 833 662 1595 914 102 160 
32 9 834 0 833 663 1595 914 102 160 
32 9 834 0 833 664 1595 914 102 160 
32 9 834 0 833 665 1595 914 102 160 
32 9 834 0 833 666 1595 914 102 160 
32 9 834 0 833 667 1595 914 102 160 
32 9 834 0 833 668 1595 914 102 160 
32 9 834 0 833 669 1595 917 102 159 
32 9 834 0 833 670 1595 917 102 159 
32 9 834 0 833 671 1595 917 102 159 
32 9 834 0 833 672 1595 917 102 159 
32 9 834 0 833 673 1595 917 102 159 
32 9 834 0 833 674 1595 917 102 159 
32 9 834 0 833 675 1595 917 102 159 
32 9 834 0 833 676 1595 917 102 159 
32 9 834 0 833 677 1595 917 102 159 
32 9 834 0 833 678 1595 917 102 159 
32 9 834 0 833 679 1595 917 102 159 
32 9 834 0 833 680 1595 917 102 159 
32 9 834 0 833 681 1595 917 102 159 
32 9 834 0 833 682 1595 917 102 159 
32 9 834 0 833 683 1595 917 102 159 
32 9 834 0 833 684 1595 917 102 159 
32 9 834 0 833 685 1595 917 102 159 
32 9 834 0 833 686 1595 917 102 159 
32 9 834 0 833 687 1595 917 102 159 
32 9 834 0 833 688 1595 917 102 159 
32 9 834 0 833 689 1595 919 102 159 
32 9 834 0 833 690 1595 919 102 159 
32 9 834 0 833 691 1595 919 102 159 
32 9 834 0 833 692 1595 919 102 159 
32 9 834 0 833 693 1595 919 102 159 
32 9 834 0 833 694 1595 919 102 159 
32 9 834 0 833 695 1595 919 102 159 
32 9 834 0 833 696 1595 919 102 159 
32 9 834 0 833 697 1595 919 102 159 
32 9 834 0 833 698 1595 919 102 159 
32 9 834 0 833 699 1595 919 102 159 
32 9 834 0 833 700 1595 919 102 159 
32 9 834 0 833 701 1595 919 102 159 
32 9 834 0 833 702 1595 919 102 159 
32 9 834 0 833 703 1595 919 102 159 
32 9 834 0 833 704 1595 919 102 159 
32 9 834 0 833 705 1595 919 102 159 
32 9 834 0 833 706 1595 919 102 159 
32 9 834 0 833 707 1595 919 102 159 
32 9 834 0 833 708 1595 922 102 156 
32 9 834 0 833 709 1595 922 102 156 
32 9 834 0 833 710 1595 922 102 156 
32 9 834 0 833 711 1595 922 102 156 
32 9 834 0 833 712 1595 922 102 156 
32 9 834 0 833 713 1595 922 102 156 
32 9 834 0 833 714 1595 922 102 156 
32 9 834 0 833 715 1595 922 102 156 
32 9 834 0 833 716 1595 922 102 156 
32 9 834 0 833 717 1595 922 102 156 
32 9 834 0 833 718 1595 922 102 156 
32 9 834 0 833 719 1595 922 102 156 
32 9 834 0 833 720 1595 922 102 156 
32 9 834 0 833 721 1595 922 102 156 
32 9 834 0 833 722 1595 922 102 156 
32 9 834 0 833 723 1595 922 102 156 
32 9 834 0 833 724 1595 922 102 156 
32 9 834 0 833 725 1595 922 102 156 
32 9 834 0 833 726 1595 922 102 156 
32 9 834 0 833 727 1595 922 102 156 
32 9 834 0 833 728 1595 922 102 156 
32 9 834 0 833 729 1595 922 102 156 
32 9 834 0 833 730 1595 922 102 156 
32 9 834 0 833 731 1595 922 102 156 
32 9 834 0 833 732 1595 922 102 156 
32 9 834 0 833 733 1595 922 102 156 
32 9 834 0 833 734 1595 922 102 156 
32 9 834 0 833 735 1595 922 102 156 
32 9 834 0 833 736 1595 922 102 156 
32 9 834 0 833 737 1595 922 102 156 
32 9 834 0 833 738 1595 922 102 156 
32 9 834 0 833 739 1595 922 102 156 
32 9 834 0 833 740 1595 922 102 156 
32 9 834 0 833 741 1595 922 102 156 
32 9 834 0 833 742 1595 922 102 156 
32 9 834 0 833 743 1595 922 102 156 
32 9 834 0 833 744 1595 922 102 156 
32 9 834 0 833 745 1595 922 102 156 
32 9 834 0 833 746 1595 922 102 156 
32 9 834 0 833 747 1595 922 102 156 
32 9 834 0 833 748 1595 922 102 156 
32 9 834 0 833 749 1595 922 102 156 
32 9 834 0 833 750 1595 922 102 156 
32 9 834 0 833 751 1595 922 102 156 
32 9 834 0 833 752 1595 922 102 156 
32 9 834 0 833 753 1595 922 102 156 
32 9 834 0 833 754 1595 922 102 156 
32 9 834 0 833 755 1595 922 102 156 
32 9 834 0 833 756 1595 922 102 156 
32 9 834 0 833 757 1595 922 102 156 
32 9 834 0 833 758 1595 922 102 156 
32 9 834 0 833 759 1595 922 102 156 
32 9 834 0 833 760 1595 922 102 156 
32 9 834 0 833 761 1595 922 102 156 
32 9 834 0 833 762 1595 922 102 156 
32 9 834 0 833 763 1595 922 102 156 
32 9 834 0 833 764 1595 922 102 156 
32 9 834 0 833 765 1595 922 102 156 
32 9 834 0 833 766 1595 922 102 156 
32 9 834 0 833 767 1595 922 102 156 
32 9 834 0 833 768 1595 922 102 156 
32 9 834 0 833 769 1595 922 102 156 
32 9 834 0 833 770 1595 922 102 156 
32 9 834 0 833 771 1595 922 102 156 
32 9 834 0 833 772 1595 922 102 156 
32 9 834 0 833 773 1595 922 102 156 
32 9 834 0 833 774 1595 922 102 156 
32 9 834 0 833 775 1595 922 102 156 
32 9 834 0 833 776 1595 922 102 156 
32 9 834 0 833 777 1595 922 102 156 
32 9 834 0 833 778 1595 922 102 156 
32 9 834 0 833 779 1595 922 102 156 
32 9 834 0 833 780 1595 922 102 156 
32 9 834 0 833 781 1595 922 102 156 
32 9 834 0 833 782 1595 922 102 156 
32 9 834 0 833 783 1595 922 102 156 
32 9 834 0 833 784 1595 922 102 156 
32 9 834 0 833 785 1595 922 102 156 
32 9 834 0 833 786 1595 922 102 156 
32 9 834 0 833 787 1595 922 102 156 
32 9 834 0 833 788 1595 922 102 156 
32 9 834 0 833 789 1595 922 102 156 
32 9 834 0 833 790 1595 922 102 156 
32 9 834 0 833 791 1595 922 102 156 
32 9 834 0 833 792 1595 922 102 156 
32 9 834 0 833 793 1595 922 102 156 
32 9 834 0 833 794 1595 922 102 156 
32 9 834 0 833 795 1595 922 102 156 
32 9 834 0 833 796 1595 922 102 156 
32 9 834 0 833 797 1595 922 102 156 
32 9 834 0 833 798 1595 922 102 156 
32 9 834 0 833 799 1595 922 102 156 
32 9 834 0 833 800 1595 922 102 156 
32 9 834 0 833 801 1595 922 102 156 
32 9 834 0 833 802 1595 922 102 156 
32 9 834 0 833 803 1595 922 102 156 
32 9 834 0 833 804 1595 922 102 156 
32 9 834 0 833 805 1595 922 102 156 
32 9 834 0 833 806 1595 922 102 156 
32 9 834 0 833 807 1595 922 102 156 
32 9 834 0 833 808 1595 922 102 156 
32 9 834 0 833 809 1595 922 102 156 
32 9 834 0 833 810 1595 922 102 156 
32 9 834 0 833 811 1595 922 102 156 
32 9 834 0 833 812 1595 922 102 156 
32 9 834 0 833 813 1595 922 102 156 
32 9 834 0 833 814 1595 922 102 156 
32 9 834 0 833 815 1595 922 102 156 
32 9 834 0 833 816 1595 922 102 156 
32 9 834 0 833 817 1595 922 102 156 
32 9 834 0 833 818 1595 922 102 156 
32 9 834 0 833 819 1595 922 102 156 
32 9 834 0 833 820 1595 922 102 156 
32 9 834 0 833 821 1595 922 102 156 
32 9 834 0 833 822 1595 922 102 156 
32 9 834 0 833 823 1595 922 102 156 
32 9 834 0 833 824 1595 922 102 156 
32 9 834 0 833 825 1595 922 102 156 
32 9 834 0 833 826 1595 922 102 156 
32 9 834 0 833 827 1595 922 102 156 
32 9 834 0 833 828 1595 922 102 156 
32 9 834 0 833 829 1595 922 102 156 
32 9 834 0 833 830 1595 922 102 156 
32 9 834 0 833 831 1595 922 102 156 
32 9 834 0 833 832 1595 922 102 156 
32 9 834 0 833 833 1595 922 102 156 
33 9 687 0 686 0 1512 849 96 163 
33 9 687 0 686 1 1512 849 96 163 
33 9 687 0 686 2 1512 849 96 163 
33 9 687 0 686 3 1512 849 96 163 
33 9 687 0 686 4 1512 852 96 163 
33 9 687 0 686 5 1509 852 96 163 
33 9 687 0 686 6 1509 852 96 163 
33 9 687 0 686 7 1509 852 96 163 
33 9 687 0 686 8 1509 852 96 163 
33 9 687 0 686 9 1509 852 96 163 
33 9 687 0 686 10 1509 852 96 163 
33 9 687 0 686 11 1509 852 96 163 
33 9 687 0 686 12 1509 852 96 163 
33 9 687 0 686 13 1509 854 96 165 
33 9 687 0 686 14 1509 854 96 165 
33 9 687 0 686 15 1509 854 96 165 
33 9 687 0 686 16 1509 854 96 165 
33 9 687 0 686 17 1509 854 96 165 
33 9 687 0 686 18 1512 854 96 165 
33 9 687 0 686 19 1509 854 96 165 
33 9 687 0 686 20 1509 854 96 165 
33 9 687 0 686 21 1509 854 96 165 
33 9 687 0 686 22 1509 854 96 165 
33 9 687 0 686 23 1509 854 96 165 
33 9 687 0 686 24 1509 854 96 165 
33 9 687 0 686 25 1509 854 96 165 
33 9 687 0 686 26 1509 857 96 163 
33 9 687 0 686 27 1509 857 96 163 
33 9 687 0 686 28 1509 857 96 163 
33 9 687 0 686 29 1512 857 96 163 
33 9 687 0 686 30 1512 854 96 165 
33 9 687 0 686 31 1512 854 96 165 
33 9 687 0 686 32 1512 854 96 165 
33 9 687 0 686 33 1512 854 96 165 
33 9 687 0 686 34 1512 854 96 165 
33 9 687 0 686 35 1512 854 96 165 
33 9 687 0 686 36 1512 854 96 165 
33 9 687 0 686 37 1512 854 96 165 
33 9 687 0 686 38 1512 854 96 165 
33 9 687 0 686 39 1512 854 96 165 
33 9 687 0 686 40 1512 854 96 165 
33 9 687 0 686 41 1512 854 96 165 
33 9 687 0 686 42 1512 854 96 165 
33 9 687 0 686 43 1512 854 96 165 
33 9 687 0 686 44 1512 854 96 165 
33 9 687 0 686 45 1512 854 96 165 
33 9 687 0 686 46 1512 854 96 165 
33 9 687 0 686 47 1512 854 96 165 
33 9 687 0 686 48 1512 854 96 165 
33 9 687 0 686 49 1512 854 96 165 
33 9 687 0 686 50 1512 854 96 165 
33 9 687 0 686 51 1512 854 96 165 
33 9 687 0 686 52 1512 854 96 165 
33 9 687 0 686 53 1512 854 96 165 
33 9 687 0 686 54 1512 854 96 165 
33 9 687 0 686 55 1512 854 96 165 
33 9 687 0 686 56 1512 854 96 165 
33 9 687 0 686 57 1512 854 96 165 
33 9 687 0 686 58 1512 854 96 165 
33 9 687 0 686 59 1512 854 96 165 
33 9 687 0 686 60 1512 854 96 165 
33 9 687 0 686 61 1512 854 96 165 
33 9 687 0 686 62 1512 854 96 165 
33 9 687 0 686 63 1512 852 96 163 
33 9 687 0 686 64 1512 852 96 163 
33 9 687 0 686 65 1512 852 96 163 
33 9 687 0 686 66 1512 852 96 163 
33 9 687 0 686 67 1512 852 96 163 
33 9 687 0 686 68 1512 852 96 163 
33 9 687 0 686 69 1512 852 96 163 
33 9 687 0 686 70 1512 852 96 163 
33 9 687 0 686 71 1512 852 96 163 
33 9 687 0 686 72 1512 852 96 163 
33 9 687 0 686 73 1512 852 96 163 
33 9 687 0 686 74 1512 852 96 163 
33 9 687 0 686 75 1512 852 96 163 
33 9 687 0 686 76 1512 852 96 163 
33 9 687 0 686 77 1512 852 96 163 
33 9 687 0 686 78 1512 852 96 163 
33 9 687 0 686 79 1512 852 96 163 
33 9 687 0 686 80 1512 852 96 163 
33 9 687 0 686 81 1512 852 96 163 
33 9 687 0 686 82 1512 852 96 163 
33 9 687 0 686 83 1512 852 96 163 
33 9 687 0 686 84 1512 852 96 163 
33 9 687 0 686 85 1512 852 96 163 
33 9 687 0 686 86 1512 852 96 163 
33 9 687 0 686 87 1512 852 96 163 
33 9 687 0 686 88 1512 852 96 163 
33 9 687 0 686 89 1512 852 96 163 
33 9 687 0 686 90 1512 852 96 163 
33 9 687 0 686 91 1512 852 96 163 
33 9 687 0 686 92 1512 852 96 163 
33 9 687 0 686 93 1512 852 96 163 
33 9 687 0 686 94 1512 852 96 163 
33 9 687 0 686 95 1512 852 96 163 
33 9 687 0 686 96 1514 852 96 163 
33 9 687 0 686 97 1512 852 96 163 
33 9 687 0 686 98 1512 852 96 163 
33 9 687 0 686 99 1512 852 96 163 
33 9 687 0 686 100 1512 852 96 163 
33 9 687 0 686 101 1512 852 96 163 
33 9 687 0 686 102 1512 852 96 163 
33 9 687 0 686 103 1512 852 96 163 
33 9 687 0 686 104 1512 852 96 163 
33 9 687 0 686 105 1512 852 96 163 
33 9 687 0 686 106 1512 852 96 163 
33 9 687 0 686 107 1512 852 96 163 
33 9 687 0 686 108 1512 852 96 163 
33 9 687 0 686 109 1512 852 96 163 
33 9 687 0 686 110 1512 852 96 163 
33 9 687 0 686 111 1512 852 96 163 
33 9 687 0 686 112 1512 852 96 163 
33 9 687 0 686 113 1512 852 96 163 
33 9 687 0 686 114 1509 852 96 163 
33 9 687 0 686 115 1509 852 96 163 
33 9 687 0 686 116 1509 852 96 163 
33 9 687 0 686 117 1509 852 96 163 
33 9 687 0 686 118 1509 852 96 163 
33 9 687 0 686 119 1509 852 96 163 
33 9 687 0 686 120 1509 852 96 163 
33 9 687 0 686 121 1509 852 96 163 
33 9 687 0 686 122 1509 852 96 163 
33 9 687 0 686 123 1509 852 96 163 
33 9 687 0 686 124 1509 852 96 163 
33 9 687 0 686 125 1509 852 96 163 
33 9 687 0 686 126 1509 852 96 163 
33 9 687 0 686 127 1509 852 96 163 
33 9 687 0 686 128 1509 852 96 163 
33 9 687 0 686 129 1509 852 96 163 
33 9 687 0 686 130 1509 854 96 165 
33 9 687 0 686 131 1506 854 96 165 
33 9 687 0 686 132 1506 854 96 165 
33 9 687 0 686 133 1506 854 96 165 
33 9 687 0 686 134 1506 854 96 165 
33 9 687 0 686 135 1506 854 96 165 
33 9 687 0 686 136 1506 854 96 165 
33 9 687 0 686 137 1506 854 96 165 
33 9 687 0 686 138 1506 854 96 165 
33 9 687 0 686 139 1506 854 96 165 
33 9 687 0 686 140 1506 854 96 165 
33 9 687 0 686 141 1506 854 96 165 
33 9 687 0 686 142 1506 854 96 165 
33 9 687 0 686 143 1506 854 96 165 
33 9 687 0 686 144 1506 854 96 165 
33 9 687 0 686 145 1504 854 96 165 
33 9 687 0 686 146 1504 854 96 165 
33 9 687 0 686 147 1504 854 96 165 
33 9 687 0 686 148 1504 854 96 165 
33 9 687 0 686 149 1504 854 96 165 
33 9 687 0 686 150 1504 854 96 165 
33 9 687 0 686 151 1504 854 96 165 
33 9 687 0 686 152 1504 854 96 165 
33 9 687 0 686 153 1504 854 96 165 
33 9 687 0 686 154 1504 854 96 165 
33 9 687 0 686 155 1504 854 96 165 
33 9 687 0 686 156 1504 854 96 165 
33 9 687 0 686 157 1504 854 96 165 
33 9 687 0 686 158 1504 857 96 163 
33 9 687 0 686 159 1501 857 96 163 
33 9 687 0 686 160 1501 857 96 163 
33 9 687 0 686 161 1498 860 96 163 
33 9 687 0 686 162 1498 860 96 163 
33 9 687 0 686 163 1498 862 96 165 
33 9 687 0 686 164 1496 862 96 165 
33 9 687 0 686 165 1496 862 96 165 
33 9 687 0 686 166 1496 865 96 163 
33 9 687 0 686 167 1493 865 96 163 
33 9 687 0 686 168 1493 865 96 163 
33 9 687 0 686 169 1493 868 96 163 
33 9 687 0 686 170 1490 868 96 163 
33 9 687 0 686 171 1488 868 96 163 
33 9 687 0 686 172 1485 868 96 163 
33 9 687 0 686 173 1482 870 96 165 
33 9 687 0 686 174 1480 870 96 165 
33 9 687 0 686 175 1477 870 96 165 
33 9 687 0 686 176 1474 870 96 165 
33 9 687 0 686 177 1472 870 96 165 
33 9 687 0 686 178 1469 870 96 165 
33 9 687 0 686 179 1466 870 96 165 
33 9 687 0 686 180 1464 873 96 163 
33 9 687 0 686 181 1461 873 96 163 
33 9 687 0 686 182 1461 873 96 163 
33 9 687 0 686 183 1458 873 96 163 
33 9 687 0 686 184 1458 873 96 163 
33 9 687 0 686 185 1458 876 96 163 
33 9 687 0 686 186 1456 876 96 163 
33 9 687 0 686 187 1453 876 96 163 
33 9 687 0 686 188 1450 878 96 165 
33 9 687 0 686 189 1448 878 96 165 
33 9 687 0 686 190 1445 878 96 165 
33 9 687 0 686 191 1445 881 96 163 
33 9 687 0 686 192 1442 881 96 163 
33 9 687 0 686 193 1440 881 96 163 
33 9 687 0 686 194 1437 881 96 163 
33 9 687 0 686 195 1434 881 96 163 
33 9 687 0 686 196 1432 881 96 163 
33 9 687 0 686 197 1429 881 96 163 
33 9 687 0 686 198 1426 881 96 163 
33 9 687 0 686 199 1426 884 96 163 
33 9 687 0 686 200 1424 884 96 163 
33 9 687 0 686 201 1421 884 96 163 
33 9 687 0 686 202 1418 884 96 163 
33 9 687 0 686 203 1416 884 96 163 
33 9 687 0 686 204 1413 881 96 163 
33 9 687 0 686 205 1410 881 96 163 
33 9 687 0 686 206 1408 881 96 163 
33 9 687 0 686 207 1405 881 96 163 
33 9 687 0 686 208 1402 878 96 165 
33 9 687 0 686 209 1400 878 96 165 
33 9 687 0 686 210 1397 878 96 165 
33 9 687 0 686 211 1397 878 96 165 
33 9 687 0 686 212 1394 878 96 165 
33 9 687 0 686 213 1392 878 96 165 
33 9 687 0 686 214 1389 878 96 165 
33 9 687 0 686 215 1386 878 96 165 
33 9 687 0 686 216 1384 881 96 163 
33 9 687 0 686 217 1378 881 96 163 
33 9 687 0 686 218 1376 881 96 163 
33 9 687 0 686 219 1373 884 96 163 
33 9 687 0 686 220 1370 884 96 163 
33 9 687 0 686 221 1368 884 96 163 
33 9 687 0 686 222 1368 884 96 163 
33 9 687 0 686 223 1365 884 96 163 
33 9 687 0 686 224 1362 884 96 163 
33 9 687 0 686 225 1362 884 96 163 
33 9 687 0 686 226 1357 884 96 163 
33 9 687 0 686 227 1354 884 96 163 
33 9 687 0 686 228 1352 886 96 165 
33 9 687 0 686 229 1346 886 96 165 
33 9 687 0 686 230 1344 886 96 165 
33 9 687 0 686 231 1341 886 96 165 
33 9 687 0 686 232 1338 886 96 165 
33 9 687 0 686 233 1336 886 96 165 
33 9 687 0 686 234 1333 886 96 165 
33 9 687 0 686 235 1330 889 96 163 
33 9 687 0 686 236 1328 886 96 165 
33 9 687 0 686 237 1325 884 96 163 
33 9 687 0 686 238 1322 884 96 163 
33 9 687 0 686 239 1320 884 96 163 
33 9 687 0 686 240 1317 884 96 163 
33 9 687 0 686 241 1314 884 96 163 
33 9 687 0 686 242 1312 884 96 163 
33 9 687 0 686 243 1312 886 96 165 
33 9 687 0 686 244 1306 884 96 163 
33 9 687 0 686 245 1304 884 96 163 
33 9 687 0 686 246 1301 884 96 163 
33 9 687 0 686 247 1298 884 96 163 
33 9 687 0 686 248 1296 884 96 163 
33 9 687 0 686 249 1293 884 96 163 
33 9 687 0 686 250 1290 886 96 165 
33 9 687 0 686 251 1288 886 96 165 
33 9 687 0 686 252 1285 886 96 165 
33 9 687 0 686 253 1282 886 96 165 
33 9 687 0 686 254 1280 886 96 165 
33 9 687 0 686 255 1277 886 96 165 
33 9 687 0 686 256 1277 889 96 163 
33 9 687 0 686 257 1272 889 96 163 
33 9 687 0 686 258 1269 889 96 163 
33 9 687 0 686 259 1266 889 96 163 
33 9 687 0 686 260 1264 889 96 163 
33 9 687 0 686 261 1261 889 96 163 
33 9 687 0 686 262 1258 889 96 163 
33 9 687 0 686 263 1256 889 96 163 
33 9 687 0 686 264 1253 892 96 163 
33 9 687 0 686 265 1250 889 96 163 
33 9 687 0 686 266 1248 889 96 163 
33 9 687 0 686 267 1245 889 96 163 
33 9 687 0 686 268 1242 889 96 163 
33 9 687 0 686 269 1240 889 96 163 
33 9 687 0 686 270 1237 889 96 163 
33 9 687 0 686 271 1234 889 96 163 
33 9 687 0 686 272 1232 889 96 163 
33 9 687 0 686 273 1229 889 96 163 
33 9 687 0 686 274 1226 889 96 163 
33 9 687 0 686 275 1224 889 96 163 
33 9 687 0 686 276 1221 889 96 163 
33 9 687 0 686 277 1218 889 96 163 
33 9 687 0 686 278 1216 889 96 163 
33 9 687 0 686 279 1213 892 96 163 
33 9 687 0 686 280 1210 892 96 163 
33 9 687 0 686 281 1208 892 96 163 
33 9 687 0 686 282 1205 892 96 163 
33 9 687 0 686 283 1202 892 96 163 
33 9 687 0 686 284 1200 894 96 165 
33 9 687 0 686 285 1197 892 96 163 
33 9 687 0 686 286 1194 892 96 163 
33 9 687 0 686 287 1192 892 96 163 
33 9 687 0 686 288 1189 892 96 163 
33 9 687 0 686 289 1186 892 96 163 
33 9 687 0 686 290 1184 892 96 163 
33 9 687 0 686 291 1184 892 96 163 
33 9 687 0 686 292 1181 892 96 163 
33 9 687 0 686 293 1178 892 96 163 
33 9 687 0 686 294 1176 892 96 163 
33 9 687 0 686 295 1173 892 96 163 
33 9 687 0 686 296 1170 892 96 163 
33 9 687 0 686 297 1168 894 96 165 
33 9 687 0 686 298 1165 892 96 163 
33 9 687 0 686 299 1162 892 96 163 
33 9 687 0 686 300 1160 892 96 163 
33 9 687 0 686 301 1152 892 102 163 
33 9 687 0 686 302 1151 892 100 163 
33 9 687 0 686 303 1147 892 102 163 
33 9 687 0 686 304 1144 892 102 163 
33 9 687 0 686 305 1143 895 100 160 
33 9 687 0 686 306 1139 895 102 160 
33 9 687 0 686 307 1136 895 102 160 
33 9 687 0 686 308 1135 895 100 160 
33 9 687 0 686 309 1131 895 102 160 
33 9 687 0 686 310 1128 899 102 156 
33 9 687 0 686 311 1127 899 100 156 
33 9 687 0 686 312 1123 899 102 156 
33 9 687 0 686 313 1120 899 102 156 
33 9 687 0 686 314 1119 899 100 156 
33 9 687 0 686 315 1115 902 102 151 
33 9 687 0 686 316 1112 902 102 151 
33 9 687 0 686 317 1111 902 100 151 
33 9 687 0 686 318 1111 902 100 151 
33 9 687 0 686 319 1107 902 102 151 
33 9 687 0 686 320 1104 902 102 151 
33 9 687 0 686 321 1104 902 102 151 
33 9 687 0 686 322 1103 902 100 151 
33 9 687 0 686 323 1099 902 102 151 
33 9 687 0 686 324 1099 902 102 151 
33 9 687 0 686 325 1096 902 102 151 
33 9 687 0 686 326 1095 902 100 151 
33 9 687 0 686 327 1095 902 100 151 
33 9 687 0 686 328 1091 902 102 151 
33 9 687 0 686 329 1088 902 102 151 
33 9 687 0 686 330 1088 902 102 151 
33 9 687 0 686 331 1087 902 100 151 
33 9 687 0 686 332 1083 902 102 151 
33 9 687 0 686 333 1083 902 102 151 
33 9 687 0 686 334 1080 902 102 151 
33 9 687 0 686 335 1079 902 100 151 
33 9 687 0 686 336 1079 902 100 151 
33 9 687 0 686 337 1075 902 102 151 
33 9 687 0 686 338 1072 902 102 151 
33 9 687 0 686 339 1072 902 102 151 
33 9 687 0 686 340 1071 899 100 156 
33 9 687 0 686 341 1071 899 100 156 
33 9 687 0 686 342 1067 899 102 156 
33 9 687 0 686 343 1067 899 102 156 
33 9 687 0 686 344 1064 899 102 156 
33 9 687 0 686 345 1064 899 102 156 
33 9 687 0 686 346 1063 899 100 156 
33 9 687 0 686 347 1063 899 100 156 
33 9 687 0 686 348 1059 899 102 156 
33 9 687 0 686 349 1059 899 102 156 
33 9 687 0 686 350 1056 899 102 156 
33 9 687 0 686 351 1056 899 102 156 
33 9 687 0 686 352 1055 899 100 156 
33 9 687 0 686 353 1055 898 100 160 
33 9 687 0 686 354 1055 898 100 160 
33 9 687 0 686 355 1051 898 102 160 
33 9 687 0 686 356 1051 898 102 160 
33 9 687 0 686 357 1048 898 102 160 
33 9 687 0 686 358 1048 898 102 160 
33 9 687 0 686 359 1047 898 100 160 
33 9 687 0 686 360 1047 898 100 160 
33 9 687 0 686 361 1043 898 102 160 
33 9 687 0 686 362 1043 898 102 160 
33 9 687 0 686 363 1040 898 102 160 
33 9 687 0 686 364 1040 898 102 160 
33 9 687 0 686 365 1039 898 100 160 
33 9 687 0 686 366 1039 898 100 160 
33 9 687 0 686 367 1039 897 100 163 
33 9 687 0 686 368 1035 897 102 163 
33 9 687 0 686 369 1035 897 102 163 
33 9 687 0 686 370 1032 897 102 163 
33 9 687 0 686 371 1032 897 102 163 
33 9 687 0 686 372 1031 897 100 163 
33 9 687 0 686 373 1031 897 100 163 
33 9 687 0 686 374 1027 897 102 163 
33 9 687 0 686 375 1027 897 102 163 
33 9 687 0 686 376 1024 897 102 163 
33 9 687 0 686 377 1024 897 102 163 
33 9 687 0 686 378 1023 897 100 163 
33 9 687 0 686 379 1023 897 100 163 
33 9 687 0 686 380 1023 897 100 168 
33 9 687 0 686 381 1023 900 100 163 
33 9 687 0 686 382 1023 912 100 153 
33 9 687 0 686 383 1011 903 116 160 
33 9 687 0 686 384 1011 900 116 163 
33 9 687 0 686 385 1011 900 116 163 
33 9 687 0 686 386 1011 900 116 163 
33 9 687 0 686 387 1011 900 116 163 
33 9 687 0 686 388 1011 900 116 163 
33 9 687 0 686 389 1011 900 116 163 
33 9 687 0 686 390 1014 900 112 163 
33 9 687 0 686 391 1014 900 112 163 
33 9 687 0 686 392 1014 900 112 163 
33 9 687 0 686 393 1014 900 112 163 
33 9 687 0 686 394 1014 900 112 163 
33 9 687 0 686 395 1014 900 112 163 
33 9 687 0 686 396 1018 900 106 163 
33 9 687 0 686 397 1018 900 106 163 
33 9 687 0 686 398 1018 900 106 163 
33 9 687 0 686 399 1017 900 112 163 
33 9 687 0 686 400 1017 900 112 163 
33 9 687 0 686 401 1017 900 112 163 
33 9 687 0 686 402 1017 900 112 163 
33 9 687 0 686 403 1021 900 106 163 
33 9 687 0 686 404 1021 900 106 163 
33 9 687 0 686 405 1021 900 106 163 
33 9 687 0 686 406 1021 900 106 163 
33 9 687 0 686 407 1021 900 106 163 
33 9 687 0 686 408 1021 900 106 163 
33 9 687 0 686 409 1024 900 102 163 
33 9 687 0 686 410 1024 900 102 163 
33 9 687 0 686 411 1024 900 102 163 
33 9 687 0 686 412 1024 900 102 163 
33 9 687 0 686 413 1024 900 102 163 
33 9 687 0 686 414 1024 900 102 163 
33 9 687 0 686 415 1027 900 102 163 
33 9 687 0 686 416 1027 900 102 163 
33 9 687 0 686 417 1027 900 102 163 
33 9 687 0 686 418 1027 900 102 163 
33 9 687 0 686 419 1027 900 102 163 
33 9 687 0 686 420 1027 900 102 163 
33 9 687 0 686 421 1027 900 102 163 
33 9 687 0 686 422 1027 900 102 163 
33 9 687 0 686 423 1027 900 102 163 
33 9 687 0 686 424 1027 900 102 163 
33 9 687 0 686 425 1027 900 102 163 
33 9 687 0 686 426 1027 900 102 163 
33 9 687 0 686 427 1027 900 102 163 
33 9 687 0 686 428 1027 900 102 163 
33 9 687 0 686 429 1027 900 102 163 
33 9 687 0 686 430 1027 900 102 163 
33 9 687 0 686 431 1027 900 102 163 
33 9 687 0 686 432 1031 900 100 163 
33 9 687 0 686 433 1031 900 100 163 
33 9 687 0 686 434 1031 900 100 163 
33 9 687 0 686 435 1031 900 100 163 
33 9 687 0 686 436 1031 900 100 163 
33 9 687 0 686 437 1031 900 100 163 
33 9 687 0 686 438 1031 900 100 163 
33 9 687 0 686 439 1031 900 100 163 
33 9 687 0 686 440 1031 900 100 163 
33 9 687 0 686 441 1031 900 100 163 
33 9 687 0 686 442 1031 900 100 163 
33 9 687 0 686 443 1031 900 100 163 
33 9 687 0 686 444 1031 900 100 163 
33 9 687 0 686 445 1031 900 100 163 
33 9 687 0 686 446 1031 900 100 163 
33 9 687 0 686 447 1031 900 100 163 
33 9 687 0 686 448 1032 900 102 163 
33 9 687 0 686 449 1031 897 100 163 
33 9 687 0 686 450 1031 897 100 163 
33 9 687 0 686 451 1031 897 100 163 
33 9 687 0 686 452 1031 897 100 163 
33 9 687 0 686 453 1031 897 100 163 
33 9 687 0 686 454 1031 897 100 163 
33 9 687 0 686 455 1031 897 100 163 
33 9 687 0 686 456 1027 894 102 165 
33 9 687 0 686 457 1027 894 102 165 
33 9 687 0 686 458 1027 894 102 165 
33 9 687 0 686 459 1027 894 102 165 
33 9 687 0 686 460 1027 894 102 165 
33 9 687 0 686 461 1027 894 102 165 
33 9 687 0 686 462 1027 894 102 165 
33 9 687 0 686 463 1027 892 102 163 
33 9 687 0 686 464 1027 892 102 163 
33 9 687 0 686 465 1027 892 102 163 
33 9 687 0 686 466 1027 892 102 163 
33 9 687 0 686 467 1027 892 102 163 
33 9 687 0 686 468 1027 892 102 163 
33 9 687 0 686 469 1027 892 102 163 
33 9 687 0 686 470 1027 892 102 163 
33 9 687 0 686 471 1031 892 100 163 
33 9 687 0 686 472 1027 892 102 163 
33 9 687 0 686 473 1027 892 102 163 
33 9 687 0 686 474 1027 892 102 163 
33 9 687 0 686 475 1027 892 102 163 
33 9 687 0 686 476 1027 892 102 163 
33 9 687 0 686 477 1024 892 102 163 
33 9 687 0 686 478 1024 892 102 163 
33 9 687 0 686 479 1024 892 102 163 
33 9 687 0 686 480 1024 892 102 163 
33 9 687 0 686 481 1024 894 102 165 
33 9 687 0 686 482 1023 894 100 165 
33 9 687 0 686 483 1019 894 102 165 
33 9 687 0 686 484 1019 894 102 165 
33 9 687 0 686 485 1016 894 102 165 
33 9 687 0 686 486 1015 894 100 165 
33 9 687 0 686 487 1015 894 100 165 
33 9 687 0 686 488 1011 894 102 165 
33 9 687 0 686 489 1011 894 102 165 
33 9 687 0 686 490 1008 894 102 165 
33 9 687 0 686 491 1007 894 100 165 
33 9 687 0 686 492 1007 894 100 165 
33 9 687 0 686 493 1003 894 102 165 
33 9 687 0 686 494 1003 894 102 165 
33 9 687 0 686 495 1000 894 102 165 
33 9 687 0 686 496 999 894 100 165 
33 9 687 0 686 497 999 894 100 165 
33 9 687 0 686 498 995 894 102 165 
33 9 687 0 686 499 992 894 102 165 
33 9 687 0 686 500 992 894 102 165 
33 9 687 0 686 501 991 894 100 165 
33 9 687 0 686 502 991 894 100 165 
33 9 687 0 686 503 987 894 102 165 
33 9 687 0 686 504 984 894 102 165 
33 9 687 0 686 505 984 894 102 165 
33 9 687 0 686 506 983 894 100 165 
33 9 687 0 686 507 983 897 100 163 
33 9 687 0 686 508 979 897 102 163 
33 9 687 0 686 509 976 897 102 163 
33 9 687 0 686 510 975 897 100 163 
33 9 687 0 686 511 971 897 102 163 
33 9 687 0 686 512 968 897 102 163 
33 9 687 0 686 513 967 897 100 163 
33 9 687 0 686 514 967 897 100 163 
33 9 687 0 686 515 963 897 102 163 
33 9 687 0 686 516 960 897 102 163 
33 9 687 0 686 517 959 900 100 163 
33 9 687 0 686 518 955 900 102 163 
33 9 687 0 686 519 952 900 102 163 
33 9 687 0 686 520 952 900 102 163 
33 9 687 0 686 521 951 900 100 163 
33 9 687 0 686 522 947 900 102 163 
33 9 687 0 686 523 944 900 102 163 
33 9 687 0 686 524 943 900 100 163 
33 9 687 0 686 525 939 900 102 163 
33 9 687 0 686 526 939 902 102 165 
33 9 687 0 686 527 936 902 102 165 
33 9 687 0 686 528 935 902 100 165 
33 9 687 0 686 529 931 902 102 165 
33 9 687 0 686 530 928 902 102 165 
33 9 687 0 686 531 927 902 100 165 
33 9 687 0 686 532 927 902 100 165 
33 9 687 0 686 533 923 902 102 165 
33 9 687 0 686 534 920 902 102 165 
33 9 687 0 686 535 919 905 100 163 
33 9 687 0 686 536 915 905 102 163 
33 9 687 0 686 537 912 905 102 163 
33 9 687 0 686 538 912 905 102 163 
33 9 687 0 686 539 911 905 100 163 
33 9 687 0 686 540 907 905 102 163 
33 9 687 0 686 541 904 905 102 163 
33 9 687 0 686 542 903 905 100 163 
33 9 687 0 686 543 899 905 102 163 
33 9 687 0 686 544 899 908 102 163 
33 9 687 0 686 545 895 908 100 163 
33 9 687 0 686 546 891 908 102 163 
33 9 687 0 686 547 888 908 102 163 
33 9 687 0 686 548 887 908 100 163 
33 9 687 0 686 549 880 908 102 163 
33 9 687 0 686 550 879 908 100 163 
33 9 687 0 686 551 875 908 102 163 
33 9 687 0 686 552 872 908 102 163 
33 9 687 0 686 553 867 908 102 163 
33 9 687 0 686 554 864 908 102 163 
33 9 687 0 686 555 863 908 100 163 
33 9 687 0 686 556 859 908 102 163 
33 9 687 0 686 557 855 908 100 163 
33 9 687 0 686 558 851 908 102 163 
33 9 687 0 686 559 848 908 102 163 
33 9 687 0 686 560 847 908 100 163 
33 9 687 0 686 561 840 908 102 163 
33 9 687 0 686 562 839 908 100 163 
33 9 687 0 686 563 835 908 102 163 
33 9 687 0 686 564 832 908 102 163 
33 9 687 0 686 565 827 908 102 163 
33 9 687 0 686 566 824 908 102 163 
33 9 687 0 686 567 823 908 100 163 
33 9 687 0 686 568 819 908 102 163 
33 9 687 0 686 569 815 908 100 163 
33 9 687 0 686 570 811 908 102 163 
33 9 687 0 686 571 808 908 102 163 
33 9 687 0 686 572 807 910 100 165 
33 9 687 0 686 573 800 910 102 165 
33 9 687 0 686 574 799 910 100 165 
33 9 687 0 686 575 795 910 102 165 
33 9 687 0 686 576 792 910 102 165 
33 9 687 0 686 577 787 910 102 165 
33 9 687 0 686 578 784 910 102 165 
33 9 687 0 686 579 783 910 100 165 
33 9 687 0 686 580 779 910 102 165 
33 9 687 0 686 581 775 910 100 165 
33 9 687 0 686 582 771 910 102 165 
33 9 687 0 686 583 768 910 102 165 
33 9 687 0 686 584 767 910 100 165 
33 9 687 0 686 585 760 910 102 165 
33 9 687 0 686 586 759 910 100 165 
33 9 687 0 686 587 755 910 102 165 
33 9 687 0 686 588 752 910 102 165 
33 9 687 0 686 589 747 910 102 165 
33 9 687 0 686 590 744 910 102 165 
33 9 687 0 686 591 743 910 100 165 
33 9 687 0 686 592 739 910 102 165 
33 9 687 0 686 593 735 910 100 165 
33 9 687 0 686 594 731 910 102 165 
33 9 687 0 686 595 728 910 102 165 
33 9 687 0 686 596 727 910 100 165 
33 9 687 0 686 597 720 910 102 165 
33 9 687 0 686 598 719 910 100 165 
33 9 687 0 686 599 715 910 102 165 
33 9 687 0 686 600 712 913 102 163 
33 9 687 0 686 601 707 913 102 163 
33 9 687 0 686 602 701 913 106 163 
33 9 687 0 686 603 698 913 106 163 
33 9 687 0 686 604 692 913 112 163 
33 9 687 0 686 605 689 913 112 163 
33 9 687 0 686 606 683 913 116 166 
33 9 687 0 686 607 679 913 118 166 
33 9 687 0 686 608 673 913 122 166 
33 9 687 0 686 609 670 913 122 166 
33 9 687 0 686 610 664 913 128 166 
33 9 687 0 686 611 661 913 128 166 
33 9 687 0 686 612 655 912 132 166 
33 9 687 0 686 613 651 912 134 166 
33 9 687 0 686 614 645 912 138 166 
33 9 687 0 686 615 642 912 138 166 
33 9 687 0 686 616 636 912 144 166 
33 9 687 0 686 617 633 911 144 167 
33 9 687 0 686 618 628 911 144 167 
33 9 687 0 686 619 625 911 144 167 
33 9 687 0 686 620 622 911 144 167 
33 9 687 0 686 621 620 911 144 167 
33 9 687 0 686 622 617 911 144 167 
33 9 687 0 686 623 614 911 144 167 
33 9 687 0 686 624 609 911 144 167 
33 9 687 0 686 625 606 911 144 167 
33 9 687 0 686 626 604 911 144 167 
33 9 687 0 686 627 601 911 144 167 
33 9 687 0 686 628 598 911 144 167 
33 9 687 0 686 629 596 911 144 167 
33 9 687 0 686 630 593 911 144 167 
33 9 687 0 686 631 588 911 144 167 
33 9 687 0 686 632 585 911 144 167 
33 9 687 0 686 633 582 911 144 167 
33 9 687 0 686 634 580 911 144 167 
33 9 687 0 686 635 577 911 144 167 
33 9 687 0 686 636 574 911 144 167 
33 9 687 0 686 637 569 911 144 167 
33 9 687 0 686 638 566 911 144 167 
33 9 687 0 686 639 564 911 144 167 
33 9 687 0 686 640 561 911 144 167 
33 9 687 0 686 641 558 911 144 167 
33 9 687 0 686 642 556 911 144 167 
33 9 687 0 686 643 553 911 144 167 
33 9 687 0 686 644 548 908 144 170 
33 9 687 0 686 645 545 908 144 170 
33 9 687 0 686 646 542 908 144 170 
33 9 687 0 686 647 537 908 144 170 
33 9 687 0 686 648 534 906 144 172 
33 9 687 0 686 649 532 906 144 172 
33 9 687 0 686 650 526 906 144 172 
33 9 687 0 686 651 524 906 144 172 
33 9 687 0 686 652 521 903 144 175 
33 9 687 0 686 653 518 903 144 175 
33 9 687 0 686 654 513 903 144 175 
33 9 687 0 686 655 510 903 144 175 
33 9 687 0 686 656 508 900 144 177 
33 9 687 0 686 657 502 900 144 177 
33 9 687 0 686 658 500 900 144 177 
33 9 687 0 686 659 497 900 144 177 
33 9 687 0 686 660 494 900 144 177 
33 9 687 0 686 661 493 900 138 177 
33 9 687 0 686 662 491 900 134 177 
33 9 687 0 686 663 490 900 128 177 
33 9 687 0 686 664 488 900 128 177 
33 9 687 0 686 665 491 903 116 175 
33 9 687 0 686 666 489 903 112 175 
33 9 687 0 686 667 486 903 112 175 
33 9 687 0 686 668 485 903 106 175 
33 9 687 0 686 669 483 903 102 175 
33 9 687 0 686 670 485 906 96 172 
33 9 687 0 686 671 485 906 96 172 
33 9 687 0 686 672 485 906 96 172 
33 9 687 0 686 673 485 906 96 172 
33 9 687 0 686 674 485 906 96 172 
33 9 687 0 686 675 485 906 96 172 
33 9 687 0 686 676 485 906 96 172 
33 9 687 0 686 677 485 906 96 172 
33 9 687 0 686 678 485 906 96 172 
33 9 687 0 686 679 485 906 96 172 
33 9 687 0 686 680 485 906 96 172 
33 9 687 0 686 681 485 906 96 172 
33 9 687 0 686 682 485 906 96 172 
33 9 687 0 686 683 485 906 96 172 
33 9 687 0 686 684 485 906 96 172 
33 9 687 0 686 685 485 906 96 172 
33 9 687 0 686 686 485 906 96 172 
35 9 485 38 522 38 1407 609 86 163 
35 9 485 38 522 39 1406 613 90 159 
35 9 485 38 522 40 1411 613 84 159 
35 9 485 38 522 41 1411 613 84 159 
35 9 485 38 522 42 1409 612 90 163 
35 9 485 38 522 43 1412 615 86 160 
35 9 485 38 522 44 1412 615 86 160 
35 9 485 38 522 45 1411 614 92 165 
35 9 485 38 522 46 1415 614 86 165 
35 9 485 38 522 47 1415 618 86 160 
35 9 485 38 522 48 1414 618 90 160 
35 9 485 38 522 49 1419 617 84 163 
35 9 485 38 522 50 1417 617 90 163 
35 9 485 38 522 51 1417 621 90 159 
35 9 485 38 522 52 1420 621 86 159 
35 9 485 38 522 53 1419 620 92 163 
35 9 485 38 522 54 1419 620 92 163 
35 9 485 38 522 55 1423 623 86 160 
35 9 485 38 522 56 1422 622 90 165 
35 9 485 38 522 57 1422 622 90 165 
35 9 485 38 522 58 1427 622 84 165 
35 9 485 38 522 59 1425 626 90 160 
35 9 485 38 522 60 1425 625 90 163 
35 9 485 38 522 61 1428 625 86 163 
35 9 485 38 522 62 1427 625 92 163 
35 9 485 38 522 63 1427 629 92 159 
35 9 485 38 522 64 1431 628 86 163 
35 9 485 38 522 65 1430 628 90 163 
35 9 485 38 522 66 1430 628 90 163 
35 9 485 38 522 67 1433 630 90 165 
35 9 485 38 522 68 1430 631 90 160 
35 9 485 38 522 69 1430 631 90 160 
35 9 485 38 522 70 1430 631 90 160 
35 9 485 38 522 71 1431 631 86 160 
35 9 485 38 522 72 1431 631 86 160 
35 9 485 38 522 73 1431 631 86 160 
35 9 485 38 522 74 1431 631 86 160 
35 9 485 38 522 75 1431 631 86 160 
35 9 485 38 522 76 1431 631 86 160 
35 9 485 38 522 77 1435 631 84 160 
35 9 485 38 522 78 1435 634 84 160 
35 9 485 38 522 79 1435 634 84 160 
35 9 485 38 522 80 1436 634 86 160 
35 9 485 38 522 81 1436 634 86 160 
35 9 485 38 522 82 1436 637 86 159 
35 9 485 38 522 83 1439 637 86 159 
35 9 485 38 522 84 1439 637 86 159 
35 9 485 38 522 85 1439 639 86 160 
35 9 485 38 522 86 1443 639 84 160 
35 9 485 38 522 87 1443 639 84 160 
35 9 485 38 522 88 1443 639 84 160 
35 9 485 38 522 89 1444 642 86 160 
35 9 485 38 522 90 1444 642 86 160 
35 9 485 38 522 91 1444 642 86 160 
35 9 485 38 522 92 1447 642 86 160 
35 9 485 38 522 93 1447 645 86 159 
35 9 485 38 522 94 1447 645 86 159 
35 9 485 38 522 95 1451 645 84 159 
35 9 485 38 522 96 1451 647 84 160 
35 9 485 38 522 97 1451 647 84 160 
35 9 485 38 522 98 1452 647 86 160 
35 9 485 38 522 99 1452 647 86 160 
35 9 485 38 522 100 1452 650 86 160 
35 9 485 38 522 101 1455 650 86 160 
35 9 485 38 522 102 1455 650 86 160 
35 9 485 38 522 103 1455 653 86 159 
35 9 485 38 522 104 1459 653 84 159 
35 9 485 38 522 105 1459 653 84 159 
35 9 485 38 522 106 1459 653 84 159 
35 9 485 38 522 107 1460 655 86 160 
35 9 485 38 522 108 1460 655 86 160 
35 9 485 38 522 109 1460 655 86 160 
35 9 485 38 522 110 1463 655 86 160 
35 9 485 38 522 111 1463 658 86 160 
35 9 485 38 522 112 1463 658 86 160 
35 9 485 38 522 113 1467 658 84 160 
35 9 485 38 522 114 1467 661 84 159 
35 9 485 38 522 115 1467 661 84 159 
35 9 485 38 522 116 1468 661 86 159 
35 9 485 38 522 117 1468 661 86 159 
35 9 485 38 522 118 1468 663 86 160 
35 9 485 38 522 119 1471 663 86 160 
35 9 485 38 522 120 1471 663 86 160 
35 9 485 38 522 121 1475 666 84 160 
35 9 485 38 522 122 1475 666 84 160 
35 9 485 38 522 123 1475 666 84 160 
35 9 485 38 522 124 1476 666 86 160 
35 9 485 38 522 125 1476 669 86 159 
35 9 485 38 522 126 1479 669 86 159 
35 9 485 38 522 127 1479 669 86 159 
35 9 485 38 522 128 1479 669 86 159 
35 9 485 38 522 129 1483 671 84 160 
35 9 485 38 522 130 1483 671 84 160 
35 9 485 38 522 131 1484 671 86 160 
35 9 485 38 522 132 1484 670 86 165 
35 9 485 38 522 133 1483 674 92 160 
35 9 485 38 522 134 1487 674 86 160 
35 9 485 38 522 135 1487 674 86 160 
35 9 485 38 522 136 1491 673 84 163 
35 9 485 38 522 137 1491 677 84 159 
35 9 485 38 522 138 1489 677 90 159 
35 9 485 38 522 139 1492 677 86 159 
35 9 485 38 522 140 1491 676 92 163 
35 9 485 38 522 141 1495 679 86 160 
35 9 485 38 522 142 1495 679 86 160 
35 9 485 38 522 143 1499 678 84 165 
35 9 485 38 522 144 1499 678 84 165 
35 9 485 38 522 145 1497 682 90 160 
35 9 485 38 522 146 1500 682 86 160 
35 9 485 38 522 147 1499 681 92 163 
35 9 485 38 522 148 1503 681 86 163 
35 9 485 38 522 149 1503 685 86 159 
35 9 485 38 522 150 1502 685 90 159 
35 9 485 38 522 151 1507 684 84 163 
35 9 485 38 522 152 1505 684 90 163 
35 9 485 38 522 153 1508 687 86 160 
35 9 485 38 522 154 1507 686 92 165 
35 9 485 38 522 155 1507 686 92 165 
35 9 485 38 522 156 1511 690 86 160 
35 9 485 38 522 157 1510 690 90 160 
35 9 485 38 522 158 1515 689 84 163 
35 9 485 38 522 159 1513 689 90 163 
35 9 485 38 522 160 1513 693 90 159 
35 9 485 38 522 161 1516 693 86 159 
35 9 485 38 522 162 1515 692 92 163 
35 9 485 38 522 163 1519 692 86 163 
35 9 485 38 522 164 1518 695 90 160 
35 9 485 38 522 165 1523 694 84 165 
35 9 485 38 522 166 1521 694 90 165 
35 9 485 38 522 167 1521 694 90 165 
35 9 485 38 522 168 1524 698 86 160 
35 9 485 38 522 169 1523 697 92 163 
35 9 485 38 522 170 1527 697 86 163 
35 9 485 38 522 171 1526 697 90 163 
35 9 485 38 522 172 1526 701 90 159 
35 9 485 38 522 173 1529 700 90 163 
35 9 485 38 522 174 1529 700 90 163 
35 9 485 38 522 175 1532 700 86 163 
35 9 485 38 522 176 1531 702 92 165 
35 9 485 38 522 177 1531 702 92 165 
35 9 485 38 522 178 1534 702 90 165 
35 9 485 38 522 179 1534 702 90 165 
35 9 485 38 522 180 1537 705 90 163 
35 9 485 38 522 181 1537 705 90 163 
35 9 485 38 522 182 1537 705 90 163 
35 9 485 38 522 183 1539 705 92 163 
35 9 485 38 522 184 1539 708 92 163 
35 9 485 38 522 185 1542 708 90 163 
35 9 485 38 522 186 1542 708 90 163 
35 9 485 38 522 187 1545 710 90 165 
35 9 485 38 522 188 1545 710 90 165 
35 9 485 38 522 189 1545 710 90 165 
35 9 485 38 522 190 1545 710 90 165 
35 9 485 38 522 191 1547 710 92 165 
35 9 485 38 522 192 1547 713 92 163 
35 9 485 38 522 193 1547 713 92 163 
35 9 485 38 522 194 1550 713 90 163 
35 9 485 38 522 195 1550 713 90 163 
35 9 485 38 522 196 1550 713 90 163 
35 9 485 38 522 197 1553 716 90 163 
35 9 485 38 522 198 1553 716 90 163 
35 9 485 38 522 199 1555 716 92 163 
35 9 485 38 522 200 1555 718 92 165 
35 9 485 38 522 201 1558 718 90 165 
35 9 485 38 522 202 1558 718 90 165 
35 9 485 38 522 203 1561 721 90 163 
35 9 485 38 522 204 1561 721 90 163 
35 9 485 38 522 205 1563 721 92 163 
35 9 485 38 522 206 1563 724 92 163 
35 9 485 38 522 207 1566 724 90 163 
35 9 485 38 522 208 1566 726 90 165 
35 9 485 38 522 209 1569 726 90 165 
35 9 485 38 522 210 1569 726 90 165 
35 9 485 38 522 211 1571 729 92 163 
35 9 485 38 522 212 1571 729 92 163 
35 9 485 38 522 213 1574 729 90 163 
35 9 485 38 522 214 1574 732 90 163 
35 9 485 38 522 215 1577 732 90 163 
35 9 485 38 522 216 1579 734 92 165 
35 9 485 38 522 217 1579 734 92 165 
35 9 485 38 522 218 1579 734 92 165 
35 9 485 38 522 219 1582 734 90 165 
35 9 485 38 522 220 1582 737 90 163 
35 9 485 38 522 221 1582 737 90 163 
35 9 485 38 522 222 1585 737 90 163 
35 9 485 38 522 223 1585 737 90 163 
35 9 485 38 522 224 1587 740 92 163 
35 9 485 38 522 225 1587 740 92 163 
35 9 485 38 522 226 1587 740 92 163 
35 9 485 38 522 227 1590 742 90 165 
35 9 485 38 522 228 1590 742 90 165 
35 9 485 38 522 229 1593 742 90 165 
35 9 485 38 522 230 1593 742 90 165 
35 9 485 38 522 231 1593 745 90 163 
35 9 485 38 522 232 1595 745 92 163 
35 9 485 38 522 233 1595 745 92 163 
35 9 485 38 522 234 1598 748 90 163 
35 9 485 38 522 235 1598 748 90 163 
35 9 485 38 522 236 1601 748 90 163 
35 9 485 38 522 237 1601 748 90 163 
35 9 485 38 522 238 1603 750 92 165 
35 9 485 38 522 239 1603 750 92 165 
35 9 485 38 522 240 1606 750 90 165 
35 9 485 38 522 241 1609 753 90 163 
35 9 485 38 522 242 1609 753 90 163 
35 9 485 38 522 243 1609 753 90 163 
35 9 485 38 522 244 1611 753 92 163 
35 9 485 38 522 245 1611 753 92 163 
35 9 485 38 522 246 1614 756 90 163 
35 9 485 38 522 247 1614 756 90 163 
35 9 485 38 522 248 1617 756 90 163 
35 9 485 38 522 249 1617 756 90 163 
35 9 485 38 522 250 1619 758 92 165 
35 9 485 38 522 251 1619 758 92 165 
35 9 485 38 522 252 1622 758 90 165 
35 9 485 38 522 253 1622 758 90 165 
35 9 485 38 522 254 1625 761 90 163 
35 9 485 38 522 255 1625 761 90 163 
35 9 485 38 522 256 1625 761 90 163 
35 9 485 38 522 257 1625 761 90 163 
35 9 485 38 522 258 1627 764 92 163 
35 9 485 38 522 259 1627 764 92 163 
35 9 485 38 522 260 1627 764 92 163 
35 9 485 38 522 261 1630 764 90 163 
35 9 485 38 522 262 1630 766 90 165 
35 9 485 38 522 263 1630 766 90 165 
35 9 485 38 522 264 1633 766 90 165 
35 9 485 38 522 265 1633 766 90 165 
35 9 485 38 522 266 1633 769 90 163 
35 9 485 38 522 267 1635 769 92 163 
35 9 485 38 522 268 1635 769 92 163 
35 9 485 38 522 269 1635 769 92 163 
35 9 485 38 522 270 1638 772 90 163 
35 9 485 38 522 271 1641 774 90 165 
35 9 485 38 522 272 1641 774 90 165 
35 9 485 38 522 273 1641 774 90 165 
35 9 485 38 522 274 1641 774 90 165 
35 9 485 38 522 275 1641 774 90 165 
35 9 485 38 522 276 1643 777 92 163 
35 9 485 38 522 277 1643 777 92 163 
35 9 485 38 522 278 1643 777 92 163 
35 9 485 38 522 279 1646 780 90 163 
35 9 485 38 522 280 1646 780 90 163 
35 9 485 38 522 281 1646 780 90 163 
35 9 485 38 522 282 1649 782 90 165 
35 9 485 38 522 283 1649 782 90 165 
35 9 485 38 522 284 1649 782 90 165 
35 9 485 38 522 285 1649 782 90 165 
35 9 485 38 522 286 1651 782 92 165 
35 9 485 38 522 287 1651 782 92 165 
35 9 485 38 522 288 1651 785 92 163 
35 9 485 38 522 289 1651 785 92 163 
35 9 485 38 522 290 1654 785 90 163 
35 9 485 38 522 291 1654 785 90 163 
35 9 485 38 522 292 1654 785 90 163 
35 9 485 38 522 293 1654 785 90 163 
35 9 485 38 522 294 1657 788 90 163 
35 9 485 38 522 295 1657 788 90 163 
35 9 485 38 522 296 1657 788 90 163 
35 9 485 38 522 297 1657 788 90 168 
35 9 485 38 522 298 1657 788 90 168 
35 9 485 38 522 299 1657 788 90 168 
35 9 485 38 522 300 1656 790 96 168 
35 9 485 38 522 301 1656 790 96 168 
35 9 485 38 522 302 1656 790 96 168 
35 9 485 38 522 303 1656 789 96 172 
35 9 485 38 522 304 1656 793 96 168 
35 9 485 38 522 305 1658 793 96 168 
35 9 485 38 522 306 1658 792 96 172 
35 9 485 38 522 307 1658 796 96 168 
35 9 485 38 522 308 1658 796 96 168 
35 9 485 38 522 309 1658 795 96 171 
35 9 485 38 522 310 1661 798 96 168 
35 9 485 38 522 311 1661 798 96 168 
35 9 485 38 522 312 1661 797 96 172 
35 9 485 38 522 313 1661 801 96 168 
35 9 485 38 522 314 1659 801 102 168 
35 9 485 38 522 315 1664 800 96 172 
35 9 485 38 522 316 1664 804 96 168 
35 9 485 38 522 317 1664 804 96 168 
35 9 485 38 522 318 1664 803 96 171 
35 9 485 38 522 319 1663 806 100 168 
35 9 485 38 522 320 1666 806 96 168 
35 9 485 38 522 321 1666 805 96 172 
35 9 485 38 522 322 1666 809 96 168 
35 9 485 38 522 323 1664 809 102 168 
35 9 485 38 522 324 1669 808 96 172 
35 9 485 38 522 325 1669 812 96 168 
35 9 485 38 522 326 1669 812 96 168 
35 9 485 38 522 327 1669 811 96 171 
35 9 485 38 522 328 1667 811 102 171 
35 9 485 38 522 329 1672 814 96 168 
35 9 485 38 522 330 1672 813 96 172 
35 9 485 38 522 331 1672 813 96 172 
35 9 485 38 522 332 1671 817 100 168 
35 9 485 38 522 333 1671 816 100 172 
35 9 485 38 522 334 1674 816 96 172 
35 9 485 38 522 335 1674 820 96 168 
35 9 485 38 522 336 1674 819 96 171 
35 9 485 38 522 337 1672 819 102 171 
35 9 485 38 522 338 1672 822 102 168 
35 9 485 38 522 339 1677 821 96 172 
35 9 485 38 522 340 1677 821 96 172 
35 9 485 38 522 341 1675 825 102 168 
35 9 485 38 522 342 1675 824 102 172 
35 9 485 38 522 343 1680 824 96 172 
35 9 485 38 522 344 1680 828 96 168 
35 9 485 38 522 345 1680 827 96 171 
35 9 485 38 522 346 1679 827 100 171 
35 9 485 38 522 347 1679 830 100 168 
35 9 485 38 522 348 1682 829 96 172 
35 9 485 38 522 349 1682 829 96 172 
35 9 485 38 522 350 1680 832 102 172 
35 9 485 38 522 351 1680 832 102 172 
35 9 485 38 522 352 1680 832 102 172 
35 9 485 38 522 353 1685 831 96 175 
35 9 485 38 522 354 1685 835 96 171 
35 9 485 38 522 355 1683 835 102 171 
35 9 485 38 522 356 1683 834 102 175 
35 9 485 38 522 357 1683 837 102 172 
35 9 485 38 522 358 1688 837 96 172 
35 9 485 38 522 359 1688 836 96 177 
35 9 485 38 522 360 1687 840 100 172 
35 9 485 38 522 361 1687 840 100 172 
35 9 485 38 522 362 1690 839 96 175 
35 9 485 38 522 363 1690 843 96 171 
35 9 485 38 522 364 1688 843 102 171 
35 9 485 38 522 365 1688 842 102 175 
35 9 485 38 522 366 1688 845 102 172 
35 9 485 38 522 367 1693 845 96 172 
35 9 485 38 522 368 1693 844 96 177 
35 9 485 38 522 369 1691 848 102 172 
35 9 485 38 522 370 1691 848 102 172 
35 9 485 38 522 371 1691 847 102 175 
35 9 485 38 522 372 1696 851 96 171 
35 9 485 38 522 373 1695 851 100 171 
35 9 485 38 522 374 1695 850 100 175 
35 9 485 38 522 375 1695 853 100 172 
35 9 485 38 522 376 1695 853 100 172 
35 9 485 38 522 377 1698 852 96 177 
35 9 485 38 522 378 1696 852 102 177 
35 9 485 38 522 379 1696 856 102 172 
35 9 485 38 522 380 1696 855 102 175 
35 9 485 38 522 381 1701 855 96 175 
35 9 485 38 522 382 1699 859 102 171 
35 9 485 38 522 383 1699 858 102 175 
35 9 485 38 522 384 1699 858 102 175 
35 9 485 38 522 385 1699 861 102 172 
35 9 485 38 522 386 1704 860 96 177 
35 9 485 38 522 387 1703 860 100 177 
35 9 485 38 522 388 1703 864 100 172 
35 9 485 38 522 389 1703 863 100 175 
35 9 485 38 522 390 1703 863 100 175 
35 9 485 38 522 391 1704 867 102 171 
35 9 485 38 522 392 1704 866 102 175 
35 9 485 38 522 393 1704 866 102 175 
35 9 485 38 522 394 1704 869 102 172 
35 9 485 38 522 395 1704 868 102 177 
35 9 485 38 522 396 1707 868 102 177 
35 9 485 38 522 397 1707 872 102 172 
35 9 485 38 522 398 1707 871 102 175 
35 9 485 38 522 399 1707 871 102 175 
35 9 485 38 522 400 1711 874 100 175 
35 9 485 38 522 401 1711 874 100 175 
35 9 485 38 522 402 1712 874 102 175 
35 9 485 38 522 403 1712 876 102 177 
35 9 485 38 522 404 1715 876 102 177 
35 9 485 38 522 405 1719 876 100 177 
35 9 485 38 522 406 1719 879 100 175 
35 9 485 38 522 407 1720 879 102 175 
35 9 485 38 522 408 1720 882 102 175 
35 9 485 38 522 409 1723 882 102 175 
35 9 485 38 522 410 1727 882 100 175 
35 9 485 38 522 411 1727 884 100 177 
35 9 485 38 522 412 1728 884 102 177 
35 9 485 38 522 413 1728 887 102 175 
35 9 485 38 522 414 1731 887 102 175 
35 9 485 38 522 415 1735 887 100 175 
35 9 485 38 522 416 1735 890 100 175 
35 9 485 38 522 417 1736 890 102 175 
35 9 485 38 522 418 1736 892 102 177 
35 9 485 38 522 419 1739 892 102 177 
35 9 485 38 522 420 1743 892 100 177 
35 9 485 38 522 421 1743 895 100 175 
35 9 485 38 522 422 1744 895 102 175 
35 9 485 38 522 423 1744 898 102 175 
35 9 485 38 522 424 1747 898 102 175 
35 9 485 38 522 425 1751 898 100 175 
35 9 485 38 522 426 1751 900 100 177 
35 9 485 38 522 427 1752 900 102 177 
35 9 485 38 522 428 1752 903 102 175 
35 9 485 38 522 429 1755 903 102 175 
35 9 485 38 522 430 1759 903 100 175 
35 9 485 38 522 431 1759 906 100 172 
35 9 485 38 522 432 1760 906 102 172 
35 9 485 38 522 433 1760 908 102 170 
35 9 485 38 522 434 1763 908 102 170 
35 9 485 38 522 435 1767 908 100 170 
35 9 485 38 522 436 1767 911 100 167 
35 9 485 38 522 437 1768 911 102 167 
35 9 485 38 522 438 1768 914 102 164 
35 9 485 38 522 439 1771 914 102 164 
35 9 485 38 522 440 1775 914 100 164 
35 9 485 38 522 441 1775 916 100 162 
35 9 485 38 522 442 1776 916 102 162 
35 9 485 38 522 443 1779 919 102 159 
35 9 485 38 522 444 1779 919 102 159 
35 9 485 38 522 445 1783 919 100 159 
35 9 485 38 522 446 1783 919 100 159 
35 9 485 38 522 447 1784 923 102 155 
35 9 485 38 522 448 1784 923 102 155 
35 9 485 38 522 449 1787 923 102 155 
35 9 485 38 522 450 1787 922 102 156 
35 9 485 38 522 451 1791 925 100 153 
35 9 485 38 522 452 1791 925 100 153 
35 9 485 38 522 453 1792 925 102 153 
35 9 485 38 522 454 1792 929 102 150 
35 9 485 38 522 455 1795 929 102 150 
35 9 485 38 522 456 1795 928 102 150 
35 9 485 38 522 457 1799 928 100 150 
35 9 485 38 522 458 1799 932 100 147 
35 9 485 38 522 459 1800 932 102 147 
35 9 485 38 522 460 1800 932 102 147 
35 9 485 38 522 461 1803 934 102 144 
35 9 485 38 522 462 1803 934 102 145 
35 9 485 38 522 463 1807 934 100 145 
35 9 485 38 522 464 1807 934 100 145 
35 9 485 38 522 465 1808 937 102 141 
35 9 485 38 522 466 1808 937 102 141 
35 9 485 38 522 467 1811 937 102 141 
35 9 485 38 522 468 1815 940 100 138 
35 9 485 38 522 469 1815 940 100 138 
35 9 485 38 522 470 1818 940 96 138 
35 9 485 38 522 471 1818 940 96 138 
35 9 485 38 522 472 1821 943 96 135 
35 9 485 38 522 473 1821 943 96 135 
35 9 485 38 522 474 1825 943 90 135 
35 9 485 38 522 475 1824 947 95 132 
35 9 485 38 522 476 1827 947 92 132 
35 9 485 38 522 477 1827 947 92 132 
35 9 485 38 522 478 1831 947 86 132 
35 9 485 38 522 479 1830 950 88 128 
35 9 485 38 522 480 1835 950 84 128 
35 9 485 38 522 481 1835 950 84 128 
35 9 485 38 522 482 1836 953 82 125 
35 9 485 38 522 483 1836 953 82 125 
35 9 485 38 522 484 1841 953 78 125 
35 9 485 38 522 485 1844 957 75 122 
35 9 485 38 522 486 1844 957 75 122 
35 9 485 38 522 487 1847 957 72 122 
35 9 485 38 522 488 1847 957 72 122 
35 9 485 38 522 489 1850 960 68 118 
35 9 485 38 522 490 1850 960 68 118 
35 9 485 38 522 491 1855 960 64 118 
35 9 485 38 522 492 1853 963 65 115 
35 9 485 38 522 493 1856 963 62 115 
35 9 485 38 522 494 1856 963 62 115 
35 9 485 38 522 495 1861 963 58 115 
35 9 485 38 522 496 1859 967 59 112 
35 9 485 38 522 497 1864 967 55 112 
35 9 485 38 522 498 1864 967 55 112 
35 9 485 38 522 499 1866 970 53 108 
35 9 485 38 522 500 1866 970 53 108 
35 9 485 38 522 501 1870 970 48 108 
35 9 485 38 522 502 1873 973 45 105 
35 9 485 38 522 503 1873 973 45 105 
35 9 485 38 522 504 1873 977 45 102 
35 9 485 38 522 505 1876 980 42 98 
35 9 485 38 522 506 1876 983 42 95 
35 9 485 38 522 507 1881 987 38 92 
35 9 485 38 522 508 1881 990 38 88 
35 9 485 38 522 509 1881 993 38 85 
35 9 485 38 522 510 1885 997 33 82 
35 9 485 38 522 511 1885 1000 33 78 
35 9 485 38 522 512 1888 1003 30 75 
35 9 485 38 522 513 1888 1003 30 75 
35 9 485 38 522 514 1888 1003 30 75 
35 9 485 38 522 515 1888 1003 30 75 
35 9 485 38 522 516 1888 1003 30 75 
35 9 485 38 522 517 1888 1003 30 75 
35 9 485 38 522 518 1888 1003 30 75 
35 9 485 38 522 519 1888 1003 30 75 
35 9 485 38 522 520 1888 1003 30 75 
35 9 485 38 522 521 1888 1003 30 75 
35 9 485 38 522 522 1888 1003 30 75 
36 9 347 487 833 487 907 758 70 120 
36 9 347 487 833 488 907 758 70 120 
36 9 347 487 833 489 907 758 70 120 
36 9 347 487 833 490 907 758 70 120 
36 9 347 487 833 491 907 758 70 120 
36 9 347 487 833 492 907 758 70 120 
36 9 347 487 833 493 907 758 70 120 
36 9 347 487 833 494 907 758 70 120 
36 9 347 487 833 495 907 758 70 120 
36 9 347 487 833 496 907 758 70 120 
36 9 347 487 833 497 907 758 70 120 
36 9 347 487 833 498 907 758 70 120 
36 9 347 487 833 499 907 758 70 120 
36 9 347 487 833 500 907 758 70 120 
36 9 347 487 833 501 907 756 70 120 
36 9 347 487 833 502 907 756 70 120 
36 9 347 487 833 503 907 756 70 120 
36 9 347 487 833 504 907 756 70 120 
36 9 347 487 833 505 907 756 70 120 
36 9 347 487 833 506 907 756 70 120 
36 9 347 487 833 507 907 756 70 120 
36 9 347 487 833 508 907 756 70 120 
36 9 347 487 833 509 907 756 70 120 
36 9 347 487 833 510 907 756 70 120 
36 9 347 487 833 511 911 756 68 120 
36 9 347 487 833 512 911 756 68 120 
36 9 347 487 833 513 911 756 68 120 
36 9 347 487 833 514 911 756 68 120 
36 9 347 487 833 515 911 756 68 120 
36 9 347 487 833 516 911 756 68 120 
36 9 347 487 833 517 911 756 68 120 
36 9 347 487 833 518 911 756 68 120 
36 9 347 487 833 519 911 756 68 120 
36 9 347 487 833 520 911 756 68 120 
36 9 347 487 833 521 911 756 68 120 
36 9 347 487 833 522 912 756 70 120 
36 9 347 487 833 523 912 756 70 120 
36 9 347 487 833 524 912 756 70 120 
36 9 347 487 833 525 912 756 70 120 
36 9 347 487 833 526 912 756 70 120 
36 9 347 487 833 527 912 756 70 120 
36 9 347 487 833 528 912 756 70 120 
36 9 347 487 833 529 912 756 70 120 
36 9 347 487 833 530 912 756 70 120 
36 9 347 487 833 531 912 756 70 120 
36 9 347 487 833 532 912 756 70 120 
36 9 347 487 833 533 915 756 70 120 
36 9 347 487 833 534 915 756 70 120 
36 9 347 487 833 535 915 756 70 120 
36 9 347 487 833 536 915 756 70 120 
36 9 347 487 833 537 915 756 70 120 
36 9 347 487 833 538 915 756 70 120 
36 9 347 487 833 539 915 756 70 120 
36 9 347 487 833 540 915 756 70 120 
36 9 347 487 833 541 915 756 70 120 
36 9 347 487 833 542 915 756 70 120 
36 9 347 487 833 543 915 756 70 120 
36 9 347 487 833 544 919 756 68 120 
36 9 347 487 833 545 919 756 68 120 
36 9 347 487 833 546 919 756 68 120 
36 9 347 487 833 547 919 756 68 120 
36 9 347 487 833 548 919 756 68 120 
36 9 347 487 833 549 919 756 68 120 
36 9 347 487 833 550 919 756 68 120 
36 9 347 487 833 551 919 756 68 120 
36 9 347 487 833 552 919 756 68 120 
36 9 347 487 833 553 919 756 68 120 
36 9 347 487 833 554 919 756 68 120 
36 9 347 487 833 555 919 756 68 120 
36 9 347 487 833 556 920 756 70 120 
36 9 347 487 833 557 920 756 70 120 
36 9 347 487 833 558 920 756 70 120 
36 9 347 487 833 559 920 756 70 120 
36 9 347 487 833 560 920 756 70 120 
36 9 347 487 833 561 920 756 70 120 
36 9 347 487 833 562 920 756 70 120 
36 9 347 487 833 563 920 756 70 120 
36 9 347 487 833 564 920 756 70 120 
36 9 347 487 833 565 920 756 70 120 
36 9 347 487 833 566 920 756 70 120 
36 9 347 487 833 567 923 756 70 120 
36 9 347 487 833 568 923 756 70 120 
36 9 347 487 833 569 923 756 70 120 
36 9 347 487 833 570 923 756 70 120 
36 9 347 487 833 571 923 756 70 120 
36 9 347 487 833 572 923 758 70 120 
36 9 347 487 833 573 923 758 70 120 
36 9 347 487 833 574 923 758 70 120 
36 9 347 487 833 575 923 758 70 120 
36 9 347 487 833 576 923 758 70 120 
36 9 347 487 833 577 923 758 70 120 
36 9 347 487 833 578 927 758 68 120 
36 9 347 487 833 579 927 758 68 120 
36 9 347 487 833 580 927 758 68 120 
36 9 347 487 833 581 927 758 68 120 
36 9 347 487 833 582 927 758 68 120 
36 9 347 487 833 583 927 758 68 120 
36 9 347 487 833 584 927 758 68 120 
36 9 347 487 833 585 927 758 68 120 
36 9 347 487 833 586 927 758 68 120 
36 9 347 487 833 587 927 758 68 120 
36 9 347 487 833 588 927 758 68 120 
36 9 347 487 833 589 928 758 70 120 
36 9 347 487 833 590 928 758 70 120 
36 9 347 487 833 591 928 758 70 120 
36 9 347 487 833 592 928 758 70 120 
36 9 347 487 833 593 928 758 70 120 
36 9 347 487 833 594 928 758 70 120 
36 9 347 487 833 595 928 758 70 120 
36 9 347 487 833 596 928 758 70 120 
36 9 347 487 833 597 928 758 70 120 
36 9 347 487 833 598 928 758 70 120 
36 9 347 487 833 599 928 758 70 120 
36 9 347 487 833 600 931 761 70 120 
36 9 347 487 833 601 931 761 70 120 
36 9 347 487 833 602 931 761 70 120 
36 9 347 487 833 603 931 761 70 120 
36 9 347 487 833 604 930 761 74 120 
36 9 347 487 833 605 930 760 74 124 
36 9 347 487 833 606 930 760 74 124 
36 9 347 487 833 607 929 760 80 124 
36 9 347 487 833 608 929 760 80 124 
36 9 347 487 833 609 929 760 80 124 
36 9 347 487 833 610 927 759 86 127 
36 9 347 487 833 611 927 759 86 127 
36 9 347 487 833 612 927 759 86 127 
36 9 347 487 833 613 926 759 90 127 
36 9 347 487 833 614 926 759 90 127 
36 9 347 487 833 615 926 759 90 132 
36 9 347 487 833 616 925 759 96 132 
36 9 347 487 833 617 925 759 96 132 
36 9 347 487 833 618 925 759 96 132 
36 9 347 487 833 619 928 762 96 132 
36 9 347 487 833 620 928 762 96 132 
36 9 347 487 833 621 928 762 96 132 
36 9 347 487 833 622 930 762 96 132 
36 9 347 487 833 623 930 762 96 132 
36 9 347 487 833 624 933 762 96 132 
36 9 347 487 833 625 933 762 96 132 
36 9 347 487 833 626 933 762 96 132 
36 9 347 487 833 627 936 764 96 132 
36 9 347 487 833 628 936 764 96 132 
36 9 347 487 833 629 938 764 96 132 
36 9 347 487 833 630 938 764 96 132 
36 9 347 487 833 631 938 764 96 132 
36 9 347 487 833 632 941 764 96 132 
36 9 347 487 833 633 941 764 96 132 
36 9 347 487 833 634 944 767 96 132 
36 9 347 487 833 635 944 767 96 132 
36 9 347 487 833 636 944 767 96 132 
36 9 347 487 833 637 946 767 96 132 
36 9 347 487 833 638 946 767 96 132 
36 9 347 487 833 639 949 767 96 132 
36 9 347 487 833 640 949 767 96 132 
36 9 347 487 833 641 952 770 96 132 
36 9 347 487 833 642 952 770 96 132 
36 9 347 487 833 643 952 770 96 132 
36 9 347 487 833 644 954 772 96 132 
36 9 347 487 833 645 954 772 96 132 
36 9 347 487 833 646 954 775 96 132 
36 9 347 487 833 647 957 775 96 132 
36 9 347 487 833 648 957 775 96 132 
36 9 347 487 833 649 960 778 96 132 
36 9 347 487 833 650 960 778 96 132 
36 9 347 487 833 651 960 780 96 132 
36 9 347 487 833 652 962 780 96 132 
36 9 347 487 833 653 962 783 96 132 
36 9 347 487 833 654 962 783 96 132 
36 9 347 487 833 655 965 783 96 132 
36 9 347 487 833 656 965 786 96 132 
36 9 347 487 833 657 968 786 96 132 
36 9 347 487 833 658 968 788 96 132 
36 9 347 487 833 659 968 788 96 132 
36 9 347 487 833 660 970 788 96 132 
36 9 347 487 833 661 970 791 96 132 
36 9 347 487 833 662 970 791 96 132 
36 9 347 487 833 663 973 794 96 132 
36 9 347 487 833 664 973 794 96 132 
36 9 347 487 833 665 976 796 96 132 
36 9 347 487 833 666 976 796 96 132 
36 9 347 487 833 667 976 796 96 132 
36 9 347 487 833 668 976 796 96 132 
36 9 347 487 833 669 976 799 96 132 
36 9 347 487 833 670 976 799 96 132 
36 9 347 487 833 671 976 799 96 132 
36 9 347 487 833 672 978 802 96 132 
36 9 347 487 833 673 978 802 96 132 
36 9 347 487 833 674 978 802 96 132 
36 9 347 487 833 675 978 802 96 132 
36 9 347 487 833 676 978 804 96 132 
36 9 347 487 833 677 978 804 96 132 
36 9 347 487 833 678 981 804 96 132 
36 9 347 487 833 679 981 807 96 132 
36 9 347 487 833 680 981 807 96 132 
36 9 347 487 833 681 981 807 96 132 
36 9 347 487 833 682 981 807 96 132 
36 9 347 487 833 683 981 810 96 132 
36 9 347 487 833 684 984 810 96 132 
36 9 347 487 833 685 984 810 96 132 
36 9 347 487 833 686 984 812 96 132 
36 9 347 487 833 687 984 812 96 132 
36 9 347 487 833 688 984 812 96 132 
36 9 347 487 833 689 984 812 96 132 
36 9 347 487 833 690 986 815 96 132 
36 9 347 487 833 691 986 815 96 132 
36 9 347 487 833 692 986 815 96 132 
36 9 347 487 833 693 986 818 96 132 
36 9 347 487 833 694 986 818 96 132 
36 9 347 487 833 695 986 818 96 132 
36 9 347 487 833 696 989 820 96 132 
36 9 347 487 833 697 989 820 96 132 
36 9 347 487 833 698 989 820 96 132 
36 9 347 487 833 699 989 820 96 132 
36 9 347 487 833 700 989 823 96 127 
36 9 347 487 833 701 989 823 96 127 
36 9 347 487 833 702 989 823 96 127 
36 9 347 487 833 703 989 827 96 123 
36 9 347 487 833 704 989 827 96 123 
36 9 347 487 833 705 989 827 96 123 
36 9 347 487 833 706 989 830 96 120 
36 9 347 487 833 707 989 830 96 120 
36 9 347 487 833 708 989 830 96 120 
36 9 347 487 833 709 989 833 96 115 
36 9 347 487 833 710 989 833 96 115 
36 9 347 487 833 711 989 833 96 115 
36 9 347 487 833 712 989 833 96 115 
36 9 347 487 833 713 989 837 96 111 
36 9 347 487 833 714 989 837 96 111 
36 9 347 487 833 715 989 837 96 111 
36 9 347 487 833 716 989 840 96 108 
36 9 347 487 833 717 989 840 96 108 
36 9 347 487 833 718 989 840 96 108 
36 9 347 487 833 719 989 843 96 103 
36 9 347 487 833 720 989 843 96 103 
36 9 347 487 833 721 989 843 96 103 
36 9 347 487 833 722 989 847 96 99 
36 9 347 487 833 723 989 847 96 99 
36 9 347 487 833 724 989 847 96 99 
36 9 347 487 833 725 989 847 96 99 
36 9 347 487 833 726 992 847 96 99 
36 9 347 487 833 727 992 849 96 100 
36 9 347 487 833 728 992 849 96 100 
36 9 347 487 833 729 994 849 96 100 
36 9 347 487 833 730 994 849 96 100 
36 9 347 487 833 731 994 849 96 100 
36 9 347 487 833 732 997 852 96 100 
36 9 347 487 833 733 997 852 96 100 
36 9 347 487 833 734 997 852 96 100 
36 9 347 487 833 735 1000 852 96 100 
36 9 347 487 833 736 1000 855 96 99 
36 9 347 487 833 737 1000 855 96 99 
36 9 347 487 833 738 1000 855 96 99 
36 9 347 487 833 739 1002 855 96 99 
36 9 347 487 833 740 1002 855 96 99 
36 9 347 487 833 741 1002 857 96 100 
36 9 347 487 833 742 1005 857 96 100 
36 9 347 487 833 743 1005 857 96 100 
36 9 347 487 833 744 1005 857 96 100 
36 9 347 487 833 745 1008 857 96 100 
36 9 347 487 833 746 1008 860 96 100 
36 9 347 487 833 747 1008 860 96 100 
36 9 347 487 833 748 1010 860 96 100 
36 9 347 487 833 749 1010 860 96 100 
36 9 347 487 833 750 1010 863 96 99 
36 9 347 487 833 751 1010 863 96 99 
36 9 347 487 833 752 1013 863 96 99 
36 9 347 487 833 753 1013 863 96 99 
36 9 347 487 833 754 1013 863 96 99 
36 9 347 487 833 755 1016 865 96 100 
36 9 347 487 833 756 1016 865 96 100 
36 9 347 487 833 757 1016 865 96 100 
36 9 347 487 833 758 1018 865 96 100 
36 9 347 487 833 759 1018 865 96 100 
36 9 347 487 833 760 1018 868 96 100 
36 9 347 487 833 761 1021 868 96 100 
36 9 347 487 833 762 1021 868 96 100 
36 9 347 487 833 763 1021 868 96 100 
36 9 347 487 833 764 1024 871 96 99 
36 9 347 487 833 765 1024 871 96 99 
36 9 347 487 833 766 1024 870 96 103 
36 9 347 487 833 767 1024 872 96 105 
36 9 347 487 833 768 1023 872 100 108 
36 9 347 487 833 769 1026 872 96 108 
36 9 347 487 833 770 1026 875 96 108 
36 9 347 487 833 771 1026 874 96 112 
36 9 347 487 833 772 1024 873 102 115 
36 9 347 487 833 773 1024 877 102 111 
36 9 347 487 833 774 1029 876 96 115 
36 9 347 487 833 775 1029 876 96 120 
36 9 347 487 833 776 1027 878 102 120 
36 9 347 487 833 777 1027 878 102 120 
36 9 347 487 833 778 1032 877 96 124 
36 9 347 487 833 779 1032 880 96 124 
36 9 347 487 833 780 1031 879 100 127 
36 9 347 487 833 781 1031 879 100 127 
36 9 347 487 833 782 1031 882 100 127 
36 9 347 487 833 783 1034 882 96 132 
36 9 347 487 833 784 1032 881 102 135 
36 9 347 487 833 785 1032 884 102 132 
36 9 347 487 833 786 1032 883 102 136 
36 9 347 487 833 787 1037 882 96 141 
36 9 347 487 833 788 1035 885 102 139 
36 9 347 487 833 789 1035 885 102 139 
36 9 347 487 833 790 1035 885 102 144 
36 9 347 487 833 791 1035 888 102 144 
36 9 347 487 833 792 1039 887 100 147 
36 9 347 487 833 793 1039 887 100 147 
36 9 347 487 833 794 1039 889 100 148 
36 9 347 487 833 795 1039 888 100 153 
36 9 347 487 833 796 1040 891 102 151 
36 9 347 487 833 797 1040 891 102 151 
36 9 347 487 833 798 1040 891 102 151 
36 9 347 487 833 799 1040 894 102 151 
36 9 347 487 833 800 1040 894 102 151 
36 9 347 487 833 801 1040 894 102 151 
36 9 347 487 833 802 1040 896 102 153 
36 9 347 487 833 803 1040 896 102 153 
36 9 347 487 833 804 1043 896 102 153 
36 9 347 487 833 805 1043 899 102 151 
36 9 347 487 833 806 1043 899 102 151 
36 9 347 487 833 807 1043 899 102 151 
36 9 347 487 833 808 1043 902 102 151 
36 9 347 487 833 809 1043 902 102 151 
36 9 347 487 833 810 1043 902 102 151 
36 9 347 487 833 811 1047 904 100 153 
36 9 347 487 833 812 1047 904 100 153 
36 9 347 487 833 813 1047 904 100 153 
36 9 347 487 833 814 1047 907 100 151 
36 9 347 487 833 815 1047 907 100 151 
36 9 347 487 833 816 1047 910 100 151 
36 9 347 487 833 817 1047 910 100 151 
36 9 347 487 833 818 1047 910 100 151 
36 9 347 487 833 819 1048 912 102 153 
36 9 347 487 833 820 1048 912 102 153 
36 9 347 487 833 821 1048 912 102 153 
36 9 347 487 833 822 1048 915 102 151 
36 9 347 487 833 823 1048 915 102 151 
36 9 347 487 833 824 1048 915 102 151 
36 9 347 487 833 825 1048 918 102 151 
36 9 347 487 833 826 1051 918 102 151 
36 9 347 487 833 827 1051 918 102 151 
36 9 347 487 833 828 1051 920 102 153 
36 9 347 487 833 829 1051 920 102 153 
36 9 347 487 833 830 1051 920 102 153 
36 9 347 487 833 831 1051 923 102 151 
36 9 347 487 833 832 1051 923 102 151 
36 9 347 487 833 833 1055 926 100 151 
