5 7 59 145 203 145 684 655 86 132 
5 7 59 145 203 146 684 655 86 132 
5 7 59 145 203 147 684 655 86 132 
5 7 59 145 203 148 684 658 86 132 
5 7 59 145 203 149 684 658 86 132 
5 7 59 145 203 150 684 658 86 132 
5 7 59 145 203 151 684 658 86 132 
5 7 59 145 203 152 684 658 86 132 
5 7 59 145 203 153 684 657 86 135 
5 7 59 145 203 154 684 660 86 132 
5 7 59 145 203 155 684 660 86 132 
5 7 59 145 203 156 684 660 86 132 
5 7 59 145 203 157 684 659 86 136 
5 7 59 145 203 158 684 659 86 136 
5 7 59 145 203 159 687 663 86 132 
5 7 59 145 203 160 687 663 86 132 
5 7 59 145 203 161 687 663 86 132 
5 7 59 145 203 162 687 662 86 136 
5 7 59 145 203 163 687 662 86 136 
5 7 59 145 203 164 687 662 86 136 
5 7 59 145 203 165 687 666 86 132 
5 7 59 145 203 166 687 665 86 135 
5 7 59 145 203 167 687 665 86 135 
5 7 59 145 203 168 687 665 86 135 
5 7 59 145 203 169 687 665 86 135 
5 7 59 145 203 170 687 665 86 135 
5 7 59 145 203 171 687 667 86 136 
5 7 59 145 203 172 687 667 86 136 
5 7 59 145 203 173 687 667 86 136 
5 7 59 145 203 174 687 667 86 136 
5 7 59 145 203 175 687 666 86 141 
5 7 59 145 203 176 687 670 86 136 
5 7 59 145 203 177 687 670 86 136 
5 7 59 145 203 178 687 670 86 136 
5 7 59 145 203 179 687 670 86 136 
5 7 59 145 203 180 687 669 86 139 
5 7 59 145 203 181 687 669 86 139 
5 7 59 145 203 182 687 673 86 135 
5 7 59 145 203 183 687 673 86 135 
5 7 59 145 203 184 687 672 86 139 
5 7 59 145 203 185 687 672 86 139 
5 7 59 145 203 186 687 672 86 139 
5 7 59 145 203 187 687 672 86 139 
5 7 59 145 203 188 687 675 86 136 
5 7 59 145 203 189 687 674 86 141 
5 7 59 145 203 190 687 674 86 141 
5 7 59 145 203 191 687 674 86 141 
5 7 59 145 203 192 687 674 86 141 
5 7 59 145 203 193 691 677 84 139 
5 7 59 145 203 194 691 677 84 139 
5 7 59 145 203 195 691 677 84 139 
5 7 59 145 203 196 691 677 84 139 
5 7 59 145 203 197 691 677 84 139 
5 7 59 145 203 198 692 677 86 144 
5 7 59 145 203 199 692 680 86 139 
5 7 59 145 203 200 692 680 86 139 
5 7 59 145 203 201 692 680 86 139 
5 7 59 145 203 202 695 680 86 144 
5 7 59 145 203 203 695 680 86 144 
7 9 832 300 1131 300 1162 364 74 100 
7 9 832 300 1131 301 1159 361 76 100 
7 9 832 300 1131 302 1159 361 76 100 
7 9 832 300 1131 303 1159 361 76 100 
7 9 832 300 1131 304 1159 359 76 99 
7 9 832 300 1131 305 1157 359 74 99 
7 9 832 300 1131 306 1157 359 74 99 
7 9 832 300 1131 307 1157 359 74 99 
7 9 832 300 1131 308 1157 356 74 100 
7 9 832 300 1131 309 1154 356 74 100 
7 9 832 300 1131 310 1154 356 74 100 
7 9 832 300 1131 311 1154 356 74 100 
7 9 832 300 1131 312 1154 353 74 100 
7 9 832 300 1131 313 1154 353 74 100 
7 9 832 300 1131 314 1151 353 76 100 
7 9 832 300 1131 315 1151 351 76 99 
7 9 832 300 1131 316 1151 351 76 99 
7 9 832 300 1131 317 1151 351 76 99 
7 9 832 300 1131 318 1149 351 74 99 
7 9 832 300 1131 319 1149 348 74 100 
7 9 832 300 1131 320 1149 348 74 100 
7 9 832 300 1131 321 1149 348 74 100 
7 9 832 300 1131 322 1146 348 74 100 
7 9 832 300 1131 323 1146 345 74 100 
7 9 832 300 1131 324 1146 345 74 100 
7 9 832 300 1131 325 1146 345 74 100 
7 9 832 300 1131 326 1146 345 74 100 
7 9 832 300 1131 327 1143 343 76 99 
7 9 832 300 1131 328 1143 343 76 99 
7 9 832 300 1131 329 1143 343 76 99 
7 9 832 300 1131 330 1143 340 76 100 
7 9 832 300 1131 331 1141 340 74 100 
7 9 832 300 1131 332 1141 340 74 100 
7 9 832 300 1131 333 1141 340 74 100 
7 9 832 300 1131 334 1141 337 74 100 
7 9 832 300 1131 335 1141 337 74 100 
7 9 832 300 1131 336 1138 337 74 100 
7 9 832 300 1131 337 1138 337 74 100 
7 9 832 300 1131 338 1138 335 74 99 
7 9 832 300 1131 339 1138 335 74 99 
7 9 832 300 1131 340 1135 335 76 99 
7 9 832 300 1131 341 1135 335 76 99 
7 9 832 300 1131 342 1135 332 76 100 
7 9 832 300 1131 343 1135 332 76 100 
7 9 832 300 1131 344 1133 332 74 100 
7 9 832 300 1131 345 1133 329 74 100 
7 9 832 300 1131 346 1133 329 74 100 
7 9 832 300 1131 347 1133 329 74 100 
7 9 832 300 1131 348 1133 329 74 100 
7 9 832 300 1131 349 1130 327 74 99 
7 9 832 300 1131 350 1130 327 74 99 
7 9 832 300 1131 351 1130 327 74 99 
7 9 832 300 1131 352 1130 327 74 99 
7 9 832 300 1131 353 1127 324 76 100 
7 9 832 300 1131 354 1127 324 76 100 
7 9 832 300 1131 355 1127 324 76 100 
7 9 832 300 1131 356 1127 324 76 100 
7 9 832 300 1131 357 1127 321 76 100 
7 9 832 300 1131 358 1125 321 74 100 
7 9 832 300 1131 359 1125 321 74 100 
7 9 832 300 1131 360 1125 319 74 99 
7 9 832 300 1131 361 1125 319 74 99 
7 9 832 300 1131 362 1122 319 74 99 
7 9 832 300 1131 363 1122 319 74 99 
7 9 832 300 1131 364 1122 316 74 100 
7 9 832 300 1131 365 1122 316 74 100 
7 9 832 300 1131 366 1119 316 76 100 
7 9 832 300 1131 367 1119 316 76 100 
7 9 832 300 1131 368 1119 313 76 100 
7 9 832 300 1131 369 1119 313 76 100 
7 9 832 300 1131 370 1119 313 76 100 
7 9 832 300 1131 371 1117 313 74 100 
7 9 832 300 1131 372 1117 311 74 99 
7 9 832 300 1131 373 1117 311 74 99 
7 9 832 300 1131 374 1117 311 74 99 
7 9 832 300 1131 375 1114 308 74 100 
7 9 832 300 1131 376 1114 308 74 100 
7 9 832 300 1131 377 1114 308 74 100 
7 9 832 300 1131 378 1114 308 74 100 
7 9 832 300 1131 379 1114 305 74 100 
7 9 832 300 1131 380 1111 305 76 100 
7 9 832 300 1131 381 1111 305 76 100 
7 9 832 300 1131 382 1111 305 76 100 
7 9 832 300 1131 383 1111 303 76 99 
7 9 832 300 1131 384 1109 303 74 99 
7 9 832 300 1131 385 1109 303 74 99 
7 9 832 300 1131 386 1109 303 74 99 
7 9 832 300 1131 387 1109 300 74 100 
7 9 832 300 1131 388 1106 300 74 100 
7 9 832 300 1131 389 1106 300 74 100 
7 9 832 300 1131 390 1106 297 74 100 
7 9 832 300 1131 391 1106 297 74 100 
7 9 832 300 1131 392 1106 297 74 100 
7 9 832 300 1131 393 1103 297 76 100 
7 9 832 300 1131 394 1103 295 76 99 
7 9 832 300 1131 395 1103 295 76 99 
7 9 832 300 1131 396 1103 295 76 99 
7 9 832 300 1131 397 1101 295 74 99 
7 9 832 300 1131 398 1101 292 74 100 
7 9 832 300 1131 399 1101 292 74 100 
7 9 832 300 1131 400 1101 292 74 100 
7 9 832 300 1131 401 1101 292 74 100 
7 9 832 300 1131 402 1098 289 74 100 
7 9 832 300 1131 403 1098 289 74 100 
7 9 832 300 1131 404 1098 289 74 100 
7 9 832 300 1131 405 1098 289 74 100 
7 9 832 300 1131 406 1098 287 74 99 
7 9 832 300 1131 407 1095 287 76 99 
7 9 832 300 1131 408 1095 287 76 99 
7 9 832 300 1131 409 1095 287 76 99 
7 9 832 300 1131 410 1095 287 76 99 
7 9 832 300 1131 411 1095 284 76 100 
7 9 832 300 1131 412 1095 284 76 100 
7 9 832 300 1131 413 1093 284 74 100 
7 9 832 300 1131 414 1093 284 74 100 
7 9 832 300 1131 415 1093 281 74 100 
7 9 832 300 1131 416 1093 281 74 100 
7 9 832 300 1131 417 1093 281 74 100 
7 9 832 300 1131 418 1093 281 74 100 
7 9 832 300 1131 419 1090 281 74 100 
7 9 832 300 1131 420 1090 279 74 99 
7 9 832 300 1131 421 1090 279 74 99 
7 9 832 300 1131 422 1090 279 74 99 
7 9 832 300 1131 423 1090 279 74 99 
7 9 832 300 1131 424 1087 279 76 99 
7 9 832 300 1131 425 1087 276 76 100 
7 9 832 300 1131 426 1087 276 76 100 
7 9 832 300 1131 427 1087 276 76 100 
7 9 832 300 1131 428 1087 276 76 100 
7 9 832 300 1131 429 1087 273 76 100 
7 9 832 300 1131 430 1085 273 74 100 
7 9 832 300 1131 431 1085 273 74 100 
7 9 832 300 1131 432 1085 273 74 100 
7 9 832 300 1131 433 1085 273 74 100 
7 9 832 300 1131 434 1085 271 74 99 
7 9 832 300 1131 435 1085 271 74 99 
7 9 832 300 1131 436 1082 271 74 99 
7 9 832 300 1131 437 1082 271 74 99 
7 9 832 300 1131 438 1082 271 74 99 
7 9 832 300 1131 439 1082 268 74 100 
7 9 832 300 1131 440 1082 268 74 100 
7 9 832 300 1131 441 1079 268 76 100 
7 9 832 300 1131 442 1079 268 76 100 
7 9 832 300 1131 443 1079 265 76 100 
7 9 832 300 1131 444 1079 265 76 100 
7 9 832 300 1131 445 1079 265 76 100 
7 9 832 300 1131 446 1079 265 76 100 
7 9 832 300 1131 447 1077 265 74 100 
7 9 832 300 1131 448 1077 263 74 99 
7 9 832 300 1131 449 1077 263 74 99 
7 9 832 300 1131 450 1077 263 74 99 
7 9 832 300 1131 451 1077 263 74 99 
7 9 832 300 1131 452 1077 263 74 99 
7 9 832 300 1131 453 1074 260 74 100 
7 9 832 300 1131 454 1074 260 74 100 
7 9 832 300 1131 455 1074 260 74 100 
7 9 832 300 1131 456 1074 260 74 100 
7 9 832 300 1131 457 1074 257 74 100 
7 9 832 300 1131 458 1071 257 76 100 
7 9 832 300 1131 459 1071 257 76 100 
7 9 832 300 1131 460 1071 257 76 100 
7 9 832 300 1131 461 1071 257 76 100 
7 9 832 300 1131 462 1071 255 76 99 
7 9 832 300 1131 463 1071 255 76 99 
7 9 832 300 1131 464 1069 255 74 99 
7 9 832 300 1131 465 1069 255 74 99 
7 9 832 300 1131 466 1069 252 74 100 
7 9 832 300 1131 467 1069 252 74 100 
7 9 832 300 1131 468 1069 252 74 100 
7 9 832 300 1131 469 1069 252 74 100 
7 9 832 300 1131 470 1066 252 74 100 
7 9 832 300 1131 471 1066 249 74 100 
7 9 832 300 1131 472 1066 249 74 100 
7 9 832 300 1131 473 1066 249 74 100 
7 9 832 300 1131 474 1066 249 74 100 
7 9 832 300 1131 475 1063 249 76 100 
7 9 832 300 1131 476 1063 247 76 99 
7 9 832 300 1131 477 1063 247 76 99 
7 9 832 300 1131 478 1063 247 76 99 
7 9 832 300 1131 479 1063 247 76 99 
7 9 832 300 1131 480 1063 244 76 100 
7 9 832 300 1131 481 1061 244 74 100 
7 9 832 300 1131 482 1061 244 74 100 
7 9 832 300 1131 483 1061 244 74 100 
7 9 832 300 1131 484 1061 244 74 100 
7 9 832 300 1131 485 1061 241 74 100 
7 9 832 300 1131 486 1061 241 74 100 
7 9 832 300 1131 487 1058 241 74 100 
7 9 832 300 1131 488 1058 241 74 100 
7 9 832 300 1131 489 1058 241 74 100 
7 9 832 300 1131 490 1058 239 74 99 
7 9 832 300 1131 491 1058 239 74 99 
7 9 832 300 1131 492 1055 239 76 99 
7 9 832 300 1131 493 1055 239 76 99 
7 9 832 300 1131 494 1055 236 76 100 
7 9 832 300 1131 495 1055 236 76 100 
7 9 832 300 1131 496 1055 236 76 100 
7 9 832 300 1131 497 1055 236 76 100 
7 9 832 300 1131 498 1053 236 74 100 
7 9 832 300 1131 499 1053 233 74 100 
7 9 832 300 1131 500 1053 233 74 100 
7 9 832 300 1131 501 1053 233 74 100 
7 9 832 300 1131 502 1053 233 74 100 
7 9 832 300 1131 503 1053 233 74 100 
7 9 832 300 1131 504 1050 231 74 99 
7 9 832 300 1131 505 1050 231 74 99 
7 9 832 300 1131 506 1050 231 74 99 
7 9 832 300 1131 507 1050 231 74 99 
7 9 832 300 1131 508 1050 231 74 99 
7 9 832 300 1131 509 1050 228 74 100 
7 9 832 300 1131 510 1050 228 74 100 
7 9 832 300 1131 511 1050 228 74 100 
7 9 832 300 1131 512 1050 228 74 100 
7 9 832 300 1131 513 1050 228 74 100 
7 9 832 300 1131 514 1047 228 76 100 
7 9 832 300 1131 515 1047 225 76 100 
7 9 832 300 1131 516 1047 225 76 100 
7 9 832 300 1131 517 1047 225 76 100 
7 9 832 300 1131 518 1047 225 76 100 
7 9 832 300 1131 519 1047 225 76 100 
7 9 832 300 1131 520 1047 225 76 100 
7 9 832 300 1131 521 1047 223 76 99 
7 9 832 300 1131 522 1047 223 76 99 
7 9 832 300 1131 523 1047 223 76 99 
7 9 832 300 1131 524 1047 223 76 99 
7 9 832 300 1131 525 1045 223 74 99 
7 9 832 300 1131 526 1045 220 74 100 
7 9 832 300 1131 527 1045 220 74 100 
7 9 832 300 1131 528 1045 220 74 100 
7 9 832 300 1131 529 1045 220 74 100 
7 9 832 300 1131 530 1045 220 74 100 
7 9 832 300 1131 531 1045 220 74 100 
7 9 832 300 1131 532 1045 217 74 100 
7 9 832 300 1131 533 1045 217 74 100 
7 9 832 300 1131 534 1045 217 74 100 
7 9 832 300 1131 535 1045 217 74 100 
7 9 832 300 1131 536 1042 217 74 100 
7 9 832 300 1131 537 1042 217 74 100 
7 9 832 300 1131 538 1042 215 74 99 
7 9 832 300 1131 539 1042 215 74 99 
7 9 832 300 1131 540 1042 215 74 99 
7 9 832 300 1131 541 1042 215 74 99 
7 9 832 300 1131 542 1042 215 74 99 
7 9 832 300 1131 543 1042 212 74 100 
7 9 832 300 1131 544 1042 212 74 100 
7 9 832 300 1131 545 1042 212 74 100 
7 9 832 300 1131 546 1042 212 74 100 
7 9 832 300 1131 547 1039 212 76 100 
7 9 832 300 1131 548 1039 212 76 100 
7 9 832 300 1131 549 1039 209 76 100 
7 9 832 300 1131 550 1039 209 76 100 
7 9 832 300 1131 551 1039 209 76 100 
7 9 832 300 1131 552 1039 209 76 100 
7 9 832 300 1131 553 1039 209 76 100 
7 9 832 300 1131 554 1039 209 76 100 
7 9 832 300 1131 555 1039 207 76 99 
7 9 832 300 1131 556 1039 207 76 99 
7 9 832 300 1131 557 1037 207 74 99 
7 9 832 300 1131 558 1037 207 74 99 
7 9 832 300 1131 559 1037 207 74 99 
7 9 832 300 1131 560 1037 207 74 99 
7 9 832 300 1131 561 1037 204 74 100 
7 9 832 300 1131 562 1037 204 74 100 
7 9 832 300 1131 563 1037 204 74 100 
7 9 832 300 1131 564 1037 204 74 100 
7 9 832 300 1131 565 1037 204 74 100 
7 9 832 300 1131 566 1037 201 74 100 
7 9 832 300 1131 567 1037 201 74 100 
7 9 832 300 1131 568 1034 201 74 100 
7 9 832 300 1131 569 1034 201 74 100 
7 9 832 300 1131 570 1034 201 74 100 
7 9 832 300 1131 571 1034 201 74 100 
7 9 832 300 1131 572 1034 199 74 99 
7 9 832 300 1131 573 1034 199 74 99 
7 9 832 300 1131 574 1034 199 74 99 
7 9 832 300 1131 575 1034 199 74 99 
7 9 832 300 1131 576 1034 199 74 99 
7 9 832 300 1131 577 1034 199 74 99 
7 9 832 300 1131 578 1034 196 74 100 
7 9 832 300 1131 579 1031 196 76 100 
7 9 832 300 1131 580 1031 196 76 100 
7 9 832 300 1131 581 1031 196 76 100 
7 9 832 300 1131 582 1031 196 76 100 
7 9 832 300 1131 583 1031 193 76 100 
7 9 832 300 1131 584 1031 193 76 100 
7 9 832 300 1131 585 1031 193 76 100 
7 9 832 300 1131 586 1031 193 76 100 
7 9 832 300 1131 587 1031 193 76 100 
7 9 832 300 1131 588 1031 193 76 100 
7 9 832 300 1131 589 1031 191 76 99 
7 9 832 300 1131 590 1029 191 74 99 
7 9 832 300 1131 591 1029 191 74 99 
7 9 832 300 1131 592 1029 191 74 99 
7 9 832 300 1131 593 1029 191 74 99 
7 9 832 300 1131 594 1029 191 74 99 
7 9 832 300 1131 595 1029 188 74 100 
7 9 832 300 1131 596 1029 188 74 100 
7 9 832 300 1131 597 1029 188 74 100 
7 9 832 300 1131 598 1029 188 74 100 
7 9 832 300 1131 599 1029 188 74 100 
7 9 832 300 1131 600 1029 188 74 100 
7 9 832 300 1131 601 1026 185 74 100 
7 9 832 300 1131 602 1026 185 74 100 
7 9 832 300 1131 603 1026 185 74 100 
7 9 832 300 1131 604 1026 185 74 100 
7 9 832 300 1131 605 1026 182 74 103 
7 9 832 300 1131 606 1022 183 80 99 
7 9 832 300 1131 607 1022 183 80 99 
7 9 832 300 1131 608 1023 183 76 99 
7 9 832 300 1131 609 1023 183 76 99 
7 9 832 300 1131 610 1023 179 76 103 
7 9 832 300 1131 611 1023 179 76 103 
7 9 832 300 1131 612 1020 180 80 100 
7 9 832 300 1131 613 1020 180 80 100 
7 9 832 300 1131 614 1020 180 80 100 
7 9 832 300 1131 615 1021 176 74 105 
7 9 832 300 1131 616 1021 176 74 105 
7 9 832 300 1131 617 1021 176 74 105 
7 9 832 300 1131 618 1017 177 80 100 
7 9 832 300 1131 619 1017 177 80 100 
7 9 832 300 1131 620 1017 174 80 103 
7 9 832 300 1131 621 1017 174 80 103 
7 9 832 300 1131 622 1018 174 74 103 
7 9 832 300 1131 623 1018 174 74 103 
7 9 832 300 1131 624 1014 171 80 103 
7 9 832 300 1131 625 1014 171 80 103 
7 9 832 300 1131 626 1014 171 80 103 
7 9 832 300 1131 627 1014 171 80 103 
7 9 832 300 1131 628 1014 171 80 103 
7 9 832 300 1131 629 1015 168 76 108 
7 9 832 300 1131 630 1012 168 80 105 
7 9 832 300 1131 631 1012 168 80 105 
7 9 832 300 1131 632 1012 168 80 105 
7 9 832 300 1131 633 1012 168 80 105 
7 9 832 300 1131 634 1012 166 80 108 
7 9 832 300 1131 635 1012 166 80 108 
7 9 832 300 1131 636 1009 166 80 103 
7 9 832 300 1131 637 1009 166 80 103 
7 9 832 300 1131 638 1009 166 80 103 
7 9 832 300 1131 639 1009 163 80 108 
7 9 832 300 1131 640 1009 163 80 108 
7 9 832 300 1131 641 1009 163 80 108 
7 9 832 300 1131 642 1004 163 86 103 
7 9 832 300 1131 643 1006 160 80 108 
7 9 832 300 1131 644 1006 160 80 108 
7 9 832 300 1131 645 1006 160 80 108 
7 9 832 300 1131 646 1006 160 80 108 
7 9 832 300 1131 647 1006 160 80 108 
7 9 832 300 1131 648 1003 158 84 108 
7 9 832 300 1131 649 1003 158 84 108 
7 9 832 300 1131 650 1003 158 84 108 
7 9 832 300 1131 651 1004 158 80 108 
7 9 832 300 1131 652 1004 158 80 108 
7 9 832 300 1131 653 999 155 86 108 
7 9 832 300 1131 654 999 155 86 108 
7 9 832 300 1131 655 999 155 86 108 
7 9 832 300 1131 656 999 155 86 108 
7 9 832 300 1131 657 999 155 86 108 
7 9 832 300 1131 658 1001 151 80 112 
7 9 832 300 1131 659 996 152 86 108 
7 9 832 300 1131 660 996 152 86 108 
7 9 832 300 1131 661 996 152 86 108 
7 9 832 300 1131 662 996 149 86 111 
7 9 832 300 1131 663 996 149 86 111 
7 9 832 300 1131 664 996 149 86 111 
7 9 832 300 1131 665 995 150 84 108 
7 9 832 300 1131 666 995 150 84 108 
7 9 832 300 1131 667 995 146 84 112 
7 9 832 300 1131 668 995 146 84 112 
7 9 832 300 1131 669 995 146 84 112 
7 9 832 300 1131 670 995 146 84 112 
7 9 832 300 1131 671 990 147 90 108 
7 9 832 300 1131 672 991 143 86 112 
7 9 832 300 1131 673 991 143 86 112 
7 9 832 300 1131 674 991 143 86 112 
7 9 832 300 1131 675 991 143 86 112 
7 9 832 300 1131 676 991 143 86 112 
7 9 832 300 1131 677 987 141 92 111 
7 9 832 300 1131 678 987 141 92 111 
7 9 832 300 1131 679 988 141 86 111 
7 9 832 300 1131 680 988 141 86 111 
7 9 832 300 1131 681 988 137 86 115 
7 9 832 300 1131 682 988 137 86 115 
7 9 832 300 1131 683 985 138 90 112 
7 9 832 300 1131 684 985 138 90 112 
7 9 832 300 1131 685 985 138 90 112 
7 9 832 300 1131 686 987 134 84 117 
7 9 832 300 1131 687 987 134 84 117 
7 9 832 300 1131 688 987 134 84 117 
7 9 832 300 1131 689 982 135 90 112 
7 9 832 300 1131 690 982 135 90 112 
7 9 832 300 1131 691 982 132 90 115 
7 9 832 300 1131 692 982 132 90 115 
7 9 832 300 1131 693 983 132 86 115 
7 9 832 300 1131 694 983 132 86 115 
7 9 832 300 1131 695 979 133 92 111 
7 9 832 300 1131 696 979 129 92 115 
7 9 832 300 1131 697 979 129 92 115 
7 9 832 300 1131 698 979 129 92 115 
7 9 832 300 1131 699 979 129 92 115 
7 9 832 300 1131 700 979 129 92 115 
7 9 832 300 1131 701 977 126 90 117 
7 9 832 300 1131 702 977 126 90 117 
7 9 832 300 1131 703 977 126 90 117 
7 9 832 300 1131 704 977 124 90 120 
7 9 832 300 1131 705 977 124 90 120 
7 9 832 300 1131 706 977 124 90 120 
7 9 832 300 1131 707 977 120 90 124 
7 9 832 300 1131 708 974 121 90 120 
7 9 832 300 1131 709 974 121 90 120 
7 9 832 300 1131 710 974 121 90 120 
7 9 832 300 1131 711 974 117 90 124 
7 9 832 300 1131 712 974 117 90 124 
7 9 832 300 1131 713 974 117 90 124 
7 9 832 300 1131 714 974 114 90 127 
7 9 832 300 1131 715 974 114 90 127 
7 9 832 300 1131 716 971 115 92 123 
7 9 832 300 1131 717 971 111 92 127 
7 9 832 300 1131 718 971 111 92 127 
7 9 832 300 1131 719 971 111 92 127 
7 9 832 300 1131 720 971 111 92 127 
7 9 832 300 1131 721 971 108 92 132 
7 9 832 300 1131 722 971 108 92 132 
7 9 832 300 1131 723 969 108 90 129 
7 9 832 300 1131 724 969 106 90 132 
7 9 832 300 1131 725 969 106 90 132 
7 9 832 300 1131 726 969 106 90 132 
7 9 832 300 1131 727 969 102 90 136 
7 9 832 300 1131 728 969 102 90 136 
7 9 832 300 1131 729 969 102 90 136 
7 9 832 300 1131 730 969 102 90 136 
7 9 832 300 1131 731 966 99 90 136 
7 9 832 300 1131 732 966 99 90 136 
7 9 832 300 1131 733 966 99 90 136 
7 9 832 300 1131 734 966 97 90 135 
7 9 832 300 1131 735 966 97 90 135 
7 9 832 300 1131 736 966 97 90 135 
7 9 832 300 1131 737 966 94 90 136 
7 9 832 300 1131 738 966 94 90 136 
7 9 832 300 1131 739 966 94 90 136 
7 9 832 300 1131 740 966 91 90 136 
7 9 832 300 1131 741 963 91 92 136 
7 9 832 300 1131 742 963 91 92 136 
7 9 832 300 1131 743 963 89 92 135 
7 9 832 300 1131 744 963 89 92 135 
7 9 832 300 1131 745 963 89 92 135 
7 9 832 300 1131 746 963 86 92 136 
7 9 832 300 1131 747 963 86 92 136 
7 9 832 300 1131 748 963 86 92 136 
7 9 832 300 1131 749 963 83 92 136 
7 9 832 300 1131 750 963 83 92 136 
7 9 832 300 1131 751 961 83 90 136 
7 9 832 300 1131 752 961 81 90 135 
7 9 832 300 1131 753 961 81 90 135 
7 9 832 300 1131 754 961 81 90 135 
7 9 832 300 1131 755 961 78 90 136 
7 9 832 300 1131 756 961 78 90 136 
7 9 832 300 1131 757 961 78 90 136 
7 9 832 300 1131 758 961 75 90 136 
7 9 832 300 1131 759 961 75 90 136 
7 9 832 300 1131 760 961 75 90 136 
7 9 832 300 1131 761 958 75 90 136 
7 9 832 300 1131 762 958 75 90 136 
7 9 832 300 1131 763 958 75 90 136 
7 9 832 300 1131 764 958 75 90 136 
7 9 832 300 1131 765 955 75 92 136 
7 9 832 300 1131 766 955 75 92 136 
7 9 832 300 1131 767 955 75 92 136 
7 9 832 300 1131 768 955 75 92 136 
7 9 832 300 1131 769 953 75 90 136 
7 9 832 300 1131 770 953 75 90 136 
7 9 832 300 1131 771 953 75 90 136 
7 9 832 300 1131 772 953 75 90 136 
7 9 832 300 1131 773 950 75 90 136 
7 9 832 300 1131 774 950 75 90 136 
7 9 832 300 1131 775 950 75 90 136 
7 9 832 300 1131 776 950 75 90 136 
7 9 832 300 1131 777 950 75 90 136 
7 9 832 300 1131 778 947 75 92 136 
7 9 832 300 1131 779 947 75 92 136 
7 9 832 300 1131 780 947 75 92 136 
7 9 832 300 1131 781 947 75 92 136 
7 9 832 300 1131 782 945 75 90 136 
7 9 832 300 1131 783 945 75 90 136 
7 9 832 300 1131 784 945 75 90 136 
7 9 832 300 1131 785 945 75 90 136 
7 9 832 300 1131 786 942 75 90 136 
7 9 832 300 1131 787 942 75 90 136 
7 9 832 300 1131 788 942 75 90 136 
7 9 832 300 1131 789 942 75 90 136 
7 9 832 300 1131 790 942 78 90 136 
7 9 832 300 1131 791 939 75 92 136 
7 9 832 300 1131 792 939 75 92 136 
7 9 832 300 1131 793 939 75 92 136 
7 9 832 300 1131 794 939 75 92 136 
7 9 832 300 1131 795 939 75 92 136 
7 9 832 300 1131 796 939 73 92 135 
7 9 832 300 1131 797 937 73 90 135 
7 9 832 300 1131 798 937 73 90 135 
7 9 832 300 1131 799 937 73 90 135 
7 9 832 300 1131 800 937 73 90 135 
7 9 832 300 1131 801 937 70 90 136 
7 9 832 300 1131 802 937 70 90 136 
7 9 832 300 1131 803 934 70 90 136 
7 9 832 300 1131 804 934 70 90 136 
7 9 832 300 1131 805 934 70 90 136 
7 9 832 300 1131 806 934 67 90 136 
7 9 832 300 1131 807 934 67 90 136 
7 9 832 300 1131 808 934 67 90 136 
7 9 832 300 1131 809 934 67 90 136 
7 9 832 300 1131 810 931 67 92 136 
7 9 832 300 1131 811 931 65 92 135 
7 9 832 300 1131 812 931 65 92 135 
7 9 832 300 1131 813 931 65 92 135 
7 9 832 300 1131 814 931 65 92 135 
7 9 832 300 1131 815 931 65 92 135 
7 9 832 300 1131 816 929 62 90 136 
7 9 832 300 1131 817 929 62 90 136 
7 9 832 300 1131 818 929 62 90 136 
7 9 832 300 1131 819 929 62 90 136 
7 9 832 300 1131 820 929 62 90 136 
7 9 832 300 1131 821 929 59 90 136 
7 9 832 300 1131 822 929 59 90 136 
7 9 832 300 1131 823 926 59 90 136 
7 9 832 300 1131 824 926 59 90 136 
7 9 832 300 1131 825 926 59 90 136 
7 9 832 300 1131 826 926 57 90 135 
7 9 832 300 1131 827 926 57 90 135 
7 9 832 300 1131 828 926 57 90 135 
7 9 832 300 1131 829 923 57 92 135 
7 9 832 300 1131 830 923 57 92 135 
7 9 832 300 1131 831 923 54 92 136 
7 9 832 300 1131 832 923 54 92 136 
7 9 832 300 1131 833 923 54 92 136 
7 9 832 300 1131 834 923 54 92 136 
7 9 832 300 1131 835 923 54 92 136 
7 9 832 300 1131 836 921 51 90 136 
7 9 832 300 1131 837 921 51 90 136 
7 9 832 300 1131 838 921 51 90 136 
7 9 832 300 1131 839 921 51 90 136 
7 9 832 300 1131 840 921 51 90 136 
7 9 832 300 1131 841 921 49 90 135 
7 9 832 300 1131 842 918 49 90 135 
7 9 832 300 1131 843 918 49 90 135 
7 9 832 300 1131 844 918 49 90 135 
7 9 832 300 1131 845 918 49 90 135 
7 9 832 300 1131 846 918 46 90 136 
7 9 832 300 1131 847 918 46 90 136 
7 9 832 300 1131 848 918 46 90 136 
7 9 832 300 1131 849 915 46 92 136 
7 9 832 300 1131 850 915 46 92 136 
7 9 832 300 1131 851 915 43 92 136 
7 9 832 300 1131 852 915 43 92 136 
7 9 832 300 1131 853 915 43 92 136 
7 9 832 300 1131 854 915 43 92 136 
7 9 832 300 1131 855 913 43 90 136 
7 9 832 300 1131 856 913 41 90 135 
7 9 832 300 1131 857 913 41 90 135 
7 9 832 300 1131 858 913 41 90 135 
7 9 832 300 1131 859 913 41 90 135 
7 9 832 300 1131 860 913 41 90 135 
7 9 832 300 1131 861 913 38 90 136 
7 9 832 300 1131 862 910 38 90 136 
7 9 832 300 1131 863 910 38 90 136 
7 9 832 300 1131 864 910 38 90 136 
7 9 832 300 1131 865 910 38 90 136 
7 9 832 300 1131 866 910 35 90 136 
7 9 832 300 1131 867 910 35 90 136 
7 9 832 300 1131 868 907 35 92 136 
7 9 832 300 1131 869 907 35 92 136 
7 9 832 300 1131 870 907 35 92 136 
7 9 832 300 1131 871 907 33 92 135 
7 9 832 300 1131 872 907 33 92 135 
7 9 832 300 1131 873 907 33 92 135 
7 9 832 300 1131 874 907 33 92 135 
7 9 832 300 1131 875 905 33 90 135 
7 9 832 300 1131 876 905 30 90 136 
7 9 832 300 1131 877 905 30 90 136 
7 9 832 300 1131 878 905 30 90 136 
7 9 832 300 1131 879 905 30 90 136 
7 9 832 300 1131 880 905 30 90 136 
7 9 832 300 1131 881 902 27 90 136 
7 9 832 300 1131 882 902 27 90 136 
7 9 832 300 1131 883 902 27 90 136 
7 9 832 300 1131 884 902 27 90 136 
7 9 832 300 1131 885 902 27 90 136 
7 9 832 300 1131 886 902 25 90 135 
7 9 832 300 1131 887 902 25 90 135 
7 9 832 300 1131 888 899 25 92 135 
7 9 832 300 1131 889 899 25 92 135 
7 9 832 300 1131 890 899 25 92 135 
7 9 832 300 1131 891 899 22 92 136 
7 9 832 300 1131 892 899 22 92 136 
7 9 832 300 1131 893 899 22 92 136 
7 9 832 300 1131 894 897 22 90 136 
7 9 832 300 1131 895 897 22 90 136 
7 9 832 300 1131 896 897 19 90 136 
7 9 832 300 1131 897 897 19 90 136 
7 9 832 300 1131 898 897 19 90 136 
7 9 832 300 1131 899 897 19 90 136 
7 9 832 300 1131 900 897 19 90 136 
7 9 832 300 1131 901 894 17 90 135 
7 9 832 300 1131 902 894 17 90 135 
7 9 832 300 1131 903 894 17 90 135 
7 9 832 300 1131 904 894 17 90 135 
7 9 832 300 1131 905 894 17 90 135 
7 9 832 300 1131 906 895 17 86 135 
7 9 832 300 1131 907 895 18 86 132 
7 9 832 300 1131 908 891 18 92 132 
7 9 832 300 1131 909 891 18 92 132 
7 9 832 300 1131 910 891 14 92 136 
7 9 832 300 1131 911 891 14 92 136 
7 9 832 300 1131 912 892 14 86 136 
7 9 832 300 1131 913 892 15 86 132 
7 9 832 300 1131 914 892 15 86 132 
7 9 832 300 1131 915 892 15 86 132 
7 9 832 300 1131 916 889 15 90 132 
7 9 832 300 1131 917 889 15 90 132 
7 9 832 300 1131 918 891 15 84 132 
7 9 832 300 1131 919 891 12 84 132 
7 9 832 300 1131 920 891 12 84 132 
7 9 832 300 1131 921 891 12 84 132 
7 9 832 300 1131 922 891 12 84 132 
7 9 832 300 1131 923 886 12 90 132 
7 9 832 300 1131 924 887 12 86 132 
7 9 832 300 1131 925 887 12 86 129 
7 9 832 300 1131 926 887 12 86 129 
7 9 832 300 1131 927 887 12 86 129 
7 9 832 300 1131 928 887 10 86 132 
7 9 832 300 1131 929 887 10 86 132 
7 9 832 300 1131 930 889 10 80 132 
7 9 832 300 1131 931 884 10 86 127 
7 9 832 300 1131 932 884 10 86 127 
7 9 832 300 1131 933 884 10 86 127 
7 9 832 300 1131 934 884 10 86 127 
7 9 832 300 1131 935 884 10 86 127 
7 9 832 300 1131 936 886 10 80 127 
7 9 832 300 1131 937 886 7 80 127 
7 9 832 300 1131 938 883 7 84 127 
7 9 832 300 1131 939 883 7 84 127 
7 9 832 300 1131 940 883 7 84 127 
7 9 832 300 1131 941 883 7 84 127 
7 9 832 300 1131 942 884 7 80 127 
7 9 832 300 1131 943 884 7 80 127 
7 9 832 300 1131 944 884 8 80 124 
7 9 832 300 1131 945 884 8 80 124 
7 9 832 300 1131 946 879 8 86 124 
7 9 832 300 1131 947 881 4 80 129 
7 9 832 300 1131 948 881 4 80 129 
7 9 832 300 1131 949 881 4 80 129 
7 9 832 300 1131 950 881 5 80 124 
7 9 832 300 1131 951 881 5 80 124 
7 9 832 300 1131 952 881 5 80 124 
7 9 832 300 1131 953 882 5 74 124 
7 9 832 300 1131 954 878 5 80 124 
7 9 832 300 1131 955 878 5 80 124 
7 9 832 300 1131 956 878 3 80 123 
7 9 832 300 1131 957 878 3 80 123 
7 9 832 300 1131 958 878 3 80 123 
7 9 832 300 1131 959 879 3 76 123 
7 9 832 300 1131 960 879 3 76 123 
7 9 832 300 1131 961 876 3 80 123 
7 9 832 300 1131 962 876 4 80 120 
7 9 832 300 1131 963 876 4 80 120 
7 9 832 300 1131 964 876 4 80 120 
7 9 832 300 1131 965 877 0 74 124 
7 9 832 300 1131 966 877 0 74 124 
7 9 832 300 1131 967 877 0 74 124 
7 9 832 300 1131 968 877 1 74 120 
7 9 832 300 1131 969 873 1 80 120 
7 9 832 300 1131 970 873 1 80 120 
7 9 832 300 1131 971 874 1 74 120 
7 9 832 300 1131 972 874 1 74 120 
7 9 832 300 1131 973 874 1 74 120 
7 9 832 300 1131 974 874 0 74 118 
7 9 832 300 1131 975 874 0 74 118 
7 9 832 300 1131 976 870 0 80 118 
7 9 832 300 1131 977 871 0 76 118 
7 9 832 300 1131 978 871 0 76 118 
7 9 832 300 1131 979 871 0 76 118 
7 9 832 300 1131 980 871 0 76 115 
7 9 832 300 1131 981 871 0 76 115 
7 9 832 300 1131 982 871 0 76 115 
7 9 832 300 1131 983 872 0 70 116 
7 9 832 300 1131 984 869 0 74 116 
7 9 832 300 1131 985 869 0 74 116 
7 9 832 300 1131 986 869 0 74 116 
7 9 832 300 1131 987 869 0 74 112 
7 9 832 300 1131 988 871 0 68 112 
7 9 832 300 1131 989 871 0 68 112 
7 9 832 300 1131 990 871 0 68 112 
7 9 832 300 1131 991 871 0 68 112 
7 9 832 300 1131 992 866 0 74 112 
7 9 832 300 1131 993 866 0 74 109 
7 9 832 300 1131 994 867 0 70 109 
7 9 832 300 1131 995 867 0 70 109 
7 9 832 300 1131 996 867 0 70 109 
7 9 832 300 1131 997 867 0 70 109 
7 9 832 300 1131 998 867 0 70 109 
7 9 832 300 1131 999 863 0 76 106 
7 9 832 300 1131 1000 864 0 70 106 
7 9 832 300 1131 1001 864 0 70 106 
7 9 832 300 1131 1002 864 0 70 107 
7 9 832 300 1131 1003 864 0 70 107 
7 9 832 300 1131 1004 864 0 70 107 
7 9 832 300 1131 1005 864 0 70 103 
7 9 832 300 1131 1006 866 0 64 103 
7 9 832 300 1131 1007 863 0 68 103 
7 9 832 300 1131 1008 863 0 68 103 
7 9 832 300 1131 1009 863 0 68 103 
7 9 832 300 1131 1010 863 0 68 103 
7 9 832 300 1131 1011 863 0 68 100 
7 9 832 300 1131 1012 864 0 64 100 
7 9 832 300 1131 1013 864 0 64 100 
7 9 832 300 1131 1014 859 0 70 100 
7 9 832 300 1131 1015 859 0 70 100 
7 9 832 300 1131 1016 859 0 70 100 
7 9 832 300 1131 1017 859 0 70 98 
7 9 832 300 1131 1018 861 0 64 98 
7 9 832 300 1131 1019 861 0 64 98 
7 9 832 300 1131 1020 861 0 64 98 
7 9 832 300 1131 1021 861 0 64 98 
7 9 832 300 1131 1022 856 0 70 98 
7 9 832 300 1131 1023 856 0 70 95 
7 9 832 300 1131 1024 858 0 64 95 
7 9 832 300 1131 1025 858 0 64 95 
7 9 832 300 1131 1026 858 0 64 95 
7 9 832 300 1131 1027 858 0 64 95 
7 9 832 300 1131 1028 858 0 64 95 
7 9 832 300 1131 1029 858 0 64 95 
7 9 832 300 1131 1030 856 0 64 92 
7 9 832 300 1131 1031 856 0 64 92 
7 9 832 300 1131 1032 856 0 64 92 
7 9 832 300 1131 1033 856 0 64 92 
7 9 832 300 1131 1034 856 0 64 92 
7 9 832 300 1131 1035 856 0 64 92 
7 9 832 300 1131 1036 856 0 64 89 
7 9 832 300 1131 1037 853 0 64 89 
7 9 832 300 1131 1038 853 0 64 89 
7 9 832 300 1131 1039 853 0 64 89 
7 9 832 300 1131 1040 853 0 64 89 
7 9 832 300 1131 1041 853 0 64 89 
7 9 832 300 1131 1042 853 0 64 85 
7 9 832 300 1131 1043 853 0 64 85 
7 9 832 300 1131 1044 850 0 64 85 
7 9 832 300 1131 1045 850 0 64 85 
7 9 832 300 1131 1046 850 0 64 85 
7 9 832 300 1131 1047 850 0 64 85 
7 9 832 300 1131 1048 850 0 64 82 
7 9 832 300 1131 1049 850 0 64 82 
7 9 832 300 1131 1050 850 0 64 82 
7 9 832 300 1131 1051 848 0 64 82 
7 9 832 300 1131 1052 848 0 64 82 
7 9 832 300 1131 1053 848 0 64 82 
7 9 832 300 1131 1054 848 0 64 79 
7 9 832 300 1131 1055 848 0 64 79 
7 9 832 300 1131 1056 848 0 64 79 
7 9 832 300 1131 1057 848 0 64 79 
7 9 832 300 1131 1058 845 0 64 79 
7 9 832 300 1131 1059 845 0 64 79 
7 9 832 300 1131 1060 845 0 64 75 
7 9 832 300 1131 1061 845 0 64 75 
7 9 832 300 1131 1062 845 0 64 75 
7 9 832 300 1131 1063 845 0 64 75 
7 9 832 300 1131 1064 845 0 64 75 
7 9 832 300 1131 1065 842 0 64 75 
7 9 832 300 1131 1066 842 0 64 72 
7 9 832 300 1131 1067 842 0 64 72 
7 9 832 300 1131 1068 842 0 64 72 
7 9 832 300 1131 1069 842 0 64 72 
7 9 832 300 1131 1070 842 0 64 72 
7 9 832 300 1131 1071 842 0 64 72 
7 9 832 300 1131 1072 840 0 64 69 
7 9 832 300 1131 1073 840 0 64 69 
7 9 832 300 1131 1074 840 0 64 69 
7 9 832 300 1131 1075 840 0 64 70 
7 9 832 300 1131 1076 840 0 64 70 
7 9 832 300 1131 1077 840 0 64 70 
7 9 832 300 1131 1078 840 0 64 66 
7 9 832 300 1131 1079 837 0 64 66 
7 9 832 300 1131 1080 837 0 64 66 
7 9 832 300 1131 1081 837 0 64 66 
7 9 832 300 1131 1082 837 0 64 66 
7 9 832 300 1131 1083 837 0 64 66 
7 9 832 300 1131 1084 837 0 64 62 
7 9 832 300 1131 1085 837 0 64 62 
7 9 832 300 1131 1086 834 0 64 62 
7 9 832 300 1131 1087 834 0 64 62 
7 9 832 300 1131 1088 834 0 64 62 
7 9 832 300 1131 1089 834 0 64 62 
7 9 832 300 1131 1090 834 0 64 60 
7 9 832 300 1131 1091 834 0 64 60 
7 9 832 300 1131 1092 834 0 64 60 
7 9 832 300 1131 1093 832 0 64 60 
7 9 832 300 1131 1094 832 0 64 60 
7 9 832 300 1131 1095 832 0 64 60 
7 9 832 300 1131 1096 832 0 64 56 
7 9 832 300 1131 1097 832 0 64 56 
7 9 832 300 1131 1098 832 0 64 56 
7 9 832 300 1131 1099 832 0 64 56 
7 9 832 300 1131 1100 829 0 64 56 
7 9 832 300 1131 1101 829 0 64 56 
7 9 832 300 1131 1102 829 0 64 52 
7 9 832 300 1131 1103 829 0 64 52 
7 9 832 300 1131 1104 829 0 64 52 
7 9 832 300 1131 1105 829 0 64 52 
7 9 832 300 1131 1106 829 0 64 52 
7 9 832 300 1131 1107 826 0 64 52 
7 9 832 300 1131 1108 826 0 64 50 
7 9 832 300 1131 1109 826 0 64 50 
7 9 832 300 1131 1110 826 0 64 50 
7 9 832 300 1131 1111 826 0 64 50 
7 9 832 300 1131 1112 826 0 64 50 
7 9 832 300 1131 1113 826 0 64 50 
7 9 832 300 1131 1114 824 0 64 46 
7 9 832 300 1131 1115 824 0 64 46 
7 9 832 300 1131 1116 824 0 64 46 
7 9 832 300 1131 1117 824 0 64 46 
7 9 832 300 1131 1118 824 0 64 46 
7 9 832 300 1131 1119 824 0 64 46 
7 9 832 300 1131 1120 824 0 64 46 
7 9 832 300 1131 1121 821 0 64 42 
7 9 832 300 1131 1122 821 0 64 42 
7 9 832 300 1131 1123 821 0 64 42 
7 9 832 300 1131 1124 821 0 64 42 
7 9 832 300 1131 1125 821 0 64 42 
7 9 832 300 1131 1126 821 0 64 42 
7 9 832 300 1131 1127 818 0 64 42 
7 9 832 300 1131 1128 818 0 64 42 
7 9 832 300 1131 1129 818 0 64 42 
7 9 832 300 1131 1130 818 0 64 42 
7 9 832 300 1131 1131 818 0 64 42 
9 9 195 1174 1368 1174 1788 808 80 108 
9 9 195 1174 1368 1175 1785 808 80 108 
9 9 195 1174 1368 1176 1785 811 80 103 
9 9 195 1174 1368 1177 1782 811 80 103 
9 9 195 1174 1368 1178 1780 811 80 103 
9 9 195 1174 1368 1179 1777 815 80 99 
9 9 195 1174 1368 1180 1774 815 80 99 
9 9 195 1174 1368 1181 1772 815 80 99 
9 9 195 1174 1368 1182 1769 817 80 100 
9 9 195 1174 1368 1183 1769 817 80 100 
9 9 195 1174 1368 1184 1766 817 80 100 
9 9 195 1174 1368 1185 1764 821 80 96 
9 9 195 1174 1368 1186 1761 821 80 96 
9 9 195 1174 1368 1187 1758 821 80 96 
9 9 195 1174 1368 1188 1756 824 80 91 
9 9 195 1174 1368 1189 1753 824 80 91 
9 9 195 1174 1368 1190 1753 826 80 93 
9 9 195 1174 1368 1191 1750 826 80 93 
9 9 195 1174 1368 1192 1748 826 80 96 
9 9 195 1174 1368 1193 1748 826 80 96 
9 9 195 1174 1368 1194 1745 825 80 100 
9 9 195 1174 1368 1195 1745 828 80 100 
9 9 195 1174 1368 1196 1742 828 80 100 
9 9 195 1174 1368 1197 1740 827 80 103 
9 9 195 1174 1368 1198 1740 827 80 103 
9 9 195 1174 1368 1199 1737 827 80 108 
9 9 195 1174 1368 1200 1737 830 80 108 
9 9 195 1174 1368 1201 1734 829 80 111 
9 9 195 1174 1368 1202 1731 828 84 115 
9 9 195 1174 1368 1203 1732 828 80 120 
9 9 195 1174 1368 1204 1727 827 86 123 
9 9 195 1174 1368 1205 1729 828 80 129 
9 9 195 1174 1368 1206 1724 828 86 132 
9 9 195 1174 1368 1207 1723 827 84 136 
9 9 195 1174 1368 1208 1723 826 84 141 
9 9 195 1174 1368 1209 1719 826 86 144 
9 9 195 1174 1368 1210 1719 828 86 148 
9 9 195 1174 1368 1211 1716 828 86 148 
9 9 195 1174 1368 1212 1713 828 90 148 
9 9 195 1174 1368 1213 1710 828 90 148 
9 9 195 1174 1368 1214 1706 828 96 148 
9 9 195 1174 1368 1215 1703 828 100 148 
9 9 195 1174 1368 1216 1699 828 102 148 
9 9 195 1174 1368 1217 1695 828 108 148 
9 9 195 1174 1368 1218 1693 828 106 148 
9 9 195 1174 1368 1219 1689 828 112 148 
9 9 195 1174 1368 1220 1684 831 118 147 
9 9 195 1174 1368 1221 1683 831 116 147 
9 9 195 1174 1368 1222 1683 831 116 147 
9 9 195 1174 1368 1223 1679 830 118 151 
9 9 195 1174 1368 1224 1679 830 118 151 
9 9 195 1174 1368 1225 1676 830 118 156 
9 9 195 1174 1368 1226 1676 830 118 156 
9 9 195 1174 1368 1227 1675 830 116 156 
9 9 195 1174 1368 1228 1675 829 116 159 
9 9 195 1174 1368 1229 1671 829 118 159 
9 9 195 1174 1368 1230 1671 831 118 160 
9 9 195 1174 1368 1231 1668 831 118 160 
9 9 195 1174 1368 1232 1668 831 118 160 
9 9 195 1174 1368 1233 1668 831 118 160 
9 9 195 1174 1368 1234 1670 831 112 160 
9 9 195 1174 1368 1235 1670 834 112 160 
9 9 195 1174 1368 1236 1667 834 116 160 
9 9 195 1174 1368 1237 1668 834 112 160 
9 9 195 1174 1368 1238 1668 834 112 160 
9 9 195 1174 1368 1239 1668 834 112 160 
9 9 195 1174 1368 1240 1668 837 112 159 
9 9 195 1174 1368 1241 1665 837 112 159 
9 9 195 1174 1368 1242 1660 837 118 159 
9 9 195 1174 1368 1243 1662 837 112 159 
9 9 195 1174 1368 1244 1659 839 116 160 
9 9 195 1174 1368 1245 1660 839 112 160 
9 9 195 1174 1368 1246 1655 839 118 160 
9 9 195 1174 1368 1247 1652 842 118 160 
9 9 195 1174 1368 1248 1652 842 118 160 
9 9 195 1174 1368 1249 1651 842 116 160 
9 9 195 1174 1368 1250 1651 845 116 159 
9 9 195 1174 1368 1251 1647 845 118 159 
9 9 195 1174 1368 1252 1647 847 118 160 
9 9 195 1174 1368 1253 1647 847 118 160 
9 9 195 1174 1368 1254 1647 850 118 160 
9 9 195 1174 1368 1255 1647 850 118 160 
9 9 195 1174 1368 1256 1644 853 118 159 
9 9 195 1174 1368 1257 1644 853 118 159 
9 9 195 1174 1368 1258 1644 855 118 160 
9 9 195 1174 1368 1259 1644 855 118 160 
9 9 195 1174 1368 1260 1644 858 118 160 
9 9 195 1174 1368 1261 1643 858 116 160 
9 9 195 1174 1368 1262 1643 858 116 160 
9 9 195 1174 1368 1263 1643 858 116 160 
9 9 195 1174 1368 1264 1639 858 118 160 
9 9 195 1174 1368 1265 1639 858 118 160 
9 9 195 1174 1368 1266 1639 858 118 160 
9 9 195 1174 1368 1267 1636 858 118 160 
9 9 195 1174 1368 1268 1636 858 118 160 
9 9 195 1174 1368 1269 1636 858 118 160 
9 9 195 1174 1368 1270 1636 858 118 160 
9 9 195 1174 1368 1271 1635 858 116 160 
9 9 195 1174 1368 1272 1635 858 116 160 
9 9 195 1174 1368 1273 1635 858 116 160 
9 9 195 1174 1368 1274 1635 861 116 159 
9 9 195 1174 1368 1275 1635 861 116 159 
9 9 195 1174 1368 1276 1631 861 118 159 
9 9 195 1174 1368 1277 1631 863 118 160 
9 9 195 1174 1368 1278 1631 863 118 160 
9 9 195 1174 1368 1279 1631 863 118 160 
9 9 195 1174 1368 1280 1631 866 118 160 
9 9 195 1174 1368 1281 1628 866 118 160 
9 9 195 1174 1368 1282 1628 869 118 159 
9 9 195 1174 1368 1283 1628 869 118 159 
9 9 195 1174 1368 1284 1628 871 118 160 
9 9 195 1174 1368 1285 1628 871 118 160 
9 9 195 1174 1368 1286 1628 874 118 160 
9 9 195 1174 1368 1287 1628 874 118 160 
9 9 195 1174 1368 1288 1628 877 118 159 
9 9 195 1174 1368 1289 1628 877 118 159 
9 9 195 1174 1368 1290 1628 879 118 160 
9 9 195 1174 1368 1291 1627 879 116 160 
9 9 195 1174 1368 1292 1627 879 116 160 
9 9 195 1174 1368 1293 1623 879 118 160 
9 9 195 1174 1368 1294 1623 879 118 160 
9 9 195 1174 1368 1295 1623 879 118 160 
9 9 195 1174 1368 1296 1620 879 118 160 
9 9 195 1174 1368 1297 1620 879 118 160 
9 9 195 1174 1368 1298 1619 879 116 160 
9 9 195 1174 1368 1299 1619 879 116 160 
9 9 195 1174 1368 1300 1619 882 116 160 
9 9 195 1174 1368 1301 1619 882 116 160 
9 9 195 1174 1368 1302 1619 882 116 160 
9 9 195 1174 1368 1303 1619 882 116 160 
9 9 195 1174 1368 1304 1619 885 116 159 
9 9 195 1174 1368 1305 1619 885 116 159 
9 9 195 1174 1368 1306 1619 885 116 159 
9 9 195 1174 1368 1307 1619 887 116 160 
9 9 195 1174 1368 1308 1619 887 116 160 
9 9 195 1174 1368 1309 1619 887 116 160 
9 9 195 1174 1368 1310 1619 890 116 160 
9 9 195 1174 1368 1311 1615 890 118 160 
9 9 195 1174 1368 1312 1615 890 118 160 
9 9 195 1174 1368 1313 1615 890 118 160 
9 9 195 1174 1368 1314 1612 893 118 159 
9 9 195 1174 1368 1315 1612 893 118 159 
9 9 195 1174 1368 1316 1612 893 118 159 
9 9 195 1174 1368 1317 1611 895 116 160 
9 9 195 1174 1368 1318 1611 895 116 160 
9 9 195 1174 1368 1319 1611 895 116 160 
9 9 195 1174 1368 1320 1611 898 116 160 
9 9 195 1174 1368 1321 1611 898 116 160 
9 9 195 1174 1368 1322 1611 898 116 160 
9 9 195 1174 1368 1323 1611 898 116 160 
9 9 195 1174 1368 1324 1611 898 116 160 
9 9 195 1174 1368 1325 1611 898 116 160 
9 9 195 1174 1368 1326 1611 898 116 160 
9 9 195 1174 1368 1327 1611 898 116 160 
9 9 195 1174 1368 1328 1611 898 116 160 
9 9 195 1174 1368 1329 1611 898 116 160 
9 9 195 1174 1368 1330 1611 901 116 159 
9 9 195 1174 1368 1331 1607 901 118 159 
9 9 195 1174 1368 1332 1607 901 118 159 
9 9 195 1174 1368 1333 1607 901 118 159 
9 9 195 1174 1368 1334 1607 901 118 159 
9 9 195 1174 1368 1335 1607 901 118 159 
9 9 195 1174 1368 1336 1604 901 118 159 
9 9 195 1174 1368 1337 1604 901 118 159 
9 9 195 1174 1368 1338 1604 901 118 159 
9 9 195 1174 1368 1339 1604 901 118 159 
9 9 195 1174 1368 1340 1604 903 118 160 
9 9 195 1174 1368 1341 1603 903 116 160 
9 9 195 1174 1368 1342 1603 903 116 160 
9 9 195 1174 1368 1343 1603 903 116 160 
9 9 195 1174 1368 1344 1603 903 116 160 
9 9 195 1174 1368 1345 1603 903 116 160 
9 9 195 1174 1368 1346 1603 903 116 160 
9 9 195 1174 1368 1347 1603 903 116 160 
9 9 195 1174 1368 1348 1603 903 116 160 
9 9 195 1174 1368 1349 1603 903 116 160 
9 9 195 1174 1368 1350 1603 903 116 160 
9 9 195 1174 1368 1351 1603 903 116 160 
9 9 195 1174 1368 1352 1603 903 116 160 
9 9 195 1174 1368 1353 1603 903 116 160 
9 9 195 1174 1368 1354 1603 903 116 160 
9 9 195 1174 1368 1355 1603 903 116 160 
9 9 195 1174 1368 1356 1603 903 116 160 
9 9 195 1174 1368 1357 1603 903 116 160 
9 9 195 1174 1368 1358 1603 906 116 160 
9 9 195 1174 1368 1359 1603 906 116 160 
9 9 195 1174 1368 1360 1604 909 118 159 
9 9 195 1174 1368 1361 1606 909 112 159 
9 9 195 1174 1368 1362 1606 909 112 159 
9 9 195 1174 1368 1363 1606 909 112 159 
9 9 195 1174 1368 1364 1606 909 112 159 
9 9 195 1174 1368 1365 1606 909 112 159 
9 9 195 1174 1368 1366 1606 909 112 159 
9 9 195 1174 1368 1367 1606 909 112 159 
9 9 195 1174 1368 1368 1606 909 112 159 
10 6 137 1135 1271 1135 383 146 163 185 
10 6 137 1135 1271 1136 383 146 163 185 
10 6 137 1135 1271 1137 383 146 163 185 
10 6 137 1135 1271 1138 383 146 163 185 
10 6 137 1135 1271 1139 383 146 163 185 
10 6 137 1135 1271 1140 383 146 163 185 
10 6 137 1135 1271 1141 383 146 163 185 
10 6 137 1135 1271 1142 383 146 163 185 
10 6 137 1135 1271 1143 383 146 163 185 
10 6 137 1135 1271 1144 383 146 163 185 
10 6 137 1135 1271 1145 383 146 163 185 
10 6 137 1135 1271 1146 383 146 163 185 
10 6 137 1135 1271 1147 383 146 163 185 
10 6 137 1135 1271 1148 383 146 163 185 
10 6 137 1135 1271 1149 383 146 163 185 
10 6 137 1135 1271 1150 383 146 163 185 
10 6 137 1135 1271 1151 383 146 163 185 
10 6 137 1135 1271 1152 383 146 163 185 
10 6 137 1135 1271 1153 383 146 163 185 
10 6 137 1135 1271 1154 383 146 163 185 
10 6 137 1135 1271 1155 383 146 163 185 
10 6 137 1135 1271 1156 383 146 163 185 
10 6 137 1135 1271 1157 383 146 163 185 
10 6 137 1135 1271 1158 383 146 163 185 
10 6 137 1135 1271 1159 383 146 163 185 
10 6 137 1135 1271 1160 383 146 163 185 
10 6 137 1135 1271 1161 383 146 163 185 
10 6 137 1135 1271 1162 383 146 163 185 
10 6 137 1135 1271 1163 383 146 163 185 
10 6 137 1135 1271 1164 383 146 163 185 
10 6 137 1135 1271 1165 383 146 163 185 
10 6 137 1135 1271 1166 383 146 163 185 
10 6 137 1135 1271 1167 383 146 163 185 
10 6 137 1135 1271 1168 383 146 163 185 
10 6 137 1135 1271 1169 383 146 163 185 
10 6 137 1135 1271 1170 383 146 163 185 
10 6 137 1135 1271 1171 383 146 163 185 
10 6 137 1135 1271 1172 383 146 163 185 
10 6 137 1135 1271 1173 383 146 163 185 
10 6 137 1135 1271 1174 383 146 163 185 
10 6 137 1135 1271 1175 383 146 163 185 
10 6 137 1135 1271 1176 383 146 163 185 
10 6 137 1135 1271 1177 383 146 163 185 
10 6 137 1135 1271 1178 383 146 163 185 
10 6 137 1135 1271 1179 383 146 163 185 
10 6 137 1135 1271 1180 383 146 163 185 
10 6 137 1135 1271 1181 383 146 163 185 
10 6 137 1135 1271 1182 383 146 163 185 
10 6 137 1135 1271 1183 383 146 163 185 
10 6 137 1135 1271 1184 383 146 163 185 
10 6 137 1135 1271 1185 383 146 163 185 
10 6 137 1135 1271 1186 383 146 163 185 
10 6 137 1135 1271 1187 383 146 163 185 
10 6 137 1135 1271 1188 383 146 163 185 
10 6 137 1135 1271 1189 383 146 163 185 
10 6 137 1135 1271 1190 383 146 163 185 
10 6 137 1135 1271 1191 383 146 163 185 
10 6 137 1135 1271 1192 383 146 163 185 
10 6 137 1135 1271 1193 383 146 163 185 
10 6 137 1135 1271 1194 383 146 163 185 
10 6 137 1135 1271 1195 383 146 163 185 
10 6 137 1135 1271 1196 383 146 163 185 
10 6 137 1135 1271 1197 383 146 163 185 
10 6 137 1135 1271 1198 383 146 163 185 
10 6 137 1135 1271 1199 383 146 163 185 
10 6 137 1135 1271 1200 383 146 163 185 
10 6 137 1135 1271 1201 383 146 163 185 
10 6 137 1135 1271 1202 383 146 163 185 
10 6 137 1135 1271 1203 383 146 163 185 
10 6 137 1135 1271 1204 383 146 163 185 
10 6 137 1135 1271 1205 383 146 163 185 
10 6 137 1135 1271 1206 383 146 163 185 
10 6 137 1135 1271 1207 383 146 163 185 
10 6 137 1135 1271 1208 383 146 163 185 
10 6 137 1135 1271 1209 383 146 163 185 
10 6 137 1135 1271 1210 383 146 163 185 
10 6 137 1135 1271 1211 383 146 163 185 
10 6 137 1135 1271 1212 383 146 163 185 
10 6 137 1135 1271 1213 383 146 163 185 
10 6 137 1135 1271 1214 383 146 163 185 
10 6 137 1135 1271 1215 383 146 163 185 
10 6 137 1135 1271 1216 383 146 163 185 
10 6 137 1135 1271 1217 383 146 163 185 
10 6 137 1135 1271 1218 383 146 163 185 
10 6 137 1135 1271 1219 383 146 163 185 
10 6 137 1135 1271 1220 383 146 163 185 
10 6 137 1135 1271 1221 383 146 163 185 
10 6 137 1135 1271 1222 383 146 163 185 
10 6 137 1135 1271 1223 383 146 163 185 
10 6 137 1135 1271 1224 383 146 163 185 
10 6 137 1135 1271 1225 383 146 163 185 
10 6 137 1135 1271 1226 383 146 163 185 
10 6 137 1135 1271 1227 383 146 163 185 
10 6 137 1135 1271 1228 383 146 163 185 
10 6 137 1135 1271 1229 383 146 163 185 
10 6 137 1135 1271 1230 383 146 163 185 
10 6 137 1135 1271 1231 383 146 163 185 
10 6 137 1135 1271 1232 383 146 163 185 
10 6 137 1135 1271 1233 383 146 163 185 
10 6 137 1135 1271 1234 383 146 163 185 
10 6 137 1135 1271 1235 383 146 163 185 
10 6 137 1135 1271 1236 383 146 163 185 
10 6 137 1135 1271 1237 383 146 163 185 
10 6 137 1135 1271 1238 383 146 163 185 
10 6 137 1135 1271 1239 383 146 163 185 
10 6 137 1135 1271 1240 383 146 163 185 
10 6 137 1135 1271 1241 383 146 163 185 
10 6 137 1135 1271 1242 383 146 163 185 
10 6 137 1135 1271 1243 383 146 163 185 
10 6 137 1135 1271 1244 383 146 163 185 
10 6 137 1135 1271 1245 383 146 163 185 
10 6 137 1135 1271 1246 383 146 163 185 
10 6 137 1135 1271 1247 383 146 163 185 
10 6 137 1135 1271 1248 383 146 163 185 
10 6 137 1135 1271 1249 383 146 163 185 
10 6 137 1135 1271 1250 383 146 163 185 
10 6 137 1135 1271 1251 383 146 163 185 
10 6 137 1135 1271 1252 383 146 163 185 
10 6 137 1135 1271 1253 383 146 163 185 
10 6 137 1135 1271 1254 383 146 163 185 
10 6 137 1135 1271 1255 383 146 163 185 
10 6 137 1135 1271 1256 383 146 163 185 
10 6 137 1135 1271 1257 383 146 163 185 
10 6 137 1135 1271 1258 383 146 163 185 
10 6 137 1135 1271 1259 383 146 163 185 
10 6 137 1135 1271 1260 383 146 163 185 
10 6 137 1135 1271 1261 383 146 163 185 
10 6 137 1135 1271 1262 383 146 163 185 
10 6 137 1135 1271 1263 383 146 163 185 
10 6 137 1135 1271 1264 383 146 163 185 
10 6 137 1135 1271 1265 383 146 163 185 
10 6 137 1135 1271 1266 383 146 163 185 
10 6 137 1135 1271 1267 383 146 163 185 
10 6 137 1135 1271 1268 383 146 163 185 
10 6 137 1135 1271 1269 383 146 163 185 
10 6 137 1135 1271 1270 383 146 163 185 
10 6 137 1135 1271 1271 383 146 163 185 
