8 9 386 536 921 536 1819 947 99 132 
8 9 386 536 921 537 1816 947 102 132 
8 9 386 536 921 538 1815 943 100 135 
8 9 386 536 921 539 1811 943 102 135 
8 9 386 536 921 540 1811 943 102 135 
8 9 386 536 921 541 1808 941 102 137 
8 9 386 536 921 542 1805 941 106 137 
8 9 386 536 921 543 1801 941 112 137 
8 9 386 536 921 544 1798 941 112 137 
8 9 386 536 921 545 1795 941 116 137 
8 9 386 536 921 546 1790 938 122 140 
8 9 386 536 921 547 1787 938 124 140 
8 9 386 536 921 548 1784 938 128 140 
8 9 386 536 921 549 1779 938 134 140 
8 9 386 536 921 550 1779 938 134 140 
8 9 386 536 921 551 1776 935 134 143 
8 9 386 536 921 552 1776 935 134 143 
8 9 386 536 921 553 1775 933 132 145 
8 9 386 536 921 554 1775 933 132 145 
8 9 386 536 921 555 1771 930 134 148 
8 9 386 536 921 556 1771 930 134 148 
8 9 386 536 921 557 1768 927 134 151 
8 9 386 536 921 558 1768 927 134 151 
8 9 386 536 921 559 1767 925 132 153 
8 9 386 536 921 560 1767 925 132 153 
8 9 386 536 921 561 1760 922 134 156 
8 9 386 536 921 562 1759 922 132 156 
8 9 386 536 921 563 1755 922 134 156 
8 9 386 536 921 564 1752 922 134 156 
8 9 386 536 921 565 1751 922 132 156 
8 9 386 536 921 566 1747 919 134 159 
8 9 386 536 921 567 1744 919 134 159 
8 9 386 536 921 568 1743 919 132 159 
8 9 386 536 921 569 1739 919 134 159 
8 9 386 536 921 570 1736 919 134 159 
8 9 386 536 921 571 1735 917 132 159 
8 9 386 536 921 572 1731 917 134 159 
8 9 386 536 921 573 1728 914 134 160 
8 9 386 536 921 574 1727 914 132 160 
8 9 386 536 921 575 1723 914 134 160 
8 9 386 536 921 576 1720 911 134 160 
8 9 386 536 921 577 1719 911 132 160 
8 9 386 536 921 578 1715 909 134 159 
8 9 386 536 921 579 1712 909 134 159 
8 9 386 536 921 580 1711 909 132 159 
8 9 386 536 921 581 1707 906 134 160 
8 9 386 536 921 582 1704 906 134 160 
8 9 386 536 921 583 1703 906 132 160 
8 9 386 536 921 584 1703 906 132 160 
8 9 386 536 921 585 1699 906 134 160 
8 9 386 536 921 586 1696 906 134 160 
8 9 386 536 921 587 1696 906 134 160 
8 9 386 536 921 588 1695 906 132 160 
8 9 386 536 921 589 1691 906 134 160 
8 9 386 536 921 590 1691 906 134 160 
8 9 386 536 921 591 1687 903 132 160 
8 9 386 536 921 592 1683 903 134 160 
8 9 386 536 921 593 1680 901 134 159 
8 9 386 536 921 594 1679 901 132 159 
8 9 386 536 921 595 1675 898 134 160 
8 9 386 536 921 596 1671 898 132 160 
8 9 386 536 921 597 1667 895 134 160 
8 9 386 536 921 598 1664 895 134 160 
8 9 386 536 921 599 1663 893 132 159 
8 9 386 536 921 600 1659 893 134 159 
8 9 386 536 921 601 1656 890 134 160 
8 9 386 536 921 602 1655 890 132 160 
8 9 386 536 921 603 1651 891 134 156 
8 9 386 536 921 604 1653 887 128 160 
8 9 386 536 921 605 1650 888 128 156 
8 9 386 536 921 606 1648 888 128 156 
8 9 386 536 921 607 1645 888 128 153 
8 9 386 536 921 608 1646 886 122 156 
8 9 386 536 921 609 1643 886 124 156 
8 9 386 536 921 610 1641 886 122 151 
8 9 386 536 921 611 1638 886 122 151 
8 9 386 536 921 612 1639 883 118 151 
8 9 386 536 921 613 1636 883 118 151 
8 9 386 536 921 614 1635 884 116 148 
8 9 386 536 921 615 1631 884 118 148 
8 9 386 536 921 616 1633 880 112 153 
8 9 386 536 921 617 1630 881 112 148 
8 9 386 536 921 618 1628 881 112 148 
8 9 386 536 921 619 1625 882 112 144 
8 9 386 536 921 620 1626 879 106 147 
8 9 386 536 921 621 1623 880 108 144 
8 9 386 536 921 622 1621 880 106 144 
8 9 386 536 921 623 1621 880 106 144 
8 9 386 536 921 624 1618 877 106 144 
8 9 386 536 921 625 1615 874 108 144 
8 9 386 536 921 626 1613 874 106 144 
8 9 386 536 921 627 1613 872 106 144 
8 9 386 536 921 628 1610 872 106 144 
8 9 386 536 921 629 1607 869 108 144 
8 9 386 536 921 630 1607 869 108 144 
8 9 386 536 921 631 1605 866 106 144 
8 9 386 536 921 632 1602 864 106 144 
8 9 386 536 921 633 1602 864 106 144 
8 9 386 536 921 634 1599 861 108 144 
8 9 386 536 921 635 1597 861 106 144 
8 9 386 536 921 636 1597 858 106 144 
8 9 386 536 921 637 1594 858 106 144 
8 9 386 536 921 638 1591 856 108 144 
8 9 386 536 921 639 1591 856 108 144 
8 9 386 536 921 640 1589 853 106 144 
8 9 386 536 921 641 1586 850 106 144 
8 9 386 536 921 642 1583 850 108 144 
8 9 386 536 921 643 1583 848 108 144 
8 9 386 536 921 644 1581 848 106 144 
8 9 386 536 921 645 1578 845 106 144 
8 9 386 536 921 646 1578 845 106 144 
8 9 386 536 921 647 1575 842 108 144 
8 9 386 536 921 648 1573 840 106 144 
8 9 386 536 921 649 1573 840 106 144 
8 9 386 536 921 650 1570 837 106 144 
8 9 386 536 921 651 1567 837 108 144 
8 9 386 536 921 652 1567 834 108 144 
8 9 386 536 921 653 1565 834 106 144 
8 9 386 536 921 654 1562 832 106 144 
8 9 386 536 921 655 1562 832 106 144 
8 9 386 536 921 656 1559 829 108 144 
8 9 386 536 921 657 1560 829 102 144 
8 9 386 536 921 658 1557 829 106 144 
8 9 386 536 921 659 1559 825 100 148 
8 9 386 536 921 660 1554 825 106 148 
8 9 386 536 921 661 1555 826 102 144 
8 9 386 536 921 662 1551 826 108 144 
8 9 386 536 921 663 1552 823 102 147 
8 9 386 536 921 664 1549 823 106 147 
8 9 386 536 921 665 1551 823 100 147 
8 9 386 536 921 666 1547 824 102 144 
8 9 386 536 921 667 1547 820 102 148 
8 9 386 536 921 668 1544 820 102 148 
8 9 386 536 921 669 1544 820 102 148 
8 9 386 536 921 670 1543 820 100 148 
8 9 386 536 921 671 1543 816 100 153 
8 9 386 536 921 672 1539 817 102 148 
8 9 386 536 921 673 1539 817 102 148 
8 9 386 536 921 674 1536 817 102 148 
8 9 386 536 921 675 1538 814 96 151 
8 9 386 536 921 676 1535 814 100 151 
8 9 386 536 921 677 1536 815 96 147 
8 9 386 536 921 678 1531 815 102 147 
8 9 386 536 921 679 1533 811 96 151 
8 9 386 536 921 680 1528 811 102 151 
8 9 386 536 921 681 1530 811 96 151 
8 9 386 536 921 682 1530 811 96 151 
8 9 386 536 921 683 1528 808 96 153 
8 9 386 536 921 684 1528 808 96 153 
8 9 386 536 921 685 1525 809 96 148 
8 9 386 536 921 686 1525 806 96 151 
8 9 386 536 921 687 1525 807 96 147 
8 9 386 536 921 688 1522 807 96 147 
8 9 386 536 921 689 1522 803 96 151 
8 9 386 536 921 690 1522 804 96 148 
8 9 386 536 921 691 1520 804 96 148 
8 9 386 536 921 692 1520 801 96 148 
8 9 386 536 921 693 1520 801 96 148 
8 9 386 536 921 694 1517 802 96 144 
8 9 386 536 921 695 1517 802 96 144 
8 9 386 536 921 696 1514 799 96 147 
8 9 386 536 921 697 1514 800 96 144 
8 9 386 536 921 698 1514 800 96 144 
8 9 386 536 921 699 1512 797 96 144 
8 9 386 536 921 700 1512 797 96 144 
8 9 386 536 921 701 1512 797 96 139 
8 9 386 536 921 702 1509 794 96 144 
8 9 386 536 921 703 1509 794 96 144 
8 9 386 536 921 704 1509 794 96 141 
8 9 386 536 921 705 1506 794 96 141 
8 9 386 536 921 706 1506 792 96 139 
8 9 386 536 921 707 1504 792 96 139 
8 9 386 536 921 708 1504 793 96 135 
8 9 386 536 921 709 1504 789 96 139 
8 9 386 536 921 710 1501 789 96 139 
8 9 386 536 921 711 1501 790 96 136 
8 9 386 536 921 712 1501 786 96 141 
8 9 386 536 921 713 1498 787 96 136 
8 9 386 536 921 714 1498 787 96 136 
8 9 386 536 921 715 1498 787 96 136 
8 9 386 536 921 716 1496 785 96 135 
8 9 386 536 921 717 1496 782 96 136 
8 9 386 536 921 718 1493 782 96 136 
8 9 386 536 921 719 1493 779 96 136 
8 9 386 536 921 720 1490 779 96 136 
8 9 386 536 921 721 1490 777 96 135 
8 9 386 536 921 722 1488 774 96 136 
8 9 386 536 921 723 1488 774 96 136 
8 9 386 536 921 724 1488 771 96 136 
8 9 386 536 921 725 1485 771 96 136 
8 9 386 536 921 726 1485 769 96 135 
8 9 386 536 921 727 1482 766 96 136 
8 9 386 536 921 728 1482 766 96 136 
8 9 386 536 921 729 1480 763 96 136 
8 9 386 536 921 730 1480 763 96 136 
8 9 386 536 921 731 1477 761 96 135 
8 9 386 536 921 732 1477 758 96 136 
8 9 386 536 921 733 1477 758 96 136 
8 9 386 536 921 734 1474 755 96 136 
8 9 386 536 921 735 1474 755 96 136 
8 9 386 536 921 736 1472 753 96 135 
8 9 386 536 921 737 1472 750 96 136 
8 9 386 536 921 738 1469 750 96 136 
8 9 386 536 921 739 1469 747 96 136 
8 9 386 536 921 740 1466 747 96 136 
8 9 386 536 921 741 1466 745 96 135 
8 9 386 536 921 742 1466 745 96 135 
8 9 386 536 921 743 1464 742 96 136 
8 9 386 536 921 744 1464 742 96 136 
8 9 386 536 921 745 1464 739 96 136 
8 9 386 536 921 746 1464 739 96 136 
8 9 386 536 921 747 1464 737 96 135 
8 9 386 536 921 748 1464 737 96 135 
8 9 386 536 921 749 1464 734 96 136 
8 9 386 536 921 750 1464 734 96 136 
8 9 386 536 921 751 1464 731 96 136 
8 9 386 536 921 752 1464 731 96 136 
8 9 386 536 921 753 1461 729 96 135 
8 9 386 536 921 754 1461 729 96 135 
8 9 386 536 921 755 1461 726 96 136 
8 9 386 536 921 756 1461 726 96 136 
8 9 386 536 921 757 1461 723 96 136 
8 9 386 536 921 758 1461 723 96 136 
8 9 386 536 921 759 1461 721 96 135 
8 9 386 536 921 760 1461 721 96 135 
8 9 386 536 921 761 1461 718 96 136 
8 9 386 536 921 762 1461 718 96 136 
8 9 386 536 921 763 1458 715 96 136 
8 9 386 536 921 764 1458 715 96 136 
8 9 386 536 921 765 1458 713 96 135 
8 9 386 536 921 766 1458 713 96 135 
8 9 386 536 921 767 1458 710 96 136 
8 9 386 536 921 768 1458 710 96 136 
8 9 386 536 921 769 1458 707 96 136 
8 9 386 536 921 770 1458 707 96 136 
8 9 386 536 921 771 1458 705 96 135 
8 9 386 536 921 772 1458 705 96 135 
8 9 386 536 921 773 1458 705 96 135 
8 9 386 536 921 774 1456 702 96 136 
8 9 386 536 921 775 1456 702 96 136 
8 9 386 536 921 776 1456 699 96 136 
8 9 386 536 921 777 1456 699 96 136 
8 9 386 536 921 778 1453 700 96 132 
8 9 386 536 921 779 1453 697 96 135 
8 9 386 536 921 780 1453 697 96 135 
8 9 386 536 921 781 1453 694 96 136 
8 9 386 536 921 782 1453 694 96 136 
8 9 386 536 921 783 1450 695 96 132 
8 9 386 536 921 784 1450 691 96 136 
8 9 386 536 921 785 1450 691 96 136 
8 9 386 536 921 786 1450 692 96 132 
8 9 386 536 921 787 1450 689 96 135 
8 9 386 536 921 788 1448 690 96 132 
8 9 386 536 921 789 1448 686 96 136 
8 9 386 536 921 790 1448 686 96 136 
8 9 386 536 921 791 1448 687 96 132 
8 9 386 536 921 792 1448 683 96 136 
8 9 386 536 921 793 1445 684 96 132 
8 9 386 536 921 794 1445 681 96 135 
8 9 386 536 921 795 1445 682 96 132 
8 9 386 536 921 796 1445 682 96 132 
8 9 386 536 921 797 1445 678 96 136 
8 9 386 536 921 798 1442 679 96 132 
8 9 386 536 921 799 1442 679 96 132 
8 9 386 536 921 800 1442 676 96 132 
8 9 386 536 921 801 1442 676 96 132 
8 9 386 536 921 802 1442 673 96 135 
8 9 386 536 921 803 1440 674 96 132 
8 9 386 536 921 804 1440 674 96 132 
8 9 386 536 921 805 1440 671 96 132 
8 9 386 536 921 806 1440 671 96 132 
8 9 386 536 921 807 1440 671 96 132 
8 9 386 536 921 808 1437 668 96 132 
8 9 386 536 921 809 1437 668 96 129 
8 9 386 536 921 810 1434 668 96 129 
8 9 386 536 921 811 1434 666 96 127 
8 9 386 536 921 812 1432 666 96 127 
8 9 386 536 921 813 1432 667 96 123 
8 9 386 536 921 814 1432 664 96 124 
8 9 386 536 921 815 1429 664 96 124 
8 9 386 536 921 816 1429 665 96 120 
8 9 386 536 921 817 1426 661 96 124 
8 9 386 536 921 818 1426 662 96 120 
8 9 386 536 921 819 1424 662 96 120 
8 9 386 536 921 820 1424 660 96 120 
8 9 386 536 921 821 1424 660 96 115 
8 9 386 536 921 822 1421 660 96 115 
8 9 386 536 921 823 1421 657 96 115 
8 9 386 536 921 824 1418 657 96 115 
8 9 386 536 921 825 1418 658 96 112 
8 9 386 536 921 826 1418 655 96 112 
8 9 386 536 921 827 1416 655 96 112 
8 9 386 536 921 828 1416 656 96 108 
8 9 386 536 921 829 1413 653 96 111 
8 9 386 536 921 830 1413 654 96 108 
8 9 386 536 921 831 1410 654 96 108 
8 9 386 536 921 832 1410 651 96 108 
8 9 386 536 921 833 1410 651 96 103 
8 9 386 536 921 834 1408 651 96 103 
8 9 386 536 921 835 1408 648 96 105 
8 9 386 536 921 836 1405 648 96 105 
8 9 386 536 921 837 1405 649 96 100 
8 9 386 536 921 838 1405 649 96 100 
8 9 386 536 921 839 1402 647 96 99 
8 9 386 536 921 840 1400 644 96 100 
8 9 386 536 921 841 1397 641 96 100 
8 9 386 536 921 842 1394 639 96 99 
8 9 386 536 921 843 1392 636 96 100 
8 9 386 536 921 844 1389 633 96 100 
8 9 386 536 921 845 1389 633 96 100 
8 9 386 536 921 846 1386 631 96 99 
8 9 386 536 921 847 1384 628 96 100 
8 9 386 536 921 848 1381 625 96 100 
8 9 386 536 921 849 1378 623 96 99 
8 9 386 536 921 850 1376 620 96 100 
8 9 386 536 921 851 1376 620 96 100 
8 9 386 536 921 852 1376 620 96 100 
8 9 386 536 921 853 1378 620 96 100 
8 9 386 536 921 854 1378 620 96 100 
8 9 386 536 921 855 1381 623 96 99 
8 9 386 536 921 856 1381 623 96 99 
8 9 386 536 921 857 1384 623 96 99 
8 9 386 536 921 858 1384 625 96 100 
8 9 386 536 921 859 1386 625 96 100 
8 9 386 536 921 860 1386 625 96 100 
8 9 386 536 921 861 1389 628 96 100 
8 9 386 536 921 862 1386 625 96 100 
8 9 386 536 921 863 1386 625 96 100 
8 9 386 536 921 864 1386 623 96 99 
8 9 386 536 921 865 1384 623 96 99 
8 9 386 536 921 866 1384 623 96 99 
8 9 386 536 921 867 1384 620 96 100 
8 9 386 536 921 868 1381 620 96 100 
8 9 386 536 921 869 1381 617 96 100 
8 9 386 536 921 870 1381 617 96 100 
8 9 386 536 921 871 1381 617 96 100 
8 9 386 536 921 872 1378 615 96 99 
8 9 386 536 921 873 1378 615 96 99 
8 9 386 536 921 874 1378 612 96 100 
8 9 386 536 921 875 1376 612 96 100 
8 9 386 536 921 876 1376 612 96 100 
8 9 386 536 921 877 1376 609 96 100 
8 9 386 536 921 878 1373 609 96 100 
8 9 386 536 921 879 1373 607 96 99 
8 9 386 536 921 880 1373 607 96 99 
8 9 386 536 921 881 1373 607 96 99 
8 9 386 536 921 882 1370 604 96 100 
8 9 386 536 921 883 1370 604 96 100 
8 9 386 536 921 884 1370 601 96 100 
8 9 386 536 921 885 1368 601 96 100 
8 9 386 536 921 886 1368 601 96 100 
8 9 386 536 921 887 1368 599 96 99 
8 9 386 536 921 888 1365 599 96 99 
8 9 386 536 921 889 1365 596 96 100 
8 9 386 536 921 890 1365 596 96 100 
8 9 386 536 921 891 1365 596 96 100 
8 9 386 536 921 892 1362 593 96 100 
8 9 386 536 921 893 1362 593 96 100 
8 9 386 536 921 894 1362 591 96 99 
8 9 386 536 921 895 1360 591 96 99 
8 9 386 536 921 896 1360 591 96 99 
8 9 386 536 921 897 1360 588 96 100 
8 9 386 536 921 898 1357 588 96 100 
8 9 386 536 921 899 1357 585 96 100 
8 9 386 536 921 900 1357 585 96 100 
8 9 386 536 921 901 1357 585 96 100 
8 9 386 536 921 902 1354 583 96 99 
8 9 386 536 921 903 1354 583 96 99 
8 9 386 536 921 904 1354 580 96 100 
8 9 386 536 921 905 1352 580 96 100 
8 9 386 536 921 906 1352 580 96 100 
8 9 386 536 921 907 1352 577 96 100 
8 9 386 536 921 908 1349 577 96 100 
8 9 386 536 921 909 1349 575 96 99 
8 9 386 536 921 910 1349 575 96 99 
8 9 386 536 921 911 1349 575 96 99 
8 9 386 536 921 912 1346 572 96 100 
8 9 386 536 921 913 1346 572 96 100 
8 9 386 536 921 914 1346 569 96 100 
8 9 386 536 921 915 1344 569 96 100 
8 9 386 536 921 916 1344 569 96 100 
8 9 386 536 921 917 1344 567 96 99 
8 9 386 536 921 918 1341 567 96 99 
8 9 386 536 921 919 1341 564 96 100 
8 9 386 536 921 920 1341 564 96 100 
8 9 386 536 921 921 1341 564 96 100 
