28 9 310 0 309 0 1360 918 134 156 
28 9 310 0 309 1 1359 918 132 156 
28 9 310 0 309 2 1355 918 134 156 
28 9 310 0 309 3 1352 918 134 156 
28 9 310 0 309 4 1351 918 132 156 
28 9 310 0 309 5 1352 920 128 156 
28 9 310 0 309 6 1349 920 128 156 
28 9 310 0 309 7 1346 920 128 156 
28 9 310 0 309 8 1344 920 128 156 
28 9 310 0 309 9 1341 920 128 156 
28 9 310 0 309 10 1342 923 122 156 
28 9 310 0 309 11 1339 923 124 156 
28 9 310 0 309 12 1337 923 122 156 
28 9 310 0 309 13 1334 923 122 156 
28 9 310 0 309 14 1331 923 124 156 
28 9 310 0 309 15 1332 926 118 153 
28 9 310 0 309 16 1331 926 116 153 
28 9 310 0 309 17 1327 926 118 153 
28 9 310 0 309 18 1324 926 118 153 
28 9 310 0 309 19 1323 926 116 153 
28 9 310 0 309 20 1324 928 112 151 
28 9 310 0 309 21 1321 928 112 151 
28 9 310 0 309 22 1318 928 112 151 
28 9 310 0 309 23 1316 928 112 151 
28 9 310 0 309 24 1317 931 106 148 
28 9 310 0 309 25 1311 931 108 148 
28 9 310 0 309 26 1309 931 106 148 
28 9 310 0 309 27 1306 931 106 148 
28 9 310 0 309 28 1303 931 108 148 
28 9 310 0 309 29 1301 931 106 148 
28 9 310 0 309 30 1298 931 106 148 
28 9 310 0 309 31 1295 931 108 148 
28 9 310 0 309 32 1293 931 106 148 
28 9 310 0 309 33 1287 931 108 148 
28 9 310 0 309 34 1285 931 106 148 
28 9 310 0 309 35 1282 931 106 148 
28 9 310 0 309 36 1279 931 108 148 
28 9 310 0 309 37 1277 931 106 148 
28 9 310 0 309 38 1274 931 106 148 
28 9 310 0 309 39 1271 931 108 148 
28 9 310 0 309 40 1269 931 106 148 
28 9 310 0 309 41 1266 934 106 145 
28 9 310 0 309 42 1261 934 106 145 
28 9 310 0 309 43 1258 934 106 145 
28 9 310 0 309 44 1255 934 108 145 
28 9 310 0 309 45 1253 934 106 145 
28 9 310 0 309 46 1250 934 106 145 
28 9 310 0 309 47 1247 934 108 145 
28 9 310 0 309 48 1245 934 106 145 
28 9 310 0 309 49 1242 934 106 145 
28 9 310 0 309 50 1239 934 108 145 
28 9 310 0 309 51 1237 934 106 145 
28 9 310 0 309 52 1234 934 106 145 
28 9 310 0 309 53 1231 934 108 145 
28 9 310 0 309 54 1229 934 106 145 
28 9 310 0 309 55 1226 934 106 145 
28 9 310 0 309 56 1223 934 108 145 
28 9 310 0 309 57 1221 934 106 145 
28 9 310 0 309 58 1218 934 106 145 
28 9 310 0 309 59 1213 934 106 145 
28 9 310 0 309 60 1210 934 106 145 
28 9 310 0 309 61 1207 934 108 145 
28 9 310 0 309 62 1205 934 106 145 
28 9 310 0 309 63 1202 934 106 145 
28 9 310 0 309 64 1199 934 108 145 
28 9 310 0 309 65 1197 934 106 145 
28 9 310 0 309 66 1194 934 106 145 
28 9 310 0 309 67 1191 934 108 145 
28 9 310 0 309 68 1189 936 106 143 
28 9 310 0 309 69 1186 936 106 143 
28 9 310 0 309 70 1183 936 108 143 
28 9 310 0 309 71 1181 936 106 143 
28 9 310 0 309 72 1178 936 106 143 
28 9 310 0 309 73 1175 936 108 143 
28 9 310 0 309 74 1173 936 106 143 
28 9 310 0 309 75 1170 936 106 143 
28 9 310 0 309 76 1167 936 108 143 
28 9 310 0 309 77 1165 936 106 143 
28 9 310 0 309 78 1162 939 106 140 
28 9 310 0 309 79 1159 939 108 140 
28 9 310 0 309 80 1157 939 106 140 
28 9 310 0 309 81 1154 939 106 140 
28 9 310 0 309 82 1151 939 108 140 
28 9 310 0 309 83 1146 939 106 140 
28 9 310 0 309 84 1143 939 108 140 
28 9 310 0 309 85 1141 939 106 140 
28 9 310 0 309 86 1138 939 106 140 
28 9 310 0 309 87 1135 939 108 140 
28 9 310 0 309 88 1133 942 106 137 
28 9 310 0 309 89 1130 942 106 137 
28 9 310 0 309 90 1127 942 108 137 
28 9 310 0 309 91 1125 942 106 137 
28 9 310 0 309 92 1122 942 106 137 
28 9 310 0 309 93 1119 942 108 137 
28 9 310 0 309 94 1117 942 106 137 
28 9 310 0 309 95 1114 942 106 137 
28 9 310 0 309 96 1111 942 108 137 
28 9 310 0 309 97 1109 942 106 137 
28 9 310 0 309 98 1106 944 106 135 
28 9 310 0 309 99 1103 944 108 135 
28 9 310 0 309 100 1101 944 106 135 
28 9 310 0 309 101 1098 944 106 135 
28 9 310 0 309 102 1095 944 108 135 
28 9 310 0 309 103 1093 944 106 135 
28 9 310 0 309 104 1090 944 106 135 
28 9 310 0 309 105 1087 944 108 135 
28 9 310 0 309 106 1085 944 106 135 
28 9 310 0 309 107 1082 947 106 132 
28 9 310 0 309 108 1077 947 106 132 
28 9 310 0 309 109 1074 947 106 132 
28 9 310 0 309 110 1071 947 108 132 
28 9 310 0 309 111 1069 947 106 132 
28 9 310 0 309 112 1066 947 106 132 
28 9 310 0 309 113 1063 947 108 132 
28 9 310 0 309 114 1061 947 106 132 
28 9 310 0 309 115 1058 947 106 132 
28 9 310 0 309 116 1053 947 106 132 
28 9 310 0 309 117 1050 947 106 132 
28 9 310 0 309 118 1047 947 108 132 
28 9 310 0 309 119 1045 947 106 132 
28 9 310 0 309 120 1042 947 106 132 
28 9 310 0 309 121 1039 947 108 132 
28 9 310 0 309 122 1037 950 106 128 
28 9 310 0 309 123 1034 950 106 128 
28 9 310 0 309 124 1031 950 108 128 
28 9 310 0 309 125 1026 950 106 128 
28 9 310 0 309 126 1023 950 108 128 
28 9 310 0 309 127 1021 950 106 128 
28 9 310 0 309 128 1018 950 106 128 
28 9 310 0 309 129 1015 950 108 128 
28 9 310 0 309 130 1013 950 106 128 
28 9 310 0 309 131 1010 950 106 128 
28 9 310 0 309 132 1007 950 108 128 
28 9 310 0 309 133 1002 950 106 128 
28 9 310 0 309 134 999 950 108 128 
28 9 310 0 309 135 997 950 106 128 
28 9 310 0 309 136 994 953 106 125 
28 9 310 0 309 137 991 953 108 125 
28 9 310 0 309 138 989 953 106 125 
28 9 310 0 309 139 986 953 106 125 
28 9 310 0 309 140 983 953 108 125 
28 9 310 0 309 141 981 953 106 125 
28 9 310 0 309 142 975 953 108 125 
28 9 310 0 309 143 973 953 106 125 
28 9 310 0 309 144 970 953 106 125 
28 9 310 0 309 145 967 953 108 125 
28 9 310 0 309 146 965 953 106 125 
28 9 310 0 309 147 962 953 106 125 
28 9 310 0 309 148 959 953 108 125 
28 9 310 0 309 149 957 953 106 125 
28 9 310 0 309 150 954 957 106 122 
28 9 310 0 309 151 949 957 106 122 
28 9 310 0 309 152 946 957 106 122 
28 9 310 0 309 153 943 957 108 122 
28 9 310 0 309 154 941 957 106 122 
28 9 310 0 309 155 935 957 108 122 
28 9 310 0 309 156 933 957 106 122 
28 9 310 0 309 157 930 957 106 122 
28 9 310 0 309 158 927 957 108 122 
28 9 310 0 309 159 922 957 106 122 
28 9 310 0 309 160 919 957 108 122 
28 9 310 0 309 161 917 957 106 122 
28 9 310 0 309 162 914 957 106 122 
28 9 310 0 309 163 909 957 106 122 
28 9 310 0 309 164 906 957 106 122 
28 9 310 0 309 165 903 957 108 122 
28 9 310 0 309 166 901 957 106 122 
28 9 310 0 309 167 895 954 108 125 
28 9 310 0 309 168 893 954 106 125 
28 9 310 0 309 169 887 954 108 125 
28 9 310 0 309 170 885 954 106 125 
28 9 310 0 309 171 882 954 106 125 
28 9 310 0 309 172 877 954 106 125 
28 9 310 0 309 173 874 952 106 127 
28 9 310 0 309 174 869 952 106 127 
28 9 310 0 309 175 866 952 106 127 
28 9 310 0 309 176 863 952 108 127 
28 9 310 0 309 177 858 952 106 127 
28 9 310 0 309 178 855 952 108 127 
28 9 310 0 309 179 853 952 106 127 
28 9 310 0 309 180 850 952 106 127 
28 9 310 0 309 181 847 952 108 127 
28 9 310 0 309 182 845 952 106 127 
28 9 310 0 309 183 842 952 106 127 
28 9 310 0 309 184 839 952 108 127 
28 9 310 0 309 185 839 954 108 124 
28 9 310 0 309 186 837 954 106 124 
28 9 310 0 309 187 834 954 106 124 
28 9 310 0 309 188 831 954 108 125 
28 9 310 0 309 189 829 954 106 125 
28 9 310 0 309 190 826 954 106 125 
28 9 310 0 309 191 826 957 106 121 
28 9 310 0 309 192 823 957 108 121 
28 9 310 0 309 193 821 957 106 121 
28 9 310 0 309 194 818 957 106 121 
28 9 310 0 309 195 815 957 108 121 
28 9 310 0 309 196 813 957 106 121 
28 9 310 0 309 197 813 960 106 118 
28 9 310 0 309 198 807 960 108 118 
28 9 310 0 309 199 805 960 106 118 
28 9 310 0 309 200 802 960 106 118 
28 9 310 0 309 201 799 960 108 118 
28 9 310 0 309 202 794 960 106 118 
28 9 310 0 309 203 791 960 108 118 
28 9 310 0 309 204 789 960 106 118 
28 9 310 0 309 205 786 960 106 118 
28 9 310 0 309 206 781 960 106 118 
28 9 310 0 309 207 778 960 106 118 
28 9 310 0 309 208 775 960 108 118 
28 9 310 0 309 209 773 960 106 118 
28 9 310 0 309 210 770 960 106 118 
28 9 310 0 309 211 765 960 106 118 
28 9 310 0 309 212 762 960 106 118 
28 9 310 0 309 213 759 960 108 118 
28 9 310 0 309 214 757 960 106 118 
28 9 310 0 309 215 751 963 108 115 
28 9 310 0 309 216 749 963 106 115 
28 9 310 0 309 217 746 963 106 115 
28 9 310 0 309 218 743 963 108 115 
28 9 310 0 309 219 738 963 106 115 
28 9 310 0 309 220 735 963 108 115 
28 9 310 0 309 221 733 963 106 115 
28 9 310 0 309 222 730 963 106 115 
28 9 310 0 309 223 727 963 108 115 
28 9 310 0 309 224 722 963 106 115 
28 9 310 0 309 225 719 963 108 115 
28 9 310 0 309 226 717 963 106 115 
28 9 310 0 309 227 714 963 106 115 
28 9 310 0 309 228 709 963 106 115 
28 9 310 0 309 229 706 963 106 115 
28 9 310 0 309 230 703 963 108 115 
28 9 310 0 309 231 701 963 106 115 
28 9 310 0 309 232 698 967 106 112 
28 9 310 0 309 233 693 967 106 112 
28 9 310 0 309 234 690 967 106 112 
28 9 310 0 309 235 687 967 108 112 
28 9 310 0 309 236 685 967 106 112 
28 9 310 0 309 237 682 967 106 112 
28 9 310 0 309 238 679 970 108 108 
28 9 310 0 309 239 677 970 106 108 
28 9 310 0 309 240 674 970 106 108 
28 9 310 0 309 241 671 970 108 108 
28 9 310 0 309 242 671 973 108 105 
28 9 310 0 309 243 666 973 106 105 
28 9 310 0 309 244 663 973 108 105 
28 9 310 0 309 245 661 973 106 105 
28 9 310 0 309 246 658 973 106 105 
28 9 310 0 309 247 655 973 108 105 
28 9 310 0 309 248 653 973 106 105 
28 9 310 0 309 249 647 973 108 105 
28 9 310 0 309 250 645 973 106 105 
28 9 310 0 309 251 642 973 106 105 
28 9 310 0 309 252 639 973 108 105 
28 9 310 0 309 253 637 973 106 105 
28 9 310 0 309 254 634 973 106 105 
28 9 310 0 309 255 629 973 106 105 
28 9 310 0 309 256 626 973 106 105 
28 9 310 0 309 257 623 973 108 105 
28 9 310 0 309 258 621 973 106 105 
28 9 310 0 309 259 618 973 106 105 
28 9 310 0 309 260 615 973 108 105 
28 9 310 0 309 261 613 977 106 102 
28 9 310 0 309 262 607 974 108 105 
28 9 310 0 309 263 605 974 106 105 
28 9 310 0 309 264 599 974 108 105 
28 9 310 0 309 265 597 974 106 105 
28 9 310 0 309 266 591 974 108 105 
28 9 310 0 309 267 589 974 106 105 
28 9 310 0 309 268 583 974 108 105 
28 9 310 0 309 269 581 974 106 105 
28 9 310 0 309 270 575 972 108 107 
28 9 310 0 309 271 573 972 106 107 
28 9 310 0 309 272 567 972 108 107 
28 9 310 0 309 273 565 972 106 107 
28 9 310 0 309 274 559 972 108 107 
28 9 310 0 309 275 557 972 106 107 
28 9 310 0 309 276 551 972 108 107 
28 9 310 0 309 277 549 972 106 107 
28 9 310 0 309 278 546 972 106 107 
28 9 310 0 309 279 543 972 108 107 
28 9 310 0 309 280 541 972 106 107 
28 9 310 0 309 281 538 974 106 104 
28 9 310 0 309 282 535 974 108 104 
28 9 310 0 309 283 533 974 106 104 
28 9 310 0 309 284 530 977 106 101 
28 9 310 0 309 285 527 977 108 101 
28 9 310 0 309 286 525 977 106 101 
28 9 310 0 309 287 522 981 106 97 
28 9 310 0 309 288 519 981 108 97 
28 9 310 0 309 289 517 981 106 97 
28 9 310 0 309 290 514 983 106 95 
28 9 310 0 309 291 511 981 108 97 
28 9 310 0 309 292 509 981 106 97 
28 9 310 0 309 293 506 981 106 97 
28 9 310 0 309 294 503 981 108 97 
28 9 310 0 309 295 501 981 106 97 
28 9 310 0 309 296 498 981 106 97 
28 9 310 0 309 297 495 981 108 97 
28 9 310 0 309 298 493 981 106 97 
28 9 310 0 309 299 490 981 106 97 
28 9 310 0 309 300 487 981 108 97 
28 9 310 0 309 301 485 981 106 97 
28 9 310 0 309 302 485 981 106 97 
28 9 310 0 309 303 485 981 106 97 
28 9 310 0 309 304 485 981 106 97 
28 9 310 0 309 305 485 981 106 97 
28 9 310 0 309 306 485 981 106 97 
28 9 310 0 309 307 485 981 106 97 
28 9 310 0 309 308 485 981 106 97 
28 9 310 0 309 309 485 981 106 97 
29 9 937 0 936 0 1128 326 70 117 
29 9 937 0 936 1 1128 326 70 117 
29 9 937 0 936 2 1128 326 70 117 
29 9 937 0 936 3 1128 326 70 117 
29 9 937 0 936 4 1128 326 70 117 
29 9 937 0 936 5 1128 329 70 115 
29 9 937 0 936 6 1131 329 70 115 
29 9 937 0 936 7 1131 329 70 115 
29 9 937 0 936 8 1131 329 70 115 
29 9 937 0 936 9 1131 332 70 115 
29 9 937 0 936 10 1131 332 70 115 
29 9 937 0 936 11 1131 332 70 115 
29 9 937 0 936 12 1135 332 68 115 
29 9 937 0 936 13 1135 334 68 117 
29 9 937 0 936 14 1135 334 68 117 
29 9 937 0 936 15 1135 334 68 117 
29 9 937 0 936 16 1135 334 68 117 
29 9 937 0 936 17 1136 337 70 115 
29 9 937 0 936 18 1136 337 70 115 
29 9 937 0 936 19 1136 337 70 115 
29 9 937 0 936 20 1136 337 70 115 
29 9 937 0 936 21 1136 340 70 115 
29 9 937 0 936 22 1136 340 70 115 
29 9 937 0 936 23 1139 340 70 115 
29 9 937 0 936 24 1139 340 70 115 
29 9 937 0 936 25 1139 340 70 115 
29 9 937 0 936 26 1139 342 70 117 
29 9 937 0 936 27 1139 342 70 117 
29 9 937 0 936 28 1143 342 68 117 
29 9 937 0 936 29 1143 342 68 117 
29 9 937 0 936 30 1143 345 68 115 
29 9 937 0 936 31 1143 345 68 115 
29 9 937 0 936 32 1143 345 68 115 
29 9 937 0 936 33 1143 345 68 115 
29 9 937 0 936 34 1144 348 70 115 
29 9 937 0 936 35 1144 348 70 115 
29 9 937 0 936 36 1144 348 70 115 
29 9 937 0 936 37 1144 348 70 115 
29 9 937 0 936 38 1144 350 70 117 
29 9 937 0 936 39 1147 350 70 117 
29 9 937 0 936 40 1147 350 70 117 
29 9 937 0 936 41 1147 350 70 117 
29 9 937 0 936 42 1147 353 70 115 
29 9 937 0 936 43 1147 353 70 115 
29 9 937 0 936 44 1147 353 70 115 
29 9 937 0 936 45 1151 353 68 115 
29 9 937 0 936 46 1151 353 68 115 
29 9 937 0 936 47 1151 356 68 115 
29 9 937 0 936 48 1151 356 68 115 
29 9 937 0 936 49 1151 356 68 115 
29 9 937 0 936 50 1152 356 70 115 
29 9 937 0 936 51 1152 358 70 117 
29 9 937 0 936 52 1152 358 70 117 
29 9 937 0 936 53 1152 358 70 117 
29 9 937 0 936 54 1152 358 70 117 
29 9 937 0 936 55 1152 361 70 115 
29 9 937 0 936 56 1155 361 70 115 
29 9 937 0 936 57 1155 361 70 115 
29 9 937 0 936 58 1155 361 70 115 
29 9 937 0 936 59 1155 364 70 115 
29 9 937 0 936 60 1155 364 70 115 
29 9 937 0 936 61 1159 364 68 115 
29 9 937 0 936 62 1159 364 68 115 
29 9 937 0 936 63 1159 366 68 117 
29 9 937 0 936 64 1159 366 68 117 
29 9 937 0 936 65 1159 366 68 117 
29 9 937 0 936 66 1159 366 68 117 
29 9 937 0 936 67 1160 366 70 117 
29 9 937 0 936 68 1160 369 70 115 
29 9 937 0 936 69 1160 369 70 115 
29 9 937 0 936 70 1160 369 70 115 
29 9 937 0 936 71 1160 369 70 115 
29 9 937 0 936 72 1163 372 70 115 
29 9 937 0 936 73 1163 372 70 115 
29 9 937 0 936 74 1163 372 70 115 
29 9 937 0 936 75 1163 372 70 115 
29 9 937 0 936 76 1163 374 70 117 
29 9 937 0 936 77 1163 374 70 117 
29 9 937 0 936 78 1167 374 68 117 
29 9 937 0 936 79 1167 374 68 117 
29 9 937 0 936 80 1167 377 68 115 
29 9 937 0 936 81 1167 377 68 115 
29 9 937 0 936 82 1167 377 68 115 
29 9 937 0 936 83 1168 377 70 115 
29 9 937 0 936 84 1168 380 70 115 
29 9 937 0 936 85 1168 380 70 115 
29 9 937 0 936 86 1168 380 70 115 
29 9 937 0 936 87 1168 380 70 115 
29 9 937 0 936 88 1168 380 70 115 
29 9 937 0 936 89 1171 382 70 117 
29 9 937 0 936 90 1171 382 70 117 
29 9 937 0 936 91 1171 382 70 117 
29 9 937 0 936 92 1171 382 70 117 
29 9 937 0 936 93 1171 385 70 115 
29 9 937 0 936 94 1175 385 68 115 
29 9 937 0 936 95 1175 385 68 115 
29 9 937 0 936 96 1175 385 68 115 
29 9 937 0 936 97 1175 388 68 115 
29 9 937 0 936 98 1175 388 68 115 
29 9 937 0 936 99 1175 388 68 115 
29 9 937 0 936 100 1176 388 70 115 
29 9 937 0 936 101 1176 390 70 117 
29 9 937 0 936 102 1176 390 70 117 
29 9 937 0 936 103 1176 390 70 117 
29 9 937 0 936 104 1176 390 70 117 
29 9 937 0 936 105 1179 393 70 115 
29 9 937 0 936 106 1179 393 70 115 
29 9 937 0 936 107 1179 393 70 115 
29 9 937 0 936 108 1179 393 70 115 
29 9 937 0 936 109 1179 393 70 115 
29 9 937 0 936 110 1183 396 68 115 
29 9 937 0 936 111 1183 396 68 115 
29 9 937 0 936 112 1183 396 68 115 
29 9 937 0 936 113 1183 396 68 115 
29 9 937 0 936 114 1183 398 68 117 
29 9 937 0 936 115 1184 398 70 117 
29 9 937 0 936 116 1184 398 70 117 
29 9 937 0 936 117 1184 398 70 117 
29 9 937 0 936 118 1184 401 70 115 
29 9 937 0 936 119 1184 401 70 115 
29 9 937 0 936 120 1187 401 70 115 
29 9 937 0 936 121 1187 401 70 115 
29 9 937 0 936 122 1187 404 70 115 
29 9 937 0 936 123 1187 404 70 115 
29 9 937 0 936 124 1187 404 70 115 
29 9 937 0 936 125 1191 404 68 115 
29 9 937 0 936 126 1191 406 68 117 
29 9 937 0 936 127 1191 406 68 117 
29 9 937 0 936 128 1191 406 68 117 
29 9 937 0 936 129 1191 406 68 117 
29 9 937 0 936 130 1192 409 70 115 
29 9 937 0 936 131 1192 409 70 115 
29 9 937 0 936 132 1192 409 70 115 
29 9 937 0 936 133 1192 409 70 115 
29 9 937 0 936 134 1195 412 70 115 
29 9 937 0 936 135 1195 412 70 115 
29 9 937 0 936 136 1195 412 70 115 
29 9 937 0 936 137 1195 412 70 115 
29 9 937 0 936 138 1195 414 70 117 
29 9 937 0 936 139 1199 414 68 117 
29 9 937 0 936 140 1199 414 68 117 
29 9 937 0 936 141 1199 414 68 117 
29 9 937 0 936 142 1199 417 68 115 
29 9 937 0 936 143 1199 417 68 115 
29 9 937 0 936 144 1200 417 70 115 
29 9 937 0 936 145 1200 417 70 115 
29 9 937 0 936 146 1200 420 70 115 
29 9 937 0 936 147 1200 420 70 115 
29 9 937 0 936 148 1200 420 70 115 
29 9 937 0 936 149 1203 420 70 115 
29 9 937 0 936 150 1203 422 70 117 
29 9 937 0 936 151 1203 422 70 117 
29 9 937 0 936 152 1203 422 70 117 
29 9 937 0 936 153 1203 422 70 117 
29 9 937 0 936 154 1207 425 68 115 
29 9 937 0 936 155 1207 425 68 115 
29 9 937 0 936 156 1207 425 68 115 
29 9 937 0 936 157 1207 425 68 115 
29 9 937 0 936 158 1208 428 70 115 
29 9 937 0 936 159 1208 428 70 115 
29 9 937 0 936 160 1208 428 70 115 
29 9 937 0 936 161 1208 428 70 115 
29 9 937 0 936 162 1208 430 70 117 
29 9 937 0 936 163 1211 430 70 117 
29 9 937 0 936 164 1211 430 70 117 
29 9 937 0 936 165 1211 430 70 117 
29 9 937 0 936 166 1211 433 70 115 
29 9 937 0 936 167 1211 433 70 115 
29 9 937 0 936 168 1215 433 68 115 
29 9 937 0 936 169 1215 433 68 115 
29 9 937 0 936 170 1215 436 68 115 
29 9 937 0 936 171 1215 436 68 115 
29 9 937 0 936 172 1215 436 68 115 
29 9 937 0 936 173 1216 436 70 115 
29 9 937 0 936 174 1216 438 70 117 
29 9 937 0 936 175 1216 438 70 117 
29 9 937 0 936 176 1216 438 70 117 
29 9 937 0 936 177 1216 438 70 117 
29 9 937 0 936 178 1219 441 70 115 
29 9 937 0 936 179 1219 441 70 115 
29 9 937 0 936 180 1219 441 70 115 
29 9 937 0 936 181 1219 441 70 115 
29 9 937 0 936 182 1223 444 68 115 
29 9 937 0 936 183 1223 444 68 115 
29 9 937 0 936 184 1223 444 68 115 
29 9 937 0 936 185 1223 444 68 115 
29 9 937 0 936 186 1223 446 68 117 
29 9 937 0 936 187 1224 446 70 117 
29 9 937 0 936 188 1224 446 70 117 
29 9 937 0 936 189 1224 446 70 117 
29 9 937 0 936 190 1224 449 70 115 
29 9 937 0 936 191 1224 449 70 115 
29 9 937 0 936 192 1227 449 70 115 
29 9 937 0 936 193 1227 449 70 115 
29 9 937 0 936 194 1227 452 70 115 
29 9 937 0 936 195 1227 452 70 115 
29 9 937 0 936 196 1227 452 70 115 
29 9 937 0 936 197 1231 452 68 115 
29 9 937 0 936 198 1231 454 68 117 
29 9 937 0 936 199 1231 454 68 117 
29 9 937 0 936 200 1231 454 68 117 
29 9 937 0 936 201 1231 454 68 117 
29 9 937 0 936 202 1232 457 70 115 
29 9 937 0 936 203 1232 457 70 115 
29 9 937 0 936 204 1232 457 70 115 
29 9 937 0 936 205 1232 457 70 115 
29 9 937 0 936 206 1235 460 70 115 
29 9 937 0 936 207 1235 460 70 115 
29 9 937 0 936 208 1235 460 70 115 
29 9 937 0 936 209 1235 460 70 115 
29 9 937 0 936 210 1235 462 70 117 
29 9 937 0 936 211 1235 462 70 117 
29 9 937 0 936 212 1239 462 68 117 
29 9 937 0 936 213 1239 462 68 117 
29 9 937 0 936 214 1239 465 68 115 
29 9 937 0 936 215 1239 465 68 115 
29 9 937 0 936 216 1239 465 68 115 
29 9 937 0 936 217 1240 465 70 115 
29 9 937 0 936 218 1240 468 70 115 
29 9 937 0 936 219 1240 468 70 115 
29 9 937 0 936 220 1240 468 70 115 
29 9 937 0 936 221 1240 468 70 115 
29 9 937 0 936 222 1243 470 70 117 
29 9 937 0 936 223 1243 470 70 117 
29 9 937 0 936 224 1243 470 70 117 
29 9 937 0 936 225 1243 470 70 117 
29 9 937 0 936 226 1243 473 70 115 
29 9 937 0 936 227 1247 473 68 115 
29 9 937 0 936 228 1247 473 68 115 
29 9 937 0 936 229 1247 473 68 115 
29 9 937 0 936 230 1247 476 68 115 
29 9 937 0 936 231 1247 476 68 115 
29 9 937 0 936 232 1248 476 70 115 
29 9 937 0 936 233 1248 476 70 115 
29 9 937 0 936 234 1248 478 70 117 
29 9 937 0 936 235 1248 478 70 117 
29 9 937 0 936 236 1248 478 70 117 
29 9 937 0 936 237 1251 478 70 117 
29 9 937 0 936 238 1251 481 70 115 
29 9 937 0 936 239 1251 481 70 115 
29 9 937 0 936 240 1251 481 70 115 
29 9 937 0 936 241 1251 481 70 115 
29 9 937 0 936 242 1255 484 68 115 
29 9 937 0 936 243 1255 484 68 115 
29 9 937 0 936 244 1255 484 68 115 
29 9 937 0 936 245 1255 484 68 115 
29 9 937 0 936 246 1255 486 68 117 
29 9 937 0 936 247 1256 486 70 117 
29 9 937 0 936 248 1256 486 70 117 
29 9 937 0 936 249 1256 486 70 117 
29 9 937 0 936 250 1256 489 70 115 
29 9 937 0 936 251 1256 489 70 115 
29 9 937 0 936 252 1259 489 70 115 
29 9 937 0 936 253 1259 489 70 115 
29 9 937 0 936 254 1259 492 70 115 
29 9 937 0 936 255 1259 492 70 115 
29 9 937 0 936 256 1259 492 70 115 
29 9 937 0 936 257 1259 492 70 115 
29 9 937 0 936 258 1263 494 68 117 
29 9 937 0 936 259 1263 494 68 117 
29 9 937 0 936 260 1263 494 68 117 
29 9 937 0 936 261 1263 494 68 117 
29 9 937 0 936 262 1263 497 68 115 
29 9 937 0 936 263 1264 497 70 115 
29 9 937 0 936 264 1264 497 70 115 
29 9 937 0 936 265 1264 497 70 115 
29 9 937 0 936 266 1264 500 70 115 
29 9 937 0 936 267 1264 500 70 115 
29 9 937 0 936 268 1267 500 70 115 
29 9 937 0 936 269 1267 500 70 115 
29 9 937 0 936 270 1267 502 70 117 
29 9 937 0 936 271 1267 502 70 117 
29 9 937 0 936 272 1267 502 70 117 
29 9 937 0 936 273 1271 502 68 117 
29 9 937 0 936 274 1271 505 68 115 
29 9 937 0 936 275 1271 505 68 115 
29 9 937 0 936 276 1271 505 68 115 
29 9 937 0 936 277 1271 505 68 115 
29 9 937 0 936 278 1272 508 70 115 
29 9 937 0 936 279 1272 508 70 115 
29 9 937 0 936 280 1272 508 70 115 
29 9 937 0 936 281 1272 508 70 115 
29 9 937 0 936 282 1272 510 70 117 
29 9 937 0 936 283 1275 510 70 117 
29 9 937 0 936 284 1275 510 70 117 
29 9 937 0 936 285 1275 510 70 117 
29 9 937 0 936 286 1275 513 70 115 
29 9 937 0 936 287 1275 513 70 115 
29 9 937 0 936 288 1279 513 68 115 
29 9 937 0 936 289 1279 513 68 115 
29 9 937 0 936 290 1279 516 68 115 
29 9 937 0 936 291 1279 516 68 115 
29 9 937 0 936 292 1279 516 68 115 
29 9 937 0 936 293 1280 516 70 115 
29 9 937 0 936 294 1280 518 70 117 
29 9 937 0 936 295 1280 518 70 117 
29 9 937 0 936 296 1280 518 70 117 
29 9 937 0 936 297 1280 518 70 117 
29 9 937 0 936 298 1283 521 70 115 
29 9 937 0 936 299 1283 522 70 112 
29 9 937 0 936 300 1283 522 70 112 
29 9 937 0 936 301 1283 522 70 112 
29 9 937 0 936 302 1283 522 70 112 
29 9 937 0 936 303 1283 522 70 112 
29 9 937 0 936 304 1287 525 68 111 
29 9 937 0 936 305 1287 525 68 111 
29 9 937 0 936 306 1287 525 68 111 
29 9 937 0 936 307 1287 524 68 115 
29 9 937 0 936 308 1288 527 70 112 
29 9 937 0 936 309 1288 527 70 112 
29 9 937 0 936 310 1288 527 70 112 
29 9 937 0 936 311 1288 530 70 112 
29 9 937 0 936 312 1291 530 70 112 
29 9 937 0 936 313 1291 530 70 112 
29 9 937 0 936 314 1291 529 70 115 
29 9 937 0 936 315 1291 533 70 111 
29 9 937 0 936 316 1295 533 68 111 
29 9 937 0 936 317 1295 533 68 111 
29 9 937 0 936 318 1295 532 68 115 
29 9 937 0 936 319 1296 535 70 112 
29 9 937 0 936 320 1296 535 70 112 
29 9 937 0 936 321 1296 534 70 117 
29 9 937 0 936 322 1296 538 70 112 
29 9 937 0 936 323 1299 538 70 112 
29 9 937 0 936 324 1299 537 70 115 
29 9 937 0 936 325 1299 537 70 115 
29 9 937 0 936 326 1299 541 70 111 
29 9 937 0 936 327 1303 541 68 111 
29 9 937 0 936 328 1303 540 68 115 
29 9 937 0 936 329 1303 543 68 112 
29 9 937 0 936 330 1303 543 68 112 
29 9 937 0 936 331 1304 542 70 117 
29 9 937 0 936 332 1304 542 70 117 
29 9 937 0 936 333 1304 546 70 112 
29 9 937 0 936 334 1304 546 70 112 
29 9 937 0 936 335 1307 545 70 115 
29 9 937 0 936 336 1307 545 70 115 
29 9 937 0 936 337 1307 549 70 111 
29 9 937 0 936 338 1311 548 68 115 
29 9 937 0 936 339 1311 548 68 115 
29 9 937 0 936 340 1311 551 68 112 
29 9 937 0 936 341 1311 550 68 117 
29 9 937 0 936 342 1312 550 70 117 
29 9 937 0 936 343 1312 550 70 117 
29 9 937 0 936 344 1312 554 70 112 
29 9 937 0 936 345 1312 553 70 115 
29 9 937 0 936 346 1315 553 70 115 
29 9 937 0 936 347 1315 557 70 111 
29 9 937 0 936 348 1315 556 70 115 
29 9 937 0 936 349 1315 556 70 115 
29 9 937 0 936 350 1319 556 68 115 
29 9 937 0 936 351 1319 559 68 112 
29 9 937 0 936 352 1319 558 68 117 
29 9 937 0 936 353 1319 558 68 117 
29 9 937 0 936 354 1320 558 70 117 
29 9 937 0 936 355 1320 561 70 115 
29 9 937 0 936 356 1320 561 70 115 
29 9 937 0 936 357 1323 561 70 115 
29 9 937 0 936 358 1323 564 70 115 
29 9 937 0 936 359 1323 564 70 115 
29 9 937 0 936 360 1323 564 70 115 
29 9 937 0 936 361 1327 564 68 115 
29 9 937 0 936 362 1327 566 68 117 
29 9 937 0 936 363 1327 566 68 117 
29 9 937 0 936 364 1327 566 68 117 
29 9 937 0 936 365 1328 566 70 120 
29 9 937 0 936 366 1328 569 70 115 
29 9 937 0 936 367 1328 569 70 115 
29 9 937 0 936 368 1328 569 70 115 
29 9 937 0 936 369 1331 572 70 115 
29 9 937 0 936 370 1331 572 70 115 
29 9 937 0 936 371 1331 572 70 115 
29 9 937 0 936 372 1331 572 70 120 
29 9 937 0 936 373 1335 574 68 117 
29 9 937 0 936 374 1335 574 68 117 
29 9 937 0 936 375 1335 574 68 120 
29 9 937 0 936 376 1336 577 70 115 
29 9 937 0 936 377 1336 577 70 115 
29 9 937 0 936 378 1336 577 70 115 
29 9 937 0 936 379 1336 577 70 120 
29 9 937 0 936 380 1339 580 70 115 
29 9 937 0 936 381 1339 580 70 115 
29 9 937 0 936 382 1339 580 70 120 
29 9 937 0 936 383 1339 580 70 120 
29 9 937 0 936 384 1343 582 68 117 
29 9 937 0 936 385 1343 582 68 117 
29 9 937 0 936 386 1343 582 68 120 
29 9 937 0 936 387 1343 585 68 115 
29 9 937 0 936 388 1344 585 70 115 
29 9 937 0 936 389 1344 585 70 120 
29 9 937 0 936 390 1344 585 70 120 
29 9 937 0 936 391 1344 588 70 115 
29 9 937 0 936 392 1347 588 70 115 
29 9 937 0 936 393 1347 588 70 120 
29 9 937 0 936 394 1347 590 70 117 
29 9 937 0 936 395 1351 590 68 117 
29 9 937 0 936 396 1351 590 68 120 
29 9 937 0 936 397 1351 590 68 120 
29 9 937 0 936 398 1351 593 68 115 
29 9 937 0 936 399 1352 593 70 120 
29 9 937 0 936 400 1352 593 70 120 
29 9 937 0 936 401 1352 593 70 120 
29 9 937 0 936 402 1352 596 70 115 
29 9 937 0 936 403 1355 596 70 120 
29 9 937 0 936 404 1355 596 70 120 
29 9 937 0 936 405 1355 598 70 117 
29 9 937 0 936 406 1355 598 70 120 
29 9 937 0 936 407 1359 598 68 120 
29 9 937 0 936 408 1359 598 68 120 
29 9 937 0 936 409 1359 601 68 115 
29 9 937 0 936 410 1359 601 68 120 
29 9 937 0 936 411 1360 601 70 120 
29 9 937 0 936 412 1360 601 70 120 
29 9 937 0 936 413 1360 604 70 120 
29 9 937 0 936 414 1363 604 70 120 
29 9 937 0 936 415 1363 604 70 120 
29 9 937 0 936 416 1363 606 70 120 
29 9 937 0 936 417 1363 606 70 120 
29 9 937 0 936 418 1367 606 68 120 
29 9 937 0 936 419 1367 606 68 120 
29 9 937 0 936 420 1367 609 68 120 
29 9 937 0 936 421 1367 609 68 120 
29 9 937 0 936 422 1368 609 70 120 
29 9 937 0 936 423 1368 612 70 120 
29 9 937 0 936 424 1368 612 70 120 
29 9 937 0 936 425 1368 612 70 120 
29 9 937 0 936 426 1371 612 70 120 
29 9 937 0 936 427 1371 614 70 120 
29 9 937 0 936 428 1371 614 70 120 
29 9 937 0 936 429 1371 614 70 120 
29 9 937 0 936 430 1375 613 68 124 
29 9 937 0 936 431 1375 617 68 120 
29 9 937 0 936 432 1375 617 68 120 
29 9 937 0 936 433 1376 616 70 124 
29 9 937 0 936 434 1376 620 70 120 
29 9 937 0 936 435 1376 620 70 120 
29 9 937 0 936 436 1376 620 70 120 
29 9 937 0 936 437 1379 619 70 123 
29 9 937 0 936 438 1379 622 70 120 
29 9 937 0 936 439 1379 622 70 120 
29 9 937 0 936 440 1379 621 70 124 
29 9 937 0 936 441 1383 625 68 120 
29 9 937 0 936 442 1383 625 68 120 
29 9 937 0 936 443 1383 625 68 120 
29 9 937 0 936 444 1383 624 68 124 
29 9 937 0 936 445 1384 628 70 120 
29 9 937 0 936 446 1384 628 70 120 
29 9 937 0 936 447 1384 627 70 123 
29 9 937 0 936 448 1384 627 70 123 
29 9 937 0 936 449 1387 630 70 120 
29 9 937 0 936 450 1387 629 70 124 
29 9 937 0 936 451 1387 629 70 124 
29 9 937 0 936 452 1391 633 68 120 
29 9 937 0 936 453 1391 633 68 120 
29 9 937 0 936 454 1391 632 68 124 
29 9 937 0 936 455 1391 632 68 124 
29 9 937 0 936 456 1392 636 70 120 
29 9 937 0 936 457 1392 635 70 123 
29 9 937 0 936 458 1392 635 70 123 
29 9 937 0 936 459 1392 635 70 123 
29 9 937 0 936 460 1395 638 70 120 
29 9 937 0 936 461 1395 637 70 124 
29 9 937 0 936 462 1395 637 70 124 
29 9 937 0 936 463 1395 641 70 120 
29 9 937 0 936 464 1399 640 68 124 
29 9 937 0 936 465 1399 640 68 124 
29 9 937 0 936 466 1399 640 68 124 
29 9 937 0 936 467 1399 644 68 120 
29 9 937 0 936 468 1400 643 70 123 
29 9 937 0 936 469 1400 643 70 123 
29 9 937 0 936 470 1400 646 70 120 
29 9 937 0 936 471 1403 645 70 124 
29 9 937 0 936 472 1403 645 70 124 
29 9 937 0 936 473 1403 645 70 124 
29 9 937 0 936 474 1403 648 70 124 
29 9 937 0 936 475 1407 648 68 124 
29 9 937 0 936 476 1407 648 68 124 
29 9 937 0 936 477 1407 648 68 124 
29 9 937 0 936 478 1407 651 68 123 
29 9 937 0 936 479 1408 651 70 123 
29 9 937 0 936 480 1408 651 70 123 
29 9 937 0 936 481 1408 653 70 124 
29 9 937 0 936 482 1408 653 70 124 
29 9 937 0 936 483 1411 653 70 124 
29 9 937 0 936 484 1411 653 70 124 
29 9 937 0 936 485 1411 656 70 124 
29 9 937 0 936 486 1411 656 70 124 
29 9 937 0 936 487 1415 656 68 124 
29 9 937 0 936 488 1415 659 68 123 
29 9 937 0 936 489 1415 659 68 123 
29 9 937 0 936 490 1416 659 70 123 
29 9 937 0 936 491 1416 658 70 127 
29 9 937 0 936 492 1416 661 70 124 
29 9 937 0 936 493 1416 661 70 124 
29 9 937 0 936 494 1419 661 70 124 
29 9 937 0 936 495 1419 660 70 129 
29 9 937 0 936 496 1419 664 70 124 
29 9 937 0 936 497 1419 664 70 124 
29 9 937 0 936 498 1423 663 68 127 
29 9 937 0 936 499 1423 667 68 123 
29 9 937 0 936 500 1423 667 68 123 
29 9 937 0 936 501 1423 667 68 123 
29 9 937 0 936 502 1424 666 70 127 
29 9 937 0 936 503 1424 669 70 124 
29 9 937 0 936 504 1424 669 70 124 
29 9 937 0 936 505 1424 668 70 129 
29 9 937 0 936 506 1427 668 70 129 
29 9 937 0 936 507 1427 672 70 124 
29 9 937 0 936 508 1427 671 70 127 
29 9 937 0 936 509 1431 671 68 127 
29 9 937 0 936 510 1431 675 68 123 
29 9 937 0 936 511 1431 675 68 123 
29 9 937 0 936 512 1431 674 68 127 
29 9 937 0 936 513 1432 674 70 127 
29 9 937 0 936 514 1432 677 70 124 
29 9 937 0 936 515 1432 676 70 129 
29 9 937 0 936 516 1432 676 70 129 
29 9 937 0 936 517 1435 680 70 124 
29 9 937 0 936 518 1435 680 70 124 
29 9 937 0 936 519 1435 679 70 127 
29 9 937 0 936 520 1435 679 70 127 
29 9 937 0 936 521 1439 683 68 123 
29 9 937 0 936 522 1439 682 68 127 
29 9 937 0 936 523 1439 682 68 127 
29 9 937 0 936 524 1439 682 68 127 
29 9 937 0 936 525 1440 684 70 129 
29 9 937 0 936 526 1440 684 70 129 
29 9 937 0 936 527 1440 684 70 129 
29 9 937 0 936 528 1443 688 70 124 
29 9 937 0 936 529 1443 687 70 127 
29 9 937 0 936 530 1443 687 70 127 
29 9 937 0 936 531 1443 687 70 127 
29 9 937 0 936 532 1447 690 68 127 
29 9 937 0 936 533 1447 690 68 127 
29 9 937 0 936 534 1447 690 68 127 
29 9 937 0 936 535 1447 693 68 124 
29 9 937 0 936 536 1448 692 70 129 
29 9 937 0 936 537 1448 692 70 129 
29 9 937 0 936 538 1448 692 70 129 
29 9 937 0 936 539 1448 695 70 127 
29 9 937 0 936 540 1451 695 70 127 
29 9 937 0 936 541 1451 695 70 127 
29 9 937 0 936 542 1451 695 70 127 
29 9 937 0 936 543 1451 698 70 127 
29 9 937 0 936 544 1455 698 68 127 
29 9 937 0 936 545 1455 698 68 127 
29 9 937 0 936 546 1455 700 68 129 
29 9 937 0 936 547 1456 700 70 129 
29 9 937 0 936 548 1456 700 70 129 
29 9 937 0 936 549 1456 700 70 132 
29 9 937 0 936 550 1456 703 70 127 
29 9 937 0 936 551 1459 703 70 127 
29 9 937 0 936 552 1459 703 70 127 
29 9 937 0 936 553 1459 703 70 132 
29 9 937 0 936 554 1459 706 70 127 
29 9 937 0 936 555 1463 706 68 127 
29 9 937 0 936 556 1463 706 68 132 
29 9 937 0 936 557 1463 708 68 129 
29 9 937 0 936 558 1463 708 68 129 
29 9 937 0 936 559 1464 708 70 129 
29 9 937 0 936 560 1464 708 70 132 
29 9 937 0 936 561 1464 711 70 127 
29 9 937 0 936 562 1464 711 70 127 
29 9 937 0 936 563 1467 711 70 132 
29 9 937 0 936 564 1467 714 70 127 
29 9 937 0 936 565 1467 714 70 127 
29 9 937 0 936 566 1471 714 68 132 
29 9 937 0 936 567 1471 714 68 132 
29 9 937 0 936 568 1471 716 68 129 
29 9 937 0 936 569 1471 716 68 129 
29 9 937 0 936 570 1472 716 70 132 
29 9 937 0 936 571 1472 716 70 132 
29 9 937 0 936 572 1472 719 70 127 
29 9 937 0 936 573 1472 719 70 132 
29 9 937 0 936 574 1475 719 70 132 
29 9 937 0 936 575 1475 722 70 127 
29 9 937 0 936 576 1475 722 70 127 
29 9 937 0 936 577 1475 722 70 132 
29 9 937 0 936 578 1479 722 68 132 
29 9 937 0 936 579 1479 724 68 129 
29 9 937 0 936 580 1479 724 68 132 
29 9 937 0 936 581 1479 724 68 132 
29 9 937 0 936 582 1480 727 70 127 
29 9 937 0 936 583 1480 727 70 132 
29 9 937 0 936 584 1480 727 70 132 
29 9 937 0 936 585 1483 727 70 132 
29 9 937 0 936 586 1483 730 70 127 
29 9 937 0 936 587 1483 730 70 132 
29 9 937 0 936 588 1483 730 70 132 
29 9 937 0 936 589 1487 730 68 132 
29 9 937 0 936 590 1487 732 68 132 
29 9 937 0 936 591 1487 732 68 132 
29 9 937 0 936 592 1487 732 68 132 
29 9 937 0 936 593 1488 735 70 127 
29 9 937 0 936 594 1488 735 70 132 
29 9 937 0 936 595 1488 735 70 132 
29 9 937 0 936 596 1488 735 70 132 
29 9 937 0 936 597 1491 738 70 132 
29 9 937 0 936 598 1491 738 70 132 
29 9 937 0 936 599 1491 738 70 132 
29 9 937 0 936 600 1495 740 68 132 
29 9 937 0 936 601 1495 740 68 132 
29 9 937 0 936 602 1495 739 68 136 
29 9 937 0 936 603 1495 739 68 136 
29 9 937 0 936 604 1493 738 74 141 
29 9 937 0 936 605 1493 738 74 144 
29 9 937 0 936 606 1493 738 74 144 
29 9 937 0 936 607 1492 737 80 148 
29 9 937 0 936 608 1492 737 80 148 
29 9 937 0 936 609 1492 736 80 153 
29 9 937 0 936 610 1494 736 80 156 
29 9 937 0 936 611 1494 736 80 156 
29 9 937 0 936 612 1497 736 80 156 
29 9 937 0 936 613 1497 736 80 156 
29 9 937 0 936 614 1500 739 80 156 
29 9 937 0 936 615 1500 739 80 156 
29 9 937 0 936 616 1502 739 80 156 
29 9 937 0 936 617 1502 742 80 156 
29 9 937 0 936 618 1505 742 80 156 
29 9 937 0 936 619 1505 742 80 156 
29 9 937 0 936 620 1508 744 80 156 
29 9 937 0 936 621 1508 744 80 156 
29 9 937 0 936 622 1508 744 80 156 
29 9 937 0 936 623 1510 744 80 156 
29 9 937 0 936 624 1510 747 80 156 
29 9 937 0 936 625 1513 747 80 156 
29 9 937 0 936 626 1513 747 80 156 
29 9 937 0 936 627 1513 750 80 156 
29 9 937 0 936 628 1516 750 80 156 
29 9 937 0 936 629 1516 750 80 156 
29 9 937 0 936 630 1518 752 80 156 
29 9 937 0 936 631 1518 752 80 156 
29 9 937 0 936 632 1518 752 80 156 
29 9 937 0 936 633 1521 752 80 156 
29 9 937 0 936 634 1521 752 80 156 
29 9 937 0 936 635 1524 752 80 156 
29 9 937 0 936 636 1524 752 80 156 
29 9 937 0 936 637 1524 752 80 156 
29 9 937 0 936 638 1526 752 80 156 
29 9 937 0 936 639 1526 752 80 156 
29 9 937 0 936 640 1529 755 80 156 
29 9 937 0 936 641 1529 752 80 156 
29 9 937 0 936 642 1529 752 80 156 
29 9 937 0 936 643 1532 752 80 156 
29 9 937 0 936 644 1532 752 80 156 
29 9 937 0 936 645 1534 752 80 156 
29 9 937 0 936 646 1534 752 80 156 
29 9 937 0 936 647 1534 752 80 156 
29 9 937 0 936 648 1537 752 80 156 
29 9 937 0 936 649 1537 752 80 156 
29 9 937 0 936 650 1540 752 80 156 
29 9 937 0 936 651 1540 752 80 156 
29 9 937 0 936 652 1542 755 80 156 
29 9 937 0 936 653 1545 755 80 156 
29 9 937 0 936 654 1545 758 80 156 
29 9 937 0 936 655 1548 760 80 156 
29 9 937 0 936 656 1550 760 80 156 
29 9 937 0 936 657 1550 763 80 156 
29 9 937 0 936 658 1553 763 80 156 
29 9 937 0 936 659 1556 766 80 156 
29 9 937 0 936 660 1558 768 80 156 
29 9 937 0 936 661 1558 766 80 156 
29 9 937 0 936 662 1561 766 80 156 
29 9 937 0 936 663 1561 766 80 156 
29 9 937 0 936 664 1564 766 80 156 
29 9 937 0 936 665 1564 766 80 156 
29 9 937 0 936 666 1566 766 80 156 
29 9 937 0 936 667 1566 766 80 156 
29 9 937 0 936 668 1569 766 80 156 
29 9 937 0 936 669 1569 766 80 156 
29 9 937 0 936 670 1572 766 80 156 
29 9 937 0 936 671 1572 768 80 156 
29 9 937 0 936 672 1574 771 80 156 
29 9 937 0 936 673 1574 774 80 156 
29 9 937 0 936 674 1577 776 80 156 
29 9 937 0 936 675 1580 779 80 156 
29 9 937 0 936 676 1580 782 80 156 
29 9 937 0 936 677 1582 784 80 156 
29 9 937 0 936 678 1582 787 80 156 
29 9 937 0 936 679 1585 790 80 156 
29 9 937 0 936 680 1588 795 80 156 
29 9 937 0 936 681 1588 795 80 156 
29 9 937 0 936 682 1588 795 80 156 
29 9 937 0 936 683 1588 795 80 156 
29 9 937 0 936 684 1590 795 80 156 
29 9 937 0 936 685 1590 795 80 156 
29 9 937 0 936 686 1590 795 80 156 
29 9 937 0 936 687 1593 795 80 156 
29 9 937 0 936 688 1593 795 80 156 
29 9 937 0 936 689 1593 795 80 156 
29 9 937 0 936 690 1596 798 80 156 
29 9 937 0 936 691 1596 798 80 156 
29 9 937 0 936 692 1598 798 80 156 
29 9 937 0 936 693 1598 798 80 156 
29 9 937 0 936 694 1601 798 80 156 
29 9 937 0 936 695 1601 800 80 156 
29 9 937 0 936 696 1604 800 80 156 
29 9 937 0 936 697 1604 800 80 156 
29 9 937 0 936 698 1606 800 80 156 
29 9 937 0 936 699 1606 800 80 156 
29 9 937 0 936 700 1609 803 80 156 
29 9 937 0 936 701 1609 803 80 156 
29 9 937 0 936 702 1612 806 80 156 
29 9 937 0 936 703 1612 806 80 156 
29 9 937 0 936 704 1614 808 80 156 
29 9 937 0 936 705 1614 811 80 156 
29 9 937 0 936 706 1617 811 80 156 
29 9 937 0 936 707 1617 814 80 156 
29 9 937 0 936 708 1620 814 80 156 
29 9 937 0 936 709 1620 816 80 156 
29 9 937 0 936 710 1622 819 80 156 
29 9 937 0 936 711 1622 819 80 156 
29 9 937 0 936 712 1622 819 80 156 
29 9 937 0 936 713 1622 819 80 156 
29 9 937 0 936 714 1625 819 80 156 
29 9 937 0 936 715 1625 822 80 156 
29 9 937 0 936 716 1625 822 80 156 
29 9 937 0 936 717 1628 822 80 156 
29 9 937 0 936 718 1628 822 80 156 
29 9 937 0 936 719 1628 822 80 156 
29 9 937 0 936 720 1630 824 80 156 
29 9 937 0 936 721 1630 824 80 156 
29 9 937 0 936 722 1630 824 80 156 
29 9 937 0 936 723 1630 824 80 156 
29 9 937 0 936 724 1633 824 80 156 
29 9 937 0 936 725 1633 827 80 156 
29 9 937 0 936 726 1633 827 80 156 
29 9 937 0 936 727 1636 827 80 156 
29 9 937 0 936 728 1636 827 80 156 
29 9 937 0 936 729 1636 827 80 156 
29 9 937 0 936 730 1638 830 80 156 
29 9 937 0 936 731 1638 830 80 156 
29 9 937 0 936 732 1638 830 80 156 
29 9 937 0 936 733 1638 830 80 156 
29 9 937 0 936 734 1638 832 80 156 
29 9 937 0 936 735 1638 832 80 156 
29 9 937 0 936 736 1638 832 80 156 
29 9 937 0 936 737 1638 835 80 156 
29 9 937 0 936 738 1638 835 80 156 
29 9 937 0 936 739 1638 835 80 156 
29 9 937 0 936 740 1638 838 80 156 
29 9 937 0 936 741 1638 838 80 156 
29 9 937 0 936 742 1638 838 80 156 
29 9 937 0 936 743 1638 838 80 156 
29 9 937 0 936 744 1641 840 80 156 
29 9 937 0 936 745 1641 840 80 156 
29 9 937 0 936 746 1641 840 80 156 
29 9 937 0 936 747 1644 843 80 156 
29 9 937 0 936 748 1644 843 80 156 
29 9 937 0 936 749 1644 843 80 156 
29 9 937 0 936 750 1646 846 80 156 
29 9 937 0 936 751 1646 846 80 156 
29 9 937 0 936 752 1646 848 80 156 
29 9 937 0 936 753 1646 848 80 156 
29 9 937 0 936 754 1646 851 80 156 
29 9 937 0 936 755 1646 851 80 156 
29 9 937 0 936 756 1646 854 80 156 
29 9 937 0 936 757 1646 854 80 156 
29 9 937 0 936 758 1646 856 80 156 
29 9 937 0 936 759 1646 856 80 156 
29 9 937 0 936 760 1649 859 80 156 
29 9 937 0 936 761 1649 859 80 156 
29 9 937 0 936 762 1649 859 80 156 
29 9 937 0 936 763 1649 862 80 156 
29 9 937 0 936 764 1652 862 80 156 
29 9 937 0 936 765 1652 864 80 156 
29 9 937 0 936 766 1652 864 80 156 
29 9 937 0 936 767 1654 864 80 156 
29 9 937 0 936 768 1654 867 80 156 
29 9 937 0 936 769 1654 867 80 156 
29 9 937 0 936 770 1657 870 80 156 
29 9 937 0 936 771 1657 870 80 156 
29 9 937 0 936 772 1657 870 80 156 
29 9 937 0 936 773 1657 870 80 156 
29 9 937 0 936 774 1657 870 80 156 
29 9 937 0 936 775 1657 872 80 156 
29 9 937 0 936 776 1657 872 80 156 
29 9 937 0 936 777 1657 872 80 156 
29 9 937 0 936 778 1657 872 80 156 
29 9 937 0 936 779 1657 872 80 156 
29 9 937 0 936 780 1660 875 80 156 
29 9 937 0 936 781 1660 875 80 156 
29 9 937 0 936 782 1660 875 80 156 
29 9 937 0 936 783 1660 878 80 156 
29 9 937 0 936 784 1660 878 80 156 
29 9 937 0 936 785 1660 880 80 156 
29 9 937 0 936 786 1660 880 80 156 
29 9 937 0 936 787 1660 880 80 156 
29 9 937 0 936 788 1660 883 80 156 
29 9 937 0 936 789 1660 883 80 156 
29 9 937 0 936 790 1662 886 80 156 
29 9 937 0 936 791 1662 886 80 156 
29 9 937 0 936 792 1662 886 80 156 
29 9 937 0 936 793 1665 888 80 156 
29 9 937 0 936 794 1665 888 80 156 
29 9 937 0 936 795 1668 891 80 156 
29 9 937 0 936 796 1668 891 80 156 
29 9 937 0 936 797 1668 891 80 156 
29 9 937 0 936 798 1670 894 80 156 
29 9 937 0 936 799 1670 894 80 156 
29 9 937 0 936 800 1673 896 80 156 
29 9 937 0 936 801 1673 896 80 156 
29 9 937 0 936 802 1676 896 80 156 
29 9 937 0 936 803 1678 896 80 156 
29 9 937 0 936 804 1678 896 80 156 
29 9 937 0 936 805 1681 899 80 156 
29 9 937 0 936 806 1684 899 80 156 
29 9 937 0 936 807 1684 899 80 156 
29 9 937 0 936 808 1686 899 80 156 
29 9 937 0 936 809 1689 899 80 156 
29 9 937 0 936 810 1692 902 80 156 
29 9 937 0 936 811 1692 902 80 156 
29 9 937 0 936 812 1694 902 80 156 
29 9 937 0 936 813 1694 902 80 156 
29 9 937 0 936 814 1697 904 80 156 
29 9 937 0 936 815 1697 904 80 156 
29 9 937 0 936 816 1700 904 80 156 
29 9 937 0 936 817 1700 907 80 156 
29 9 937 0 936 818 1702 907 80 156 
29 9 937 0 936 819 1702 907 80 156 
29 9 937 0 936 820 1705 910 80 156 
29 9 937 0 936 821 1705 910 80 156 
29 9 937 0 936 822 1708 910 80 156 
29 9 937 0 936 823 1708 910 80 156 
29 9 937 0 936 824 1710 912 80 156 
29 9 937 0 936 825 1710 912 80 156 
29 9 937 0 936 826 1713 912 80 156 
29 9 937 0 936 827 1713 915 80 156 
29 9 937 0 936 828 1716 915 80 156 
29 9 937 0 936 829 1716 915 80 156 
29 9 937 0 936 830 1718 918 80 156 
29 9 937 0 936 831 1718 918 80 156 
29 9 937 0 936 832 1721 920 80 156 
29 9 937 0 936 833 1724 920 80 156 
29 9 937 0 936 834 1726 923 80 156 
29 9 937 0 936 835 1729 926 80 153 
29 9 937 0 936 836 1732 926 80 153 
29 9 937 0 936 837 1734 928 80 151 
29 9 937 0 936 838 1737 928 80 151 
29 9 937 0 936 839 1740 931 80 148 
29 9 937 0 936 840 1742 934 80 145 
29 9 937 0 936 841 1742 934 80 145 
29 9 937 0 936 842 1745 934 80 145 
29 9 937 0 936 843 1748 934 80 145 
29 9 937 0 936 844 1748 934 80 145 
29 9 937 0 936 845 1750 936 80 143 
29 9 937 0 936 846 1753 936 80 143 
29 9 937 0 936 847 1753 936 80 143 
29 9 937 0 936 848 1756 936 80 143 
29 9 937 0 936 849 1758 936 80 143 
29 9 937 0 936 850 1761 939 80 140 
29 9 937 0 936 851 1761 939 80 140 
29 9 937 0 936 852 1764 939 80 140 
29 9 937 0 936 853 1766 939 80 140 
29 9 937 0 936 854 1766 939 80 140 
29 9 937 0 936 855 1769 942 80 137 
29 9 937 0 936 856 1772 942 80 137 
29 9 937 0 936 857 1772 942 80 137 
29 9 937 0 936 858 1774 942 80 137 
29 9 937 0 936 859 1777 942 80 137 
29 9 937 0 936 860 1780 944 80 135 
29 9 937 0 936 861 1780 944 80 135 
29 9 937 0 936 862 1782 947 80 131 
29 9 937 0 936 863 1785 947 80 131 
29 9 937 0 936 864 1785 951 80 127 
29 9 937 0 936 865 1788 954 80 125 
29 9 937 0 936 866 1790 954 80 125 
29 9 937 0 936 867 1790 957 80 121 
29 9 937 0 936 868 1793 957 80 121 
29 9 937 0 936 869 1796 961 80 117 
29 9 937 0 936 870 1798 963 80 115 
29 9 937 0 936 871 1798 963 80 115 
29 9 937 0 936 872 1801 963 80 115 
29 9 937 0 936 873 1801 963 80 115 
29 9 937 0 936 874 1804 963 80 115 
29 9 937 0 936 875 1804 967 80 112 
29 9 937 0 936 876 1806 967 80 112 
29 9 937 0 936 877 1806 967 80 112 
29 9 937 0 936 878 1809 967 80 112 
29 9 937 0 936 879 1809 967 80 112 
29 9 937 0 936 880 1812 970 80 108 
29 9 937 0 936 881 1812 970 80 108 
29 9 937 0 936 882 1814 970 80 108 
29 9 937 0 936 883 1814 970 80 108 
29 9 937 0 936 884 1817 970 80 108 
29 9 937 0 936 885 1820 973 80 105 
29 9 937 0 936 886 1820 973 80 105 
29 9 937 0 936 887 1822 973 80 105 
29 9 937 0 936 888 1822 973 80 105 
29 9 937 0 936 889 1825 973 80 105 
29 9 937 0 936 890 1828 977 80 102 
29 9 937 0 936 891 1828 977 80 102 
29 9 937 0 936 892 1828 977 80 102 
29 9 937 0 936 893 1828 977 80 102 
29 9 937 0 936 894 1828 977 80 102 
29 9 937 0 936 895 1830 977 80 102 
29 9 937 0 936 896 1830 977 80 102 
29 9 937 0 936 897 1830 977 80 102 
29 9 937 0 936 898 1830 977 80 102 
29 9 937 0 936 899 1830 977 80 102 
29 9 937 0 936 900 1833 977 80 102 
29 9 937 0 936 901 1833 977 80 102 
29 9 937 0 936 902 1833 977 80 102 
29 9 937 0 936 903 1837 977 74 102 
29 9 937 0 936 904 1836 977 80 102 
29 9 937 0 936 905 1839 977 76 102 
29 9 937 0 936 906 1839 980 76 98 
29 9 937 0 936 907 1842 980 74 98 
29 9 937 0 936 908 1842 980 74 98 
29 9 937 0 936 909 1847 980 68 98 
29 9 937 0 936 910 1847 980 68 98 
29 9 937 0 936 911 1848 980 70 98 
29 9 937 0 936 912 1848 983 70 95 
29 9 937 0 936 913 1853 983 64 95 
29 9 937 0 936 914 1851 983 67 95 
29 9 937 0 936 915 1851 983 67 95 
29 9 937 0 936 916 1856 983 63 95 
29 9 937 0 936 917 1856 987 63 92 
29 9 937 0 936 918 1858 987 61 92 
29 9 937 0 936 919 1858 987 61 92 
29 9 937 0 936 920 1862 987 56 92 
29 9 937 0 936 921 1861 987 58 92 
29 9 937 0 936 922 1865 987 53 92 
29 9 937 0 936 923 1865 990 53 88 
29 9 937 0 936 924 1868 990 50 88 
29 9 937 0 936 925 1867 990 52 88 
29 9 937 0 936 926 1871 990 47 88 
29 9 937 0 936 927 1871 990 47 88 
29 9 937 0 936 928 1875 993 44 85 
29 9 937 0 936 929 1878 997 41 82 
29 9 937 0 936 930 1882 1000 36 78 
29 9 937 0 936 931 1887 1007 32 72 
29 9 937 0 936 932 1890 1010 29 68 
29 9 937 0 936 933 1894 1017 24 62 
29 9 937 0 936 934 1894 1017 24 62 
29 9 937 0 936 935 1894 1017 24 62 
29 9 937 0 936 936 1894 1017 24 62 
30 9 900 0 899 0 1163 342 60 108 
30 9 900 0 899 1 1163 342 60 108 
30 9 900 0 899 2 1163 342 60 108 
30 9 900 0 899 3 1163 342 60 108 
30 9 900 0 899 4 1163 342 60 108 
30 9 900 0 899 5 1166 342 58 108 
30 9 900 0 899 6 1166 344 58 108 
30 9 900 0 899 7 1166 344 58 108 
30 9 900 0 899 8 1166 344 58 108 
30 9 900 0 899 9 1166 344 58 108 
30 9 900 0 899 10 1169 344 58 108 
30 9 900 0 899 11 1169 344 58 108 
30 9 900 0 899 12 1169 347 58 108 
30 9 900 0 899 13 1169 347 58 108 
30 9 900 0 899 14 1169 347 58 108 
30 9 900 0 899 15 1171 347 60 108 
30 9 900 0 899 16 1171 347 60 108 
30 9 900 0 899 17 1171 347 60 108 
30 9 900 0 899 18 1171 350 60 108 
30 9 900 0 899 19 1171 350 60 108 
30 9 900 0 899 20 1174 350 58 108 
30 9 900 0 899 21 1174 350 58 108 
30 9 900 0 899 22 1174 350 58 108 
30 9 900 0 899 23 1174 350 58 108 
30 9 900 0 899 24 1177 352 58 108 
30 9 900 0 899 25 1177 352 58 108 
30 9 900 0 899 26 1177 352 58 108 
30 9 900 0 899 27 1177 352 58 108 
30 9 900 0 899 28 1177 352 58 108 
30 9 900 0 899 29 1179 352 60 108 
30 9 900 0 899 30 1179 355 60 108 
30 9 900 0 899 31 1179 355 60 108 
30 9 900 0 899 32 1179 355 60 108 
30 9 900 0 899 33 1179 355 60 108 
30 9 900 0 899 34 1182 355 58 108 
30 9 900 0 899 35 1182 358 58 108 
30 9 900 0 899 36 1182 358 58 108 
30 9 900 0 899 37 1182 358 58 108 
30 9 900 0 899 38 1182 358 58 108 
30 9 900 0 899 39 1185 358 58 108 
30 9 900 0 899 40 1185 358 58 108 
30 9 900 0 899 41 1185 360 58 108 
30 9 900 0 899 42 1185 360 58 108 
30 9 900 0 899 43 1187 360 60 108 
30 9 900 0 899 44 1187 360 60 108 
30 9 900 0 899 45 1187 360 60 108 
30 9 900 0 899 46 1187 360 60 108 
30 9 900 0 899 47 1187 363 60 108 
30 9 900 0 899 48 1190 363 58 108 
30 9 900 0 899 49 1190 363 58 108 
30 9 900 0 899 50 1190 363 58 108 
30 9 900 0 899 51 1190 363 58 108 
30 9 900 0 899 52 1190 363 58 108 
30 9 900 0 899 53 1193 366 58 108 
30 9 900 0 899 54 1193 366 58 108 
30 9 900 0 899 55 1193 366 58 108 
30 9 900 0 899 56 1193 366 58 108 
30 9 900 0 899 57 1193 366 58 108 
30 9 900 0 899 58 1195 366 60 108 
30 9 900 0 899 59 1195 368 60 108 
30 9 900 0 899 60 1195 368 60 108 
30 9 900 0 899 61 1195 368 60 108 
30 9 900 0 899 62 1195 368 60 108 
30 9 900 0 899 63 1198 368 58 108 
30 9 900 0 899 64 1198 368 58 108 
30 9 900 0 899 65 1198 371 58 108 
30 9 900 0 899 66 1198 371 58 108 
30 9 900 0 899 67 1201 371 58 108 
30 9 900 0 899 68 1201 371 58 108 
30 9 900 0 899 69 1201 371 58 108 
30 9 900 0 899 70 1201 374 58 108 
30 9 900 0 899 71 1201 374 58 108 
30 9 900 0 899 72 1203 374 60 108 
30 9 900 0 899 73 1203 374 60 108 
30 9 900 0 899 74 1203 374 60 108 
30 9 900 0 899 75 1203 374 60 108 
30 9 900 0 899 76 1203 376 60 108 
30 9 900 0 899 77 1206 376 58 108 
30 9 900 0 899 78 1206 376 58 108 
30 9 900 0 899 79 1206 376 58 108 
30 9 900 0 899 80 1206 376 58 108 
30 9 900 0 899 81 1206 376 58 108 
30 9 900 0 899 82 1209 379 58 108 
30 9 900 0 899 83 1209 379 58 108 
30 9 900 0 899 84 1209 379 58 108 
30 9 900 0 899 85 1209 379 58 108 
30 9 900 0 899 86 1211 379 60 108 
30 9 900 0 899 87 1211 379 60 108 
30 9 900 0 899 88 1211 382 60 108 
30 9 900 0 899 89 1211 382 60 108 
30 9 900 0 899 90 1211 382 60 108 
30 9 900 0 899 91 1214 382 58 108 
30 9 900 0 899 92 1214 382 58 108 
30 9 900 0 899 93 1214 382 58 108 
30 9 900 0 899 94 1214 384 58 108 
30 9 900 0 899 95 1214 384 58 108 
30 9 900 0 899 96 1217 384 58 108 
30 9 900 0 899 97 1217 384 58 108 
30 9 900 0 899 98 1217 384 58 108 
30 9 900 0 899 99 1217 384 58 108 
30 9 900 0 899 100 1217 387 58 108 
30 9 900 0 899 101 1219 387 60 108 
30 9 900 0 899 102 1219 387 60 108 
30 9 900 0 899 103 1219 387 60 108 
30 9 900 0 899 104 1219 387 60 108 
30 9 900 0 899 105 1222 390 58 108 
30 9 900 0 899 106 1222 390 58 108 
30 9 900 0 899 107 1222 390 58 108 
30 9 900 0 899 108 1222 390 58 108 
30 9 900 0 899 109 1222 392 58 108 
30 9 900 0 899 110 1225 392 58 108 
30 9 900 0 899 111 1225 392 58 108 
30 9 900 0 899 112 1225 391 58 112 
30 9 900 0 899 113 1225 395 58 108 
30 9 900 0 899 114 1224 395 64 108 
30 9 900 0 899 115 1227 395 60 108 
30 9 900 0 899 116 1227 398 60 108 
30 9 900 0 899 117 1227 398 60 108 
30 9 900 0 899 118 1227 398 60 108 
30 9 900 0 899 119 1226 397 64 111 
30 9 900 0 899 120 1230 400 58 108 
30 9 900 0 899 121 1230 400 58 108 
30 9 900 0 899 122 1230 400 58 108 
30 9 900 0 899 123 1229 399 64 112 
30 9 900 0 899 124 1229 403 64 108 
30 9 900 0 899 125 1233 403 58 108 
30 9 900 0 899 126 1233 402 58 112 
30 9 900 0 899 127 1232 406 64 108 
30 9 900 0 899 128 1232 406 64 108 
30 9 900 0 899 129 1232 406 64 108 
30 9 900 0 899 130 1235 405 60 111 
30 9 900 0 899 131 1235 408 60 108 
30 9 900 0 899 132 1234 408 64 108 
30 9 900 0 899 133 1234 407 64 112 
30 9 900 0 899 134 1238 411 58 108 
30 9 900 0 899 135 1238 411 58 108 
30 9 900 0 899 136 1237 411 64 108 
30 9 900 0 899 137 1237 410 64 112 
30 9 900 0 899 138 1237 414 64 108 
30 9 900 0 899 139 1241 414 58 108 
30 9 900 0 899 140 1241 413 58 111 
30 9 900 0 899 141 1240 413 64 111 
30 9 900 0 899 142 1240 416 64 108 
30 9 900 0 899 143 1240 416 64 108 
30 9 900 0 899 144 1243 415 60 112 
30 9 900 0 899 145 1242 419 64 108 
30 9 900 0 899 146 1242 419 64 108 
30 9 900 0 899 147 1242 418 64 112 
30 9 900 0 899 148 1242 418 64 112 
30 9 900 0 899 149 1245 422 64 108 
30 9 900 0 899 150 1245 422 64 108 
30 9 900 0 899 151 1245 421 64 111 
30 9 900 0 899 152 1245 424 64 108 
30 9 900 0 899 153 1245 424 64 108 
30 9 900 0 899 154 1248 423 64 112 
30 9 900 0 899 155 1248 423 64 112 
30 9 900 0 899 156 1248 427 64 108 
30 9 900 0 899 157 1248 427 64 108 
30 9 900 0 899 158 1250 426 64 112 
30 9 900 0 899 159 1250 426 64 112 
30 9 900 0 899 160 1250 430 64 108 
30 9 900 0 899 161 1250 429 64 111 
30 9 900 0 899 162 1250 429 64 111 
30 9 900 0 899 163 1253 432 64 108 
30 9 900 0 899 164 1253 432 64 108 
30 9 900 0 899 165 1253 431 64 112 
30 9 900 0 899 166 1253 431 64 112 
30 9 900 0 899 167 1251 435 70 108 
30 9 900 0 899 168 1256 434 64 112 
30 9 900 0 899 169 1256 434 64 112 
30 9 900 0 899 170 1256 438 64 108 
30 9 900 0 899 171 1255 438 68 108 
30 9 900 0 899 172 1255 437 68 111 
30 9 900 0 899 173 1258 437 64 111 
30 9 900 0 899 174 1258 440 64 108 
30 9 900 0 899 175 1258 439 64 112 
30 9 900 0 899 176 1256 439 70 112 
30 9 900 0 899 177 1256 439 70 112 
30 9 900 0 899 178 1261 443 64 108 
30 9 900 0 899 179 1261 442 64 112 
30 9 900 0 899 180 1259 442 70 112 
30 9 900 0 899 181 1259 446 70 108 
30 9 900 0 899 182 1264 445 64 111 
30 9 900 0 899 183 1264 445 64 111 
30 9 900 0 899 184 1264 445 64 111 
30 9 900 0 899 185 1263 448 68 108 
30 9 900 0 899 186 1263 447 68 112 
30 9 900 0 899 187 1266 447 64 112 
30 9 900 0 899 188 1266 451 64 108 
30 9 900 0 899 189 1264 450 70 112 
30 9 900 0 899 190 1264 450 70 112 
30 9 900 0 899 191 1264 450 70 112 
30 9 900 0 899 192 1269 454 64 108 
30 9 900 0 899 193 1267 453 70 111 
30 9 900 0 899 194 1267 453 70 111 
30 9 900 0 899 195 1267 453 70 111 
30 9 900 0 899 196 1267 455 70 112 
30 9 900 0 899 197 1272 455 64 112 
30 9 900 0 899 198 1271 455 68 112 
30 9 900 0 899 199 1271 459 68 108 
30 9 900 0 899 200 1271 458 68 112 
30 9 900 0 899 201 1271 458 68 112 
30 9 900 0 899 202 1272 458 70 112 
30 9 900 0 899 203 1272 461 70 111 
30 9 900 0 899 204 1272 461 70 111 
30 9 900 0 899 205 1272 461 70 111 
30 9 900 0 899 206 1275 463 70 112 
30 9 900 0 899 207 1275 463 70 112 
30 9 900 0 899 208 1275 463 70 112 
30 9 900 0 899 209 1275 463 70 112 
30 9 900 0 899 210 1275 463 70 112 
30 9 900 0 899 211 1275 466 70 112 
30 9 900 0 899 212 1279 466 68 112 
30 9 900 0 899 213 1279 466 68 112 
30 9 900 0 899 214 1279 466 68 112 
30 9 900 0 899 215 1279 469 68 111 
30 9 900 0 899 216 1279 469 68 111 
30 9 900 0 899 217 1279 469 68 111 
30 9 900 0 899 218 1280 469 70 111 
30 9 900 0 899 219 1280 469 70 111 
30 9 900 0 899 220 1280 471 70 112 
30 9 900 0 899 221 1280 471 70 112 
30 9 900 0 899 222 1280 471 70 112 
30 9 900 0 899 223 1280 471 70 112 
30 9 900 0 899 224 1283 474 70 112 
30 9 900 0 899 225 1283 474 70 112 
30 9 900 0 899 226 1283 474 70 112 
30 9 900 0 899 227 1283 474 70 112 
30 9 900 0 899 228 1283 477 70 111 
30 9 900 0 899 229 1287 477 68 111 
30 9 900 0 899 230 1287 477 68 111 
30 9 900 0 899 231 1287 477 68 111 
30 9 900 0 899 232 1287 477 68 111 
30 9 900 0 899 233 1287 479 68 112 
30 9 900 0 899 234 1287 479 68 112 
30 9 900 0 899 235 1288 479 70 112 
30 9 900 0 899 236 1288 479 70 112 
30 9 900 0 899 237 1288 482 70 112 
30 9 900 0 899 238 1288 482 70 112 
30 9 900 0 899 239 1288 482 70 112 
30 9 900 0 899 240 1288 482 70 112 
30 9 900 0 899 241 1291 482 70 112 
30 9 900 0 899 242 1291 485 70 111 
30 9 900 0 899 243 1291 485 70 111 
30 9 900 0 899 244 1291 485 70 111 
30 9 900 0 899 245 1291 485 70 111 
30 9 900 0 899 246 1291 487 70 112 
30 9 900 0 899 247 1295 487 68 112 
30 9 900 0 899 248 1295 487 68 112 
30 9 900 0 899 249 1295 487 68 112 
30 9 900 0 899 250 1295 490 68 112 
30 9 900 0 899 251 1295 490 68 112 
30 9 900 0 899 252 1296 490 70 112 
30 9 900 0 899 253 1296 490 70 112 
30 9 900 0 899 254 1296 490 70 112 
30 9 900 0 899 255 1296 493 70 111 
30 9 900 0 899 256 1296 493 70 111 
30 9 900 0 899 257 1296 493 70 111 
30 9 900 0 899 258 1299 493 70 111 
30 9 900 0 899 259 1299 495 70 112 
30 9 900 0 899 260 1299 495 70 112 
30 9 900 0 899 261 1299 495 70 112 
30 9 900 0 899 262 1299 495 70 112 
30 9 900 0 899 263 1299 498 70 112 
30 9 900 0 899 264 1303 498 68 112 
30 9 900 0 899 265 1303 498 68 112 
30 9 900 0 899 266 1303 498 68 112 
30 9 900 0 899 267 1303 498 68 112 
30 9 900 0 899 268 1303 501 68 111 
30 9 900 0 899 269 1303 501 68 111 
30 9 900 0 899 270 1304 501 70 111 
30 9 900 0 899 271 1304 501 70 111 
30 9 900 0 899 272 1304 503 70 112 
30 9 900 0 899 273 1304 503 70 112 
30 9 900 0 899 274 1304 503 70 112 
30 9 900 0 899 275 1307 503 70 112 
30 9 900 0 899 276 1307 503 70 112 
30 9 900 0 899 277 1307 506 70 112 
30 9 900 0 899 278 1307 506 70 112 
30 9 900 0 899 279 1307 506 70 112 
30 9 900 0 899 280 1307 506 70 112 
30 9 900 0 899 281 1311 509 68 111 
30 9 900 0 899 282 1311 509 68 111 
30 9 900 0 899 283 1311 509 68 111 
30 9 900 0 899 284 1311 509 68 111 
30 9 900 0 899 285 1311 511 68 112 
30 9 900 0 899 286 1311 511 68 112 
30 9 900 0 899 287 1312 511 70 112 
30 9 900 0 899 288 1312 511 70 112 
30 9 900 0 899 289 1312 511 70 112 
30 9 900 0 899 290 1312 514 70 112 
30 9 900 0 899 291 1312 514 70 112 
30 9 900 0 899 292 1312 514 70 112 
30 9 900 0 899 293 1315 514 70 112 
30 9 900 0 899 294 1315 517 70 111 
30 9 900 0 899 295 1315 517 70 111 
30 9 900 0 899 296 1315 517 70 111 
30 9 900 0 899 297 1315 517 70 111 
30 9 900 0 899 298 1319 519 68 112 
30 9 900 0 899 299 1319 519 68 112 
30 9 900 0 899 300 1319 519 68 112 
30 9 900 0 899 301 1319 519 68 112 
30 9 900 0 899 302 1319 519 68 112 
30 9 900 0 899 303 1319 519 68 112 
30 9 900 0 899 304 1320 522 70 112 
30 9 900 0 899 305 1320 522 70 112 
30 9 900 0 899 306 1320 522 70 112 
30 9 900 0 899 307 1320 521 70 115 
30 9 900 0 899 308 1323 525 70 111 
30 9 900 0 899 309 1323 525 70 111 
30 9 900 0 899 310 1323 525 70 111 
30 9 900 0 899 311 1323 524 70 115 
30 9 900 0 899 312 1327 527 68 112 
30 9 900 0 899 313 1327 527 68 112 
30 9 900 0 899 314 1327 526 68 117 
30 9 900 0 899 315 1327 526 68 117 
30 9 900 0 899 316 1328 530 70 112 
30 9 900 0 899 317 1328 529 70 115 
30 9 900 0 899 318 1328 529 70 115 
30 9 900 0 899 319 1327 529 76 115 
30 9 900 0 899 320 1331 533 70 111 
30 9 900 0 899 321 1331 532 70 115 
30 9 900 0 899 322 1331 532 70 115 
30 9 900 0 899 323 1330 532 74 115 
30 9 900 0 899 324 1335 534 68 117 
30 9 900 0 899 325 1335 534 68 117 
30 9 900 0 899 326 1335 534 68 117 
30 9 900 0 899 327 1333 537 74 115 
30 9 900 0 899 328 1336 537 70 115 
30 9 900 0 899 329 1336 537 70 115 
30 9 900 0 899 330 1336 537 70 115 
30 9 900 0 899 331 1335 540 76 115 
30 9 900 0 899 332 1339 540 70 115 
30 9 900 0 899 333 1339 540 70 115 
30 9 900 0 899 334 1339 540 70 120 
30 9 900 0 899 335 1338 542 74 117 
30 9 900 0 899 336 1343 542 68 117 
30 9 900 0 899 337 1343 542 68 120 
30 9 900 0 899 338 1341 542 74 120 
30 9 900 0 899 339 1341 545 74 115 
30 9 900 0 899 340 1344 545 70 115 
30 9 900 0 899 341 1344 545 70 120 
30 9 900 0 899 342 1343 545 76 120 
30 9 900 0 899 343 1343 548 76 115 
30 9 900 0 899 344 1347 548 70 120 
30 9 900 0 899 345 1347 548 70 120 
30 9 900 0 899 346 1346 548 74 120 
30 9 900 0 899 347 1346 550 74 120 
30 9 900 0 899 348 1351 550 68 120 
30 9 900 0 899 349 1351 550 68 120 
30 9 900 0 899 350 1349 550 74 120 
30 9 900 0 899 351 1349 553 74 120 
30 9 900 0 899 352 1352 553 70 120 
30 9 900 0 899 353 1352 553 70 120 
30 9 900 0 899 354 1351 556 76 120 
30 9 900 0 899 355 1351 556 76 120 
30 9 900 0 899 356 1355 556 70 120 
30 9 900 0 899 357 1354 555 74 123 
30 9 900 0 899 358 1354 558 74 120 
30 9 900 0 899 359 1354 558 74 120 
30 9 900 0 899 360 1359 558 68 120 
30 9 900 0 899 361 1357 557 74 124 
30 9 900 0 899 362 1357 561 74 120 
30 9 900 0 899 363 1357 561 74 120 
30 9 900 0 899 364 1360 560 70 124 
30 9 900 0 899 365 1359 560 76 124 
30 9 900 0 899 366 1359 564 76 120 
30 9 900 0 899 367 1359 563 76 123 
30 9 900 0 899 368 1363 563 70 123 
30 9 900 0 899 369 1362 563 74 123 
30 9 900 0 899 370 1362 566 74 120 
30 9 900 0 899 371 1362 565 74 124 
30 9 900 0 899 372 1365 565 74 124 
30 9 900 0 899 373 1365 565 74 124 
30 9 900 0 899 374 1365 568 74 124 
30 9 900 0 899 375 1365 568 74 124 
30 9 900 0 899 376 1367 568 76 124 
30 9 900 0 899 377 1367 571 76 123 
30 9 900 0 899 378 1367 571 76 123 
30 9 900 0 899 379 1367 571 76 123 
30 9 900 0 899 380 1370 571 74 123 
30 9 900 0 899 381 1370 573 74 124 
30 9 900 0 899 382 1370 573 74 124 
30 9 900 0 899 383 1370 573 74 124 
30 9 900 0 899 384 1373 572 74 129 
30 9 900 0 899 385 1373 576 74 124 
30 9 900 0 899 386 1373 576 74 124 
30 9 900 0 899 387 1373 576 74 124 
30 9 900 0 899 388 1375 575 76 127 
30 9 900 0 899 389 1375 579 76 123 
30 9 900 0 899 390 1375 579 76 123 
30 9 900 0 899 391 1374 578 80 127 
30 9 900 0 899 392 1378 578 74 127 
30 9 900 0 899 393 1378 581 74 124 
30 9 900 0 899 394 1378 580 74 129 
30 9 900 0 899 395 1377 580 80 129 
30 9 900 0 899 396 1381 580 74 129 
30 9 900 0 899 397 1381 584 74 124 
30 9 900 0 899 398 1381 583 74 127 
30 9 900 0 899 399 1380 583 80 127 
30 9 900 0 899 400 1383 583 76 127 
30 9 900 0 899 401 1383 586 76 127 
30 9 900 0 899 402 1383 586 76 127 
30 9 900 0 899 403 1382 586 80 127 
30 9 900 0 899 404 1386 588 74 129 
30 9 900 0 899 405 1386 588 74 129 
30 9 900 0 899 406 1386 588 74 129 
30 9 900 0 899 407 1385 588 80 129 
30 9 900 0 899 408 1389 591 74 127 
30 9 900 0 899 409 1389 591 74 127 
30 9 900 0 899 410 1388 591 80 127 
30 9 900 0 899 411 1388 591 80 132 
30 9 900 0 899 412 1391 594 76 127 
30 9 900 0 899 413 1391 594 76 127 
30 9 900 0 899 414 1390 594 80 132 
30 9 900 0 899 415 1390 594 80 132 
30 9 900 0 899 416 1394 596 74 129 
30 9 900 0 899 417 1394 596 74 129 
30 9 900 0 899 418 1393 596 80 132 
30 9 900 0 899 419 1393 596 80 132 
30 9 900 0 899 420 1397 599 74 127 
30 9 900 0 899 421 1397 599 74 132 
30 9 900 0 899 422 1396 599 80 132 
30 9 900 0 899 423 1396 599 80 132 
30 9 900 0 899 424 1399 602 76 132 
30 9 900 0 899 425 1398 602 80 132 
30 9 900 0 899 426 1398 602 80 132 
30 9 900 0 899 427 1398 602 80 132 
30 9 900 0 899 428 1402 604 74 132 
30 9 900 0 899 429 1401 604 80 132 
30 9 900 0 899 430 1401 604 80 132 
30 9 900 0 899 431 1401 607 80 132 
30 9 900 0 899 432 1405 607 74 132 
30 9 900 0 899 433 1404 607 80 132 
30 9 900 0 899 434 1404 606 80 136 
30 9 900 0 899 435 1404 610 80 132 
30 9 900 0 899 436 1407 610 76 132 
30 9 900 0 899 437 1406 610 80 132 
30 9 900 0 899 438 1406 609 80 135 
30 9 900 0 899 439 1406 612 80 132 
30 9 900 0 899 440 1410 612 74 132 
30 9 900 0 899 441 1409 611 80 136 
30 9 900 0 899 442 1409 611 80 136 
30 9 900 0 899 443 1409 615 80 132 
30 9 900 0 899 444 1412 614 80 136 
30 9 900 0 899 445 1412 614 80 136 
30 9 900 0 899 446 1412 614 80 136 
30 9 900 0 899 447 1412 618 80 132 
30 9 900 0 899 448 1414 617 80 135 
30 9 900 0 899 449 1414 617 80 135 
30 9 900 0 899 450 1414 617 80 135 
30 9 900 0 899 451 1414 619 80 136 
30 9 900 0 899 452 1417 619 80 136 
30 9 900 0 899 453 1417 619 80 136 
30 9 900 0 899 454 1417 622 80 136 
30 9 900 0 899 455 1417 622 80 136 
30 9 900 0 899 456 1420 622 80 136 
30 9 900 0 899 457 1420 622 80 136 
30 9 900 0 899 458 1420 625 80 135 
30 9 900 0 899 459 1420 625 80 135 
30 9 900 0 899 460 1422 625 80 135 
30 9 900 0 899 461 1422 624 80 139 
30 9 900 0 899 462 1422 627 80 136 
30 9 900 0 899 463 1420 627 86 136 
30 9 900 0 899 464 1425 627 80 136 
30 9 900 0 899 465 1425 626 80 141 
30 9 900 0 899 466 1425 630 80 136 
30 9 900 0 899 467 1423 630 86 136 
30 9 900 0 899 468 1428 629 80 139 
30 9 900 0 899 469 1428 629 80 139 
30 9 900 0 899 470 1428 633 80 135 
30 9 900 0 899 471 1427 632 84 139 
30 9 900 0 899 472 1430 632 80 139 
30 9 900 0 899 473 1430 632 80 139 
30 9 900 0 899 474 1430 635 80 136 
30 9 900 0 899 475 1428 634 86 141 
30 9 900 0 899 476 1433 634 80 141 
30 9 900 0 899 477 1433 634 80 141 
30 9 900 0 899 478 1431 637 86 139 
30 9 900 0 899 479 1431 637 86 139 
30 9 900 0 899 480 1436 637 80 139 
30 9 900 0 899 481 1436 640 80 139 
30 9 900 0 899 482 1435 640 84 139 
30 9 900 0 899 483 1435 640 84 139 
30 9 900 0 899 484 1438 640 80 139 
30 9 900 0 899 485 1438 642 80 141 
30 9 900 0 899 486 1436 642 86 141 
30 9 900 0 899 487 1436 642 86 141 
30 9 900 0 899 488 1441 642 80 144 
30 9 900 0 899 489 1441 645 80 139 
30 9 900 0 899 490 1439 645 86 139 
30 9 900 0 899 491 1439 645 86 144 
30 9 900 0 899 492 1444 645 80 144 
30 9 900 0 899 493 1444 648 80 139 
30 9 900 0 899 494 1443 648 84 139 
30 9 900 0 899 495 1443 648 84 144 
30 9 900 0 899 496 1446 648 80 144 
30 9 900 0 899 497 1444 650 86 141 
30 9 900 0 899 498 1444 650 86 144 
30 9 900 0 899 499 1444 650 86 144 
30 9 900 0 899 500 1449 650 80 144 
30 9 900 0 899 501 1447 653 86 144 
30 9 900 0 899 502 1447 653 86 144 
30 9 900 0 899 503 1447 653 86 144 
30 9 900 0 899 504 1452 653 80 144 
30 9 900 0 899 505 1451 656 84 144 
30 9 900 0 899 506 1451 656 84 144 
30 9 900 0 899 507 1451 656 84 144 
30 9 900 0 899 508 1454 658 80 144 
30 9 900 0 899 509 1452 658 86 144 
30 9 900 0 899 510 1452 658 86 144 
30 9 900 0 899 511 1452 657 86 148 
30 9 900 0 899 512 1457 661 80 144 
30 9 900 0 899 513 1455 661 86 144 
30 9 900 0 899 514 1455 661 86 144 
30 9 900 0 899 515 1455 660 86 148 
30 9 900 0 899 516 1459 664 84 144 
30 9 900 0 899 517 1459 664 84 144 
30 9 900 0 899 518 1459 663 84 147 
30 9 900 0 899 519 1459 663 84 147 
30 9 900 0 899 520 1460 666 86 144 
30 9 900 0 899 521 1460 665 86 148 
30 9 900 0 899 522 1460 665 86 148 
30 9 900 0 899 523 1460 665 86 148 
30 9 900 0 899 524 1463 669 86 144 
30 9 900 0 899 525 1463 668 86 148 
30 9 900 0 899 526 1463 668 86 148 
30 9 900 0 899 527 1463 668 86 148 
30 9 900 0 899 528 1467 671 84 147 
30 9 900 0 899 529 1467 671 84 147 
30 9 900 0 899 530 1467 671 84 147 
30 9 900 0 899 531 1468 673 86 148 
30 9 900 0 899 532 1468 673 86 148 
30 9 900 0 899 533 1468 673 86 148 
30 9 900 0 899 534 1471 673 86 148 
30 9 900 0 899 535 1471 672 86 153 
30 9 900 0 899 536 1471 676 86 148 
30 9 900 0 899 537 1475 676 84 148 
30 9 900 0 899 538 1475 676 84 148 
30 9 900 0 899 539 1476 675 86 151 
30 9 900 0 899 540 1476 679 86 147 
30 9 900 0 899 541 1476 679 86 147 
30 9 900 0 899 542 1479 679 86 147 
30 9 900 0 899 543 1479 678 86 151 
30 9 900 0 899 544 1479 681 86 148 
30 9 900 0 899 545 1483 681 84 148 
30 9 900 0 899 546 1483 681 84 148 
30 9 900 0 899 547 1484 680 86 153 
30 9 900 0 899 548 1484 680 86 153 
30 9 900 0 899 549 1484 684 86 148 
30 9 900 0 899 550 1487 684 86 148 
30 9 900 0 899 551 1487 683 86 151 
30 9 900 0 899 552 1487 683 86 151 
30 9 900 0 899 553 1491 687 84 147 
30 9 900 0 899 554 1491 686 84 151 
30 9 900 0 899 555 1492 686 86 151 
30 9 900 0 899 556 1492 686 86 151 
30 9 900 0 899 557 1492 689 86 148 
30 9 900 0 899 558 1495 688 86 153 
30 9 900 0 899 559 1495 688 86 153 
30 9 900 0 899 560 1495 688 86 153 
30 9 900 0 899 561 1499 688 84 153 
30 9 900 0 899 562 1499 691 84 151 
30 9 900 0 899 563 1500 691 86 151 
30 9 900 0 899 564 1500 691 86 151 
30 9 900 0 899 565 1500 691 86 151 
30 9 900 0 899 566 1503 694 86 151 
30 9 900 0 899 567 1503 694 86 151 
30 9 900 0 899 568 1503 694 86 151 
30 9 900 0 899 569 1507 694 84 151 
30 9 900 0 899 570 1507 696 84 153 
30 9 900 0 899 571 1508 696 86 153 
30 9 900 0 899 572 1508 696 86 153 
30 9 900 0 899 573 1508 696 86 153 
30 9 900 0 899 574 1511 696 86 156 
30 9 900 0 899 575 1511 699 86 151 
30 9 900 0 899 576 1511 699 86 151 
30 9 900 0 899 577 1515 699 84 156 
30 9 900 0 899 578 1515 699 84 156 
30 9 900 0 899 579 1516 702 86 151 
30 9 900 0 899 580 1516 702 86 151 
30 9 900 0 899 581 1516 702 86 156 
30 9 900 0 899 582 1519 702 86 156 
30 9 900 0 899 583 1519 704 86 153 
30 9 900 0 899 584 1519 704 86 153 
30 9 900 0 899 585 1523 704 84 156 
30 9 900 0 899 586 1523 704 84 156 
30 9 900 0 899 587 1524 704 86 156 
30 9 900 0 899 588 1524 707 86 151 
30 9 900 0 899 589 1524 707 86 156 
30 9 900 0 899 590 1527 707 86 156 
30 9 900 0 899 591 1527 707 86 156 
30 9 900 0 899 592 1527 710 86 151 
30 9 900 0 899 593 1531 710 84 156 
30 9 900 0 899 594 1531 710 84 156 
30 9 900 0 899 595 1532 710 86 156 
30 9 900 0 899 596 1532 712 86 153 
30 9 900 0 899 597 1532 712 86 156 
30 9 900 0 899 598 1535 712 86 156 
30 9 900 0 899 599 1535 712 86 156 
30 9 900 0 899 600 1539 715 84 156 
30 9 900 0 899 601 1539 715 84 156 
30 9 900 0 899 602 1539 718 84 156 
30 9 900 0 899 603 1539 720 84 156 
30 9 900 0 899 604 1539 723 84 156 
30 9 900 0 899 605 1539 726 84 156 
30 9 900 0 899 606 1539 725 84 159 
30 9 900 0 899 607 1539 727 84 160 
30 9 900 0 899 608 1539 730 84 160 
30 9 900 0 899 609 1539 733 84 159 
30 9 900 0 899 610 1537 735 90 160 
30 9 900 0 899 611 1537 735 90 160 
30 9 900 0 899 612 1539 735 92 160 
30 9 900 0 899 613 1539 735 92 160 
30 9 900 0 899 614 1542 735 90 160 
30 9 900 0 899 615 1545 738 90 160 
30 9 900 0 899 616 1545 738 90 160 
30 9 900 0 899 617 1547 738 92 160 
30 9 900 0 899 618 1547 738 92 160 
30 9 900 0 899 619 1550 738 90 160 
30 9 900 0 899 620 1553 741 90 159 
30 9 900 0 899 621 1553 741 90 159 
30 9 900 0 899 622 1553 741 90 159 
30 9 900 0 899 623 1555 741 92 159 
30 9 900 0 899 624 1555 743 92 160 
30 9 900 0 899 625 1558 743 90 160 
30 9 900 0 899 626 1558 743 90 160 
30 9 900 0 899 627 1558 746 90 160 
30 9 900 0 899 628 1561 746 90 160 
30 9 900 0 899 629 1561 746 90 160 
30 9 900 0 899 630 1563 749 92 159 
30 9 900 0 899 631 1563 749 92 159 
30 9 900 0 899 632 1566 749 90 159 
30 9 900 0 899 633 1569 749 90 159 
30 9 900 0 899 634 1569 751 90 160 
30 9 900 0 899 635 1571 751 92 160 
30 9 900 0 899 636 1574 751 90 160 
30 9 900 0 899 637 1574 754 90 160 
30 9 900 0 899 638 1577 754 90 160 
30 9 900 0 899 639 1579 754 92 160 
30 9 900 0 899 640 1582 757 90 159 
30 9 900 0 899 641 1582 757 90 159 
30 9 900 0 899 642 1582 757 90 159 
30 9 900 0 899 643 1585 757 90 159 
30 9 900 0 899 644 1585 757 90 159 
30 9 900 0 899 645 1587 757 92 159 
30 9 900 0 899 646 1587 757 92 159 
30 9 900 0 899 647 1587 757 92 159 
30 9 900 0 899 648 1590 757 90 159 
30 9 900 0 899 649 1590 757 90 159 
30 9 900 0 899 650 1593 757 90 159 
30 9 900 0 899 651 1595 757 92 159 
30 9 900 0 899 652 1598 759 90 160 
30 9 900 0 899 653 1601 762 90 160 
30 9 900 0 899 654 1603 765 92 159 
30 9 900 0 899 655 1606 767 90 160 
30 9 900 0 899 656 1609 767 90 160 
30 9 900 0 899 657 1611 770 92 160 
30 9 900 0 899 658 1614 773 90 159 
30 9 900 0 899 659 1617 775 90 160 
30 9 900 0 899 660 1619 778 92 160 
30 9 900 0 899 661 1619 775 92 160 
30 9 900 0 899 662 1622 775 90 160 
30 9 900 0 899 663 1622 775 90 160 
30 9 900 0 899 664 1625 775 90 160 
30 9 900 0 899 665 1625 775 90 160 
30 9 900 0 899 666 1627 775 92 160 
30 9 900 0 899 667 1627 775 92 160 
30 9 900 0 899 668 1630 775 90 160 
30 9 900 0 899 669 1630 775 90 160 
30 9 900 0 899 670 1633 775 90 160 
30 9 900 0 899 671 1633 775 90 160 
30 9 900 0 899 672 1633 775 90 160 
30 9 900 0 899 673 1635 778 92 160 
30 9 900 0 899 674 1635 778 92 160 
30 9 900 0 899 675 1638 781 90 159 
30 9 900 0 899 676 1638 781 90 159 
30 9 900 0 899 677 1638 781 90 159 
30 9 900 0 899 678 1641 783 90 160 
30 9 900 0 899 679 1641 783 90 160 
30 9 900 0 899 680 1643 786 92 160 
30 9 900 0 899 681 1643 786 92 160 
30 9 900 0 899 682 1643 786 92 160 
30 9 900 0 899 683 1643 789 92 159 
30 9 900 0 899 684 1646 789 90 159 
30 9 900 0 899 685 1646 791 90 160 
30 9 900 0 899 686 1646 791 90 160 
30 9 900 0 899 687 1649 791 90 160 
30 9 900 0 899 688 1649 794 90 160 
30 9 900 0 899 689 1649 794 90 160 
30 9 900 0 899 690 1651 797 92 159 
30 9 900 0 899 691 1651 797 92 159 
30 9 900 0 899 692 1651 797 92 159 
30 9 900 0 899 693 1651 797 92 159 
30 9 900 0 899 694 1651 797 92 159 
30 9 900 0 899 695 1654 797 90 159 
30 9 900 0 899 696 1654 797 90 159 
30 9 900 0 899 697 1654 797 90 159 
30 9 900 0 899 698 1654 797 90 159 
30 9 900 0 899 699 1654 797 90 159 
30 9 900 0 899 700 1657 799 90 160 
30 9 900 0 899 701 1657 799 90 160 
30 9 900 0 899 702 1657 802 90 160 
30 9 900 0 899 703 1657 802 90 160 
30 9 900 0 899 704 1657 805 90 159 
30 9 900 0 899 705 1657 805 90 159 
30 9 900 0 899 706 1657 807 90 160 
30 9 900 0 899 707 1657 807 90 160 
30 9 900 0 899 708 1657 810 90 160 
30 9 900 0 899 709 1657 810 90 160 
30 9 900 0 899 710 1657 813 90 159 
30 9 900 0 899 711 1657 813 90 159 
30 9 900 0 899 712 1657 813 90 159 
30 9 900 0 899 713 1657 813 90 159 
30 9 900 0 899 714 1657 813 90 159 
30 9 900 0 899 715 1657 815 90 160 
30 9 900 0 899 716 1657 815 90 160 
30 9 900 0 899 717 1657 815 90 160 
30 9 900 0 899 718 1657 815 90 160 
30 9 900 0 899 719 1657 815 90 160 
30 9 900 0 899 720 1659 818 92 160 
30 9 900 0 899 721 1659 818 92 160 
30 9 900 0 899 722 1659 818 92 160 
30 9 900 0 899 723 1659 818 92 160 
30 9 900 0 899 724 1662 818 90 160 
30 9 900 0 899 725 1662 821 90 159 
30 9 900 0 899 726 1662 821 90 159 
30 9 900 0 899 727 1665 821 90 159 
30 9 900 0 899 728 1665 821 90 159 
30 9 900 0 899 729 1665 821 90 159 
30 9 900 0 899 730 1667 823 92 160 
30 9 900 0 899 731 1667 823 92 160 
30 9 900 0 899 732 1667 826 92 160 
30 9 900 0 899 733 1667 826 92 160 
30 9 900 0 899 734 1667 829 92 159 
30 9 900 0 899 735 1667 831 92 160 
30 9 900 0 899 736 1667 831 92 160 
30 9 900 0 899 737 1667 834 92 160 
30 9 900 0 899 738 1667 834 92 160 
30 9 900 0 899 739 1667 837 92 159 
30 9 900 0 899 740 1670 839 90 160 
30 9 900 0 899 741 1670 839 90 160 
30 9 900 0 899 742 1673 839 90 160 
30 9 900 0 899 743 1673 839 90 160 
30 9 900 0 899 744 1675 842 92 160 
30 9 900 0 899 745 1675 842 92 160 
30 9 900 0 899 746 1678 842 90 160 
30 9 900 0 899 747 1678 845 90 159 
30 9 900 0 899 748 1681 845 90 159 
30 9 900 0 899 749 1681 845 90 159 
30 9 900 0 899 750 1683 847 92 160 
30 9 900 0 899 751 1683 847 92 160 
30 9 900 0 899 752 1683 847 92 160 
30 9 900 0 899 753 1686 847 90 160 
30 9 900 0 899 754 1686 850 90 160 
30 9 900 0 899 755 1689 850 90 160 
30 9 900 0 899 756 1689 850 90 160 
30 9 900 0 899 757 1689 853 90 159 
30 9 900 0 899 758 1691 853 92 159 
30 9 900 0 899 759 1691 853 92 159 
30 9 900 0 899 760 1694 855 90 160 
30 9 900 0 899 761 1694 855 90 160 
30 9 900 0 899 762 1694 858 90 160 
30 9 900 0 899 763 1697 858 90 160 
30 9 900 0 899 764 1697 861 90 159 
30 9 900 0 899 765 1699 861 92 159 
30 9 900 0 899 766 1699 863 92 160 
30 9 900 0 899 767 1699 863 92 160 
30 9 900 0 899 768 1702 866 90 160 
30 9 900 0 899 769 1702 866 90 160 
30 9 900 0 899 770 1705 869 90 159 
30 9 900 0 899 771 1705 869 90 159 
30 9 900 0 899 772 1707 869 92 159 
30 9 900 0 899 773 1707 869 92 159 
30 9 900 0 899 774 1710 871 90 160 
30 9 900 0 899 775 1713 871 90 160 
30 9 900 0 899 776 1713 871 90 160 
30 9 900 0 899 777 1715 874 92 160 
30 9 900 0 899 778 1715 874 92 160 
30 9 900 0 899 779 1718 874 90 160 
30 9 900 0 899 780 1721 877 90 159 
30 9 900 0 899 781 1721 877 90 159 
30 9 900 0 899 782 1723 879 92 160 
30 9 900 0 899 783 1723 879 92 160 
30 9 900 0 899 784 1726 882 90 160 
30 9 900 0 899 785 1726 882 90 160 
30 9 900 0 899 786 1729 885 90 159 
30 9 900 0 899 787 1729 885 90 159 
30 9 900 0 899 788 1731 887 92 160 
30 9 900 0 899 789 1731 887 92 160 
30 9 900 0 899 790 1734 890 90 160 
30 9 900 0 899 791 1734 890 90 160 
30 9 900 0 899 792 1734 893 90 159 
30 9 900 0 899 793 1737 893 90 159 
30 9 900 0 899 794 1737 895 90 160 
30 9 900 0 899 795 1739 895 92 160 
30 9 900 0 899 796 1739 898 92 160 
30 9 900 0 899 797 1739 898 92 160 
30 9 900 0 899 798 1742 901 90 159 
30 9 900 0 899 799 1742 901 90 159 
30 9 900 0 899 800 1745 903 90 160 
30 9 900 0 899 801 1745 903 90 160 
30 9 900 0 899 802 1747 903 92 160 
30 9 900 0 899 803 1747 903 92 160 
30 9 900 0 899 804 1750 903 90 160 
30 9 900 0 899 805 1753 903 90 160 
30 9 900 0 899 806 1753 903 90 160 
30 9 900 0 899 807 1755 903 92 160 
30 9 900 0 899 808 1755 903 92 160 
30 9 900 0 899 809 1758 903 90 160 
30 9 900 0 899 810 1761 903 90 160 
30 9 900 0 899 811 1761 903 90 160 
30 9 900 0 899 812 1763 906 92 160 
30 9 900 0 899 813 1763 906 92 160 
30 9 900 0 899 814 1766 909 90 159 
30 9 900 0 899 815 1769 909 90 159 
30 9 900 0 899 816 1769 911 90 160 
30 9 900 0 899 817 1771 911 92 160 
30 9 900 0 899 818 1771 914 92 160 
30 9 900 0 899 819 1774 914 90 160 
30 9 900 0 899 820 1777 917 90 159 
30 9 900 0 899 821 1777 917 90 159 
30 9 900 0 899 822 1779 919 92 159 
30 9 900 0 899 823 1782 919 90 159 
30 9 900 0 899 824 1782 922 90 156 
30 9 900 0 899 825 1785 922 90 156 
30 9 900 0 899 826 1787 925 92 153 
30 9 900 0 899 827 1787 925 92 153 
30 9 900 0 899 828 1790 927 90 151 
30 9 900 0 899 829 1793 927 90 151 
30 9 900 0 899 830 1795 930 92 148 
30 9 900 0 899 831 1795 930 92 148 
30 9 900 0 899 832 1795 930 92 148 
30 9 900 0 899 833 1795 930 92 148 
30 9 900 0 899 834 1795 933 92 145 
30 9 900 0 899 835 1798 933 90 145 
30 9 900 0 899 836 1798 933 90 145 
30 9 900 0 899 837 1798 935 90 143 
30 9 900 0 899 838 1798 935 90 143 
30 9 900 0 899 839 1798 935 90 143 
30 9 900 0 899 840 1801 938 90 140 
30 9 900 0 899 841 1803 938 92 140 
30 9 900 0 899 842 1806 938 90 140 
30 9 900 0 899 843 1809 942 90 137 
30 9 900 0 899 844 1811 942 92 137 
30 9 900 0 899 845 1814 944 90 135 
30 9 900 0 899 846 1817 944 90 135 
30 9 900 0 899 847 1819 944 92 135 
30 9 900 0 899 848 1822 947 90 131 
30 9 900 0 899 849 1825 947 90 131 
30 9 900 0 899 850 1827 950 92 128 
30 9 900 0 899 851 1827 950 92 128 
30 9 900 0 899 852 1827 950 92 128 
30 9 900 0 899 853 1827 950 92 128 
30 9 900 0 899 854 1830 953 88 125 
30 9 900 0 899 855 1830 953 88 125 
30 9 900 0 899 856 1830 953 88 125 
30 9 900 0 899 857 1833 957 85 122 
30 9 900 0 899 858 1833 957 85 122 
30 9 900 0 899 859 1833 957 85 122 
30 9 900 0 899 860 1835 960 84 118 
30 9 900 0 899 861 1835 960 84 118 
30 9 900 0 899 862 1835 960 84 118 
30 9 900 0 899 863 1835 960 84 118 
30 9 900 0 899 864 1838 963 80 115 
30 9 900 0 899 865 1838 963 80 115 
30 9 900 0 899 866 1838 963 80 115 
30 9 900 0 899 867 1841 967 77 112 
30 9 900 0 899 868 1841 967 77 112 
30 9 900 0 899 869 1841 967 77 112 
30 9 900 0 899 870 1843 970 76 108 
30 9 900 0 899 871 1843 970 76 108 
30 9 900 0 899 872 1847 970 71 108 
30 9 900 0 899 873 1852 973 67 105 
30 9 900 0 899 874 1852 973 67 105 
30 9 900 0 899 875 1854 977 65 102 
30 9 900 0 899 876 1858 977 60 102 
30 9 900 0 899 877 1858 977 60 102 
30 9 900 0 899 878 1863 980 56 98 
30 9 900 0 899 879 1866 980 53 98 
30 9 900 0 899 880 1869 983 50 95 
30 9 900 0 899 881 1864 983 54 95 
30 9 900 0 899 882 1864 983 54 95 
30 9 900 0 899 883 1864 983 54 95 
30 9 900 0 899 884 1864 983 54 95 
30 9 900 0 899 885 1864 983 54 95 
30 9 900 0 899 886 1864 983 54 95 
30 9 900 0 899 887 1864 983 54 95 
30 9 900 0 899 888 1864 983 54 95 
30 9 900 0 899 889 1864 983 54 95 
30 9 900 0 899 890 1864 983 54 95 
30 9 900 0 899 891 1864 983 54 95 
30 9 900 0 899 892 1864 983 54 95 
30 9 900 0 899 893 1864 983 54 95 
30 9 900 0 899 894 1864 983 54 95 
30 9 900 0 899 895 1864 983 54 95 
30 9 900 0 899 896 1864 983 54 95 
30 9 900 0 899 897 1864 983 54 95 
30 9 900 0 899 898 1864 983 54 95 
30 9 900 0 899 899 1864 983 54 95 
31 9 423 230 652 230 1689 918 122 156 
31 9 423 230 652 231 1686 918 122 156 
31 9 423 230 652 232 1683 918 124 156 
31 9 423 230 652 233 1677 918 128 156 
31 9 423 230 652 234 1674 918 128 156 
31 9 423 230 652 235 1672 918 128 156 
31 9 423 230 652 236 1664 918 134 156 
31 9 423 230 652 237 1663 915 132 156 
31 9 423 230 652 238 1659 915 134 156 
31 9 423 230 652 239 1653 915 138 156 
31 9 423 230 652 240 1650 915 138 156 
31 9 423 230 652 241 1647 915 140 156 
31 9 423 230 652 242 1641 915 144 156 
31 9 423 230 652 243 1638 915 144 156 
31 9 423 230 652 244 1636 915 144 156 
31 9 423 230 652 245 1630 911 144 160 
31 9 423 230 652 246 1628 911 144 160 
31 9 423 230 652 247 1625 911 144 160 
31 9 423 230 652 248 1622 911 144 160 
31 9 423 230 652 249 1620 911 144 160 
31 9 423 230 652 250 1618 910 138 165 
31 9 423 230 652 251 1615 910 140 165 
31 9 423 230 652 252 1613 910 138 165 
31 9 423 230 652 253 1610 910 138 165 
31 9 423 230 652 254 1607 910 140 165 
31 9 423 230 652 255 1607 910 132 168 
31 9 423 230 652 256 1603 910 134 168 
31 9 423 230 652 257 1600 910 134 168 
31 9 423 230 652 258 1599 910 132 168 
31 9 423 230 652 259 1595 910 134 168 
31 9 423 230 652 260 1592 909 134 169 
31 9 423 230 652 261 1592 909 128 169 
31 9 423 230 652 262 1589 909 128 169 
31 9 423 230 652 263 1586 909 128 169 
31 9 423 230 652 264 1584 913 128 166 
31 9 423 230 652 265 1581 913 128 166 
31 9 423 230 652 266 1578 912 128 166 
31 9 423 230 652 267 1576 916 128 163 
31 9 423 230 652 268 1573 916 128 163 
31 9 423 230 652 269 1571 916 124 163 
31 9 423 230 652 270 1569 916 122 163 
31 9 423 230 652 271 1566 918 122 160 
31 9 423 230 652 272 1563 918 124 161 
31 9 423 230 652 273 1561 918 122 161 
31 9 423 230 652 274 1558 921 122 157 
31 9 423 230 652 275 1555 921 124 157 
31 9 423 230 652 276 1553 921 122 157 
31 9 423 230 652 277 1550 924 122 154 
31 9 423 230 652 278 1547 917 124 161 
31 9 423 230 652 279 1547 917 116 161 
31 9 423 230 652 280 1543 921 118 158 
31 9 423 230 652 281 1540 924 118 155 
31 9 423 230 652 282 1539 926 116 152 
31 9 423 230 652 283 1535 926 118 152 
31 9 423 230 652 284 1532 929 118 149 
31 9 423 230 652 285 1531 933 116 145 
31 9 423 230 652 286 1527 936 118 143 
31 9 423 230 652 287 1524 939 118 140 
31 9 423 230 652 288 1519 939 118 140 
31 9 423 230 652 289 1516 939 118 140 
31 9 423 230 652 290 1515 939 116 140 
31 9 423 230 652 291 1508 939 118 140 
31 9 423 230 652 292 1507 939 116 140 
31 9 423 230 652 293 1503 939 118 140 
31 9 423 230 652 294 1499 939 116 140 
31 9 423 230 652 295 1495 939 118 140 
31 9 423 230 652 296 1492 939 118 140 
31 9 423 230 652 297 1487 939 118 140 
31 9 423 230 652 298 1484 939 118 140 
31 9 423 230 652 299 1483 939 116 140 
31 9 423 230 652 300 1479 939 118 140 
31 9 423 230 652 301 1475 936 116 143 
31 9 423 230 652 302 1471 936 118 143 
31 9 423 230 652 303 1468 936 118 143 
31 9 423 230 652 304 1467 936 116 143 
31 9 423 230 652 305 1463 936 118 143 
31 9 423 230 652 306 1460 936 118 143 
31 9 423 230 652 307 1459 936 116 143 
31 9 423 230 652 308 1457 936 112 143 
31 9 423 230 652 309 1451 936 116 143 
31 9 423 230 652 310 1447 936 118 143 
31 9 423 230 652 311 1444 936 118 143 
31 9 423 230 652 312 1443 936 116 143 
31 9 423 230 652 313 1439 936 118 143 
31 9 423 230 652 314 1436 936 118 143 
31 9 423 230 652 315 1436 936 112 143 
31 9 423 230 652 316 1433 936 112 143 
31 9 423 230 652 317 1430 936 112 143 
31 9 423 230 652 318 1423 936 118 143 
31 9 423 230 652 319 1420 936 118 143 
31 9 423 230 652 320 1419 936 116 143 
31 9 423 230 652 321 1415 936 118 143 
31 9 423 230 652 322 1414 936 112 143 
31 9 423 230 652 323 1412 936 112 143 
31 9 423 230 652 324 1409 936 112 143 
31 9 423 230 652 325 1406 936 112 143 
31 9 423 230 652 326 1404 936 112 143 
31 9 423 230 652 327 1396 936 118 143 
31 9 423 230 652 328 1395 936 116 143 
31 9 423 230 652 329 1393 936 112 143 
31 9 423 230 652 330 1390 936 112 143 
31 9 423 230 652 331 1388 936 112 143 
31 9 423 230 652 332 1385 936 112 143 
31 9 423 230 652 333 1382 936 112 143 
31 9 423 230 652 334 1380 936 112 143 
31 9 423 230 652 335 1377 936 112 143 
31 9 423 230 652 336 1372 933 112 145 
31 9 423 230 652 337 1369 933 112 145 
31 9 423 230 652 338 1366 933 112 145 
31 9 423 230 652 339 1364 933 112 145 
31 9 423 230 652 340 1361 933 112 145 
31 9 423 230 652 341 1358 933 112 145 
31 9 423 230 652 342 1356 933 112 145 
31 9 423 230 652 343 1354 933 106 145 
31 9 423 230 652 344 1348 933 112 145 
31 9 423 230 652 345 1345 933 112 145 
31 9 423 230 652 346 1342 933 112 145 
31 9 423 230 652 347 1340 933 112 145 
31 9 423 230 652 348 1337 933 112 145 
31 9 423 230 652 349 1334 933 112 145 
31 9 423 230 652 350 1333 933 106 145 
31 9 423 230 652 351 1330 933 106 145 
31 9 423 230 652 352 1327 933 108 145 
31 9 423 230 652 353 1321 933 112 145 
31 9 423 230 652 354 1318 933 112 145 
31 9 423 230 652 355 1316 933 112 145 
31 9 423 230 652 356 1313 933 112 145 
31 9 423 230 652 357 1311 933 108 145 
31 9 423 230 652 358 1309 933 106 145 
31 9 423 230 652 359 1306 933 106 145 
31 9 423 230 652 360 1303 933 108 145 
31 9 423 230 652 361 1301 933 106 145 
31 9 423 230 652 362 1294 933 112 145 
31 9 423 230 652 363 1292 933 112 145 
31 9 423 230 652 364 1290 933 106 145 
31 9 423 230 652 365 1287 933 108 145 
31 9 423 230 652 366 1285 933 106 145 
31 9 423 230 652 367 1282 933 106 145 
31 9 423 230 652 368 1279 933 108 145 
31 9 423 230 652 369 1277 933 106 145 
31 9 423 230 652 370 1274 933 106 145 
31 9 423 230 652 371 1269 930 106 148 
31 9 423 230 652 372 1266 930 106 148 
31 9 423 230 652 373 1263 930 108 148 
31 9 423 230 652 374 1261 930 106 148 
31 9 423 230 652 375 1258 930 106 148 
31 9 423 230 652 376 1253 930 106 148 
31 9 423 230 652 377 1250 930 106 148 
31 9 423 230 652 378 1247 930 108 148 
31 9 423 230 652 379 1245 930 106 148 
31 9 423 230 652 380 1242 930 106 148 
31 9 423 230 652 381 1237 930 106 148 
31 9 423 230 652 382 1234 930 106 148 
31 9 423 230 652 383 1231 930 108 148 
31 9 423 230 652 384 1229 930 106 148 
31 9 423 230 652 385 1226 930 106 148 
31 9 423 230 652 386 1221 930 106 148 
31 9 423 230 652 387 1218 930 106 148 
31 9 423 230 652 388 1215 930 108 148 
31 9 423 230 652 389 1213 930 106 148 
31 9 423 230 652 390 1210 930 106 148 
31 9 423 230 652 391 1207 930 108 148 
31 9 423 230 652 392 1202 930 106 148 
31 9 423 230 652 393 1199 927 108 151 
31 9 423 230 652 394 1197 927 106 151 
31 9 423 230 652 395 1194 927 106 151 
31 9 423 230 652 396 1191 927 108 151 
31 9 423 230 652 397 1186 927 106 151 
31 9 423 230 652 398 1183 927 108 151 
31 9 423 230 652 399 1181 927 106 151 
31 9 423 230 652 400 1178 927 106 151 
31 9 423 230 652 401 1175 927 108 151 
31 9 423 230 652 402 1170 927 106 151 
31 9 423 230 652 403 1167 927 108 151 
31 9 423 230 652 404 1165 927 106 151 
31 9 423 230 652 405 1162 927 106 151 
31 9 423 230 652 406 1159 927 108 151 
31 9 423 230 652 407 1157 927 106 151 
31 9 423 230 652 408 1151 927 108 151 
31 9 423 230 652 409 1149 927 106 151 
31 9 423 230 652 410 1146 927 106 151 
31 9 423 230 652 411 1143 927 108 151 
31 9 423 230 652 412 1141 927 106 151 
31 9 423 230 652 413 1135 927 108 151 
31 9 423 230 652 414 1133 927 106 151 
31 9 423 230 652 415 1130 927 106 151 
31 9 423 230 652 416 1127 925 108 153 
31 9 423 230 652 417 1125 925 106 153 
31 9 423 230 652 418 1119 925 108 153 
31 9 423 230 652 419 1117 925 106 153 
31 9 423 230 652 420 1114 925 106 153 
31 9 423 230 652 421 1111 925 108 153 
31 9 423 230 652 422 1109 925 106 153 
31 9 423 230 652 423 1103 925 108 153 
31 9 423 230 652 424 1101 925 106 153 
31 9 423 230 652 425 1098 925 106 153 
31 9 423 230 652 426 1095 925 108 153 
31 9 423 230 652 427 1093 925 106 153 
31 9 423 230 652 428 1090 925 106 153 
31 9 423 230 652 429 1085 925 106 153 
31 9 423 230 652 430 1082 925 106 153 
31 9 423 230 652 431 1079 925 108 153 
31 9 423 230 652 432 1077 925 106 153 
31 9 423 230 652 433 1074 925 106 153 
31 9 423 230 652 434 1069 925 106 153 
31 9 423 230 652 435 1066 925 106 153 
31 9 423 230 652 436 1063 925 108 153 
31 9 423 230 652 437 1061 925 106 153 
31 9 423 230 652 438 1058 922 106 156 
31 9 423 230 652 439 1053 922 106 156 
31 9 423 230 652 440 1050 922 106 156 
31 9 423 230 652 441 1047 922 108 156 
31 9 423 230 652 442 1045 922 106 156 
31 9 423 230 652 443 1042 922 106 156 
31 9 423 230 652 444 1039 922 108 156 
31 9 423 230 652 445 1034 922 106 156 
31 9 423 230 652 446 1031 922 108 156 
31 9 423 230 652 447 1029 922 106 156 
31 9 423 230 652 448 1026 922 106 156 
31 9 423 230 652 449 1023 922 108 156 
31 9 423 230 652 450 1018 922 106 156 
31 9 423 230 652 451 1015 922 108 156 
31 9 423 230 652 452 1013 922 106 156 
31 9 423 230 652 453 1010 922 106 156 
31 9 423 230 652 454 1007 922 108 156 
31 9 423 230 652 455 1002 922 106 156 
31 9 423 230 652 456 999 922 108 156 
31 9 423 230 652 457 997 922 106 156 
31 9 423 230 652 458 994 922 106 156 
31 9 423 230 652 459 991 922 108 156 
31 9 423 230 652 460 989 922 106 156 
31 9 423 230 652 461 983 922 108 156 
31 9 423 230 652 462 981 922 106 156 
31 9 423 230 652 463 978 922 106 156 
31 9 423 230 652 464 975 922 108 156 
31 9 423 230 652 465 973 922 106 156 
31 9 423 230 652 466 970 922 106 156 
31 9 423 230 652 467 967 922 108 156 
31 9 423 230 652 468 962 922 106 156 
31 9 423 230 652 469 959 922 108 156 
31 9 423 230 652 470 957 922 106 156 
31 9 423 230 652 471 954 922 106 156 
31 9 423 230 652 472 951 922 108 156 
31 9 423 230 652 473 949 922 106 156 
31 9 423 230 652 474 946 922 106 156 
31 9 423 230 652 475 943 922 108 156 
31 9 423 230 652 476 938 922 106 156 
31 9 423 230 652 477 935 922 108 156 
31 9 423 230 652 478 933 922 106 156 
31 9 423 230 652 479 930 922 106 156 
31 9 423 230 652 480 927 922 108 156 
31 9 423 230 652 481 925 922 106 156 
31 9 423 230 652 482 922 922 106 156 
31 9 423 230 652 483 917 922 106 156 
31 9 423 230 652 484 914 922 106 156 
31 9 423 230 652 485 911 922 108 156 
31 9 423 230 652 486 909 922 106 156 
31 9 423 230 652 487 906 922 106 156 
31 9 423 230 652 488 903 922 108 156 
31 9 423 230 652 489 901 922 106 156 
31 9 423 230 652 490 898 922 106 156 
31 9 423 230 652 491 893 922 106 156 
31 9 423 230 652 492 890 922 106 156 
31 9 423 230 652 493 887 922 108 156 
31 9 423 230 652 494 885 922 106 156 
31 9 423 230 652 495 882 922 106 156 
31 9 423 230 652 496 879 922 108 156 
31 9 423 230 652 497 877 922 106 156 
31 9 423 230 652 498 871 922 108 156 
31 9 423 230 652 499 869 922 106 156 
31 9 423 230 652 500 866 922 106 156 
31 9 423 230 652 501 863 922 108 156 
31 9 423 230 652 502 861 922 106 156 
31 9 423 230 652 503 858 922 106 156 
31 9 423 230 652 504 855 922 108 156 
31 9 423 230 652 505 853 922 106 156 
31 9 423 230 652 506 847 922 108 156 
31 9 423 230 652 507 845 922 106 156 
31 9 423 230 652 508 842 922 106 156 
31 9 423 230 652 509 839 922 108 156 
31 9 423 230 652 510 837 922 106 156 
31 9 423 230 652 511 834 922 106 156 
31 9 423 230 652 512 831 922 108 156 
31 9 423 230 652 513 826 922 106 156 
31 9 423 230 652 514 823 922 108 156 
31 9 423 230 652 515 821 922 106 156 
31 9 423 230 652 516 818 922 106 156 
31 9 423 230 652 517 815 922 108 156 
31 9 423 230 652 518 813 922 106 156 
31 9 423 230 652 519 810 922 106 156 
31 9 423 230 652 520 807 922 108 156 
31 9 423 230 652 521 802 922 106 156 
31 9 423 230 652 522 799 922 108 156 
31 9 423 230 652 523 797 922 106 156 
31 9 423 230 652 524 794 922 106 156 
31 9 423 230 652 525 791 922 108 156 
31 9 423 230 652 526 789 922 106 156 
31 9 423 230 652 527 786 922 106 156 
31 9 423 230 652 528 781 922 106 156 
31 9 423 230 652 529 778 922 106 156 
31 9 423 230 652 530 775 922 108 156 
31 9 423 230 652 531 773 922 106 156 
31 9 423 230 652 532 770 922 106 156 
31 9 423 230 652 533 767 922 108 156 
31 9 423 230 652 534 765 922 106 156 
31 9 423 230 652 535 762 922 106 156 
31 9 423 230 652 536 757 922 106 156 
31 9 423 230 652 537 754 922 106 156 
31 9 423 230 652 538 751 922 108 156 
31 9 423 230 652 539 749 922 106 156 
31 9 423 230 652 540 746 922 106 156 
31 9 423 230 652 541 743 922 108 156 
31 9 423 230 652 542 741 922 106 156 
31 9 423 230 652 543 738 922 106 156 
31 9 423 230 652 544 733 922 106 156 
31 9 423 230 652 545 730 922 106 156 
31 9 423 230 652 546 727 922 108 156 
31 9 423 230 652 547 725 922 106 156 
31 9 423 230 652 548 722 922 106 156 
31 9 423 230 652 549 719 922 108 156 
31 9 423 230 652 550 717 922 106 156 
31 9 423 230 652 551 714 922 106 156 
31 9 423 230 652 552 709 922 106 156 
31 9 423 230 652 553 706 922 106 156 
31 9 423 230 652 554 703 922 108 156 
31 9 423 230 652 555 701 922 106 156 
31 9 423 230 652 556 698 922 106 156 
31 9 423 230 652 557 695 922 108 156 
31 9 423 230 652 558 693 922 106 156 
31 9 423 230 652 559 687 922 108 156 
31 9 423 230 652 560 685 922 106 156 
31 9 423 230 652 561 682 922 106 156 
31 9 423 230 652 562 679 922 108 156 
31 9 423 230 652 563 677 922 106 156 
31 9 423 230 652 564 674 922 106 156 
31 9 423 230 652 565 671 922 108 156 
31 9 423 230 652 566 669 922 106 156 
31 9 423 230 652 567 663 922 108 156 
31 9 423 230 652 568 661 922 106 156 
31 9 423 230 652 569 658 922 106 156 
31 9 423 230 652 570 655 922 108 156 
31 9 423 230 652 571 653 922 106 156 
31 9 423 230 652 572 650 922 106 156 
31 9 423 230 652 573 647 922 108 156 
31 9 423 230 652 574 645 922 106 156 
31 9 423 230 652 575 639 922 108 156 
31 9 423 230 652 576 637 922 106 156 
31 9 423 230 652 577 634 922 106 156 
31 9 423 230 652 578 631 922 108 156 
31 9 423 230 652 579 629 922 106 156 
31 9 423 230 652 580 626 922 106 156 
31 9 423 230 652 581 623 922 108 156 
31 9 423 230 652 582 621 922 106 156 
31 9 423 230 652 583 615 922 108 156 
31 9 423 230 652 584 613 922 106 156 
31 9 423 230 652 585 610 922 106 156 
31 9 423 230 652 586 607 922 108 156 
31 9 423 230 652 587 605 922 106 156 
31 9 423 230 652 588 602 922 106 156 
31 9 423 230 652 589 599 922 108 156 
31 9 423 230 652 590 597 925 106 153 
31 9 423 230 652 591 594 922 106 156 
31 9 423 230 652 592 591 922 108 156 
31 9 423 230 652 593 589 922 106 156 
31 9 423 230 652 594 586 922 106 156 
31 9 423 230 652 595 583 922 108 156 
31 9 423 230 652 596 581 922 106 156 
31 9 423 230 652 597 578 922 106 156 
31 9 423 230 652 598 575 922 108 156 
31 9 423 230 652 599 573 922 106 156 
31 9 423 230 652 600 570 922 106 156 
31 9 423 230 652 601 565 923 106 156 
31 9 423 230 652 602 562 923 106 156 
31 9 423 230 652 603 559 923 108 156 
31 9 423 230 652 604 554 923 106 156 
31 9 423 230 652 605 551 923 108 156 
31 9 423 230 652 606 549 923 106 156 
31 9 423 230 652 607 543 923 108 156 
31 9 423 230 652 608 541 923 106 156 
31 9 423 230 652 609 538 923 106 156 
31 9 423 230 652 610 535 923 108 156 
31 9 423 230 652 611 533 923 106 156 
31 9 423 230 652 612 530 923 106 156 
31 9 423 230 652 613 527 923 108 156 
31 9 423 230 652 614 525 923 106 156 
31 9 423 230 652 615 522 923 106 156 
31 9 423 230 652 616 519 923 108 156 
31 9 423 230 652 617 517 923 106 156 
31 9 423 230 652 618 514 923 106 156 
31 9 423 230 652 619 511 923 108 156 
31 9 423 230 652 620 509 923 106 156 
31 9 423 230 652 621 506 923 106 156 
31 9 423 230 652 622 507 923 102 156 
31 9 423 230 652 623 509 923 96 156 
31 9 423 230 652 624 506 923 96 156 
31 9 423 230 652 625 507 923 92 156 
31 9 423 230 652 626 508 923 86 156 
31 9 423 230 652 627 507 923 84 156 
31 9 423 230 652 628 508 923 80 156 
31 9 423 230 652 629 509 923 74 156 
31 9 423 230 652 630 511 923 68 156 
31 9 423 230 652 631 511 923 68 156 
31 9 423 230 652 632 511 923 68 156 
31 9 423 230 652 633 511 923 68 156 
31 9 423 230 652 634 511 923 68 156 
31 9 423 230 652 635 511 923 68 156 
31 9 423 230 652 636 511 923 68 156 
31 9 423 230 652 637 511 923 68 156 
31 9 423 230 652 638 511 923 68 156 
31 9 423 230 652 639 511 923 68 156 
31 9 423 230 652 640 511 923 68 156 
31 9 423 230 652 641 511 923 68 156 
31 9 423 230 652 642 511 923 68 156 
31 9 423 230 652 643 511 923 68 156 
31 9 423 230 652 644 511 923 68 156 
31 9 423 230 652 645 511 923 68 156 
31 9 423 230 652 646 511 923 68 156 
31 9 423 230 652 647 511 923 68 156 
31 9 423 230 652 648 511 923 68 156 
31 9 423 230 652 649 511 923 68 156 
31 9 423 230 652 650 511 923 68 156 
31 9 423 230 652 651 511 923 68 156 
31 9 423 230 652 652 511 923 68 156 
32 9 39 1568 1606 1568 1811 934 102 144 
32 9 39 1568 1606 1569 1807 934 108 144 
32 9 39 1568 1606 1570 1808 934 102 144 
32 9 39 1568 1606 1571 1807 934 100 144 
32 9 39 1568 1606 1572 1803 934 102 144 
32 9 39 1568 1606 1573 1799 934 108 144 
32 9 39 1568 1606 1574 1800 934 102 144 
32 9 39 1568 1606 1575 1799 934 100 144 
32 9 39 1568 1606 1576 1795 931 102 147 
32 9 39 1568 1606 1577 1791 931 108 147 
32 9 39 1568 1606 1578 1789 931 106 147 
32 9 39 1568 1606 1579 1791 931 100 147 
32 9 39 1568 1606 1580 1787 931 102 147 
32 9 39 1568 1606 1581 1783 931 108 147 
32 9 39 1568 1606 1582 1781 931 106 147 
32 9 39 1568 1606 1583 1783 931 100 147 
32 9 39 1568 1606 1584 1779 931 102 147 
32 9 39 1568 1606 1585 1775 931 108 147 
32 9 39 1568 1606 1586 1773 928 106 150 
32 9 39 1568 1606 1587 1770 928 106 150 
32 9 39 1568 1606 1588 1771 928 102 150 
32 9 39 1568 1606 1589 1767 928 108 150 
32 9 39 1568 1606 1590 1765 928 106 150 
32 9 39 1568 1606 1591 1762 928 106 150 
32 9 39 1568 1606 1592 1763 928 102 150 
32 9 39 1568 1606 1593 1759 928 108 150 
32 9 39 1568 1606 1594 1757 928 106 150 
32 9 39 1568 1606 1595 1754 928 106 150 
32 9 39 1568 1606 1596 1751 926 108 151 
32 9 39 1568 1606 1597 1751 926 108 151 
32 9 39 1568 1606 1598 1749 926 106 151 
32 9 39 1568 1606 1599 1746 926 106 151 
32 9 39 1568 1606 1600 1743 926 108 151 
32 9 39 1568 1606 1601 1743 926 108 151 
32 9 39 1568 1606 1602 1741 926 106 151 
32 9 39 1568 1606 1603 1738 926 106 151 
32 9 39 1568 1606 1604 1735 926 108 151 
32 9 39 1568 1606 1605 1735 926 108 151 
32 9 39 1568 1606 1606 1735 926 108 151 
