10 9 129 574 702 574 816 507 96 151 
10 9 129 574 702 575 816 507 96 151 
10 9 129 574 702 576 816 507 96 151 
10 9 129 574 702 577 818 510 96 151 
10 9 129 574 702 578 818 507 96 151 
10 9 129 574 702 579 818 507 96 151 
10 9 129 574 702 580 818 507 96 151 
10 9 129 574 702 581 818 507 96 151 
10 9 129 574 702 582 818 507 96 151 
10 9 129 574 702 583 818 507 96 151 
10 9 129 574 702 584 818 507 96 151 
10 9 129 574 702 585 818 504 96 153 
10 9 129 574 702 586 818 504 96 153 
10 9 129 574 702 587 818 504 96 153 
10 9 129 574 702 588 818 504 96 153 
10 9 129 574 702 589 818 504 96 153 
10 9 129 574 702 590 818 504 96 153 
10 9 129 574 702 591 818 504 96 153 
10 9 129 574 702 592 818 504 96 153 
10 9 129 574 702 593 818 502 96 151 
10 9 129 574 702 594 818 502 96 151 
10 9 129 574 702 595 818 502 96 151 
10 9 129 574 702 596 818 502 96 151 
10 9 129 574 702 597 818 502 96 151 
10 9 129 574 702 598 818 502 96 151 
10 9 129 574 702 599 818 502 96 151 
10 9 129 574 702 600 818 502 96 151 
10 9 129 574 702 601 818 499 96 151 
10 9 129 574 702 602 818 500 96 148 
10 9 129 574 702 603 818 501 96 144 
10 9 129 574 702 604 818 501 96 139 
10 9 129 574 702 605 818 501 96 139 
10 9 129 574 702 606 822 498 90 141 
10 9 129 574 702 607 822 499 90 136 
10 9 129 574 702 608 822 500 90 132 
10 9 129 574 702 609 822 500 90 132 
10 9 129 574 702 610 822 500 90 129 
10 9 129 574 702 611 822 501 90 124 
10 9 129 574 702 612 827 499 84 123 
10 9 129 574 702 613 827 499 84 123 
10 9 129 574 702 614 827 500 84 120 
10 9 129 574 702 615 827 500 84 115 
10 9 129 574 702 616 827 501 84 111 
10 9 129 574 702 617 828 501 86 111 
10 9 129 574 702 618 827 498 84 112 
10 9 129 574 702 619 827 498 84 112 
10 9 129 574 702 620 827 498 84 112 
10 9 129 574 702 621 827 498 84 112 
10 9 129 574 702 622 827 498 84 112 
10 9 129 574 702 623 827 498 84 112 
10 9 129 574 702 624 823 498 86 112 
10 9 129 574 702 625 823 498 86 112 
10 9 129 574 702 626 823 498 86 112 
10 9 129 574 702 627 823 498 86 112 
10 9 129 574 702 628 823 498 86 112 
10 9 129 574 702 629 823 498 86 112 
10 9 129 574 702 630 823 498 86 112 
10 9 129 574 702 631 820 498 86 112 
10 9 129 574 702 632 820 498 86 112 
10 9 129 574 702 633 820 498 86 112 
10 9 129 574 702 634 820 498 86 112 
10 9 129 574 702 635 820 498 86 112 
10 9 129 574 702 636 820 498 86 112 
10 9 129 574 702 637 820 498 86 112 
10 9 129 574 702 638 820 494 86 117 
10 9 129 574 702 639 820 494 86 117 
10 9 129 574 702 640 820 494 86 117 
10 9 129 574 702 641 820 494 86 117 
10 9 129 574 702 642 820 494 86 117 
10 9 129 574 702 643 820 494 86 117 
10 9 129 574 702 644 820 494 86 117 
10 9 129 574 702 645 820 494 86 117 
10 9 129 574 702 646 820 494 86 117 
10 9 129 574 702 647 819 492 84 115 
10 9 129 574 702 648 819 492 84 115 
10 9 129 574 702 649 819 492 84 115 
10 9 129 574 702 650 819 492 84 115 
10 9 129 574 702 651 819 492 84 115 
10 9 129 574 702 652 815 489 86 115 
10 9 129 574 702 653 815 489 86 115 
10 9 129 574 702 654 815 489 86 115 
10 9 129 574 702 655 815 489 86 115 
10 9 129 574 702 656 815 489 86 115 
10 9 129 574 702 657 815 489 86 115 
10 9 129 574 702 658 815 486 86 117 
10 9 129 574 702 659 815 486 86 117 
10 9 129 574 702 660 815 486 86 117 
10 9 129 574 702 661 815 486 86 117 
10 9 129 574 702 662 815 486 86 117 
10 9 129 574 702 663 815 486 86 117 
10 9 129 574 702 664 814 486 90 117 
10 9 129 574 702 665 814 486 90 117 
10 9 129 574 702 666 814 486 90 117 
10 9 129 574 702 667 819 486 84 117 
10 9 129 574 702 668 819 486 84 117 
10 9 129 574 702 669 819 486 84 117 
10 9 129 574 702 670 819 486 84 117 
10 9 129 574 702 671 817 486 90 117 
10 9 129 574 702 672 817 486 90 117 
10 9 129 574 702 673 817 486 90 117 
10 9 129 574 702 674 817 486 90 117 
10 9 129 574 702 675 817 486 90 117 
10 9 129 574 702 676 817 486 90 117 
10 9 129 574 702 677 819 486 92 117 
10 9 129 574 702 678 817 484 90 115 
10 9 129 574 702 679 817 484 90 115 
10 9 129 574 702 680 817 484 90 115 
10 9 129 574 702 681 817 484 90 115 
10 9 129 574 702 682 817 484 90 115 
10 9 129 574 702 683 817 484 90 115 
10 9 129 574 702 684 817 484 90 115 
10 9 129 574 702 685 817 484 90 115 
10 9 129 574 702 686 817 484 90 115 
10 9 129 574 702 687 817 484 90 115 
10 9 129 574 702 688 817 484 90 115 
10 9 129 574 702 689 817 484 90 115 
10 9 129 574 702 690 817 484 90 115 
10 9 129 574 702 691 817 484 90 115 
10 9 129 574 702 692 814 484 90 115 
10 9 129 574 702 693 814 484 90 115 
10 9 129 574 702 694 814 484 90 115 
10 9 129 574 702 695 814 484 90 115 
10 9 129 574 702 696 814 484 90 115 
10 9 129 574 702 697 814 484 90 115 
10 9 129 574 702 698 814 484 90 115 
10 9 129 574 702 699 814 484 90 115 
10 9 129 574 702 700 814 484 90 115 
10 9 129 574 702 701 814 484 90 115 
10 9 129 574 702 702 814 484 90 115 
11 9 862 0 861 0 1570 887 74 160 
11 9 862 0 861 1 1567 887 76 160 
11 9 862 0 861 2 1567 887 76 160 
11 9 862 0 861 3 1567 887 76 160 
11 9 862 0 861 4 1567 887 76 160 
11 9 862 0 861 5 1567 887 76 160 
11 9 862 0 861 6 1567 887 76 160 
11 9 862 0 861 7 1567 887 76 160 
11 9 862 0 861 8 1567 887 76 160 
11 9 862 0 861 9 1567 887 76 160 
11 9 862 0 861 10 1567 887 76 160 
11 9 862 0 861 11 1567 890 76 160 
11 9 862 0 861 12 1567 890 76 160 
11 9 862 0 861 13 1567 890 76 160 
11 9 862 0 861 14 1567 890 76 160 
11 9 862 0 861 15 1567 890 76 160 
11 9 862 0 861 16 1567 890 76 160 
11 9 862 0 861 17 1567 890 76 160 
11 9 862 0 861 18 1567 890 76 160 
11 9 862 0 861 19 1567 890 76 160 
11 9 862 0 861 20 1567 890 76 160 
11 9 862 0 861 21 1567 893 76 159 
11 9 862 0 861 22 1567 893 76 159 
11 9 862 0 861 23 1567 893 76 159 
11 9 862 0 861 24 1567 893 76 159 
11 9 862 0 861 25 1567 893 76 159 
11 9 862 0 861 26 1567 893 76 159 
11 9 862 0 861 27 1567 893 76 159 
11 9 862 0 861 28 1567 893 76 159 
11 9 862 0 861 29 1567 893 76 159 
11 9 862 0 861 30 1567 893 76 159 
11 9 862 0 861 31 1567 895 76 160 
11 9 862 0 861 32 1567 895 76 160 
11 9 862 0 861 33 1567 895 76 160 
11 9 862 0 861 34 1567 895 76 160 
11 9 862 0 861 35 1567 895 76 160 
11 9 862 0 861 36 1567 895 76 160 
11 9 862 0 861 37 1567 895 76 160 
11 9 862 0 861 38 1567 895 76 160 
11 9 862 0 861 39 1567 895 76 160 
11 9 862 0 861 40 1567 895 76 160 
11 9 862 0 861 41 1567 898 76 160 
11 9 862 0 861 42 1567 895 76 160 
11 9 862 0 861 43 1567 895 76 160 
11 9 862 0 861 44 1567 895 76 160 
11 9 862 0 861 45 1567 895 76 160 
11 9 862 0 861 46 1567 895 76 160 
11 9 862 0 861 47 1567 895 76 160 
11 9 862 0 861 48 1567 895 76 160 
11 9 862 0 861 49 1567 895 76 160 
11 9 862 0 861 50 1567 895 76 160 
11 9 862 0 861 51 1567 895 76 160 
11 9 862 0 861 52 1567 895 76 160 
11 9 862 0 861 53 1567 895 76 160 
11 9 862 0 861 54 1567 895 76 160 
11 9 862 0 861 55 1567 895 76 160 
11 9 862 0 861 56 1567 895 76 160 
11 9 862 0 861 57 1567 895 76 160 
11 9 862 0 861 58 1567 895 76 160 
11 9 862 0 861 59 1567 895 76 160 
11 9 862 0 861 60 1567 893 76 159 
11 9 862 0 861 61 1567 893 76 159 
11 9 862 0 861 62 1567 893 76 159 
11 9 862 0 861 63 1567 893 76 159 
11 9 862 0 861 64 1567 893 76 159 
11 9 862 0 861 65 1567 893 76 159 
11 9 862 0 861 66 1567 893 76 159 
11 9 862 0 861 67 1567 893 76 159 
11 9 862 0 861 68 1567 893 76 159 
11 9 862 0 861 69 1567 893 76 159 
11 9 862 0 861 70 1567 893 76 159 
11 9 862 0 861 71 1567 893 76 159 
11 9 862 0 861 72 1567 893 76 159 
11 9 862 0 861 73 1567 893 76 159 
11 9 862 0 861 74 1567 893 76 159 
11 9 862 0 861 75 1567 893 76 159 
11 9 862 0 861 76 1567 893 76 159 
11 9 862 0 861 77 1567 893 76 159 
11 9 862 0 861 78 1567 893 76 159 
11 9 862 0 861 79 1567 890 76 160 
11 9 862 0 861 80 1567 890 76 160 
11 9 862 0 861 81 1567 890 76 160 
11 9 862 0 861 82 1567 890 76 160 
11 9 862 0 861 83 1567 890 76 160 
11 9 862 0 861 84 1567 890 76 160 
11 9 862 0 861 85 1567 890 76 160 
11 9 862 0 861 86 1567 890 76 160 
11 9 862 0 861 87 1567 890 76 160 
11 9 862 0 861 88 1567 890 76 160 
11 9 862 0 861 89 1567 890 76 160 
11 9 862 0 861 90 1567 890 76 160 
11 9 862 0 861 91 1567 890 76 160 
11 9 862 0 861 92 1567 890 76 160 
11 9 862 0 861 93 1567 890 76 160 
11 9 862 0 861 94 1567 890 76 160 
11 9 862 0 861 95 1567 890 76 160 
11 9 862 0 861 96 1567 890 76 160 
11 9 862 0 861 97 1567 890 76 160 
11 9 862 0 861 98 1567 890 76 160 
11 9 862 0 861 99 1567 890 76 160 
11 9 862 0 861 100 1567 890 76 160 
11 9 862 0 861 101 1567 890 76 160 
11 9 862 0 861 102 1567 890 76 160 
11 9 862 0 861 103 1567 890 76 160 
11 9 862 0 861 104 1567 890 76 160 
11 9 862 0 861 105 1567 890 76 160 
11 9 862 0 861 106 1567 890 76 160 
11 9 862 0 861 107 1567 890 76 160 
11 9 862 0 861 108 1567 890 76 160 
11 9 862 0 861 109 1567 890 76 160 
11 9 862 0 861 110 1567 890 76 160 
11 9 862 0 861 111 1567 890 76 160 
11 9 862 0 861 112 1567 890 76 160 
11 9 862 0 861 113 1567 890 76 160 
11 9 862 0 861 114 1567 890 76 160 
11 9 862 0 861 115 1567 890 76 160 
11 9 862 0 861 116 1567 890 76 160 
11 9 862 0 861 117 1567 890 76 160 
11 9 862 0 861 118 1567 890 76 160 
11 9 862 0 861 119 1567 890 76 160 
11 9 862 0 861 120 1567 890 76 160 
11 9 862 0 861 121 1567 890 76 160 
11 9 862 0 861 122 1567 890 76 160 
11 9 862 0 861 123 1567 890 76 160 
11 9 862 0 861 124 1567 890 76 160 
11 9 862 0 861 125 1567 890 76 160 
11 9 862 0 861 126 1567 890 76 160 
11 9 862 0 861 127 1567 890 76 160 
11 9 862 0 861 128 1567 890 76 160 
11 9 862 0 861 129 1567 890 76 160 
11 9 862 0 861 130 1567 890 76 160 
11 9 862 0 861 131 1567 890 76 160 
11 9 862 0 861 132 1567 890 76 160 
11 9 862 0 861 133 1567 890 76 160 
11 9 862 0 861 134 1567 890 76 160 
11 9 862 0 861 135 1567 890 76 160 
11 9 862 0 861 136 1567 890 76 160 
11 9 862 0 861 137 1567 890 76 160 
11 9 862 0 861 138 1567 890 76 160 
11 9 862 0 861 139 1567 890 76 160 
11 9 862 0 861 140 1567 890 76 160 
11 9 862 0 861 141 1567 890 76 160 
11 9 862 0 861 142 1567 890 76 160 
11 9 862 0 861 143 1567 890 76 160 
11 9 862 0 861 144 1567 890 76 160 
11 9 862 0 861 145 1567 890 76 160 
11 9 862 0 861 146 1567 890 76 160 
11 9 862 0 861 147 1567 890 76 160 
11 9 862 0 861 148 1567 890 76 160 
11 9 862 0 861 149 1567 890 76 160 
11 9 862 0 861 150 1567 890 76 160 
11 9 862 0 861 151 1567 890 76 160 
11 9 862 0 861 152 1567 890 76 160 
11 9 862 0 861 153 1567 890 76 160 
11 9 862 0 861 154 1567 890 76 160 
11 9 862 0 861 155 1567 890 76 160 
11 9 862 0 861 156 1567 890 76 160 
11 9 862 0 861 157 1567 890 76 160 
11 9 862 0 861 158 1567 890 76 160 
11 9 862 0 861 159 1567 890 76 160 
11 9 862 0 861 160 1567 890 76 160 
11 9 862 0 861 161 1567 890 76 160 
11 9 862 0 861 162 1567 890 76 160 
11 9 862 0 861 163 1567 890 76 160 
11 9 862 0 861 164 1567 890 76 160 
11 9 862 0 861 165 1567 890 76 160 
11 9 862 0 861 166 1567 890 76 160 
11 9 862 0 861 167 1567 890 76 160 
11 9 862 0 861 168 1567 890 76 160 
11 9 862 0 861 169 1567 890 76 160 
11 9 862 0 861 170 1567 890 76 160 
11 9 862 0 861 171 1567 890 76 160 
11 9 862 0 861 172 1567 890 76 160 
11 9 862 0 861 173 1567 890 76 160 
11 9 862 0 861 174 1567 890 76 160 
11 9 862 0 861 175 1567 890 76 160 
11 9 862 0 861 176 1567 890 76 160 
11 9 862 0 861 177 1567 890 76 160 
11 9 862 0 861 178 1567 890 76 160 
11 9 862 0 861 179 1567 890 76 160 
11 9 862 0 861 180 1567 890 76 160 
11 9 862 0 861 181 1567 890 76 160 
11 9 862 0 861 182 1567 890 76 160 
11 9 862 0 861 183 1567 890 76 160 
11 9 862 0 861 184 1567 890 76 160 
11 9 862 0 861 185 1567 890 76 160 
11 9 862 0 861 186 1567 890 76 160 
11 9 862 0 861 187 1567 890 76 160 
11 9 862 0 861 188 1567 890 76 160 
11 9 862 0 861 189 1567 890 76 160 
11 9 862 0 861 190 1567 890 76 160 
11 9 862 0 861 191 1567 890 76 160 
11 9 862 0 861 192 1567 890 76 160 
11 9 862 0 861 193 1567 890 76 160 
11 9 862 0 861 194 1567 890 76 160 
11 9 862 0 861 195 1567 890 76 160 
11 9 862 0 861 196 1567 890 76 160 
11 9 862 0 861 197 1567 890 76 160 
11 9 862 0 861 198 1567 890 76 160 
11 9 862 0 861 199 1567 890 76 160 
11 9 862 0 861 200 1567 890 76 160 
11 9 862 0 861 201 1567 890 76 160 
11 9 862 0 861 202 1567 890 76 160 
11 9 862 0 861 203 1567 890 76 160 
11 9 862 0 861 204 1567 890 76 160 
11 9 862 0 861 205 1567 890 76 160 
11 9 862 0 861 206 1567 890 76 160 
11 9 862 0 861 207 1567 890 76 160 
11 9 862 0 861 208 1567 890 76 160 
11 9 862 0 861 209 1567 890 76 160 
11 9 862 0 861 210 1567 890 76 160 
11 9 862 0 861 211 1567 890 76 160 
11 9 862 0 861 212 1567 890 76 160 
11 9 862 0 861 213 1567 890 76 160 
11 9 862 0 861 214 1567 890 76 160 
11 9 862 0 861 215 1567 890 76 160 
11 9 862 0 861 216 1567 890 76 160 
11 9 862 0 861 217 1567 890 76 160 
11 9 862 0 861 218 1567 890 76 160 
11 9 862 0 861 219 1567 890 76 160 
11 9 862 0 861 220 1567 890 76 160 
11 9 862 0 861 221 1567 890 76 160 
11 9 862 0 861 222 1567 890 76 160 
11 9 862 0 861 223 1567 890 76 160 
11 9 862 0 861 224 1567 890 76 160 
11 9 862 0 861 225 1567 890 76 160 
11 9 862 0 861 226 1567 890 76 160 
11 9 862 0 861 227 1567 890 76 160 
11 9 862 0 861 228 1567 890 76 160 
11 9 862 0 861 229 1567 890 76 160 
11 9 862 0 861 230 1567 890 76 160 
11 9 862 0 861 231 1567 890 76 160 
11 9 862 0 861 232 1567 890 76 160 
11 9 862 0 861 233 1567 890 76 160 
11 9 862 0 861 234 1567 890 76 160 
11 9 862 0 861 235 1567 890 76 160 
11 9 862 0 861 236 1567 890 76 160 
11 9 862 0 861 237 1567 890 76 160 
11 9 862 0 861 238 1567 890 76 160 
11 9 862 0 861 239 1567 890 76 160 
11 9 862 0 861 240 1567 890 76 160 
11 9 862 0 861 241 1567 890 76 160 
11 9 862 0 861 242 1567 890 76 160 
11 9 862 0 861 243 1567 890 76 160 
11 9 862 0 861 244 1567 890 76 160 
11 9 862 0 861 245 1567 890 76 160 
11 9 862 0 861 246 1567 890 76 160 
11 9 862 0 861 247 1567 890 76 160 
11 9 862 0 861 248 1567 890 76 160 
11 9 862 0 861 249 1567 890 76 160 
11 9 862 0 861 250 1567 890 76 160 
11 9 862 0 861 251 1567 890 76 160 
11 9 862 0 861 252 1567 890 76 160 
11 9 862 0 861 253 1567 890 76 160 
11 9 862 0 861 254 1567 890 76 160 
11 9 862 0 861 255 1567 890 76 160 
11 9 862 0 861 256 1567 890 76 160 
11 9 862 0 861 257 1567 890 76 160 
11 9 862 0 861 258 1567 890 76 160 
11 9 862 0 861 259 1567 890 76 160 
11 9 862 0 861 260 1567 890 76 160 
11 9 862 0 861 261 1567 890 76 160 
11 9 862 0 861 262 1567 890 76 160 
11 9 862 0 861 263 1567 890 76 160 
11 9 862 0 861 264 1567 890 76 160 
11 9 862 0 861 265 1567 890 76 160 
11 9 862 0 861 266 1567 890 76 160 
11 9 862 0 861 267 1567 890 76 160 
11 9 862 0 861 268 1567 890 76 160 
11 9 862 0 861 269 1567 890 76 160 
11 9 862 0 861 270 1567 890 76 160 
11 9 862 0 861 271 1567 890 76 160 
11 9 862 0 861 272 1567 890 76 160 
11 9 862 0 861 273 1567 890 76 160 
11 9 862 0 861 274 1567 890 76 160 
11 9 862 0 861 275 1567 890 76 160 
11 9 862 0 861 276 1567 890 76 160 
11 9 862 0 861 277 1567 890 76 160 
11 9 862 0 861 278 1567 890 76 160 
11 9 862 0 861 279 1567 890 76 160 
11 9 862 0 861 280 1567 890 76 160 
11 9 862 0 861 281 1567 890 76 160 
11 9 862 0 861 282 1567 890 76 160 
11 9 862 0 861 283 1567 890 76 160 
11 9 862 0 861 284 1567 890 76 160 
11 9 862 0 861 285 1567 890 76 160 
11 9 862 0 861 286 1567 890 76 160 
11 9 862 0 861 287 1567 890 76 160 
11 9 862 0 861 288 1567 890 76 160 
11 9 862 0 861 289 1567 890 76 160 
11 9 862 0 861 290 1567 890 76 160 
11 9 862 0 861 291 1567 890 76 160 
11 9 862 0 861 292 1567 890 76 160 
11 9 862 0 861 293 1567 890 76 160 
11 9 862 0 861 294 1567 890 76 160 
11 9 862 0 861 295 1567 890 76 160 
11 9 862 0 861 296 1567 890 76 160 
11 9 862 0 861 297 1567 890 76 160 
11 9 862 0 861 298 1567 890 76 160 
11 9 862 0 861 299 1567 890 76 160 
11 9 862 0 861 300 1567 890 76 160 
11 9 862 0 861 301 1564 890 80 160 
11 9 862 0 861 302 1564 890 80 160 
11 9 862 0 861 303 1564 890 80 160 
11 9 862 0 861 304 1564 890 80 160 
11 9 862 0 861 305 1564 890 80 160 
11 9 862 0 861 306 1564 890 80 160 
11 9 862 0 861 307 1564 890 80 160 
11 9 862 0 861 308 1564 890 80 160 
11 9 862 0 861 309 1564 890 80 160 
11 9 862 0 861 310 1564 890 80 160 
11 9 862 0 861 311 1564 890 80 160 
11 9 862 0 861 312 1564 890 80 160 
11 9 862 0 861 313 1564 890 80 160 
11 9 862 0 861 314 1564 890 80 160 
11 9 862 0 861 315 1564 890 80 160 
11 9 862 0 861 316 1564 890 80 160 
11 9 862 0 861 317 1564 890 80 160 
11 9 862 0 861 318 1564 890 80 160 
11 9 862 0 861 319 1564 890 80 160 
11 9 862 0 861 320 1564 890 80 160 
11 9 862 0 861 321 1564 890 80 160 
11 9 862 0 861 322 1564 890 80 160 
11 9 862 0 861 323 1564 890 80 160 
11 9 862 0 861 324 1564 890 80 160 
11 9 862 0 861 325 1564 890 80 160 
11 9 862 0 861 326 1564 890 80 160 
11 9 862 0 861 327 1564 890 80 160 
11 9 862 0 861 328 1564 890 80 160 
11 9 862 0 861 329 1564 890 80 160 
11 9 862 0 861 330 1564 890 80 160 
11 9 862 0 861 331 1564 890 80 160 
11 9 862 0 861 332 1564 890 80 160 
11 9 862 0 861 333 1564 890 80 160 
11 9 862 0 861 334 1564 890 80 160 
11 9 862 0 861 335 1564 890 80 160 
11 9 862 0 861 336 1564 890 80 160 
11 9 862 0 861 337 1564 890 80 160 
11 9 862 0 861 338 1564 890 80 160 
11 9 862 0 861 339 1564 890 80 160 
11 9 862 0 861 340 1564 890 80 160 
11 9 862 0 861 341 1564 890 80 160 
11 9 862 0 861 342 1564 890 80 160 
11 9 862 0 861 343 1564 890 80 160 
11 9 862 0 861 344 1564 890 80 160 
11 9 862 0 861 345 1564 890 80 160 
11 9 862 0 861 346 1564 890 80 160 
11 9 862 0 861 347 1564 890 80 160 
11 9 862 0 861 348 1564 890 80 160 
11 9 862 0 861 349 1564 890 80 160 
11 9 862 0 861 350 1564 890 80 160 
11 9 862 0 861 351 1564 890 80 160 
11 9 862 0 861 352 1564 890 80 160 
11 9 862 0 861 353 1564 890 80 160 
11 9 862 0 861 354 1564 890 80 160 
11 9 862 0 861 355 1564 890 80 160 
11 9 862 0 861 356 1564 890 80 160 
11 9 862 0 861 357 1564 890 80 160 
11 9 862 0 861 358 1564 890 80 160 
11 9 862 0 861 359 1564 890 80 160 
11 9 862 0 861 360 1564 890 80 160 
11 9 862 0 861 361 1564 890 80 160 
11 9 862 0 861 362 1564 890 80 160 
11 9 862 0 861 363 1564 890 80 160 
11 9 862 0 861 364 1564 890 80 160 
11 9 862 0 861 365 1564 890 80 160 
11 9 862 0 861 366 1564 890 80 160 
11 9 862 0 861 367 1564 890 80 160 
11 9 862 0 861 368 1564 890 80 160 
11 9 862 0 861 369 1564 890 80 160 
11 9 862 0 861 370 1564 890 80 160 
11 9 862 0 861 371 1564 890 80 160 
11 9 862 0 861 372 1564 890 80 160 
11 9 862 0 861 373 1564 890 80 160 
11 9 862 0 861 374 1564 890 80 160 
11 9 862 0 861 375 1564 890 80 160 
11 9 862 0 861 376 1559 890 86 160 
11 9 862 0 861 377 1559 890 86 160 
11 9 862 0 861 378 1559 890 86 160 
11 9 862 0 861 379 1559 890 86 160 
11 9 862 0 861 380 1559 890 86 160 
11 9 862 0 861 381 1559 890 86 160 
11 9 862 0 861 382 1559 890 86 160 
11 9 862 0 861 383 1559 890 86 160 
11 9 862 0 861 384 1559 890 86 160 
11 9 862 0 861 385 1559 890 86 160 
11 9 862 0 861 386 1559 890 86 160 
11 9 862 0 861 387 1559 890 86 160 
11 9 862 0 861 388 1559 890 86 160 
11 9 862 0 861 389 1559 890 86 160 
11 9 862 0 861 390 1559 890 86 160 
11 9 862 0 861 391 1559 890 86 160 
11 9 862 0 861 392 1559 890 86 160 
11 9 862 0 861 393 1559 890 86 160 
11 9 862 0 861 394 1559 890 86 160 
11 9 862 0 861 395 1559 890 86 160 
11 9 862 0 861 396 1559 890 86 160 
11 9 862 0 861 397 1559 890 86 160 
11 9 862 0 861 398 1559 890 86 160 
11 9 862 0 861 399 1559 890 86 160 
11 9 862 0 861 400 1559 890 86 160 
11 9 862 0 861 401 1559 890 86 160 
11 9 862 0 861 402 1559 890 86 160 
11 9 862 0 861 403 1559 890 86 160 
11 9 862 0 861 404 1559 890 86 160 
11 9 862 0 861 405 1559 890 86 160 
11 9 862 0 861 406 1559 890 86 160 
11 9 862 0 861 407 1559 890 86 160 
11 9 862 0 861 408 1559 890 86 160 
11 9 862 0 861 409 1559 890 86 160 
11 9 862 0 861 410 1559 890 86 160 
11 9 862 0 861 411 1559 890 86 160 
11 9 862 0 861 412 1559 890 86 160 
11 9 862 0 861 413 1559 890 86 160 
11 9 862 0 861 414 1559 890 86 160 
11 9 862 0 861 415 1559 890 86 160 
11 9 862 0 861 416 1559 890 86 160 
11 9 862 0 861 417 1559 890 86 160 
11 9 862 0 861 418 1559 890 86 160 
11 9 862 0 861 419 1559 890 86 160 
11 9 862 0 861 420 1559 890 86 160 
11 9 862 0 861 421 1559 890 86 160 
11 9 862 0 861 422 1559 890 86 160 
11 9 862 0 861 423 1559 890 86 160 
11 9 862 0 861 424 1559 890 86 160 
11 9 862 0 861 425 1559 890 86 160 
11 9 862 0 861 426 1559 890 86 160 
11 9 862 0 861 427 1559 890 86 160 
11 9 862 0 861 428 1559 890 86 160 
11 9 862 0 861 429 1559 890 86 160 
11 9 862 0 861 430 1559 890 86 160 
11 9 862 0 861 431 1559 890 86 160 
11 9 862 0 861 432 1559 890 86 160 
11 9 862 0 861 433 1559 890 86 160 
11 9 862 0 861 434 1559 890 86 160 
11 9 862 0 861 435 1559 890 86 160 
11 9 862 0 861 436 1559 890 86 160 
11 9 862 0 861 437 1559 890 86 160 
11 9 862 0 861 438 1559 890 86 160 
11 9 862 0 861 439 1559 890 86 160 
11 9 862 0 861 440 1559 890 86 160 
11 9 862 0 861 441 1559 890 86 160 
11 9 862 0 861 442 1559 890 86 160 
11 9 862 0 861 443 1559 890 86 160 
11 9 862 0 861 444 1559 890 86 160 
11 9 862 0 861 445 1559 890 86 160 
11 9 862 0 861 446 1559 890 86 160 
11 9 862 0 861 447 1559 890 86 160 
11 9 862 0 861 448 1559 890 86 160 
11 9 862 0 861 449 1559 890 86 160 
11 9 862 0 861 450 1558 889 90 163 
11 9 862 0 861 451 1554 889 96 163 
11 9 862 0 861 452 1554 889 96 163 
11 9 862 0 861 453 1554 889 96 163 
11 9 862 0 861 454 1554 889 96 163 
11 9 862 0 861 455 1554 889 96 163 
11 9 862 0 861 456 1554 889 96 163 
11 9 862 0 861 457 1554 889 96 163 
11 9 862 0 861 458 1554 889 96 163 
11 9 862 0 861 459 1554 889 96 163 
11 9 862 0 861 460 1554 889 96 163 
11 9 862 0 861 461 1554 889 96 163 
11 9 862 0 861 462 1554 889 96 163 
11 9 862 0 861 463 1554 889 96 163 
11 9 862 0 861 464 1554 889 96 163 
11 9 862 0 861 465 1554 889 96 163 
11 9 862 0 861 466 1554 889 96 163 
11 9 862 0 861 467 1554 889 96 163 
11 9 862 0 861 468 1554 889 96 163 
11 9 862 0 861 469 1554 889 96 163 
11 9 862 0 861 470 1554 889 96 163 
11 9 862 0 861 471 1554 889 96 163 
11 9 862 0 861 472 1554 889 96 163 
11 9 862 0 861 473 1554 889 96 163 
11 9 862 0 861 474 1554 889 96 163 
11 9 862 0 861 475 1554 889 96 163 
11 9 862 0 861 476 1554 889 96 163 
11 9 862 0 861 477 1554 889 96 163 
11 9 862 0 861 478 1554 889 96 163 
11 9 862 0 861 479 1554 889 96 163 
11 9 862 0 861 480 1554 889 96 163 
11 9 862 0 861 481 1554 889 96 163 
11 9 862 0 861 482 1554 889 96 163 
11 9 862 0 861 483 1554 889 96 163 
11 9 862 0 861 484 1554 889 96 163 
11 9 862 0 861 485 1554 889 96 163 
11 9 862 0 861 486 1554 889 96 163 
11 9 862 0 861 487 1554 889 96 163 
11 9 862 0 861 488 1554 889 96 163 
11 9 862 0 861 489 1554 889 96 163 
11 9 862 0 861 490 1554 889 96 163 
11 9 862 0 861 491 1554 889 96 163 
11 9 862 0 861 492 1554 889 96 163 
11 9 862 0 861 493 1554 889 96 163 
11 9 862 0 861 494 1554 889 96 163 
11 9 862 0 861 495 1554 889 96 163 
11 9 862 0 861 496 1554 889 96 163 
11 9 862 0 861 497 1554 889 96 163 
11 9 862 0 861 498 1554 889 96 163 
11 9 862 0 861 499 1554 889 96 163 
11 9 862 0 861 500 1554 889 96 163 
11 9 862 0 861 501 1554 889 96 163 
11 9 862 0 861 502 1554 889 96 163 
11 9 862 0 861 503 1554 889 96 163 
11 9 862 0 861 504 1554 889 96 163 
11 9 862 0 861 505 1554 889 96 163 
11 9 862 0 861 506 1554 889 96 163 
11 9 862 0 861 507 1554 889 96 163 
11 9 862 0 861 508 1554 889 96 163 
11 9 862 0 861 509 1554 889 96 163 
11 9 862 0 861 510 1554 889 96 163 
11 9 862 0 861 511 1554 889 96 163 
11 9 862 0 861 512 1554 889 96 163 
11 9 862 0 861 513 1554 889 96 163 
11 9 862 0 861 514 1554 889 96 163 
11 9 862 0 861 515 1554 889 96 163 
11 9 862 0 861 516 1554 889 96 163 
11 9 862 0 861 517 1554 889 96 163 
11 9 862 0 861 518 1554 889 96 163 
11 9 862 0 861 519 1554 889 96 163 
11 9 862 0 861 520 1554 889 96 163 
11 9 862 0 861 521 1554 889 96 163 
11 9 862 0 861 522 1554 889 96 163 
11 9 862 0 861 523 1554 889 96 163 
11 9 862 0 861 524 1554 889 96 163 
11 9 862 0 861 525 1554 889 96 163 
11 9 862 0 861 526 1551 889 100 163 
11 9 862 0 861 527 1551 889 100 163 
11 9 862 0 861 528 1551 889 100 163 
11 9 862 0 861 529 1551 889 100 163 
11 9 862 0 861 530 1551 889 100 163 
11 9 862 0 861 531 1551 889 100 163 
11 9 862 0 861 532 1551 889 100 163 
11 9 862 0 861 533 1551 889 100 163 
11 9 862 0 861 534 1551 889 100 163 
11 9 862 0 861 535 1551 889 100 163 
11 9 862 0 861 536 1551 889 100 163 
11 9 862 0 861 537 1551 889 100 163 
11 9 862 0 861 538 1551 889 100 163 
11 9 862 0 861 539 1551 889 100 163 
11 9 862 0 861 540 1551 889 100 163 
11 9 862 0 861 541 1551 889 100 163 
11 9 862 0 861 542 1551 889 100 163 
11 9 862 0 861 543 1551 889 100 163 
11 9 862 0 861 544 1551 889 100 163 
11 9 862 0 861 545 1551 889 100 163 
11 9 862 0 861 546 1551 889 100 163 
11 9 862 0 861 547 1551 889 100 163 
11 9 862 0 861 548 1551 889 100 163 
11 9 862 0 861 549 1551 889 100 163 
11 9 862 0 861 550 1551 889 100 163 
11 9 862 0 861 551 1551 889 100 163 
11 9 862 0 861 552 1551 889 100 163 
11 9 862 0 861 553 1551 889 100 163 
11 9 862 0 861 554 1551 889 100 163 
11 9 862 0 861 555 1551 889 100 163 
11 9 862 0 861 556 1551 889 100 163 
11 9 862 0 861 557 1551 889 100 163 
11 9 862 0 861 558 1551 889 100 163 
11 9 862 0 861 559 1551 889 100 163 
11 9 862 0 861 560 1551 889 100 163 
11 9 862 0 861 561 1551 889 100 163 
11 9 862 0 861 562 1551 889 100 163 
11 9 862 0 861 563 1551 889 100 163 
11 9 862 0 861 564 1551 889 100 163 
11 9 862 0 861 565 1551 889 100 163 
11 9 862 0 861 566 1551 889 100 163 
11 9 862 0 861 567 1551 889 100 163 
11 9 862 0 861 568 1551 889 100 163 
11 9 862 0 861 569 1551 889 100 163 
11 9 862 0 861 570 1551 889 100 163 
11 9 862 0 861 571 1551 889 100 163 
11 9 862 0 861 572 1551 889 100 163 
11 9 862 0 861 573 1551 889 100 163 
11 9 862 0 861 574 1551 889 100 163 
11 9 862 0 861 575 1551 889 100 163 
11 9 862 0 861 576 1551 889 100 163 
11 9 862 0 861 577 1551 889 100 163 
11 9 862 0 861 578 1551 889 100 163 
11 9 862 0 861 579 1551 889 100 163 
11 9 862 0 861 580 1551 889 100 163 
11 9 862 0 861 581 1551 889 100 163 
11 9 862 0 861 582 1551 889 100 163 
11 9 862 0 861 583 1551 889 100 163 
11 9 862 0 861 584 1551 889 100 163 
11 9 862 0 861 585 1551 889 100 163 
11 9 862 0 861 586 1551 889 100 163 
11 9 862 0 861 587 1551 889 100 163 
11 9 862 0 861 588 1551 889 100 163 
11 9 862 0 861 589 1551 889 100 163 
11 9 862 0 861 590 1551 889 100 163 
11 9 862 0 861 591 1551 889 100 163 
11 9 862 0 861 592 1551 889 100 163 
11 9 862 0 861 593 1551 889 100 163 
11 9 862 0 861 594 1551 889 100 163 
11 9 862 0 861 595 1551 889 100 163 
11 9 862 0 861 596 1551 889 100 163 
11 9 862 0 861 597 1551 889 100 163 
11 9 862 0 861 598 1551 889 100 163 
11 9 862 0 861 599 1551 889 100 163 
11 9 862 0 861 600 1549 889 106 168 
11 9 862 0 861 601 1551 889 100 163 
11 9 862 0 861 602 1551 889 100 163 
11 9 862 0 861 603 1551 889 100 163 
11 9 862 0 861 604 1551 889 100 163 
11 9 862 0 861 605 1551 889 100 163 
11 9 862 0 861 606 1551 889 100 163 
11 9 862 0 861 607 1551 889 100 163 
11 9 862 0 861 608 1551 889 100 163 
11 9 862 0 861 609 1551 889 100 163 
11 9 862 0 861 610 1551 889 100 163 
11 9 862 0 861 611 1551 889 100 163 
11 9 862 0 861 612 1551 889 100 163 
11 9 862 0 861 613 1551 889 100 163 
11 9 862 0 861 614 1551 889 100 163 
11 9 862 0 861 615 1551 889 100 163 
11 9 862 0 861 616 1551 889 100 163 
11 9 862 0 861 617 1551 889 100 163 
11 9 862 0 861 618 1551 889 100 163 
11 9 862 0 861 619 1551 889 100 163 
11 9 862 0 861 620 1551 889 100 163 
11 9 862 0 861 621 1551 889 100 163 
11 9 862 0 861 622 1551 889 100 163 
11 9 862 0 861 623 1551 889 100 163 
11 9 862 0 861 624 1551 889 100 163 
11 9 862 0 861 625 1551 889 100 163 
11 9 862 0 861 626 1551 889 100 163 
11 9 862 0 861 627 1551 889 100 163 
11 9 862 0 861 628 1551 889 100 163 
11 9 862 0 861 629 1551 889 100 163 
11 9 862 0 861 630 1551 889 100 163 
11 9 862 0 861 631 1551 889 100 163 
11 9 862 0 861 632 1551 889 100 163 
11 9 862 0 861 633 1551 889 100 163 
11 9 862 0 861 634 1551 889 100 163 
11 9 862 0 861 635 1551 889 100 163 
11 9 862 0 861 636 1551 889 100 163 
11 9 862 0 861 637 1551 889 100 163 
11 9 862 0 861 638 1551 889 100 163 
11 9 862 0 861 639 1551 889 100 163 
11 9 862 0 861 640 1551 889 100 163 
11 9 862 0 861 641 1551 889 100 163 
11 9 862 0 861 642 1551 889 100 163 
11 9 862 0 861 643 1551 889 100 163 
11 9 862 0 861 644 1551 889 100 163 
11 9 862 0 861 645 1551 889 100 163 
11 9 862 0 861 646 1551 889 100 163 
11 9 862 0 861 647 1551 889 100 163 
11 9 862 0 861 648 1551 889 100 163 
11 9 862 0 861 649 1551 889 100 163 
11 9 862 0 861 650 1551 889 100 163 
11 9 862 0 861 651 1551 889 100 163 
11 9 862 0 861 652 1551 889 100 163 
11 9 862 0 861 653 1551 889 100 163 
11 9 862 0 861 654 1551 889 100 163 
11 9 862 0 861 655 1551 889 100 163 
11 9 862 0 861 656 1551 889 100 163 
11 9 862 0 861 657 1551 889 100 163 
11 9 862 0 861 658 1551 889 100 163 
11 9 862 0 861 659 1551 889 100 163 
11 9 862 0 861 660 1551 889 100 163 
11 9 862 0 861 661 1551 889 100 163 
11 9 862 0 861 662 1551 889 100 163 
11 9 862 0 861 663 1551 889 100 163 
11 9 862 0 861 664 1551 889 100 163 
11 9 862 0 861 665 1551 889 100 163 
11 9 862 0 861 666 1551 889 100 163 
11 9 862 0 861 667 1551 889 100 163 
11 9 862 0 861 668 1551 889 100 163 
11 9 862 0 861 669 1551 889 100 163 
11 9 862 0 861 670 1551 889 100 163 
11 9 862 0 861 671 1551 889 100 163 
11 9 862 0 861 672 1551 889 100 163 
11 9 862 0 861 673 1551 889 100 163 
11 9 862 0 861 674 1551 889 100 163 
11 9 862 0 861 675 1551 889 100 163 
11 9 862 0 861 676 1551 889 100 163 
11 9 862 0 861 677 1551 889 100 163 
11 9 862 0 861 678 1551 889 100 163 
11 9 862 0 861 679 1551 889 100 163 
11 9 862 0 861 680 1551 889 100 163 
11 9 862 0 861 681 1551 889 100 163 
11 9 862 0 861 682 1551 889 100 163 
11 9 862 0 861 683 1551 889 100 163 
11 9 862 0 861 684 1551 889 100 163 
11 9 862 0 861 685 1551 889 100 163 
11 9 862 0 861 686 1551 889 100 163 
11 9 862 0 861 687 1551 889 100 163 
11 9 862 0 861 688 1551 889 100 163 
11 9 862 0 861 689 1551 889 100 163 
11 9 862 0 861 690 1551 889 100 163 
11 9 862 0 861 691 1551 889 100 163 
11 9 862 0 861 692 1551 889 100 163 
11 9 862 0 861 693 1551 889 100 163 
11 9 862 0 861 694 1551 889 100 163 
11 9 862 0 861 695 1551 889 100 163 
11 9 862 0 861 696 1551 889 100 163 
11 9 862 0 861 697 1551 889 100 163 
11 9 862 0 861 698 1551 889 100 163 
11 9 862 0 861 699 1551 889 100 163 
11 9 862 0 861 700 1551 889 100 163 
11 9 862 0 861 701 1551 889 100 163 
11 9 862 0 861 702 1551 889 100 163 
11 9 862 0 861 703 1551 889 100 163 
11 9 862 0 861 704 1551 889 100 163 
11 9 862 0 861 705 1551 889 100 163 
11 9 862 0 861 706 1551 889 100 163 
11 9 862 0 861 707 1551 889 100 163 
11 9 862 0 861 708 1551 889 100 163 
11 9 862 0 861 709 1551 889 100 163 
11 9 862 0 861 710 1551 889 100 163 
11 9 862 0 861 711 1551 889 100 163 
11 9 862 0 861 712 1551 889 100 163 
11 9 862 0 861 713 1551 889 100 163 
11 9 862 0 861 714 1551 889 100 163 
11 9 862 0 861 715 1551 889 100 163 
11 9 862 0 861 716 1551 889 100 163 
11 9 862 0 861 717 1551 889 100 163 
11 9 862 0 861 718 1551 889 100 163 
11 9 862 0 861 719 1551 889 100 163 
11 9 862 0 861 720 1551 889 100 163 
11 9 862 0 861 721 1551 889 100 163 
11 9 862 0 861 722 1551 889 100 163 
11 9 862 0 861 723 1551 889 100 163 
11 9 862 0 861 724 1551 889 100 163 
11 9 862 0 861 725 1551 889 100 163 
11 9 862 0 861 726 1551 889 100 163 
11 9 862 0 861 727 1551 889 100 163 
11 9 862 0 861 728 1551 889 100 163 
11 9 862 0 861 729 1551 889 100 163 
11 9 862 0 861 730 1551 889 100 163 
11 9 862 0 861 731 1554 889 96 163 
11 9 862 0 861 732 1554 889 96 163 
11 9 862 0 861 733 1554 889 96 163 
11 9 862 0 861 734 1554 889 96 163 
11 9 862 0 861 735 1554 889 96 163 
11 9 862 0 861 736 1554 889 96 163 
11 9 862 0 861 737 1554 889 96 163 
11 9 862 0 861 738 1554 889 96 163 
11 9 862 0 861 739 1554 889 96 163 
11 9 862 0 861 740 1554 889 96 163 
11 9 862 0 861 741 1554 889 96 163 
11 9 862 0 861 742 1554 889 96 163 
11 9 862 0 861 743 1554 889 96 163 
11 9 862 0 861 744 1554 889 96 163 
11 9 862 0 861 745 1554 889 96 163 
11 9 862 0 861 746 1554 889 96 163 
11 9 862 0 861 747 1554 889 96 163 
11 9 862 0 861 748 1554 889 96 163 
11 9 862 0 861 749 1554 889 96 163 
11 9 862 0 861 750 1554 889 96 163 
11 9 862 0 861 751 1554 889 96 163 
11 9 862 0 861 752 1554 889 96 163 
11 9 862 0 861 753 1554 889 96 163 
11 9 862 0 861 754 1554 889 96 163 
11 9 862 0 861 755 1554 889 96 163 
11 9 862 0 861 756 1554 889 96 163 
11 9 862 0 861 757 1554 889 96 163 
11 9 862 0 861 758 1554 889 96 163 
11 9 862 0 861 759 1554 889 96 163 
11 9 862 0 861 760 1554 889 96 163 
11 9 862 0 861 761 1554 889 96 163 
11 9 862 0 861 762 1554 889 96 163 
11 9 862 0 861 763 1554 889 96 163 
11 9 862 0 861 764 1554 889 96 163 
11 9 862 0 861 765 1554 889 96 163 
11 9 862 0 861 766 1554 889 96 163 
11 9 862 0 861 767 1554 889 96 163 
11 9 862 0 861 768 1554 889 96 163 
11 9 862 0 861 769 1554 889 96 163 
11 9 862 0 861 770 1554 889 96 163 
11 9 862 0 861 771 1554 889 96 163 
11 9 862 0 861 772 1554 889 96 163 
11 9 862 0 861 773 1554 889 96 163 
11 9 862 0 861 774 1554 889 96 163 
11 9 862 0 861 775 1554 889 96 163 
11 9 862 0 861 776 1554 889 96 163 
11 9 862 0 861 777 1554 889 96 163 
11 9 862 0 861 778 1554 889 96 163 
11 9 862 0 861 779 1554 889 96 163 
11 9 862 0 861 780 1554 889 96 163 
11 9 862 0 861 781 1554 889 96 163 
11 9 862 0 861 782 1554 889 96 163 
11 9 862 0 861 783 1554 889 96 163 
11 9 862 0 861 784 1554 889 96 163 
11 9 862 0 861 785 1554 889 96 163 
11 9 862 0 861 786 1554 889 96 163 
11 9 862 0 861 787 1554 889 96 163 
11 9 862 0 861 788 1554 889 96 163 
11 9 862 0 861 789 1554 889 96 163 
11 9 862 0 861 790 1554 889 96 163 
11 9 862 0 861 791 1554 889 96 163 
11 9 862 0 861 792 1554 889 96 163 
11 9 862 0 861 793 1554 889 96 163 
11 9 862 0 861 794 1554 889 96 163 
11 9 862 0 861 795 1554 889 96 163 
11 9 862 0 861 796 1554 889 96 163 
11 9 862 0 861 797 1554 889 96 163 
11 9 862 0 861 798 1554 889 96 163 
11 9 862 0 861 799 1554 889 96 163 
11 9 862 0 861 800 1554 889 96 163 
11 9 862 0 861 801 1554 889 96 163 
11 9 862 0 861 802 1554 889 96 163 
11 9 862 0 861 803 1554 889 96 163 
11 9 862 0 861 804 1554 889 96 163 
11 9 862 0 861 805 1554 889 96 163 
11 9 862 0 861 806 1554 889 96 163 
11 9 862 0 861 807 1554 889 96 163 
11 9 862 0 861 808 1554 889 96 163 
11 9 862 0 861 809 1554 889 96 163 
11 9 862 0 861 810 1554 889 96 163 
11 9 862 0 861 811 1554 889 96 163 
11 9 862 0 861 812 1554 889 96 163 
11 9 862 0 861 813 1554 889 96 163 
11 9 862 0 861 814 1554 889 96 163 
11 9 862 0 861 815 1554 889 96 163 
11 9 862 0 861 816 1554 889 96 163 
11 9 862 0 861 817 1554 889 96 163 
11 9 862 0 861 818 1554 889 96 163 
11 9 862 0 861 819 1554 889 96 163 
11 9 862 0 861 820 1554 889 96 163 
11 9 862 0 861 821 1554 889 96 163 
11 9 862 0 861 822 1554 889 96 163 
11 9 862 0 861 823 1554 889 96 163 
11 9 862 0 861 824 1554 889 96 163 
11 9 862 0 861 825 1554 889 96 163 
11 9 862 0 861 826 1554 889 96 163 
11 9 862 0 861 827 1554 889 96 163 
11 9 862 0 861 828 1554 889 96 163 
11 9 862 0 861 829 1554 889 96 163 
11 9 862 0 861 830 1554 889 96 163 
11 9 862 0 861 831 1554 889 96 163 
11 9 862 0 861 832 1554 889 96 163 
11 9 862 0 861 833 1554 889 96 163 
11 9 862 0 861 834 1554 889 96 163 
11 9 862 0 861 835 1554 889 96 163 
11 9 862 0 861 836 1554 889 96 163 
11 9 862 0 861 837 1554 889 96 163 
11 9 862 0 861 838 1554 889 96 163 
11 9 862 0 861 839 1554 889 96 163 
11 9 862 0 861 840 1554 889 96 163 
11 9 862 0 861 841 1554 889 96 163 
11 9 862 0 861 842 1554 889 96 163 
11 9 862 0 861 843 1554 889 96 163 
11 9 862 0 861 844 1554 889 96 163 
11 9 862 0 861 845 1554 889 96 163 
11 9 862 0 861 846 1554 889 96 163 
11 9 862 0 861 847 1554 889 96 163 
11 9 862 0 861 848 1554 889 96 163 
11 9 862 0 861 849 1554 889 96 163 
11 9 862 0 861 850 1554 889 96 163 
11 9 862 0 861 851 1554 889 96 163 
11 9 862 0 861 852 1554 889 96 163 
11 9 862 0 861 853 1554 889 96 163 
11 9 862 0 861 854 1554 889 96 163 
11 9 862 0 861 855 1554 889 96 163 
11 9 862 0 861 856 1554 889 96 163 
11 9 862 0 861 857 1554 889 96 163 
11 9 862 0 861 858 1554 889 96 163 
11 9 862 0 861 859 1554 889 96 163 
11 9 862 0 861 860 1554 889 96 163 
11 9 862 0 861 861 1558 893 90 159 
12 9 501 36 536 36 1435 664 84 139 
12 9 501 36 536 37 1436 664 86 139 
12 9 501 36 536 38 1436 664 86 144 
12 9 501 36 536 39 1436 666 86 141 
12 9 501 36 536 40 1439 666 86 141 
12 9 501 36 536 41 1439 666 86 141 
12 9 501 36 536 42 1439 666 86 144 
12 9 501 36 536 43 1443 669 84 139 
12 9 501 36 536 44 1443 669 84 139 
12 9 501 36 536 45 1443 669 84 144 
12 9 501 36 536 46 1444 669 86 144 
12 9 501 36 536 47 1444 672 86 139 
12 9 501 36 536 48 1447 672 86 139 
12 9 501 36 536 49 1447 672 86 144 
12 9 501 36 536 50 1447 672 86 144 
12 9 501 36 536 51 1451 674 84 141 
12 9 501 36 536 52 1451 674 84 144 
12 9 501 36 536 53 1451 674 84 144 
12 9 501 36 536 54 1452 674 86 144 
12 9 501 36 536 55 1452 677 86 139 
12 9 501 36 536 56 1452 677 86 144 
12 9 501 36 536 57 1455 677 86 144 
12 9 501 36 536 58 1455 677 86 144 
12 9 501 36 536 59 1455 680 86 144 
12 9 501 36 536 60 1459 680 84 144 
12 9 501 36 536 61 1459 680 84 144 
12 9 501 36 536 62 1460 682 86 144 
12 9 501 36 536 63 1460 682 86 144 
12 9 501 36 536 64 1460 682 86 144 
12 9 501 36 536 65 1460 682 86 144 
12 9 501 36 536 66 1463 682 86 144 
12 9 501 36 536 67 1463 685 86 144 
12 9 501 36 536 68 1463 685 86 144 
12 9 501 36 536 69 1463 685 86 144 
12 9 501 36 536 70 1467 685 84 144 
12 9 501 36 536 71 1467 688 84 144 
12 9 501 36 536 72 1467 688 84 144 
12 9 501 36 536 73 1467 688 84 144 
12 9 501 36 536 74 1468 688 86 144 
12 9 501 36 536 75 1468 690 86 144 
12 9 501 36 536 76 1468 690 86 144 
12 9 501 36 536 77 1468 690 86 144 
12 9 501 36 536 78 1471 690 86 144 
12 9 501 36 536 79 1471 693 86 144 
12 9 501 36 536 80 1471 693 86 144 
12 9 501 36 536 81 1471 693 86 144 
12 9 501 36 536 82 1475 693 84 144 
12 9 501 36 536 83 1475 696 84 144 
12 9 501 36 536 84 1475 696 84 144 
12 9 501 36 536 85 1475 696 84 144 
12 9 501 36 536 86 1476 696 86 144 
12 9 501 36 536 87 1476 696 86 144 
12 9 501 36 536 88 1476 698 86 144 
12 9 501 36 536 89 1476 698 86 144 
12 9 501 36 536 90 1479 698 86 144 
12 9 501 36 536 91 1479 698 86 144 
12 9 501 36 536 92 1479 701 86 144 
12 9 501 36 536 93 1479 701 86 144 
12 9 501 36 536 94 1483 701 84 144 
12 9 501 36 536 95 1483 701 84 144 
12 9 501 36 536 96 1483 704 84 144 
12 9 501 36 536 97 1483 704 84 144 
12 9 501 36 536 98 1484 704 86 144 
12 9 501 36 536 99 1484 704 86 144 
12 9 501 36 536 100 1484 706 86 144 
12 9 501 36 536 101 1484 706 86 144 
12 9 501 36 536 102 1487 706 86 144 
12 9 501 36 536 103 1487 706 86 144 
12 9 501 36 536 104 1487 709 86 144 
12 9 501 36 536 105 1487 709 86 144 
12 9 501 36 536 106 1491 709 84 144 
12 9 501 36 536 107 1491 709 84 144 
12 9 501 36 536 108 1491 709 84 144 
12 9 501 36 536 109 1491 712 84 144 
12 9 501 36 536 110 1492 712 86 144 
12 9 501 36 536 111 1492 712 86 144 
12 9 501 36 536 112 1492 712 86 144 
12 9 501 36 536 113 1492 714 86 144 
12 9 501 36 536 114 1495 714 86 144 
12 9 501 36 536 115 1495 714 86 144 
12 9 501 36 536 116 1495 714 86 144 
12 9 501 36 536 117 1495 717 86 144 
12 9 501 36 536 118 1499 717 84 144 
12 9 501 36 536 119 1499 717 84 144 
12 9 501 36 536 120 1499 717 84 144 
12 9 501 36 536 121 1499 720 84 144 
12 9 501 36 536 122 1500 720 86 144 
12 9 501 36 536 123 1500 720 86 144 
12 9 501 36 536 124 1500 720 86 144 
12 9 501 36 536 125 1500 722 86 144 
12 9 501 36 536 126 1503 722 86 144 
12 9 501 36 536 127 1503 722 86 144 
12 9 501 36 536 128 1503 722 86 144 
12 9 501 36 536 129 1503 722 86 144 
12 9 501 36 536 130 1507 725 84 144 
12 9 501 36 536 131 1507 725 84 144 
12 9 501 36 536 132 1507 725 84 144 
12 9 501 36 536 133 1507 725 84 144 
12 9 501 36 536 134 1508 728 86 144 
12 9 501 36 536 135 1508 728 86 144 
12 9 501 36 536 136 1508 728 86 144 
12 9 501 36 536 137 1508 728 86 144 
12 9 501 36 536 138 1511 730 86 144 
12 9 501 36 536 139 1511 730 86 144 
12 9 501 36 536 140 1511 730 86 144 
12 9 501 36 536 141 1511 730 86 144 
12 9 501 36 536 142 1515 733 84 144 
12 9 501 36 536 143 1515 733 84 144 
12 9 501 36 536 144 1515 733 84 144 
12 9 501 36 536 145 1515 733 84 144 
12 9 501 36 536 146 1516 736 86 144 
12 9 501 36 536 147 1516 736 86 144 
12 9 501 36 536 148 1516 736 86 144 
12 9 501 36 536 149 1519 736 86 144 
12 9 501 36 536 150 1519 736 86 144 
12 9 501 36 536 151 1523 738 84 144 
12 9 501 36 536 152 1523 738 84 144 
12 9 501 36 536 153 1524 738 86 144 
12 9 501 36 536 154 1524 738 86 144 
12 9 501 36 536 155 1527 737 86 148 
12 9 501 36 536 156 1527 741 86 144 
12 9 501 36 536 157 1531 741 84 144 
12 9 501 36 536 158 1531 741 84 144 
12 9 501 36 536 159 1532 740 86 148 
12 9 501 36 536 160 1532 740 86 148 
12 9 501 36 536 161 1535 744 86 144 
12 9 501 36 536 162 1535 744 86 144 
12 9 501 36 536 163 1539 743 84 147 
12 9 501 36 536 164 1539 743 84 147 
12 9 501 36 536 165 1540 746 86 144 
12 9 501 36 536 166 1540 746 86 144 
12 9 501 36 536 167 1543 745 86 148 
12 9 501 36 536 168 1543 745 86 148 
12 9 501 36 536 169 1547 745 84 148 
12 9 501 36 536 170 1547 749 84 144 
12 9 501 36 536 171 1548 748 86 148 
12 9 501 36 536 172 1548 748 86 148 
12 9 501 36 536 173 1551 748 86 148 
12 9 501 36 536 174 1551 748 86 148 
12 9 501 36 536 175 1555 751 84 147 
12 9 501 36 536 176 1555 751 84 147 
12 9 501 36 536 177 1556 751 86 147 
12 9 501 36 536 178 1556 751 86 147 
12 9 501 36 536 179 1559 753 86 148 
12 9 501 36 536 180 1559 753 86 148 
12 9 501 36 536 181 1563 753 84 148 
12 9 501 36 536 182 1563 753 84 148 
12 9 501 36 536 183 1564 753 86 148 
12 9 501 36 536 184 1564 756 86 148 
12 9 501 36 536 185 1567 756 86 148 
12 9 501 36 536 186 1567 756 86 148 
12 9 501 36 536 187 1571 756 84 148 
12 9 501 36 536 188 1571 755 84 151 
12 9 501 36 536 189 1572 759 86 147 
12 9 501 36 536 190 1572 759 86 147 
12 9 501 36 536 191 1575 759 86 147 
12 9 501 36 536 192 1575 758 86 151 
12 9 501 36 536 193 1579 761 84 148 
12 9 501 36 536 194 1579 761 84 148 
12 9 501 36 536 195 1580 761 86 148 
12 9 501 36 536 196 1580 760 86 153 
12 9 501 36 536 197 1583 760 86 153 
12 9 501 36 536 198 1583 764 86 148 
12 9 501 36 536 199 1587 764 84 148 
12 9 501 36 536 200 1587 763 84 151 
12 9 501 36 536 201 1588 763 86 151 
12 9 501 36 536 202 1588 763 86 151 
12 9 501 36 536 203 1591 767 86 147 
12 9 501 36 536 204 1591 766 86 151 
12 9 501 36 536 205 1595 766 84 151 
12 9 501 36 536 206 1595 766 84 151 
12 9 501 36 536 207 1596 769 86 148 
12 9 501 36 536 208 1596 768 86 153 
12 9 501 36 536 209 1599 768 86 153 
12 9 501 36 536 210 1599 768 86 153 
12 9 501 36 536 211 1603 768 84 153 
12 9 501 36 536 212 1603 771 84 151 
12 9 501 36 536 213 1604 771 86 151 
12 9 501 36 536 214 1604 771 86 151 
12 9 501 36 536 215 1607 771 86 151 
12 9 501 36 536 216 1607 771 86 151 
12 9 501 36 536 217 1611 774 84 151 
12 9 501 36 536 218 1611 774 84 151 
12 9 501 36 536 219 1612 774 86 151 
12 9 501 36 536 220 1612 774 86 151 
12 9 501 36 536 221 1615 776 86 153 
12 9 501 36 536 222 1615 776 86 153 
12 9 501 36 536 223 1619 776 84 153 
12 9 501 36 536 224 1619 776 84 153 
12 9 501 36 536 225 1620 776 86 156 
12 9 501 36 536 226 1620 779 86 151 
12 9 501 36 536 227 1623 779 86 151 
12 9 501 36 536 228 1623 779 86 151 
12 9 501 36 536 229 1627 779 84 156 
12 9 501 36 536 230 1627 779 84 156 
12 9 501 36 536 231 1628 782 86 151 
12 9 501 36 536 232 1628 782 86 151 
12 9 501 36 536 233 1631 782 86 156 
12 9 501 36 536 234 1631 782 86 156 
12 9 501 36 536 235 1635 784 84 153 
12 9 501 36 536 236 1635 784 84 153 
12 9 501 36 536 237 1636 784 86 156 
12 9 501 36 536 238 1636 784 86 156 
12 9 501 36 536 239 1639 784 86 156 
12 9 501 36 536 240 1639 787 86 151 
12 9 501 36 536 241 1643 787 84 156 
12 9 501 36 536 242 1643 787 84 156 
12 9 501 36 536 243 1644 787 86 156 
12 9 501 36 536 244 1644 787 86 156 
12 9 501 36 536 245 1647 790 86 156 
12 9 501 36 536 246 1647 790 86 156 
12 9 501 36 536 247 1651 790 84 156 
12 9 501 36 536 248 1651 790 84 156 
12 9 501 36 536 249 1652 792 86 156 
12 9 501 36 536 250 1652 792 86 156 
12 9 501 36 536 251 1652 792 86 156 
12 9 501 36 536 252 1652 792 86 156 
12 9 501 36 536 253 1652 792 86 156 
12 9 501 36 536 254 1652 795 86 156 
12 9 501 36 536 255 1652 795 86 156 
12 9 501 36 536 256 1655 795 86 156 
12 9 501 36 536 257 1655 795 86 156 
12 9 501 36 536 258 1655 798 86 156 
12 9 501 36 536 259 1655 798 86 156 
12 9 501 36 536 260 1655 798 86 156 
12 9 501 36 536 261 1655 798 86 156 
12 9 501 36 536 262 1659 800 84 156 
12 9 501 36 536 263 1659 800 84 156 
12 9 501 36 536 264 1659 800 84 156 
12 9 501 36 536 265 1659 800 84 156 
12 9 501 36 536 266 1659 803 84 156 
12 9 501 36 536 267 1659 803 84 156 
12 9 501 36 536 268 1660 803 86 156 
12 9 501 36 536 269 1660 803 86 156 
12 9 501 36 536 270 1660 806 86 156 
12 9 501 36 536 271 1660 806 86 156 
12 9 501 36 536 272 1660 806 86 156 
12 9 501 36 536 273 1660 806 86 156 
12 9 501 36 536 274 1663 808 86 156 
12 9 501 36 536 275 1660 808 86 156 
12 9 501 36 536 276 1660 808 86 156 
12 9 501 36 536 277 1660 808 86 156 
12 9 501 36 536 278 1660 808 86 156 
12 9 501 36 536 279 1660 811 86 156 
12 9 501 36 536 280 1660 811 86 156 
12 9 501 36 536 281 1659 811 84 156 
12 9 501 36 536 282 1659 811 84 156 
12 9 501 36 536 283 1659 814 84 156 
12 9 501 36 536 284 1659 814 84 156 
12 9 501 36 536 285 1659 814 84 156 
12 9 501 36 536 286 1659 814 84 156 
12 9 501 36 536 287 1659 816 84 156 
12 9 501 36 536 288 1655 816 86 156 
12 9 501 36 536 289 1655 816 86 156 
12 9 501 36 536 290 1655 816 86 156 
12 9 501 36 536 291 1655 816 86 156 
12 9 501 36 536 292 1655 819 86 156 
12 9 501 36 536 293 1655 819 86 156 
12 9 501 36 536 294 1652 819 86 156 
12 9 501 36 536 295 1652 819 86 156 
12 9 501 36 536 296 1652 822 86 156 
12 9 501 36 536 297 1652 822 86 156 
12 9 501 36 536 298 1652 822 86 156 
12 9 501 36 536 299 1652 822 86 156 
12 9 501 36 536 300 1652 824 86 156 
12 9 501 36 536 301 1651 824 84 156 
12 9 501 36 536 302 1651 824 84 156 
12 9 501 36 536 303 1651 823 84 160 
12 9 501 36 536 304 1651 823 84 160 
12 9 501 36 536 305 1646 827 90 156 
12 9 501 36 536 306 1646 826 90 160 
12 9 501 36 536 307 1646 826 90 160 
12 9 501 36 536 308 1646 826 90 160 
12 9 501 36 536 309 1646 829 90 159 
12 9 501 36 536 310 1643 829 92 159 
12 9 501 36 536 311 1643 829 92 159 
12 9 501 36 536 312 1643 828 92 163 
12 9 501 36 536 313 1643 831 92 160 
12 9 501 36 536 314 1643 830 92 165 
12 9 501 36 536 315 1640 830 96 165 
12 9 501 36 536 316 1640 830 96 165 
12 9 501 36 536 317 1640 830 96 168 
12 9 501 36 536 318 1640 833 96 163 
12 9 501 36 536 319 1637 833 96 163 
12 9 501 36 536 320 1637 833 96 168 
12 9 501 36 536 321 1637 833 96 168 
12 9 501 36 536 322 1637 836 96 163 
12 9 501 36 536 323 1637 836 96 168 
12 9 501 36 536 324 1632 836 102 168 
12 9 501 36 536 325 1632 835 102 171 
12 9 501 36 536 326 1632 838 102 168 
12 9 501 36 536 327 1632 838 102 168 
12 9 501 36 536 328 1632 837 102 172 
12 9 501 36 536 329 1631 837 100 172 
12 9 501 36 536 330 1631 841 100 168 
12 9 501 36 536 331 1631 840 100 172 
12 9 501 36 536 332 1631 840 100 172 
12 9 501 36 536 333 1626 840 106 172 
12 9 501 36 536 334 1626 839 106 175 
12 9 501 36 536 335 1626 843 106 171 
12 9 501 36 536 336 1626 842 106 175 
12 9 501 36 536 337 1626 842 106 175 
12 9 501 36 536 338 1623 842 108 175 
12 9 501 36 536 339 1623 844 108 177 
12 9 501 36 536 340 1623 844 108 177 
12 9 501 36 536 341 1623 844 108 177 
12 9 501 36 536 342 1623 844 108 180 
12 9 501 36 536 343 1620 847 112 175 
12 9 501 36 536 344 1620 847 112 175 
12 9 501 36 536 345 1620 847 112 180 
12 9 501 36 536 346 1620 847 112 180 
12 9 501 36 536 347 1620 850 112 180 
12 9 501 36 536 348 1620 850 112 180 
12 9 501 36 536 349 1620 850 112 180 
12 9 501 36 536 350 1620 850 112 180 
12 9 501 36 536 351 1620 852 112 177 
12 9 501 36 536 352 1620 852 112 180 
12 9 501 36 536 353 1620 852 112 180 
12 9 501 36 536 354 1620 852 112 180 
12 9 501 36 536 355 1620 855 112 175 
12 9 501 36 536 356 1620 855 112 180 
12 9 501 36 536 357 1620 855 112 180 
12 9 501 36 536 358 1620 858 112 175 
12 9 501 36 536 359 1620 858 112 175 
12 9 501 36 536 360 1622 858 112 180 
12 9 501 36 536 361 1622 858 112 180 
12 9 501 36 536 362 1622 860 112 177 
12 9 501 36 536 363 1622 860 112 177 
12 9 501 36 536 364 1622 860 112 180 
12 9 501 36 536 365 1622 863 112 175 
12 9 501 36 536 366 1622 863 112 175 
12 9 501 36 536 367 1622 863 112 175 
12 9 501 36 536 368 1622 863 112 180 
12 9 501 36 536 369 1622 866 112 175 
12 9 501 36 536 370 1622 866 112 175 
12 9 501 36 536 371 1622 866 112 175 
12 9 501 36 536 372 1625 868 112 177 
12 9 501 36 536 373 1625 868 112 177 
12 9 501 36 536 374 1625 868 112 177 
12 9 501 36 536 375 1625 868 112 177 
12 9 501 36 536 376 1625 872 112 172 
12 9 501 36 536 377 1625 871 112 175 
12 9 501 36 536 378 1625 871 112 175 
12 9 501 36 536 379 1625 871 112 175 
12 9 501 36 536 380 1625 875 112 171 
12 9 501 36 536 381 1625 874 112 175 
12 9 501 36 536 382 1625 874 112 175 
12 9 501 36 536 383 1625 877 112 172 
12 9 501 36 536 384 1625 877 112 172 
12 9 501 36 536 385 1628 876 112 177 
12 9 501 36 536 386 1628 876 112 177 
12 9 501 36 536 387 1628 880 112 172 
12 9 501 36 536 388 1628 880 112 172 
12 9 501 36 536 389 1628 879 112 175 
12 9 501 36 536 390 1628 883 112 171 
12 9 501 36 536 391 1628 883 112 171 
12 9 501 36 536 392 1628 883 112 171 
12 9 501 36 536 393 1628 882 112 175 
12 9 501 36 536 394 1628 885 112 172 
12 9 501 36 536 395 1628 885 112 172 
12 9 501 36 536 396 1628 885 112 172 
12 9 501 36 536 397 1630 888 112 172 
12 9 501 36 536 398 1630 888 112 172 
12 9 501 36 536 399 1630 888 112 172 
12 9 501 36 536 400 1630 888 112 172 
12 9 501 36 536 401 1630 891 112 171 
12 9 501 36 536 402 1630 891 112 171 
12 9 501 36 536 403 1630 891 112 171 
12 9 501 36 536 404 1633 893 112 172 
12 9 501 36 536 405 1633 893 112 172 
12 9 501 36 536 406 1633 893 112 172 
12 9 501 36 536 407 1633 893 112 172 
12 9 501 36 536 408 1633 896 112 172 
12 9 501 36 536 409 1633 896 112 172 
12 9 501 36 536 410 1633 896 112 172 
12 9 501 36 536 411 1636 899 112 171 
12 9 501 36 536 412 1636 899 112 171 
12 9 501 36 536 413 1636 899 112 171 
12 9 501 36 536 414 1636 899 112 171 
12 9 501 36 536 415 1636 901 112 172 
12 9 501 36 536 416 1636 901 112 172 
12 9 501 36 536 417 1636 901 112 172 
12 9 501 36 536 418 1638 904 112 172 
12 9 501 36 536 419 1638 904 112 172 
12 9 501 36 536 420 1638 904 112 172 
12 9 501 36 536 421 1638 907 112 171 
12 9 501 36 536 422 1638 907 112 171 
12 9 501 36 536 423 1638 907 112 171 
12 9 501 36 536 424 1638 907 112 171 
12 9 501 36 536 425 1641 909 112 169 
12 9 501 36 536 426 1641 909 112 169 
12 9 501 36 536 427 1641 909 112 169 
12 9 501 36 536 428 1641 912 112 166 
12 9 501 36 536 429 1641 912 112 166 
12 9 501 36 536 430 1641 912 112 166 
12 9 501 36 536 431 1641 912 112 166 
12 9 501 36 536 432 1644 915 112 163 
12 9 501 36 536 433 1644 915 112 163 
12 9 501 36 536 434 1644 915 112 163 
12 9 501 36 536 435 1644 917 112 161 
12 9 501 36 536 436 1644 917 112 161 
12 9 501 36 536 437 1644 917 112 161 
12 9 501 36 536 438 1644 917 112 161 
12 9 501 36 536 439 1646 920 112 158 
12 9 501 36 536 440 1646 920 112 158 
12 9 501 36 536 441 1646 920 112 158 
12 9 501 36 536 442 1646 923 112 155 
12 9 501 36 536 443 1646 923 112 155 
12 9 501 36 536 444 1646 923 112 155 
12 9 501 36 536 445 1649 925 112 153 
12 9 501 36 536 446 1649 925 112 153 
12 9 501 36 536 447 1649 925 112 153 
12 9 501 36 536 448 1649 929 112 150 
12 9 501 36 536 449 1649 929 112 150 
12 9 501 36 536 450 1649 932 112 146 
12 9 501 36 536 451 1649 932 112 146 
12 9 501 36 536 452 1649 935 112 143 
12 9 501 36 536 453 1649 935 112 143 
12 9 501 36 536 454 1649 939 112 140 
12 9 501 36 536 455 1649 939 112 140 
12 9 501 36 536 456 1649 939 112 140 
12 9 501 36 536 457 1649 942 112 136 
12 9 501 36 536 458 1649 942 112 136 
12 9 501 36 536 459 1649 945 112 133 
12 9 501 36 536 460 1649 945 112 133 
12 9 501 36 536 461 1652 948 112 130 
12 9 501 36 536 462 1652 948 112 130 
12 9 501 36 536 463 1652 952 112 127 
12 9 501 36 536 464 1652 952 112 127 
12 9 501 36 536 465 1652 952 112 127 
12 9 501 36 536 466 1652 954 112 124 
12 9 501 36 536 467 1652 954 112 124 
12 9 501 36 536 468 1652 958 112 120 
12 9 501 36 536 469 1652 958 112 120 
12 9 501 36 536 470 1652 962 112 117 
12 9 501 36 536 471 1652 962 112 117 
12 9 501 36 536 472 1652 964 112 114 
12 9 501 36 536 473 1652 964 112 114 
12 9 501 36 536 474 1652 964 112 114 
12 9 501 36 536 475 1652 968 112 110 
12 9 501 36 536 476 1652 968 112 110 
12 9 501 36 536 477 1654 971 112 107 
12 9 501 36 536 478 1654 971 112 107 
12 9 501 36 536 479 1654 974 112 105 
12 9 501 36 536 480 1654 974 112 105 
12 9 501 36 536 481 1654 977 112 101 
12 9 501 36 536 482 1654 977 112 101 
12 9 501 36 536 483 1654 977 112 101 
12 9 501 36 536 484 1654 981 112 97 
12 9 501 36 536 485 1654 981 112 97 
12 9 501 36 536 486 1654 984 112 95 
12 9 501 36 536 487 1654 984 112 95 
12 9 501 36 536 488 1654 987 112 91 
12 9 501 36 536 489 1654 987 112 91 
12 9 501 36 536 490 1654 991 112 87 
12 9 501 36 536 491 1654 991 112 87 
12 9 501 36 536 492 1657 993 112 85 
12 9 501 36 536 493 1657 993 112 85 
12 9 501 36 536 494 1657 993 112 85 
12 9 501 36 536 495 1657 997 112 82 
12 9 501 36 536 496 1657 997 112 82 
12 9 501 36 536 497 1657 997 112 82 
12 9 501 36 536 498 1660 1000 112 78 
12 9 501 36 536 499 1660 1000 112 78 
12 9 501 36 536 500 1660 1000 112 78 
12 9 501 36 536 501 1660 1003 112 75 
12 9 501 36 536 502 1660 1003 112 75 
12 9 501 36 536 503 1660 1003 112 75 
12 9 501 36 536 504 1662 1007 112 72 
12 9 501 36 536 505 1662 1007 112 72 
12 9 501 36 536 506 1662 1007 112 72 
12 9 501 36 536 507 1662 1010 112 68 
12 9 501 36 536 508 1662 1010 112 68 
12 9 501 36 536 509 1665 1010 112 68 
12 9 501 36 536 510 1665 1013 112 65 
12 9 501 36 536 511 1665 1013 112 65 
12 9 501 36 536 512 1665 1013 112 65 
12 9 501 36 536 513 1665 1017 112 62 
12 9 501 36 536 514 1665 1017 112 62 
12 9 501 36 536 515 1668 1017 112 62 
12 9 501 36 536 516 1668 1020 112 58 
12 9 501 36 536 517 1668 1020 112 58 
12 9 501 36 536 518 1668 1020 112 58 
12 9 501 36 536 519 1668 1023 112 55 
12 9 501 36 536 520 1668 1023 112 55 
12 9 501 36 536 521 1670 1023 112 55 
12 9 501 36 536 522 1670 1027 112 52 
12 9 501 36 536 523 1670 1027 112 52 
12 9 501 36 536 524 1670 1027 112 52 
12 9 501 36 536 525 1670 1030 112 48 
12 9 501 36 536 526 1673 1030 112 48 
12 9 501 36 536 527 1673 1030 112 48 
12 9 501 36 536 528 1673 1033 112 45 
12 9 501 36 536 529 1673 1033 112 45 
12 9 501 36 536 530 1673 1033 112 45 
12 9 501 36 536 531 1673 1037 112 42 
12 9 501 36 536 532 1676 1037 112 42 
12 9 501 36 536 533 1676 1037 112 42 
12 9 501 36 536 534 1676 1040 112 38 
12 9 501 36 536 535 1676 1040 112 38 
12 9 501 36 536 536 1676 1040 112 38 
13 9 862 0 861 0 1831 1021 88 57 
13 9 862 0 861 1 1829 1021 89 57 
13 9 862 0 861 2 1829 1021 89 57 
13 9 862 0 861 3 1829 1021 89 57 
13 9 862 0 861 4 1829 1021 89 57 
13 9 862 0 861 5 1829 1021 89 57 
13 9 862 0 861 6 1829 1021 89 57 
13 9 862 0 861 7 1829 1021 89 57 
13 9 862 0 861 8 1829 1021 89 57 
13 9 862 0 861 9 1829 1021 89 57 
13 9 862 0 861 10 1826 1021 92 57 
13 9 862 0 861 11 1826 1021 92 57 
13 9 862 0 861 12 1826 1021 92 57 
13 9 862 0 861 13 1826 1021 92 57 
13 9 862 0 861 14 1826 1021 92 57 
13 9 862 0 861 15 1826 1021 92 57 
13 9 862 0 861 16 1826 1021 92 57 
13 9 862 0 861 17 1826 1021 92 57 
13 9 862 0 861 18 1826 1021 92 57 
13 9 862 0 861 19 1823 1021 96 57 
13 9 862 0 861 20 1823 1021 96 57 
13 9 862 0 861 21 1823 1021 96 57 
13 9 862 0 861 22 1823 1021 96 57 
13 9 862 0 861 23 1823 1024 96 55 
13 9 862 0 861 24 1823 1024 96 55 
13 9 862 0 861 25 1823 1024 96 55 
13 9 862 0 861 26 1823 1024 96 55 
13 9 862 0 861 27 1823 1024 96 55 
13 9 862 0 861 28 1821 1024 97 55 
13 9 862 0 861 29 1821 1024 97 55 
13 9 862 0 861 30 1821 1024 97 55 
13 9 862 0 861 31 1821 1024 97 55 
13 9 862 0 861 32 1821 1024 97 55 
13 9 862 0 861 33 1821 1024 97 55 
13 9 862 0 861 34 1821 1024 97 55 
13 9 862 0 861 35 1821 1024 97 55 
13 9 862 0 861 36 1821 1024 97 55 
13 9 862 0 861 37 1818 1024 100 55 
13 9 862 0 861 38 1818 1024 100 55 
13 9 862 0 861 39 1818 1024 100 55 
13 9 862 0 861 40 1818 1024 100 55 
13 9 862 0 861 41 1818 1024 100 55 
13 9 862 0 861 42 1818 1024 100 55 
13 9 862 0 861 43 1818 1024 100 55 
13 9 862 0 861 44 1818 1024 100 55 
13 9 862 0 861 45 1818 1027 100 52 
13 9 862 0 861 46 1818 1027 100 52 
13 9 862 0 861 47 1818 1027 100 52 
13 9 862 0 861 48 1818 1027 100 52 
13 9 862 0 861 49 1818 1027 100 52 
13 9 862 0 861 50 1818 1027 100 52 
13 9 862 0 861 51 1818 1027 100 52 
13 9 862 0 861 52 1818 1027 100 52 
13 9 862 0 861 53 1818 1027 100 52 
13 9 862 0 861 54 1818 1027 100 52 
13 9 862 0 861 55 1818 1027 100 52 
13 9 862 0 861 56 1818 1027 100 52 
13 9 862 0 861 57 1818 1027 100 52 
13 9 862 0 861 58 1818 1027 100 52 
13 9 862 0 861 59 1818 1027 100 52 
13 9 862 0 861 60 1818 1027 100 52 
13 9 862 0 861 61 1818 1027 100 52 
13 9 862 0 861 62 1818 1027 100 52 
13 9 862 0 861 63 1818 1027 100 52 
13 9 862 0 861 64 1818 1027 100 52 
13 9 862 0 861 65 1818 1027 100 52 
13 9 862 0 861 66 1818 1027 100 52 
13 9 862 0 861 67 1818 1027 100 52 
13 9 862 0 861 68 1818 1027 100 52 
13 9 862 0 861 69 1818 1027 100 52 
13 9 862 0 861 70 1818 1027 100 52 
13 9 862 0 861 71 1818 1027 100 52 
13 9 862 0 861 72 1818 1027 100 52 
13 9 862 0 861 73 1818 1027 100 52 
13 9 862 0 861 74 1818 1027 100 52 
13 9 862 0 861 75 1818 1027 100 52 
13 9 862 0 861 76 1818 1027 100 52 
13 9 862 0 861 77 1818 1027 100 52 
13 9 862 0 861 78 1818 1027 100 52 
13 9 862 0 861 79 1818 1027 100 52 
13 9 862 0 861 80 1818 1027 100 52 
13 9 862 0 861 81 1818 1027 100 52 
13 9 862 0 861 82 1818 1027 100 52 
13 9 862 0 861 83 1818 1027 100 52 
13 9 862 0 861 84 1818 1027 100 52 
13 9 862 0 861 85 1818 1027 100 52 
13 9 862 0 861 86 1818 1027 100 52 
13 9 862 0 861 87 1818 1027 100 52 
13 9 862 0 861 88 1818 1027 100 52 
13 9 862 0 861 89 1818 1027 100 52 
13 9 862 0 861 90 1818 1027 100 52 
13 9 862 0 861 91 1818 1027 100 52 
13 9 862 0 861 92 1818 1027 100 52 
13 9 862 0 861 93 1818 1027 100 52 
13 9 862 0 861 94 1818 1027 100 52 
13 9 862 0 861 95 1818 1027 100 52 
13 9 862 0 861 96 1818 1027 100 52 
13 9 862 0 861 97 1818 1027 100 52 
13 9 862 0 861 98 1818 1027 100 52 
13 9 862 0 861 99 1818 1027 100 52 
13 9 862 0 861 100 1818 1027 100 52 
13 9 862 0 861 101 1818 1027 100 52 
13 9 862 0 861 102 1818 1027 100 52 
13 9 862 0 861 103 1818 1027 100 52 
13 9 862 0 861 104 1818 1027 100 52 
13 9 862 0 861 105 1818 1027 100 52 
13 9 862 0 861 106 1818 1027 100 52 
13 9 862 0 861 107 1818 1027 100 52 
13 9 862 0 861 108 1818 1027 100 52 
13 9 862 0 861 109 1818 1027 100 52 
13 9 862 0 861 110 1818 1027 100 52 
13 9 862 0 861 111 1818 1027 100 52 
13 9 862 0 861 112 1818 1027 100 52 
13 9 862 0 861 113 1818 1027 100 52 
13 9 862 0 861 114 1818 1027 100 52 
13 9 862 0 861 115 1818 1027 100 52 
13 9 862 0 861 116 1818 1027 100 52 
13 9 862 0 861 117 1818 1027 100 52 
13 9 862 0 861 118 1818 1027 100 52 
13 9 862 0 861 119 1818 1027 100 52 
13 9 862 0 861 120 1818 1027 100 52 
13 9 862 0 861 121 1818 1027 100 52 
13 9 862 0 861 122 1818 1027 100 52 
13 9 862 0 861 123 1818 1027 100 52 
13 9 862 0 861 124 1818 1027 100 52 
13 9 862 0 861 125 1818 1027 100 52 
13 9 862 0 861 126 1818 1027 100 52 
13 9 862 0 861 127 1818 1027 100 52 
13 9 862 0 861 128 1818 1027 100 52 
13 9 862 0 861 129 1818 1027 100 52 
13 9 862 0 861 130 1818 1027 100 52 
13 9 862 0 861 131 1818 1027 100 52 
13 9 862 0 861 132 1818 1027 100 52 
13 9 862 0 861 133 1818 1027 100 52 
13 9 862 0 861 134 1818 1027 100 52 
13 9 862 0 861 135 1818 1027 100 52 
13 9 862 0 861 136 1818 1027 100 52 
13 9 862 0 861 137 1818 1027 100 52 
13 9 862 0 861 138 1818 1027 100 52 
13 9 862 0 861 139 1818 1027 100 52 
13 9 862 0 861 140 1818 1027 100 52 
13 9 862 0 861 141 1818 1027 100 52 
13 9 862 0 861 142 1818 1027 100 52 
13 9 862 0 861 143 1818 1027 100 52 
13 9 862 0 861 144 1818 1027 100 52 
13 9 862 0 861 145 1818 1027 100 52 
13 9 862 0 861 146 1818 1027 100 52 
13 9 862 0 861 147 1818 1027 100 52 
13 9 862 0 861 148 1818 1027 100 52 
13 9 862 0 861 149 1818 1027 100 52 
13 9 862 0 861 150 1818 1027 100 52 
13 9 862 0 861 151 1818 1027 100 52 
13 9 862 0 861 152 1818 1027 100 52 
13 9 862 0 861 153 1818 1027 100 52 
13 9 862 0 861 154 1818 1027 100 52 
13 9 862 0 861 155 1818 1027 100 52 
13 9 862 0 861 156 1818 1027 100 52 
13 9 862 0 861 157 1818 1027 100 52 
13 9 862 0 861 158 1818 1027 100 52 
13 9 862 0 861 159 1818 1027 100 52 
13 9 862 0 861 160 1818 1027 100 52 
13 9 862 0 861 161 1818 1027 100 52 
13 9 862 0 861 162 1818 1027 100 52 
13 9 862 0 861 163 1818 1027 100 52 
13 9 862 0 861 164 1818 1027 100 52 
13 9 862 0 861 165 1818 1027 100 52 
13 9 862 0 861 166 1818 1027 100 52 
13 9 862 0 861 167 1818 1027 100 52 
13 9 862 0 861 168 1818 1027 100 52 
13 9 862 0 861 169 1818 1027 100 52 
13 9 862 0 861 170 1818 1027 100 52 
13 9 862 0 861 171 1818 1027 100 52 
13 9 862 0 861 172 1818 1027 100 52 
13 9 862 0 861 173 1818 1027 100 52 
13 9 862 0 861 174 1818 1027 100 52 
13 9 862 0 861 175 1818 1027 100 52 
13 9 862 0 861 176 1818 1027 100 52 
13 9 862 0 861 177 1818 1027 100 52 
13 9 862 0 861 178 1818 1027 100 52 
13 9 862 0 861 179 1818 1027 100 52 
13 9 862 0 861 180 1818 1027 100 52 
13 9 862 0 861 181 1818 1027 100 52 
13 9 862 0 861 182 1818 1027 100 52 
13 9 862 0 861 183 1818 1027 100 52 
13 9 862 0 861 184 1818 1027 100 52 
13 9 862 0 861 185 1818 1027 100 52 
13 9 862 0 861 186 1818 1027 100 52 
13 9 862 0 861 187 1818 1027 100 52 
13 9 862 0 861 188 1818 1027 100 52 
13 9 862 0 861 189 1818 1027 100 52 
13 9 862 0 861 190 1818 1027 100 52 
13 9 862 0 861 191 1818 1027 100 52 
13 9 862 0 861 192 1818 1027 100 52 
13 9 862 0 861 193 1818 1027 100 52 
13 9 862 0 861 194 1818 1027 100 52 
13 9 862 0 861 195 1818 1027 100 52 
13 9 862 0 861 196 1818 1027 100 52 
13 9 862 0 861 197 1818 1027 100 52 
13 9 862 0 861 198 1818 1027 100 52 
13 9 862 0 861 199 1818 1027 100 52 
13 9 862 0 861 200 1818 1027 100 52 
13 9 862 0 861 201 1818 1027 100 52 
13 9 862 0 861 202 1818 1027 100 52 
13 9 862 0 861 203 1818 1027 100 52 
13 9 862 0 861 204 1818 1027 100 52 
13 9 862 0 861 205 1818 1027 100 52 
13 9 862 0 861 206 1818 1027 100 52 
13 9 862 0 861 207 1818 1027 100 52 
13 9 862 0 861 208 1818 1027 100 52 
13 9 862 0 861 209 1818 1027 100 52 
13 9 862 0 861 210 1818 1027 100 52 
13 9 862 0 861 211 1818 1027 100 52 
13 9 862 0 861 212 1818 1027 100 52 
13 9 862 0 861 213 1818 1027 100 52 
13 9 862 0 861 214 1818 1027 100 52 
13 9 862 0 861 215 1818 1027 100 52 
13 9 862 0 861 216 1818 1027 100 52 
13 9 862 0 861 217 1818 1027 100 52 
13 9 862 0 861 218 1818 1027 100 52 
13 9 862 0 861 219 1818 1027 100 52 
13 9 862 0 861 220 1818 1027 100 52 
13 9 862 0 861 221 1818 1027 100 52 
13 9 862 0 861 222 1818 1027 100 52 
13 9 862 0 861 223 1818 1027 100 52 
13 9 862 0 861 224 1818 1027 100 52 
13 9 862 0 861 225 1818 1027 100 52 
13 9 862 0 861 226 1818 1027 100 52 
13 9 862 0 861 227 1818 1027 100 52 
13 9 862 0 861 228 1818 1027 100 52 
13 9 862 0 861 229 1818 1027 100 52 
13 9 862 0 861 230 1818 1027 100 52 
13 9 862 0 861 231 1818 1027 100 52 
13 9 862 0 861 232 1818 1027 100 52 
13 9 862 0 861 233 1818 1027 100 52 
13 9 862 0 861 234 1818 1027 100 52 
13 9 862 0 861 235 1818 1027 100 52 
13 9 862 0 861 236 1818 1027 100 52 
13 9 862 0 861 237 1818 1027 100 52 
13 9 862 0 861 238 1818 1027 100 52 
13 9 862 0 861 239 1818 1027 100 52 
13 9 862 0 861 240 1818 1027 100 52 
13 9 862 0 861 241 1818 1027 100 52 
13 9 862 0 861 242 1818 1027 100 52 
13 9 862 0 861 243 1818 1027 100 52 
13 9 862 0 861 244 1818 1027 100 52 
13 9 862 0 861 245 1818 1027 100 52 
13 9 862 0 861 246 1818 1027 100 52 
13 9 862 0 861 247 1818 1027 100 52 
13 9 862 0 861 248 1818 1027 100 52 
13 9 862 0 861 249 1818 1027 100 52 
13 9 862 0 861 250 1818 1027 100 52 
13 9 862 0 861 251 1818 1027 100 52 
13 9 862 0 861 252 1818 1027 100 52 
13 9 862 0 861 253 1818 1027 100 52 
13 9 862 0 861 254 1818 1027 100 52 
13 9 862 0 861 255 1818 1027 100 52 
13 9 862 0 861 256 1818 1027 100 52 
13 9 862 0 861 257 1818 1027 100 52 
13 9 862 0 861 258 1818 1027 100 52 
13 9 862 0 861 259 1818 1027 100 52 
13 9 862 0 861 260 1818 1027 100 52 
13 9 862 0 861 261 1818 1027 100 52 
13 9 862 0 861 262 1818 1027 100 52 
13 9 862 0 861 263 1818 1027 100 52 
13 9 862 0 861 264 1818 1027 100 52 
13 9 862 0 861 265 1818 1027 100 52 
13 9 862 0 861 266 1818 1027 100 52 
13 9 862 0 861 267 1818 1027 100 52 
13 9 862 0 861 268 1818 1027 100 52 
13 9 862 0 861 269 1818 1027 100 52 
13 9 862 0 861 270 1818 1027 100 52 
13 9 862 0 861 271 1818 1027 100 52 
13 9 862 0 861 272 1818 1027 100 52 
13 9 862 0 861 273 1818 1027 100 52 
13 9 862 0 861 274 1818 1027 100 52 
13 9 862 0 861 275 1818 1027 100 52 
13 9 862 0 861 276 1818 1027 100 52 
13 9 862 0 861 277 1818 1027 100 52 
13 9 862 0 861 278 1818 1027 100 52 
13 9 862 0 861 279 1818 1027 100 52 
13 9 862 0 861 280 1818 1027 100 52 
13 9 862 0 861 281 1818 1027 100 52 
13 9 862 0 861 282 1818 1027 100 52 
13 9 862 0 861 283 1818 1027 100 52 
13 9 862 0 861 284 1818 1027 100 52 
13 9 862 0 861 285 1818 1027 100 52 
13 9 862 0 861 286 1818 1027 100 52 
13 9 862 0 861 287 1818 1027 100 52 
13 9 862 0 861 288 1818 1027 100 52 
13 9 862 0 861 289 1818 1027 100 52 
13 9 862 0 861 290 1818 1027 100 52 
13 9 862 0 861 291 1818 1027 100 52 
13 9 862 0 861 292 1818 1027 100 52 
13 9 862 0 861 293 1818 1027 100 52 
13 9 862 0 861 294 1818 1027 100 52 
13 9 862 0 861 295 1818 1027 100 52 
13 9 862 0 861 296 1818 1027 100 52 
13 9 862 0 861 297 1818 1027 100 52 
13 9 862 0 861 298 1818 1027 100 52 
13 9 862 0 861 299 1818 1027 100 52 
13 9 862 0 861 300 1818 1027 100 52 
13 9 862 0 861 301 1818 1023 100 55 
13 9 862 0 861 302 1818 1023 100 55 
13 9 862 0 861 303 1818 1023 100 55 
13 9 862 0 861 304 1818 1023 100 55 
13 9 862 0 861 305 1818 1023 100 55 
13 9 862 0 861 306 1818 1023 100 55 
13 9 862 0 861 307 1818 1023 100 55 
13 9 862 0 861 308 1818 1023 100 55 
13 9 862 0 861 309 1818 1023 100 55 
13 9 862 0 861 310 1818 1023 100 55 
13 9 862 0 861 311 1818 1023 100 55 
13 9 862 0 861 312 1818 1023 100 55 
13 9 862 0 861 313 1818 1023 100 55 
13 9 862 0 861 314 1818 1023 100 55 
13 9 862 0 861 315 1818 1023 100 55 
13 9 862 0 861 316 1818 1023 100 55 
13 9 862 0 861 317 1818 1023 100 55 
13 9 862 0 861 318 1818 1023 100 55 
13 9 862 0 861 319 1818 1023 100 55 
13 9 862 0 861 320 1818 1023 100 55 
13 9 862 0 861 321 1818 1023 100 55 
13 9 862 0 861 322 1818 1023 100 55 
13 9 862 0 861 323 1818 1023 100 55 
13 9 862 0 861 324 1818 1023 100 55 
13 9 862 0 861 325 1818 1023 100 55 
13 9 862 0 861 326 1818 1023 100 55 
13 9 862 0 861 327 1818 1023 100 55 
13 9 862 0 861 328 1818 1023 100 55 
13 9 862 0 861 329 1818 1023 100 55 
13 9 862 0 861 330 1818 1023 100 55 
13 9 862 0 861 331 1818 1023 100 55 
13 9 862 0 861 332 1818 1023 100 55 
13 9 862 0 861 333 1818 1023 100 55 
13 9 862 0 861 334 1818 1023 100 55 
13 9 862 0 861 335 1818 1023 100 55 
13 9 862 0 861 336 1818 1023 100 55 
13 9 862 0 861 337 1818 1023 100 55 
13 9 862 0 861 338 1818 1023 100 55 
13 9 862 0 861 339 1818 1023 100 55 
13 9 862 0 861 340 1818 1023 100 55 
13 9 862 0 861 341 1818 1023 100 55 
13 9 862 0 861 342 1818 1023 100 55 
13 9 862 0 861 343 1818 1023 100 55 
13 9 862 0 861 344 1818 1023 100 55 
13 9 862 0 861 345 1818 1023 100 55 
13 9 862 0 861 346 1818 1023 100 55 
13 9 862 0 861 347 1818 1023 100 55 
13 9 862 0 861 348 1818 1023 100 55 
13 9 862 0 861 349 1818 1023 100 55 
13 9 862 0 861 350 1818 1023 100 55 
13 9 862 0 861 351 1818 1023 100 55 
13 9 862 0 861 352 1818 1023 100 55 
13 9 862 0 861 353 1818 1023 100 55 
13 9 862 0 861 354 1818 1023 100 55 
13 9 862 0 861 355 1818 1023 100 55 
13 9 862 0 861 356 1818 1023 100 55 
13 9 862 0 861 357 1818 1023 100 55 
13 9 862 0 861 358 1818 1023 100 55 
13 9 862 0 861 359 1818 1023 100 55 
13 9 862 0 861 360 1818 1023 100 55 
13 9 862 0 861 361 1818 1023 100 55 
13 9 862 0 861 362 1818 1023 100 55 
13 9 862 0 861 363 1818 1023 100 55 
13 9 862 0 861 364 1818 1023 100 55 
13 9 862 0 861 365 1818 1023 100 55 
13 9 862 0 861 366 1818 1023 100 55 
13 9 862 0 861 367 1818 1023 100 55 
13 9 862 0 861 368 1818 1023 100 55 
13 9 862 0 861 369 1818 1023 100 55 
13 9 862 0 861 370 1818 1023 100 55 
13 9 862 0 861 371 1818 1023 100 55 
13 9 862 0 861 372 1818 1023 100 55 
13 9 862 0 861 373 1818 1023 100 55 
13 9 862 0 861 374 1818 1023 100 55 
13 9 862 0 861 375 1818 1023 100 55 
13 9 862 0 861 376 1818 1023 100 55 
13 9 862 0 861 377 1818 1023 100 55 
13 9 862 0 861 378 1818 1023 100 55 
13 9 862 0 861 379 1818 1023 100 55 
13 9 862 0 861 380 1818 1023 100 55 
13 9 862 0 861 381 1818 1023 100 55 
13 9 862 0 861 382 1818 1023 100 55 
13 9 862 0 861 383 1818 1023 100 55 
13 9 862 0 861 384 1818 1023 100 55 
13 9 862 0 861 385 1818 1023 100 55 
13 9 862 0 861 386 1818 1023 100 55 
13 9 862 0 861 387 1818 1023 100 55 
13 9 862 0 861 388 1818 1023 100 55 
13 9 862 0 861 389 1818 1023 100 55 
13 9 862 0 861 390 1818 1023 100 55 
13 9 862 0 861 391 1818 1023 100 55 
13 9 862 0 861 392 1818 1023 100 55 
13 9 862 0 861 393 1818 1023 100 55 
13 9 862 0 861 394 1818 1023 100 55 
13 9 862 0 861 395 1818 1023 100 55 
13 9 862 0 861 396 1818 1023 100 55 
13 9 862 0 861 397 1818 1023 100 55 
13 9 862 0 861 398 1818 1023 100 55 
13 9 862 0 861 399 1818 1023 100 55 
13 9 862 0 861 400 1817 1023 102 55 
13 9 862 0 861 401 1817 1023 102 55 
13 9 862 0 861 402 1817 1023 102 55 
13 9 862 0 861 403 1817 1023 102 55 
13 9 862 0 861 404 1817 1023 102 55 
13 9 862 0 861 405 1817 1023 102 55 
13 9 862 0 861 406 1817 1023 102 55 
13 9 862 0 861 407 1817 1023 102 55 
13 9 862 0 861 408 1817 1023 102 55 
13 9 862 0 861 409 1817 1023 102 55 
13 9 862 0 861 410 1817 1023 102 55 
13 9 862 0 861 411 1817 1023 102 55 
13 9 862 0 861 412 1817 1023 102 55 
13 9 862 0 861 413 1817 1023 102 55 
13 9 862 0 861 414 1817 1023 102 55 
13 9 862 0 861 415 1817 1023 102 55 
13 9 862 0 861 416 1817 1023 102 55 
13 9 862 0 861 417 1817 1023 102 55 
13 9 862 0 861 418 1817 1023 102 55 
13 9 862 0 861 419 1817 1023 102 55 
13 9 862 0 861 420 1817 1023 102 55 
13 9 862 0 861 421 1817 1023 102 55 
13 9 862 0 861 422 1817 1023 102 55 
13 9 862 0 861 423 1817 1023 102 55 
13 9 862 0 861 424 1817 1023 102 55 
13 9 862 0 861 425 1817 1023 102 55 
13 9 862 0 861 426 1817 1023 102 55 
13 9 862 0 861 427 1817 1023 102 55 
13 9 862 0 861 428 1817 1023 102 55 
13 9 862 0 861 429 1817 1023 102 55 
13 9 862 0 861 430 1817 1023 102 55 
13 9 862 0 861 431 1817 1023 102 55 
13 9 862 0 861 432 1817 1023 102 55 
13 9 862 0 861 433 1817 1023 102 55 
13 9 862 0 861 434 1817 1023 102 55 
13 9 862 0 861 435 1817 1023 102 55 
13 9 862 0 861 436 1817 1023 102 55 
13 9 862 0 861 437 1817 1023 102 55 
13 9 862 0 861 438 1817 1023 102 55 
13 9 862 0 861 439 1817 1023 102 55 
13 9 862 0 861 440 1817 1023 102 55 
13 9 862 0 861 441 1817 1023 102 55 
13 9 862 0 861 442 1817 1023 102 55 
13 9 862 0 861 443 1817 1023 102 55 
13 9 862 0 861 444 1817 1023 102 55 
13 9 862 0 861 445 1817 1023 102 55 
13 9 862 0 861 446 1817 1023 102 55 
13 9 862 0 861 447 1817 1023 102 55 
13 9 862 0 861 448 1817 1023 102 55 
13 9 862 0 861 449 1817 1023 102 55 
13 9 862 0 861 450 1817 1023 102 55 
13 9 862 0 861 451 1817 1023 102 55 
13 9 862 0 861 452 1817 1023 102 55 
13 9 862 0 861 453 1817 1023 102 55 
13 9 862 0 861 454 1817 1023 102 55 
13 9 862 0 861 455 1817 1023 102 55 
13 9 862 0 861 456 1817 1023 102 55 
13 9 862 0 861 457 1817 1023 102 55 
13 9 862 0 861 458 1817 1023 102 55 
13 9 862 0 861 459 1817 1023 102 55 
13 9 862 0 861 460 1817 1023 102 55 
13 9 862 0 861 461 1817 1023 102 55 
13 9 862 0 861 462 1817 1023 102 55 
13 9 862 0 861 463 1817 1023 102 55 
13 9 862 0 861 464 1817 1023 102 55 
13 9 862 0 861 465 1817 1023 102 55 
13 9 862 0 861 466 1817 1023 102 55 
13 9 862 0 861 467 1817 1023 102 55 
13 9 862 0 861 468 1817 1023 102 55 
13 9 862 0 861 469 1817 1023 102 55 
13 9 862 0 861 470 1817 1023 102 55 
13 9 862 0 861 471 1817 1023 102 55 
13 9 862 0 861 472 1817 1023 102 55 
13 9 862 0 861 473 1817 1023 102 55 
13 9 862 0 861 474 1817 1023 102 55 
13 9 862 0 861 475 1817 1023 102 55 
13 9 862 0 861 476 1817 1023 102 55 
13 9 862 0 861 477 1817 1023 102 55 
13 9 862 0 861 478 1817 1023 102 55 
13 9 862 0 861 479 1817 1023 102 55 
13 9 862 0 861 480 1817 1023 102 55 
13 9 862 0 861 481 1817 1023 102 55 
13 9 862 0 861 482 1817 1023 102 55 
13 9 862 0 861 483 1817 1023 102 55 
13 9 862 0 861 484 1817 1023 102 55 
13 9 862 0 861 485 1817 1023 102 55 
13 9 862 0 861 486 1817 1023 102 55 
13 9 862 0 861 487 1817 1023 102 55 
13 9 862 0 861 488 1817 1023 102 55 
13 9 862 0 861 489 1817 1023 102 55 
13 9 862 0 861 490 1817 1023 102 55 
13 9 862 0 861 491 1817 1023 102 55 
13 9 862 0 861 492 1817 1023 102 55 
13 9 862 0 861 493 1817 1023 102 55 
13 9 862 0 861 494 1817 1023 102 55 
13 9 862 0 861 495 1817 1023 102 55 
13 9 862 0 861 496 1817 1023 102 55 
13 9 862 0 861 497 1817 1023 102 55 
13 9 862 0 861 498 1817 1023 102 55 
13 9 862 0 861 499 1817 1023 102 55 
13 9 862 0 861 500 1815 1023 103 55 
13 9 862 0 861 501 1815 1023 103 55 
13 9 862 0 861 502 1815 1023 103 55 
13 9 862 0 861 503 1815 1023 103 55 
13 9 862 0 861 504 1815 1023 103 55 
13 9 862 0 861 505 1815 1023 103 55 
13 9 862 0 861 506 1815 1023 103 55 
13 9 862 0 861 507 1815 1023 103 55 
13 9 862 0 861 508 1815 1023 103 55 
13 9 862 0 861 509 1815 1023 103 55 
13 9 862 0 861 510 1815 1023 103 55 
13 9 862 0 861 511 1815 1023 103 55 
13 9 862 0 861 512 1815 1023 103 55 
13 9 862 0 861 513 1815 1023 103 55 
13 9 862 0 861 514 1815 1023 103 55 
13 9 862 0 861 515 1815 1023 103 55 
13 9 862 0 861 516 1815 1023 103 55 
13 9 862 0 861 517 1815 1023 103 55 
13 9 862 0 861 518 1815 1023 103 55 
13 9 862 0 861 519 1815 1023 103 55 
13 9 862 0 861 520 1815 1023 103 55 
13 9 862 0 861 521 1815 1023 103 55 
13 9 862 0 861 522 1815 1023 103 55 
13 9 862 0 861 523 1815 1023 103 55 
13 9 862 0 861 524 1815 1023 103 55 
13 9 862 0 861 525 1815 1023 103 55 
13 9 862 0 861 526 1815 1023 103 55 
13 9 862 0 861 527 1815 1023 103 55 
13 9 862 0 861 528 1815 1023 103 55 
13 9 862 0 861 529 1815 1023 103 55 
13 9 862 0 861 530 1815 1023 103 55 
13 9 862 0 861 531 1815 1023 103 55 
13 9 862 0 861 532 1815 1023 103 55 
13 9 862 0 861 533 1815 1023 103 55 
13 9 862 0 861 534 1815 1023 103 55 
13 9 862 0 861 535 1815 1023 103 55 
13 9 862 0 861 536 1815 1023 103 55 
13 9 862 0 861 537 1815 1023 103 55 
13 9 862 0 861 538 1815 1023 103 55 
13 9 862 0 861 539 1815 1023 103 55 
13 9 862 0 861 540 1815 1023 103 55 
13 9 862 0 861 541 1815 1023 103 55 
13 9 862 0 861 542 1815 1023 103 55 
13 9 862 0 861 543 1815 1023 103 55 
13 9 862 0 861 544 1815 1023 103 55 
13 9 862 0 861 545 1815 1023 103 55 
13 9 862 0 861 546 1815 1023 103 55 
13 9 862 0 861 547 1815 1023 103 55 
13 9 862 0 861 548 1815 1023 103 55 
13 9 862 0 861 549 1815 1023 103 55 
13 9 862 0 861 550 1815 1023 103 55 
13 9 862 0 861 551 1815 1023 103 55 
13 9 862 0 861 552 1815 1023 103 55 
13 9 862 0 861 553 1815 1023 103 55 
13 9 862 0 861 554 1815 1023 103 55 
13 9 862 0 861 555 1815 1023 103 55 
13 9 862 0 861 556 1815 1023 103 55 
13 9 862 0 861 557 1815 1023 103 55 
13 9 862 0 861 558 1815 1023 103 55 
13 9 862 0 861 559 1815 1023 103 55 
13 9 862 0 861 560 1815 1023 103 55 
13 9 862 0 861 561 1815 1023 103 55 
13 9 862 0 861 562 1815 1023 103 55 
13 9 862 0 861 563 1815 1023 103 55 
13 9 862 0 861 564 1815 1023 103 55 
13 9 862 0 861 565 1815 1023 103 55 
13 9 862 0 861 566 1815 1023 103 55 
13 9 862 0 861 567 1815 1023 103 55 
13 9 862 0 861 568 1815 1023 103 55 
13 9 862 0 861 569 1815 1023 103 55 
13 9 862 0 861 570 1815 1023 103 55 
13 9 862 0 861 571 1815 1023 103 55 
13 9 862 0 861 572 1815 1023 103 55 
13 9 862 0 861 573 1815 1023 103 55 
13 9 862 0 861 574 1815 1023 103 55 
13 9 862 0 861 575 1815 1023 103 55 
13 9 862 0 861 576 1815 1023 103 55 
13 9 862 0 861 577 1815 1023 103 55 
13 9 862 0 861 578 1815 1023 103 55 
13 9 862 0 861 579 1815 1023 103 55 
13 9 862 0 861 580 1815 1023 103 55 
13 9 862 0 861 581 1815 1023 103 55 
13 9 862 0 861 582 1815 1023 103 55 
13 9 862 0 861 583 1815 1023 103 55 
13 9 862 0 861 584 1815 1023 103 55 
13 9 862 0 861 585 1815 1023 103 55 
13 9 862 0 861 586 1815 1023 103 55 
13 9 862 0 861 587 1815 1023 103 55 
13 9 862 0 861 588 1815 1023 103 55 
13 9 862 0 861 589 1815 1023 103 55 
13 9 862 0 861 590 1815 1023 103 55 
13 9 862 0 861 591 1815 1023 103 55 
13 9 862 0 861 592 1815 1023 103 55 
13 9 862 0 861 593 1815 1023 103 55 
13 9 862 0 861 594 1815 1023 103 55 
13 9 862 0 861 595 1815 1023 103 55 
13 9 862 0 861 596 1815 1023 103 55 
13 9 862 0 861 597 1815 1023 103 55 
13 9 862 0 861 598 1815 1023 103 55 
13 9 862 0 861 599 1815 1023 103 55 
13 9 862 0 861 600 1814 1023 104 55 
13 9 862 0 861 601 1814 1020 104 58 
13 9 862 0 861 602 1814 1020 104 58 
13 9 862 0 861 603 1814 1020 104 58 
13 9 862 0 861 604 1814 1020 104 58 
13 9 862 0 861 605 1814 1020 104 58 
13 9 862 0 861 606 1814 1020 104 58 
13 9 862 0 861 607 1814 1020 104 58 
13 9 862 0 861 608 1814 1020 104 58 
13 9 862 0 861 609 1814 1020 104 58 
13 9 862 0 861 610 1814 1020 104 58 
13 9 862 0 861 611 1814 1020 104 58 
13 9 862 0 861 612 1814 1020 104 58 
13 9 862 0 861 613 1814 1020 104 58 
13 9 862 0 861 614 1814 1020 104 58 
13 9 862 0 861 615 1814 1020 104 58 
13 9 862 0 861 616 1814 1020 104 58 
13 9 862 0 861 617 1814 1020 104 58 
13 9 862 0 861 618 1814 1020 104 58 
13 9 862 0 861 619 1814 1020 104 58 
13 9 862 0 861 620 1814 1020 104 58 
13 9 862 0 861 621 1814 1020 104 58 
13 9 862 0 861 622 1814 1020 104 58 
13 9 862 0 861 623 1814 1020 104 58 
13 9 862 0 861 624 1819 1020 100 58 
13 9 862 0 861 625 1815 1017 103 61 
13 9 862 0 861 626 1815 1017 103 61 
13 9 862 0 861 627 1815 1017 103 61 
13 9 862 0 861 628 1815 1017 103 61 
13 9 862 0 861 629 1815 1017 103 61 
13 9 862 0 861 630 1812 1017 106 61 
13 9 862 0 861 631 1812 1017 106 61 
13 9 862 0 861 632 1812 1017 106 61 
13 9 862 0 861 633 1812 1017 106 61 
13 9 862 0 861 634 1812 1017 106 61 
13 9 862 0 861 635 1811 1017 108 61 
13 9 862 0 861 636 1811 1017 108 61 
13 9 862 0 861 637 1811 1017 108 61 
13 9 862 0 861 638 1811 1017 108 61 
13 9 862 0 861 639 1811 1017 108 61 
13 9 862 0 861 640 1807 1017 111 61 
13 9 862 0 861 641 1807 1017 111 61 
13 9 862 0 861 642 1807 1017 111 61 
13 9 862 0 861 643 1807 1017 111 61 
13 9 862 0 861 644 1807 1017 111 61 
13 9 862 0 861 645 1804 1017 114 61 
13 9 862 0 861 646 1804 1017 114 61 
13 9 862 0 861 647 1804 1017 114 61 
13 9 862 0 861 648 1804 1017 114 61 
13 9 862 0 861 649 1804 1017 114 61 
13 9 862 0 861 650 1804 1017 114 61 
13 9 862 0 861 651 1804 1017 114 61 
13 9 862 0 861 652 1804 1017 114 61 
13 9 862 0 861 653 1804 1017 114 61 
13 9 862 0 861 654 1804 1017 114 61 
13 9 862 0 861 655 1804 1017 114 61 
13 9 862 0 861 656 1804 1017 114 61 
13 9 862 0 861 657 1804 1017 114 61 
13 9 862 0 861 658 1807 1017 111 61 
13 9 862 0 861 659 1807 1017 111 61 
13 9 862 0 861 660 1807 1017 111 61 
13 9 862 0 861 661 1807 1017 111 61 
13 9 862 0 861 662 1807 1017 111 61 
13 9 862 0 861 663 1807 1017 111 61 
13 9 862 0 861 664 1807 1017 111 61 
13 9 862 0 861 665 1811 1017 108 61 
13 9 862 0 861 666 1811 1017 108 61 
13 9 862 0 861 667 1811 1017 108 61 
13 9 862 0 861 668 1811 1017 108 61 
13 9 862 0 861 669 1811 1017 108 61 
13 9 862 0 861 670 1811 1017 108 61 
13 9 862 0 861 671 1811 1017 108 61 
13 9 862 0 861 672 1812 1020 106 58 
13 9 862 0 861 673 1812 1020 106 58 
13 9 862 0 861 674 1812 1020 106 58 
13 9 862 0 861 675 1812 1020 106 58 
13 9 862 0 861 676 1812 1020 106 58 
13 9 862 0 861 677 1812 1020 106 58 
13 9 862 0 861 678 1812 1020 106 58 
13 9 862 0 861 679 1812 1020 106 58 
13 9 862 0 861 680 1812 1020 106 58 
13 9 862 0 861 681 1812 1020 106 58 
13 9 862 0 861 682 1812 1020 106 58 
13 9 862 0 861 683 1812 1020 106 58 
13 9 862 0 861 684 1812 1020 106 58 
13 9 862 0 861 685 1812 1020 106 58 
13 9 862 0 861 686 1812 1020 106 58 
13 9 862 0 861 687 1812 1020 106 58 
13 9 862 0 861 688 1812 1020 106 58 
13 9 862 0 861 689 1812 1020 106 58 
13 9 862 0 861 690 1812 1020 106 58 
13 9 862 0 861 691 1812 1020 106 58 
13 9 862 0 861 692 1812 1020 106 58 
13 9 862 0 861 693 1812 1020 106 58 
13 9 862 0 861 694 1812 1020 106 58 
13 9 862 0 861 695 1812 1020 106 58 
13 9 862 0 861 696 1812 1020 106 58 
13 9 862 0 861 697 1812 1020 106 58 
13 9 862 0 861 698 1815 1020 103 58 
13 9 862 0 861 699 1815 1020 103 58 
13 9 862 0 861 700 1815 1020 103 58 
13 9 862 0 861 701 1815 1020 103 58 
13 9 862 0 861 702 1815 1020 103 58 
13 9 862 0 861 703 1815 1020 103 58 
13 9 862 0 861 704 1815 1020 103 58 
13 9 862 0 861 705 1815 1020 103 58 
13 9 862 0 861 706 1815 1020 103 58 
13 9 862 0 861 707 1815 1020 103 58 
13 9 862 0 861 708 1815 1020 103 58 
13 9 862 0 861 709 1815 1020 103 58 
13 9 862 0 861 710 1815 1020 103 58 
13 9 862 0 861 711 1815 1020 103 58 
13 9 862 0 861 712 1815 1020 103 58 
13 9 862 0 861 713 1815 1020 103 58 
13 9 862 0 861 714 1815 1020 103 58 
13 9 862 0 861 715 1815 1020 103 58 
13 9 862 0 861 716 1815 1020 103 58 
13 9 862 0 861 717 1815 1020 103 58 
13 9 862 0 861 718 1815 1020 103 58 
13 9 862 0 861 719 1815 1020 103 58 
13 9 862 0 861 720 1815 1020 103 58 
13 9 862 0 861 721 1815 1020 103 58 
13 9 862 0 861 722 1815 1020 103 58 
13 9 862 0 861 723 1815 1020 103 58 
13 9 862 0 861 724 1819 1020 100 58 
13 9 862 0 861 725 1819 1017 100 62 
13 9 862 0 861 726 1819 1017 100 62 
13 9 862 0 861 727 1819 1017 100 62 
13 9 862 0 861 728 1819 1017 100 62 
13 9 862 0 861 729 1819 1017 100 62 
13 9 862 0 861 730 1819 1017 100 62 
13 9 862 0 861 731 1819 1017 100 62 
13 9 862 0 861 732 1819 1017 100 62 
13 9 862 0 861 733 1819 1017 100 62 
13 9 862 0 861 734 1819 1017 100 62 
13 9 862 0 861 735 1819 1017 100 62 
13 9 862 0 861 736 1819 1017 100 62 
13 9 862 0 861 737 1819 1017 100 62 
13 9 862 0 861 738 1819 1017 100 62 
13 9 862 0 861 739 1819 1017 100 62 
13 9 862 0 861 740 1819 1017 100 62 
13 9 862 0 861 741 1819 1013 100 65 
13 9 862 0 861 742 1819 1013 100 65 
13 9 862 0 861 743 1819 1013 100 65 
13 9 862 0 861 744 1819 1013 100 65 
13 9 862 0 861 745 1819 1013 100 65 
13 9 862 0 861 746 1819 1013 100 65 
13 9 862 0 861 747 1819 1013 100 65 
13 9 862 0 861 748 1819 1013 100 65 
13 9 862 0 861 749 1819 1013 100 65 
13 9 862 0 861 750 1819 1013 100 65 
13 9 862 0 861 751 1819 1013 100 65 
13 9 862 0 861 752 1819 1013 100 65 
13 9 862 0 861 753 1819 1013 100 65 
13 9 862 0 861 754 1819 1013 100 65 
13 9 862 0 861 755 1819 1013 100 65 
13 9 862 0 861 756 1819 1013 100 65 
13 9 862 0 861 757 1819 1010 100 68 
13 9 862 0 861 758 1819 1010 100 68 
13 9 862 0 861 759 1819 1010 100 68 
13 9 862 0 861 760 1819 1010 100 68 
13 9 862 0 861 761 1819 1010 100 68 
13 9 862 0 861 762 1819 1010 100 68 
13 9 862 0 861 763 1819 1010 100 68 
13 9 862 0 861 764 1819 1010 100 68 
13 9 862 0 861 765 1819 1010 100 68 
13 9 862 0 861 766 1819 1010 100 68 
13 9 862 0 861 767 1819 1010 100 68 
13 9 862 0 861 768 1819 1010 100 68 
13 9 862 0 861 769 1819 1010 100 68 
13 9 862 0 861 770 1819 1010 100 68 
13 9 862 0 861 771 1819 1010 100 68 
13 9 862 0 861 772 1819 1010 100 68 
13 9 862 0 861 773 1819 1010 100 68 
13 9 862 0 861 774 1819 1010 100 68 
13 9 862 0 861 775 1819 1010 100 68 
13 9 862 0 861 776 1819 1010 100 68 
13 9 862 0 861 777 1819 1010 100 68 
13 9 862 0 861 778 1819 1010 100 68 
13 9 862 0 861 779 1819 1010 100 68 
13 9 862 0 861 780 1819 1010 100 68 
13 9 862 0 861 781 1819 1010 100 68 
13 9 862 0 861 782 1819 1010 100 68 
13 9 862 0 861 783 1819 1010 100 68 
13 9 862 0 861 784 1819 1013 100 65 
13 9 862 0 861 785 1819 1013 100 65 
13 9 862 0 861 786 1819 1013 100 65 
13 9 862 0 861 787 1819 1013 100 65 
13 9 862 0 861 788 1819 1013 100 65 
13 9 862 0 861 789 1819 1013 100 65 
13 9 862 0 861 790 1819 1013 100 65 
13 9 862 0 861 791 1819 1013 100 65 
13 9 862 0 861 792 1819 1013 100 65 
13 9 862 0 861 793 1819 1013 100 65 
13 9 862 0 861 794 1819 1013 100 65 
13 9 862 0 861 795 1819 1017 100 62 
13 9 862 0 861 796 1819 1017 100 62 
13 9 862 0 861 797 1819 1017 100 62 
13 9 862 0 861 798 1819 1017 100 62 
13 9 862 0 861 799 1819 1017 100 62 
13 9 862 0 861 800 1819 1017 100 62 
13 9 862 0 861 801 1819 1017 100 62 
13 9 862 0 861 802 1819 1017 100 62 
13 9 862 0 861 803 1819 1017 100 62 
13 9 862 0 861 804 1819 1017 100 62 
13 9 862 0 861 805 1819 1017 100 62 
13 9 862 0 861 806 1819 1020 100 58 
13 9 862 0 861 807 1819 1020 100 58 
13 9 862 0 861 808 1819 1020 100 58 
13 9 862 0 861 809 1819 1020 100 58 
13 9 862 0 861 810 1819 1020 100 58 
13 9 862 0 861 811 1819 1020 100 58 
13 9 862 0 861 812 1819 1020 100 58 
13 9 862 0 861 813 1819 1020 100 58 
13 9 862 0 861 814 1819 1020 100 58 
13 9 862 0 861 815 1819 1020 100 58 
13 9 862 0 861 816 1819 1023 100 55 
13 9 862 0 861 817 1819 1023 100 55 
13 9 862 0 861 818 1819 1023 100 55 
13 9 862 0 861 819 1819 1023 100 55 
13 9 862 0 861 820 1819 1023 100 55 
13 9 862 0 861 821 1819 1023 100 55 
13 9 862 0 861 822 1819 1023 100 55 
13 9 862 0 861 823 1819 1023 100 55 
13 9 862 0 861 824 1819 1023 100 55 
13 9 862 0 861 825 1819 1023 100 55 
13 9 862 0 861 826 1819 1023 100 55 
13 9 862 0 861 827 1819 1023 100 55 
13 9 862 0 861 828 1819 1023 100 55 
13 9 862 0 861 829 1819 1023 100 55 
13 9 862 0 861 830 1819 1023 100 55 
13 9 862 0 861 831 1819 1023 100 55 
13 9 862 0 861 832 1819 1023 100 55 
13 9 862 0 861 833 1819 1023 100 55 
13 9 862 0 861 834 1819 1023 100 55 
13 9 862 0 861 835 1819 1023 100 55 
13 9 862 0 861 836 1819 1023 100 55 
13 9 862 0 861 837 1819 1023 100 55 
13 9 862 0 861 838 1819 1023 100 55 
13 9 862 0 861 839 1819 1023 100 55 
13 9 862 0 861 840 1819 1023 100 55 
13 9 862 0 861 841 1819 1023 100 55 
13 9 862 0 861 842 1819 1023 100 55 
13 9 862 0 861 843 1819 1023 100 55 
13 9 862 0 861 844 1819 1023 100 55 
13 9 862 0 861 845 1819 1023 100 55 
13 9 862 0 861 846 1819 1023 100 55 
13 9 862 0 861 847 1819 1023 100 55 
13 9 862 0 861 848 1819 1023 100 55 
13 9 862 0 861 849 1819 1023 100 55 
13 9 862 0 861 850 1819 1023 100 55 
13 9 862 0 861 851 1819 1023 100 55 
13 9 862 0 861 852 1819 1023 100 55 
13 9 862 0 861 853 1819 1023 100 55 
13 9 862 0 861 854 1819 1023 100 55 
13 9 862 0 861 855 1819 1023 100 55 
13 9 862 0 861 856 1819 1023 100 55 
13 9 862 0 861 857 1819 1023 100 55 
13 9 862 0 861 858 1819 1023 100 55 
13 9 862 0 861 859 1819 1023 100 55 
13 9 862 0 861 860 1819 1023 100 55 
13 9 862 0 861 861 1819 1023 100 55 
