4 9 51 0 50 0 848 0 64 82 
4 9 51 0 50 1 845 0 64 80 
4 9 51 0 50 2 845 0 64 80 
4 9 51 0 50 3 845 0 64 80 
4 9 51 0 50 4 845 0 64 80 
4 9 51 0 50 5 845 0 64 80 
4 9 51 0 50 6 845 0 64 80 
4 9 51 0 50 7 845 0 64 76 
4 9 51 0 50 8 845 0 64 76 
4 9 51 0 50 9 842 0 64 76 
4 9 51 0 50 10 842 0 64 76 
4 9 51 0 50 11 842 0 64 76 
4 9 51 0 50 12 842 0 64 76 
4 9 51 0 50 13 842 0 64 72 
4 9 51 0 50 14 842 0 64 72 
4 9 51 0 50 15 842 0 64 72 
4 9 51 0 50 16 842 0 64 72 
4 9 51 0 50 17 840 0 64 72 
4 9 51 0 50 18 840 0 64 72 
4 9 51 0 50 19 840 0 64 72 
4 9 51 0 50 20 840 0 64 70 
4 9 51 0 50 21 840 0 64 70 
4 9 51 0 50 22 840 0 64 70 
4 9 51 0 50 23 840 0 64 70 
4 9 51 0 50 24 840 0 64 70 
4 9 51 0 50 25 837 0 64 70 
4 9 51 0 50 26 837 0 64 66 
4 9 51 0 50 27 837 0 64 66 
4 9 51 0 50 28 837 0 64 66 
4 9 51 0 50 29 837 0 64 66 
4 9 51 0 50 30 837 0 64 66 
4 9 51 0 50 31 837 0 64 66 
4 9 51 0 50 32 837 0 64 66 
4 9 51 0 50 33 834 0 64 62 
4 9 51 0 50 34 834 0 64 62 
4 9 51 0 50 35 834 0 64 62 
4 9 51 0 50 36 834 0 64 60 
4 9 51 0 50 37 832 0 64 60 
4 9 51 0 50 38 832 0 64 60 
4 9 51 0 50 39 832 0 64 56 
4 9 51 0 50 40 832 0 64 56 
4 9 51 0 50 41 829 0 64 56 
4 9 51 0 50 42 829 0 64 52 
4 9 51 0 50 43 829 0 64 52 
4 9 51 0 50 44 829 0 64 52 
4 9 51 0 50 45 829 0 64 52 
4 9 51 0 50 46 826 0 64 50 
4 9 51 0 50 47 826 0 64 50 
4 9 51 0 50 48 826 0 64 50 
4 9 51 0 50 49 826 0 64 50 
4 9 51 0 50 50 826 0 64 50 
5 9 120 0 119 0 867 1 70 120 
5 9 120 0 119 1 864 0 70 118 
5 9 120 0 119 2 864 0 70 118 
5 9 120 0 119 3 864 0 70 118 
5 9 120 0 119 4 864 0 70 118 
5 9 120 0 119 5 864 0 70 115 
5 9 120 0 119 6 864 0 70 115 
5 9 120 0 119 7 864 0 70 115 
5 9 120 0 119 8 864 0 70 115 
5 9 120 0 119 9 864 0 70 115 
5 9 120 0 119 10 864 0 70 112 
5 9 120 0 119 11 863 0 68 112 
5 9 120 0 119 12 863 0 68 112 
5 9 120 0 119 13 863 0 68 112 
5 9 120 0 119 14 863 0 68 112 
5 9 120 0 119 15 863 0 68 108 
5 9 120 0 119 16 863 0 68 108 
5 9 120 0 119 17 863 0 68 108 
5 9 120 0 119 18 863 0 68 108 
5 9 120 0 119 19 863 0 68 109 
5 9 120 0 119 20 863 0 68 106 
5 9 120 0 119 21 863 0 68 106 
5 9 120 0 119 22 859 0 70 106 
5 9 120 0 119 23 859 0 70 106 
5 9 120 0 119 24 859 0 70 106 
5 9 120 0 119 25 859 0 70 103 
5 9 120 0 119 26 859 0 70 103 
5 9 120 0 119 27 859 0 70 103 
5 9 120 0 119 28 859 0 70 103 
5 9 120 0 119 29 859 0 70 103 
5 9 120 0 119 30 859 0 70 100 
5 9 120 0 119 31 859 0 70 100 
5 9 120 0 119 32 856 0 70 100 
5 9 120 0 119 33 856 0 70 100 
5 9 120 0 119 34 856 0 70 100 
5 9 120 0 119 35 856 0 70 97 
5 9 120 0 119 36 856 0 70 97 
5 9 120 0 119 37 856 0 70 97 
5 9 120 0 119 38 856 0 70 98 
5 9 120 0 119 39 856 0 70 98 
5 9 120 0 119 40 856 0 70 94 
5 9 120 0 119 41 856 0 70 94 
5 9 120 0 119 42 856 0 70 94 
5 9 120 0 119 43 855 0 68 94 
5 9 120 0 119 44 855 0 68 94 
5 9 120 0 119 45 855 0 68 90 
5 9 120 0 119 46 855 0 68 90 
5 9 120 0 119 47 855 0 68 91 
5 9 120 0 119 48 855 0 68 91 
5 9 120 0 119 49 855 0 68 91 
5 9 120 0 119 50 855 0 68 88 
5 9 120 0 119 51 855 0 68 88 
5 9 120 0 119 52 855 0 68 88 
5 9 120 0 119 53 851 0 70 88 
5 9 120 0 119 54 851 0 70 88 
5 9 120 0 119 55 851 0 70 85 
5 9 120 0 119 56 851 0 70 85 
5 9 120 0 119 57 851 0 70 85 
5 9 120 0 119 58 851 0 70 85 
5 9 120 0 119 59 851 0 70 85 
5 9 120 0 119 60 851 0 70 82 
5 9 120 0 119 61 851 0 70 82 
5 9 120 0 119 62 851 0 70 82 
5 9 120 0 119 63 851 0 70 82 
5 9 120 0 119 64 848 0 70 82 
5 9 120 0 119 65 848 0 70 80 
5 9 120 0 119 66 848 0 70 80 
5 9 120 0 119 67 848 0 70 80 
5 9 120 0 119 68 848 0 70 80 
5 9 120 0 119 69 848 0 70 80 
5 9 120 0 119 70 848 0 70 76 
5 9 120 0 119 71 848 0 70 76 
5 9 120 0 119 72 848 0 70 76 
5 9 120 0 119 73 848 0 70 76 
5 9 120 0 119 74 848 0 70 76 
5 9 120 0 119 75 847 0 68 72 
5 9 120 0 119 76 847 0 68 72 
5 9 120 0 119 77 847 0 68 72 
5 9 120 0 119 78 847 0 68 72 
5 9 120 0 119 79 847 0 68 72 
5 9 120 0 119 80 847 0 68 70 
5 9 120 0 119 81 843 0 70 70 
5 9 120 0 119 82 843 0 70 70 
5 9 120 0 119 83 843 0 70 70 
5 9 120 0 119 84 843 0 70 70 
5 9 120 0 119 85 843 0 70 66 
5 9 120 0 119 86 843 0 70 66 
5 9 120 0 119 87 840 0 70 66 
5 9 120 0 119 88 840 0 70 66 
5 9 120 0 119 89 840 0 70 66 
5 9 120 0 119 90 840 0 70 62 
5 9 120 0 119 91 840 0 70 62 
5 9 120 0 119 92 840 0 70 62 
5 9 120 0 119 93 839 0 68 62 
5 9 120 0 119 94 839 0 68 62 
5 9 120 0 119 95 839 0 68 60 
5 9 120 0 119 96 839 0 68 60 
5 9 120 0 119 97 839 0 68 60 
5 9 120 0 119 98 839 0 68 60 
5 9 120 0 119 99 839 0 68 60 
5 9 120 0 119 100 835 0 70 56 
5 9 120 0 119 101 835 0 70 56 
5 9 120 0 119 102 835 0 70 56 
5 9 120 0 119 103 835 0 70 56 
5 9 120 0 119 104 835 0 70 52 
5 9 120 0 119 105 835 0 70 52 
5 9 120 0 119 106 832 0 70 52 
5 9 120 0 119 107 832 0 70 52 
5 9 120 0 119 108 832 0 70 50 
5 9 120 0 119 109 832 0 70 50 
5 9 120 0 119 110 832 0 70 50 
5 9 120 0 119 111 832 0 70 50 
5 9 120 0 119 112 831 0 68 46 
5 9 120 0 119 113 831 0 68 46 
5 9 120 0 119 114 831 0 68 46 
5 9 120 0 119 115 831 0 68 46 
5 9 120 0 119 116 831 0 68 46 
5 9 120 0 119 117 831 0 68 42 
5 9 120 0 119 118 827 0 70 42 
5 9 120 0 119 119 827 0 70 42 
6 9 960 0 959 0 1047 229 76 144 
6 9 960 0 959 1 1047 229 76 144 
6 9 960 0 959 2 1047 229 76 144 
6 9 960 0 959 3 1047 229 76 144 
6 9 960 0 959 4 1047 232 76 144 
6 9 960 0 959 5 1047 232 76 144 
6 9 960 0 959 6 1050 232 74 144 
6 9 960 0 959 7 1050 232 74 144 
6 9 960 0 959 8 1050 234 74 144 
6 9 960 0 959 9 1050 234 74 144 
6 9 960 0 959 10 1050 234 74 144 
6 9 960 0 959 11 1050 234 74 144 
6 9 960 0 959 12 1053 237 74 144 
6 9 960 0 959 13 1053 237 74 144 
6 9 960 0 959 14 1053 237 74 144 
6 9 960 0 959 15 1053 240 74 144 
6 9 960 0 959 16 1053 240 74 144 
6 9 960 0 959 17 1055 240 76 144 
6 9 960 0 959 18 1055 240 76 144 
6 9 960 0 959 19 1055 242 76 144 
6 9 960 0 959 20 1055 242 76 144 
6 9 960 0 959 21 1055 242 76 144 
6 9 960 0 959 22 1055 242 76 144 
6 9 960 0 959 23 1058 245 74 144 
6 9 960 0 959 24 1058 245 74 144 
6 9 960 0 959 25 1058 245 74 144 
6 9 960 0 959 26 1058 245 74 144 
6 9 960 0 959 27 1058 248 74 144 
6 9 960 0 959 28 1061 248 74 144 
6 9 960 0 959 29 1061 248 74 144 
6 9 960 0 959 30 1061 250 74 144 
6 9 960 0 959 31 1061 250 74 144 
6 9 960 0 959 32 1061 250 74 144 
6 9 960 0 959 33 1061 250 74 144 
6 9 960 0 959 34 1063 253 76 144 
6 9 960 0 959 35 1063 253 76 144 
6 9 960 0 959 36 1063 253 76 144 
6 9 960 0 959 37 1063 253 76 144 
6 9 960 0 959 38 1063 256 76 144 
6 9 960 0 959 39 1063 256 76 144 
6 9 960 0 959 40 1066 256 74 144 
6 9 960 0 959 41 1066 256 74 144 
6 9 960 0 959 42 1066 258 74 144 
6 9 960 0 959 43 1066 258 74 144 
6 9 960 0 959 44 1066 258 74 144 
6 9 960 0 959 45 1069 261 74 144 
6 9 960 0 959 46 1069 261 74 144 
6 9 960 0 959 47 1069 261 74 144 
6 9 960 0 959 48 1069 261 74 144 
6 9 960 0 959 49 1069 264 74 144 
6 9 960 0 959 50 1069 264 74 144 
6 9 960 0 959 51 1071 264 76 144 
6 9 960 0 959 52 1071 264 76 144 
6 9 960 0 959 53 1071 266 76 144 
6 9 960 0 959 54 1071 266 76 144 
6 9 960 0 959 55 1071 266 76 144 
6 9 960 0 959 56 1074 269 74 144 
6 9 960 0 959 57 1074 269 74 144 
6 9 960 0 959 58 1074 269 74 144 
6 9 960 0 959 59 1074 269 74 144 
6 9 960 0 959 60 1074 272 74 144 
6 9 960 0 959 61 1074 272 74 144 
6 9 960 0 959 62 1074 272 74 144 
6 9 960 0 959 63 1077 272 74 144 
6 9 960 0 959 64 1077 274 74 144 
6 9 960 0 959 65 1077 274 74 144 
6 9 960 0 959 66 1077 274 74 144 
6 9 960 0 959 67 1077 274 74 144 
6 9 960 0 959 68 1077 277 74 144 
6 9 960 0 959 69 1077 277 74 144 
6 9 960 0 959 70 1079 277 76 144 
6 9 960 0 959 71 1079 277 76 144 
6 9 960 0 959 72 1079 280 76 144 
6 9 960 0 959 73 1079 280 76 144 
6 9 960 0 959 74 1079 280 76 144 
6 9 960 0 959 75 1079 280 76 144 
6 9 960 0 959 76 1082 282 74 144 
6 9 960 0 959 77 1082 282 74 144 
6 9 960 0 959 78 1082 282 74 144 
6 9 960 0 959 79 1082 285 74 144 
6 9 960 0 959 80 1082 285 74 144 
6 9 960 0 959 81 1082 285 74 144 
6 9 960 0 959 82 1082 285 74 144 
6 9 960 0 959 83 1085 288 74 144 
6 9 960 0 959 84 1085 288 74 144 
6 9 960 0 959 85 1085 288 74 144 
6 9 960 0 959 86 1085 288 74 144 
6 9 960 0 959 87 1085 290 74 144 
6 9 960 0 959 88 1085 290 74 144 
6 9 960 0 959 89 1087 290 76 144 
6 9 960 0 959 90 1087 290 76 144 
6 9 960 0 959 91 1087 293 76 144 
6 9 960 0 959 92 1087 293 76 144 
6 9 960 0 959 93 1087 293 76 144 
6 9 960 0 959 94 1087 293 76 144 
6 9 960 0 959 95 1087 296 76 144 
6 9 960 0 959 96 1090 296 74 144 
6 9 960 0 959 97 1090 296 74 144 
6 9 960 0 959 98 1090 296 74 144 
6 9 960 0 959 99 1090 298 74 144 
6 9 960 0 959 100 1090 298 74 144 
6 9 960 0 959 101 1090 298 74 144 
6 9 960 0 959 102 1093 301 74 144 
6 9 960 0 959 103 1093 301 74 144 
6 9 960 0 959 104 1093 301 74 144 
6 9 960 0 959 105 1093 301 74 144 
6 9 960 0 959 106 1093 301 74 144 
6 9 960 0 959 107 1093 304 74 144 
6 9 960 0 959 108 1093 304 74 144 
6 9 960 0 959 109 1093 304 74 144 
6 9 960 0 959 110 1093 304 74 144 
6 9 960 0 959 111 1093 304 74 144 
6 9 960 0 959 112 1093 306 74 144 
6 9 960 0 959 113 1093 306 74 144 
6 9 960 0 959 114 1093 306 74 144 
6 9 960 0 959 115 1093 306 74 144 
6 9 960 0 959 116 1093 306 74 144 
6 9 960 0 959 117 1093 309 74 144 
6 9 960 0 959 118 1095 309 76 144 
6 9 960 0 959 119 1095 309 76 144 
6 9 960 0 959 120 1095 309 76 144 
6 9 960 0 959 121 1095 309 76 144 
6 9 960 0 959 122 1095 312 76 144 
6 9 960 0 959 123 1095 312 76 144 
6 9 960 0 959 124 1095 312 76 144 
6 9 960 0 959 125 1095 312 76 144 
6 9 960 0 959 126 1095 312 76 144 
6 9 960 0 959 127 1095 314 76 144 
6 9 960 0 959 128 1095 314 76 144 
6 9 960 0 959 129 1095 314 76 144 
6 9 960 0 959 130 1095 314 76 144 
6 9 960 0 959 131 1095 314 76 144 
6 9 960 0 959 132 1095 317 76 144 
6 9 960 0 959 133 1095 317 76 144 
6 9 960 0 959 134 1098 317 74 144 
6 9 960 0 959 135 1098 317 74 144 
6 9 960 0 959 136 1098 317 74 144 
6 9 960 0 959 137 1098 320 74 144 
6 9 960 0 959 138 1098 320 74 144 
6 9 960 0 959 139 1098 320 74 144 
6 9 960 0 959 140 1098 320 74 144 
6 9 960 0 959 141 1098 320 74 144 
6 9 960 0 959 142 1098 322 74 144 
6 9 960 0 959 143 1098 322 74 144 
6 9 960 0 959 144 1098 322 74 144 
6 9 960 0 959 145 1098 322 74 144 
6 9 960 0 959 146 1098 322 74 144 
6 9 960 0 959 147 1098 325 74 144 
6 9 960 0 959 148 1098 325 74 144 
6 9 960 0 959 149 1098 325 74 144 
6 9 960 0 959 150 1101 325 74 144 
6 9 960 0 959 151 1101 325 74 144 
6 9 960 0 959 152 1101 328 74 144 
6 9 960 0 959 153 1101 328 74 144 
6 9 960 0 959 154 1101 328 74 144 
6 9 960 0 959 155 1101 328 74 144 
6 9 960 0 959 156 1101 328 74 144 
6 9 960 0 959 157 1101 330 74 144 
6 9 960 0 959 158 1101 330 74 144 
6 9 960 0 959 159 1101 330 74 144 
6 9 960 0 959 160 1101 330 74 144 
6 9 960 0 959 161 1101 330 74 144 
6 9 960 0 959 162 1101 333 74 144 
6 9 960 0 959 163 1101 333 74 144 
6 9 960 0 959 164 1101 333 74 144 
6 9 960 0 959 165 1101 333 74 144 
6 9 960 0 959 166 1103 333 76 144 
6 9 960 0 959 167 1103 336 76 144 
6 9 960 0 959 168 1103 336 76 144 
6 9 960 0 959 169 1103 336 76 144 
6 9 960 0 959 170 1103 336 76 144 
6 9 960 0 959 171 1103 336 76 144 
6 9 960 0 959 172 1103 338 76 144 
6 9 960 0 959 173 1103 338 76 144 
6 9 960 0 959 174 1103 338 76 144 
6 9 960 0 959 175 1103 338 76 144 
6 9 960 0 959 176 1103 338 76 144 
6 9 960 0 959 177 1103 341 76 144 
6 9 960 0 959 178 1103 341 76 144 
6 9 960 0 959 179 1103 341 76 144 
6 9 960 0 959 180 1103 341 76 144 
6 9 960 0 959 181 1106 344 74 144 
6 9 960 0 959 182 1106 344 74 144 
6 9 960 0 959 183 1106 344 74 144 
6 9 960 0 959 184 1106 346 74 144 
6 9 960 0 959 185 1109 346 74 144 
6 9 960 0 959 186 1109 346 74 144 
6 9 960 0 959 187 1109 349 74 144 
6 9 960 0 959 188 1109 349 74 144 
6 9 960 0 959 189 1111 352 76 144 
6 9 960 0 959 190 1111 352 76 144 
6 9 960 0 959 191 1111 352 76 144 
6 9 960 0 959 192 1111 354 76 144 
6 9 960 0 959 193 1114 354 74 144 
6 9 960 0 959 194 1114 354 74 144 
6 9 960 0 959 195 1114 357 74 144 
6 9 960 0 959 196 1114 357 74 144 
6 9 960 0 959 197 1117 360 74 144 
6 9 960 0 959 198 1117 360 74 144 
6 9 960 0 959 199 1117 360 74 144 
6 9 960 0 959 200 1117 362 74 144 
6 9 960 0 959 201 1119 362 76 144 
6 9 960 0 959 202 1119 362 76 144 
6 9 960 0 959 203 1119 365 76 144 
6 9 960 0 959 204 1119 365 76 144 
6 9 960 0 959 205 1122 368 74 144 
6 9 960 0 959 206 1122 368 74 144 
6 9 960 0 959 207 1122 368 74 144 
6 9 960 0 959 208 1125 370 74 144 
6 9 960 0 959 209 1125 370 74 144 
6 9 960 0 959 210 1125 373 74 144 
6 9 960 0 959 211 1125 373 74 144 
6 9 960 0 959 212 1127 373 76 144 
6 9 960 0 959 213 1127 376 76 144 
6 9 960 0 959 214 1127 376 76 144 
6 9 960 0 959 215 1127 376 76 144 
6 9 960 0 959 216 1130 378 74 144 
6 9 960 0 959 217 1130 378 74 144 
6 9 960 0 959 218 1130 381 74 144 
6 9 960 0 959 219 1130 381 74 144 
6 9 960 0 959 220 1133 381 74 144 
6 9 960 0 959 221 1133 384 74 144 
6 9 960 0 959 222 1133 384 74 144 
6 9 960 0 959 223 1133 384 74 144 
6 9 960 0 959 224 1135 386 76 144 
6 9 960 0 959 225 1135 386 76 144 
6 9 960 0 959 226 1135 389 76 144 
6 9 960 0 959 227 1135 389 76 144 
6 9 960 0 959 228 1138 389 74 144 
6 9 960 0 959 229 1138 392 74 144 
6 9 960 0 959 230 1138 392 74 144 
6 9 960 0 959 231 1141 394 74 144 
6 9 960 0 959 232 1141 394 74 144 
6 9 960 0 959 233 1141 394 74 144 
6 9 960 0 959 234 1141 394 74 144 
6 9 960 0 959 235 1141 397 74 144 
6 9 960 0 959 236 1143 397 76 144 
6 9 960 0 959 237 1143 397 76 144 
6 9 960 0 959 238 1143 397 76 144 
6 9 960 0 959 239 1143 400 76 144 
6 9 960 0 959 240 1142 400 80 144 
6 9 960 0 959 241 1146 400 74 144 
6 9 960 0 959 242 1146 400 74 144 
6 9 960 0 959 243 1146 402 74 144 
6 9 960 0 959 244 1145 402 80 144 
6 9 960 0 959 245 1149 402 74 144 
6 9 960 0 959 246 1149 402 74 144 
6 9 960 0 959 247 1149 405 74 144 
6 9 960 0 959 248 1149 405 74 144 
6 9 960 0 959 249 1148 405 80 144 
6 9 960 0 959 250 1151 405 76 144 
6 9 960 0 959 251 1151 408 76 144 
6 9 960 0 959 252 1151 408 76 144 
6 9 960 0 959 253 1150 408 80 144 
6 9 960 0 959 254 1154 410 74 144 
6 9 960 0 959 255 1154 410 74 144 
6 9 960 0 959 256 1154 410 74 144 
6 9 960 0 959 257 1153 410 80 144 
6 9 960 0 959 258 1153 413 80 144 
6 9 960 0 959 259 1157 413 74 144 
6 9 960 0 959 260 1157 413 74 144 
6 9 960 0 959 261 1157 413 74 144 
6 9 960 0 959 262 1156 416 80 144 
6 9 960 0 959 263 1156 416 80 144 
6 9 960 0 959 264 1159 416 76 144 
6 9 960 0 959 265 1159 416 76 144 
6 9 960 0 959 266 1158 418 80 144 
6 9 960 0 959 267 1158 418 80 144 
6 9 960 0 959 268 1162 418 74 144 
6 9 960 0 959 269 1162 418 74 144 
6 9 960 0 959 270 1161 421 80 144 
6 9 960 0 959 271 1161 421 80 144 
6 9 960 0 959 272 1161 421 80 144 
6 9 960 0 959 273 1165 421 74 144 
6 9 960 0 959 274 1165 424 74 144 
6 9 960 0 959 275 1164 424 80 144 
6 9 960 0 959 276 1164 424 80 144 
6 9 960 0 959 277 1167 426 76 144 
6 9 960 0 959 278 1167 426 76 144 
6 9 960 0 959 279 1166 426 80 144 
6 9 960 0 959 280 1166 426 80 144 
6 9 960 0 959 281 1166 429 80 144 
6 9 960 0 959 282 1170 429 74 144 
6 9 960 0 959 283 1169 429 80 144 
6 9 960 0 959 284 1169 429 80 144 
6 9 960 0 959 285 1169 432 80 144 
6 9 960 0 959 286 1169 432 80 144 
6 9 960 0 959 287 1173 432 74 144 
6 9 960 0 959 288 1172 432 80 144 
6 9 960 0 959 289 1172 434 80 144 
6 9 960 0 959 290 1172 434 80 144 
6 9 960 0 959 291 1175 434 76 144 
6 9 960 0 959 292 1174 434 80 144 
6 9 960 0 959 293 1174 437 80 144 
6 9 960 0 959 294 1174 437 80 144 
6 9 960 0 959 295 1174 437 80 144 
6 9 960 0 959 296 1177 437 80 144 
6 9 960 0 959 297 1177 440 80 144 
6 9 960 0 959 298 1177 440 80 144 
6 9 960 0 959 299 1177 440 80 144 
6 9 960 0 959 300 1180 442 80 144 
6 9 960 0 959 301 1180 442 80 144 
6 9 960 0 959 302 1180 442 80 144 
6 9 960 0 959 303 1180 441 80 148 
6 9 960 0 959 304 1182 445 80 144 
6 9 960 0 959 305 1182 445 80 144 
6 9 960 0 959 306 1182 444 80 148 
6 9 960 0 959 307 1180 448 86 144 
6 9 960 0 959 308 1185 448 80 144 
6 9 960 0 959 309 1185 447 80 147 
6 9 960 0 959 310 1183 450 86 144 
6 9 960 0 959 311 1188 450 80 144 
6 9 960 0 959 312 1188 449 80 148 
6 9 960 0 959 313 1187 453 84 144 
6 9 960 0 959 314 1187 453 84 144 
6 9 960 0 959 315 1190 452 80 148 
6 9 960 0 959 316 1188 456 86 144 
6 9 960 0 959 317 1188 456 86 144 
6 9 960 0 959 318 1193 455 80 147 
6 9 960 0 959 319 1193 458 80 144 
6 9 960 0 959 320 1191 458 86 144 
6 9 960 0 959 321 1191 457 86 148 
6 9 960 0 959 322 1196 461 80 144 
6 9 960 0 959 323 1195 461 84 144 
6 9 960 0 959 324 1195 460 84 148 
6 9 960 0 959 325 1198 464 80 144 
6 9 960 0 959 326 1196 464 86 144 
6 9 960 0 959 327 1196 463 86 147 
6 9 960 0 959 328 1196 466 86 144 
6 9 960 0 959 329 1199 466 86 144 
6 9 960 0 959 330 1199 465 86 148 
6 9 960 0 959 331 1199 469 86 144 
6 9 960 0 959 332 1203 469 84 144 
6 9 960 0 959 333 1203 468 84 148 
6 9 960 0 959 334 1203 468 84 148 
6 9 960 0 959 335 1203 472 84 144 
6 9 960 0 959 336 1204 471 86 147 
6 9 960 0 959 337 1204 471 86 147 
6 9 960 0 959 338 1204 474 86 144 
6 9 960 0 959 339 1207 473 86 148 
6 9 960 0 959 340 1207 473 86 148 
6 9 960 0 959 341 1207 477 86 144 
6 9 960 0 959 342 1206 476 90 148 
6 9 960 0 959 343 1211 476 84 148 
6 9 960 0 959 344 1211 480 84 144 
6 9 960 0 959 345 1209 479 90 147 
6 9 960 0 959 346 1212 479 86 147 
6 9 960 0 959 347 1212 482 86 144 
6 9 960 0 959 348 1211 481 92 148 
6 9 960 0 959 349 1211 481 92 148 
6 9 960 0 959 350 1215 485 86 144 
6 9 960 0 959 351 1215 484 86 148 
6 9 960 0 959 352 1214 484 90 148 
6 9 960 0 959 353 1214 488 90 144 
6 9 960 0 959 354 1219 487 84 147 
6 9 960 0 959 355 1217 487 90 147 
6 9 960 0 959 356 1217 490 90 144 
6 9 960 0 959 357 1220 489 86 148 
6 9 960 0 959 358 1219 489 92 148 
6 9 960 0 959 359 1219 493 92 144 
6 9 960 0 959 360 1219 492 92 148 
6 9 960 0 959 361 1222 492 90 148 
6 9 960 0 959 362 1222 496 90 144 
6 9 960 0 959 363 1222 495 90 147 
6 9 960 0 959 364 1225 495 90 147 
6 9 960 0 959 365 1225 498 90 144 
6 9 960 0 959 366 1225 497 90 148 
6 9 960 0 959 367 1225 497 90 148 
6 9 960 0 959 368 1227 497 92 148 
6 9 960 0 959 369 1227 500 92 148 
6 9 960 0 959 370 1227 500 92 148 
6 9 960 0 959 371 1230 500 90 148 
6 9 960 0 959 372 1230 503 90 147 
6 9 960 0 959 373 1230 503 90 147 
6 9 960 0 959 374 1229 503 96 147 
6 9 960 0 959 375 1233 505 90 148 
6 9 960 0 959 376 1233 505 90 148 
6 9 960 0 959 377 1232 505 96 148 
6 9 960 0 959 378 1235 508 92 148 
6 9 960 0 959 379 1235 508 92 148 
6 9 960 0 959 380 1234 508 96 148 
6 9 960 0 959 381 1234 511 96 147 
6 9 960 0 959 382 1238 511 90 147 
6 9 960 0 959 383 1238 511 90 147 
6 9 960 0 959 384 1237 513 96 148 
6 9 960 0 959 385 1241 513 90 148 
6 9 960 0 959 386 1241 513 90 148 
6 9 960 0 959 387 1240 516 96 148 
6 9 960 0 959 388 1240 516 96 148 
6 9 960 0 959 389 1243 516 92 148 
6 9 960 0 959 390 1242 519 96 147 
6 9 960 0 959 391 1242 519 96 147 
6 9 960 0 959 392 1246 519 90 147 
6 9 960 0 959 393 1245 521 96 148 
6 9 960 0 959 394 1245 521 96 148 
6 9 960 0 959 395 1245 521 96 148 
6 9 960 0 959 396 1248 524 96 148 
6 9 960 0 959 397 1248 524 96 148 
6 9 960 0 959 398 1248 524 96 148 
6 9 960 0 959 399 1250 527 96 147 
6 9 960 0 959 400 1250 527 96 147 
6 9 960 0 959 401 1250 527 96 147 
6 9 960 0 959 402 1250 527 96 147 
6 9 960 0 959 403 1253 529 96 148 
6 9 960 0 959 404 1253 529 96 148 
6 9 960 0 959 405 1253 529 96 148 
6 9 960 0 959 406 1256 532 96 148 
6 9 960 0 959 407 1256 532 96 148 
6 9 960 0 959 408 1256 532 96 148 
6 9 960 0 959 409 1258 532 96 148 
6 9 960 0 959 410 1258 535 96 147 
6 9 960 0 959 411 1258 535 96 147 
6 9 960 0 959 412 1261 535 96 147 
6 9 960 0 959 413 1261 537 96 148 
6 9 960 0 959 414 1261 537 96 148 
6 9 960 0 959 415 1264 537 96 148 
6 9 960 0 959 416 1264 540 96 148 
6 9 960 0 959 417 1264 540 96 148 
6 9 960 0 959 418 1264 540 96 148 
6 9 960 0 959 419 1266 540 96 148 
6 9 960 0 959 420 1266 543 96 147 
6 9 960 0 959 421 1266 543 96 147 
6 9 960 0 959 422 1269 543 96 147 
6 9 960 0 959 423 1269 545 96 148 
6 9 960 0 959 424 1269 545 96 148 
6 9 960 0 959 425 1272 545 96 148 
6 9 960 0 959 426 1272 548 96 148 
6 9 960 0 959 427 1272 548 96 148 
6 9 960 0 959 428 1274 548 96 148 
6 9 960 0 959 429 1274 548 96 148 
6 9 960 0 959 430 1274 551 96 147 
6 9 960 0 959 431 1277 551 96 147 
6 9 960 0 959 432 1277 551 96 147 
6 9 960 0 959 433 1277 553 96 148 
6 9 960 0 959 434 1277 553 96 148 
6 9 960 0 959 435 1280 553 96 148 
6 9 960 0 959 436 1280 553 96 148 
6 9 960 0 959 437 1280 556 96 148 
6 9 960 0 959 438 1282 556 96 148 
6 9 960 0 959 439 1282 556 96 148 
6 9 960 0 959 440 1282 559 96 147 
6 9 960 0 959 441 1285 559 96 147 
6 9 960 0 959 442 1285 559 96 147 
6 9 960 0 959 443 1285 561 96 148 
6 9 960 0 959 444 1288 561 96 148 
6 9 960 0 959 445 1288 561 96 148 
6 9 960 0 959 446 1288 561 96 148 
6 9 960 0 959 447 1290 564 96 148 
6 9 960 0 959 448 1290 564 96 148 
6 9 960 0 959 449 1290 564 96 148 
6 9 960 0 959 450 1290 567 96 147 
6 9 960 0 959 451 1293 567 96 147 
6 9 960 0 959 452 1293 567 96 147 
6 9 960 0 959 453 1293 569 96 148 
6 9 960 0 959 454 1296 569 96 148 
6 9 960 0 959 455 1296 569 96 148 
6 9 960 0 959 456 1296 569 96 148 
6 9 960 0 959 457 1298 572 96 148 
6 9 960 0 959 458 1298 572 96 148 
6 9 960 0 959 459 1298 572 96 148 
6 9 960 0 959 460 1301 575 96 147 
6 9 960 0 959 461 1301 575 96 147 
6 9 960 0 959 462 1301 575 96 147 
6 9 960 0 959 463 1304 577 96 148 
6 9 960 0 959 464 1304 577 96 148 
6 9 960 0 959 465 1304 577 96 148 
6 9 960 0 959 466 1306 576 96 153 
6 9 960 0 959 467 1306 580 96 148 
6 9 960 0 959 468 1306 580 96 148 
6 9 960 0 959 469 1309 579 96 151 
6 9 960 0 959 470 1309 579 96 151 
6 9 960 0 959 471 1309 583 96 147 
6 9 960 0 959 472 1312 582 96 151 
6 9 960 0 959 473 1312 582 96 151 
6 9 960 0 959 474 1314 582 96 151 
6 9 960 0 959 475 1314 584 96 153 
6 9 960 0 959 476 1314 584 96 153 
6 9 960 0 959 477 1317 584 96 153 
6 9 960 0 959 478 1317 584 96 156 
6 9 960 0 959 479 1317 587 96 151 
6 9 960 0 959 480 1320 587 96 151 
6 9 960 0 959 481 1320 587 96 156 
6 9 960 0 959 482 1322 587 96 156 
6 9 960 0 959 483 1322 590 96 151 
6 9 960 0 959 484 1322 590 96 156 
6 9 960 0 959 485 1325 590 96 156 
6 9 960 0 959 486 1325 590 96 156 
6 9 960 0 959 487 1325 592 96 156 
6 9 960 0 959 488 1328 592 96 156 
6 9 960 0 959 489 1328 592 96 156 
6 9 960 0 959 490 1330 591 96 160 
6 9 960 0 959 491 1330 595 96 156 
6 9 960 0 959 492 1330 595 96 156 
6 9 960 0 959 493 1333 594 96 160 
6 9 960 0 959 494 1333 598 96 156 
6 9 960 0 959 495 1333 598 96 156 
6 9 960 0 959 496 1336 597 96 159 
6 9 960 0 959 497 1336 597 96 159 
6 9 960 0 959 498 1336 600 96 156 
6 9 960 0 959 499 1338 599 96 160 
6 9 960 0 959 500 1338 599 96 160 
6 9 960 0 959 501 1341 599 96 160 
6 9 960 0 959 502 1341 602 96 160 
6 9 960 0 959 503 1341 602 96 160 
6 9 960 0 959 504 1344 602 96 160 
6 9 960 0 959 505 1344 601 96 163 
6 9 960 0 959 506 1344 605 96 159 
6 9 960 0 959 507 1346 605 96 159 
6 9 960 0 959 508 1346 604 96 163 
6 9 960 0 959 509 1349 604 96 163 
6 9 960 0 959 510 1349 607 96 160 
6 9 960 0 959 511 1349 606 96 165 
6 9 960 0 959 512 1352 606 96 165 
6 9 960 0 959 513 1352 606 96 165 
6 9 960 0 959 514 1352 609 96 163 
6 9 960 0 959 515 1354 609 96 163 
6 9 960 0 959 516 1354 609 96 163 
6 9 960 0 959 517 1357 609 96 168 
6 9 960 0 959 518 1357 612 96 163 
6 9 960 0 959 519 1357 612 96 163 
6 9 960 0 959 520 1360 612 96 168 
6 9 960 0 959 521 1360 612 96 168 
6 9 960 0 959 522 1360 614 96 165 
6 9 960 0 959 523 1362 614 96 168 
6 9 960 0 959 524 1362 614 96 168 
6 9 960 0 959 525 1365 617 96 168 
6 9 960 0 959 526 1365 617 96 168 
6 9 960 0 959 527 1365 617 96 168 
6 9 960 0 959 528 1368 617 96 168 
6 9 960 0 959 529 1368 620 96 168 
6 9 960 0 959 530 1368 620 96 168 
6 9 960 0 959 531 1370 620 96 168 
6 9 960 0 959 532 1370 622 96 168 
6 9 960 0 959 533 1373 622 96 168 
6 9 960 0 959 534 1373 622 96 168 
6 9 960 0 959 535 1373 625 96 168 
6 9 960 0 959 536 1376 625 96 168 
6 9 960 0 959 537 1376 625 96 168 
6 9 960 0 959 538 1378 625 96 168 
6 9 960 0 959 539 1378 628 96 168 
6 9 960 0 959 540 1378 628 96 168 
6 9 960 0 959 541 1381 628 96 168 
6 9 960 0 959 542 1381 630 96 168 
6 9 960 0 959 543 1384 630 96 168 
6 9 960 0 959 544 1384 630 96 168 
6 9 960 0 959 545 1384 633 96 168 
6 9 960 0 959 546 1386 633 96 168 
6 9 960 0 959 547 1386 633 96 168 
6 9 960 0 959 548 1389 633 96 168 
6 9 960 0 959 549 1389 636 96 168 
6 9 960 0 959 550 1389 636 96 168 
6 9 960 0 959 551 1392 636 96 168 
6 9 960 0 959 552 1392 638 96 168 
6 9 960 0 959 553 1394 638 96 168 
6 9 960 0 959 554 1394 638 96 168 
6 9 960 0 959 555 1394 641 96 168 
6 9 960 0 959 556 1397 641 96 168 
6 9 960 0 959 557 1397 641 96 168 
6 9 960 0 959 558 1400 641 96 168 
6 9 960 0 959 559 1400 644 96 168 
6 9 960 0 959 560 1400 644 96 168 
6 9 960 0 959 561 1402 644 96 168 
6 9 960 0 959 562 1402 646 96 168 
6 9 960 0 959 563 1405 646 96 168 
6 9 960 0 959 564 1405 646 96 168 
6 9 960 0 959 565 1405 649 96 168 
6 9 960 0 959 566 1408 649 96 168 
6 9 960 0 959 567 1408 649 96 168 
6 9 960 0 959 568 1410 649 96 168 
6 9 960 0 959 569 1410 652 96 168 
6 9 960 0 959 570 1410 652 96 168 
6 9 960 0 959 571 1413 652 96 168 
6 9 960 0 959 572 1413 654 96 168 
6 9 960 0 959 573 1416 654 96 168 
6 9 960 0 959 574 1416 654 96 168 
6 9 960 0 959 575 1416 657 96 168 
6 9 960 0 959 576 1418 657 96 168 
6 9 960 0 959 577 1418 657 96 168 
6 9 960 0 959 578 1421 657 96 168 
6 9 960 0 959 579 1421 660 96 168 
6 9 960 0 959 580 1421 660 96 168 
6 9 960 0 959 581 1424 660 96 168 
6 9 960 0 959 582 1424 662 96 168 
6 9 960 0 959 583 1426 662 96 168 
6 9 960 0 959 584 1426 662 96 168 
6 9 960 0 959 585 1426 665 96 168 
6 9 960 0 959 586 1429 665 96 168 
6 9 960 0 959 587 1429 665 96 168 
6 9 960 0 959 588 1432 668 96 168 
6 9 960 0 959 589 1432 668 96 168 
6 9 960 0 959 590 1432 668 96 168 
6 9 960 0 959 591 1434 668 96 168 
6 9 960 0 959 592 1434 670 96 168 
6 9 960 0 959 593 1434 670 96 168 
6 9 960 0 959 594 1437 670 96 168 
6 9 960 0 959 595 1437 670 96 168 
6 9 960 0 959 596 1437 673 96 168 
6 9 960 0 959 597 1440 673 96 168 
6 9 960 0 959 598 1440 673 96 168 
6 9 960 0 959 599 1440 673 96 168 
6 9 960 0 959 600 1442 676 96 168 
6 9 960 0 959 601 1442 676 96 168 
6 9 960 0 959 602 1442 676 96 168 
6 9 960 0 959 603 1445 678 96 165 
6 9 960 0 959 604 1445 678 96 168 
6 9 960 0 959 605 1448 678 96 168 
6 9 960 0 959 606 1448 681 96 163 
6 9 960 0 959 607 1450 681 96 168 
6 9 960 0 959 608 1450 681 96 168 
6 9 960 0 959 609 1448 684 102 163 
6 9 960 0 959 610 1453 684 96 168 
6 9 960 0 959 611 1451 684 102 168 
6 9 960 0 959 612 1456 686 96 165 
6 9 960 0 959 613 1455 686 100 168 
6 9 960 0 959 614 1458 686 96 168 
6 9 960 0 959 615 1456 689 102 163 
6 9 960 0 959 616 1456 689 102 168 
6 9 960 0 959 617 1461 689 96 168 
6 9 960 0 959 618 1459 692 102 163 
6 9 960 0 959 619 1464 692 96 168 
6 9 960 0 959 620 1463 692 100 168 
6 9 960 0 959 621 1466 694 96 165 
6 9 960 0 959 622 1464 694 102 165 
6 9 960 0 959 623 1464 694 102 168 
6 9 960 0 959 624 1467 697 102 163 
6 9 960 0 959 625 1467 697 102 163 
6 9 960 0 959 626 1471 697 100 168 
6 9 960 0 959 627 1471 700 100 163 
6 9 960 0 959 628 1472 700 102 163 
6 9 960 0 959 629 1472 700 102 168 
6 9 960 0 959 630 1475 702 102 165 
6 9 960 0 959 631 1475 702 102 165 
6 9 960 0 959 632 1475 702 102 168 
6 9 960 0 959 633 1479 705 100 163 
6 9 960 0 959 634 1479 705 100 163 
6 9 960 0 959 635 1480 705 102 168 
6 9 960 0 959 636 1480 708 102 163 
6 9 960 0 959 637 1483 708 102 163 
6 9 960 0 959 638 1483 708 102 168 
6 9 960 0 959 639 1482 710 106 165 
6 9 960 0 959 640 1487 710 100 165 
6 9 960 0 959 641 1485 710 106 165 
6 9 960 0 959 642 1488 713 102 163 
6 9 960 0 959 643 1487 713 108 163 
6 9 960 0 959 644 1491 713 102 163 
6 9 960 0 959 645 1490 716 106 163 
6 9 960 0 959 646 1490 716 106 163 
6 9 960 0 959 647 1495 716 100 163 
6 9 960 0 959 648 1493 718 106 165 
6 9 960 0 959 649 1496 718 102 165 
6 9 960 0 959 650 1495 718 108 165 
6 9 960 0 959 651 1499 721 102 163 
6 9 960 0 959 652 1498 721 106 163 
6 9 960 0 959 653 1498 721 106 163 
6 9 960 0 959 654 1501 724 106 163 
6 9 960 0 959 655 1501 724 106 163 
6 9 960 0 959 656 1503 724 108 163 
6 9 960 0 959 657 1503 726 108 165 
6 9 960 0 959 658 1506 726 106 165 
6 9 960 0 959 659 1506 726 106 165 
6 9 960 0 959 660 1509 729 106 163 
6 9 960 0 959 661 1509 729 106 163 
6 9 960 0 959 662 1509 729 106 163 
6 9 960 0 959 663 1509 729 106 163 
6 9 960 0 959 664 1511 732 108 163 
6 9 960 0 959 665 1511 732 108 163 
6 9 960 0 959 666 1511 732 108 163 
6 9 960 0 959 667 1514 734 106 165 
6 9 960 0 959 668 1514 734 106 165 
6 9 960 0 959 669 1514 734 106 165 
6 9 960 0 959 670 1517 734 106 165 
6 9 960 0 959 671 1517 737 106 163 
6 9 960 0 959 672 1517 737 106 163 
6 9 960 0 959 673 1519 737 108 163 
6 9 960 0 959 674 1519 740 108 163 
6 9 960 0 959 675 1519 740 108 163 
6 9 960 0 959 676 1522 740 106 163 
6 9 960 0 959 677 1522 740 106 163 
6 9 960 0 959 678 1522 742 106 165 
6 9 960 0 959 679 1525 742 106 165 
6 9 960 0 959 680 1525 742 106 165 
6 9 960 0 959 681 1525 745 106 163 
6 9 960 0 959 682 1527 745 108 163 
6 9 960 0 959 683 1527 745 108 163 
6 9 960 0 959 684 1527 748 108 163 
6 9 960 0 959 685 1530 748 106 163 
6 9 960 0 959 686 1530 748 106 163 
6 9 960 0 959 687 1530 748 106 163 
6 9 960 0 959 688 1533 750 106 165 
6 9 960 0 959 689 1533 750 106 165 
6 9 960 0 959 690 1533 750 106 165 
6 9 960 0 959 691 1535 753 108 163 
6 9 960 0 959 692 1535 753 108 163 
6 9 960 0 959 693 1535 753 108 163 
6 9 960 0 959 694 1538 753 106 163 
6 9 960 0 959 695 1538 756 106 163 
6 9 960 0 959 696 1538 756 106 163 
6 9 960 0 959 697 1541 756 106 163 
6 9 960 0 959 698 1541 758 106 165 
6 9 960 0 959 699 1541 758 106 165 
6 9 960 0 959 700 1543 758 108 165 
6 9 960 0 959 701 1543 761 108 163 
6 9 960 0 959 702 1543 761 108 163 
6 9 960 0 959 703 1546 761 106 163 
6 9 960 0 959 704 1546 761 106 163 
6 9 960 0 959 705 1546 764 106 163 
6 9 960 0 959 706 1549 764 106 163 
6 9 960 0 959 707 1549 764 106 163 
6 9 960 0 959 708 1549 766 106 165 
6 9 960 0 959 709 1551 766 108 165 
6 9 960 0 959 710 1551 766 108 165 
6 9 960 0 959 711 1551 766 108 165 
6 9 960 0 959 712 1554 769 106 163 
6 9 960 0 959 713 1554 769 106 163 
6 9 960 0 959 714 1554 769 106 163 
6 9 960 0 959 715 1557 772 106 163 
6 9 960 0 959 716 1557 772 106 163 
6 9 960 0 959 717 1557 772 106 163 
6 9 960 0 959 718 1559 774 108 165 
6 9 960 0 959 719 1559 774 108 165 
6 9 960 0 959 720 1559 774 108 165 
6 9 960 0 959 721 1559 774 108 165 
6 9 960 0 959 722 1562 777 106 163 
6 9 960 0 959 723 1562 777 106 163 
6 9 960 0 959 724 1562 777 106 163 
6 9 960 0 959 725 1565 780 106 163 
6 9 960 0 959 726 1565 780 106 163 
6 9 960 0 959 727 1565 780 106 163 
6 9 960 0 959 728 1567 782 108 165 
6 9 960 0 959 729 1567 782 108 165 
6 9 960 0 959 730 1567 782 108 165 
6 9 960 0 959 731 1570 782 106 165 
6 9 960 0 959 732 1570 785 106 163 
6 9 960 0 959 733 1570 785 106 163 
6 9 960 0 959 734 1573 785 106 163 
6 9 960 0 959 735 1573 788 106 163 
6 9 960 0 959 736 1573 788 106 163 
6 9 960 0 959 737 1575 788 108 163 
6 9 960 0 959 738 1575 790 108 165 
6 9 960 0 959 739 1575 790 108 165 
6 9 960 0 959 740 1578 790 106 165 
6 9 960 0 959 741 1578 790 106 165 
6 9 960 0 959 742 1578 793 106 163 
6 9 960 0 959 743 1581 793 106 163 
6 9 960 0 959 744 1581 793 106 163 
6 9 960 0 959 745 1581 796 106 163 
6 9 960 0 959 746 1581 796 106 163 
6 9 960 0 959 747 1583 796 108 163 
6 9 960 0 959 748 1583 798 108 165 
6 9 960 0 959 749 1583 798 108 165 
6 9 960 0 959 750 1586 798 106 165 
6 9 960 0 959 751 1586 798 106 165 
6 9 960 0 959 752 1586 801 106 163 
6 9 960 0 959 753 1589 801 106 163 
6 9 960 0 959 754 1589 801 106 163 
6 9 960 0 959 755 1589 804 106 163 
6 9 960 0 959 756 1591 804 108 163 
6 9 960 0 959 757 1591 804 108 163 
6 9 960 0 959 758 1591 806 108 165 
6 9 960 0 959 759 1594 806 106 165 
6 9 960 0 959 760 1594 806 106 165 
6 9 960 0 959 761 1594 806 106 165 
6 9 960 0 959 762 1597 809 106 163 
6 9 960 0 959 763 1597 809 106 163 
6 9 960 0 959 764 1597 809 106 163 
6 9 960 0 959 765 1599 812 108 163 
6 9 960 0 959 766 1599 812 108 163 
6 9 960 0 959 767 1599 812 108 163 
6 9 960 0 959 768 1602 814 106 165 
6 9 960 0 959 769 1602 814 106 165 
6 9 960 0 959 770 1602 814 106 165 
6 9 960 0 959 771 1605 817 106 163 
6 9 960 0 959 772 1605 817 106 163 
6 9 960 0 959 773 1605 817 106 163 
6 9 960 0 959 774 1607 817 108 163 
6 9 960 0 959 775 1607 820 108 163 
6 9 960 0 959 776 1607 820 108 163 
6 9 960 0 959 777 1610 820 106 163 
6 9 960 0 959 778 1610 820 106 163 
6 9 960 0 959 779 1613 822 106 165 
6 9 960 0 959 780 1613 822 106 165 
6 9 960 0 959 781 1613 822 106 165 
6 9 960 0 959 782 1615 822 108 168 
6 9 960 0 959 783 1615 825 108 163 
6 9 960 0 959 784 1618 825 106 163 
6 9 960 0 959 785 1618 825 106 163 
6 9 960 0 959 786 1618 825 106 168 
6 9 960 0 959 787 1621 828 106 163 
6 9 960 0 959 788 1621 828 106 163 
6 9 960 0 959 789 1623 828 108 163 
6 9 960 0 959 790 1623 828 108 168 
6 9 960 0 959 791 1623 830 108 165 
6 9 960 0 959 792 1626 830 106 165 
6 9 960 0 959 793 1626 830 106 168 
6 9 960 0 959 794 1629 830 106 168 
6 9 960 0 959 795 1629 833 106 163 
6 9 960 0 959 796 1629 833 106 163 
6 9 960 0 959 797 1631 833 108 168 
6 9 960 0 959 798 1631 836 108 163 
6 9 960 0 959 799 1634 836 106 163 
6 9 960 0 959 800 1634 836 106 163 
6 9 960 0 959 801 1634 836 106 168 
6 9 960 0 959 802 1637 838 106 165 
6 9 960 0 959 803 1637 838 106 165 
6 9 960 0 959 804 1639 838 108 168 
6 9 960 0 959 805 1639 838 108 168 
6 9 960 0 959 806 1639 841 108 163 
6 9 960 0 959 807 1642 841 106 163 
6 9 960 0 959 808 1642 841 106 168 
6 9 960 0 959 809 1645 841 106 168 
6 9 960 0 959 810 1645 844 106 163 
6 9 960 0 959 811 1645 844 106 163 
6 9 960 0 959 812 1647 844 108 168 
6 9 960 0 959 813 1647 844 108 168 
6 9 960 0 959 814 1650 846 106 165 
6 9 960 0 959 815 1650 846 106 168 
6 9 960 0 959 816 1650 846 106 168 
6 9 960 0 959 817 1653 846 106 168 
6 9 960 0 959 818 1653 849 106 163 
6 9 960 0 959 819 1655 849 108 168 
6 9 960 0 959 820 1655 849 108 168 
6 9 960 0 959 821 1655 852 108 163 
6 9 960 0 959 822 1658 852 106 163 
6 9 960 0 959 823 1658 852 106 168 
6 9 960 0 959 824 1661 852 106 168 
6 9 960 0 959 825 1661 854 106 165 
6 9 960 0 959 826 1661 854 106 168 
6 9 960 0 959 827 1663 854 108 168 
6 9 960 0 959 828 1663 854 108 168 
6 9 960 0 959 829 1666 857 106 163 
6 9 960 0 959 830 1666 857 106 168 
6 9 960 0 959 831 1666 857 106 168 
6 9 960 0 959 832 1669 857 106 168 
6 9 960 0 959 833 1669 860 106 163 
6 9 960 0 959 834 1671 860 108 168 
6 9 960 0 959 835 1671 860 108 168 
6 9 960 0 959 836 1671 860 108 168 
6 9 960 0 959 837 1674 862 106 168 
6 9 960 0 959 838 1674 862 106 168 
6 9 960 0 959 839 1677 862 106 168 
6 9 960 0 959 840 1677 862 106 168 
6 9 960 0 959 841 1677 865 106 168 
6 9 960 0 959 842 1679 865 108 168 
6 9 960 0 959 843 1679 865 108 168 
6 9 960 0 959 844 1682 868 106 168 
6 9 960 0 959 845 1682 868 106 168 
6 9 960 0 959 846 1685 868 106 168 
6 9 960 0 959 847 1685 868 106 168 
6 9 960 0 959 848 1687 870 108 168 
6 9 960 0 959 849 1687 870 108 168 
6 9 960 0 959 850 1690 870 106 168 
6 9 960 0 959 851 1693 873 106 168 
6 9 960 0 959 852 1693 873 106 168 
6 9 960 0 959 853 1695 873 108 168 
6 9 960 0 959 854 1695 873 108 168 
6 9 960 0 959 855 1698 876 106 168 
6 9 960 0 959 856 1698 876 106 168 
6 9 960 0 959 857 1701 876 106 168 
6 9 960 0 959 858 1703 878 108 168 
6 9 960 0 959 859 1703 878 108 168 
6 9 960 0 959 860 1706 878 106 168 
6 9 960 0 959 861 1706 878 106 168 
6 9 960 0 959 862 1709 881 106 168 
6 9 960 0 959 863 1709 881 106 168 
6 9 960 0 959 864 1711 881 108 168 
6 9 960 0 959 865 1714 884 106 168 
6 9 960 0 959 866 1714 884 106 168 
6 9 960 0 959 867 1717 884 106 168 
6 9 960 0 959 868 1717 884 106 168 
6 9 960 0 959 869 1719 886 108 168 
6 9 960 0 959 870 1722 886 106 168 
6 9 960 0 959 871 1722 886 106 168 
6 9 960 0 959 872 1725 889 106 168 
6 9 960 0 959 873 1725 889 106 168 
6 9 960 0 959 874 1727 889 108 168 
6 9 960 0 959 875 1727 889 108 168 
6 9 960 0 959 876 1730 892 106 168 
6 9 960 0 959 877 1733 892 106 168 
6 9 960 0 959 878 1733 892 106 168 
6 9 960 0 959 879 1735 894 108 168 
6 9 960 0 959 880 1735 894 108 168 
6 9 960 0 959 881 1738 894 106 168 
6 9 960 0 959 882 1738 894 106 168 
6 9 960 0 959 883 1741 897 106 168 
6 9 960 0 959 884 1743 897 108 168 
6 9 960 0 959 885 1743 897 108 168 
6 9 960 0 959 886 1746 900 106 168 
6 9 960 0 959 887 1746 900 106 168 
6 9 960 0 959 888 1749 900 106 168 
6 9 960 0 959 889 1749 900 106 168 
6 9 960 0 959 890 1751 902 108 168 
6 9 960 0 959 891 1754 902 106 168 
6 9 960 0 959 892 1754 902 106 168 
6 9 960 0 959 893 1757 905 106 168 
6 9 960 0 959 894 1757 905 106 168 
6 9 960 0 959 895 1759 905 108 168 
6 9 960 0 959 896 1762 908 106 168 
6 9 960 0 959 897 1762 908 106 168 
6 9 960 0 959 898 1765 908 106 168 
6 9 960 0 959 899 1765 908 106 168 
6 9 960 0 959 900 1767 908 108 168 
6 9 960 0 959 901 1767 908 108 168 
6 9 960 0 959 902 1770 908 106 168 
6 9 960 0 959 903 1773 910 106 168 
6 9 960 0 959 904 1775 910 108 168 
6 9 960 0 959 905 1774 913 112 163 
6 9 960 0 959 906 1778 913 106 166 
6 9 960 0 959 907 1781 913 106 166 
6 9 960 0 959 908 1783 916 108 162 
6 9 960 0 959 909 1782 916 112 163 
6 9 960 0 959 910 1785 918 112 160 
6 9 960 0 959 911 1789 918 106 160 
6 9 960 0 959 912 1791 918 108 161 
6 9 960 0 959 913 1790 921 112 157 
6 9 960 0 959 914 1793 921 112 158 
6 9 960 0 959 915 1796 924 112 154 
6 9 960 0 959 916 1799 924 108 154 
6 9 960 0 959 917 1798 924 112 155 
6 9 960 0 959 918 1801 926 112 152 
6 9 960 0 959 919 1804 926 112 152 
6 9 960 0 959 920 1806 929 112 149 
6 9 960 0 959 921 1806 929 112 149 
6 9 960 0 959 922 1809 929 110 149 
6 9 960 0 959 923 1812 932 107 146 
6 9 960 0 959 924 1814 932 105 146 
6 9 960 0 959 925 1817 934 102 144 
6 9 960 0 959 926 1817 934 102 144 
6 9 960 0 959 927 1821 934 97 144 
6 9 960 0 959 928 1824 934 94 144 
6 9 960 0 959 929 1829 934 90 144 
6 9 960 0 959 930 1827 934 91 144 
6 9 960 0 959 931 1832 934 87 144 
6 9 960 0 959 932 1835 934 84 144 
6 9 960 0 959 933 1839 934 79 144 
6 9 960 0 959 934 1838 934 80 144 
6 9 960 0 959 935 1843 934 76 144 
6 9 960 0 959 936 1846 934 73 144 
6 9 960 0 959 937 1850 934 68 144 
6 9 960 0 959 938 1849 934 70 144 
6 9 960 0 959 939 1853 934 65 144 
6 9 960 0 959 940 1856 934 62 144 
6 9 960 0 959 941 1861 934 58 144 
6 9 960 0 959 942 1859 934 59 144 
6 9 960 0 959 943 1864 934 55 144 
6 9 960 0 959 944 1867 934 52 144 
6 9 960 0 959 945 1871 934 47 144 
6 9 960 0 959 946 1870 934 48 144 
6 9 960 0 959 947 1875 934 44 144 
6 9 960 0 959 948 1878 934 41 144 
6 9 960 0 959 949 1882 934 36 144 
6 9 960 0 959 950 1885 937 33 141 
6 9 960 0 959 951 1885 937 33 141 
6 9 960 0 959 952 1885 937 33 141 
6 9 960 0 959 953 1885 937 33 141 
6 9 960 0 959 954 1885 937 33 141 
6 9 960 0 959 955 1885 937 33 141 
6 9 960 0 959 956 1885 937 33 141 
6 9 960 0 959 957 1885 937 33 141 
6 9 960 0 959 958 1885 937 33 141 
6 9 960 0 959 959 1885 937 33 141 
7 9 1001 0 1000 0 1257 516 112 148 
7 9 1001 0 1000 1 1254 513 112 148 
7 9 1001 0 1000 2 1254 513 112 148 
7 9 1001 0 1000 3 1255 513 108 148 
7 9 1001 0 1000 4 1255 514 108 144 
7 9 1001 0 1000 5 1253 514 106 144 
7 9 1001 0 1000 6 1253 511 106 147 
7 9 1001 0 1000 7 1255 512 100 144 
7 9 1001 0 1000 8 1255 512 100 144 
7 9 1001 0 1000 9 1251 512 102 144 
7 9 1001 0 1000 10 1251 512 102 139 
7 9 1001 0 1000 11 1253 509 96 144 
7 9 1001 0 1000 12 1253 509 96 144 
7 9 1001 0 1000 13 1250 509 96 139 
7 9 1001 0 1000 14 1250 509 96 139 
7 9 1001 0 1000 15 1251 509 92 139 
7 9 1001 0 1000 16 1251 509 92 139 
7 9 1001 0 1000 17 1249 506 90 141 
7 9 1001 0 1000 18 1249 506 90 141 
7 9 1001 0 1000 19 1249 506 90 141 
7 9 1001 0 1000 20 1249 504 90 139 
7 9 1001 0 1000 21 1249 504 90 139 
7 9 1001 0 1000 22 1246 504 90 139 
7 9 1001 0 1000 23 1246 501 90 139 
7 9 1001 0 1000 24 1246 501 90 139 
7 9 1001 0 1000 25 1246 501 90 139 
7 9 1001 0 1000 26 1246 501 90 139 
7 9 1001 0 1000 27 1243 498 92 141 
7 9 1001 0 1000 28 1243 498 92 141 
7 9 1001 0 1000 29 1243 498 92 141 
7 9 1001 0 1000 30 1243 496 92 139 
7 9 1001 0 1000 31 1243 496 92 139 
7 9 1001 0 1000 32 1243 496 92 139 
7 9 1001 0 1000 33 1241 496 90 139 
7 9 1001 0 1000 34 1241 493 90 139 
7 9 1001 0 1000 35 1241 493 90 139 
7 9 1001 0 1000 36 1241 493 90 139 
7 9 1001 0 1000 37 1241 490 90 141 
7 9 1001 0 1000 38 1238 490 90 141 
7 9 1001 0 1000 39 1238 490 90 141 
7 9 1001 0 1000 40 1238 490 90 141 
7 9 1001 0 1000 41 1238 488 90 139 
7 9 1001 0 1000 42 1238 488 90 139 
7 9 1001 0 1000 43 1238 488 90 139 
7 9 1001 0 1000 44 1235 485 92 139 
7 9 1001 0 1000 45 1235 485 92 139 
7 9 1001 0 1000 46 1235 485 92 139 
7 9 1001 0 1000 47 1235 485 92 139 
7 9 1001 0 1000 48 1235 482 92 141 
7 9 1001 0 1000 49 1233 482 90 141 
7 9 1001 0 1000 50 1233 482 90 141 
7 9 1001 0 1000 51 1233 480 90 139 
7 9 1001 0 1000 52 1233 480 90 139 
7 9 1001 0 1000 53 1233 480 90 139 
7 9 1001 0 1000 54 1233 480 90 139 
7 9 1001 0 1000 55 1230 477 90 139 
7 9 1001 0 1000 56 1230 477 90 139 
7 9 1001 0 1000 57 1230 477 90 139 
7 9 1001 0 1000 58 1230 474 90 141 
7 9 1001 0 1000 59 1230 474 90 141 
7 9 1001 0 1000 60 1230 474 90 141 
7 9 1001 0 1000 61 1230 474 90 141 
7 9 1001 0 1000 62 1227 472 92 139 
7 9 1001 0 1000 63 1227 472 92 139 
7 9 1001 0 1000 64 1227 472 92 139 
7 9 1001 0 1000 65 1227 472 92 139 
7 9 1001 0 1000 66 1227 469 92 139 
7 9 1001 0 1000 67 1227 469 92 139 
7 9 1001 0 1000 68 1227 469 92 139 
7 9 1001 0 1000 69 1227 469 92 139 
7 9 1001 0 1000 70 1225 466 90 141 
7 9 1001 0 1000 71 1225 466 90 141 
7 9 1001 0 1000 72 1225 466 90 141 
7 9 1001 0 1000 73 1225 466 90 141 
7 9 1001 0 1000 74 1225 464 90 139 
7 9 1001 0 1000 75 1225 464 90 139 
7 9 1001 0 1000 76 1225 464 90 139 
7 9 1001 0 1000 77 1225 464 90 139 
7 9 1001 0 1000 78 1222 461 90 139 
7 9 1001 0 1000 79 1222 461 90 139 
7 9 1001 0 1000 80 1222 461 90 139 
7 9 1001 0 1000 81 1222 461 90 139 
7 9 1001 0 1000 82 1222 458 90 141 
7 9 1001 0 1000 83 1222 458 90 141 
7 9 1001 0 1000 84 1222 458 90 141 
7 9 1001 0 1000 85 1222 458 90 141 
7 9 1001 0 1000 86 1219 456 92 139 
7 9 1001 0 1000 87 1219 456 92 139 
7 9 1001 0 1000 88 1219 456 92 139 
7 9 1001 0 1000 89 1219 456 92 139 
7 9 1001 0 1000 90 1219 453 92 139 
7 9 1001 0 1000 91 1219 453 92 139 
7 9 1001 0 1000 92 1219 453 92 139 
7 9 1001 0 1000 93 1219 453 92 139 
7 9 1001 0 1000 94 1217 450 90 141 
7 9 1001 0 1000 95 1217 450 90 141 
7 9 1001 0 1000 96 1217 450 90 141 
7 9 1001 0 1000 97 1217 450 90 141 
7 9 1001 0 1000 98 1217 448 90 139 
7 9 1001 0 1000 99 1217 448 90 139 
7 9 1001 0 1000 100 1217 448 90 139 
7 9 1001 0 1000 101 1217 448 90 139 
7 9 1001 0 1000 102 1214 445 90 139 
7 9 1001 0 1000 103 1214 445 90 139 
7 9 1001 0 1000 104 1214 445 90 139 
7 9 1001 0 1000 105 1214 445 90 139 
7 9 1001 0 1000 106 1214 442 90 141 
7 9 1001 0 1000 107 1214 442 90 141 
7 9 1001 0 1000 108 1214 442 90 141 
7 9 1001 0 1000 109 1214 442 90 141 
7 9 1001 0 1000 110 1211 440 92 139 
7 9 1001 0 1000 111 1211 440 92 139 
7 9 1001 0 1000 112 1211 440 92 139 
7 9 1001 0 1000 113 1211 440 92 139 
7 9 1001 0 1000 114 1211 437 92 139 
7 9 1001 0 1000 115 1211 437 92 139 
7 9 1001 0 1000 116 1211 437 92 139 
7 9 1001 0 1000 117 1211 437 92 139 
7 9 1001 0 1000 118 1211 434 92 141 
7 9 1001 0 1000 119 1211 434 92 141 
7 9 1001 0 1000 120 1209 434 90 141 
7 9 1001 0 1000 121 1209 434 90 141 
7 9 1001 0 1000 122 1209 432 90 139 
7 9 1001 0 1000 123 1209 432 90 139 
7 9 1001 0 1000 124 1209 432 90 139 
7 9 1001 0 1000 125 1209 432 90 139 
7 9 1001 0 1000 126 1209 429 90 139 
7 9 1001 0 1000 127 1209 429 90 139 
7 9 1001 0 1000 128 1209 429 90 139 
7 9 1001 0 1000 129 1209 429 90 139 
7 9 1001 0 1000 130 1206 426 90 141 
7 9 1001 0 1000 131 1206 426 90 141 
7 9 1001 0 1000 132 1206 426 90 141 
7 9 1001 0 1000 133 1206 426 90 141 
7 9 1001 0 1000 134 1206 424 90 139 
7 9 1001 0 1000 135 1206 424 90 139 
7 9 1001 0 1000 136 1206 424 90 139 
7 9 1001 0 1000 137 1206 424 90 139 
7 9 1001 0 1000 138 1206 421 90 139 
7 9 1001 0 1000 139 1206 421 90 139 
7 9 1001 0 1000 140 1203 421 92 139 
7 9 1001 0 1000 141 1203 421 92 139 
7 9 1001 0 1000 142 1203 418 92 141 
7 9 1001 0 1000 143 1203 418 92 141 
7 9 1001 0 1000 144 1203 418 92 141 
7 9 1001 0 1000 145 1203 418 92 141 
7 9 1001 0 1000 146 1203 416 92 139 
7 9 1001 0 1000 147 1203 416 92 139 
7 9 1001 0 1000 148 1203 416 92 139 
7 9 1001 0 1000 149 1203 416 92 139 
7 9 1001 0 1000 150 1203 416 92 139 
7 9 1001 0 1000 151 1201 413 90 139 
7 9 1001 0 1000 152 1201 413 90 139 
7 9 1001 0 1000 153 1201 413 90 139 
7 9 1001 0 1000 154 1201 410 90 141 
7 9 1001 0 1000 155 1201 410 90 141 
7 9 1001 0 1000 156 1201 410 90 141 
7 9 1001 0 1000 157 1201 410 90 141 
7 9 1001 0 1000 158 1198 408 90 139 
7 9 1001 0 1000 159 1198 408 90 139 
7 9 1001 0 1000 160 1198 408 90 139 
7 9 1001 0 1000 161 1198 405 90 139 
7 9 1001 0 1000 162 1198 405 90 139 
7 9 1001 0 1000 163 1198 405 90 139 
7 9 1001 0 1000 164 1198 405 90 139 
7 9 1001 0 1000 165 1195 402 92 141 
7 9 1001 0 1000 166 1195 402 92 141 
7 9 1001 0 1000 167 1195 402 92 141 
7 9 1001 0 1000 168 1195 400 92 139 
7 9 1001 0 1000 169 1195 400 92 139 
7 9 1001 0 1000 170 1195 400 92 139 
7 9 1001 0 1000 171 1195 400 92 139 
7 9 1001 0 1000 172 1193 397 90 139 
7 9 1001 0 1000 173 1193 397 90 139 
7 9 1001 0 1000 174 1193 397 90 139 
7 9 1001 0 1000 175 1193 394 90 141 
7 9 1001 0 1000 176 1193 394 90 141 
7 9 1001 0 1000 177 1193 394 90 141 
7 9 1001 0 1000 178 1193 394 90 141 
7 9 1001 0 1000 179 1190 392 90 139 
7 9 1001 0 1000 180 1190 392 90 139 
7 9 1001 0 1000 181 1190 392 90 139 
7 9 1001 0 1000 182 1190 389 90 139 
7 9 1001 0 1000 183 1190 389 90 139 
7 9 1001 0 1000 184 1190 389 90 139 
7 9 1001 0 1000 185 1190 389 90 139 
7 9 1001 0 1000 186 1187 386 92 141 
7 9 1001 0 1000 187 1187 386 92 141 
7 9 1001 0 1000 188 1187 386 92 141 
7 9 1001 0 1000 189 1187 384 92 139 
7 9 1001 0 1000 190 1187 384 92 139 
7 9 1001 0 1000 191 1185 384 90 139 
7 9 1001 0 1000 192 1185 384 90 139 
7 9 1001 0 1000 193 1185 381 90 139 
7 9 1001 0 1000 194 1185 381 90 139 
7 9 1001 0 1000 195 1185 381 90 139 
7 9 1001 0 1000 196 1182 381 90 139 
7 9 1001 0 1000 197 1182 378 90 141 
7 9 1001 0 1000 198 1182 378 90 141 
7 9 1001 0 1000 199 1182 378 90 141 
7 9 1001 0 1000 200 1182 378 90 141 
7 9 1001 0 1000 201 1179 376 92 139 
7 9 1001 0 1000 202 1179 376 92 139 
7 9 1001 0 1000 203 1179 376 92 139 
7 9 1001 0 1000 204 1179 376 92 139 
7 9 1001 0 1000 205 1179 373 92 139 
7 9 1001 0 1000 206 1179 373 92 139 
7 9 1001 0 1000 207 1177 373 90 139 
7 9 1001 0 1000 208 1177 370 90 141 
7 9 1001 0 1000 209 1177 370 90 141 
7 9 1001 0 1000 210 1177 370 90 141 
7 9 1001 0 1000 211 1177 370 90 141 
7 9 1001 0 1000 212 1174 368 90 139 
7 9 1001 0 1000 213 1174 368 90 139 
7 9 1001 0 1000 214 1174 368 90 139 
7 9 1001 0 1000 215 1174 368 90 139 
7 9 1001 0 1000 216 1174 365 90 139 
7 9 1001 0 1000 217 1171 365 92 139 
7 9 1001 0 1000 218 1171 365 92 139 
7 9 1001 0 1000 219 1171 365 92 139 
7 9 1001 0 1000 220 1171 362 92 141 
7 9 1001 0 1000 221 1171 362 92 141 
7 9 1001 0 1000 222 1169 362 90 141 
7 9 1001 0 1000 223 1169 362 90 141 
7 9 1001 0 1000 224 1169 360 90 139 
7 9 1001 0 1000 225 1169 360 90 139 
7 9 1001 0 1000 226 1169 360 90 139 
7 9 1001 0 1000 227 1169 360 90 139 
7 9 1001 0 1000 228 1166 357 90 139 
7 9 1001 0 1000 229 1166 357 90 139 
7 9 1001 0 1000 230 1166 357 90 139 
7 9 1001 0 1000 231 1166 354 90 141 
7 9 1001 0 1000 232 1166 354 90 141 
7 9 1001 0 1000 233 1163 354 92 141 
7 9 1001 0 1000 234 1163 354 92 141 
7 9 1001 0 1000 235 1163 352 92 139 
7 9 1001 0 1000 236 1163 352 92 139 
7 9 1001 0 1000 237 1163 352 92 139 
7 9 1001 0 1000 238 1161 352 90 139 
7 9 1001 0 1000 239 1161 349 90 139 
7 9 1001 0 1000 240 1161 349 90 139 
7 9 1001 0 1000 241 1161 349 90 139 
7 9 1001 0 1000 242 1161 349 90 139 
7 9 1001 0 1000 243 1158 346 90 141 
7 9 1001 0 1000 244 1158 346 90 141 
7 9 1001 0 1000 245 1158 346 90 141 
7 9 1001 0 1000 246 1158 346 90 141 
7 9 1001 0 1000 247 1158 344 90 139 
7 9 1001 0 1000 248 1158 344 90 139 
7 9 1001 0 1000 249 1155 344 92 139 
7 9 1001 0 1000 250 1155 341 92 139 
7 9 1001 0 1000 251 1155 341 92 139 
7 9 1001 0 1000 252 1155 341 92 139 
7 9 1001 0 1000 253 1155 341 92 139 
7 9 1001 0 1000 254 1153 338 90 141 
7 9 1001 0 1000 255 1153 338 90 141 
7 9 1001 0 1000 256 1153 338 90 141 
7 9 1001 0 1000 257 1153 338 90 141 
7 9 1001 0 1000 258 1153 336 90 139 
7 9 1001 0 1000 259 1150 336 90 139 
7 9 1001 0 1000 260 1150 336 90 139 
7 9 1001 0 1000 261 1150 336 90 139 
7 9 1001 0 1000 262 1150 333 90 139 
7 9 1001 0 1000 263 1150 333 90 139 
7 9 1001 0 1000 264 1147 333 92 139 
7 9 1001 0 1000 265 1147 333 92 139 
7 9 1001 0 1000 266 1147 330 92 141 
7 9 1001 0 1000 267 1147 330 92 141 
7 9 1001 0 1000 268 1147 330 92 141 
7 9 1001 0 1000 269 1147 330 92 141 
7 9 1001 0 1000 270 1145 328 90 139 
7 9 1001 0 1000 271 1145 328 90 139 
7 9 1001 0 1000 272 1145 328 90 139 
7 9 1001 0 1000 273 1142 325 90 139 
7 9 1001 0 1000 274 1142 325 90 139 
7 9 1001 0 1000 275 1142 325 90 139 
7 9 1001 0 1000 276 1142 325 90 139 
7 9 1001 0 1000 277 1139 322 92 141 
7 9 1001 0 1000 278 1139 322 92 141 
7 9 1001 0 1000 279 1139 322 92 141 
7 9 1001 0 1000 280 1139 322 92 141 
7 9 1001 0 1000 281 1137 320 90 139 
7 9 1001 0 1000 282 1137 320 90 139 
7 9 1001 0 1000 283 1137 320 90 139 
7 9 1001 0 1000 284 1137 320 90 139 
7 9 1001 0 1000 285 1134 317 90 139 
7 9 1001 0 1000 286 1134 317 90 139 
7 9 1001 0 1000 287 1134 317 90 139 
7 9 1001 0 1000 288 1134 317 90 139 
7 9 1001 0 1000 289 1131 314 92 141 
7 9 1001 0 1000 290 1131 314 92 141 
7 9 1001 0 1000 291 1131 314 92 141 
7 9 1001 0 1000 292 1131 314 92 141 
7 9 1001 0 1000 293 1129 312 90 139 
7 9 1001 0 1000 294 1129 312 90 139 
7 9 1001 0 1000 295 1129 312 90 139 
7 9 1001 0 1000 296 1129 312 90 139 
7 9 1001 0 1000 297 1126 309 90 139 
7 9 1001 0 1000 298 1126 309 90 139 
7 9 1001 0 1000 299 1126 309 90 139 
7 9 1001 0 1000 300 1126 309 90 139 
7 9 1001 0 1000 301 1123 306 92 141 
7 9 1001 0 1000 302 1123 306 92 141 
7 9 1001 0 1000 303 1123 306 92 141 
7 9 1001 0 1000 304 1121 304 90 139 
7 9 1001 0 1000 305 1121 304 90 139 
7 9 1001 0 1000 306 1121 304 90 139 
7 9 1001 0 1000 307 1117 304 96 139 
7 9 1001 0 1000 308 1118 301 90 139 
7 9 1001 0 1000 309 1118 301 90 139 
7 9 1001 0 1000 310 1118 301 90 139 
7 9 1001 0 1000 311 1115 298 92 141 
7 9 1001 0 1000 312 1115 298 92 141 
7 9 1001 0 1000 313 1115 298 92 141 
7 9 1001 0 1000 314 1112 298 96 141 
7 9 1001 0 1000 315 1113 296 90 139 
7 9 1001 0 1000 316 1113 296 90 139 
7 9 1001 0 1000 317 1109 296 96 139 
7 9 1001 0 1000 318 1110 293 90 139 
7 9 1001 0 1000 319 1110 293 90 139 
7 9 1001 0 1000 320 1110 293 90 139 
7 9 1001 0 1000 321 1106 293 96 139 
7 9 1001 0 1000 322 1107 290 92 141 
7 9 1001 0 1000 323 1107 290 92 141 
7 9 1001 0 1000 324 1104 290 96 141 
7 9 1001 0 1000 325 1105 288 90 139 
7 9 1001 0 1000 326 1105 288 90 139 
7 9 1001 0 1000 327 1101 288 96 139 
7 9 1001 0 1000 328 1101 288 96 139 
7 9 1001 0 1000 329 1102 285 90 139 
7 9 1001 0 1000 330 1102 285 90 139 
7 9 1001 0 1000 331 1098 285 96 139 
7 9 1001 0 1000 332 1098 285 96 139 
7 9 1001 0 1000 333 1099 282 92 141 
7 9 1001 0 1000 334 1096 282 96 141 
7 9 1001 0 1000 335 1096 282 96 141 
7 9 1001 0 1000 336 1097 280 90 139 
7 9 1001 0 1000 337 1093 280 96 139 
7 9 1001 0 1000 338 1093 280 96 139 
7 9 1001 0 1000 339 1093 280 96 139 
7 9 1001 0 1000 340 1094 277 90 139 
7 9 1001 0 1000 341 1090 277 96 139 
7 9 1001 0 1000 342 1090 277 96 139 
7 9 1001 0 1000 343 1091 274 92 141 
7 9 1001 0 1000 344 1088 274 96 141 
7 9 1001 0 1000 345 1088 274 96 141 
7 9 1001 0 1000 346 1088 274 96 141 
7 9 1001 0 1000 347 1085 272 96 139 
7 9 1001 0 1000 348 1085 272 96 139 
7 9 1001 0 1000 349 1085 272 96 139 
7 9 1001 0 1000 350 1086 269 90 139 
7 9 1001 0 1000 351 1082 269 96 139 
7 9 1001 0 1000 352 1082 269 96 139 
7 9 1001 0 1000 353 1082 269 96 139 
7 9 1001 0 1000 354 1080 266 96 141 
7 9 1001 0 1000 355 1080 266 96 141 
7 9 1001 0 1000 356 1080 266 96 141 
7 9 1001 0 1000 357 1080 266 96 141 
7 9 1001 0 1000 358 1077 264 96 139 
7 9 1001 0 1000 359 1077 264 96 139 
7 9 1001 0 1000 360 1077 264 96 139 
7 9 1001 0 1000 361 1077 264 96 139 
7 9 1001 0 1000 362 1077 261 96 139 
7 9 1001 0 1000 363 1077 261 96 139 
7 9 1001 0 1000 364 1077 261 96 139 
7 9 1001 0 1000 365 1077 261 96 139 
7 9 1001 0 1000 366 1077 261 96 139 
7 9 1001 0 1000 367 1077 258 96 141 
7 9 1001 0 1000 368 1077 258 96 141 
7 9 1001 0 1000 369 1077 258 96 141 
7 9 1001 0 1000 370 1077 258 96 141 
7 9 1001 0 1000 371 1078 256 90 139 
7 9 1001 0 1000 372 1078 256 90 139 
7 9 1001 0 1000 373 1078 256 90 139 
7 9 1001 0 1000 374 1078 256 90 139 
7 9 1001 0 1000 375 1078 256 90 139 
7 9 1001 0 1000 376 1078 253 90 139 
7 9 1001 0 1000 377 1078 253 90 139 
7 9 1001 0 1000 378 1078 253 90 139 
7 9 1001 0 1000 379 1078 253 90 139 
7 9 1001 0 1000 380 1078 250 90 141 
7 9 1001 0 1000 381 1078 250 90 141 
7 9 1001 0 1000 382 1078 250 90 141 
7 9 1001 0 1000 383 1078 250 90 141 
7 9 1001 0 1000 384 1078 250 90 141 
7 9 1001 0 1000 385 1075 248 92 139 
7 9 1001 0 1000 386 1075 248 92 139 
7 9 1001 0 1000 387 1075 248 92 139 
7 9 1001 0 1000 388 1075 248 92 139 
7 9 1001 0 1000 389 1075 245 92 139 
7 9 1001 0 1000 390 1075 245 92 139 
7 9 1001 0 1000 391 1075 245 92 139 
7 9 1001 0 1000 392 1075 245 92 139 
7 9 1001 0 1000 393 1075 245 92 139 
7 9 1001 0 1000 394 1075 242 92 141 
7 9 1001 0 1000 395 1075 242 92 141 
7 9 1001 0 1000 396 1075 242 92 141 
7 9 1001 0 1000 397 1075 242 92 141 
7 9 1001 0 1000 398 1075 242 92 141 
7 9 1001 0 1000 399 1076 240 86 139 
7 9 1001 0 1000 400 1076 240 86 139 
7 9 1001 0 1000 401 1076 240 86 139 
7 9 1001 0 1000 402 1076 240 86 139 
7 9 1001 0 1000 403 1076 237 86 139 
7 9 1001 0 1000 404 1076 237 86 139 
7 9 1001 0 1000 405 1076 237 86 139 
7 9 1001 0 1000 406 1076 237 86 139 
7 9 1001 0 1000 407 1076 237 86 139 
7 9 1001 0 1000 408 1076 234 86 141 
7 9 1001 0 1000 409 1076 234 86 141 
7 9 1001 0 1000 410 1076 234 86 141 
7 9 1001 0 1000 411 1076 234 86 141 
7 9 1001 0 1000 412 1075 232 84 139 
7 9 1001 0 1000 413 1075 232 84 139 
7 9 1001 0 1000 414 1075 232 84 139 
7 9 1001 0 1000 415 1075 232 84 139 
7 9 1001 0 1000 416 1075 232 84 139 
7 9 1001 0 1000 417 1075 229 84 139 
7 9 1001 0 1000 418 1075 229 84 139 
7 9 1001 0 1000 419 1075 229 84 139 
7 9 1001 0 1000 420 1075 229 84 139 
7 9 1001 0 1000 421 1075 226 84 141 
7 9 1001 0 1000 422 1075 226 84 141 
7 9 1001 0 1000 423 1075 226 84 141 
7 9 1001 0 1000 424 1075 226 84 141 
7 9 1001 0 1000 425 1075 226 84 141 
7 9 1001 0 1000 426 1076 224 80 139 
7 9 1001 0 1000 427 1076 224 80 139 
7 9 1001 0 1000 428 1076 224 80 139 
7 9 1001 0 1000 429 1076 224 80 139 
7 9 1001 0 1000 430 1076 221 80 139 
7 9 1001 0 1000 431 1076 221 80 139 
7 9 1001 0 1000 432 1076 221 80 139 
7 9 1001 0 1000 433 1076 221 80 139 
7 9 1001 0 1000 434 1076 221 80 139 
7 9 1001 0 1000 435 1076 218 80 141 
7 9 1001 0 1000 436 1076 218 80 141 
7 9 1001 0 1000 437 1076 218 80 141 
7 9 1001 0 1000 438 1076 218 80 141 
7 9 1001 0 1000 439 1076 218 80 141 
7 9 1001 0 1000 440 1073 216 80 139 
7 9 1001 0 1000 441 1073 216 80 139 
7 9 1001 0 1000 442 1073 216 80 139 
7 9 1001 0 1000 443 1073 216 80 139 
7 9 1001 0 1000 444 1073 217 80 135 
7 9 1001 0 1000 445 1070 213 80 139 
7 9 1001 0 1000 446 1070 213 80 139 
7 9 1001 0 1000 447 1070 213 80 139 
7 9 1001 0 1000 448 1070 213 80 139 
7 9 1001 0 1000 449 1070 214 80 136 
7 9 1001 0 1000 450 1068 214 80 136 
7 9 1001 0 1000 451 1068 210 80 141 
7 9 1001 0 1000 452 1068 210 80 141 
7 9 1001 0 1000 453 1068 210 80 141 
7 9 1001 0 1000 454 1068 211 80 136 
7 9 1001 0 1000 455 1065 211 80 136 
7 9 1001 0 1000 456 1065 208 80 139 
7 9 1001 0 1000 457 1065 208 80 139 
7 9 1001 0 1000 458 1065 209 80 135 
7 9 1001 0 1000 459 1065 209 80 135 
7 9 1001 0 1000 460 1065 209 80 135 
7 9 1001 0 1000 461 1062 209 80 135 
7 9 1001 0 1000 462 1062 205 80 139 
7 9 1001 0 1000 463 1062 206 80 136 
7 9 1001 0 1000 464 1062 206 80 136 
7 9 1001 0 1000 465 1062 206 80 136 
7 9 1001 0 1000 466 1060 206 80 136 
7 9 1001 0 1000 467 1060 206 80 136 
7 9 1001 0 1000 468 1060 203 80 136 
7 9 1001 0 1000 469 1060 203 80 136 
7 9 1001 0 1000 470 1060 203 80 136 
7 9 1001 0 1000 471 1057 203 80 136 
7 9 1001 0 1000 472 1057 203 80 136 
7 9 1001 0 1000 473 1057 201 80 135 
7 9 1001 0 1000 474 1057 201 80 135 
7 9 1001 0 1000 475 1057 201 80 135 
7 9 1001 0 1000 476 1057 201 80 135 
7 9 1001 0 1000 477 1054 202 80 132 
7 9 1001 0 1000 478 1054 202 80 132 
7 9 1001 0 1000 479 1054 198 80 136 
7 9 1001 0 1000 480 1054 198 80 136 
7 9 1001 0 1000 481 1054 198 80 136 
7 9 1001 0 1000 482 1052 199 80 132 
7 9 1001 0 1000 483 1052 199 80 132 
7 9 1001 0 1000 484 1052 199 80 132 
7 9 1001 0 1000 485 1052 195 80 136 
7 9 1001 0 1000 486 1052 195 80 136 
7 9 1001 0 1000 487 1049 196 80 132 
7 9 1001 0 1000 488 1049 196 80 132 
7 9 1001 0 1000 489 1049 196 80 132 
7 9 1001 0 1000 490 1049 193 80 135 
7 9 1001 0 1000 491 1049 193 80 135 
7 9 1001 0 1000 492 1046 194 80 132 
7 9 1001 0 1000 493 1046 194 80 132 
7 9 1001 0 1000 494 1046 194 80 132 
7 9 1001 0 1000 495 1046 194 80 132 
7 9 1001 0 1000 496 1046 191 80 132 
7 9 1001 0 1000 497 1046 191 80 132 
7 9 1001 0 1000 498 1044 191 80 132 
7 9 1001 0 1000 499 1044 191 80 132 
7 9 1001 0 1000 500 1044 191 80 132 
7 9 1001 0 1000 501 1044 188 80 132 
7 9 1001 0 1000 502 1044 188 80 132 
7 9 1001 0 1000 503 1041 188 80 132 
7 9 1001 0 1000 504 1041 188 80 132 
7 9 1001 0 1000 505 1041 188 80 132 
7 9 1001 0 1000 506 1041 188 80 129 
7 9 1001 0 1000 507 1041 186 80 132 
7 9 1001 0 1000 508 1038 186 80 132 
7 9 1001 0 1000 509 1038 186 80 132 
7 9 1001 0 1000 510 1038 186 80 132 
7 9 1001 0 1000 511 1038 186 80 127 
7 9 1001 0 1000 512 1038 186 80 127 
7 9 1001 0 1000 513 1038 183 80 132 
7 9 1001 0 1000 514 1036 183 80 132 
7 9 1001 0 1000 515 1036 183 80 127 
7 9 1001 0 1000 516 1036 183 80 127 
7 9 1001 0 1000 517 1036 183 80 127 
7 9 1001 0 1000 518 1036 180 80 132 
7 9 1001 0 1000 519 1033 180 80 132 
7 9 1001 0 1000 520 1033 180 80 129 
7 9 1001 0 1000 521 1033 180 80 129 
7 9 1001 0 1000 522 1033 180 80 129 
7 9 1001 0 1000 523 1033 180 80 129 
7 9 1001 0 1000 524 1030 178 80 132 
7 9 1001 0 1000 525 1030 178 80 127 
7 9 1001 0 1000 526 1030 178 80 127 
7 9 1001 0 1000 527 1030 178 80 127 
7 9 1001 0 1000 528 1030 178 80 127 
7 9 1001 0 1000 529 1030 178 80 127 
7 9 1001 0 1000 530 1028 175 80 127 
7 9 1001 0 1000 531 1028 175 80 127 
7 9 1001 0 1000 532 1028 175 80 127 
7 9 1001 0 1000 533 1028 175 80 127 
7 9 1001 0 1000 534 1025 175 80 127 
7 9 1001 0 1000 535 1025 172 80 129 
7 9 1001 0 1000 536 1025 172 80 129 
7 9 1001 0 1000 537 1025 172 80 129 
7 9 1001 0 1000 538 1025 172 80 129 
7 9 1001 0 1000 539 1022 172 80 129 
7 9 1001 0 1000 540 1022 170 80 127 
7 9 1001 0 1000 541 1022 170 80 127 
7 9 1001 0 1000 542 1022 170 80 127 
7 9 1001 0 1000 543 1022 170 80 127 
7 9 1001 0 1000 544 1020 170 80 127 
7 9 1001 0 1000 545 1020 170 80 127 
7 9 1001 0 1000 546 1020 167 80 127 
7 9 1001 0 1000 547 1020 167 80 127 
7 9 1001 0 1000 548 1020 167 80 127 
7 9 1001 0 1000 549 1017 167 80 127 
7 9 1001 0 1000 550 1017 167 80 127 
7 9 1001 0 1000 551 1017 164 80 129 
7 9 1001 0 1000 552 1017 164 80 129 
7 9 1001 0 1000 553 1017 164 80 129 
7 9 1001 0 1000 554 1014 164 80 129 
7 9 1001 0 1000 555 1014 164 80 129 
7 9 1001 0 1000 556 1014 162 80 127 
7 9 1001 0 1000 557 1014 162 80 127 
7 9 1001 0 1000 558 1014 162 80 127 
7 9 1001 0 1000 559 1012 162 80 127 
7 9 1001 0 1000 560 1012 162 80 127 
7 9 1001 0 1000 561 1012 162 80 127 
7 9 1001 0 1000 562 1012 159 80 127 
7 9 1001 0 1000 563 1012 159 80 127 
7 9 1001 0 1000 564 1009 159 80 127 
7 9 1001 0 1000 565 1009 159 80 127 
7 9 1001 0 1000 566 1009 159 80 127 
7 9 1001 0 1000 567 1009 156 80 129 
7 9 1001 0 1000 568 1009 156 80 129 
7 9 1001 0 1000 569 1006 156 80 129 
7 9 1001 0 1000 570 1006 156 80 129 
7 9 1001 0 1000 571 1006 156 80 129 
7 9 1001 0 1000 572 1006 154 80 127 
7 9 1001 0 1000 573 1006 154 80 127 
7 9 1001 0 1000 574 1004 154 80 127 
7 9 1001 0 1000 575 1004 154 80 127 
7 9 1001 0 1000 576 1004 154 80 127 
7 9 1001 0 1000 577 1004 154 80 127 
7 9 1001 0 1000 578 1004 151 80 127 
7 9 1001 0 1000 579 1001 151 80 127 
7 9 1001 0 1000 580 1001 151 80 127 
7 9 1001 0 1000 581 1001 151 80 127 
7 9 1001 0 1000 582 1001 151 80 127 
7 9 1001 0 1000 583 1001 148 80 129 
7 9 1001 0 1000 584 998 148 80 129 
7 9 1001 0 1000 585 998 148 80 129 
7 9 1001 0 1000 586 998 148 80 129 
7 9 1001 0 1000 587 998 148 80 129 
7 9 1001 0 1000 588 998 146 80 127 
7 9 1001 0 1000 589 996 146 80 127 
7 9 1001 0 1000 590 996 146 80 127 
7 9 1001 0 1000 591 996 146 80 127 
7 9 1001 0 1000 592 996 146 80 127 
7 9 1001 0 1000 593 996 146 80 127 
7 9 1001 0 1000 594 993 143 80 127 
7 9 1001 0 1000 595 993 143 80 127 
7 9 1001 0 1000 596 993 143 80 127 
7 9 1001 0 1000 597 994 140 74 129 
7 9 1001 0 1000 598 994 140 74 129 
7 9 1001 0 1000 599 994 140 74 129 
7 9 1001 0 1000 600 994 140 74 129 
7 9 1001 0 1000 601 991 138 76 127 
7 9 1001 0 1000 602 991 138 76 127 
7 9 1001 0 1000 603 991 138 76 127 
7 9 1001 0 1000 604 991 138 76 127 
7 9 1001 0 1000 605 991 135 76 127 
7 9 1001 0 1000 606 991 135 76 127 
7 9 1001 0 1000 607 989 135 74 127 
7 9 1001 0 1000 608 989 135 74 127 
7 9 1001 0 1000 609 989 135 74 127 
7 9 1001 0 1000 610 989 132 74 129 
7 9 1001 0 1000 611 989 132 74 129 
7 9 1001 0 1000 612 989 132 74 129 
7 9 1001 0 1000 613 985 132 80 129 
7 9 1001 0 1000 614 986 132 74 129 
7 9 1001 0 1000 615 986 130 74 127 
7 9 1001 0 1000 616 986 130 74 127 
7 9 1001 0 1000 617 986 130 74 127 
7 9 1001 0 1000 618 986 130 74 127 
7 9 1001 0 1000 619 982 130 80 127 
7 9 1001 0 1000 620 982 127 80 127 
7 9 1001 0 1000 621 983 127 76 127 
7 9 1001 0 1000 622 983 127 76 127 
7 9 1001 0 1000 623 983 127 76 127 
7 9 1001 0 1000 624 983 127 76 127 
7 9 1001 0 1000 625 980 124 80 129 
7 9 1001 0 1000 626 980 124 80 129 
7 9 1001 0 1000 627 980 124 80 129 
7 9 1001 0 1000 628 981 124 74 129 
7 9 1001 0 1000 629 981 122 74 127 
7 9 1001 0 1000 630 981 122 74 127 
7 9 1001 0 1000 631 977 122 80 127 
7 9 1001 0 1000 632 977 122 80 127 
7 9 1001 0 1000 633 977 122 80 127 
7 9 1001 0 1000 634 977 119 80 127 
7 9 1001 0 1000 635 978 119 74 127 
7 9 1001 0 1000 636 978 119 74 127 
7 9 1001 0 1000 637 974 119 80 127 
7 9 1001 0 1000 638 974 119 80 127 
7 9 1001 0 1000 639 974 116 80 129 
7 9 1001 0 1000 640 974 116 80 129 
7 9 1001 0 1000 641 974 116 80 129 
7 9 1001 0 1000 642 975 116 76 129 
7 9 1001 0 1000 643 972 116 80 129 
7 9 1001 0 1000 644 972 114 80 127 
7 9 1001 0 1000 645 972 114 80 127 
7 9 1001 0 1000 646 972 114 80 127 
7 9 1001 0 1000 647 972 114 80 127 
7 9 1001 0 1000 648 972 114 80 127 
7 9 1001 0 1000 649 969 111 80 127 
7 9 1001 0 1000 650 969 111 80 127 
7 9 1001 0 1000 651 969 111 80 127 
7 9 1001 0 1000 652 969 112 80 124 
7 9 1001 0 1000 653 969 112 80 124 
7 9 1001 0 1000 654 969 112 80 124 
7 9 1001 0 1000 655 969 108 80 129 
7 9 1001 0 1000 656 969 109 80 124 
7 9 1001 0 1000 657 966 109 80 124 
7 9 1001 0 1000 658 966 109 80 124 
7 9 1001 0 1000 659 966 109 80 124 
7 9 1001 0 1000 660 966 110 80 120 
7 9 1001 0 1000 661 966 107 80 123 
7 9 1001 0 1000 662 966 107 80 123 
7 9 1001 0 1000 663 966 107 80 123 
7 9 1001 0 1000 664 966 108 80 120 
7 9 1001 0 1000 665 964 108 80 120 
7 9 1001 0 1000 666 964 108 80 120 
7 9 1001 0 1000 667 964 108 80 120 
7 9 1001 0 1000 668 964 105 80 120 
7 9 1001 0 1000 669 964 105 80 120 
7 9 1001 0 1000 670 964 105 80 120 
7 9 1001 0 1000 671 964 105 80 120 
7 9 1001 0 1000 672 964 105 80 115 
7 9 1001 0 1000 673 961 105 80 115 
7 9 1001 0 1000 674 961 102 80 120 
7 9 1001 0 1000 675 961 102 80 120 
7 9 1001 0 1000 676 961 102 80 117 
7 9 1001 0 1000 677 961 102 80 117 
7 9 1001 0 1000 678 961 102 80 117 
7 9 1001 0 1000 679 961 103 80 112 
7 9 1001 0 1000 680 961 103 80 112 
7 9 1001 0 1000 681 961 100 80 115 
7 9 1001 0 1000 682 958 100 80 115 
7 9 1001 0 1000 683 958 101 80 111 
7 9 1001 0 1000 684 958 101 80 111 
7 9 1001 0 1000 685 958 101 80 111 
7 9 1001 0 1000 686 958 101 80 111 
7 9 1001 0 1000 687 958 98 80 112 
7 9 1001 0 1000 688 958 98 80 112 
7 9 1001 0 1000 689 958 98 80 112 
7 9 1001 0 1000 690 956 98 80 112 
7 9 1001 0 1000 691 956 99 80 108 
7 9 1001 0 1000 692 956 99 80 108 
7 9 1001 0 1000 693 956 99 80 108 
7 9 1001 0 1000 694 956 95 80 112 
7 9 1001 0 1000 695 956 96 80 108 
7 9 1001 0 1000 696 956 96 80 108 
7 9 1001 0 1000 697 956 96 80 108 
7 9 1001 0 1000 698 953 96 80 108 
7 9 1001 0 1000 699 953 96 80 105 
7 9 1001 0 1000 700 953 94 80 108 
7 9 1001 0 1000 701 953 94 80 108 
7 9 1001 0 1000 702 953 94 80 108 
7 9 1001 0 1000 703 953 94 80 103 
7 9 1001 0 1000 704 953 94 80 103 
7 9 1001 0 1000 705 953 94 80 103 
7 9 1001 0 1000 706 953 94 80 103 
7 9 1001 0 1000 707 950 91 80 103 
7 9 1001 0 1000 708 950 91 80 103 
7 9 1001 0 1000 709 950 91 80 103 
7 9 1001 0 1000 710 950 91 80 103 
7 9 1001 0 1000 711 950 91 80 103 
7 9 1001 0 1000 712 950 88 80 105 
7 9 1001 0 1000 713 948 88 80 105 
7 9 1001 0 1000 714 948 88 80 105 
7 9 1001 0 1000 715 948 88 80 105 
7 9 1001 0 1000 716 948 88 80 105 
7 9 1001 0 1000 717 948 86 80 103 
7 9 1001 0 1000 718 948 86 80 103 
7 9 1001 0 1000 719 948 86 80 103 
7 9 1001 0 1000 720 945 86 80 103 
7 9 1001 0 1000 721 945 86 80 103 
7 9 1001 0 1000 722 945 83 80 103 
7 9 1001 0 1000 723 945 83 80 103 
7 9 1001 0 1000 724 945 83 80 103 
7 9 1001 0 1000 725 945 83 80 103 
7 9 1001 0 1000 726 945 83 80 103 
7 9 1001 0 1000 727 942 80 80 105 
7 9 1001 0 1000 728 942 80 80 105 
7 9 1001 0 1000 729 942 80 80 105 
7 9 1001 0 1000 730 942 80 80 105 
7 9 1001 0 1000 731 942 80 80 105 
7 9 1001 0 1000 732 942 80 80 105 
7 9 1001 0 1000 733 940 78 80 103 
7 9 1001 0 1000 734 940 78 80 103 
7 9 1001 0 1000 735 940 78 80 103 
7 9 1001 0 1000 736 940 78 80 103 
7 9 1001 0 1000 737 940 78 80 103 
7 9 1001 0 1000 738 940 75 80 103 
7 9 1001 0 1000 739 940 75 80 103 
7 9 1001 0 1000 740 937 75 80 103 
7 9 1001 0 1000 741 937 75 80 103 
7 9 1001 0 1000 742 937 75 80 103 
7 9 1001 0 1000 743 937 72 80 105 
7 9 1001 0 1000 744 937 72 80 105 
7 9 1001 0 1000 745 937 72 80 105 
7 9 1001 0 1000 746 937 72 80 105 
7 9 1001 0 1000 747 934 72 80 105 
7 9 1001 0 1000 748 934 70 80 103 
7 9 1001 0 1000 749 934 70 80 103 
7 9 1001 0 1000 750 934 70 80 103 
7 9 1001 0 1000 751 934 70 80 103 
7 9 1001 0 1000 752 934 70 80 103 
7 9 1001 0 1000 753 934 70 80 103 
7 9 1001 0 1000 754 932 67 80 103 
7 9 1001 0 1000 755 932 67 80 103 
7 9 1001 0 1000 756 932 67 80 103 
7 9 1001 0 1000 757 932 67 80 103 
7 9 1001 0 1000 758 929 67 80 103 
7 9 1001 0 1000 759 929 64 80 105 
7 9 1001 0 1000 760 929 64 80 105 
7 9 1001 0 1000 761 929 64 80 105 
7 9 1001 0 1000 762 926 64 80 105 
7 9 1001 0 1000 763 926 64 80 105 
7 9 1001 0 1000 764 926 62 80 103 
7 9 1001 0 1000 765 926 62 80 103 
7 9 1001 0 1000 766 924 62 80 103 
7 9 1001 0 1000 767 924 62 80 103 
7 9 1001 0 1000 768 924 62 80 103 
7 9 1001 0 1000 769 924 59 80 103 
7 9 1001 0 1000 770 921 59 80 103 
7 9 1001 0 1000 771 921 59 80 103 
7 9 1001 0 1000 772 921 59 80 103 
7 9 1001 0 1000 773 921 59 80 103 
7 9 1001 0 1000 774 918 56 80 105 
7 9 1001 0 1000 775 918 56 80 105 
7 9 1001 0 1000 776 918 56 80 105 
7 9 1001 0 1000 777 918 56 80 105 
7 9 1001 0 1000 778 916 56 80 105 
7 9 1001 0 1000 779 916 54 80 103 
7 9 1001 0 1000 780 916 54 80 103 
7 9 1001 0 1000 781 916 54 80 103 
7 9 1001 0 1000 782 913 54 80 103 
7 9 1001 0 1000 783 913 54 80 103 
7 9 1001 0 1000 784 913 51 80 103 
7 9 1001 0 1000 785 913 51 80 103 
7 9 1001 0 1000 786 910 51 80 103 
7 9 1001 0 1000 787 910 51 80 103 
7 9 1001 0 1000 788 910 51 80 103 
7 9 1001 0 1000 789 910 51 80 103 
7 9 1001 0 1000 790 908 48 80 105 
7 9 1001 0 1000 791 908 48 80 105 
7 9 1001 0 1000 792 908 48 80 105 
7 9 1001 0 1000 793 908 48 80 105 
7 9 1001 0 1000 794 908 48 80 105 
7 9 1001 0 1000 795 908 46 80 108 
7 9 1001 0 1000 796 905 46 80 103 
7 9 1001 0 1000 797 905 46 80 103 
7 9 1001 0 1000 798 905 46 80 103 
7 9 1001 0 1000 799 905 46 80 103 
7 9 1001 0 1000 800 905 43 80 108 
7 9 1001 0 1000 801 905 43 80 108 
7 9 1001 0 1000 802 905 43 80 108 
7 9 1001 0 1000 803 902 43 80 103 
7 9 1001 0 1000 804 902 43 80 103 
7 9 1001 0 1000 805 902 43 80 103 
7 9 1001 0 1000 806 902 40 80 108 
7 9 1001 0 1000 807 902 40 80 108 
7 9 1001 0 1000 808 902 40 80 108 
7 9 1001 0 1000 809 902 40 80 108 
7 9 1001 0 1000 810 900 40 80 105 
7 9 1001 0 1000 811 900 38 80 108 
7 9 1001 0 1000 812 900 38 80 108 
7 9 1001 0 1000 813 900 38 80 108 
7 9 1001 0 1000 814 900 38 80 108 
7 9 1001 0 1000 815 900 38 80 108 
7 9 1001 0 1000 816 900 34 80 112 
7 9 1001 0 1000 817 897 35 80 108 
7 9 1001 0 1000 818 897 35 80 108 
7 9 1001 0 1000 819 897 35 80 108 
7 9 1001 0 1000 820 897 35 80 108 
7 9 1001 0 1000 821 897 35 80 108 
7 9 1001 0 1000 822 897 31 80 112 
7 9 1001 0 1000 823 897 31 80 112 
7 9 1001 0 1000 824 894 32 80 108 
7 9 1001 0 1000 825 894 32 80 108 
7 9 1001 0 1000 826 894 32 80 108 
7 9 1001 0 1000 827 894 29 80 111 
7 9 1001 0 1000 828 894 29 80 111 
7 9 1001 0 1000 829 894 29 80 111 
7 9 1001 0 1000 830 894 29 80 111 
7 9 1001 0 1000 831 892 30 80 108 
7 9 1001 0 1000 832 892 26 80 112 
7 9 1001 0 1000 833 892 26 80 112 
7 9 1001 0 1000 834 892 26 80 112 
7 9 1001 0 1000 835 892 26 80 112 
7 9 1001 0 1000 836 892 26 80 112 
7 9 1001 0 1000 837 892 26 80 112 
7 9 1001 0 1000 838 889 23 80 112 
7 9 1001 0 1000 839 889 23 80 112 
7 9 1001 0 1000 840 889 23 80 112 
7 9 1001 0 1000 841 889 23 80 112 
7 9 1001 0 1000 842 889 23 80 112 
7 9 1001 0 1000 843 886 21 80 111 
7 9 1001 0 1000 844 886 21 80 111 
7 9 1001 0 1000 845 886 21 80 111 
7 9 1001 0 1000 846 886 21 80 111 
7 9 1001 0 1000 847 886 21 80 111 
7 9 1001 0 1000 848 886 21 80 111 
7 9 1001 0 1000 849 884 18 80 112 
7 9 1001 0 1000 850 884 18 80 112 
7 9 1001 0 1000 851 884 18 80 112 
7 9 1001 0 1000 852 884 18 80 112 
7 9 1001 0 1000 853 884 18 80 112 
7 9 1001 0 1000 854 881 15 80 112 
7 9 1001 0 1000 855 881 15 80 112 
7 9 1001 0 1000 856 881 15 80 112 
7 9 1001 0 1000 857 881 15 80 112 
7 9 1001 0 1000 858 881 15 80 112 
7 9 1001 0 1000 859 881 15 80 112 
7 9 1001 0 1000 860 878 13 80 111 
7 9 1001 0 1000 861 878 13 80 111 
7 9 1001 0 1000 862 878 13 80 111 
7 9 1001 0 1000 863 878 13 80 111 
7 9 1001 0 1000 864 878 13 80 111 
7 9 1001 0 1000 865 876 10 80 112 
7 9 1001 0 1000 866 876 10 80 112 
7 9 1001 0 1000 867 876 10 80 112 
7 9 1001 0 1000 868 876 10 80 112 
7 9 1001 0 1000 869 876 10 80 112 
7 9 1001 0 1000 870 876 10 80 112 
7 9 1001 0 1000 871 873 7 80 112 
7 9 1001 0 1000 872 873 7 80 112 
7 9 1001 0 1000 873 873 7 80 112 
7 9 1001 0 1000 874 873 7 80 112 
7 9 1001 0 1000 875 873 7 80 112 
7 9 1001 0 1000 876 870 5 80 111 
7 9 1001 0 1000 877 870 5 80 111 
7 9 1001 0 1000 878 870 5 80 111 
7 9 1001 0 1000 879 870 5 80 111 
7 9 1001 0 1000 880 870 5 80 111 
7 9 1001 0 1000 881 870 5 80 111 
7 9 1001 0 1000 882 868 2 80 112 
7 9 1001 0 1000 883 868 2 80 112 
7 9 1001 0 1000 884 868 2 80 112 
7 9 1001 0 1000 885 868 2 80 112 
7 9 1001 0 1000 886 868 0 80 111 
7 9 1001 0 1000 887 868 0 80 111 
7 9 1001 0 1000 888 865 0 80 111 
7 9 1001 0 1000 889 865 0 80 111 
7 9 1001 0 1000 890 865 0 80 111 
7 9 1001 0 1000 891 865 0 80 108 
7 9 1001 0 1000 892 865 0 80 108 
7 9 1001 0 1000 893 865 0 80 108 
7 9 1001 0 1000 894 862 0 80 108 
7 9 1001 0 1000 895 862 0 80 108 
7 9 1001 0 1000 896 862 0 80 106 
7 9 1001 0 1000 897 862 0 80 106 
7 9 1001 0 1000 898 862 0 80 106 
7 9 1001 0 1000 899 862 0 80 106 
7 9 1001 0 1000 900 862 0 80 106 
7 9 1001 0 1000 901 860 0 80 103 
7 9 1001 0 1000 902 860 0 80 103 
7 9 1001 0 1000 903 860 0 80 103 
7 9 1001 0 1000 904 860 0 80 103 
7 9 1001 0 1000 905 860 0 80 103 
7 9 1001 0 1000 906 855 0 86 103 
7 9 1001 0 1000 907 857 0 80 100 
7 9 1001 0 1000 908 857 0 80 100 
7 9 1001 0 1000 909 857 0 80 100 
7 9 1001 0 1000 910 857 0 80 100 
7 9 1001 0 1000 911 857 0 80 100 
7 9 1001 0 1000 912 852 0 86 100 
7 9 1001 0 1000 913 852 0 86 97 
7 9 1001 0 1000 914 854 0 80 97 
7 9 1001 0 1000 915 854 0 80 97 
7 9 1001 0 1000 916 854 0 80 97 
7 9 1001 0 1000 917 854 0 80 97 
7 9 1001 0 1000 918 851 0 84 98 
7 9 1001 0 1000 919 851 0 84 94 
7 9 1001 0 1000 920 852 0 80 94 
7 9 1001 0 1000 921 852 0 80 94 
7 9 1001 0 1000 922 852 0 80 94 
7 9 1001 0 1000 923 847 0 86 94 
7 9 1001 0 1000 924 847 0 86 94 
7 9 1001 0 1000 925 847 0 86 90 
7 9 1001 0 1000 926 847 0 86 90 
7 9 1001 0 1000 927 849 0 80 90 
7 9 1001 0 1000 928 849 0 80 90 
7 9 1001 0 1000 929 844 0 86 90 
7 9 1001 0 1000 930 844 0 86 90 
7 9 1001 0 1000 931 844 0 86 88 
7 9 1001 0 1000 932 844 0 86 88 
7 9 1001 0 1000 933 844 0 86 88 
7 9 1001 0 1000 934 846 0 80 88 
7 9 1001 0 1000 935 843 0 84 88 
7 9 1001 0 1000 936 843 0 84 88 
7 9 1001 0 1000 937 843 0 84 85 
7 9 1001 0 1000 938 843 0 84 85 
7 9 1001 0 1000 939 843 0 84 85 
7 9 1001 0 1000 940 844 0 80 85 
7 9 1001 0 1000 941 839 0 86 85 
7 9 1001 0 1000 942 839 0 86 85 
7 9 1001 0 1000 943 839 0 86 85 
7 9 1001 0 1000 944 839 0 86 81 
7 9 1001 0 1000 945 839 0 86 81 
7 9 1001 0 1000 946 835 0 92 81 
7 9 1001 0 1000 947 836 0 86 81 
7 9 1001 0 1000 948 836 0 86 81 
7 9 1001 0 1000 949 836 0 86 81 
7 9 1001 0 1000 950 836 0 86 78 
7 9 1001 0 1000 951 836 0 86 78 
7 9 1001 0 1000 952 833 0 90 79 
7 9 1001 0 1000 953 835 0 84 79 
7 9 1001 0 1000 954 835 0 84 79 
7 9 1001 0 1000 955 835 0 84 79 
7 9 1001 0 1000 956 835 0 84 75 
7 9 1001 0 1000 957 835 0 84 75 
7 9 1001 0 1000 958 830 0 90 75 
7 9 1001 0 1000 959 830 0 90 75 
7 9 1001 0 1000 960 831 0 86 75 
7 9 1001 0 1000 961 831 0 86 75 
7 9 1001 0 1000 962 831 0 86 72 
7 9 1001 0 1000 963 831 0 86 72 
7 9 1001 0 1000 964 827 0 92 72 
7 9 1001 0 1000 965 827 0 92 72 
7 9 1001 0 1000 966 827 0 92 72 
7 9 1001 0 1000 967 828 0 86 72 
7 9 1001 0 1000 968 828 0 86 69 
7 9 1001 0 1000 969 825 0 90 70 
7 9 1001 0 1000 970 825 0 90 70 
7 9 1001 0 1000 971 825 0 90 70 
7 9 1001 0 1000 972 825 0 90 70 
7 9 1001 0 1000 973 827 0 84 70 
7 9 1001 0 1000 974 827 0 84 66 
7 9 1001 0 1000 975 822 0 90 66 
7 9 1001 0 1000 976 822 0 90 66 
7 9 1001 0 1000 977 822 0 90 66 
7 9 1001 0 1000 978 822 0 90 66 
7 9 1001 0 1000 979 822 0 90 66 
7 9 1001 0 1000 980 823 0 86 62 
7 9 1001 0 1000 981 819 0 92 62 
7 9 1001 0 1000 982 819 0 92 62 
7 9 1001 0 1000 983 819 0 92 62 
7 9 1001 0 1000 984 819 0 92 62 
7 9 1001 0 1000 985 819 0 92 62 
7 9 1001 0 1000 986 819 0 92 62 
7 9 1001 0 1000 987 817 0 90 60 
7 9 1001 0 1000 988 817 0 90 60 
7 9 1001 0 1000 989 817 0 90 60 
7 9 1001 0 1000 990 817 0 90 60 
7 9 1001 0 1000 991 817 0 90 60 
7 9 1001 0 1000 992 814 0 90 60 
7 9 1001 0 1000 993 814 0 90 60 
7 9 1001 0 1000 994 814 0 90 56 
7 9 1001 0 1000 995 814 0 90 56 
7 9 1001 0 1000 996 814 0 90 56 
7 9 1001 0 1000 997 814 0 90 56 
7 9 1001 0 1000 998 811 0 92 56 
7 9 1001 0 1000 999 811 0 92 56 
7 9 1001 0 1000 1000 811 0 92 56 
