0 6 392 631 1022 631 695 362 72 58 
0 6 392 631 1022 632 695 362 72 58 
0 6 392 631 1022 633 695 362 72 58 
0 6 392 631 1022 634 695 362 72 58 
0 6 392 631 1022 635 695 362 72 58 
0 6 392 631 1022 636 695 362 72 58 
0 6 392 631 1022 637 695 362 72 58 
0 6 392 631 1022 638 695 362 72 58 
0 6 392 631 1022 639 695 362 72 58 
0 6 392 631 1022 640 695 362 72 58 
0 6 392 631 1022 641 695 362 72 58 
0 6 392 631 1022 642 695 362 72 58 
0 6 392 631 1022 643 695 362 72 58 
0 6 392 631 1022 644 695 362 72 58 
0 6 392 631 1022 645 695 362 72 58 
0 6 392 631 1022 646 695 362 72 58 
0 6 392 631 1022 647 695 362 72 58 
0 6 392 631 1022 648 695 362 72 58 
0 6 392 631 1022 649 695 362 72 58 
0 6 392 631 1022 650 695 362 72 58 
0 6 392 631 1022 651 695 362 72 58 
0 6 392 631 1022 652 695 362 72 58 
0 6 392 631 1022 653 695 362 72 58 
0 6 392 631 1022 654 695 362 72 58 
0 6 392 631 1022 655 695 362 72 58 
0 6 392 631 1022 656 695 362 72 58 
0 6 392 631 1022 657 695 362 72 58 
0 6 392 631 1022 658 695 362 72 58 
0 6 392 631 1022 659 695 362 72 58 
0 6 392 631 1022 660 695 362 72 58 
0 6 392 631 1022 661 695 362 72 58 
0 6 392 631 1022 662 695 362 72 58 
0 6 392 631 1022 663 695 362 72 58 
0 6 392 631 1022 664 695 362 72 58 
0 6 392 631 1022 665 695 362 72 58 
0 6 392 631 1022 666 695 362 72 58 
0 6 392 631 1022 667 695 362 72 58 
0 6 392 631 1022 668 695 362 72 58 
0 6 392 631 1022 669 695 362 72 58 
0 6 392 631 1022 670 695 362 72 58 
0 6 392 631 1022 671 695 362 72 58 
0 6 392 631 1022 672 695 362 72 58 
0 6 392 631 1022 673 695 362 72 58 
0 6 392 631 1022 674 695 362 72 58 
0 6 392 631 1022 675 695 362 72 58 
0 6 392 631 1022 676 695 362 72 58 
0 6 392 631 1022 677 695 362 72 58 
0 6 392 631 1022 678 695 362 72 58 
0 6 392 631 1022 679 695 362 72 58 
0 6 392 631 1022 680 695 362 72 58 
0 6 392 631 1022 681 695 362 72 58 
0 6 392 631 1022 682 695 362 72 58 
0 6 392 631 1022 683 695 362 72 58 
0 6 392 631 1022 684 695 362 72 58 
0 6 392 631 1022 685 695 362 72 58 
0 6 392 631 1022 686 695 362 72 58 
0 6 392 631 1022 687 695 362 72 58 
0 6 392 631 1022 688 695 362 72 58 
0 6 392 631 1022 689 695 362 72 58 
0 6 392 631 1022 690 695 362 72 58 
0 6 392 631 1022 691 695 362 72 58 
0 6 392 631 1022 692 695 362 72 58 
0 6 392 631 1022 693 695 362 72 58 
0 6 392 631 1022 694 695 362 72 58 
0 6 392 631 1022 695 695 362 72 58 
0 6 392 631 1022 696 695 362 72 58 
0 6 392 631 1022 697 695 362 72 58 
0 6 392 631 1022 698 695 362 72 58 
0 6 392 631 1022 699 695 362 72 58 
0 6 392 631 1022 700 695 362 72 58 
0 6 392 631 1022 701 695 362 72 58 
0 6 392 631 1022 702 695 362 72 58 
0 6 392 631 1022 703 695 362 72 58 
0 6 392 631 1022 704 695 362 72 58 
0 6 392 631 1022 705 695 362 72 58 
0 6 392 631 1022 706 695 362 72 58 
0 6 392 631 1022 707 695 362 72 58 
0 6 392 631 1022 708 695 362 72 58 
0 6 392 631 1022 709 695 362 72 58 
0 6 392 631 1022 710 695 362 72 58 
0 6 392 631 1022 711 695 362 72 58 
0 6 392 631 1022 712 695 362 72 58 
0 6 392 631 1022 713 695 362 72 58 
0 6 392 631 1022 714 695 362 72 58 
0 6 392 631 1022 715 695 362 72 58 
0 6 392 631 1022 716 695 362 72 58 
0 6 392 631 1022 717 695 362 72 58 
0 6 392 631 1022 718 695 362 72 58 
0 6 392 631 1022 719 695 362 72 58 
0 6 392 631 1022 720 695 362 72 58 
0 6 392 631 1022 721 695 362 72 58 
0 6 392 631 1022 722 695 362 72 58 
0 6 392 631 1022 723 695 362 72 58 
0 6 392 631 1022 724 695 362 72 58 
0 6 392 631 1022 725 695 362 72 58 
0 6 392 631 1022 726 695 362 72 58 
0 6 392 631 1022 727 695 362 72 58 
0 6 392 631 1022 728 695 362 72 58 
0 6 392 631 1022 729 695 362 72 58 
0 6 392 631 1022 730 695 362 72 58 
0 6 392 631 1022 731 695 362 72 58 
0 6 392 631 1022 732 695 362 72 58 
0 6 392 631 1022 733 695 362 72 58 
0 6 392 631 1022 734 695 362 72 58 
0 6 392 631 1022 735 695 362 72 58 
0 6 392 631 1022 736 695 362 72 58 
0 6 392 631 1022 737 695 362 72 58 
0 6 392 631 1022 738 695 362 72 58 
0 6 392 631 1022 739 695 362 72 58 
0 6 392 631 1022 740 695 362 72 58 
0 6 392 631 1022 741 695 362 72 58 
0 6 392 631 1022 742 695 362 72 58 
0 6 392 631 1022 743 695 362 72 58 
0 6 392 631 1022 744 695 362 72 58 
0 6 392 631 1022 745 695 362 72 58 
0 6 392 631 1022 746 695 362 72 58 
0 6 392 631 1022 747 695 362 72 58 
0 6 392 631 1022 748 695 362 72 58 
0 6 392 631 1022 749 695 362 72 58 
0 6 392 631 1022 750 695 362 72 58 
0 6 392 631 1022 751 695 362 72 58 
0 6 392 631 1022 752 695 362 72 58 
0 6 392 631 1022 753 695 362 72 58 
0 6 392 631 1022 754 695 362 72 58 
0 6 392 631 1022 755 695 362 72 58 
0 6 392 631 1022 756 695 362 72 58 
0 6 392 631 1022 757 695 362 72 58 
0 6 392 631 1022 758 695 362 72 58 
0 6 392 631 1022 759 695 362 72 58 
0 6 392 631 1022 760 695 362 72 58 
0 6 392 631 1022 761 695 362 72 58 
0 6 392 631 1022 762 695 362 72 58 
0 6 392 631 1022 763 695 362 72 58 
0 6 392 631 1022 764 695 362 72 58 
0 6 392 631 1022 765 695 362 72 58 
0 6 392 631 1022 766 695 362 72 58 
0 6 392 631 1022 767 695 362 72 58 
0 6 392 631 1022 768 695 362 72 58 
0 6 392 631 1022 769 695 362 72 58 
0 6 392 631 1022 770 695 362 72 58 
0 6 392 631 1022 771 695 362 72 58 
0 6 392 631 1022 772 695 362 72 58 
0 6 392 631 1022 773 695 362 72 58 
0 6 392 631 1022 774 695 362 72 58 
0 6 392 631 1022 775 695 362 72 58 
0 6 392 631 1022 776 695 362 72 58 
0 6 392 631 1022 777 695 362 72 58 
0 6 392 631 1022 778 695 362 72 58 
0 6 392 631 1022 779 695 362 72 58 
0 6 392 631 1022 780 695 362 72 58 
0 6 392 631 1022 781 695 362 72 58 
0 6 392 631 1022 782 695 362 72 58 
0 6 392 631 1022 783 695 362 72 58 
0 6 392 631 1022 784 695 362 72 58 
0 6 392 631 1022 785 695 362 72 58 
0 6 392 631 1022 786 695 362 72 58 
0 6 392 631 1022 787 695 362 72 58 
0 6 392 631 1022 788 695 362 72 58 
0 6 392 631 1022 789 695 362 72 58 
0 6 392 631 1022 790 695 362 72 58 
0 6 392 631 1022 791 695 362 72 58 
0 6 392 631 1022 792 695 362 72 58 
0 6 392 631 1022 793 695 362 72 58 
0 6 392 631 1022 794 695 362 72 58 
0 6 392 631 1022 795 695 362 72 58 
0 6 392 631 1022 796 695 362 72 58 
0 6 392 631 1022 797 695 362 72 58 
0 6 392 631 1022 798 695 362 72 58 
0 6 392 631 1022 799 695 362 72 58 
0 6 392 631 1022 800 695 362 72 58 
0 6 392 631 1022 801 695 362 72 58 
0 6 392 631 1022 802 695 362 72 58 
0 6 392 631 1022 803 695 362 72 58 
0 6 392 631 1022 804 695 362 72 58 
0 6 392 631 1022 805 695 362 72 58 
0 6 392 631 1022 806 695 362 72 58 
0 6 392 631 1022 807 695 362 72 58 
0 6 392 631 1022 808 695 362 72 58 
0 6 392 631 1022 809 695 362 72 58 
0 6 392 631 1022 810 695 362 72 58 
0 6 392 631 1022 811 695 362 72 58 
0 6 392 631 1022 812 695 362 72 58 
0 6 392 631 1022 813 695 362 72 58 
0 6 392 631 1022 814 695 362 72 58 
0 6 392 631 1022 815 695 362 72 58 
0 6 392 631 1022 816 695 362 72 58 
0 6 392 631 1022 817 695 362 72 58 
0 6 392 631 1022 818 695 362 72 58 
0 6 392 631 1022 819 695 362 72 58 
0 6 392 631 1022 820 695 362 72 58 
0 6 392 631 1022 821 695 362 72 58 
0 6 392 631 1022 822 695 362 72 58 
0 6 392 631 1022 823 695 362 72 58 
0 6 392 631 1022 824 695 362 72 58 
0 6 392 631 1022 825 695 362 72 58 
0 6 392 631 1022 826 695 362 72 58 
0 6 392 631 1022 827 695 362 72 58 
0 6 392 631 1022 828 695 362 72 58 
0 6 392 631 1022 829 695 362 72 58 
0 6 392 631 1022 830 695 362 72 58 
0 6 392 631 1022 831 695 362 72 58 
0 6 392 631 1022 832 695 362 72 58 
0 6 392 631 1022 833 695 362 72 58 
0 6 392 631 1022 834 695 362 72 58 
0 6 392 631 1022 835 695 362 72 58 
0 6 392 631 1022 836 695 362 72 58 
0 6 392 631 1022 837 695 362 72 58 
0 6 392 631 1022 838 695 362 72 58 
0 6 392 631 1022 839 695 362 72 58 
0 6 392 631 1022 840 695 362 72 58 
0 6 392 631 1022 841 695 362 72 58 
0 6 392 631 1022 842 695 362 72 58 
0 6 392 631 1022 843 695 362 72 58 
0 6 392 631 1022 844 695 362 72 58 
0 6 392 631 1022 845 695 362 72 58 
0 6 392 631 1022 846 695 362 72 58 
0 6 392 631 1022 847 695 362 72 58 
0 6 392 631 1022 848 695 362 72 58 
0 6 392 631 1022 849 695 362 72 58 
0 6 392 631 1022 850 695 362 72 58 
0 6 392 631 1022 851 695 362 72 58 
0 6 392 631 1022 852 695 362 72 58 
0 6 392 631 1022 853 695 362 72 58 
0 6 392 631 1022 854 695 362 72 58 
0 6 392 631 1022 855 695 362 72 58 
0 6 392 631 1022 856 695 362 72 58 
0 6 392 631 1022 857 695 362 72 58 
0 6 392 631 1022 858 695 362 72 58 
0 6 392 631 1022 859 695 362 72 58 
0 6 392 631 1022 860 695 362 72 58 
0 6 392 631 1022 861 695 362 72 58 
0 6 392 631 1022 862 695 362 72 58 
0 6 392 631 1022 863 695 362 72 58 
0 6 392 631 1022 864 695 362 72 58 
0 6 392 631 1022 865 695 362 72 58 
0 6 392 631 1022 866 695 362 72 58 
0 6 392 631 1022 867 695 362 72 58 
0 6 392 631 1022 868 695 362 72 58 
0 6 392 631 1022 869 695 362 72 58 
0 6 392 631 1022 870 695 362 72 58 
0 6 392 631 1022 871 695 362 72 58 
0 6 392 631 1022 872 695 362 72 58 
0 6 392 631 1022 873 695 362 72 58 
0 6 392 631 1022 874 695 362 72 58 
0 6 392 631 1022 875 695 362 72 58 
0 6 392 631 1022 876 695 362 72 58 
0 6 392 631 1022 877 695 362 72 58 
0 6 392 631 1022 878 695 362 72 58 
0 6 392 631 1022 879 695 362 72 58 
0 6 392 631 1022 880 695 362 72 58 
0 6 392 631 1022 881 695 362 72 58 
0 6 392 631 1022 882 695 362 72 58 
0 6 392 631 1022 883 695 362 72 58 
0 6 392 631 1022 884 695 362 72 58 
0 6 392 631 1022 885 695 362 72 58 
0 6 392 631 1022 886 695 362 72 58 
0 6 392 631 1022 887 695 362 72 58 
0 6 392 631 1022 888 695 362 72 58 
0 6 392 631 1022 889 695 362 72 58 
0 6 392 631 1022 890 695 362 72 58 
0 6 392 631 1022 891 695 362 72 58 
0 6 392 631 1022 892 695 362 72 58 
0 6 392 631 1022 893 695 362 72 58 
0 6 392 631 1022 894 695 362 72 58 
0 6 392 631 1022 895 695 362 72 58 
0 6 392 631 1022 896 695 362 72 58 
0 6 392 631 1022 897 695 362 72 58 
0 6 392 631 1022 898 695 362 72 58 
0 6 392 631 1022 899 695 362 72 58 
0 6 392 631 1022 900 695 362 72 58 
0 6 392 631 1022 901 695 362 72 58 
0 6 392 631 1022 902 695 362 72 58 
0 6 392 631 1022 903 695 362 72 58 
0 6 392 631 1022 904 695 362 72 58 
0 6 392 631 1022 905 695 362 72 58 
0 6 392 631 1022 906 695 362 72 58 
0 6 392 631 1022 907 695 362 72 58 
0 6 392 631 1022 908 695 362 72 58 
0 6 392 631 1022 909 695 362 72 58 
0 6 392 631 1022 910 695 362 72 58 
0 6 392 631 1022 911 695 362 72 58 
0 6 392 631 1022 912 695 362 72 58 
0 6 392 631 1022 913 695 362 72 58 
0 6 392 631 1022 914 695 362 72 58 
0 6 392 631 1022 915 695 362 72 58 
0 6 392 631 1022 916 695 362 72 58 
0 6 392 631 1022 917 695 362 72 58 
0 6 392 631 1022 918 695 362 72 58 
0 6 392 631 1022 919 695 362 72 58 
0 6 392 631 1022 920 695 362 72 58 
0 6 392 631 1022 921 695 362 72 58 
0 6 392 631 1022 922 695 362 72 58 
0 6 392 631 1022 923 695 362 72 58 
0 6 392 631 1022 924 695 362 72 58 
0 6 392 631 1022 925 695 362 72 58 
0 6 392 631 1022 926 695 362 72 58 
0 6 392 631 1022 927 695 362 72 58 
0 6 392 631 1022 928 695 362 72 58 
0 6 392 631 1022 929 695 362 72 58 
0 6 392 631 1022 930 695 362 72 58 
0 6 392 631 1022 931 695 362 72 58 
0 6 392 631 1022 932 695 362 72 58 
0 6 392 631 1022 933 695 362 72 58 
0 6 392 631 1022 934 695 362 72 58 
0 6 392 631 1022 935 695 362 72 58 
0 6 392 631 1022 936 695 362 72 58 
0 6 392 631 1022 937 695 362 72 58 
0 6 392 631 1022 938 695 362 72 58 
0 6 392 631 1022 939 695 362 72 58 
0 6 392 631 1022 940 695 362 72 58 
0 6 392 631 1022 941 695 362 72 58 
0 6 392 631 1022 942 695 362 72 58 
0 6 392 631 1022 943 695 362 72 58 
0 6 392 631 1022 944 695 362 72 58 
0 6 392 631 1022 945 695 362 72 58 
0 6 392 631 1022 946 695 362 72 58 
0 6 392 631 1022 947 695 362 72 58 
0 6 392 631 1022 948 695 362 72 58 
0 6 392 631 1022 949 695 362 72 58 
0 6 392 631 1022 950 695 362 72 58 
0 6 392 631 1022 951 695 362 72 58 
0 6 392 631 1022 952 695 362 72 58 
0 6 392 631 1022 953 695 362 72 58 
0 6 392 631 1022 954 695 362 72 58 
0 6 392 631 1022 955 695 362 72 58 
0 6 392 631 1022 956 695 362 72 58 
0 6 392 631 1022 957 695 362 72 58 
0 6 392 631 1022 958 695 362 72 58 
0 6 392 631 1022 959 695 362 72 58 
0 6 392 631 1022 960 695 362 72 58 
0 6 392 631 1022 961 695 362 72 58 
0 6 392 631 1022 962 695 362 72 58 
0 6 392 631 1022 963 695 362 72 58 
0 6 392 631 1022 964 695 362 72 58 
0 6 392 631 1022 965 695 362 72 58 
0 6 392 631 1022 966 695 362 72 58 
0 6 392 631 1022 967 695 362 72 58 
0 6 392 631 1022 968 695 362 72 58 
0 6 392 631 1022 969 695 362 72 58 
0 6 392 631 1022 970 695 362 72 58 
0 6 392 631 1022 971 695 362 72 58 
0 6 392 631 1022 972 695 362 72 58 
0 6 392 631 1022 973 695 362 72 58 
0 6 392 631 1022 974 695 362 72 58 
0 6 392 631 1022 975 695 362 72 58 
0 6 392 631 1022 976 695 362 72 58 
0 6 392 631 1022 977 695 362 72 58 
0 6 392 631 1022 978 695 362 72 58 
0 6 392 631 1022 979 695 362 72 58 
0 6 392 631 1022 980 695 362 72 58 
0 6 392 631 1022 981 695 362 72 58 
0 6 392 631 1022 982 695 362 72 58 
0 6 392 631 1022 983 695 362 72 58 
0 6 392 631 1022 984 695 362 72 58 
0 6 392 631 1022 985 695 362 72 58 
0 6 392 631 1022 986 695 362 72 58 
0 6 392 631 1022 987 695 362 72 58 
0 6 392 631 1022 988 695 362 72 58 
0 6 392 631 1022 989 695 362 72 58 
0 6 392 631 1022 990 695 362 72 58 
0 6 392 631 1022 991 695 362 72 58 
0 6 392 631 1022 992 695 362 72 58 
0 6 392 631 1022 993 695 362 72 58 
0 6 392 631 1022 994 695 362 72 58 
0 6 392 631 1022 995 695 362 72 58 
0 6 392 631 1022 996 695 362 72 58 
0 6 392 631 1022 997 695 362 72 58 
0 6 392 631 1022 998 695 362 72 58 
0 6 392 631 1022 999 695 362 72 58 
0 6 392 631 1022 1000 695 362 72 58 
0 6 392 631 1022 1001 695 362 72 58 
0 6 392 631 1022 1002 695 362 72 58 
0 6 392 631 1022 1003 695 362 72 58 
0 6 392 631 1022 1004 695 362 72 58 
0 6 392 631 1022 1005 695 362 72 58 
0 6 392 631 1022 1006 695 362 72 58 
0 6 392 631 1022 1007 695 362 72 58 
0 6 392 631 1022 1008 695 362 72 58 
0 6 392 631 1022 1009 695 362 72 58 
0 6 392 631 1022 1010 695 362 72 58 
0 6 392 631 1022 1011 695 362 72 58 
0 6 392 631 1022 1012 695 362 72 58 
0 6 392 631 1022 1013 695 362 72 58 
0 6 392 631 1022 1014 695 362 72 58 
0 6 392 631 1022 1015 695 362 72 58 
0 6 392 631 1022 1016 695 362 72 58 
0 6 392 631 1022 1017 695 362 72 58 
0 6 392 631 1022 1018 695 362 72 58 
0 6 392 631 1022 1019 695 362 72 58 
0 6 392 631 1022 1020 695 362 72 58 
0 6 392 631 1022 1021 695 362 72 58 
0 6 392 631 1022 1022 695 362 72 58 
1 2 60 3422 3481 3422 534 410 76 39 
1 2 60 3422 3481 3423 534 410 76 39 
1 2 60 3422 3481 3424 534 410 76 39 
1 2 60 3422 3481 3425 534 410 76 39 
1 2 60 3422 3481 3426 534 410 76 39 
1 2 60 3422 3481 3427 534 410 76 39 
1 2 60 3422 3481 3428 534 410 76 39 
1 2 60 3422 3481 3429 534 410 76 39 
1 2 60 3422 3481 3430 534 410 76 39 
1 2 60 3422 3481 3431 534 410 76 39 
1 2 60 3422 3481 3432 534 410 76 39 
1 2 60 3422 3481 3433 534 410 76 39 
1 2 60 3422 3481 3434 534 410 76 39 
1 2 60 3422 3481 3435 534 410 76 39 
1 2 60 3422 3481 3436 534 410 76 39 
1 2 60 3422 3481 3437 534 410 76 39 
1 2 60 3422 3481 3438 534 410 76 39 
1 2 60 3422 3481 3439 534 410 76 39 
1 2 60 3422 3481 3440 534 410 76 39 
1 2 60 3422 3481 3441 534 410 76 39 
1 2 60 3422 3481 3442 534 410 76 39 
1 2 60 3422 3481 3443 534 410 76 39 
1 2 60 3422 3481 3444 534 410 76 39 
1 2 60 3422 3481 3445 534 410 76 39 
1 2 60 3422 3481 3446 534 410 76 39 
1 2 60 3422 3481 3447 534 410 76 39 
1 2 60 3422 3481 3448 534 410 76 39 
1 2 60 3422 3481 3449 534 410 76 39 
1 2 60 3422 3481 3450 534 410 76 39 
1 2 60 3422 3481 3451 534 410 76 39 
1 2 60 3422 3481 3452 534 410 76 39 
1 2 60 3422 3481 3453 534 410 76 39 
1 2 60 3422 3481 3454 534 410 76 39 
1 2 60 3422 3481 3455 534 410 76 39 
1 2 60 3422 3481 3456 534 410 76 39 
1 2 60 3422 3481 3457 534 410 76 39 
1 2 60 3422 3481 3458 534 410 76 39 
1 2 60 3422 3481 3459 534 410 76 39 
1 2 60 3422 3481 3460 534 410 76 39 
1 2 60 3422 3481 3461 534 410 76 39 
1 2 60 3422 3481 3462 534 410 76 39 
1 2 60 3422 3481 3463 534 410 76 39 
1 2 60 3422 3481 3464 534 410 76 39 
1 2 60 3422 3481 3465 534 410 76 39 
1 2 60 3422 3481 3466 534 410 76 39 
1 2 60 3422 3481 3467 534 410 76 39 
1 2 60 3422 3481 3468 534 410 76 39 
1 2 60 3422 3481 3469 534 410 76 39 
1 2 60 3422 3481 3470 534 410 76 39 
1 2 60 3422 3481 3471 534 410 76 39 
1 2 60 3422 3481 3472 534 410 76 39 
1 2 60 3422 3481 3473 534 410 76 39 
1 2 60 3422 3481 3474 534 410 76 39 
1 2 60 3422 3481 3475 534 410 76 39 
1 2 60 3422 3481 3476 534 410 76 39 
1 2 60 3422 3481 3477 534 410 76 39 
1 2 60 3422 3481 3478 534 410 76 39 
1 2 60 3422 3481 3479 534 410 76 39 
1 2 60 3422 3481 3480 534 410 76 39 
1 2 60 3422 3481 3481 534 410 76 39 
2 2 60 3661 3720 3661 533 411 75 39 
2 2 60 3661 3720 3662 533 411 75 39 
2 2 60 3661 3720 3663 533 411 75 39 
2 2 60 3661 3720 3664 533 411 75 39 
2 2 60 3661 3720 3665 533 411 75 39 
2 2 60 3661 3720 3666 533 411 75 39 
2 2 60 3661 3720 3667 533 411 75 39 
2 2 60 3661 3720 3668 533 411 75 39 
2 2 60 3661 3720 3669 533 411 75 39 
2 2 60 3661 3720 3670 533 411 75 39 
2 2 60 3661 3720 3671 533 411 75 39 
2 2 60 3661 3720 3672 533 411 75 39 
2 2 60 3661 3720 3673 533 411 75 39 
2 2 60 3661 3720 3674 533 411 75 39 
2 2 60 3661 3720 3675 533 411 75 39 
2 2 60 3661 3720 3676 533 411 75 39 
2 2 60 3661 3720 3677 533 411 75 39 
2 2 60 3661 3720 3678 533 411 75 39 
2 2 60 3661 3720 3679 533 411 75 39 
2 2 60 3661 3720 3680 533 411 75 39 
2 2 60 3661 3720 3681 533 411 75 39 
2 2 60 3661 3720 3682 533 411 75 39 
2 2 60 3661 3720 3683 533 411 75 39 
2 2 60 3661 3720 3684 533 411 75 39 
2 2 60 3661 3720 3685 533 411 75 39 
2 2 60 3661 3720 3686 533 411 75 39 
2 2 60 3661 3720 3687 533 411 75 39 
2 2 60 3661 3720 3688 533 411 75 39 
2 2 60 3661 3720 3689 533 411 75 39 
2 2 60 3661 3720 3690 533 411 75 39 
2 2 60 3661 3720 3691 533 411 75 39 
2 2 60 3661 3720 3692 533 411 75 39 
2 2 60 3661 3720 3693 533 411 75 39 
2 2 60 3661 3720 3694 533 411 75 39 
2 2 60 3661 3720 3695 533 411 75 39 
2 2 60 3661 3720 3696 533 411 75 39 
2 2 60 3661 3720 3697 533 411 75 39 
2 2 60 3661 3720 3698 533 411 75 39 
2 2 60 3661 3720 3699 533 411 75 39 
2 2 60 3661 3720 3700 533 411 75 39 
2 2 60 3661 3720 3701 533 411 75 39 
2 2 60 3661 3720 3702 533 411 75 39 
2 2 60 3661 3720 3703 533 411 75 39 
2 2 60 3661 3720 3704 533 411 75 39 
2 2 60 3661 3720 3705 533 411 75 39 
2 2 60 3661 3720 3706 533 411 75 39 
2 2 60 3661 3720 3707 533 411 75 39 
2 2 60 3661 3720 3708 533 411 75 39 
2 2 60 3661 3720 3709 533 411 75 39 
2 2 60 3661 3720 3710 533 411 75 39 
2 2 60 3661 3720 3711 533 411 75 39 
2 2 60 3661 3720 3712 533 411 75 39 
2 2 60 3661 3720 3713 533 411 75 39 
2 2 60 3661 3720 3714 533 411 75 39 
2 2 60 3661 3720 3715 533 411 75 39 
2 2 60 3661 3720 3716 533 411 75 39 
2 2 60 3661 3720 3717 533 411 75 39 
2 2 60 3661 3720 3718 533 411 75 39 
2 2 60 3661 3720 3719 533 411 75 39 
2 2 60 3661 3720 3720 533 411 75 39 
