0 5 108 4334 4441 4334 879 412 62 30 
0 5 108 4334 4441 4335 879 412 62 30 
0 5 108 4334 4441 4336 879 412 62 30 
0 5 108 4334 4441 4337 879 412 62 30 
0 5 108 4334 4441 4338 879 412 62 30 
0 5 108 4334 4441 4339 879 412 62 30 
0 5 108 4334 4441 4340 879 412 62 30 
0 5 108 4334 4441 4341 879 412 62 30 
0 5 108 4334 4441 4342 879 412 62 30 
0 5 108 4334 4441 4343 879 412 62 30 
0 5 108 4334 4441 4344 879 412 62 30 
0 5 108 4334 4441 4345 879 412 62 30 
0 5 108 4334 4441 4346 879 412 62 30 
0 5 108 4334 4441 4347 879 412 62 30 
0 5 108 4334 4441 4348 879 412 62 30 
0 5 108 4334 4441 4349 879 412 62 30 
0 5 108 4334 4441 4350 879 412 62 30 
0 5 108 4334 4441 4351 879 412 62 30 
0 5 108 4334 4441 4352 879 412 62 30 
0 5 108 4334 4441 4353 879 412 62 30 
0 5 108 4334 4441 4354 879 412 62 30 
0 5 108 4334 4441 4355 879 412 62 30 
0 5 108 4334 4441 4356 879 412 62 30 
0 5 108 4334 4441 4357 879 412 62 30 
0 5 108 4334 4441 4358 879 412 62 30 
0 5 108 4334 4441 4359 879 412 62 30 
0 5 108 4334 4441 4360 879 412 62 30 
0 5 108 4334 4441 4361 879 412 62 30 
0 5 108 4334 4441 4362 879 412 62 30 
0 5 108 4334 4441 4363 879 412 62 30 
0 5 108 4334 4441 4364 879 412 62 30 
0 5 108 4334 4441 4365 879 412 62 30 
0 5 108 4334 4441 4366 879 412 62 30 
0 5 108 4334 4441 4367 879 412 62 30 
0 5 108 4334 4441 4368 879 412 62 30 
0 5 108 4334 4441 4369 879 412 62 30 
0 5 108 4334 4441 4370 879 412 62 30 
0 5 108 4334 4441 4371 879 412 62 30 
0 5 108 4334 4441 4372 879 412 62 30 
0 5 108 4334 4441 4373 879 412 62 30 
0 5 108 4334 4441 4374 879 412 62 30 
0 5 108 4334 4441 4375 879 412 62 30 
0 5 108 4334 4441 4376 879 412 62 30 
0 5 108 4334 4441 4377 879 412 62 30 
0 5 108 4334 4441 4378 879 412 62 30 
0 5 108 4334 4441 4379 879 412 62 30 
0 5 108 4334 4441 4380 879 412 62 30 
0 5 108 4334 4441 4381 879 412 62 30 
0 5 108 4334 4441 4382 879 412 62 30 
0 5 108 4334 4441 4383 879 412 62 30 
0 5 108 4334 4441 4384 879 412 62 30 
0 5 108 4334 4441 4385 879 412 62 30 
0 5 108 4334 4441 4386 879 412 62 30 
0 5 108 4334 4441 4387 879 412 62 30 
0 5 108 4334 4441 4388 879 412 62 30 
0 5 108 4334 4441 4389 879 412 62 30 
0 5 108 4334 4441 4390 879 412 62 30 
0 5 108 4334 4441 4391 879 412 62 30 
0 5 108 4334 4441 4392 879 412 62 30 
0 5 108 4334 4441 4393 879 412 62 30 
0 5 108 4334 4441 4394 879 412 62 30 
0 5 108 4334 4441 4395 879 412 62 30 
0 5 108 4334 4441 4396 879 412 62 30 
0 5 108 4334 4441 4397 879 412 62 30 
0 5 108 4334 4441 4398 879 412 62 30 
0 5 108 4334 4441 4399 879 412 62 30 
0 5 108 4334 4441 4400 879 412 62 30 
0 5 108 4334 4441 4401 879 412 62 30 
0 5 108 4334 4441 4402 879 412 62 30 
0 5 108 4334 4441 4403 879 412 62 30 
0 5 108 4334 4441 4404 879 412 62 30 
0 5 108 4334 4441 4405 879 412 62 30 
0 5 108 4334 4441 4406 879 412 62 30 
0 5 108 4334 4441 4407 879 412 62 30 
0 5 108 4334 4441 4408 879 412 62 30 
0 5 108 4334 4441 4409 879 412 62 30 
0 5 108 4334 4441 4410 879 412 62 30 
0 5 108 4334 4441 4411 879 412 62 30 
0 5 108 4334 4441 4412 879 412 62 30 
0 5 108 4334 4441 4413 879 412 62 30 
0 5 108 4334 4441 4414 879 412 62 30 
0 5 108 4334 4441 4415 879 412 62 30 
0 5 108 4334 4441 4416 879 412 62 30 
0 5 108 4334 4441 4417 879 412 62 30 
0 5 108 4334 4441 4418 879 412 62 30 
0 5 108 4334 4441 4419 879 412 62 30 
0 5 108 4334 4441 4420 879 412 62 30 
0 5 108 4334 4441 4421 879 412 62 30 
0 5 108 4334 4441 4422 879 412 62 30 
0 5 108 4334 4441 4423 879 412 62 30 
0 5 108 4334 4441 4424 879 412 62 30 
0 5 108 4334 4441 4425 879 412 62 30 
0 5 108 4334 4441 4426 879 412 62 30 
0 5 108 4334 4441 4427 879 412 62 30 
0 5 108 4334 4441 4428 879 412 62 30 
0 5 108 4334 4441 4429 879 412 62 30 
0 5 108 4334 4441 4430 879 412 62 30 
0 5 108 4334 4441 4431 879 412 62 30 
0 5 108 4334 4441 4432 879 412 62 30 
0 5 108 4334 4441 4433 879 412 62 30 
0 5 108 4334 4441 4434 879 412 62 30 
0 5 108 4334 4441 4435 879 412 62 30 
0 5 108 4334 4441 4436 879 412 62 30 
0 5 108 4334 4441 4437 879 412 62 30 
0 5 108 4334 4441 4438 879 412 62 30 
0 5 108 4334 4441 4439 879 412 62 30 
0 5 108 4334 4441 4440 879 412 62 30 
0 5 108 4334 4441 4441 879 412 62 30 
