0 5 109 2443 2551 2443 622 379 80 42 
0 5 109 2443 2551 2444 622 379 80 42 
0 5 109 2443 2551 2445 622 379 80 42 
0 5 109 2443 2551 2446 622 379 80 42 
0 5 109 2443 2551 2447 622 379 80 42 
0 5 109 2443 2551 2448 622 379 80 42 
0 5 109 2443 2551 2449 622 379 80 42 
0 5 109 2443 2551 2450 622 379 80 42 
0 5 109 2443 2551 2451 622 379 80 42 
0 5 109 2443 2551 2452 622 379 80 42 
0 5 109 2443 2551 2453 622 379 80 42 
0 5 109 2443 2551 2454 622 379 80 42 
0 5 109 2443 2551 2455 622 379 80 42 
0 5 109 2443 2551 2456 622 379 80 42 
0 5 109 2443 2551 2457 622 379 80 42 
0 5 109 2443 2551 2458 622 379 80 42 
0 5 109 2443 2551 2459 622 379 80 42 
0 5 109 2443 2551 2460 622 379 80 42 
0 5 109 2443 2551 2461 622 379 80 42 
0 5 109 2443 2551 2462 622 379 80 42 
0 5 109 2443 2551 2463 622 379 80 42 
0 5 109 2443 2551 2464 622 379 80 42 
0 5 109 2443 2551 2465 622 379 80 42 
0 5 109 2443 2551 2466 622 379 80 42 
0 5 109 2443 2551 2467 622 379 80 42 
0 5 109 2443 2551 2468 622 379 80 42 
0 5 109 2443 2551 2469 622 379 80 42 
0 5 109 2443 2551 2470 622 379 80 42 
0 5 109 2443 2551 2471 622 379 80 42 
0 5 109 2443 2551 2472 622 379 80 42 
0 5 109 2443 2551 2473 622 379 80 42 
0 5 109 2443 2551 2474 622 379 80 42 
0 5 109 2443 2551 2475 622 379 80 42 
0 5 109 2443 2551 2476 622 379 80 42 
0 5 109 2443 2551 2477 622 379 80 42 
0 5 109 2443 2551 2478 622 379 80 42 
0 5 109 2443 2551 2479 622 379 80 42 
0 5 109 2443 2551 2480 622 379 80 42 
0 5 109 2443 2551 2481 622 379 80 42 
0 5 109 2443 2551 2482 622 379 80 42 
0 5 109 2443 2551 2483 622 379 80 42 
0 5 109 2443 2551 2484 622 379 80 42 
0 5 109 2443 2551 2485 622 379 80 42 
0 5 109 2443 2551 2486 622 379 80 42 
0 5 109 2443 2551 2487 622 379 80 42 
0 5 109 2443 2551 2488 622 379 80 42 
0 5 109 2443 2551 2489 622 379 80 42 
0 5 109 2443 2551 2490 622 379 80 42 
0 5 109 2443 2551 2491 622 379 80 42 
0 5 109 2443 2551 2492 622 379 80 42 
0 5 109 2443 2551 2493 622 379 80 42 
0 5 109 2443 2551 2494 622 379 80 42 
0 5 109 2443 2551 2495 622 379 80 42 
0 5 109 2443 2551 2496 622 379 80 42 
0 5 109 2443 2551 2497 622 379 80 42 
0 5 109 2443 2551 2498 622 379 80 42 
0 5 109 2443 2551 2499 622 379 80 42 
0 5 109 2443 2551 2500 622 379 80 42 
0 5 109 2443 2551 2501 622 379 80 42 
0 5 109 2443 2551 2502 622 379 80 42 
0 5 109 2443 2551 2503 622 379 80 42 
0 5 109 2443 2551 2504 622 379 80 42 
0 5 109 2443 2551 2505 622 379 80 42 
0 5 109 2443 2551 2506 622 379 80 42 
0 5 109 2443 2551 2507 622 379 80 42 
0 5 109 2443 2551 2508 622 379 80 42 
0 5 109 2443 2551 2509 622 379 80 42 
0 5 109 2443 2551 2510 622 379 80 42 
0 5 109 2443 2551 2511 622 379 80 42 
0 5 109 2443 2551 2512 622 379 80 42 
0 5 109 2443 2551 2513 622 379 80 42 
0 5 109 2443 2551 2514 622 379 80 42 
0 5 109 2443 2551 2515 622 379 80 42 
0 5 109 2443 2551 2516 622 379 80 42 
0 5 109 2443 2551 2517 622 379 80 42 
0 5 109 2443 2551 2518 622 379 80 42 
0 5 109 2443 2551 2519 622 379 80 42 
0 5 109 2443 2551 2520 622 379 80 42 
0 5 109 2443 2551 2521 622 379 80 42 
0 5 109 2443 2551 2522 622 379 80 42 
0 5 109 2443 2551 2523 622 379 80 42 
0 5 109 2443 2551 2524 622 379 80 42 
0 5 109 2443 2551 2525 622 379 80 42 
0 5 109 2443 2551 2526 622 379 80 42 
0 5 109 2443 2551 2527 622 379 80 42 
0 5 109 2443 2551 2528 622 379 80 42 
0 5 109 2443 2551 2529 622 379 80 42 
0 5 109 2443 2551 2530 622 379 80 42 
0 5 109 2443 2551 2531 622 379 80 42 
0 5 109 2443 2551 2532 622 379 80 42 
0 5 109 2443 2551 2533 622 379 80 42 
0 5 109 2443 2551 2534 622 379 80 42 
0 5 109 2443 2551 2535 622 379 80 42 
0 5 109 2443 2551 2536 622 379 80 42 
0 5 109 2443 2551 2537 622 379 80 42 
0 5 109 2443 2551 2538 622 379 80 42 
0 5 109 2443 2551 2539 622 379 80 42 
0 5 109 2443 2551 2540 622 379 80 42 
0 5 109 2443 2551 2541 622 379 80 42 
0 5 109 2443 2551 2542 622 379 80 42 
0 5 109 2443 2551 2543 622 379 80 42 
0 5 109 2443 2551 2544 622 379 80 42 
0 5 109 2443 2551 2545 622 379 80 42 
0 5 109 2443 2551 2546 622 379 80 42 
0 5 109 2443 2551 2547 622 379 80 42 
0 5 109 2443 2551 2548 622 379 80 42 
0 5 109 2443 2551 2549 622 379 80 42 
0 5 109 2443 2551 2550 622 379 80 42 
0 5 109 2443 2551 2551 622 379 80 42 
1 5 91 2531 2621 2531 505 397 75 73 
1 5 91 2531 2621 2532 505 397 75 73 
1 5 91 2531 2621 2533 505 397 75 73 
1 5 91 2531 2621 2534 505 397 75 73 
1 5 91 2531 2621 2535 505 397 75 73 
1 5 91 2531 2621 2536 505 397 75 73 
1 5 91 2531 2621 2537 505 397 75 73 
1 5 91 2531 2621 2538 505 397 75 73 
1 5 91 2531 2621 2539 505 397 75 73 
1 5 91 2531 2621 2540 505 397 75 73 
1 5 91 2531 2621 2541 505 397 75 73 
1 5 91 2531 2621 2542 505 397 75 73 
1 5 91 2531 2621 2543 505 397 75 73 
1 5 91 2531 2621 2544 505 397 75 73 
1 5 91 2531 2621 2545 505 397 75 73 
1 5 91 2531 2621 2546 505 397 75 73 
1 5 91 2531 2621 2547 505 397 75 73 
1 5 91 2531 2621 2548 505 397 75 73 
1 5 91 2531 2621 2549 505 397 75 73 
1 5 91 2531 2621 2550 505 397 75 73 
1 5 91 2531 2621 2551 505 397 75 73 
1 5 91 2531 2621 2552 505 397 75 73 
1 5 91 2531 2621 2553 505 397 75 73 
1 5 91 2531 2621 2554 505 397 75 73 
1 5 91 2531 2621 2555 505 397 75 73 
1 5 91 2531 2621 2556 505 397 75 73 
1 5 91 2531 2621 2557 505 397 75 73 
1 5 91 2531 2621 2558 505 397 75 73 
1 5 91 2531 2621 2559 505 397 75 73 
1 5 91 2531 2621 2560 505 397 75 73 
1 5 91 2531 2621 2561 505 397 75 73 
1 5 91 2531 2621 2562 505 397 75 73 
1 5 91 2531 2621 2563 505 397 75 73 
1 5 91 2531 2621 2564 505 397 75 73 
1 5 91 2531 2621 2565 505 397 75 73 
1 5 91 2531 2621 2566 505 397 75 73 
1 5 91 2531 2621 2567 505 397 75 73 
1 5 91 2531 2621 2568 505 397 75 73 
1 5 91 2531 2621 2569 505 397 75 73 
1 5 91 2531 2621 2570 505 397 75 73 
1 5 91 2531 2621 2571 505 397 75 73 
1 5 91 2531 2621 2572 505 397 75 73 
1 5 91 2531 2621 2573 505 397 75 73 
1 5 91 2531 2621 2574 505 397 75 73 
1 5 91 2531 2621 2575 505 397 75 73 
1 5 91 2531 2621 2576 505 397 75 73 
1 5 91 2531 2621 2577 505 397 75 73 
1 5 91 2531 2621 2578 505 397 75 73 
1 5 91 2531 2621 2579 505 397 75 73 
1 5 91 2531 2621 2580 505 397 75 73 
1 5 91 2531 2621 2581 505 397 75 73 
1 5 91 2531 2621 2582 505 397 75 73 
1 5 91 2531 2621 2583 505 397 75 73 
1 5 91 2531 2621 2584 505 397 75 73 
1 5 91 2531 2621 2585 505 397 75 73 
1 5 91 2531 2621 2586 505 397 75 73 
1 5 91 2531 2621 2587 505 397 75 73 
1 5 91 2531 2621 2588 505 397 75 73 
1 5 91 2531 2621 2589 505 397 75 73 
1 5 91 2531 2621 2590 505 397 75 73 
1 5 91 2531 2621 2591 505 397 75 73 
1 5 91 2531 2621 2592 505 397 75 73 
1 5 91 2531 2621 2593 505 397 75 73 
1 5 91 2531 2621 2594 505 397 75 73 
1 5 91 2531 2621 2595 505 397 75 73 
1 5 91 2531 2621 2596 505 397 75 73 
1 5 91 2531 2621 2597 505 397 75 73 
1 5 91 2531 2621 2598 505 397 75 73 
1 5 91 2531 2621 2599 505 397 75 73 
1 5 91 2531 2621 2600 505 397 75 73 
1 5 91 2531 2621 2601 505 397 75 73 
1 5 91 2531 2621 2602 505 397 75 73 
1 5 91 2531 2621 2603 505 397 75 73 
1 5 91 2531 2621 2604 505 397 75 73 
1 5 91 2531 2621 2605 505 397 75 73 
1 5 91 2531 2621 2606 505 397 75 73 
1 5 91 2531 2621 2607 505 397 75 73 
1 5 91 2531 2621 2608 505 397 75 73 
1 5 91 2531 2621 2609 505 397 75 73 
1 5 91 2531 2621 2610 505 397 75 73 
1 5 91 2531 2621 2611 505 397 75 73 
1 5 91 2531 2621 2612 505 397 75 73 
1 5 91 2531 2621 2613 505 397 75 73 
1 5 91 2531 2621 2614 505 397 75 73 
1 5 91 2531 2621 2615 505 397 75 73 
1 5 91 2531 2621 2616 505 397 75 73 
1 5 91 2531 2621 2617 505 397 75 73 
1 5 91 2531 2621 2618 505 397 75 73 
1 5 91 2531 2621 2619 505 397 75 73 
1 5 91 2531 2621 2620 505 397 75 73 
1 5 91 2531 2621 2621 505 397 75 73 
2 5 194 3939 4132 3939 430 389 63 33 
2 5 194 3939 4132 3940 430 389 63 33 
2 5 194 3939 4132 3941 430 389 63 33 
2 5 194 3939 4132 3942 430 389 63 33 
2 5 194 3939 4132 3943 430 389 63 33 
2 5 194 3939 4132 3944 430 389 63 33 
2 5 194 3939 4132 3945 430 389 63 33 
2 5 194 3939 4132 3946 430 389 63 33 
2 5 194 3939 4132 3947 430 389 63 33 
2 5 194 3939 4132 3948 430 389 63 33 
2 5 194 3939 4132 3949 430 389 63 33 
2 5 194 3939 4132 3950 430 389 63 33 
2 5 194 3939 4132 3951 430 389 63 33 
2 5 194 3939 4132 3952 430 389 63 33 
2 5 194 3939 4132 3953 430 389 63 33 
2 5 194 3939 4132 3954 430 389 63 33 
2 5 194 3939 4132 3955 430 389 63 33 
2 5 194 3939 4132 3956 430 389 63 33 
2 5 194 3939 4132 3957 430 389 63 33 
2 5 194 3939 4132 3958 430 389 63 33 
2 5 194 3939 4132 3959 430 389 63 33 
2 5 194 3939 4132 3960 430 389 63 33 
2 5 194 3939 4132 3961 430 389 63 33 
2 5 194 3939 4132 3962 430 389 63 33 
2 5 194 3939 4132 3963 430 389 63 33 
2 5 194 3939 4132 3964 430 389 63 33 
2 5 194 3939 4132 3965 430 389 63 33 
2 5 194 3939 4132 3966 430 389 63 33 
2 5 194 3939 4132 3967 430 389 63 33 
2 5 194 3939 4132 3968 430 389 63 33 
2 5 194 3939 4132 3969 430 389 63 33 
2 5 194 3939 4132 3970 430 389 63 33 
2 5 194 3939 4132 3971 430 389 63 33 
2 5 194 3939 4132 3972 430 389 63 33 
2 5 194 3939 4132 3973 430 389 63 33 
2 5 194 3939 4132 3974 430 389 63 33 
2 5 194 3939 4132 3975 430 389 63 33 
2 5 194 3939 4132 3976 430 389 63 33 
2 5 194 3939 4132 3977 430 389 63 33 
2 5 194 3939 4132 3978 430 389 63 33 
2 5 194 3939 4132 3979 430 389 63 33 
2 5 194 3939 4132 3980 430 389 63 33 
2 5 194 3939 4132 3981 430 389 63 33 
2 5 194 3939 4132 3982 430 389 63 33 
2 5 194 3939 4132 3983 430 389 63 33 
2 5 194 3939 4132 3984 430 389 63 33 
2 5 194 3939 4132 3985 430 389 63 33 
2 5 194 3939 4132 3986 430 389 63 33 
2 5 194 3939 4132 3987 430 389 63 33 
2 5 194 3939 4132 3988 430 389 63 33 
2 5 194 3939 4132 3989 430 389 63 33 
2 5 194 3939 4132 3990 430 389 63 33 
2 5 194 3939 4132 3991 430 389 63 33 
2 5 194 3939 4132 3992 430 389 63 33 
2 5 194 3939 4132 3993 430 389 63 33 
2 5 194 3939 4132 3994 430 389 63 33 
2 5 194 3939 4132 3995 430 389 63 33 
2 5 194 3939 4132 3996 430 389 63 33 
2 5 194 3939 4132 3997 430 389 63 33 
2 5 194 3939 4132 3998 430 389 63 33 
2 5 194 3939 4132 3999 430 389 63 33 
2 5 194 3939 4132 4000 430 389 63 33 
2 5 194 3939 4132 4001 430 389 63 33 
2 5 194 3939 4132 4002 430 389 63 33 
2 5 194 3939 4132 4003 430 389 63 33 
2 5 194 3939 4132 4004 430 389 63 33 
2 5 194 3939 4132 4005 430 389 63 33 
2 5 194 3939 4132 4006 430 389 63 33 
2 5 194 3939 4132 4007 430 389 63 33 
2 5 194 3939 4132 4008 430 389 63 33 
2 5 194 3939 4132 4009 430 389 63 33 
2 5 194 3939 4132 4010 430 389 63 33 
2 5 194 3939 4132 4011 430 389 63 33 
2 5 194 3939 4132 4012 430 389 63 33 
2 5 194 3939 4132 4013 430 389 63 33 
2 5 194 3939 4132 4014 430 389 63 33 
2 5 194 3939 4132 4015 430 389 63 33 
2 5 194 3939 4132 4016 430 389 63 33 
2 5 194 3939 4132 4017 430 389 63 33 
2 5 194 3939 4132 4018 430 389 63 33 
2 5 194 3939 4132 4019 430 389 63 33 
2 5 194 3939 4132 4020 430 389 63 33 
2 5 194 3939 4132 4021 430 389 63 33 
2 5 194 3939 4132 4022 430 389 63 33 
2 5 194 3939 4132 4023 430 389 63 33 
2 5 194 3939 4132 4024 430 389 63 33 
2 5 194 3939 4132 4025 430 389 63 33 
2 5 194 3939 4132 4026 430 389 63 33 
2 5 194 3939 4132 4027 430 389 63 33 
2 5 194 3939 4132 4028 430 389 63 33 
2 5 194 3939 4132 4029 430 389 63 33 
2 5 194 3939 4132 4030 430 389 63 33 
2 5 194 3939 4132 4031 430 389 63 33 
2 5 194 3939 4132 4032 430 389 63 33 
2 5 194 3939 4132 4033 430 389 63 33 
2 5 194 3939 4132 4034 430 389 63 33 
2 5 194 3939 4132 4035 430 389 63 33 
2 5 194 3939 4132 4036 430 389 63 33 
2 5 194 3939 4132 4037 430 389 63 33 
2 5 194 3939 4132 4038 430 389 63 33 
2 5 194 3939 4132 4039 430 389 63 33 
2 5 194 3939 4132 4040 430 389 63 33 
2 5 194 3939 4132 4041 430 389 63 33 
2 5 194 3939 4132 4042 430 389 63 33 
2 5 194 3939 4132 4043 430 389 63 33 
2 5 194 3939 4132 4044 430 389 63 33 
2 5 194 3939 4132 4045 430 389 63 33 
2 5 194 3939 4132 4046 430 389 63 33 
2 5 194 3939 4132 4047 430 389 63 33 
2 5 194 3939 4132 4048 430 389 63 33 
2 5 194 3939 4132 4049 430 389 63 33 
2 5 194 3939 4132 4050 430 389 63 33 
2 5 194 3939 4132 4051 430 389 63 33 
2 5 194 3939 4132 4052 430 389 63 33 
2 5 194 3939 4132 4053 430 389 63 33 
2 5 194 3939 4132 4054 430 389 63 33 
2 5 194 3939 4132 4055 430 389 63 33 
2 5 194 3939 4132 4056 430 389 63 33 
2 5 194 3939 4132 4057 430 389 63 33 
2 5 194 3939 4132 4058 430 389 63 33 
2 5 194 3939 4132 4059 430 389 63 33 
2 5 194 3939 4132 4060 430 389 63 33 
2 5 194 3939 4132 4061 430 389 63 33 
2 5 194 3939 4132 4062 430 389 63 33 
2 5 194 3939 4132 4063 430 389 63 33 
2 5 194 3939 4132 4064 430 389 63 33 
2 5 194 3939 4132 4065 430 389 63 33 
2 5 194 3939 4132 4066 430 389 63 33 
2 5 194 3939 4132 4067 430 389 63 33 
2 5 194 3939 4132 4068 430 389 63 33 
2 5 194 3939 4132 4069 430 389 63 33 
2 5 194 3939 4132 4070 430 389 63 33 
2 5 194 3939 4132 4071 430 389 63 33 
2 5 194 3939 4132 4072 430 389 63 33 
2 5 194 3939 4132 4073 430 389 63 33 
2 5 194 3939 4132 4074 430 389 63 33 
2 5 194 3939 4132 4075 430 389 63 33 
2 5 194 3939 4132 4076 430 389 63 33 
2 5 194 3939 4132 4077 430 389 63 33 
2 5 194 3939 4132 4078 430 389 63 33 
2 5 194 3939 4132 4079 430 389 63 33 
2 5 194 3939 4132 4080 430 389 63 33 
2 5 194 3939 4132 4081 430 389 63 33 
2 5 194 3939 4132 4082 430 389 63 33 
2 5 194 3939 4132 4083 430 389 63 33 
2 5 194 3939 4132 4084 430 389 63 33 
2 5 194 3939 4132 4085 430 389 63 33 
2 5 194 3939 4132 4086 430 389 63 33 
2 5 194 3939 4132 4087 430 389 63 33 
2 5 194 3939 4132 4088 430 389 63 33 
2 5 194 3939 4132 4089 430 389 63 33 
2 5 194 3939 4132 4090 430 389 63 33 
2 5 194 3939 4132 4091 430 389 63 33 
2 5 194 3939 4132 4092 430 389 63 33 
2 5 194 3939 4132 4093 430 389 63 33 
2 5 194 3939 4132 4094 430 389 63 33 
2 5 194 3939 4132 4095 430 389 63 33 
2 5 194 3939 4132 4096 430 389 63 33 
2 5 194 3939 4132 4097 430 389 63 33 
2 5 194 3939 4132 4098 430 389 63 33 
2 5 194 3939 4132 4099 430 389 63 33 
2 5 194 3939 4132 4100 430 389 63 33 
2 5 194 3939 4132 4101 430 389 63 33 
2 5 194 3939 4132 4102 430 389 63 33 
2 5 194 3939 4132 4103 430 389 63 33 
2 5 194 3939 4132 4104 430 389 63 33 
2 5 194 3939 4132 4105 430 389 63 33 
2 5 194 3939 4132 4106 430 389 63 33 
2 5 194 3939 4132 4107 430 389 63 33 
2 5 194 3939 4132 4108 430 389 63 33 
2 5 194 3939 4132 4109 430 389 63 33 
2 5 194 3939 4132 4110 430 389 63 33 
2 5 194 3939 4132 4111 430 389 63 33 
2 5 194 3939 4132 4112 430 389 63 33 
2 5 194 3939 4132 4113 430 389 63 33 
2 5 194 3939 4132 4114 430 389 63 33 
2 5 194 3939 4132 4115 430 389 63 33 
2 5 194 3939 4132 4116 430 389 63 33 
2 5 194 3939 4132 4117 430 389 63 33 
2 5 194 3939 4132 4118 430 389 63 33 
2 5 194 3939 4132 4119 430 389 63 33 
2 5 194 3939 4132 4120 430 389 63 33 
2 5 194 3939 4132 4121 430 389 63 33 
2 5 194 3939 4132 4122 430 389 63 33 
2 5 194 3939 4132 4123 430 389 63 33 
2 5 194 3939 4132 4124 430 389 63 33 
2 5 194 3939 4132 4125 430 389 63 33 
2 5 194 3939 4132 4126 430 389 63 33 
2 5 194 3939 4132 4127 430 389 63 33 
2 5 194 3939 4132 4128 430 389 63 33 
2 5 194 3939 4132 4129 430 389 63 33 
2 5 194 3939 4132 4130 430 389 63 33 
2 5 194 3939 4132 4131 430 389 63 33 
2 5 194 3939 4132 4132 430 389 63 33 
