9 3 60 1688 1747 1688 722 435 79 80 
9 3 60 1688 1747 1689 722 435 79 80 
9 3 60 1688 1747 1690 722 435 79 80 
9 3 60 1688 1747 1691 722 435 79 80 
9 3 60 1688 1747 1692 722 435 79 80 
9 3 60 1688 1747 1693 722 435 79 80 
9 3 60 1688 1747 1694 722 435 79 80 
9 3 60 1688 1747 1695 722 435 79 80 
9 3 60 1688 1747 1696 722 435 79 80 
9 3 60 1688 1747 1697 722 435 79 80 
9 3 60 1688 1747 1698 722 435 79 80 
9 3 60 1688 1747 1699 722 435 79 80 
9 3 60 1688 1747 1700 722 435 79 80 
9 3 60 1688 1747 1701 722 435 79 80 
9 3 60 1688 1747 1702 722 435 79 80 
9 3 60 1688 1747 1703 722 435 79 80 
9 3 60 1688 1747 1704 722 435 79 80 
9 3 60 1688 1747 1705 722 435 79 80 
9 3 60 1688 1747 1706 722 435 79 80 
9 3 60 1688 1747 1707 722 435 79 80 
9 3 60 1688 1747 1708 722 435 79 80 
9 3 60 1688 1747 1709 722 435 79 80 
9 3 60 1688 1747 1710 722 435 79 80 
9 3 60 1688 1747 1711 722 435 79 80 
9 3 60 1688 1747 1712 722 435 79 80 
9 3 60 1688 1747 1713 722 435 79 80 
9 3 60 1688 1747 1714 722 435 79 80 
9 3 60 1688 1747 1715 722 435 79 80 
9 3 60 1688 1747 1716 722 435 79 80 
9 3 60 1688 1747 1717 722 435 79 80 
9 3 60 1688 1747 1718 722 435 79 80 
9 3 60 1688 1747 1719 722 435 79 80 
9 3 60 1688 1747 1720 722 435 79 80 
9 3 60 1688 1747 1721 722 435 79 80 
9 3 60 1688 1747 1722 722 435 79 80 
9 3 60 1688 1747 1723 722 435 79 80 
9 3 60 1688 1747 1724 722 435 79 80 
9 3 60 1688 1747 1725 722 435 79 80 
9 3 60 1688 1747 1726 722 435 79 80 
9 3 60 1688 1747 1727 722 435 79 80 
9 3 60 1688 1747 1728 722 435 79 80 
9 3 60 1688 1747 1729 722 435 79 80 
9 3 60 1688 1747 1730 722 435 79 80 
9 3 60 1688 1747 1731 722 435 79 80 
9 3 60 1688 1747 1732 722 435 79 80 
9 3 60 1688 1747 1733 722 435 79 80 
9 3 60 1688 1747 1734 722 435 79 80 
9 3 60 1688 1747 1735 722 435 79 80 
9 3 60 1688 1747 1736 722 435 79 80 
9 3 60 1688 1747 1737 722 435 79 80 
9 3 60 1688 1747 1738 722 435 79 80 
9 3 60 1688 1747 1739 722 435 79 80 
9 3 60 1688 1747 1740 722 435 79 80 
9 3 60 1688 1747 1741 722 435 79 80 
9 3 60 1688 1747 1742 722 435 79 80 
9 3 60 1688 1747 1743 722 435 79 80 
9 3 60 1688 1747 1744 722 435 79 80 
9 3 60 1688 1747 1745 722 435 79 80 
9 3 60 1688 1747 1746 722 435 79 80 
9 3 60 1688 1747 1747 722 435 79 80 
10 1 74 1739 1812 1739 726 435 83 80 
10 1 74 1739 1812 1740 726 435 83 80 
10 1 74 1739 1812 1741 726 435 83 80 
10 1 74 1739 1812 1742 726 435 83 80 
10 1 74 1739 1812 1743 726 435 83 80 
10 1 74 1739 1812 1744 726 435 83 80 
10 1 74 1739 1812 1745 726 435 83 80 
10 1 74 1739 1812 1746 726 435 83 80 
10 1 74 1739 1812 1747 726 435 83 80 
10 1 74 1739 1812 1748 726 435 83 80 
10 1 74 1739 1812 1749 726 435 83 80 
10 1 74 1739 1812 1750 726 435 83 80 
10 1 74 1739 1812 1751 726 435 83 80 
10 1 74 1739 1812 1752 726 435 83 80 
10 1 74 1739 1812 1753 726 435 83 80 
10 1 74 1739 1812 1754 726 435 83 80 
10 1 74 1739 1812 1755 726 435 83 80 
10 1 74 1739 1812 1756 726 435 83 80 
10 1 74 1739 1812 1757 726 435 83 80 
10 1 74 1739 1812 1758 726 435 83 80 
10 1 74 1739 1812 1759 726 435 83 80 
10 1 74 1739 1812 1760 726 435 83 80 
10 1 74 1739 1812 1761 726 435 83 80 
10 1 74 1739 1812 1762 726 435 83 80 
10 1 74 1739 1812 1763 726 435 83 80 
10 1 74 1739 1812 1764 726 435 83 80 
10 1 74 1739 1812 1765 726 435 83 80 
10 1 74 1739 1812 1766 726 435 83 80 
10 1 74 1739 1812 1767 726 435 83 80 
10 1 74 1739 1812 1768 726 435 83 80 
10 1 74 1739 1812 1769 726 435 83 80 
10 1 74 1739 1812 1770 726 435 83 80 
10 1 74 1739 1812 1771 726 435 83 80 
10 1 74 1739 1812 1772 726 435 83 80 
10 1 74 1739 1812 1773 726 435 83 80 
10 1 74 1739 1812 1774 726 435 83 80 
10 1 74 1739 1812 1775 726 435 83 80 
10 1 74 1739 1812 1776 726 435 83 80 
10 1 74 1739 1812 1777 726 435 83 80 
10 1 74 1739 1812 1778 726 435 83 80 
10 1 74 1739 1812 1779 726 435 83 80 
10 1 74 1739 1812 1780 726 435 83 80 
10 1 74 1739 1812 1781 726 435 83 80 
10 1 74 1739 1812 1782 726 435 83 80 
10 1 74 1739 1812 1783 726 435 83 80 
10 1 74 1739 1812 1784 726 435 83 80 
10 1 74 1739 1812 1785 726 435 83 80 
10 1 74 1739 1812 1786 726 435 83 80 
10 1 74 1739 1812 1787 726 435 83 80 
10 1 74 1739 1812 1788 726 435 83 80 
10 1 74 1739 1812 1789 726 435 83 80 
10 1 74 1739 1812 1790 726 435 83 80 
10 1 74 1739 1812 1791 726 435 83 80 
10 1 74 1739 1812 1792 726 435 83 80 
10 1 74 1739 1812 1793 726 435 83 80 
10 1 74 1739 1812 1794 726 435 83 80 
10 1 74 1739 1812 1795 726 435 83 80 
10 1 74 1739 1812 1796 726 435 83 80 
10 1 74 1739 1812 1797 726 435 83 80 
10 1 74 1739 1812 1798 726 435 83 80 
10 1 74 1739 1812 1799 726 435 83 80 
10 1 74 1739 1812 1800 726 435 83 80 
10 1 74 1739 1812 1801 726 435 83 80 
10 1 74 1739 1812 1802 726 435 83 80 
10 1 74 1739 1812 1803 726 435 83 80 
10 1 74 1739 1812 1804 726 435 83 80 
10 1 74 1739 1812 1805 726 435 83 80 
10 1 74 1739 1812 1806 726 435 83 80 
10 1 74 1739 1812 1807 726 435 83 80 
10 1 74 1739 1812 1808 726 435 83 80 
10 1 74 1739 1812 1809 726 435 83 80 
10 1 74 1739 1812 1810 726 435 83 80 
10 1 74 1739 1812 1811 726 435 83 80 
10 1 74 1739 1812 1812 726 435 83 80 
11 4 60 1820 1879 1820 724 434 86 79 
11 4 60 1820 1879 1821 724 434 86 79 
11 4 60 1820 1879 1822 724 434 86 79 
11 4 60 1820 1879 1823 724 434 86 79 
11 4 60 1820 1879 1824 724 434 86 79 
11 4 60 1820 1879 1825 724 434 86 79 
11 4 60 1820 1879 1826 724 434 86 79 
11 4 60 1820 1879 1827 724 434 86 79 
11 4 60 1820 1879 1828 724 434 86 79 
11 4 60 1820 1879 1829 724 434 86 79 
11 4 60 1820 1879 1830 724 434 86 79 
11 4 60 1820 1879 1831 724 434 86 79 
11 4 60 1820 1879 1832 724 434 86 79 
11 4 60 1820 1879 1833 724 434 86 79 
11 4 60 1820 1879 1834 724 434 86 79 
11 4 60 1820 1879 1835 724 434 86 79 
11 4 60 1820 1879 1836 724 434 86 79 
11 4 60 1820 1879 1837 724 434 86 79 
11 4 60 1820 1879 1838 724 434 86 79 
11 4 60 1820 1879 1839 724 434 86 79 
11 4 60 1820 1879 1840 724 434 86 79 
11 4 60 1820 1879 1841 724 434 86 79 
11 4 60 1820 1879 1842 724 434 86 79 
11 4 60 1820 1879 1843 724 434 86 79 
11 4 60 1820 1879 1844 724 434 86 79 
11 4 60 1820 1879 1845 724 434 86 79 
11 4 60 1820 1879 1846 724 434 86 79 
11 4 60 1820 1879 1847 724 434 86 79 
11 4 60 1820 1879 1848 724 434 86 79 
11 4 60 1820 1879 1849 724 434 86 79 
11 4 60 1820 1879 1850 724 434 86 79 
11 4 60 1820 1879 1851 724 434 86 79 
11 4 60 1820 1879 1852 724 434 86 79 
11 4 60 1820 1879 1853 724 434 86 79 
11 4 60 1820 1879 1854 724 434 86 79 
11 4 60 1820 1879 1855 724 434 86 79 
11 4 60 1820 1879 1856 724 434 86 79 
11 4 60 1820 1879 1857 724 434 86 79 
11 4 60 1820 1879 1858 724 434 86 79 
11 4 60 1820 1879 1859 724 434 86 79 
11 4 60 1820 1879 1860 724 434 86 79 
11 4 60 1820 1879 1861 724 434 86 79 
11 4 60 1820 1879 1862 724 434 86 79 
11 4 60 1820 1879 1863 724 434 86 79 
11 4 60 1820 1879 1864 724 434 86 79 
11 4 60 1820 1879 1865 724 434 86 79 
11 4 60 1820 1879 1866 724 434 86 79 
11 4 60 1820 1879 1867 724 434 86 79 
11 4 60 1820 1879 1868 724 434 86 79 
11 4 60 1820 1879 1869 724 434 86 79 
11 4 60 1820 1879 1870 724 434 86 79 
11 4 60 1820 1879 1871 724 434 86 79 
11 4 60 1820 1879 1872 724 434 86 79 
11 4 60 1820 1879 1873 724 434 86 79 
11 4 60 1820 1879 1874 724 434 86 79 
11 4 60 1820 1879 1875 724 434 86 79 
11 4 60 1820 1879 1876 724 434 86 79 
11 4 60 1820 1879 1877 724 434 86 79 
11 4 60 1820 1879 1878 724 434 86 79 
11 4 60 1820 1879 1879 724 434 86 79 
