0 6 131 674 804 674 133 357 105 81 
0 6 131 674 804 675 133 357 105 81 
0 6 131 674 804 676 133 357 105 81 
0 6 131 674 804 677 133 357 105 81 
0 6 131 674 804 678 133 357 105 81 
0 6 131 674 804 679 133 357 105 81 
0 6 131 674 804 680 133 357 105 81 
0 6 131 674 804 681 133 357 105 81 
0 6 131 674 804 682 133 357 105 81 
0 6 131 674 804 683 133 357 105 81 
0 6 131 674 804 684 133 357 105 81 
0 6 131 674 804 685 133 357 105 81 
0 6 131 674 804 686 133 357 105 81 
0 6 131 674 804 687 133 357 105 81 
0 6 131 674 804 688 133 357 105 81 
0 6 131 674 804 689 133 357 105 81 
0 6 131 674 804 690 133 357 105 81 
0 6 131 674 804 691 133 357 105 81 
0 6 131 674 804 692 133 357 105 81 
0 6 131 674 804 693 133 357 105 81 
0 6 131 674 804 694 133 357 105 81 
0 6 131 674 804 695 133 357 105 81 
0 6 131 674 804 696 133 357 105 81 
0 6 131 674 804 697 133 357 105 81 
0 6 131 674 804 698 133 357 105 81 
0 6 131 674 804 699 133 357 105 81 
0 6 131 674 804 700 133 357 105 81 
0 6 131 674 804 701 133 357 105 81 
0 6 131 674 804 702 133 357 105 81 
0 6 131 674 804 703 133 357 105 81 
0 6 131 674 804 704 133 357 105 81 
0 6 131 674 804 705 133 357 105 81 
0 6 131 674 804 706 133 357 105 81 
0 6 131 674 804 707 133 357 105 81 
0 6 131 674 804 708 133 357 105 81 
0 6 131 674 804 709 133 357 105 81 
0 6 131 674 804 710 133 357 105 81 
0 6 131 674 804 711 133 357 105 81 
0 6 131 674 804 712 133 357 105 81 
0 6 131 674 804 713 133 357 105 81 
0 6 131 674 804 714 133 357 105 81 
0 6 131 674 804 715 133 357 105 81 
0 6 131 674 804 716 133 357 105 81 
0 6 131 674 804 717 133 357 105 81 
0 6 131 674 804 718 133 357 105 81 
0 6 131 674 804 719 133 357 105 81 
0 6 131 674 804 720 133 357 105 81 
0 6 131 674 804 721 133 357 105 81 
0 6 131 674 804 722 133 357 105 81 
0 6 131 674 804 723 133 357 105 81 
0 6 131 674 804 724 133 357 105 81 
0 6 131 674 804 725 133 357 105 81 
0 6 131 674 804 726 133 357 105 81 
0 6 131 674 804 727 133 357 105 81 
0 6 131 674 804 728 133 357 105 81 
0 6 131 674 804 729 133 357 105 81 
0 6 131 674 804 730 133 357 105 81 
0 6 131 674 804 731 133 357 105 81 
0 6 131 674 804 732 133 357 105 81 
0 6 131 674 804 733 133 357 105 81 
0 6 131 674 804 734 133 357 105 81 
0 6 131 674 804 735 133 357 105 81 
0 6 131 674 804 736 133 357 105 81 
0 6 131 674 804 737 133 357 105 81 
0 6 131 674 804 738 133 357 105 81 
0 6 131 674 804 739 133 357 105 81 
0 6 131 674 804 740 133 357 105 81 
0 6 131 674 804 741 133 357 105 81 
0 6 131 674 804 742 133 357 105 81 
0 6 131 674 804 743 133 357 105 81 
0 6 131 674 804 744 133 357 105 81 
0 6 131 674 804 745 133 357 105 81 
0 6 131 674 804 746 133 357 105 81 
0 6 131 674 804 747 133 357 105 81 
0 6 131 674 804 748 133 357 105 81 
0 6 131 674 804 749 133 357 105 81 
0 6 131 674 804 750 133 357 105 81 
0 6 131 674 804 751 133 357 105 81 
0 6 131 674 804 752 133 357 105 81 
0 6 131 674 804 753 133 357 105 81 
0 6 131 674 804 754 133 357 105 81 
0 6 131 674 804 755 133 357 105 81 
0 6 131 674 804 756 133 357 105 81 
0 6 131 674 804 757 133 357 105 81 
0 6 131 674 804 758 133 357 105 81 
0 6 131 674 804 759 133 357 105 81 
0 6 131 674 804 760 133 357 105 81 
0 6 131 674 804 761 133 357 105 81 
0 6 131 674 804 762 133 357 105 81 
0 6 131 674 804 763 133 357 105 81 
0 6 131 674 804 764 133 357 105 81 
0 6 131 674 804 765 133 357 105 81 
0 6 131 674 804 766 133 357 105 81 
0 6 131 674 804 767 133 357 105 81 
0 6 131 674 804 768 133 357 105 81 
0 6 131 674 804 769 133 357 105 81 
0 6 131 674 804 770 133 357 105 81 
0 6 131 674 804 771 133 357 105 81 
0 6 131 674 804 772 133 357 105 81 
0 6 131 674 804 773 133 357 105 81 
0 6 131 674 804 774 133 357 105 81 
0 6 131 674 804 775 133 357 105 81 
0 6 131 674 804 776 133 357 105 81 
0 6 131 674 804 777 133 357 105 81 
0 6 131 674 804 778 133 357 105 81 
0 6 131 674 804 779 133 357 105 81 
0 6 131 674 804 780 133 357 105 81 
0 6 131 674 804 781 133 357 105 81 
0 6 131 674 804 782 133 357 105 81 
0 6 131 674 804 783 133 357 105 81 
0 6 131 674 804 784 133 357 105 81 
0 6 131 674 804 785 133 357 105 81 
0 6 131 674 804 786 133 357 105 81 
0 6 131 674 804 787 133 357 105 81 
0 6 131 674 804 788 133 357 105 81 
0 6 131 674 804 789 133 357 105 81 
0 6 131 674 804 790 133 357 105 81 
0 6 131 674 804 791 133 357 105 81 
0 6 131 674 804 792 133 357 105 81 
0 6 131 674 804 793 133 357 105 81 
0 6 131 674 804 794 133 357 105 81 
0 6 131 674 804 795 133 357 105 81 
0 6 131 674 804 796 133 357 105 81 
0 6 131 674 804 797 133 357 105 81 
0 6 131 674 804 798 133 357 105 81 
0 6 131 674 804 799 133 357 105 81 
0 6 131 674 804 800 133 357 105 81 
0 6 131 674 804 801 133 357 105 81 
0 6 131 674 804 802 133 357 105 81 
0 6 131 674 804 803 133 357 105 81 
0 6 131 674 804 804 133 357 105 81 
