0 5 145 2425 2569 2425 969 344 81 51 
0 5 145 2425 2569 2426 969 344 81 51 
0 5 145 2425 2569 2427 969 344 81 51 
0 5 145 2425 2569 2428 969 344 81 51 
0 5 145 2425 2569 2429 969 344 81 51 
0 5 145 2425 2569 2430 969 344 81 51 
0 5 145 2425 2569 2431 969 344 81 51 
0 5 145 2425 2569 2432 969 344 81 51 
0 5 145 2425 2569 2433 969 344 81 51 
0 5 145 2425 2569 2434 969 344 81 51 
0 5 145 2425 2569 2435 969 344 81 51 
0 5 145 2425 2569 2436 969 344 81 51 
0 5 145 2425 2569 2437 969 344 81 51 
0 5 145 2425 2569 2438 969 344 81 51 
0 5 145 2425 2569 2439 969 344 81 51 
0 5 145 2425 2569 2440 969 344 81 51 
0 5 145 2425 2569 2441 969 344 81 51 
0 5 145 2425 2569 2442 969 344 81 51 
0 5 145 2425 2569 2443 969 344 81 51 
0 5 145 2425 2569 2444 969 344 81 51 
0 5 145 2425 2569 2445 969 344 81 51 
0 5 145 2425 2569 2446 969 344 81 51 
0 5 145 2425 2569 2447 969 344 81 51 
0 5 145 2425 2569 2448 969 344 81 51 
0 5 145 2425 2569 2449 969 344 81 51 
0 5 145 2425 2569 2450 969 344 81 51 
0 5 145 2425 2569 2451 969 344 81 51 
0 5 145 2425 2569 2452 969 344 81 51 
0 5 145 2425 2569 2453 969 344 81 51 
0 5 145 2425 2569 2454 969 344 81 51 
0 5 145 2425 2569 2455 969 344 81 51 
0 5 145 2425 2569 2456 969 344 81 51 
0 5 145 2425 2569 2457 969 344 81 51 
0 5 145 2425 2569 2458 969 344 81 51 
0 5 145 2425 2569 2459 969 344 81 51 
0 5 145 2425 2569 2460 969 344 81 51 
0 5 145 2425 2569 2461 969 344 81 51 
0 5 145 2425 2569 2462 969 344 81 51 
0 5 145 2425 2569 2463 969 344 81 51 
0 5 145 2425 2569 2464 969 344 81 51 
0 5 145 2425 2569 2465 969 344 81 51 
0 5 145 2425 2569 2466 969 344 81 51 
0 5 145 2425 2569 2467 969 344 81 51 
0 5 145 2425 2569 2468 969 344 81 51 
0 5 145 2425 2569 2469 969 344 81 51 
0 5 145 2425 2569 2470 969 344 81 51 
0 5 145 2425 2569 2471 969 344 81 51 
0 5 145 2425 2569 2472 969 344 81 51 
0 5 145 2425 2569 2473 969 344 81 51 
0 5 145 2425 2569 2474 969 344 81 51 
0 5 145 2425 2569 2475 969 344 81 51 
0 5 145 2425 2569 2476 969 344 81 51 
0 5 145 2425 2569 2477 969 344 81 51 
0 5 145 2425 2569 2478 969 344 81 51 
0 5 145 2425 2569 2479 969 344 81 51 
0 5 145 2425 2569 2480 969 344 81 51 
0 5 145 2425 2569 2481 969 344 81 51 
0 5 145 2425 2569 2482 969 344 81 51 
0 5 145 2425 2569 2483 969 344 81 51 
0 5 145 2425 2569 2484 969 344 81 51 
0 5 145 2425 2569 2485 969 344 81 51 
0 5 145 2425 2569 2486 969 344 81 51 
0 5 145 2425 2569 2487 969 344 81 51 
0 5 145 2425 2569 2488 969 344 81 51 
0 5 145 2425 2569 2489 969 344 81 51 
0 5 145 2425 2569 2490 969 344 81 51 
0 5 145 2425 2569 2491 969 344 81 51 
0 5 145 2425 2569 2492 969 344 81 51 
0 5 145 2425 2569 2493 969 344 81 51 
0 5 145 2425 2569 2494 969 344 81 51 
0 5 145 2425 2569 2495 969 344 81 51 
0 5 145 2425 2569 2496 969 344 81 51 
0 5 145 2425 2569 2497 969 344 81 51 
0 5 145 2425 2569 2498 969 344 81 51 
0 5 145 2425 2569 2499 969 344 81 51 
0 5 145 2425 2569 2500 969 344 81 51 
0 5 145 2425 2569 2501 969 344 81 51 
0 5 145 2425 2569 2502 969 344 81 51 
0 5 145 2425 2569 2503 969 344 81 51 
0 5 145 2425 2569 2504 969 344 81 51 
0 5 145 2425 2569 2505 969 344 81 51 
0 5 145 2425 2569 2506 969 344 81 51 
0 5 145 2425 2569 2507 969 344 81 51 
0 5 145 2425 2569 2508 969 344 81 51 
0 5 145 2425 2569 2509 969 344 81 51 
0 5 145 2425 2569 2510 969 344 81 51 
0 5 145 2425 2569 2511 969 344 81 51 
0 5 145 2425 2569 2512 969 344 81 51 
0 5 145 2425 2569 2513 969 344 81 51 
0 5 145 2425 2569 2514 969 344 81 51 
0 5 145 2425 2569 2515 969 344 81 51 
0 5 145 2425 2569 2516 969 344 81 51 
0 5 145 2425 2569 2517 969 344 81 51 
0 5 145 2425 2569 2518 969 344 81 51 
0 5 145 2425 2569 2519 969 344 81 51 
0 5 145 2425 2569 2520 969 344 81 51 
0 5 145 2425 2569 2521 969 344 81 51 
0 5 145 2425 2569 2522 969 344 81 51 
0 5 145 2425 2569 2523 969 344 81 51 
0 5 145 2425 2569 2524 969 344 81 51 
0 5 145 2425 2569 2525 969 344 81 51 
0 5 145 2425 2569 2526 969 344 81 51 
0 5 145 2425 2569 2527 969 344 81 51 
0 5 145 2425 2569 2528 969 344 81 51 
0 5 145 2425 2569 2529 969 344 81 51 
0 5 145 2425 2569 2530 969 344 81 51 
0 5 145 2425 2569 2531 969 344 81 51 
0 5 145 2425 2569 2532 969 344 81 51 
0 5 145 2425 2569 2533 969 344 81 51 
0 5 145 2425 2569 2534 969 344 81 51 
0 5 145 2425 2569 2535 969 344 81 51 
0 5 145 2425 2569 2536 969 344 81 51 
0 5 145 2425 2569 2537 969 344 81 51 
0 5 145 2425 2569 2538 969 344 81 51 
0 5 145 2425 2569 2539 969 344 81 51 
0 5 145 2425 2569 2540 969 344 81 51 
0 5 145 2425 2569 2541 969 344 81 51 
0 5 145 2425 2569 2542 969 344 81 51 
0 5 145 2425 2569 2543 969 344 81 51 
0 5 145 2425 2569 2544 969 344 81 51 
0 5 145 2425 2569 2545 969 344 81 51 
0 5 145 2425 2569 2546 969 344 81 51 
0 5 145 2425 2569 2547 969 344 81 51 
0 5 145 2425 2569 2548 969 344 81 51 
0 5 145 2425 2569 2549 969 344 81 51 
0 5 145 2425 2569 2550 969 344 81 51 
0 5 145 2425 2569 2551 969 344 81 51 
0 5 145 2425 2569 2552 969 344 81 51 
0 5 145 2425 2569 2553 969 344 81 51 
0 5 145 2425 2569 2554 969 344 81 51 
0 5 145 2425 2569 2555 969 344 81 51 
0 5 145 2425 2569 2556 969 344 81 51 
0 5 145 2425 2569 2557 969 344 81 51 
0 5 145 2425 2569 2558 969 344 81 51 
0 5 145 2425 2569 2559 969 344 81 51 
0 5 145 2425 2569 2560 969 344 81 51 
0 5 145 2425 2569 2561 969 344 81 51 
0 5 145 2425 2569 2562 969 344 81 51 
0 5 145 2425 2569 2563 969 344 81 51 
0 5 145 2425 2569 2564 969 344 81 51 
0 5 145 2425 2569 2565 969 344 81 51 
0 5 145 2425 2569 2566 969 344 81 51 
0 5 145 2425 2569 2567 969 344 81 51 
0 5 145 2425 2569 2568 969 344 81 51 
0 5 145 2425 2569 2569 969 344 81 51 
1 6 177 496 672 496 970 348 48 44 
1 6 177 496 672 497 970 348 48 44 
1 6 177 496 672 498 970 348 48 44 
1 6 177 496 672 499 970 348 48 44 
1 6 177 496 672 500 970 348 48 44 
1 6 177 496 672 501 970 348 48 44 
1 6 177 496 672 502 970 348 48 44 
1 6 177 496 672 503 970 348 48 44 
1 6 177 496 672 504 970 348 48 44 
1 6 177 496 672 505 970 348 48 44 
1 6 177 496 672 506 970 348 48 44 
1 6 177 496 672 507 970 348 48 44 
1 6 177 496 672 508 970 348 48 44 
1 6 177 496 672 509 970 348 48 44 
1 6 177 496 672 510 970 348 48 44 
1 6 177 496 672 511 970 348 48 44 
1 6 177 496 672 512 970 348 48 44 
1 6 177 496 672 513 970 348 48 44 
1 6 177 496 672 514 970 348 48 44 
1 6 177 496 672 515 970 348 48 44 
1 6 177 496 672 516 970 348 48 44 
1 6 177 496 672 517 970 348 48 44 
1 6 177 496 672 518 970 348 48 44 
1 6 177 496 672 519 970 348 48 44 
1 6 177 496 672 520 970 348 48 44 
1 6 177 496 672 521 970 348 48 44 
1 6 177 496 672 522 970 348 48 44 
1 6 177 496 672 523 970 348 48 44 
1 6 177 496 672 524 970 348 48 44 
1 6 177 496 672 525 970 348 48 44 
1 6 177 496 672 526 970 348 48 44 
1 6 177 496 672 527 970 348 48 44 
1 6 177 496 672 528 970 348 48 44 
1 6 177 496 672 529 970 348 48 44 
1 6 177 496 672 530 970 348 48 44 
1 6 177 496 672 531 970 348 48 44 
1 6 177 496 672 532 970 348 48 44 
1 6 177 496 672 533 970 348 48 44 
1 6 177 496 672 534 970 348 48 44 
1 6 177 496 672 535 970 348 48 44 
1 6 177 496 672 536 970 348 48 44 
1 6 177 496 672 537 970 348 48 44 
1 6 177 496 672 538 970 348 48 44 
1 6 177 496 672 539 970 348 48 44 
1 6 177 496 672 540 970 348 48 44 
1 6 177 496 672 541 970 348 48 44 
1 6 177 496 672 542 970 348 48 44 
1 6 177 496 672 543 970 348 48 44 
1 6 177 496 672 544 970 348 48 44 
1 6 177 496 672 545 970 348 48 44 
1 6 177 496 672 546 970 348 48 44 
1 6 177 496 672 547 970 348 48 44 
1 6 177 496 672 548 970 348 48 44 
1 6 177 496 672 549 970 348 48 44 
1 6 177 496 672 550 970 348 48 44 
1 6 177 496 672 551 970 348 48 44 
1 6 177 496 672 552 970 348 48 44 
1 6 177 496 672 553 970 348 48 44 
1 6 177 496 672 554 970 348 48 44 
1 6 177 496 672 555 970 348 48 44 
1 6 177 496 672 556 970 348 48 44 
1 6 177 496 672 557 970 348 48 44 
1 6 177 496 672 558 970 348 48 44 
1 6 177 496 672 559 970 348 48 44 
1 6 177 496 672 560 970 348 48 44 
1 6 177 496 672 561 970 348 48 44 
1 6 177 496 672 562 970 348 48 44 
1 6 177 496 672 563 970 348 48 44 
1 6 177 496 672 564 970 348 48 44 
1 6 177 496 672 565 970 348 48 44 
1 6 177 496 672 566 970 348 48 44 
1 6 177 496 672 567 970 348 48 44 
1 6 177 496 672 568 970 348 48 44 
1 6 177 496 672 569 970 348 48 44 
1 6 177 496 672 570 970 348 48 44 
1 6 177 496 672 571 970 348 48 44 
1 6 177 496 672 572 970 348 48 44 
1 6 177 496 672 573 970 348 48 44 
1 6 177 496 672 574 970 348 48 44 
1 6 177 496 672 575 970 348 48 44 
1 6 177 496 672 576 970 348 48 44 
1 6 177 496 672 577 970 348 48 44 
1 6 177 496 672 578 970 348 48 44 
1 6 177 496 672 579 970 348 48 44 
1 6 177 496 672 580 970 348 48 44 
1 6 177 496 672 581 970 348 48 44 
1 6 177 496 672 582 970 348 48 44 
1 6 177 496 672 583 970 348 48 44 
1 6 177 496 672 584 970 348 48 44 
1 6 177 496 672 585 970 348 48 44 
1 6 177 496 672 586 970 348 48 44 
1 6 177 496 672 587 970 348 48 44 
1 6 177 496 672 588 970 348 48 44 
1 6 177 496 672 589 970 348 48 44 
1 6 177 496 672 590 970 348 48 44 
1 6 177 496 672 591 970 348 48 44 
1 6 177 496 672 592 970 348 48 44 
1 6 177 496 672 593 970 348 48 44 
1 6 177 496 672 594 970 348 48 44 
1 6 177 496 672 595 970 348 48 44 
1 6 177 496 672 596 970 348 48 44 
1 6 177 496 672 597 970 348 48 44 
1 6 177 496 672 598 970 348 48 44 
1 6 177 496 672 599 970 348 48 44 
1 6 177 496 672 600 970 348 48 44 
1 6 177 496 672 601 970 348 48 44 
1 6 177 496 672 602 970 348 48 44 
1 6 177 496 672 603 970 348 48 44 
1 6 177 496 672 604 970 348 48 44 
1 6 177 496 672 605 970 348 48 44 
1 6 177 496 672 606 970 348 48 44 
1 6 177 496 672 607 970 348 48 44 
1 6 177 496 672 608 970 348 48 44 
1 6 177 496 672 609 970 348 48 44 
1 6 177 496 672 610 970 348 48 44 
1 6 177 496 672 611 970 348 48 44 
1 6 177 496 672 612 970 348 48 44 
1 6 177 496 672 613 970 348 48 44 
1 6 177 496 672 614 970 348 48 44 
1 6 177 496 672 615 970 348 48 44 
1 6 177 496 672 616 970 348 48 44 
1 6 177 496 672 617 970 348 48 44 
1 6 177 496 672 618 970 348 48 44 
1 6 177 496 672 619 970 348 48 44 
1 6 177 496 672 620 970 348 48 44 
1 6 177 496 672 621 970 348 48 44 
1 6 177 496 672 622 970 348 48 44 
1 6 177 496 672 623 970 348 48 44 
1 6 177 496 672 624 970 348 48 44 
1 6 177 496 672 625 970 348 48 44 
1 6 177 496 672 626 970 348 48 44 
1 6 177 496 672 627 970 348 48 44 
1 6 177 496 672 628 970 348 48 44 
1 6 177 496 672 629 970 348 48 44 
1 6 177 496 672 630 970 348 48 44 
1 6 177 496 672 631 970 348 48 44 
1 6 177 496 672 632 970 348 48 44 
1 6 177 496 672 633 970 348 48 44 
1 6 177 496 672 634 970 348 48 44 
1 6 177 496 672 635 970 348 48 44 
1 6 177 496 672 636 970 348 48 44 
1 6 177 496 672 637 970 348 48 44 
1 6 177 496 672 638 970 348 48 44 
1 6 177 496 672 639 970 348 48 44 
1 6 177 496 672 640 970 348 48 44 
1 6 177 496 672 641 970 348 48 44 
1 6 177 496 672 642 970 348 48 44 
1 6 177 496 672 643 970 348 48 44 
1 6 177 496 672 644 970 348 48 44 
1 6 177 496 672 645 970 348 48 44 
1 6 177 496 672 646 970 348 48 44 
1 6 177 496 672 647 970 348 48 44 
1 6 177 496 672 648 970 348 48 44 
1 6 177 496 672 649 970 348 48 44 
1 6 177 496 672 650 970 348 48 44 
1 6 177 496 672 651 970 348 48 44 
1 6 177 496 672 652 970 348 48 44 
1 6 177 496 672 653 970 348 48 44 
1 6 177 496 672 654 970 348 48 44 
1 6 177 496 672 655 970 348 48 44 
1 6 177 496 672 656 970 348 48 44 
1 6 177 496 672 657 970 348 48 44 
1 6 177 496 672 658 970 348 48 44 
1 6 177 496 672 659 970 348 48 44 
1 6 177 496 672 660 970 348 48 44 
1 6 177 496 672 661 970 348 48 44 
1 6 177 496 672 662 970 348 48 44 
1 6 177 496 672 663 970 348 48 44 
1 6 177 496 672 664 970 348 48 44 
1 6 177 496 672 665 970 348 48 44 
1 6 177 496 672 666 970 348 48 44 
1 6 177 496 672 667 970 348 48 44 
1 6 177 496 672 668 970 348 48 44 
1 6 177 496 672 669 970 348 48 44 
1 6 177 496 672 670 970 348 48 44 
1 6 177 496 672 671 970 348 48 44 
1 6 177 496 672 672 970 348 48 44 
