0 5 71 634 704 634 602 365 48 33 
0 5 71 634 704 635 602 365 48 33 
0 5 71 634 704 636 602 365 48 33 
0 5 71 634 704 637 602 365 48 33 
0 5 71 634 704 638 602 365 48 33 
0 5 71 634 704 639 602 365 48 33 
0 5 71 634 704 640 602 365 48 33 
0 5 71 634 704 641 602 365 48 33 
0 5 71 634 704 642 602 365 48 33 
0 5 71 634 704 643 602 365 48 33 
0 5 71 634 704 644 602 365 48 33 
0 5 71 634 704 645 602 365 48 33 
0 5 71 634 704 646 602 365 48 33 
0 5 71 634 704 647 602 365 48 33 
0 5 71 634 704 648 602 365 48 33 
0 5 71 634 704 649 602 365 48 33 
0 5 71 634 704 650 602 365 48 33 
0 5 71 634 704 651 602 365 48 33 
0 5 71 634 704 652 602 365 48 33 
0 5 71 634 704 653 602 365 48 33 
0 5 71 634 704 654 602 365 48 33 
0 5 71 634 704 655 602 365 48 33 
0 5 71 634 704 656 602 365 48 33 
0 5 71 634 704 657 602 365 48 33 
0 5 71 634 704 658 602 365 48 33 
0 5 71 634 704 659 602 365 48 33 
0 5 71 634 704 660 602 365 48 33 
0 5 71 634 704 661 602 365 48 33 
0 5 71 634 704 662 602 365 48 33 
0 5 71 634 704 663 602 365 48 33 
0 5 71 634 704 664 602 365 48 33 
0 5 71 634 704 665 602 365 48 33 
0 5 71 634 704 666 602 365 48 33 
0 5 71 634 704 667 602 365 48 33 
0 5 71 634 704 668 602 365 48 33 
0 5 71 634 704 669 602 365 48 33 
0 5 71 634 704 670 602 365 48 33 
0 5 71 634 704 671 602 365 48 33 
0 5 71 634 704 672 602 365 48 33 
0 5 71 634 704 673 602 365 48 33 
0 5 71 634 704 674 602 365 48 33 
0 5 71 634 704 675 602 365 48 33 
0 5 71 634 704 676 602 365 48 33 
0 5 71 634 704 677 602 365 48 33 
0 5 71 634 704 678 602 365 48 33 
0 5 71 634 704 679 602 365 48 33 
0 5 71 634 704 680 602 365 48 33 
0 5 71 634 704 681 602 365 48 33 
0 5 71 634 704 682 602 365 48 33 
0 5 71 634 704 683 602 365 48 33 
0 5 71 634 704 684 602 365 48 33 
0 5 71 634 704 685 602 365 48 33 
0 5 71 634 704 686 602 365 48 33 
0 5 71 634 704 687 602 365 48 33 
0 5 71 634 704 688 602 365 48 33 
0 5 71 634 704 689 602 365 48 33 
0 5 71 634 704 690 602 365 48 33 
0 5 71 634 704 691 602 365 48 33 
0 5 71 634 704 692 602 365 48 33 
0 5 71 634 704 693 602 365 48 33 
0 5 71 634 704 694 602 365 48 33 
0 5 71 634 704 695 602 365 48 33 
0 5 71 634 704 696 602 365 48 33 
0 5 71 634 704 697 602 365 48 33 
0 5 71 634 704 698 602 365 48 33 
0 5 71 634 704 699 602 365 48 33 
0 5 71 634 704 700 602 365 48 33 
0 5 71 634 704 701 602 365 48 33 
0 5 71 634 704 702 602 365 48 33 
0 5 71 634 704 703 602 365 48 33 
0 5 71 634 704 704 602 365 48 33 
