3 5 129 3456 3584 3456 584 384 68 43 
3 5 129 3456 3584 3457 584 384 68 43 
3 5 129 3456 3584 3458 584 384 68 43 
3 5 129 3456 3584 3459 584 384 68 43 
3 5 129 3456 3584 3460 584 384 68 43 
3 5 129 3456 3584 3461 584 384 68 43 
3 5 129 3456 3584 3462 584 384 68 43 
3 5 129 3456 3584 3463 584 384 68 43 
3 5 129 3456 3584 3464 584 384 68 43 
3 5 129 3456 3584 3465 584 384 68 43 
3 5 129 3456 3584 3466 584 384 68 43 
3 5 129 3456 3584 3467 584 384 68 43 
3 5 129 3456 3584 3468 584 384 68 43 
3 5 129 3456 3584 3469 584 384 68 43 
3 5 129 3456 3584 3470 584 384 68 43 
3 5 129 3456 3584 3471 584 384 68 43 
3 5 129 3456 3584 3472 584 384 68 43 
3 5 129 3456 3584 3473 584 384 68 43 
3 5 129 3456 3584 3474 584 384 68 43 
3 5 129 3456 3584 3475 584 384 68 43 
3 5 129 3456 3584 3476 584 384 68 43 
3 5 129 3456 3584 3477 584 384 68 43 
3 5 129 3456 3584 3478 584 384 68 43 
3 5 129 3456 3584 3479 584 384 68 43 
3 5 129 3456 3584 3480 584 384 68 43 
3 5 129 3456 3584 3481 584 384 68 43 
3 5 129 3456 3584 3482 584 384 68 43 
3 5 129 3456 3584 3483 584 384 68 43 
3 5 129 3456 3584 3484 584 384 68 43 
3 5 129 3456 3584 3485 584 384 68 43 
3 5 129 3456 3584 3486 584 384 68 43 
3 5 129 3456 3584 3487 584 384 68 43 
3 5 129 3456 3584 3488 584 384 68 43 
3 5 129 3456 3584 3489 584 384 68 43 
3 5 129 3456 3584 3490 584 384 68 43 
3 5 129 3456 3584 3491 584 384 68 43 
3 5 129 3456 3584 3492 584 384 68 43 
3 5 129 3456 3584 3493 584 384 68 43 
3 5 129 3456 3584 3494 584 384 68 43 
3 5 129 3456 3584 3495 584 384 68 43 
3 5 129 3456 3584 3496 584 384 68 43 
3 5 129 3456 3584 3497 584 384 68 43 
3 5 129 3456 3584 3498 584 384 68 43 
3 5 129 3456 3584 3499 584 384 68 43 
3 5 129 3456 3584 3500 584 384 68 43 
3 5 129 3456 3584 3501 584 384 68 43 
3 5 129 3456 3584 3502 584 384 68 43 
3 5 129 3456 3584 3503 584 384 68 43 
3 5 129 3456 3584 3504 584 384 68 43 
3 5 129 3456 3584 3505 584 384 68 43 
3 5 129 3456 3584 3506 584 384 68 43 
3 5 129 3456 3584 3507 584 384 68 43 
3 5 129 3456 3584 3508 584 384 68 43 
3 5 129 3456 3584 3509 584 384 68 43 
3 5 129 3456 3584 3510 584 384 68 43 
3 5 129 3456 3584 3511 584 384 68 43 
3 5 129 3456 3584 3512 584 384 68 43 
3 5 129 3456 3584 3513 584 384 68 43 
3 5 129 3456 3584 3514 584 384 68 43 
3 5 129 3456 3584 3515 584 384 68 43 
3 5 129 3456 3584 3516 584 384 68 43 
3 5 129 3456 3584 3517 584 384 68 43 
3 5 129 3456 3584 3518 584 384 68 43 
3 5 129 3456 3584 3519 584 384 68 43 
3 5 129 3456 3584 3520 584 384 68 43 
3 5 129 3456 3584 3521 584 384 68 43 
3 5 129 3456 3584 3522 584 384 68 43 
3 5 129 3456 3584 3523 584 384 68 43 
3 5 129 3456 3584 3524 584 384 68 43 
3 5 129 3456 3584 3525 584 384 68 43 
3 5 129 3456 3584 3526 584 384 68 43 
3 5 129 3456 3584 3527 584 384 68 43 
3 5 129 3456 3584 3528 584 384 68 43 
3 5 129 3456 3584 3529 584 384 68 43 
3 5 129 3456 3584 3530 584 384 68 43 
3 5 129 3456 3584 3531 584 384 68 43 
3 5 129 3456 3584 3532 584 384 68 43 
3 5 129 3456 3584 3533 584 384 68 43 
3 5 129 3456 3584 3534 584 384 68 43 
3 5 129 3456 3584 3535 584 384 68 43 
3 5 129 3456 3584 3536 584 384 68 43 
3 5 129 3456 3584 3537 584 384 68 43 
3 5 129 3456 3584 3538 584 384 68 43 
3 5 129 3456 3584 3539 584 384 68 43 
3 5 129 3456 3584 3540 584 384 68 43 
3 5 129 3456 3584 3541 584 384 68 43 
3 5 129 3456 3584 3542 584 384 68 43 
3 5 129 3456 3584 3543 584 384 68 43 
3 5 129 3456 3584 3544 584 384 68 43 
3 5 129 3456 3584 3545 584 384 68 43 
3 5 129 3456 3584 3546 584 384 68 43 
3 5 129 3456 3584 3547 584 384 68 43 
3 5 129 3456 3584 3548 584 384 68 43 
3 5 129 3456 3584 3549 584 384 68 43 
3 5 129 3456 3584 3550 584 384 68 43 
3 5 129 3456 3584 3551 584 384 68 43 
3 5 129 3456 3584 3552 584 384 68 43 
3 5 129 3456 3584 3553 584 384 68 43 
3 5 129 3456 3584 3554 584 384 68 43 
3 5 129 3456 3584 3555 584 384 68 43 
3 5 129 3456 3584 3556 584 384 68 43 
3 5 129 3456 3584 3557 584 384 68 43 
3 5 129 3456 3584 3558 584 384 68 43 
3 5 129 3456 3584 3559 584 384 68 43 
3 5 129 3456 3584 3560 584 384 68 43 
3 5 129 3456 3584 3561 584 384 68 43 
3 5 129 3456 3584 3562 584 384 68 43 
3 5 129 3456 3584 3563 584 384 68 43 
3 5 129 3456 3584 3564 584 384 68 43 
3 5 129 3456 3584 3565 584 384 68 43 
3 5 129 3456 3584 3566 584 384 68 43 
3 5 129 3456 3584 3567 584 384 68 43 
3 5 129 3456 3584 3568 584 384 68 43 
3 5 129 3456 3584 3569 584 384 68 43 
3 5 129 3456 3584 3570 584 384 68 43 
3 5 129 3456 3584 3571 584 384 68 43 
3 5 129 3456 3584 3572 584 384 68 43 
3 5 129 3456 3584 3573 584 384 68 43 
3 5 129 3456 3584 3574 584 384 68 43 
3 5 129 3456 3584 3575 584 384 68 43 
3 5 129 3456 3584 3576 584 384 68 43 
3 5 129 3456 3584 3577 584 384 68 43 
3 5 129 3456 3584 3578 584 384 68 43 
3 5 129 3456 3584 3579 584 384 68 43 
3 5 129 3456 3584 3580 584 384 68 43 
3 5 129 3456 3584 3581 584 384 68 43 
3 5 129 3456 3584 3582 584 384 68 43 
3 5 129 3456 3584 3583 584 384 68 43 
3 5 129 3456 3584 3584 584 384 68 43 
4 5 312 1538 1849 1538 237 350 79 70 
4 5 312 1538 1849 1539 237 350 79 70 
4 5 312 1538 1849 1540 237 350 79 70 
4 5 312 1538 1849 1541 237 350 79 70 
4 5 312 1538 1849 1542 237 350 79 70 
4 5 312 1538 1849 1543 237 350 79 70 
4 5 312 1538 1849 1544 237 350 79 70 
4 5 312 1538 1849 1545 237 350 79 70 
4 5 312 1538 1849 1546 237 350 79 70 
4 5 312 1538 1849 1547 237 350 79 70 
4 5 312 1538 1849 1548 237 350 79 70 
4 5 312 1538 1849 1549 237 350 79 70 
4 5 312 1538 1849 1550 237 350 79 70 
4 5 312 1538 1849 1551 237 350 79 70 
4 5 312 1538 1849 1552 237 350 79 70 
4 5 312 1538 1849 1553 237 350 79 70 
4 5 312 1538 1849 1554 237 350 79 70 
4 5 312 1538 1849 1555 237 350 79 70 
4 5 312 1538 1849 1556 237 350 79 70 
4 5 312 1538 1849 1557 237 350 79 70 
4 5 312 1538 1849 1558 237 350 79 70 
4 5 312 1538 1849 1559 237 350 79 70 
4 5 312 1538 1849 1560 237 350 79 70 
4 5 312 1538 1849 1561 237 350 79 70 
4 5 312 1538 1849 1562 237 350 79 70 
4 5 312 1538 1849 1563 237 350 79 70 
4 5 312 1538 1849 1564 237 350 79 70 
4 5 312 1538 1849 1565 237 350 79 70 
4 5 312 1538 1849 1566 237 350 79 70 
4 5 312 1538 1849 1567 237 350 79 70 
4 5 312 1538 1849 1568 237 350 79 70 
4 5 312 1538 1849 1569 237 350 79 70 
4 5 312 1538 1849 1570 237 350 79 70 
4 5 312 1538 1849 1571 237 350 79 70 
4 5 312 1538 1849 1572 237 350 79 70 
4 5 312 1538 1849 1573 237 350 79 70 
4 5 312 1538 1849 1574 237 350 79 70 
4 5 312 1538 1849 1575 237 350 79 70 
4 5 312 1538 1849 1576 237 350 79 70 
4 5 312 1538 1849 1577 237 350 79 70 
4 5 312 1538 1849 1578 237 350 79 70 
4 5 312 1538 1849 1579 237 350 79 70 
4 5 312 1538 1849 1580 237 350 79 70 
4 5 312 1538 1849 1581 237 350 79 70 
4 5 312 1538 1849 1582 237 350 79 70 
4 5 312 1538 1849 1583 237 350 79 70 
4 5 312 1538 1849 1584 237 350 79 70 
4 5 312 1538 1849 1585 237 350 79 70 
4 5 312 1538 1849 1586 237 350 79 70 
4 5 312 1538 1849 1587 237 350 79 70 
4 5 312 1538 1849 1588 237 350 79 70 
4 5 312 1538 1849 1589 237 350 79 70 
4 5 312 1538 1849 1590 237 350 79 70 
4 5 312 1538 1849 1591 237 350 79 70 
4 5 312 1538 1849 1592 237 350 79 70 
4 5 312 1538 1849 1593 237 350 79 70 
4 5 312 1538 1849 1594 237 350 79 70 
4 5 312 1538 1849 1595 237 350 79 70 
4 5 312 1538 1849 1596 237 350 79 70 
4 5 312 1538 1849 1597 237 350 79 70 
4 5 312 1538 1849 1598 237 350 79 70 
4 5 312 1538 1849 1599 237 350 79 70 
4 5 312 1538 1849 1600 237 350 79 70 
4 5 312 1538 1849 1601 237 350 79 70 
4 5 312 1538 1849 1602 237 350 79 70 
4 5 312 1538 1849 1603 237 350 79 70 
4 5 312 1538 1849 1604 237 350 79 70 
4 5 312 1538 1849 1605 237 350 79 70 
4 5 312 1538 1849 1606 237 350 79 70 
4 5 312 1538 1849 1607 237 350 79 70 
4 5 312 1538 1849 1608 237 350 79 70 
4 5 312 1538 1849 1609 237 350 79 70 
4 5 312 1538 1849 1610 237 350 79 70 
4 5 312 1538 1849 1611 237 350 79 70 
4 5 312 1538 1849 1612 237 350 79 70 
4 5 312 1538 1849 1613 237 350 79 70 
4 5 312 1538 1849 1614 237 350 79 70 
4 5 312 1538 1849 1615 237 350 79 70 
4 5 312 1538 1849 1616 237 350 79 70 
4 5 312 1538 1849 1617 237 350 79 70 
4 5 312 1538 1849 1618 237 350 79 70 
4 5 312 1538 1849 1619 237 350 79 70 
4 5 312 1538 1849 1620 237 350 79 70 
4 5 312 1538 1849 1621 237 350 79 70 
4 5 312 1538 1849 1622 237 350 79 70 
4 5 312 1538 1849 1623 237 350 79 70 
4 5 312 1538 1849 1624 237 350 79 70 
4 5 312 1538 1849 1625 237 350 79 70 
4 5 312 1538 1849 1626 237 350 79 70 
4 5 312 1538 1849 1627 237 350 79 70 
4 5 312 1538 1849 1628 237 350 79 70 
4 5 312 1538 1849 1629 237 350 79 70 
4 5 312 1538 1849 1630 237 350 79 70 
4 5 312 1538 1849 1631 237 350 79 70 
4 5 312 1538 1849 1632 237 350 79 70 
4 5 312 1538 1849 1633 237 350 79 70 
4 5 312 1538 1849 1634 237 350 79 70 
4 5 312 1538 1849 1635 237 350 79 70 
4 5 312 1538 1849 1636 237 350 79 70 
4 5 312 1538 1849 1637 237 350 79 70 
4 5 312 1538 1849 1638 237 350 79 70 
4 5 312 1538 1849 1639 237 350 79 70 
4 5 312 1538 1849 1640 237 350 79 70 
4 5 312 1538 1849 1641 237 350 79 70 
4 5 312 1538 1849 1642 237 350 79 70 
4 5 312 1538 1849 1643 237 350 79 70 
4 5 312 1538 1849 1644 237 350 79 70 
4 5 312 1538 1849 1645 237 350 79 70 
4 5 312 1538 1849 1646 237 350 79 70 
4 5 312 1538 1849 1647 237 350 79 70 
4 5 312 1538 1849 1648 237 350 79 70 
4 5 312 1538 1849 1649 237 350 79 70 
4 5 312 1538 1849 1650 237 350 79 70 
4 5 312 1538 1849 1651 237 350 79 70 
4 5 312 1538 1849 1652 237 350 79 70 
4 5 312 1538 1849 1653 237 350 79 70 
4 5 312 1538 1849 1654 237 350 79 70 
4 5 312 1538 1849 1655 237 350 79 70 
4 5 312 1538 1849 1656 237 350 79 70 
4 5 312 1538 1849 1657 237 350 79 70 
4 5 312 1538 1849 1658 237 350 79 70 
4 5 312 1538 1849 1659 237 350 79 70 
4 5 312 1538 1849 1660 237 350 79 70 
4 5 312 1538 1849 1661 237 350 79 70 
4 5 312 1538 1849 1662 237 350 79 70 
4 5 312 1538 1849 1663 237 350 79 70 
4 5 312 1538 1849 1664 237 350 79 70 
4 5 312 1538 1849 1665 237 350 79 70 
4 5 312 1538 1849 1666 237 350 79 70 
4 5 312 1538 1849 1667 237 350 79 70 
4 5 312 1538 1849 1668 237 350 79 70 
4 5 312 1538 1849 1669 237 350 79 70 
4 5 312 1538 1849 1670 237 350 79 70 
4 5 312 1538 1849 1671 237 350 79 70 
4 5 312 1538 1849 1672 237 350 79 70 
4 5 312 1538 1849 1673 237 350 79 70 
4 5 312 1538 1849 1674 237 350 79 70 
4 5 312 1538 1849 1675 237 350 79 70 
4 5 312 1538 1849 1676 237 350 79 70 
4 5 312 1538 1849 1677 237 350 79 70 
4 5 312 1538 1849 1678 237 350 79 70 
4 5 312 1538 1849 1679 237 350 79 70 
4 5 312 1538 1849 1680 237 350 79 70 
4 5 312 1538 1849 1681 237 350 79 70 
4 5 312 1538 1849 1682 237 350 79 70 
4 5 312 1538 1849 1683 237 350 79 70 
4 5 312 1538 1849 1684 237 350 79 70 
4 5 312 1538 1849 1685 237 350 79 70 
4 5 312 1538 1849 1686 237 350 79 70 
4 5 312 1538 1849 1687 237 350 79 70 
4 5 312 1538 1849 1688 237 350 79 70 
4 5 312 1538 1849 1689 237 350 79 70 
4 5 312 1538 1849 1690 237 350 79 70 
4 5 312 1538 1849 1691 237 350 79 70 
4 5 312 1538 1849 1692 237 350 79 70 
4 5 312 1538 1849 1693 237 350 79 70 
4 5 312 1538 1849 1694 237 350 79 70 
4 5 312 1538 1849 1695 237 350 79 70 
4 5 312 1538 1849 1696 237 350 79 70 
4 5 312 1538 1849 1697 237 350 79 70 
4 5 312 1538 1849 1698 237 350 79 70 
4 5 312 1538 1849 1699 237 350 79 70 
4 5 312 1538 1849 1700 237 350 79 70 
4 5 312 1538 1849 1701 237 350 79 70 
4 5 312 1538 1849 1702 237 350 79 70 
4 5 312 1538 1849 1703 237 350 79 70 
4 5 312 1538 1849 1704 237 350 79 70 
4 5 312 1538 1849 1705 237 350 79 70 
4 5 312 1538 1849 1706 237 350 79 70 
4 5 312 1538 1849 1707 237 350 79 70 
4 5 312 1538 1849 1708 237 350 79 70 
4 5 312 1538 1849 1709 237 350 79 70 
4 5 312 1538 1849 1710 237 350 79 70 
4 5 312 1538 1849 1711 237 350 79 70 
4 5 312 1538 1849 1712 237 350 79 70 
4 5 312 1538 1849 1713 237 350 79 70 
4 5 312 1538 1849 1714 237 350 79 70 
4 5 312 1538 1849 1715 237 350 79 70 
4 5 312 1538 1849 1716 237 350 79 70 
4 5 312 1538 1849 1717 237 350 79 70 
4 5 312 1538 1849 1718 237 350 79 70 
4 5 312 1538 1849 1719 237 350 79 70 
4 5 312 1538 1849 1720 237 350 79 70 
4 5 312 1538 1849 1721 237 350 79 70 
4 5 312 1538 1849 1722 237 350 79 70 
4 5 312 1538 1849 1723 237 350 79 70 
4 5 312 1538 1849 1724 237 350 79 70 
4 5 312 1538 1849 1725 237 350 79 70 
4 5 312 1538 1849 1726 237 350 79 70 
4 5 312 1538 1849 1727 237 350 79 70 
4 5 312 1538 1849 1728 237 350 79 70 
4 5 312 1538 1849 1729 237 350 79 70 
4 5 312 1538 1849 1730 237 350 79 70 
4 5 312 1538 1849 1731 237 350 79 70 
4 5 312 1538 1849 1732 237 350 79 70 
4 5 312 1538 1849 1733 237 350 79 70 
4 5 312 1538 1849 1734 237 350 79 70 
4 5 312 1538 1849 1735 237 350 79 70 
4 5 312 1538 1849 1736 237 350 79 70 
4 5 312 1538 1849 1737 237 350 79 70 
4 5 312 1538 1849 1738 237 350 79 70 
4 5 312 1538 1849 1739 237 350 79 70 
4 5 312 1538 1849 1740 237 350 79 70 
4 5 312 1538 1849 1741 237 350 79 70 
4 5 312 1538 1849 1742 237 350 79 70 
4 5 312 1538 1849 1743 237 350 79 70 
4 5 312 1538 1849 1744 237 350 79 70 
4 5 312 1538 1849 1745 237 350 79 70 
4 5 312 1538 1849 1746 237 350 79 70 
4 5 312 1538 1849 1747 237 350 79 70 
4 5 312 1538 1849 1748 237 350 79 70 
4 5 312 1538 1849 1749 237 350 79 70 
4 5 312 1538 1849 1750 237 350 79 70 
4 5 312 1538 1849 1751 237 350 79 70 
4 5 312 1538 1849 1752 237 350 79 70 
4 5 312 1538 1849 1753 237 350 79 70 
4 5 312 1538 1849 1754 237 350 79 70 
4 5 312 1538 1849 1755 237 350 79 70 
4 5 312 1538 1849 1756 237 350 79 70 
4 5 312 1538 1849 1757 237 350 79 70 
4 5 312 1538 1849 1758 237 350 79 70 
4 5 312 1538 1849 1759 237 350 79 70 
4 5 312 1538 1849 1760 237 350 79 70 
4 5 312 1538 1849 1761 237 350 79 70 
4 5 312 1538 1849 1762 237 350 79 70 
4 5 312 1538 1849 1763 237 350 79 70 
4 5 312 1538 1849 1764 237 350 79 70 
4 5 312 1538 1849 1765 237 350 79 70 
4 5 312 1538 1849 1766 237 350 79 70 
4 5 312 1538 1849 1767 237 350 79 70 
4 5 312 1538 1849 1768 237 350 79 70 
4 5 312 1538 1849 1769 237 350 79 70 
4 5 312 1538 1849 1770 237 350 79 70 
4 5 312 1538 1849 1771 237 350 79 70 
4 5 312 1538 1849 1772 237 350 79 70 
4 5 312 1538 1849 1773 237 350 79 70 
4 5 312 1538 1849 1774 237 350 79 70 
4 5 312 1538 1849 1775 237 350 79 70 
4 5 312 1538 1849 1776 237 350 79 70 
4 5 312 1538 1849 1777 237 350 79 70 
4 5 312 1538 1849 1778 237 350 79 70 
4 5 312 1538 1849 1779 237 350 79 70 
4 5 312 1538 1849 1780 237 350 79 70 
4 5 312 1538 1849 1781 237 350 79 70 
4 5 312 1538 1849 1782 237 350 79 70 
4 5 312 1538 1849 1783 237 350 79 70 
4 5 312 1538 1849 1784 237 350 79 70 
4 5 312 1538 1849 1785 237 350 79 70 
4 5 312 1538 1849 1786 237 350 79 70 
4 5 312 1538 1849 1787 237 350 79 70 
4 5 312 1538 1849 1788 237 350 79 70 
4 5 312 1538 1849 1789 237 350 79 70 
4 5 312 1538 1849 1790 237 350 79 70 
4 5 312 1538 1849 1791 237 350 79 70 
4 5 312 1538 1849 1792 237 350 79 70 
4 5 312 1538 1849 1793 237 350 79 70 
4 5 312 1538 1849 1794 237 350 79 70 
4 5 312 1538 1849 1795 237 350 79 70 
4 5 312 1538 1849 1796 237 350 79 70 
4 5 312 1538 1849 1797 237 350 79 70 
4 5 312 1538 1849 1798 237 350 79 70 
4 5 312 1538 1849 1799 237 350 79 70 
4 5 312 1538 1849 1800 237 350 79 70 
4 5 312 1538 1849 1801 237 350 79 70 
4 5 312 1538 1849 1802 237 350 79 70 
4 5 312 1538 1849 1803 237 350 79 70 
4 5 312 1538 1849 1804 237 350 79 70 
4 5 312 1538 1849 1805 237 350 79 70 
4 5 312 1538 1849 1806 237 350 79 70 
4 5 312 1538 1849 1807 237 350 79 70 
4 5 312 1538 1849 1808 237 350 79 70 
4 5 312 1538 1849 1809 237 350 79 70 
4 5 312 1538 1849 1810 237 350 79 70 
4 5 312 1538 1849 1811 237 350 79 70 
4 5 312 1538 1849 1812 237 350 79 70 
4 5 312 1538 1849 1813 237 350 79 70 
4 5 312 1538 1849 1814 237 350 79 70 
4 5 312 1538 1849 1815 237 350 79 70 
4 5 312 1538 1849 1816 237 350 79 70 
4 5 312 1538 1849 1817 237 350 79 70 
4 5 312 1538 1849 1818 237 350 79 70 
4 5 312 1538 1849 1819 237 350 79 70 
4 5 312 1538 1849 1820 237 350 79 70 
4 5 312 1538 1849 1821 237 350 79 70 
4 5 312 1538 1849 1822 237 350 79 70 
4 5 312 1538 1849 1823 237 350 79 70 
4 5 312 1538 1849 1824 237 350 79 70 
4 5 312 1538 1849 1825 237 350 79 70 
4 5 312 1538 1849 1826 237 350 79 70 
4 5 312 1538 1849 1827 237 350 79 70 
4 5 312 1538 1849 1828 237 350 79 70 
4 5 312 1538 1849 1829 237 350 79 70 
4 5 312 1538 1849 1830 237 350 79 70 
4 5 312 1538 1849 1831 237 350 79 70 
4 5 312 1538 1849 1832 237 350 79 70 
4 5 312 1538 1849 1833 237 350 79 70 
4 5 312 1538 1849 1834 237 350 79 70 
4 5 312 1538 1849 1835 237 350 79 70 
4 5 312 1538 1849 1836 237 350 79 70 
4 5 312 1538 1849 1837 237 350 79 70 
4 5 312 1538 1849 1838 237 350 79 70 
4 5 312 1538 1849 1839 237 350 79 70 
4 5 312 1538 1849 1840 237 350 79 70 
4 5 312 1538 1849 1841 237 350 79 70 
4 5 312 1538 1849 1842 237 350 79 70 
4 5 312 1538 1849 1843 237 350 79 70 
4 5 312 1538 1849 1844 237 350 79 70 
4 5 312 1538 1849 1845 237 350 79 70 
4 5 312 1538 1849 1846 237 350 79 70 
4 5 312 1538 1849 1847 237 350 79 70 
4 5 312 1538 1849 1848 237 350 79 70 
4 5 312 1538 1849 1849 237 350 79 70 
5 6 60 2451 2510 2451 252 350 73 62 
5 6 60 2451 2510 2452 252 350 73 62 
5 6 60 2451 2510 2453 252 350 73 62 
5 6 60 2451 2510 2454 252 350 73 62 
5 6 60 2451 2510 2455 252 350 73 62 
5 6 60 2451 2510 2456 252 350 73 62 
5 6 60 2451 2510 2457 252 350 73 62 
5 6 60 2451 2510 2458 252 350 73 62 
5 6 60 2451 2510 2459 252 350 73 62 
5 6 60 2451 2510 2460 252 350 73 62 
5 6 60 2451 2510 2461 252 350 73 62 
5 6 60 2451 2510 2462 252 350 73 62 
5 6 60 2451 2510 2463 252 350 73 62 
5 6 60 2451 2510 2464 252 350 73 62 
5 6 60 2451 2510 2465 252 350 73 62 
5 6 60 2451 2510 2466 252 350 73 62 
5 6 60 2451 2510 2467 252 350 73 62 
5 6 60 2451 2510 2468 252 350 73 62 
5 6 60 2451 2510 2469 252 350 73 62 
5 6 60 2451 2510 2470 252 350 73 62 
5 6 60 2451 2510 2471 252 350 73 62 
5 6 60 2451 2510 2472 252 350 73 62 
5 6 60 2451 2510 2473 252 350 73 62 
5 6 60 2451 2510 2474 252 350 73 62 
5 6 60 2451 2510 2475 252 350 73 62 
5 6 60 2451 2510 2476 252 350 73 62 
5 6 60 2451 2510 2477 252 350 73 62 
5 6 60 2451 2510 2478 252 350 73 62 
5 6 60 2451 2510 2479 252 350 73 62 
5 6 60 2451 2510 2480 252 350 73 62 
5 6 60 2451 2510 2481 252 350 73 62 
5 6 60 2451 2510 2482 252 350 73 62 
5 6 60 2451 2510 2483 252 350 73 62 
5 6 60 2451 2510 2484 252 350 73 62 
5 6 60 2451 2510 2485 252 350 73 62 
5 6 60 2451 2510 2486 252 350 73 62 
5 6 60 2451 2510 2487 252 350 73 62 
5 6 60 2451 2510 2488 252 350 73 62 
5 6 60 2451 2510 2489 252 350 73 62 
5 6 60 2451 2510 2490 252 350 73 62 
5 6 60 2451 2510 2491 252 350 73 62 
5 6 60 2451 2510 2492 252 350 73 62 
5 6 60 2451 2510 2493 252 350 73 62 
5 6 60 2451 2510 2494 252 350 73 62 
5 6 60 2451 2510 2495 252 350 73 62 
5 6 60 2451 2510 2496 252 350 73 62 
5 6 60 2451 2510 2497 252 350 73 62 
5 6 60 2451 2510 2498 252 350 73 62 
5 6 60 2451 2510 2499 252 350 73 62 
5 6 60 2451 2510 2500 252 350 73 62 
5 6 60 2451 2510 2501 252 350 73 62 
5 6 60 2451 2510 2502 252 350 73 62 
5 6 60 2451 2510 2503 252 350 73 62 
5 6 60 2451 2510 2504 252 350 73 62 
5 6 60 2451 2510 2505 252 350 73 62 
5 6 60 2451 2510 2506 252 350 73 62 
5 6 60 2451 2510 2507 252 350 73 62 
5 6 60 2451 2510 2508 252 350 73 62 
5 6 60 2451 2510 2509 252 350 73 62 
5 6 60 2451 2510 2510 252 350 73 62 
6 5 147 3210 3356 3210 244 352 79 65 
6 5 147 3210 3356 3211 244 352 79 65 
6 5 147 3210 3356 3212 244 352 79 65 
6 5 147 3210 3356 3213 244 352 79 65 
6 5 147 3210 3356 3214 244 352 79 65 
6 5 147 3210 3356 3215 244 352 79 65 
6 5 147 3210 3356 3216 244 352 79 65 
6 5 147 3210 3356 3217 244 352 79 65 
6 5 147 3210 3356 3218 244 352 79 65 
6 5 147 3210 3356 3219 244 352 79 65 
6 5 147 3210 3356 3220 244 352 79 65 
6 5 147 3210 3356 3221 244 352 79 65 
6 5 147 3210 3356 3222 244 352 79 65 
6 5 147 3210 3356 3223 244 352 79 65 
6 5 147 3210 3356 3224 244 352 79 65 
6 5 147 3210 3356 3225 244 352 79 65 
6 5 147 3210 3356 3226 244 352 79 65 
6 5 147 3210 3356 3227 244 352 79 65 
6 5 147 3210 3356 3228 244 352 79 65 
6 5 147 3210 3356 3229 244 352 79 65 
6 5 147 3210 3356 3230 244 352 79 65 
6 5 147 3210 3356 3231 244 352 79 65 
6 5 147 3210 3356 3232 244 352 79 65 
6 5 147 3210 3356 3233 244 352 79 65 
6 5 147 3210 3356 3234 244 352 79 65 
6 5 147 3210 3356 3235 244 352 79 65 
6 5 147 3210 3356 3236 244 352 79 65 
6 5 147 3210 3356 3237 244 352 79 65 
6 5 147 3210 3356 3238 244 352 79 65 
6 5 147 3210 3356 3239 244 352 79 65 
6 5 147 3210 3356 3240 244 352 79 65 
6 5 147 3210 3356 3241 244 352 79 65 
6 5 147 3210 3356 3242 244 352 79 65 
6 5 147 3210 3356 3243 244 352 79 65 
6 5 147 3210 3356 3244 244 352 79 65 
6 5 147 3210 3356 3245 244 352 79 65 
6 5 147 3210 3356 3246 244 352 79 65 
6 5 147 3210 3356 3247 244 352 79 65 
6 5 147 3210 3356 3248 244 352 79 65 
6 5 147 3210 3356 3249 244 352 79 65 
6 5 147 3210 3356 3250 244 352 79 65 
6 5 147 3210 3356 3251 244 352 79 65 
6 5 147 3210 3356 3252 244 352 79 65 
6 5 147 3210 3356 3253 244 352 79 65 
6 5 147 3210 3356 3254 244 352 79 65 
6 5 147 3210 3356 3255 244 352 79 65 
6 5 147 3210 3356 3256 244 352 79 65 
6 5 147 3210 3356 3257 244 352 79 65 
6 5 147 3210 3356 3258 244 352 79 65 
6 5 147 3210 3356 3259 244 352 79 65 
6 5 147 3210 3356 3260 244 352 79 65 
6 5 147 3210 3356 3261 244 352 79 65 
6 5 147 3210 3356 3262 244 352 79 65 
6 5 147 3210 3356 3263 244 352 79 65 
6 5 147 3210 3356 3264 244 352 79 65 
6 5 147 3210 3356 3265 244 352 79 65 
6 5 147 3210 3356 3266 244 352 79 65 
6 5 147 3210 3356 3267 244 352 79 65 
6 5 147 3210 3356 3268 244 352 79 65 
6 5 147 3210 3356 3269 244 352 79 65 
6 5 147 3210 3356 3270 244 352 79 65 
6 5 147 3210 3356 3271 244 352 79 65 
6 5 147 3210 3356 3272 244 352 79 65 
6 5 147 3210 3356 3273 244 352 79 65 
6 5 147 3210 3356 3274 244 352 79 65 
6 5 147 3210 3356 3275 244 352 79 65 
6 5 147 3210 3356 3276 244 352 79 65 
6 5 147 3210 3356 3277 244 352 79 65 
6 5 147 3210 3356 3278 244 352 79 65 
6 5 147 3210 3356 3279 244 352 79 65 
6 5 147 3210 3356 3280 244 352 79 65 
6 5 147 3210 3356 3281 244 352 79 65 
6 5 147 3210 3356 3282 244 352 79 65 
6 5 147 3210 3356 3283 244 352 79 65 
6 5 147 3210 3356 3284 244 352 79 65 
6 5 147 3210 3356 3285 244 352 79 65 
6 5 147 3210 3356 3286 244 352 79 65 
6 5 147 3210 3356 3287 244 352 79 65 
6 5 147 3210 3356 3288 244 352 79 65 
6 5 147 3210 3356 3289 244 352 79 65 
6 5 147 3210 3356 3290 244 352 79 65 
6 5 147 3210 3356 3291 244 352 79 65 
6 5 147 3210 3356 3292 244 352 79 65 
6 5 147 3210 3356 3293 244 352 79 65 
6 5 147 3210 3356 3294 244 352 79 65 
6 5 147 3210 3356 3295 244 352 79 65 
6 5 147 3210 3356 3296 244 352 79 65 
6 5 147 3210 3356 3297 244 352 79 65 
6 5 147 3210 3356 3298 244 352 79 65 
6 5 147 3210 3356 3299 244 352 79 65 
6 5 147 3210 3356 3300 244 352 79 65 
6 5 147 3210 3356 3301 244 352 79 65 
6 5 147 3210 3356 3302 244 352 79 65 
6 5 147 3210 3356 3303 244 352 79 65 
6 5 147 3210 3356 3304 244 352 79 65 
6 5 147 3210 3356 3305 244 352 79 65 
6 5 147 3210 3356 3306 244 352 79 65 
6 5 147 3210 3356 3307 244 352 79 65 
6 5 147 3210 3356 3308 244 352 79 65 
6 5 147 3210 3356 3309 244 352 79 65 
6 5 147 3210 3356 3310 244 352 79 65 
6 5 147 3210 3356 3311 244 352 79 65 
6 5 147 3210 3356 3312 244 352 79 65 
6 5 147 3210 3356 3313 244 352 79 65 
6 5 147 3210 3356 3314 244 352 79 65 
6 5 147 3210 3356 3315 244 352 79 65 
6 5 147 3210 3356 3316 244 352 79 65 
6 5 147 3210 3356 3317 244 352 79 65 
6 5 147 3210 3356 3318 244 352 79 65 
6 5 147 3210 3356 3319 244 352 79 65 
6 5 147 3210 3356 3320 244 352 79 65 
6 5 147 3210 3356 3321 244 352 79 65 
6 5 147 3210 3356 3322 244 352 79 65 
6 5 147 3210 3356 3323 244 352 79 65 
6 5 147 3210 3356 3324 244 352 79 65 
6 5 147 3210 3356 3325 244 352 79 65 
6 5 147 3210 3356 3326 244 352 79 65 
6 5 147 3210 3356 3327 244 352 79 65 
6 5 147 3210 3356 3328 244 352 79 65 
6 5 147 3210 3356 3329 244 352 79 65 
6 5 147 3210 3356 3330 244 352 79 65 
6 5 147 3210 3356 3331 244 352 79 65 
6 5 147 3210 3356 3332 244 352 79 65 
6 5 147 3210 3356 3333 244 352 79 65 
6 5 147 3210 3356 3334 244 352 79 65 
6 5 147 3210 3356 3335 244 352 79 65 
6 5 147 3210 3356 3336 244 352 79 65 
6 5 147 3210 3356 3337 244 352 79 65 
6 5 147 3210 3356 3338 244 352 79 65 
6 5 147 3210 3356 3339 244 352 79 65 
6 5 147 3210 3356 3340 244 352 79 65 
6 5 147 3210 3356 3341 244 352 79 65 
6 5 147 3210 3356 3342 244 352 79 65 
6 5 147 3210 3356 3343 244 352 79 65 
6 5 147 3210 3356 3344 244 352 79 65 
6 5 147 3210 3356 3345 244 352 79 65 
6 5 147 3210 3356 3346 244 352 79 65 
6 5 147 3210 3356 3347 244 352 79 65 
6 5 147 3210 3356 3348 244 352 79 65 
6 5 147 3210 3356 3349 244 352 79 65 
6 5 147 3210 3356 3350 244 352 79 65 
6 5 147 3210 3356 3351 244 352 79 65 
6 5 147 3210 3356 3352 244 352 79 65 
6 5 147 3210 3356 3353 244 352 79 65 
6 5 147 3210 3356 3354 244 352 79 65 
6 5 147 3210 3356 3355 244 352 79 65 
6 5 147 3210 3356 3356 244 352 79 65 
