0 5 60 596 655 596 531 400 56 67 
0 5 60 596 655 597 531 400 56 67 
0 5 60 596 655 598 531 400 56 67 
0 5 60 596 655 599 531 400 56 67 
0 5 60 596 655 600 531 400 56 67 
0 5 60 596 655 601 531 400 56 67 
0 5 60 596 655 602 531 400 56 67 
0 5 60 596 655 603 531 400 56 67 
0 5 60 596 655 604 531 400 56 67 
0 5 60 596 655 605 531 400 56 67 
0 5 60 596 655 606 531 400 56 67 
0 5 60 596 655 607 531 400 56 67 
0 5 60 596 655 608 531 400 56 67 
0 5 60 596 655 609 531 400 56 67 
0 5 60 596 655 610 531 400 56 67 
0 5 60 596 655 611 531 400 56 67 
0 5 60 596 655 612 531 400 56 67 
0 5 60 596 655 613 531 400 56 67 
0 5 60 596 655 614 531 400 56 67 
0 5 60 596 655 615 531 400 56 67 
0 5 60 596 655 616 531 400 56 67 
0 5 60 596 655 617 531 400 56 67 
0 5 60 596 655 618 531 400 56 67 
0 5 60 596 655 619 531 400 56 67 
0 5 60 596 655 620 531 400 56 67 
0 5 60 596 655 621 531 400 56 67 
0 5 60 596 655 622 531 400 56 67 
0 5 60 596 655 623 531 400 56 67 
0 5 60 596 655 624 531 400 56 67 
0 5 60 596 655 625 531 400 56 67 
0 5 60 596 655 626 531 400 56 67 
0 5 60 596 655 627 531 400 56 67 
0 5 60 596 655 628 531 400 56 67 
0 5 60 596 655 629 531 400 56 67 
0 5 60 596 655 630 531 400 56 67 
0 5 60 596 655 631 531 400 56 67 
0 5 60 596 655 632 531 400 56 67 
0 5 60 596 655 633 531 400 56 67 
0 5 60 596 655 634 531 400 56 67 
0 5 60 596 655 635 531 400 56 67 
0 5 60 596 655 636 531 400 56 67 
0 5 60 596 655 637 531 400 56 67 
0 5 60 596 655 638 531 400 56 67 
0 5 60 596 655 639 531 400 56 67 
0 5 60 596 655 640 531 400 56 67 
0 5 60 596 655 641 531 400 56 67 
0 5 60 596 655 642 531 400 56 67 
0 5 60 596 655 643 531 400 56 67 
0 5 60 596 655 644 531 400 56 67 
0 5 60 596 655 645 531 400 56 67 
0 5 60 596 655 646 531 400 56 67 
0 5 60 596 655 647 531 400 56 67 
0 5 60 596 655 648 531 400 56 67 
0 5 60 596 655 649 531 400 56 67 
0 5 60 596 655 650 531 400 56 67 
0 5 60 596 655 651 531 400 56 67 
0 5 60 596 655 652 531 400 56 67 
0 5 60 596 655 653 531 400 56 67 
0 5 60 596 655 654 531 400 56 67 
0 5 60 596 655 655 531 400 56 67 
