0 5 156 555 710 555 678 368 57 43 
0 5 156 555 710 556 678 368 57 43 
0 5 156 555 710 557 678 368 57 43 
0 5 156 555 710 558 678 368 57 43 
0 5 156 555 710 559 678 368 57 43 
0 5 156 555 710 560 678 368 57 43 
0 5 156 555 710 561 678 368 57 43 
0 5 156 555 710 562 678 368 57 43 
0 5 156 555 710 563 678 368 57 43 
0 5 156 555 710 564 678 368 57 43 
0 5 156 555 710 565 678 368 57 43 
0 5 156 555 710 566 678 368 57 43 
0 5 156 555 710 567 678 368 57 43 
0 5 156 555 710 568 678 368 57 43 
0 5 156 555 710 569 678 368 57 43 
0 5 156 555 710 570 678 368 57 43 
0 5 156 555 710 571 678 368 57 43 
0 5 156 555 710 572 678 368 57 43 
0 5 156 555 710 573 678 368 57 43 
0 5 156 555 710 574 678 368 57 43 
0 5 156 555 710 575 678 368 57 43 
0 5 156 555 710 576 678 368 57 43 
0 5 156 555 710 577 678 368 57 43 
0 5 156 555 710 578 678 368 57 43 
0 5 156 555 710 579 678 368 57 43 
0 5 156 555 710 580 678 368 57 43 
0 5 156 555 710 581 678 368 57 43 
0 5 156 555 710 582 678 368 57 43 
0 5 156 555 710 583 678 368 57 43 
0 5 156 555 710 584 678 368 57 43 
0 5 156 555 710 585 678 368 57 43 
0 5 156 555 710 586 678 368 57 43 
0 5 156 555 710 587 678 368 57 43 
0 5 156 555 710 588 678 368 57 43 
0 5 156 555 710 589 678 368 57 43 
0 5 156 555 710 590 678 368 57 43 
0 5 156 555 710 591 678 368 57 43 
0 5 156 555 710 592 678 368 57 43 
0 5 156 555 710 593 678 368 57 43 
0 5 156 555 710 594 678 368 57 43 
0 5 156 555 710 595 678 368 57 43 
0 5 156 555 710 596 678 368 57 43 
0 5 156 555 710 597 678 368 57 43 
0 5 156 555 710 598 678 368 57 43 
0 5 156 555 710 599 678 368 57 43 
0 5 156 555 710 600 678 368 57 43 
0 5 156 555 710 601 678 368 57 43 
0 5 156 555 710 602 678 368 57 43 
0 5 156 555 710 603 678 368 57 43 
0 5 156 555 710 604 678 368 57 43 
0 5 156 555 710 605 678 368 57 43 
0 5 156 555 710 606 678 368 57 43 
0 5 156 555 710 607 678 368 57 43 
0 5 156 555 710 608 678 368 57 43 
0 5 156 555 710 609 678 368 57 43 
0 5 156 555 710 610 678 368 57 43 
0 5 156 555 710 611 678 368 57 43 
0 5 156 555 710 612 678 368 57 43 
0 5 156 555 710 613 678 368 57 43 
0 5 156 555 710 614 678 368 57 43 
0 5 156 555 710 615 678 368 57 43 
0 5 156 555 710 616 678 368 57 43 
0 5 156 555 710 617 678 368 57 43 
0 5 156 555 710 618 678 368 57 43 
0 5 156 555 710 619 678 368 57 43 
0 5 156 555 710 620 678 368 57 43 
0 5 156 555 710 621 678 368 57 43 
0 5 156 555 710 622 678 368 57 43 
0 5 156 555 710 623 678 368 57 43 
0 5 156 555 710 624 678 368 57 43 
0 5 156 555 710 625 678 368 57 43 
0 5 156 555 710 626 678 368 57 43 
0 5 156 555 710 627 678 368 57 43 
0 5 156 555 710 628 678 368 57 43 
0 5 156 555 710 629 678 368 57 43 
0 5 156 555 710 630 678 368 57 43 
0 5 156 555 710 631 678 368 57 43 
0 5 156 555 710 632 678 368 57 43 
0 5 156 555 710 633 678 368 57 43 
0 5 156 555 710 634 678 368 57 43 
0 5 156 555 710 635 678 368 57 43 
0 5 156 555 710 636 678 368 57 43 
0 5 156 555 710 637 678 368 57 43 
0 5 156 555 710 638 678 368 57 43 
0 5 156 555 710 639 678 368 57 43 
0 5 156 555 710 640 678 368 57 43 
0 5 156 555 710 641 678 368 57 43 
0 5 156 555 710 642 678 368 57 43 
0 5 156 555 710 643 678 368 57 43 
0 5 156 555 710 644 678 368 57 43 
0 5 156 555 710 645 678 368 57 43 
0 5 156 555 710 646 678 368 57 43 
0 5 156 555 710 647 678 368 57 43 
0 5 156 555 710 648 678 368 57 43 
0 5 156 555 710 649 678 368 57 43 
0 5 156 555 710 650 678 368 57 43 
0 5 156 555 710 651 678 368 57 43 
0 5 156 555 710 652 678 368 57 43 
0 5 156 555 710 653 678 368 57 43 
0 5 156 555 710 654 678 368 57 43 
0 5 156 555 710 655 678 368 57 43 
0 5 156 555 710 656 678 368 57 43 
0 5 156 555 710 657 678 368 57 43 
0 5 156 555 710 658 678 368 57 43 
0 5 156 555 710 659 678 368 57 43 
0 5 156 555 710 660 678 368 57 43 
0 5 156 555 710 661 678 368 57 43 
0 5 156 555 710 662 678 368 57 43 
0 5 156 555 710 663 678 368 57 43 
0 5 156 555 710 664 678 368 57 43 
0 5 156 555 710 665 678 368 57 43 
0 5 156 555 710 666 678 368 57 43 
0 5 156 555 710 667 678 368 57 43 
0 5 156 555 710 668 678 368 57 43 
0 5 156 555 710 669 678 368 57 43 
0 5 156 555 710 670 678 368 57 43 
0 5 156 555 710 671 678 368 57 43 
0 5 156 555 710 672 678 368 57 43 
0 5 156 555 710 673 678 368 57 43 
0 5 156 555 710 674 678 368 57 43 
0 5 156 555 710 675 678 368 57 43 
0 5 156 555 710 676 678 368 57 43 
0 5 156 555 710 677 678 368 57 43 
0 5 156 555 710 678 678 368 57 43 
0 5 156 555 710 679 678 368 57 43 
0 5 156 555 710 680 678 368 57 43 
0 5 156 555 710 681 678 368 57 43 
0 5 156 555 710 682 678 368 57 43 
0 5 156 555 710 683 678 368 57 43 
0 5 156 555 710 684 678 368 57 43 
0 5 156 555 710 685 678 368 57 43 
0 5 156 555 710 686 678 368 57 43 
0 5 156 555 710 687 678 368 57 43 
0 5 156 555 710 688 678 368 57 43 
0 5 156 555 710 689 678 368 57 43 
0 5 156 555 710 690 678 368 57 43 
0 5 156 555 710 691 678 368 57 43 
0 5 156 555 710 692 678 368 57 43 
0 5 156 555 710 693 678 368 57 43 
0 5 156 555 710 694 678 368 57 43 
0 5 156 555 710 695 678 368 57 43 
0 5 156 555 710 696 678 368 57 43 
0 5 156 555 710 697 678 368 57 43 
0 5 156 555 710 698 678 368 57 43 
0 5 156 555 710 699 678 368 57 43 
0 5 156 555 710 700 678 368 57 43 
0 5 156 555 710 701 678 368 57 43 
0 5 156 555 710 702 678 368 57 43 
0 5 156 555 710 703 678 368 57 43 
0 5 156 555 710 704 678 368 57 43 
0 5 156 555 710 705 678 368 57 43 
0 5 156 555 710 706 678 368 57 43 
0 5 156 555 710 707 678 368 57 43 
0 5 156 555 710 708 678 368 57 43 
0 5 156 555 710 709 678 368 57 43 
0 5 156 555 710 710 678 368 57 43 
1 6 167 2836 3002 2836 714 264 41 25 
1 6 167 2836 3002 2837 714 264 41 25 
1 6 167 2836 3002 2838 714 264 41 25 
1 6 167 2836 3002 2839 714 264 41 25 
1 6 167 2836 3002 2840 714 264 41 25 
1 6 167 2836 3002 2841 714 264 41 25 
1 6 167 2836 3002 2842 714 264 41 25 
1 6 167 2836 3002 2843 714 264 41 25 
1 6 167 2836 3002 2844 714 264 41 25 
1 6 167 2836 3002 2845 714 264 41 25 
1 6 167 2836 3002 2846 714 264 41 25 
1 6 167 2836 3002 2847 714 264 41 25 
1 6 167 2836 3002 2848 714 264 41 25 
1 6 167 2836 3002 2849 714 264 41 25 
1 6 167 2836 3002 2850 714 264 41 25 
1 6 167 2836 3002 2851 714 264 41 25 
1 6 167 2836 3002 2852 714 264 41 25 
1 6 167 2836 3002 2853 714 264 41 25 
1 6 167 2836 3002 2854 714 264 41 25 
1 6 167 2836 3002 2855 714 264 41 25 
1 6 167 2836 3002 2856 714 264 41 25 
1 6 167 2836 3002 2857 714 264 41 25 
1 6 167 2836 3002 2858 714 264 41 25 
1 6 167 2836 3002 2859 714 264 41 25 
1 6 167 2836 3002 2860 714 264 41 25 
1 6 167 2836 3002 2861 714 264 41 25 
1 6 167 2836 3002 2862 714 264 41 25 
1 6 167 2836 3002 2863 714 264 41 25 
1 6 167 2836 3002 2864 714 264 41 25 
1 6 167 2836 3002 2865 714 264 41 25 
1 6 167 2836 3002 2866 714 264 41 25 
1 6 167 2836 3002 2867 714 264 41 25 
1 6 167 2836 3002 2868 714 264 41 25 
1 6 167 2836 3002 2869 714 264 41 25 
1 6 167 2836 3002 2870 714 264 41 25 
1 6 167 2836 3002 2871 714 264 41 25 
1 6 167 2836 3002 2872 714 264 41 25 
1 6 167 2836 3002 2873 714 264 41 25 
1 6 167 2836 3002 2874 714 264 41 25 
1 6 167 2836 3002 2875 714 264 41 25 
1 6 167 2836 3002 2876 714 264 41 25 
1 6 167 2836 3002 2877 714 264 41 25 
1 6 167 2836 3002 2878 714 264 41 25 
1 6 167 2836 3002 2879 714 264 41 25 
1 6 167 2836 3002 2880 714 264 41 25 
1 6 167 2836 3002 2881 714 264 41 25 
1 6 167 2836 3002 2882 714 264 41 25 
1 6 167 2836 3002 2883 714 264 41 25 
1 6 167 2836 3002 2884 714 264 41 25 
1 6 167 2836 3002 2885 714 264 41 25 
1 6 167 2836 3002 2886 714 264 41 25 
1 6 167 2836 3002 2887 714 264 41 25 
1 6 167 2836 3002 2888 714 264 41 25 
1 6 167 2836 3002 2889 714 264 41 25 
1 6 167 2836 3002 2890 714 264 41 25 
1 6 167 2836 3002 2891 714 264 41 25 
1 6 167 2836 3002 2892 714 264 41 25 
1 6 167 2836 3002 2893 714 264 41 25 
1 6 167 2836 3002 2894 714 264 41 25 
1 6 167 2836 3002 2895 714 264 41 25 
1 6 167 2836 3002 2896 714 264 41 25 
1 6 167 2836 3002 2897 714 264 41 25 
1 6 167 2836 3002 2898 714 264 41 25 
1 6 167 2836 3002 2899 714 264 41 25 
1 6 167 2836 3002 2900 714 264 41 25 
1 6 167 2836 3002 2901 714 264 41 25 
1 6 167 2836 3002 2902 714 264 41 25 
1 6 167 2836 3002 2903 714 264 41 25 
1 6 167 2836 3002 2904 714 264 41 25 
1 6 167 2836 3002 2905 714 264 41 25 
1 6 167 2836 3002 2906 714 264 41 25 
1 6 167 2836 3002 2907 714 264 41 25 
1 6 167 2836 3002 2908 714 264 41 25 
1 6 167 2836 3002 2909 714 264 41 25 
1 6 167 2836 3002 2910 714 264 41 25 
1 6 167 2836 3002 2911 714 264 41 25 
1 6 167 2836 3002 2912 714 264 41 25 
1 6 167 2836 3002 2913 714 264 41 25 
1 6 167 2836 3002 2914 714 264 41 25 
1 6 167 2836 3002 2915 714 264 41 25 
1 6 167 2836 3002 2916 714 264 41 25 
1 6 167 2836 3002 2917 714 264 41 25 
1 6 167 2836 3002 2918 714 264 41 25 
1 6 167 2836 3002 2919 714 264 41 25 
1 6 167 2836 3002 2920 714 264 41 25 
1 6 167 2836 3002 2921 714 264 41 25 
1 6 167 2836 3002 2922 714 264 41 25 
1 6 167 2836 3002 2923 714 264 41 25 
1 6 167 2836 3002 2924 714 264 41 25 
1 6 167 2836 3002 2925 714 264 41 25 
1 6 167 2836 3002 2926 714 264 41 25 
1 6 167 2836 3002 2927 714 264 41 25 
1 6 167 2836 3002 2928 714 264 41 25 
1 6 167 2836 3002 2929 714 264 41 25 
1 6 167 2836 3002 2930 714 264 41 25 
1 6 167 2836 3002 2931 714 264 41 25 
1 6 167 2836 3002 2932 714 264 41 25 
1 6 167 2836 3002 2933 714 264 41 25 
1 6 167 2836 3002 2934 714 264 41 25 
1 6 167 2836 3002 2935 714 264 41 25 
1 6 167 2836 3002 2936 714 264 41 25 
1 6 167 2836 3002 2937 714 264 41 25 
1 6 167 2836 3002 2938 714 264 41 25 
1 6 167 2836 3002 2939 714 264 41 25 
1 6 167 2836 3002 2940 714 264 41 25 
1 6 167 2836 3002 2941 714 264 41 25 
1 6 167 2836 3002 2942 714 264 41 25 
1 6 167 2836 3002 2943 714 264 41 25 
1 6 167 2836 3002 2944 714 264 41 25 
1 6 167 2836 3002 2945 714 264 41 25 
1 6 167 2836 3002 2946 714 264 41 25 
1 6 167 2836 3002 2947 714 264 41 25 
1 6 167 2836 3002 2948 714 264 41 25 
1 6 167 2836 3002 2949 714 264 41 25 
1 6 167 2836 3002 2950 714 264 41 25 
1 6 167 2836 3002 2951 714 264 41 25 
1 6 167 2836 3002 2952 714 264 41 25 
1 6 167 2836 3002 2953 714 264 41 25 
1 6 167 2836 3002 2954 714 264 41 25 
1 6 167 2836 3002 2955 714 264 41 25 
1 6 167 2836 3002 2956 714 264 41 25 
1 6 167 2836 3002 2957 714 264 41 25 
1 6 167 2836 3002 2958 714 264 41 25 
1 6 167 2836 3002 2959 714 264 41 25 
1 6 167 2836 3002 2960 714 264 41 25 
1 6 167 2836 3002 2961 714 264 41 25 
1 6 167 2836 3002 2962 714 264 41 25 
1 6 167 2836 3002 2963 714 264 41 25 
1 6 167 2836 3002 2964 714 264 41 25 
1 6 167 2836 3002 2965 714 264 41 25 
1 6 167 2836 3002 2966 714 264 41 25 
1 6 167 2836 3002 2967 714 264 41 25 
1 6 167 2836 3002 2968 714 264 41 25 
1 6 167 2836 3002 2969 714 264 41 25 
1 6 167 2836 3002 2970 714 264 41 25 
1 6 167 2836 3002 2971 714 264 41 25 
1 6 167 2836 3002 2972 714 264 41 25 
1 6 167 2836 3002 2973 714 264 41 25 
1 6 167 2836 3002 2974 714 264 41 25 
1 6 167 2836 3002 2975 714 264 41 25 
1 6 167 2836 3002 2976 714 264 41 25 
1 6 167 2836 3002 2977 714 264 41 25 
1 6 167 2836 3002 2978 714 264 41 25 
1 6 167 2836 3002 2979 714 264 41 25 
1 6 167 2836 3002 2980 714 264 41 25 
1 6 167 2836 3002 2981 714 264 41 25 
1 6 167 2836 3002 2982 714 264 41 25 
1 6 167 2836 3002 2983 714 264 41 25 
1 6 167 2836 3002 2984 714 264 41 25 
1 6 167 2836 3002 2985 714 264 41 25 
1 6 167 2836 3002 2986 714 264 41 25 
1 6 167 2836 3002 2987 714 264 41 25 
1 6 167 2836 3002 2988 714 264 41 25 
1 6 167 2836 3002 2989 714 264 41 25 
1 6 167 2836 3002 2990 714 264 41 25 
1 6 167 2836 3002 2991 714 264 41 25 
1 6 167 2836 3002 2992 714 264 41 25 
1 6 167 2836 3002 2993 714 264 41 25 
1 6 167 2836 3002 2994 714 264 41 25 
1 6 167 2836 3002 2995 714 264 41 25 
1 6 167 2836 3002 2996 714 264 41 25 
1 6 167 2836 3002 2997 714 264 41 25 
1 6 167 2836 3002 2998 714 264 41 25 
1 6 167 2836 3002 2999 714 264 41 25 
1 6 167 2836 3002 3000 714 264 41 25 
1 6 167 2836 3002 3001 714 264 41 25 
1 6 167 2836 3002 3002 714 264 41 25 
