1 5 165 549 713 549 1007 350 68 58 
1 5 165 549 713 550 1007 350 68 58 
1 5 165 549 713 551 1007 350 68 58 
1 5 165 549 713 552 1007 350 68 58 
1 5 165 549 713 553 1007 350 68 58 
1 5 165 549 713 554 1007 350 68 58 
1 5 165 549 713 555 1007 350 68 58 
1 5 165 549 713 556 1007 350 68 58 
1 5 165 549 713 557 1007 350 68 58 
1 5 165 549 713 558 1007 350 68 58 
1 5 165 549 713 559 1007 350 68 58 
1 5 165 549 713 560 1007 350 68 58 
1 5 165 549 713 561 1007 350 68 58 
1 5 165 549 713 562 1007 350 68 58 
1 5 165 549 713 563 1007 350 68 58 
1 5 165 549 713 564 1007 350 68 58 
1 5 165 549 713 565 1007 350 68 58 
1 5 165 549 713 566 1007 350 68 58 
1 5 165 549 713 567 1007 350 68 58 
1 5 165 549 713 568 1007 350 68 58 
1 5 165 549 713 569 1007 350 68 58 
1 5 165 549 713 570 1007 350 68 58 
1 5 165 549 713 571 1007 350 68 58 
1 5 165 549 713 572 1007 350 68 58 
1 5 165 549 713 573 1007 350 68 58 
1 5 165 549 713 574 1007 350 68 58 
1 5 165 549 713 575 1007 350 68 58 
1 5 165 549 713 576 1007 350 68 58 
1 5 165 549 713 577 1007 350 68 58 
1 5 165 549 713 578 1007 350 68 58 
1 5 165 549 713 579 1007 350 68 58 
1 5 165 549 713 580 1007 350 68 58 
1 5 165 549 713 581 1007 350 68 58 
1 5 165 549 713 582 1007 350 68 58 
1 5 165 549 713 583 1007 350 68 58 
1 5 165 549 713 584 1007 350 68 58 
1 5 165 549 713 585 1007 350 68 58 
1 5 165 549 713 586 1007 350 68 58 
1 5 165 549 713 587 1007 350 68 58 
1 5 165 549 713 588 1007 350 68 58 
1 5 165 549 713 589 1007 350 68 58 
1 5 165 549 713 590 1007 350 68 58 
1 5 165 549 713 591 1007 350 68 58 
1 5 165 549 713 592 1007 350 68 58 
1 5 165 549 713 593 1007 350 68 58 
1 5 165 549 713 594 1007 350 68 58 
1 5 165 549 713 595 1007 350 68 58 
1 5 165 549 713 596 1007 350 68 58 
1 5 165 549 713 597 1007 350 68 58 
1 5 165 549 713 598 1007 350 68 58 
1 5 165 549 713 599 1007 350 68 58 
1 5 165 549 713 600 1007 350 68 58 
1 5 165 549 713 601 1007 350 68 58 
1 5 165 549 713 602 1007 350 68 58 
1 5 165 549 713 603 1007 350 68 58 
1 5 165 549 713 604 1007 350 68 58 
1 5 165 549 713 605 1007 350 68 58 
1 5 165 549 713 606 1007 350 68 58 
1 5 165 549 713 607 1007 350 68 58 
1 5 165 549 713 608 1007 350 68 58 
1 5 165 549 713 609 1007 350 68 58 
1 5 165 549 713 610 1007 350 68 58 
1 5 165 549 713 611 1007 350 68 58 
1 5 165 549 713 612 1007 350 68 58 
1 5 165 549 713 613 1007 350 68 58 
1 5 165 549 713 614 1007 350 68 58 
1 5 165 549 713 615 1007 350 68 58 
1 5 165 549 713 616 1007 350 68 58 
1 5 165 549 713 617 1007 350 68 58 
1 5 165 549 713 618 1007 350 68 58 
1 5 165 549 713 619 1007 350 68 58 
1 5 165 549 713 620 1007 350 68 58 
1 5 165 549 713 621 1007 350 68 58 
1 5 165 549 713 622 1007 350 68 58 
1 5 165 549 713 623 1007 350 68 58 
1 5 165 549 713 624 1007 350 68 58 
1 5 165 549 713 625 1007 350 68 58 
1 5 165 549 713 626 1007 350 68 58 
1 5 165 549 713 627 1007 350 68 58 
1 5 165 549 713 628 1007 350 68 58 
1 5 165 549 713 629 1007 350 68 58 
1 5 165 549 713 630 1007 350 68 58 
1 5 165 549 713 631 1007 350 68 58 
1 5 165 549 713 632 1007 350 68 58 
1 5 165 549 713 633 1007 350 68 58 
1 5 165 549 713 634 1007 350 68 58 
1 5 165 549 713 635 1007 350 68 58 
1 5 165 549 713 636 1007 350 68 58 
1 5 165 549 713 637 1007 350 68 58 
1 5 165 549 713 638 1007 350 68 58 
1 5 165 549 713 639 1007 350 68 58 
1 5 165 549 713 640 1007 350 68 58 
1 5 165 549 713 641 1007 350 68 58 
1 5 165 549 713 642 1007 350 68 58 
1 5 165 549 713 643 1007 350 68 58 
1 5 165 549 713 644 1007 350 68 58 
1 5 165 549 713 645 1007 350 68 58 
1 5 165 549 713 646 1007 350 68 58 
1 5 165 549 713 647 1007 350 68 58 
1 5 165 549 713 648 1007 350 68 58 
1 5 165 549 713 649 1007 350 68 58 
1 5 165 549 713 650 1007 350 68 58 
1 5 165 549 713 651 1007 350 68 58 
1 5 165 549 713 652 1007 350 68 58 
1 5 165 549 713 653 1007 350 68 58 
1 5 165 549 713 654 1007 350 68 58 
1 5 165 549 713 655 1007 350 68 58 
1 5 165 549 713 656 1007 350 68 58 
1 5 165 549 713 657 1007 350 68 58 
1 5 165 549 713 658 1007 350 68 58 
1 5 165 549 713 659 1007 350 68 58 
1 5 165 549 713 660 1007 350 68 58 
1 5 165 549 713 661 1007 350 68 58 
1 5 165 549 713 662 1007 350 68 58 
1 5 165 549 713 663 1007 350 68 58 
1 5 165 549 713 664 1007 350 68 58 
1 5 165 549 713 665 1007 350 68 58 
1 5 165 549 713 666 1007 350 68 58 
1 5 165 549 713 667 1007 350 68 58 
1 5 165 549 713 668 1007 350 68 58 
1 5 165 549 713 669 1007 350 68 58 
1 5 165 549 713 670 1007 350 68 58 
1 5 165 549 713 671 1007 350 68 58 
1 5 165 549 713 672 1007 350 68 58 
1 5 165 549 713 673 1007 350 68 58 
1 5 165 549 713 674 1007 350 68 58 
1 5 165 549 713 675 1007 350 68 58 
1 5 165 549 713 676 1007 350 68 58 
1 5 165 549 713 677 1007 350 68 58 
1 5 165 549 713 678 1007 350 68 58 
1 5 165 549 713 679 1007 350 68 58 
1 5 165 549 713 680 1007 350 68 58 
1 5 165 549 713 681 1007 350 68 58 
1 5 165 549 713 682 1007 350 68 58 
1 5 165 549 713 683 1007 350 68 58 
1 5 165 549 713 684 1007 350 68 58 
1 5 165 549 713 685 1007 350 68 58 
1 5 165 549 713 686 1007 350 68 58 
1 5 165 549 713 687 1007 350 68 58 
1 5 165 549 713 688 1007 350 68 58 
1 5 165 549 713 689 1007 350 68 58 
1 5 165 549 713 690 1007 350 68 58 
1 5 165 549 713 691 1007 350 68 58 
1 5 165 549 713 692 1007 350 68 58 
1 5 165 549 713 693 1007 350 68 58 
1 5 165 549 713 694 1007 350 68 58 
1 5 165 549 713 695 1007 350 68 58 
1 5 165 549 713 696 1007 350 68 58 
1 5 165 549 713 697 1007 350 68 58 
1 5 165 549 713 698 1007 350 68 58 
1 5 165 549 713 699 1007 350 68 58 
1 5 165 549 713 700 1007 350 68 58 
1 5 165 549 713 701 1007 350 68 58 
1 5 165 549 713 702 1007 350 68 58 
1 5 165 549 713 703 1007 350 68 58 
1 5 165 549 713 704 1007 350 68 58 
1 5 165 549 713 705 1007 350 68 58 
1 5 165 549 713 706 1007 350 68 58 
1 5 165 549 713 707 1007 350 68 58 
1 5 165 549 713 708 1007 350 68 58 
1 5 165 549 713 709 1007 350 68 58 
1 5 165 549 713 710 1007 350 68 58 
1 5 165 549 713 711 1007 350 68 58 
1 5 165 549 713 712 1007 350 68 58 
1 5 165 549 713 713 1007 350 68 58 
2 5 145 677 821 677 960 345 66 37 
2 5 145 677 821 678 960 345 66 37 
2 5 145 677 821 679 960 345 66 37 
2 5 145 677 821 680 960 345 66 37 
2 5 145 677 821 681 960 345 66 37 
2 5 145 677 821 682 960 345 66 37 
2 5 145 677 821 683 960 345 66 37 
2 5 145 677 821 684 960 345 66 37 
2 5 145 677 821 685 960 345 66 37 
2 5 145 677 821 686 960 345 66 37 
2 5 145 677 821 687 960 345 66 37 
2 5 145 677 821 688 960 345 66 37 
2 5 145 677 821 689 960 345 66 37 
2 5 145 677 821 690 960 345 66 37 
2 5 145 677 821 691 960 345 66 37 
2 5 145 677 821 692 960 345 66 37 
2 5 145 677 821 693 960 345 66 37 
2 5 145 677 821 694 960 345 66 37 
2 5 145 677 821 695 960 345 66 37 
2 5 145 677 821 696 960 345 66 37 
2 5 145 677 821 697 960 345 66 37 
2 5 145 677 821 698 960 345 66 37 
2 5 145 677 821 699 960 345 66 37 
2 5 145 677 821 700 960 345 66 37 
2 5 145 677 821 701 960 345 66 37 
2 5 145 677 821 702 960 345 66 37 
2 5 145 677 821 703 960 345 66 37 
2 5 145 677 821 704 960 345 66 37 
2 5 145 677 821 705 960 345 66 37 
2 5 145 677 821 706 960 345 66 37 
2 5 145 677 821 707 960 345 66 37 
2 5 145 677 821 708 960 345 66 37 
2 5 145 677 821 709 960 345 66 37 
2 5 145 677 821 710 960 345 66 37 
2 5 145 677 821 711 960 345 66 37 
2 5 145 677 821 712 960 345 66 37 
2 5 145 677 821 713 960 345 66 37 
2 5 145 677 821 714 960 345 66 37 
2 5 145 677 821 715 960 345 66 37 
2 5 145 677 821 716 960 345 66 37 
2 5 145 677 821 717 960 345 66 37 
2 5 145 677 821 718 960 345 66 37 
2 5 145 677 821 719 960 345 66 37 
2 5 145 677 821 720 960 345 66 37 
2 5 145 677 821 721 960 345 66 37 
2 5 145 677 821 722 960 345 66 37 
2 5 145 677 821 723 960 345 66 37 
2 5 145 677 821 724 960 345 66 37 
2 5 145 677 821 725 960 345 66 37 
2 5 145 677 821 726 960 345 66 37 
2 5 145 677 821 727 960 345 66 37 
2 5 145 677 821 728 960 345 66 37 
2 5 145 677 821 729 960 345 66 37 
2 5 145 677 821 730 960 345 66 37 
2 5 145 677 821 731 960 345 66 37 
2 5 145 677 821 732 960 345 66 37 
2 5 145 677 821 733 960 345 66 37 
2 5 145 677 821 734 960 345 66 37 
2 5 145 677 821 735 960 345 66 37 
2 5 145 677 821 736 960 345 66 37 
2 5 145 677 821 737 960 345 66 37 
2 5 145 677 821 738 960 345 66 37 
2 5 145 677 821 739 960 345 66 37 
2 5 145 677 821 740 960 345 66 37 
2 5 145 677 821 741 960 345 66 37 
2 5 145 677 821 742 960 345 66 37 
2 5 145 677 821 743 960 345 66 37 
2 5 145 677 821 744 960 345 66 37 
2 5 145 677 821 745 960 345 66 37 
2 5 145 677 821 746 960 345 66 37 
2 5 145 677 821 747 960 345 66 37 
2 5 145 677 821 748 960 345 66 37 
2 5 145 677 821 749 960 345 66 37 
2 5 145 677 821 750 960 345 66 37 
2 5 145 677 821 751 960 345 66 37 
2 5 145 677 821 752 960 345 66 37 
2 5 145 677 821 753 960 345 66 37 
2 5 145 677 821 754 960 345 66 37 
2 5 145 677 821 755 960 345 66 37 
2 5 145 677 821 756 960 345 66 37 
2 5 145 677 821 757 960 345 66 37 
2 5 145 677 821 758 960 345 66 37 
2 5 145 677 821 759 960 345 66 37 
2 5 145 677 821 760 960 345 66 37 
2 5 145 677 821 761 960 345 66 37 
2 5 145 677 821 762 960 345 66 37 
2 5 145 677 821 763 960 345 66 37 
2 5 145 677 821 764 960 345 66 37 
2 5 145 677 821 765 960 345 66 37 
2 5 145 677 821 766 960 345 66 37 
2 5 145 677 821 767 960 345 66 37 
2 5 145 677 821 768 960 345 66 37 
2 5 145 677 821 769 960 345 66 37 
2 5 145 677 821 770 960 345 66 37 
2 5 145 677 821 771 960 345 66 37 
2 5 145 677 821 772 960 345 66 37 
2 5 145 677 821 773 960 345 66 37 
2 5 145 677 821 774 960 345 66 37 
2 5 145 677 821 775 960 345 66 37 
2 5 145 677 821 776 960 345 66 37 
2 5 145 677 821 777 960 345 66 37 
2 5 145 677 821 778 960 345 66 37 
2 5 145 677 821 779 960 345 66 37 
2 5 145 677 821 780 960 345 66 37 
2 5 145 677 821 781 960 345 66 37 
2 5 145 677 821 782 960 345 66 37 
2 5 145 677 821 783 960 345 66 37 
2 5 145 677 821 784 960 345 66 37 
2 5 145 677 821 785 960 345 66 37 
2 5 145 677 821 786 960 345 66 37 
2 5 145 677 821 787 960 345 66 37 
2 5 145 677 821 788 960 345 66 37 
2 5 145 677 821 789 960 345 66 37 
2 5 145 677 821 790 960 345 66 37 
2 5 145 677 821 791 960 345 66 37 
2 5 145 677 821 792 960 345 66 37 
2 5 145 677 821 793 960 345 66 37 
2 5 145 677 821 794 960 345 66 37 
2 5 145 677 821 795 960 345 66 37 
2 5 145 677 821 796 960 345 66 37 
2 5 145 677 821 797 960 345 66 37 
2 5 145 677 821 798 960 345 66 37 
2 5 145 677 821 799 960 345 66 37 
2 5 145 677 821 800 960 345 66 37 
2 5 145 677 821 801 960 345 66 37 
2 5 145 677 821 802 960 345 66 37 
2 5 145 677 821 803 960 345 66 37 
2 5 145 677 821 804 960 345 66 37 
2 5 145 677 821 805 960 345 66 37 
2 5 145 677 821 806 960 345 66 37 
2 5 145 677 821 807 960 345 66 37 
2 5 145 677 821 808 960 345 66 37 
2 5 145 677 821 809 960 345 66 37 
2 5 145 677 821 810 960 345 66 37 
2 5 145 677 821 811 960 345 66 37 
2 5 145 677 821 812 960 345 66 37 
2 5 145 677 821 813 960 345 66 37 
2 5 145 677 821 814 960 345 66 37 
2 5 145 677 821 815 960 345 66 37 
2 5 145 677 821 816 960 345 66 37 
2 5 145 677 821 817 960 345 66 37 
2 5 145 677 821 818 960 345 66 37 
2 5 145 677 821 819 960 345 66 37 
2 5 145 677 821 820 960 345 66 37 
2 5 145 677 821 821 960 345 66 37 
