1 6 147 546 692 546 428 398 59 34 
1 6 147 546 692 547 428 398 59 34 
1 6 147 546 692 548 428 398 59 34 
1 6 147 546 692 549 428 398 59 34 
1 6 147 546 692 550 428 398 59 34 
1 6 147 546 692 551 428 398 59 34 
1 6 147 546 692 552 428 398 59 34 
1 6 147 546 692 553 428 398 59 34 
1 6 147 546 692 554 428 398 59 34 
1 6 147 546 692 555 428 398 59 34 
1 6 147 546 692 556 428 398 59 34 
1 6 147 546 692 557 428 398 59 34 
1 6 147 546 692 558 428 398 59 34 
1 6 147 546 692 559 428 398 59 34 
1 6 147 546 692 560 428 398 59 34 
1 6 147 546 692 561 428 398 59 34 
1 6 147 546 692 562 428 398 59 34 
1 6 147 546 692 563 428 398 59 34 
1 6 147 546 692 564 428 398 59 34 
1 6 147 546 692 565 428 398 59 34 
1 6 147 546 692 566 428 398 59 34 
1 6 147 546 692 567 428 398 59 34 
1 6 147 546 692 568 428 398 59 34 
1 6 147 546 692 569 428 398 59 34 
1 6 147 546 692 570 428 398 59 34 
1 6 147 546 692 571 428 398 59 34 
1 6 147 546 692 572 428 398 59 34 
1 6 147 546 692 573 428 398 59 34 
1 6 147 546 692 574 428 398 59 34 
1 6 147 546 692 575 428 398 59 34 
1 6 147 546 692 576 428 398 59 34 
1 6 147 546 692 577 428 398 59 34 
1 6 147 546 692 578 428 398 59 34 
1 6 147 546 692 579 428 398 59 34 
1 6 147 546 692 580 428 398 59 34 
1 6 147 546 692 581 428 398 59 34 
1 6 147 546 692 582 428 398 59 34 
1 6 147 546 692 583 428 398 59 34 
1 6 147 546 692 584 428 398 59 34 
1 6 147 546 692 585 428 398 59 34 
1 6 147 546 692 586 428 398 59 34 
1 6 147 546 692 587 428 398 59 34 
1 6 147 546 692 588 428 398 59 34 
1 6 147 546 692 589 428 398 59 34 
1 6 147 546 692 590 428 398 59 34 
1 6 147 546 692 591 428 398 59 34 
1 6 147 546 692 592 428 398 59 34 
1 6 147 546 692 593 428 398 59 34 
1 6 147 546 692 594 428 398 59 34 
1 6 147 546 692 595 428 398 59 34 
1 6 147 546 692 596 428 398 59 34 
1 6 147 546 692 597 428 398 59 34 
1 6 147 546 692 598 428 398 59 34 
1 6 147 546 692 599 428 398 59 34 
1 6 147 546 692 600 428 398 59 34 
1 6 147 546 692 601 428 398 59 34 
1 6 147 546 692 602 428 398 59 34 
1 6 147 546 692 603 428 398 59 34 
1 6 147 546 692 604 428 398 59 34 
1 6 147 546 692 605 428 398 59 34 
1 6 147 546 692 606 428 398 59 34 
1 6 147 546 692 607 428 398 59 34 
1 6 147 546 692 608 428 398 59 34 
1 6 147 546 692 609 428 398 59 34 
1 6 147 546 692 610 428 398 59 34 
1 6 147 546 692 611 428 398 59 34 
1 6 147 546 692 612 428 398 59 34 
1 6 147 546 692 613 428 398 59 34 
1 6 147 546 692 614 428 398 59 34 
1 6 147 546 692 615 428 398 59 34 
1 6 147 546 692 616 428 398 59 34 
1 6 147 546 692 617 428 398 59 34 
1 6 147 546 692 618 428 398 59 34 
1 6 147 546 692 619 428 398 59 34 
1 6 147 546 692 620 428 398 59 34 
1 6 147 546 692 621 428 398 59 34 
1 6 147 546 692 622 428 398 59 34 
1 6 147 546 692 623 428 398 59 34 
1 6 147 546 692 624 428 398 59 34 
1 6 147 546 692 625 428 398 59 34 
1 6 147 546 692 626 428 398 59 34 
1 6 147 546 692 627 428 398 59 34 
1 6 147 546 692 628 428 398 59 34 
1 6 147 546 692 629 428 398 59 34 
1 6 147 546 692 630 428 398 59 34 
1 6 147 546 692 631 428 398 59 34 
1 6 147 546 692 632 428 398 59 34 
1 6 147 546 692 633 428 398 59 34 
1 6 147 546 692 634 428 398 59 34 
1 6 147 546 692 635 428 398 59 34 
1 6 147 546 692 636 428 398 59 34 
1 6 147 546 692 637 428 398 59 34 
1 6 147 546 692 638 428 398 59 34 
1 6 147 546 692 639 428 398 59 34 
1 6 147 546 692 640 428 398 59 34 
1 6 147 546 692 641 428 398 59 34 
1 6 147 546 692 642 428 398 59 34 
1 6 147 546 692 643 428 398 59 34 
1 6 147 546 692 644 428 398 59 34 
1 6 147 546 692 645 428 398 59 34 
1 6 147 546 692 646 428 398 59 34 
1 6 147 546 692 647 428 398 59 34 
1 6 147 546 692 648 428 398 59 34 
1 6 147 546 692 649 428 398 59 34 
1 6 147 546 692 650 428 398 59 34 
1 6 147 546 692 651 428 398 59 34 
1 6 147 546 692 652 428 398 59 34 
1 6 147 546 692 653 428 398 59 34 
1 6 147 546 692 654 428 398 59 34 
1 6 147 546 692 655 428 398 59 34 
1 6 147 546 692 656 428 398 59 34 
1 6 147 546 692 657 428 398 59 34 
1 6 147 546 692 658 428 398 59 34 
1 6 147 546 692 659 428 398 59 34 
1 6 147 546 692 660 428 398 59 34 
1 6 147 546 692 661 428 398 59 34 
1 6 147 546 692 662 428 398 59 34 
1 6 147 546 692 663 428 398 59 34 
1 6 147 546 692 664 428 398 59 34 
1 6 147 546 692 665 428 398 59 34 
1 6 147 546 692 666 428 398 59 34 
1 6 147 546 692 667 428 398 59 34 
1 6 147 546 692 668 428 398 59 34 
1 6 147 546 692 669 428 398 59 34 
1 6 147 546 692 670 428 398 59 34 
1 6 147 546 692 671 428 398 59 34 
1 6 147 546 692 672 428 398 59 34 
1 6 147 546 692 673 428 398 59 34 
1 6 147 546 692 674 428 398 59 34 
1 6 147 546 692 675 428 398 59 34 
1 6 147 546 692 676 428 398 59 34 
1 6 147 546 692 677 428 398 59 34 
1 6 147 546 692 678 428 398 59 34 
1 6 147 546 692 679 428 398 59 34 
1 6 147 546 692 680 428 398 59 34 
1 6 147 546 692 681 428 398 59 34 
1 6 147 546 692 682 428 398 59 34 
1 6 147 546 692 683 428 398 59 34 
1 6 147 546 692 684 428 398 59 34 
1 6 147 546 692 685 428 398 59 34 
1 6 147 546 692 686 428 398 59 34 
1 6 147 546 692 687 428 398 59 34 
1 6 147 546 692 688 428 398 59 34 
1 6 147 546 692 689 428 398 59 34 
1 6 147 546 692 690 428 398 59 34 
1 6 147 546 692 691 428 398 59 34 
1 6 147 546 692 692 428 398 59 34 
2 6 227 2623 2849 2623 1044 296 51 45 
2 6 227 2623 2849 2624 1044 296 51 45 
2 6 227 2623 2849 2625 1044 296 51 45 
2 6 227 2623 2849 2626 1044 296 51 45 
2 6 227 2623 2849 2627 1044 296 51 45 
2 6 227 2623 2849 2628 1044 296 51 45 
2 6 227 2623 2849 2629 1044 296 51 45 
2 6 227 2623 2849 2630 1044 296 51 45 
2 6 227 2623 2849 2631 1044 296 51 45 
2 6 227 2623 2849 2632 1044 296 51 45 
2 6 227 2623 2849 2633 1044 296 51 45 
2 6 227 2623 2849 2634 1044 296 51 45 
2 6 227 2623 2849 2635 1044 296 51 45 
2 6 227 2623 2849 2636 1044 296 51 45 
2 6 227 2623 2849 2637 1044 296 51 45 
2 6 227 2623 2849 2638 1044 296 51 45 
2 6 227 2623 2849 2639 1044 296 51 45 
2 6 227 2623 2849 2640 1044 296 51 45 
2 6 227 2623 2849 2641 1044 296 51 45 
2 6 227 2623 2849 2642 1044 296 51 45 
2 6 227 2623 2849 2643 1044 296 51 45 
2 6 227 2623 2849 2644 1044 296 51 45 
2 6 227 2623 2849 2645 1044 296 51 45 
2 6 227 2623 2849 2646 1044 296 51 45 
2 6 227 2623 2849 2647 1044 296 51 45 
2 6 227 2623 2849 2648 1044 296 51 45 
2 6 227 2623 2849 2649 1044 296 51 45 
2 6 227 2623 2849 2650 1044 296 51 45 
2 6 227 2623 2849 2651 1044 296 51 45 
2 6 227 2623 2849 2652 1044 296 51 45 
2 6 227 2623 2849 2653 1044 296 51 45 
2 6 227 2623 2849 2654 1044 296 51 45 
2 6 227 2623 2849 2655 1044 296 51 45 
2 6 227 2623 2849 2656 1044 296 51 45 
2 6 227 2623 2849 2657 1044 296 51 45 
2 6 227 2623 2849 2658 1044 296 51 45 
2 6 227 2623 2849 2659 1044 296 51 45 
2 6 227 2623 2849 2660 1044 296 51 45 
2 6 227 2623 2849 2661 1044 296 51 45 
2 6 227 2623 2849 2662 1044 296 51 45 
2 6 227 2623 2849 2663 1044 296 51 45 
2 6 227 2623 2849 2664 1044 296 51 45 
2 6 227 2623 2849 2665 1044 296 51 45 
2 6 227 2623 2849 2666 1044 296 51 45 
2 6 227 2623 2849 2667 1044 296 51 45 
2 6 227 2623 2849 2668 1044 296 51 45 
2 6 227 2623 2849 2669 1044 296 51 45 
2 6 227 2623 2849 2670 1044 296 51 45 
2 6 227 2623 2849 2671 1044 296 51 45 
2 6 227 2623 2849 2672 1044 296 51 45 
2 6 227 2623 2849 2673 1044 296 51 45 
2 6 227 2623 2849 2674 1044 296 51 45 
2 6 227 2623 2849 2675 1044 296 51 45 
2 6 227 2623 2849 2676 1044 296 51 45 
2 6 227 2623 2849 2677 1044 296 51 45 
2 6 227 2623 2849 2678 1044 296 51 45 
2 6 227 2623 2849 2679 1044 296 51 45 
2 6 227 2623 2849 2680 1044 296 51 45 
2 6 227 2623 2849 2681 1044 296 51 45 
2 6 227 2623 2849 2682 1044 296 51 45 
2 6 227 2623 2849 2683 1044 296 51 45 
2 6 227 2623 2849 2684 1044 296 51 45 
2 6 227 2623 2849 2685 1044 296 51 45 
2 6 227 2623 2849 2686 1044 296 51 45 
2 6 227 2623 2849 2687 1044 296 51 45 
2 6 227 2623 2849 2688 1044 296 51 45 
2 6 227 2623 2849 2689 1044 296 51 45 
2 6 227 2623 2849 2690 1044 296 51 45 
2 6 227 2623 2849 2691 1044 296 51 45 
2 6 227 2623 2849 2692 1044 296 51 45 
2 6 227 2623 2849 2693 1044 296 51 45 
2 6 227 2623 2849 2694 1044 296 51 45 
2 6 227 2623 2849 2695 1044 296 51 45 
2 6 227 2623 2849 2696 1044 296 51 45 
2 6 227 2623 2849 2697 1044 296 51 45 
2 6 227 2623 2849 2698 1044 296 51 45 
2 6 227 2623 2849 2699 1044 296 51 45 
2 6 227 2623 2849 2700 1044 296 51 45 
2 6 227 2623 2849 2701 1044 296 51 45 
2 6 227 2623 2849 2702 1044 296 51 45 
2 6 227 2623 2849 2703 1044 296 51 45 
2 6 227 2623 2849 2704 1044 296 51 45 
2 6 227 2623 2849 2705 1044 296 51 45 
2 6 227 2623 2849 2706 1044 296 51 45 
2 6 227 2623 2849 2707 1044 296 51 45 
2 6 227 2623 2849 2708 1044 296 51 45 
2 6 227 2623 2849 2709 1044 296 51 45 
2 6 227 2623 2849 2710 1044 296 51 45 
2 6 227 2623 2849 2711 1044 296 51 45 
2 6 227 2623 2849 2712 1044 296 51 45 
2 6 227 2623 2849 2713 1044 296 51 45 
2 6 227 2623 2849 2714 1044 296 51 45 
2 6 227 2623 2849 2715 1044 296 51 45 
2 6 227 2623 2849 2716 1044 296 51 45 
2 6 227 2623 2849 2717 1044 296 51 45 
2 6 227 2623 2849 2718 1044 296 51 45 
2 6 227 2623 2849 2719 1044 296 51 45 
2 6 227 2623 2849 2720 1044 296 51 45 
2 6 227 2623 2849 2721 1044 296 51 45 
2 6 227 2623 2849 2722 1044 296 51 45 
2 6 227 2623 2849 2723 1044 296 51 45 
2 6 227 2623 2849 2724 1044 296 51 45 
2 6 227 2623 2849 2725 1044 296 51 45 
2 6 227 2623 2849 2726 1044 296 51 45 
2 6 227 2623 2849 2727 1044 296 51 45 
2 6 227 2623 2849 2728 1044 296 51 45 
2 6 227 2623 2849 2729 1044 296 51 45 
2 6 227 2623 2849 2730 1044 296 51 45 
2 6 227 2623 2849 2731 1044 296 51 45 
2 6 227 2623 2849 2732 1044 296 51 45 
2 6 227 2623 2849 2733 1044 296 51 45 
2 6 227 2623 2849 2734 1044 296 51 45 
2 6 227 2623 2849 2735 1044 296 51 45 
2 6 227 2623 2849 2736 1044 296 51 45 
2 6 227 2623 2849 2737 1044 296 51 45 
2 6 227 2623 2849 2738 1044 296 51 45 
2 6 227 2623 2849 2739 1044 296 51 45 
2 6 227 2623 2849 2740 1044 296 51 45 
2 6 227 2623 2849 2741 1044 296 51 45 
2 6 227 2623 2849 2742 1044 296 51 45 
2 6 227 2623 2849 2743 1044 296 51 45 
2 6 227 2623 2849 2744 1044 296 51 45 
2 6 227 2623 2849 2745 1044 296 51 45 
2 6 227 2623 2849 2746 1044 296 51 45 
2 6 227 2623 2849 2747 1044 296 51 45 
2 6 227 2623 2849 2748 1044 296 51 45 
2 6 227 2623 2849 2749 1044 296 51 45 
2 6 227 2623 2849 2750 1044 296 51 45 
2 6 227 2623 2849 2751 1044 296 51 45 
2 6 227 2623 2849 2752 1044 296 51 45 
2 6 227 2623 2849 2753 1044 296 51 45 
2 6 227 2623 2849 2754 1044 296 51 45 
2 6 227 2623 2849 2755 1044 296 51 45 
2 6 227 2623 2849 2756 1044 296 51 45 
2 6 227 2623 2849 2757 1044 296 51 45 
2 6 227 2623 2849 2758 1044 296 51 45 
2 6 227 2623 2849 2759 1044 296 51 45 
2 6 227 2623 2849 2760 1044 296 51 45 
2 6 227 2623 2849 2761 1044 296 51 45 
2 6 227 2623 2849 2762 1044 296 51 45 
2 6 227 2623 2849 2763 1044 296 51 45 
2 6 227 2623 2849 2764 1044 296 51 45 
2 6 227 2623 2849 2765 1044 296 51 45 
2 6 227 2623 2849 2766 1044 296 51 45 
2 6 227 2623 2849 2767 1044 296 51 45 
2 6 227 2623 2849 2768 1044 296 51 45 
2 6 227 2623 2849 2769 1044 296 51 45 
2 6 227 2623 2849 2770 1044 296 51 45 
2 6 227 2623 2849 2771 1044 296 51 45 
2 6 227 2623 2849 2772 1044 296 51 45 
2 6 227 2623 2849 2773 1044 296 51 45 
2 6 227 2623 2849 2774 1044 296 51 45 
2 6 227 2623 2849 2775 1044 296 51 45 
2 6 227 2623 2849 2776 1044 296 51 45 
2 6 227 2623 2849 2777 1044 296 51 45 
2 6 227 2623 2849 2778 1044 296 51 45 
2 6 227 2623 2849 2779 1044 296 51 45 
2 6 227 2623 2849 2780 1044 296 51 45 
2 6 227 2623 2849 2781 1044 296 51 45 
2 6 227 2623 2849 2782 1044 296 51 45 
2 6 227 2623 2849 2783 1044 296 51 45 
2 6 227 2623 2849 2784 1044 296 51 45 
2 6 227 2623 2849 2785 1044 296 51 45 
2 6 227 2623 2849 2786 1044 296 51 45 
2 6 227 2623 2849 2787 1044 296 51 45 
2 6 227 2623 2849 2788 1044 296 51 45 
2 6 227 2623 2849 2789 1044 296 51 45 
2 6 227 2623 2849 2790 1044 296 51 45 
2 6 227 2623 2849 2791 1044 296 51 45 
2 6 227 2623 2849 2792 1044 296 51 45 
2 6 227 2623 2849 2793 1044 296 51 45 
2 6 227 2623 2849 2794 1044 296 51 45 
2 6 227 2623 2849 2795 1044 296 51 45 
2 6 227 2623 2849 2796 1044 296 51 45 
2 6 227 2623 2849 2797 1044 296 51 45 
2 6 227 2623 2849 2798 1044 296 51 45 
2 6 227 2623 2849 2799 1044 296 51 45 
2 6 227 2623 2849 2800 1044 296 51 45 
2 6 227 2623 2849 2801 1044 296 51 45 
2 6 227 2623 2849 2802 1044 296 51 45 
2 6 227 2623 2849 2803 1044 296 51 45 
2 6 227 2623 2849 2804 1044 296 51 45 
2 6 227 2623 2849 2805 1044 296 51 45 
2 6 227 2623 2849 2806 1044 296 51 45 
2 6 227 2623 2849 2807 1044 296 51 45 
2 6 227 2623 2849 2808 1044 296 51 45 
2 6 227 2623 2849 2809 1044 296 51 45 
2 6 227 2623 2849 2810 1044 296 51 45 
2 6 227 2623 2849 2811 1044 296 51 45 
2 6 227 2623 2849 2812 1044 296 51 45 
2 6 227 2623 2849 2813 1044 296 51 45 
2 6 227 2623 2849 2814 1044 296 51 45 
2 6 227 2623 2849 2815 1044 296 51 45 
2 6 227 2623 2849 2816 1044 296 51 45 
2 6 227 2623 2849 2817 1044 296 51 45 
2 6 227 2623 2849 2818 1044 296 51 45 
2 6 227 2623 2849 2819 1044 296 51 45 
2 6 227 2623 2849 2820 1044 296 51 45 
2 6 227 2623 2849 2821 1044 296 51 45 
2 6 227 2623 2849 2822 1044 296 51 45 
2 6 227 2623 2849 2823 1044 296 51 45 
2 6 227 2623 2849 2824 1044 296 51 45 
2 6 227 2623 2849 2825 1044 296 51 45 
2 6 227 2623 2849 2826 1044 296 51 45 
2 6 227 2623 2849 2827 1044 296 51 45 
2 6 227 2623 2849 2828 1044 296 51 45 
2 6 227 2623 2849 2829 1044 296 51 45 
2 6 227 2623 2849 2830 1044 296 51 45 
2 6 227 2623 2849 2831 1044 296 51 45 
2 6 227 2623 2849 2832 1044 296 51 45 
2 6 227 2623 2849 2833 1044 296 51 45 
2 6 227 2623 2849 2834 1044 296 51 45 
2 6 227 2623 2849 2835 1044 296 51 45 
2 6 227 2623 2849 2836 1044 296 51 45 
2 6 227 2623 2849 2837 1044 296 51 45 
2 6 227 2623 2849 2838 1044 296 51 45 
2 6 227 2623 2849 2839 1044 296 51 45 
2 6 227 2623 2849 2840 1044 296 51 45 
2 6 227 2623 2849 2841 1044 296 51 45 
2 6 227 2623 2849 2842 1044 296 51 45 
2 6 227 2623 2849 2843 1044 296 51 45 
2 6 227 2623 2849 2844 1044 296 51 45 
2 6 227 2623 2849 2845 1044 296 51 45 
2 6 227 2623 2849 2846 1044 296 51 45 
2 6 227 2623 2849 2847 1044 296 51 45 
2 6 227 2623 2849 2848 1044 296 51 45 
2 6 227 2623 2849 2849 1044 296 51 45 
3 6 780 1542 2321 1542 852 415 83 30 
3 6 780 1542 2321 1543 852 415 83 30 
3 6 780 1542 2321 1544 852 415 83 30 
3 6 780 1542 2321 1545 852 415 83 30 
3 6 780 1542 2321 1546 852 415 83 30 
3 6 780 1542 2321 1547 852 415 83 30 
3 6 780 1542 2321 1548 852 415 83 30 
3 6 780 1542 2321 1549 852 415 83 30 
3 6 780 1542 2321 1550 852 415 83 30 
3 6 780 1542 2321 1551 852 415 83 30 
3 6 780 1542 2321 1552 852 415 83 30 
3 6 780 1542 2321 1553 852 415 83 30 
3 6 780 1542 2321 1554 852 415 83 30 
3 6 780 1542 2321 1555 852 415 83 30 
3 6 780 1542 2321 1556 852 415 83 30 
3 6 780 1542 2321 1557 852 415 83 30 
3 6 780 1542 2321 1558 852 415 83 30 
3 6 780 1542 2321 1559 852 415 83 30 
3 6 780 1542 2321 1560 852 415 83 30 
3 6 780 1542 2321 1561 852 415 83 30 
3 6 780 1542 2321 1562 852 415 83 30 
3 6 780 1542 2321 1563 852 415 83 30 
3 6 780 1542 2321 1564 852 415 83 30 
3 6 780 1542 2321 1565 852 415 83 30 
3 6 780 1542 2321 1566 852 415 83 30 
3 6 780 1542 2321 1567 852 415 83 30 
3 6 780 1542 2321 1568 852 415 83 30 
3 6 780 1542 2321 1569 852 415 83 30 
3 6 780 1542 2321 1570 852 415 83 30 
3 6 780 1542 2321 1571 852 415 83 30 
3 6 780 1542 2321 1572 852 415 83 30 
3 6 780 1542 2321 1573 852 415 83 30 
3 6 780 1542 2321 1574 852 415 83 30 
3 6 780 1542 2321 1575 852 415 83 30 
3 6 780 1542 2321 1576 852 415 83 30 
3 6 780 1542 2321 1577 852 415 83 30 
3 6 780 1542 2321 1578 852 415 83 30 
3 6 780 1542 2321 1579 852 415 83 30 
3 6 780 1542 2321 1580 852 415 83 30 
3 6 780 1542 2321 1581 852 415 83 30 
3 6 780 1542 2321 1582 852 415 83 30 
3 6 780 1542 2321 1583 852 415 83 30 
3 6 780 1542 2321 1584 852 415 83 30 
3 6 780 1542 2321 1585 852 415 83 30 
3 6 780 1542 2321 1586 852 415 83 30 
3 6 780 1542 2321 1587 852 415 83 30 
3 6 780 1542 2321 1588 852 415 83 30 
3 6 780 1542 2321 1589 852 415 83 30 
3 6 780 1542 2321 1590 852 415 83 30 
3 6 780 1542 2321 1591 852 415 83 30 
3 6 780 1542 2321 1592 852 415 83 30 
3 6 780 1542 2321 1593 852 415 83 30 
3 6 780 1542 2321 1594 852 415 83 30 
3 6 780 1542 2321 1595 852 415 83 30 
3 6 780 1542 2321 1596 852 415 83 30 
3 6 780 1542 2321 1597 852 415 83 30 
3 6 780 1542 2321 1598 852 415 83 30 
3 6 780 1542 2321 1599 852 415 83 30 
3 6 780 1542 2321 1600 852 415 83 30 
3 6 780 1542 2321 1601 852 415 83 30 
3 6 780 1542 2321 1602 852 415 83 30 
3 6 780 1542 2321 1603 852 415 83 30 
3 6 780 1542 2321 1604 852 415 83 30 
3 6 780 1542 2321 1605 852 415 83 30 
3 6 780 1542 2321 1606 852 415 83 30 
3 6 780 1542 2321 1607 852 415 83 30 
3 6 780 1542 2321 1608 852 415 83 30 
3 6 780 1542 2321 1609 852 415 83 30 
3 6 780 1542 2321 1610 852 415 83 30 
3 6 780 1542 2321 1611 852 415 83 30 
3 6 780 1542 2321 1612 852 415 83 30 
3 6 780 1542 2321 1613 852 415 83 30 
3 6 780 1542 2321 1614 852 415 83 30 
3 6 780 1542 2321 1615 852 415 83 30 
3 6 780 1542 2321 1616 852 415 83 30 
3 6 780 1542 2321 1617 852 415 83 30 
3 6 780 1542 2321 1618 852 415 83 30 
3 6 780 1542 2321 1619 852 415 83 30 
3 6 780 1542 2321 1620 852 415 83 30 
3 6 780 1542 2321 1621 852 415 83 30 
3 6 780 1542 2321 1622 852 415 83 30 
3 6 780 1542 2321 1623 852 415 83 30 
3 6 780 1542 2321 1624 852 415 83 30 
3 6 780 1542 2321 1625 852 415 83 30 
3 6 780 1542 2321 1626 852 415 83 30 
3 6 780 1542 2321 1627 852 415 83 30 
3 6 780 1542 2321 1628 852 415 83 30 
3 6 780 1542 2321 1629 852 415 83 30 
3 6 780 1542 2321 1630 852 415 83 30 
3 6 780 1542 2321 1631 852 415 83 30 
3 6 780 1542 2321 1632 852 415 83 30 
3 6 780 1542 2321 1633 852 415 83 30 
3 6 780 1542 2321 1634 852 415 83 30 
3 6 780 1542 2321 1635 852 415 83 30 
3 6 780 1542 2321 1636 852 415 83 30 
3 6 780 1542 2321 1637 852 415 83 30 
3 6 780 1542 2321 1638 852 415 83 30 
3 6 780 1542 2321 1639 852 415 83 30 
3 6 780 1542 2321 1640 852 415 83 30 
3 6 780 1542 2321 1641 852 415 83 30 
3 6 780 1542 2321 1642 852 415 83 30 
3 6 780 1542 2321 1643 852 415 83 30 
3 6 780 1542 2321 1644 852 415 83 30 
3 6 780 1542 2321 1645 852 415 83 30 
3 6 780 1542 2321 1646 852 415 83 30 
3 6 780 1542 2321 1647 852 415 83 30 
3 6 780 1542 2321 1648 852 415 83 30 
3 6 780 1542 2321 1649 852 415 83 30 
3 6 780 1542 2321 1650 852 415 83 30 
3 6 780 1542 2321 1651 852 415 83 30 
3 6 780 1542 2321 1652 852 415 83 30 
3 6 780 1542 2321 1653 852 415 83 30 
3 6 780 1542 2321 1654 852 415 83 30 
3 6 780 1542 2321 1655 852 415 83 30 
3 6 780 1542 2321 1656 852 415 83 30 
3 6 780 1542 2321 1657 852 415 83 30 
3 6 780 1542 2321 1658 852 415 83 30 
3 6 780 1542 2321 1659 852 415 83 30 
3 6 780 1542 2321 1660 852 415 83 30 
3 6 780 1542 2321 1661 852 415 83 30 
3 6 780 1542 2321 1662 852 415 83 30 
3 6 780 1542 2321 1663 852 415 83 30 
3 6 780 1542 2321 1664 852 415 83 30 
3 6 780 1542 2321 1665 852 415 83 30 
3 6 780 1542 2321 1666 852 415 83 30 
3 6 780 1542 2321 1667 852 415 83 30 
3 6 780 1542 2321 1668 852 415 83 30 
3 6 780 1542 2321 1669 852 415 83 30 
3 6 780 1542 2321 1670 852 415 83 30 
3 6 780 1542 2321 1671 852 415 83 30 
3 6 780 1542 2321 1672 852 415 83 30 
3 6 780 1542 2321 1673 852 415 83 30 
3 6 780 1542 2321 1674 852 415 83 30 
3 6 780 1542 2321 1675 852 415 83 30 
3 6 780 1542 2321 1676 852 415 83 30 
3 6 780 1542 2321 1677 852 415 83 30 
3 6 780 1542 2321 1678 852 415 83 30 
3 6 780 1542 2321 1679 852 415 83 30 
3 6 780 1542 2321 1680 852 415 83 30 
3 6 780 1542 2321 1681 852 415 83 30 
3 6 780 1542 2321 1682 852 415 83 30 
3 6 780 1542 2321 1683 852 415 83 30 
3 6 780 1542 2321 1684 852 415 83 30 
3 6 780 1542 2321 1685 852 415 83 30 
3 6 780 1542 2321 1686 852 415 83 30 
3 6 780 1542 2321 1687 852 415 83 30 
3 6 780 1542 2321 1688 852 415 83 30 
3 6 780 1542 2321 1689 852 415 83 30 
3 6 780 1542 2321 1690 852 415 83 30 
3 6 780 1542 2321 1691 852 415 83 30 
3 6 780 1542 2321 1692 852 415 83 30 
3 6 780 1542 2321 1693 852 415 83 30 
3 6 780 1542 2321 1694 852 415 83 30 
3 6 780 1542 2321 1695 852 415 83 30 
3 6 780 1542 2321 1696 852 415 83 30 
3 6 780 1542 2321 1697 852 415 83 30 
3 6 780 1542 2321 1698 852 415 83 30 
3 6 780 1542 2321 1699 852 415 83 30 
3 6 780 1542 2321 1700 852 415 83 30 
3 6 780 1542 2321 1701 852 415 83 30 
3 6 780 1542 2321 1702 852 415 83 30 
3 6 780 1542 2321 1703 852 415 83 30 
3 6 780 1542 2321 1704 852 415 83 30 
3 6 780 1542 2321 1705 852 415 83 30 
3 6 780 1542 2321 1706 852 415 83 30 
3 6 780 1542 2321 1707 852 415 83 30 
3 6 780 1542 2321 1708 852 415 83 30 
3 6 780 1542 2321 1709 852 415 83 30 
3 6 780 1542 2321 1710 852 415 83 30 
3 6 780 1542 2321 1711 852 415 83 30 
3 6 780 1542 2321 1712 852 415 83 30 
3 6 780 1542 2321 1713 852 415 83 30 
3 6 780 1542 2321 1714 852 415 83 30 
3 6 780 1542 2321 1715 852 415 83 30 
3 6 780 1542 2321 1716 852 415 83 30 
3 6 780 1542 2321 1717 852 415 83 30 
3 6 780 1542 2321 1718 852 415 83 30 
3 6 780 1542 2321 1719 852 415 83 30 
3 6 780 1542 2321 1720 852 415 83 30 
3 6 780 1542 2321 1721 852 415 83 30 
3 6 780 1542 2321 1722 852 415 83 30 
3 6 780 1542 2321 1723 852 415 83 30 
3 6 780 1542 2321 1724 852 415 83 30 
3 6 780 1542 2321 1725 852 415 83 30 
3 6 780 1542 2321 1726 852 415 83 30 
3 6 780 1542 2321 1727 852 415 83 30 
3 6 780 1542 2321 1728 852 415 83 30 
3 6 780 1542 2321 1729 852 415 83 30 
3 6 780 1542 2321 1730 852 415 83 30 
3 6 780 1542 2321 1731 852 415 83 30 
3 6 780 1542 2321 1732 852 415 83 30 
3 6 780 1542 2321 1733 852 415 83 30 
3 6 780 1542 2321 1734 852 415 83 30 
3 6 780 1542 2321 1735 852 415 83 30 
3 6 780 1542 2321 1736 852 415 83 30 
3 6 780 1542 2321 1737 852 415 83 30 
3 6 780 1542 2321 1738 852 415 83 30 
3 6 780 1542 2321 1739 852 415 83 30 
3 6 780 1542 2321 1740 852 415 83 30 
3 6 780 1542 2321 1741 852 415 83 30 
3 6 780 1542 2321 1742 852 415 83 30 
3 6 780 1542 2321 1743 852 415 83 30 
3 6 780 1542 2321 1744 852 415 83 30 
3 6 780 1542 2321 1745 852 415 83 30 
3 6 780 1542 2321 1746 852 415 83 30 
3 6 780 1542 2321 1747 852 415 83 30 
3 6 780 1542 2321 1748 852 415 83 30 
3 6 780 1542 2321 1749 852 415 83 30 
3 6 780 1542 2321 1750 852 415 83 30 
3 6 780 1542 2321 1751 852 415 83 30 
3 6 780 1542 2321 1752 852 415 83 30 
3 6 780 1542 2321 1753 852 415 83 30 
3 6 780 1542 2321 1754 852 415 83 30 
3 6 780 1542 2321 1755 852 415 83 30 
3 6 780 1542 2321 1756 852 415 83 30 
3 6 780 1542 2321 1757 852 415 83 30 
3 6 780 1542 2321 1758 852 415 83 30 
3 6 780 1542 2321 1759 852 415 83 30 
3 6 780 1542 2321 1760 852 415 83 30 
3 6 780 1542 2321 1761 852 415 83 30 
3 6 780 1542 2321 1762 852 415 83 30 
3 6 780 1542 2321 1763 852 415 83 30 
3 6 780 1542 2321 1764 852 415 83 30 
3 6 780 1542 2321 1765 852 415 83 30 
3 6 780 1542 2321 1766 852 415 83 30 
3 6 780 1542 2321 1767 852 415 83 30 
3 6 780 1542 2321 1768 852 415 83 30 
3 6 780 1542 2321 1769 852 415 83 30 
3 6 780 1542 2321 1770 852 415 83 30 
3 6 780 1542 2321 1771 852 415 83 30 
3 6 780 1542 2321 1772 852 415 83 30 
3 6 780 1542 2321 1773 852 415 83 30 
3 6 780 1542 2321 1774 852 415 83 30 
3 6 780 1542 2321 1775 852 415 83 30 
3 6 780 1542 2321 1776 852 415 83 30 
3 6 780 1542 2321 1777 852 415 83 30 
3 6 780 1542 2321 1778 852 415 83 30 
3 6 780 1542 2321 1779 852 415 83 30 
3 6 780 1542 2321 1780 852 415 83 30 
3 6 780 1542 2321 1781 852 415 83 30 
3 6 780 1542 2321 1782 852 415 83 30 
3 6 780 1542 2321 1783 852 415 83 30 
3 6 780 1542 2321 1784 852 415 83 30 
3 6 780 1542 2321 1785 852 415 83 30 
3 6 780 1542 2321 1786 852 415 83 30 
3 6 780 1542 2321 1787 852 415 83 30 
3 6 780 1542 2321 1788 852 415 83 30 
3 6 780 1542 2321 1789 852 415 83 30 
3 6 780 1542 2321 1790 852 415 83 30 
3 6 780 1542 2321 1791 852 415 83 30 
3 6 780 1542 2321 1792 852 415 83 30 
3 6 780 1542 2321 1793 852 415 83 30 
3 6 780 1542 2321 1794 852 415 83 30 
3 6 780 1542 2321 1795 852 415 83 30 
3 6 780 1542 2321 1796 852 415 83 30 
3 6 780 1542 2321 1797 852 415 83 30 
3 6 780 1542 2321 1798 852 415 83 30 
3 6 780 1542 2321 1799 852 415 83 30 
3 6 780 1542 2321 1800 852 415 83 30 
3 6 780 1542 2321 1801 852 415 83 30 
3 6 780 1542 2321 1802 852 415 83 30 
3 6 780 1542 2321 1803 852 415 83 30 
3 6 780 1542 2321 1804 852 415 83 30 
3 6 780 1542 2321 1805 852 415 83 30 
3 6 780 1542 2321 1806 852 415 83 30 
3 6 780 1542 2321 1807 852 415 83 30 
3 6 780 1542 2321 1808 852 415 83 30 
3 6 780 1542 2321 1809 852 415 83 30 
3 6 780 1542 2321 1810 852 415 83 30 
3 6 780 1542 2321 1811 852 415 83 30 
3 6 780 1542 2321 1812 852 415 83 30 
3 6 780 1542 2321 1813 852 415 83 30 
3 6 780 1542 2321 1814 852 415 83 30 
3 6 780 1542 2321 1815 852 415 83 30 
3 6 780 1542 2321 1816 852 415 83 30 
3 6 780 1542 2321 1817 852 415 83 30 
3 6 780 1542 2321 1818 852 415 83 30 
3 6 780 1542 2321 1819 852 415 83 30 
3 6 780 1542 2321 1820 852 415 83 30 
3 6 780 1542 2321 1821 852 415 83 30 
3 6 780 1542 2321 1822 852 415 83 30 
3 6 780 1542 2321 1823 852 415 83 30 
3 6 780 1542 2321 1824 852 415 83 30 
3 6 780 1542 2321 1825 852 415 83 30 
3 6 780 1542 2321 1826 852 415 83 30 
3 6 780 1542 2321 1827 852 415 83 30 
3 6 780 1542 2321 1828 852 415 83 30 
3 6 780 1542 2321 1829 852 415 83 30 
3 6 780 1542 2321 1830 852 415 83 30 
3 6 780 1542 2321 1831 852 415 83 30 
3 6 780 1542 2321 1832 852 415 83 30 
3 6 780 1542 2321 1833 852 415 83 30 
3 6 780 1542 2321 1834 852 415 83 30 
3 6 780 1542 2321 1835 852 415 83 30 
3 6 780 1542 2321 1836 852 415 83 30 
3 6 780 1542 2321 1837 852 415 83 30 
3 6 780 1542 2321 1838 852 415 83 30 
3 6 780 1542 2321 1839 852 415 83 30 
3 6 780 1542 2321 1840 852 415 83 30 
3 6 780 1542 2321 1841 852 415 83 30 
3 6 780 1542 2321 1842 852 415 83 30 
3 6 780 1542 2321 1843 852 415 83 30 
3 6 780 1542 2321 1844 852 415 83 30 
3 6 780 1542 2321 1845 852 415 83 30 
3 6 780 1542 2321 1846 852 415 83 30 
3 6 780 1542 2321 1847 852 415 83 30 
3 6 780 1542 2321 1848 852 415 83 30 
3 6 780 1542 2321 1849 852 415 83 30 
3 6 780 1542 2321 1850 852 415 83 30 
3 6 780 1542 2321 1851 852 415 83 30 
3 6 780 1542 2321 1852 852 415 83 30 
3 6 780 1542 2321 1853 852 415 83 30 
3 6 780 1542 2321 1854 852 415 83 30 
3 6 780 1542 2321 1855 852 415 83 30 
3 6 780 1542 2321 1856 852 415 83 30 
3 6 780 1542 2321 1857 852 415 83 30 
3 6 780 1542 2321 1858 852 415 83 30 
3 6 780 1542 2321 1859 852 415 83 30 
3 6 780 1542 2321 1860 852 415 83 30 
3 6 780 1542 2321 1861 852 415 83 30 
3 6 780 1542 2321 1862 852 415 83 30 
3 6 780 1542 2321 1863 852 415 83 30 
3 6 780 1542 2321 1864 852 415 83 30 
3 6 780 1542 2321 1865 852 415 83 30 
3 6 780 1542 2321 1866 852 415 83 30 
3 6 780 1542 2321 1867 852 415 83 30 
3 6 780 1542 2321 1868 852 415 83 30 
3 6 780 1542 2321 1869 852 415 83 30 
3 6 780 1542 2321 1870 852 415 83 30 
3 6 780 1542 2321 1871 852 415 83 30 
3 6 780 1542 2321 1872 852 415 83 30 
3 6 780 1542 2321 1873 852 415 83 30 
3 6 780 1542 2321 1874 852 415 83 30 
3 6 780 1542 2321 1875 852 415 83 30 
3 6 780 1542 2321 1876 852 415 83 30 
3 6 780 1542 2321 1877 852 415 83 30 
3 6 780 1542 2321 1878 852 415 83 30 
3 6 780 1542 2321 1879 852 415 83 30 
3 6 780 1542 2321 1880 852 415 83 30 
3 6 780 1542 2321 1881 852 415 83 30 
3 6 780 1542 2321 1882 852 415 83 30 
3 6 780 1542 2321 1883 852 415 83 30 
3 6 780 1542 2321 1884 852 415 83 30 
3 6 780 1542 2321 1885 852 415 83 30 
3 6 780 1542 2321 1886 852 415 83 30 
3 6 780 1542 2321 1887 852 415 83 30 
3 6 780 1542 2321 1888 852 415 83 30 
3 6 780 1542 2321 1889 852 415 83 30 
3 6 780 1542 2321 1890 852 415 83 30 
3 6 780 1542 2321 1891 852 415 83 30 
3 6 780 1542 2321 1892 852 415 83 30 
3 6 780 1542 2321 1893 852 415 83 30 
3 6 780 1542 2321 1894 852 415 83 30 
3 6 780 1542 2321 1895 852 415 83 30 
3 6 780 1542 2321 1896 852 415 83 30 
3 6 780 1542 2321 1897 852 415 83 30 
3 6 780 1542 2321 1898 852 415 83 30 
3 6 780 1542 2321 1899 852 415 83 30 
3 6 780 1542 2321 1900 852 415 83 30 
3 6 780 1542 2321 1901 852 415 83 30 
3 6 780 1542 2321 1902 852 415 83 30 
3 6 780 1542 2321 1903 852 415 83 30 
3 6 780 1542 2321 1904 852 415 83 30 
3 6 780 1542 2321 1905 852 415 83 30 
3 6 780 1542 2321 1906 852 415 83 30 
3 6 780 1542 2321 1907 852 415 83 30 
3 6 780 1542 2321 1908 852 415 83 30 
3 6 780 1542 2321 1909 852 415 83 30 
3 6 780 1542 2321 1910 852 415 83 30 
3 6 780 1542 2321 1911 852 415 83 30 
3 6 780 1542 2321 1912 852 415 83 30 
3 6 780 1542 2321 1913 852 415 83 30 
3 6 780 1542 2321 1914 852 415 83 30 
3 6 780 1542 2321 1915 852 415 83 30 
3 6 780 1542 2321 1916 852 415 83 30 
3 6 780 1542 2321 1917 852 415 83 30 
3 6 780 1542 2321 1918 852 415 83 30 
3 6 780 1542 2321 1919 852 415 83 30 
3 6 780 1542 2321 1920 852 415 83 30 
3 6 780 1542 2321 1921 852 415 83 30 
3 6 780 1542 2321 1922 852 415 83 30 
3 6 780 1542 2321 1923 852 415 83 30 
3 6 780 1542 2321 1924 852 415 83 30 
3 6 780 1542 2321 1925 852 415 83 30 
3 6 780 1542 2321 1926 852 415 83 30 
3 6 780 1542 2321 1927 852 415 83 30 
3 6 780 1542 2321 1928 852 415 83 30 
3 6 780 1542 2321 1929 852 415 83 30 
3 6 780 1542 2321 1930 852 415 83 30 
3 6 780 1542 2321 1931 852 415 83 30 
3 6 780 1542 2321 1932 852 415 83 30 
3 6 780 1542 2321 1933 852 415 83 30 
3 6 780 1542 2321 1934 852 415 83 30 
3 6 780 1542 2321 1935 852 415 83 30 
3 6 780 1542 2321 1936 852 415 83 30 
3 6 780 1542 2321 1937 852 415 83 30 
3 6 780 1542 2321 1938 852 415 83 30 
3 6 780 1542 2321 1939 852 415 83 30 
3 6 780 1542 2321 1940 852 415 83 30 
3 6 780 1542 2321 1941 852 415 83 30 
3 6 780 1542 2321 1942 852 415 83 30 
3 6 780 1542 2321 1943 852 415 83 30 
3 6 780 1542 2321 1944 852 415 83 30 
3 6 780 1542 2321 1945 852 415 83 30 
3 6 780 1542 2321 1946 852 415 83 30 
3 6 780 1542 2321 1947 852 415 83 30 
3 6 780 1542 2321 1948 852 415 83 30 
3 6 780 1542 2321 1949 852 415 83 30 
3 6 780 1542 2321 1950 852 415 83 30 
3 6 780 1542 2321 1951 852 415 83 30 
3 6 780 1542 2321 1952 852 415 83 30 
3 6 780 1542 2321 1953 852 415 83 30 
3 6 780 1542 2321 1954 852 415 83 30 
3 6 780 1542 2321 1955 852 415 83 30 
3 6 780 1542 2321 1956 852 415 83 30 
3 6 780 1542 2321 1957 852 415 83 30 
3 6 780 1542 2321 1958 852 415 83 30 
3 6 780 1542 2321 1959 852 415 83 30 
3 6 780 1542 2321 1960 852 415 83 30 
3 6 780 1542 2321 1961 852 415 83 30 
3 6 780 1542 2321 1962 852 415 83 30 
3 6 780 1542 2321 1963 852 415 83 30 
3 6 780 1542 2321 1964 852 415 83 30 
3 6 780 1542 2321 1965 852 415 83 30 
3 6 780 1542 2321 1966 852 415 83 30 
3 6 780 1542 2321 1967 852 415 83 30 
3 6 780 1542 2321 1968 852 415 83 30 
3 6 780 1542 2321 1969 852 415 83 30 
3 6 780 1542 2321 1970 852 415 83 30 
3 6 780 1542 2321 1971 852 415 83 30 
3 6 780 1542 2321 1972 852 415 83 30 
3 6 780 1542 2321 1973 852 415 83 30 
3 6 780 1542 2321 1974 852 415 83 30 
3 6 780 1542 2321 1975 852 415 83 30 
3 6 780 1542 2321 1976 852 415 83 30 
3 6 780 1542 2321 1977 852 415 83 30 
3 6 780 1542 2321 1978 852 415 83 30 
3 6 780 1542 2321 1979 852 415 83 30 
3 6 780 1542 2321 1980 852 415 83 30 
3 6 780 1542 2321 1981 852 415 83 30 
3 6 780 1542 2321 1982 852 415 83 30 
3 6 780 1542 2321 1983 852 415 83 30 
3 6 780 1542 2321 1984 852 415 83 30 
3 6 780 1542 2321 1985 852 415 83 30 
3 6 780 1542 2321 1986 852 415 83 30 
3 6 780 1542 2321 1987 852 415 83 30 
3 6 780 1542 2321 1988 852 415 83 30 
3 6 780 1542 2321 1989 852 415 83 30 
3 6 780 1542 2321 1990 852 415 83 30 
3 6 780 1542 2321 1991 852 415 83 30 
3 6 780 1542 2321 1992 852 415 83 30 
3 6 780 1542 2321 1993 852 415 83 30 
3 6 780 1542 2321 1994 852 415 83 30 
3 6 780 1542 2321 1995 852 415 83 30 
3 6 780 1542 2321 1996 852 415 83 30 
3 6 780 1542 2321 1997 852 415 83 30 
3 6 780 1542 2321 1998 852 415 83 30 
3 6 780 1542 2321 1999 852 415 83 30 
3 6 780 1542 2321 2000 852 415 83 30 
3 6 780 1542 2321 2001 852 415 83 30 
3 6 780 1542 2321 2002 852 415 83 30 
3 6 780 1542 2321 2003 852 415 83 30 
3 6 780 1542 2321 2004 852 415 83 30 
3 6 780 1542 2321 2005 852 415 83 30 
3 6 780 1542 2321 2006 852 415 83 30 
3 6 780 1542 2321 2007 852 415 83 30 
3 6 780 1542 2321 2008 852 415 83 30 
3 6 780 1542 2321 2009 852 415 83 30 
3 6 780 1542 2321 2010 852 415 83 30 
3 6 780 1542 2321 2011 852 415 83 30 
3 6 780 1542 2321 2012 852 415 83 30 
3 6 780 1542 2321 2013 852 415 83 30 
3 6 780 1542 2321 2014 852 415 83 30 
3 6 780 1542 2321 2015 852 415 83 30 
3 6 780 1542 2321 2016 852 415 83 30 
3 6 780 1542 2321 2017 852 415 83 30 
3 6 780 1542 2321 2018 852 415 83 30 
3 6 780 1542 2321 2019 852 415 83 30 
3 6 780 1542 2321 2020 852 415 83 30 
3 6 780 1542 2321 2021 852 415 83 30 
3 6 780 1542 2321 2022 852 415 83 30 
3 6 780 1542 2321 2023 852 415 83 30 
3 6 780 1542 2321 2024 852 415 83 30 
3 6 780 1542 2321 2025 852 415 83 30 
3 6 780 1542 2321 2026 852 415 83 30 
3 6 780 1542 2321 2027 852 415 83 30 
3 6 780 1542 2321 2028 852 415 83 30 
3 6 780 1542 2321 2029 852 415 83 30 
3 6 780 1542 2321 2030 852 415 83 30 
3 6 780 1542 2321 2031 852 415 83 30 
3 6 780 1542 2321 2032 852 415 83 30 
3 6 780 1542 2321 2033 852 415 83 30 
3 6 780 1542 2321 2034 852 415 83 30 
3 6 780 1542 2321 2035 852 415 83 30 
3 6 780 1542 2321 2036 852 415 83 30 
3 6 780 1542 2321 2037 852 415 83 30 
3 6 780 1542 2321 2038 852 415 83 30 
3 6 780 1542 2321 2039 852 415 83 30 
3 6 780 1542 2321 2040 852 415 83 30 
3 6 780 1542 2321 2041 852 415 83 30 
3 6 780 1542 2321 2042 852 415 83 30 
3 6 780 1542 2321 2043 852 415 83 30 
3 6 780 1542 2321 2044 852 415 83 30 
3 6 780 1542 2321 2045 852 415 83 30 
3 6 780 1542 2321 2046 852 415 83 30 
3 6 780 1542 2321 2047 852 415 83 30 
3 6 780 1542 2321 2048 852 415 83 30 
3 6 780 1542 2321 2049 852 415 83 30 
3 6 780 1542 2321 2050 852 415 83 30 
3 6 780 1542 2321 2051 852 415 83 30 
3 6 780 1542 2321 2052 852 415 83 30 
3 6 780 1542 2321 2053 852 415 83 30 
3 6 780 1542 2321 2054 852 415 83 30 
3 6 780 1542 2321 2055 852 415 83 30 
3 6 780 1542 2321 2056 852 415 83 30 
3 6 780 1542 2321 2057 852 415 83 30 
3 6 780 1542 2321 2058 852 415 83 30 
3 6 780 1542 2321 2059 852 415 83 30 
3 6 780 1542 2321 2060 852 415 83 30 
3 6 780 1542 2321 2061 852 415 83 30 
3 6 780 1542 2321 2062 852 415 83 30 
3 6 780 1542 2321 2063 852 415 83 30 
3 6 780 1542 2321 2064 852 415 83 30 
3 6 780 1542 2321 2065 852 415 83 30 
3 6 780 1542 2321 2066 852 415 83 30 
3 6 780 1542 2321 2067 852 415 83 30 
3 6 780 1542 2321 2068 852 415 83 30 
3 6 780 1542 2321 2069 852 415 83 30 
3 6 780 1542 2321 2070 852 415 83 30 
3 6 780 1542 2321 2071 852 415 83 30 
3 6 780 1542 2321 2072 852 415 83 30 
3 6 780 1542 2321 2073 852 415 83 30 
3 6 780 1542 2321 2074 852 415 83 30 
3 6 780 1542 2321 2075 852 415 83 30 
3 6 780 1542 2321 2076 852 415 83 30 
3 6 780 1542 2321 2077 852 415 83 30 
3 6 780 1542 2321 2078 852 415 83 30 
3 6 780 1542 2321 2079 852 415 83 30 
3 6 780 1542 2321 2080 852 415 83 30 
3 6 780 1542 2321 2081 852 415 83 30 
3 6 780 1542 2321 2082 852 415 83 30 
3 6 780 1542 2321 2083 852 415 83 30 
3 6 780 1542 2321 2084 852 415 83 30 
3 6 780 1542 2321 2085 852 415 83 30 
3 6 780 1542 2321 2086 852 415 83 30 
3 6 780 1542 2321 2087 852 415 83 30 
3 6 780 1542 2321 2088 852 415 83 30 
3 6 780 1542 2321 2089 852 415 83 30 
3 6 780 1542 2321 2090 852 415 83 30 
3 6 780 1542 2321 2091 852 415 83 30 
3 6 780 1542 2321 2092 852 415 83 30 
3 6 780 1542 2321 2093 852 415 83 30 
3 6 780 1542 2321 2094 852 415 83 30 
3 6 780 1542 2321 2095 852 415 83 30 
3 6 780 1542 2321 2096 852 415 83 30 
3 6 780 1542 2321 2097 852 415 83 30 
3 6 780 1542 2321 2098 852 415 83 30 
3 6 780 1542 2321 2099 852 415 83 30 
3 6 780 1542 2321 2100 852 415 83 30 
3 6 780 1542 2321 2101 852 415 83 30 
3 6 780 1542 2321 2102 852 415 83 30 
3 6 780 1542 2321 2103 852 415 83 30 
3 6 780 1542 2321 2104 852 415 83 30 
3 6 780 1542 2321 2105 852 415 83 30 
3 6 780 1542 2321 2106 852 415 83 30 
3 6 780 1542 2321 2107 852 415 83 30 
3 6 780 1542 2321 2108 852 415 83 30 
3 6 780 1542 2321 2109 852 415 83 30 
3 6 780 1542 2321 2110 852 415 83 30 
3 6 780 1542 2321 2111 852 415 83 30 
3 6 780 1542 2321 2112 852 415 83 30 
3 6 780 1542 2321 2113 852 415 83 30 
3 6 780 1542 2321 2114 852 415 83 30 
3 6 780 1542 2321 2115 852 415 83 30 
3 6 780 1542 2321 2116 852 415 83 30 
3 6 780 1542 2321 2117 852 415 83 30 
3 6 780 1542 2321 2118 852 415 83 30 
3 6 780 1542 2321 2119 852 415 83 30 
3 6 780 1542 2321 2120 852 415 83 30 
3 6 780 1542 2321 2121 852 415 83 30 
3 6 780 1542 2321 2122 852 415 83 30 
3 6 780 1542 2321 2123 852 415 83 30 
3 6 780 1542 2321 2124 852 415 83 30 
3 6 780 1542 2321 2125 852 415 83 30 
3 6 780 1542 2321 2126 852 415 83 30 
3 6 780 1542 2321 2127 852 415 83 30 
3 6 780 1542 2321 2128 852 415 83 30 
3 6 780 1542 2321 2129 852 415 83 30 
3 6 780 1542 2321 2130 852 415 83 30 
3 6 780 1542 2321 2131 852 415 83 30 
3 6 780 1542 2321 2132 852 415 83 30 
3 6 780 1542 2321 2133 852 415 83 30 
3 6 780 1542 2321 2134 852 415 83 30 
3 6 780 1542 2321 2135 852 415 83 30 
3 6 780 1542 2321 2136 852 415 83 30 
3 6 780 1542 2321 2137 852 415 83 30 
3 6 780 1542 2321 2138 852 415 83 30 
3 6 780 1542 2321 2139 852 415 83 30 
3 6 780 1542 2321 2140 852 415 83 30 
3 6 780 1542 2321 2141 852 415 83 30 
3 6 780 1542 2321 2142 852 415 83 30 
3 6 780 1542 2321 2143 852 415 83 30 
3 6 780 1542 2321 2144 852 415 83 30 
3 6 780 1542 2321 2145 852 415 83 30 
3 6 780 1542 2321 2146 852 415 83 30 
3 6 780 1542 2321 2147 852 415 83 30 
3 6 780 1542 2321 2148 852 415 83 30 
3 6 780 1542 2321 2149 852 415 83 30 
3 6 780 1542 2321 2150 852 415 83 30 
3 6 780 1542 2321 2151 852 415 83 30 
3 6 780 1542 2321 2152 852 415 83 30 
3 6 780 1542 2321 2153 852 415 83 30 
3 6 780 1542 2321 2154 852 415 83 30 
3 6 780 1542 2321 2155 852 415 83 30 
3 6 780 1542 2321 2156 852 415 83 30 
3 6 780 1542 2321 2157 852 415 83 30 
3 6 780 1542 2321 2158 852 415 83 30 
3 6 780 1542 2321 2159 852 415 83 30 
3 6 780 1542 2321 2160 852 415 83 30 
3 6 780 1542 2321 2161 852 415 83 30 
3 6 780 1542 2321 2162 852 415 83 30 
3 6 780 1542 2321 2163 852 415 83 30 
3 6 780 1542 2321 2164 852 415 83 30 
3 6 780 1542 2321 2165 852 415 83 30 
3 6 780 1542 2321 2166 852 415 83 30 
3 6 780 1542 2321 2167 852 415 83 30 
3 6 780 1542 2321 2168 852 415 83 30 
3 6 780 1542 2321 2169 852 415 83 30 
3 6 780 1542 2321 2170 852 415 83 30 
3 6 780 1542 2321 2171 852 415 83 30 
3 6 780 1542 2321 2172 852 415 83 30 
3 6 780 1542 2321 2173 852 415 83 30 
3 6 780 1542 2321 2174 852 415 83 30 
3 6 780 1542 2321 2175 852 415 83 30 
3 6 780 1542 2321 2176 852 415 83 30 
3 6 780 1542 2321 2177 852 415 83 30 
3 6 780 1542 2321 2178 852 415 83 30 
3 6 780 1542 2321 2179 852 415 83 30 
3 6 780 1542 2321 2180 852 415 83 30 
3 6 780 1542 2321 2181 852 415 83 30 
3 6 780 1542 2321 2182 852 415 83 30 
3 6 780 1542 2321 2183 852 415 83 30 
3 6 780 1542 2321 2184 852 415 83 30 
3 6 780 1542 2321 2185 852 415 83 30 
3 6 780 1542 2321 2186 852 415 83 30 
3 6 780 1542 2321 2187 852 415 83 30 
3 6 780 1542 2321 2188 852 415 83 30 
3 6 780 1542 2321 2189 852 415 83 30 
3 6 780 1542 2321 2190 852 415 83 30 
3 6 780 1542 2321 2191 852 415 83 30 
3 6 780 1542 2321 2192 852 415 83 30 
3 6 780 1542 2321 2193 852 415 83 30 
3 6 780 1542 2321 2194 852 415 83 30 
3 6 780 1542 2321 2195 852 415 83 30 
3 6 780 1542 2321 2196 852 415 83 30 
3 6 780 1542 2321 2197 852 415 83 30 
3 6 780 1542 2321 2198 852 415 83 30 
3 6 780 1542 2321 2199 852 415 83 30 
3 6 780 1542 2321 2200 852 415 83 30 
3 6 780 1542 2321 2201 852 415 83 30 
3 6 780 1542 2321 2202 852 415 83 30 
3 6 780 1542 2321 2203 852 415 83 30 
3 6 780 1542 2321 2204 852 415 83 30 
3 6 780 1542 2321 2205 852 415 83 30 
3 6 780 1542 2321 2206 852 415 83 30 
3 6 780 1542 2321 2207 852 415 83 30 
3 6 780 1542 2321 2208 852 415 83 30 
3 6 780 1542 2321 2209 852 415 83 30 
3 6 780 1542 2321 2210 852 415 83 30 
3 6 780 1542 2321 2211 852 415 83 30 
3 6 780 1542 2321 2212 852 415 83 30 
3 6 780 1542 2321 2213 852 415 83 30 
3 6 780 1542 2321 2214 852 415 83 30 
3 6 780 1542 2321 2215 852 415 83 30 
3 6 780 1542 2321 2216 852 415 83 30 
3 6 780 1542 2321 2217 852 415 83 30 
3 6 780 1542 2321 2218 852 415 83 30 
3 6 780 1542 2321 2219 852 415 83 30 
3 6 780 1542 2321 2220 852 415 83 30 
3 6 780 1542 2321 2221 852 415 83 30 
3 6 780 1542 2321 2222 852 415 83 30 
3 6 780 1542 2321 2223 852 415 83 30 
3 6 780 1542 2321 2224 852 415 83 30 
3 6 780 1542 2321 2225 852 415 83 30 
3 6 780 1542 2321 2226 852 415 83 30 
3 6 780 1542 2321 2227 852 415 83 30 
3 6 780 1542 2321 2228 852 415 83 30 
3 6 780 1542 2321 2229 852 415 83 30 
3 6 780 1542 2321 2230 852 415 83 30 
3 6 780 1542 2321 2231 852 415 83 30 
3 6 780 1542 2321 2232 852 415 83 30 
3 6 780 1542 2321 2233 852 415 83 30 
3 6 780 1542 2321 2234 852 415 83 30 
3 6 780 1542 2321 2235 852 415 83 30 
3 6 780 1542 2321 2236 852 415 83 30 
3 6 780 1542 2321 2237 852 415 83 30 
3 6 780 1542 2321 2238 852 415 83 30 
3 6 780 1542 2321 2239 852 415 83 30 
3 6 780 1542 2321 2240 852 415 83 30 
3 6 780 1542 2321 2241 852 415 83 30 
3 6 780 1542 2321 2242 852 415 83 30 
3 6 780 1542 2321 2243 852 415 83 30 
3 6 780 1542 2321 2244 852 415 83 30 
3 6 780 1542 2321 2245 852 415 83 30 
3 6 780 1542 2321 2246 852 415 83 30 
3 6 780 1542 2321 2247 852 415 83 30 
3 6 780 1542 2321 2248 852 415 83 30 
3 6 780 1542 2321 2249 852 415 83 30 
3 6 780 1542 2321 2250 852 415 83 30 
3 6 780 1542 2321 2251 852 415 83 30 
3 6 780 1542 2321 2252 852 415 83 30 
3 6 780 1542 2321 2253 852 415 83 30 
3 6 780 1542 2321 2254 852 415 83 30 
3 6 780 1542 2321 2255 852 415 83 30 
3 6 780 1542 2321 2256 852 415 83 30 
3 6 780 1542 2321 2257 852 415 83 30 
3 6 780 1542 2321 2258 852 415 83 30 
3 6 780 1542 2321 2259 852 415 83 30 
3 6 780 1542 2321 2260 852 415 83 30 
3 6 780 1542 2321 2261 852 415 83 30 
3 6 780 1542 2321 2262 852 415 83 30 
3 6 780 1542 2321 2263 852 415 83 30 
3 6 780 1542 2321 2264 852 415 83 30 
3 6 780 1542 2321 2265 852 415 83 30 
3 6 780 1542 2321 2266 852 415 83 30 
3 6 780 1542 2321 2267 852 415 83 30 
3 6 780 1542 2321 2268 852 415 83 30 
3 6 780 1542 2321 2269 852 415 83 30 
3 6 780 1542 2321 2270 852 415 83 30 
3 6 780 1542 2321 2271 852 415 83 30 
3 6 780 1542 2321 2272 852 415 83 30 
3 6 780 1542 2321 2273 852 415 83 30 
3 6 780 1542 2321 2274 852 415 83 30 
3 6 780 1542 2321 2275 852 415 83 30 
3 6 780 1542 2321 2276 852 415 83 30 
3 6 780 1542 2321 2277 852 415 83 30 
3 6 780 1542 2321 2278 852 415 83 30 
3 6 780 1542 2321 2279 852 415 83 30 
3 6 780 1542 2321 2280 852 415 83 30 
3 6 780 1542 2321 2281 852 415 83 30 
3 6 780 1542 2321 2282 852 415 83 30 
3 6 780 1542 2321 2283 852 415 83 30 
3 6 780 1542 2321 2284 852 415 83 30 
3 6 780 1542 2321 2285 852 415 83 30 
3 6 780 1542 2321 2286 852 415 83 30 
3 6 780 1542 2321 2287 852 415 83 30 
3 6 780 1542 2321 2288 852 415 83 30 
3 6 780 1542 2321 2289 852 415 83 30 
3 6 780 1542 2321 2290 852 415 83 30 
3 6 780 1542 2321 2291 852 415 83 30 
3 6 780 1542 2321 2292 852 415 83 30 
3 6 780 1542 2321 2293 852 415 83 30 
3 6 780 1542 2321 2294 852 415 83 30 
3 6 780 1542 2321 2295 852 415 83 30 
3 6 780 1542 2321 2296 852 415 83 30 
3 6 780 1542 2321 2297 852 415 83 30 
3 6 780 1542 2321 2298 852 415 83 30 
3 6 780 1542 2321 2299 852 415 83 30 
3 6 780 1542 2321 2300 852 415 83 30 
3 6 780 1542 2321 2301 852 415 83 30 
3 6 780 1542 2321 2302 852 415 83 30 
3 6 780 1542 2321 2303 852 415 83 30 
3 6 780 1542 2321 2304 852 415 83 30 
3 6 780 1542 2321 2305 852 415 83 30 
3 6 780 1542 2321 2306 852 415 83 30 
3 6 780 1542 2321 2307 852 415 83 30 
3 6 780 1542 2321 2308 852 415 83 30 
3 6 780 1542 2321 2309 852 415 83 30 
3 6 780 1542 2321 2310 852 415 83 30 
3 6 780 1542 2321 2311 852 415 83 30 
3 6 780 1542 2321 2312 852 415 83 30 
3 6 780 1542 2321 2313 852 415 83 30 
3 6 780 1542 2321 2314 852 415 83 30 
3 6 780 1542 2321 2315 852 415 83 30 
3 6 780 1542 2321 2316 852 415 83 30 
3 6 780 1542 2321 2317 852 415 83 30 
3 6 780 1542 2321 2318 852 415 83 30 
3 6 780 1542 2321 2319 852 415 83 30 
3 6 780 1542 2321 2320 852 415 83 30 
3 6 780 1542 2321 2321 852 415 83 30 
