0 6 128 601 728 601 798 339 68 70 
0 6 128 601 728 602 798 339 68 70 
0 6 128 601 728 603 798 339 68 70 
0 6 128 601 728 604 798 339 68 70 
0 6 128 601 728 605 798 339 68 70 
0 6 128 601 728 606 798 339 68 70 
0 6 128 601 728 607 798 339 68 70 
0 6 128 601 728 608 798 339 68 70 
0 6 128 601 728 609 798 339 68 70 
0 6 128 601 728 610 798 339 68 70 
0 6 128 601 728 611 798 339 68 70 
0 6 128 601 728 612 798 339 68 70 
0 6 128 601 728 613 798 339 68 70 
0 6 128 601 728 614 798 339 68 70 
0 6 128 601 728 615 798 339 68 70 
0 6 128 601 728 616 798 339 68 70 
0 6 128 601 728 617 798 339 68 70 
0 6 128 601 728 618 798 339 68 70 
0 6 128 601 728 619 798 339 68 70 
0 6 128 601 728 620 798 339 68 70 
0 6 128 601 728 621 798 339 68 70 
0 6 128 601 728 622 798 339 68 70 
0 6 128 601 728 623 798 339 68 70 
0 6 128 601 728 624 798 339 68 70 
0 6 128 601 728 625 798 339 68 70 
0 6 128 601 728 626 798 339 68 70 
0 6 128 601 728 627 798 339 68 70 
0 6 128 601 728 628 798 339 68 70 
0 6 128 601 728 629 798 339 68 70 
0 6 128 601 728 630 798 339 68 70 
0 6 128 601 728 631 798 339 68 70 
0 6 128 601 728 632 798 339 68 70 
0 6 128 601 728 633 798 339 68 70 
0 6 128 601 728 634 798 339 68 70 
0 6 128 601 728 635 798 339 68 70 
0 6 128 601 728 636 798 339 68 70 
0 6 128 601 728 637 798 339 68 70 
0 6 128 601 728 638 798 339 68 70 
0 6 128 601 728 639 798 339 68 70 
0 6 128 601 728 640 798 339 68 70 
0 6 128 601 728 641 798 339 68 70 
0 6 128 601 728 642 798 339 68 70 
0 6 128 601 728 643 798 339 68 70 
0 6 128 601 728 644 798 339 68 70 
0 6 128 601 728 645 798 339 68 70 
0 6 128 601 728 646 798 339 68 70 
0 6 128 601 728 647 798 339 68 70 
0 6 128 601 728 648 798 339 68 70 
0 6 128 601 728 649 798 339 68 70 
0 6 128 601 728 650 798 339 68 70 
0 6 128 601 728 651 798 339 68 70 
0 6 128 601 728 652 798 339 68 70 
0 6 128 601 728 653 798 339 68 70 
0 6 128 601 728 654 798 339 68 70 
0 6 128 601 728 655 798 339 68 70 
0 6 128 601 728 656 798 339 68 70 
0 6 128 601 728 657 798 339 68 70 
0 6 128 601 728 658 798 339 68 70 
0 6 128 601 728 659 798 339 68 70 
0 6 128 601 728 660 798 339 68 70 
0 6 128 601 728 661 798 339 68 70 
0 6 128 601 728 662 798 339 68 70 
0 6 128 601 728 663 798 339 68 70 
0 6 128 601 728 664 798 339 68 70 
0 6 128 601 728 665 798 339 68 70 
0 6 128 601 728 666 798 339 68 70 
0 6 128 601 728 667 798 339 68 70 
0 6 128 601 728 668 798 339 68 70 
0 6 128 601 728 669 798 339 68 70 
0 6 128 601 728 670 798 339 68 70 
0 6 128 601 728 671 798 339 68 70 
0 6 128 601 728 672 798 339 68 70 
0 6 128 601 728 673 798 339 68 70 
0 6 128 601 728 674 798 339 68 70 
0 6 128 601 728 675 798 339 68 70 
0 6 128 601 728 676 798 339 68 70 
0 6 128 601 728 677 798 339 68 70 
0 6 128 601 728 678 798 339 68 70 
0 6 128 601 728 679 798 339 68 70 
0 6 128 601 728 680 798 339 68 70 
0 6 128 601 728 681 798 339 68 70 
0 6 128 601 728 682 798 339 68 70 
0 6 128 601 728 683 798 339 68 70 
0 6 128 601 728 684 798 339 68 70 
0 6 128 601 728 685 798 339 68 70 
0 6 128 601 728 686 798 339 68 70 
0 6 128 601 728 687 798 339 68 70 
0 6 128 601 728 688 798 339 68 70 
0 6 128 601 728 689 798 339 68 70 
0 6 128 601 728 690 798 339 68 70 
0 6 128 601 728 691 798 339 68 70 
0 6 128 601 728 692 798 339 68 70 
0 6 128 601 728 693 798 339 68 70 
0 6 128 601 728 694 798 339 68 70 
0 6 128 601 728 695 798 339 68 70 
0 6 128 601 728 696 798 339 68 70 
0 6 128 601 728 697 798 339 68 70 
0 6 128 601 728 698 798 339 68 70 
0 6 128 601 728 699 798 339 68 70 
0 6 128 601 728 700 798 339 68 70 
0 6 128 601 728 701 798 339 68 70 
0 6 128 601 728 702 798 339 68 70 
0 6 128 601 728 703 798 339 68 70 
0 6 128 601 728 704 798 339 68 70 
0 6 128 601 728 705 798 339 68 70 
0 6 128 601 728 706 798 339 68 70 
0 6 128 601 728 707 798 339 68 70 
0 6 128 601 728 708 798 339 68 70 
0 6 128 601 728 709 798 339 68 70 
0 6 128 601 728 710 798 339 68 70 
0 6 128 601 728 711 798 339 68 70 
0 6 128 601 728 712 798 339 68 70 
0 6 128 601 728 713 798 339 68 70 
0 6 128 601 728 714 798 339 68 70 
0 6 128 601 728 715 798 339 68 70 
0 6 128 601 728 716 798 339 68 70 
0 6 128 601 728 717 798 339 68 70 
0 6 128 601 728 718 798 339 68 70 
0 6 128 601 728 719 798 339 68 70 
0 6 128 601 728 720 798 339 68 70 
0 6 128 601 728 721 798 339 68 70 
0 6 128 601 728 722 798 339 68 70 
0 6 128 601 728 723 798 339 68 70 
0 6 128 601 728 724 798 339 68 70 
0 6 128 601 728 725 798 339 68 70 
0 6 128 601 728 726 798 339 68 70 
0 6 128 601 728 727 798 339 68 70 
0 6 128 601 728 728 798 339 68 70 
1 3 60 1580 1639 1580 1039 328 87 60 
1 3 60 1580 1639 1581 1039 328 87 60 
1 3 60 1580 1639 1582 1039 328 87 60 
1 3 60 1580 1639 1583 1039 328 87 60 
1 3 60 1580 1639 1584 1039 328 87 60 
1 3 60 1580 1639 1585 1039 328 87 60 
1 3 60 1580 1639 1586 1039 328 87 60 
1 3 60 1580 1639 1587 1039 328 87 60 
1 3 60 1580 1639 1588 1039 328 87 60 
1 3 60 1580 1639 1589 1039 328 87 60 
1 3 60 1580 1639 1590 1039 328 87 60 
1 3 60 1580 1639 1591 1039 328 87 60 
1 3 60 1580 1639 1592 1039 328 87 60 
1 3 60 1580 1639 1593 1039 328 87 60 
1 3 60 1580 1639 1594 1039 328 87 60 
1 3 60 1580 1639 1595 1039 328 87 60 
1 3 60 1580 1639 1596 1039 328 87 60 
1 3 60 1580 1639 1597 1039 328 87 60 
1 3 60 1580 1639 1598 1039 328 87 60 
1 3 60 1580 1639 1599 1039 328 87 60 
1 3 60 1580 1639 1600 1039 328 87 60 
1 3 60 1580 1639 1601 1039 328 87 60 
1 3 60 1580 1639 1602 1039 328 87 60 
1 3 60 1580 1639 1603 1039 328 87 60 
1 3 60 1580 1639 1604 1039 328 87 60 
1 3 60 1580 1639 1605 1039 328 87 60 
1 3 60 1580 1639 1606 1039 328 87 60 
1 3 60 1580 1639 1607 1039 328 87 60 
1 3 60 1580 1639 1608 1039 328 87 60 
1 3 60 1580 1639 1609 1039 328 87 60 
1 3 60 1580 1639 1610 1039 328 87 60 
1 3 60 1580 1639 1611 1039 328 87 60 
1 3 60 1580 1639 1612 1039 328 87 60 
1 3 60 1580 1639 1613 1039 328 87 60 
1 3 60 1580 1639 1614 1039 328 87 60 
1 3 60 1580 1639 1615 1039 328 87 60 
1 3 60 1580 1639 1616 1039 328 87 60 
1 3 60 1580 1639 1617 1039 328 87 60 
1 3 60 1580 1639 1618 1039 328 87 60 
1 3 60 1580 1639 1619 1039 328 87 60 
1 3 60 1580 1639 1620 1039 328 87 60 
1 3 60 1580 1639 1621 1039 328 87 60 
1 3 60 1580 1639 1622 1039 328 87 60 
1 3 60 1580 1639 1623 1039 328 87 60 
1 3 60 1580 1639 1624 1039 328 87 60 
1 3 60 1580 1639 1625 1039 328 87 60 
1 3 60 1580 1639 1626 1039 328 87 60 
1 3 60 1580 1639 1627 1039 328 87 60 
1 3 60 1580 1639 1628 1039 328 87 60 
1 3 60 1580 1639 1629 1039 328 87 60 
1 3 60 1580 1639 1630 1039 328 87 60 
1 3 60 1580 1639 1631 1039 328 87 60 
1 3 60 1580 1639 1632 1039 328 87 60 
1 3 60 1580 1639 1633 1039 328 87 60 
1 3 60 1580 1639 1634 1039 328 87 60 
1 3 60 1580 1639 1635 1039 328 87 60 
1 3 60 1580 1639 1636 1039 328 87 60 
1 3 60 1580 1639 1637 1039 328 87 60 
1 3 60 1580 1639 1638 1039 328 87 60 
1 3 60 1580 1639 1639 1039 328 87 60 
2 4 60 1732 1791 1732 1037 327 84 63 
2 4 60 1732 1791 1733 1037 327 84 63 
2 4 60 1732 1791 1734 1037 327 84 63 
2 4 60 1732 1791 1735 1037 327 84 63 
2 4 60 1732 1791 1736 1037 327 84 63 
2 4 60 1732 1791 1737 1037 327 84 63 
2 4 60 1732 1791 1738 1037 327 84 63 
2 4 60 1732 1791 1739 1037 327 84 63 
2 4 60 1732 1791 1740 1037 327 84 63 
2 4 60 1732 1791 1741 1037 327 84 63 
2 4 60 1732 1791 1742 1037 327 84 63 
2 4 60 1732 1791 1743 1037 327 84 63 
2 4 60 1732 1791 1744 1037 327 84 63 
2 4 60 1732 1791 1745 1037 327 84 63 
2 4 60 1732 1791 1746 1037 327 84 63 
2 4 60 1732 1791 1747 1037 327 84 63 
2 4 60 1732 1791 1748 1037 327 84 63 
2 4 60 1732 1791 1749 1037 327 84 63 
2 4 60 1732 1791 1750 1037 327 84 63 
2 4 60 1732 1791 1751 1037 327 84 63 
2 4 60 1732 1791 1752 1037 327 84 63 
2 4 60 1732 1791 1753 1037 327 84 63 
2 4 60 1732 1791 1754 1037 327 84 63 
2 4 60 1732 1791 1755 1037 327 84 63 
2 4 60 1732 1791 1756 1037 327 84 63 
2 4 60 1732 1791 1757 1037 327 84 63 
2 4 60 1732 1791 1758 1037 327 84 63 
2 4 60 1732 1791 1759 1037 327 84 63 
2 4 60 1732 1791 1760 1037 327 84 63 
2 4 60 1732 1791 1761 1037 327 84 63 
2 4 60 1732 1791 1762 1037 327 84 63 
2 4 60 1732 1791 1763 1037 327 84 63 
2 4 60 1732 1791 1764 1037 327 84 63 
2 4 60 1732 1791 1765 1037 327 84 63 
2 4 60 1732 1791 1766 1037 327 84 63 
2 4 60 1732 1791 1767 1037 327 84 63 
2 4 60 1732 1791 1768 1037 327 84 63 
2 4 60 1732 1791 1769 1037 327 84 63 
2 4 60 1732 1791 1770 1037 327 84 63 
2 4 60 1732 1791 1771 1037 327 84 63 
2 4 60 1732 1791 1772 1037 327 84 63 
2 4 60 1732 1791 1773 1037 327 84 63 
2 4 60 1732 1791 1774 1037 327 84 63 
2 4 60 1732 1791 1775 1037 327 84 63 
2 4 60 1732 1791 1776 1037 327 84 63 
2 4 60 1732 1791 1777 1037 327 84 63 
2 4 60 1732 1791 1778 1037 327 84 63 
2 4 60 1732 1791 1779 1037 327 84 63 
2 4 60 1732 1791 1780 1037 327 84 63 
2 4 60 1732 1791 1781 1037 327 84 63 
2 4 60 1732 1791 1782 1037 327 84 63 
2 4 60 1732 1791 1783 1037 327 84 63 
2 4 60 1732 1791 1784 1037 327 84 63 
2 4 60 1732 1791 1785 1037 327 84 63 
2 4 60 1732 1791 1786 1037 327 84 63 
2 4 60 1732 1791 1787 1037 327 84 63 
2 4 60 1732 1791 1788 1037 327 84 63 
2 4 60 1732 1791 1789 1037 327 84 63 
2 4 60 1732 1791 1790 1037 327 84 63 
2 4 60 1732 1791 1791 1037 327 84 63 
