0 6 217 581 797 581 523 395 70 77 
0 6 217 581 797 582 523 395 70 77 
0 6 217 581 797 583 523 395 70 77 
0 6 217 581 797 584 523 395 70 77 
0 6 217 581 797 585 523 395 70 77 
0 6 217 581 797 586 523 395 70 77 
0 6 217 581 797 587 523 395 70 77 
0 6 217 581 797 588 523 395 70 77 
0 6 217 581 797 589 523 395 70 77 
0 6 217 581 797 590 523 395 70 77 
0 6 217 581 797 591 523 395 70 77 
0 6 217 581 797 592 523 395 70 77 
0 6 217 581 797 593 523 395 70 77 
0 6 217 581 797 594 523 395 70 77 
0 6 217 581 797 595 523 395 70 77 
0 6 217 581 797 596 523 395 70 77 
0 6 217 581 797 597 523 395 70 77 
0 6 217 581 797 598 523 395 70 77 
0 6 217 581 797 599 523 395 70 77 
0 6 217 581 797 600 523 395 70 77 
0 6 217 581 797 601 523 395 70 77 
0 6 217 581 797 602 523 395 70 77 
0 6 217 581 797 603 523 395 70 77 
0 6 217 581 797 604 523 395 70 77 
0 6 217 581 797 605 523 395 70 77 
0 6 217 581 797 606 523 395 70 77 
0 6 217 581 797 607 523 395 70 77 
0 6 217 581 797 608 523 395 70 77 
0 6 217 581 797 609 523 395 70 77 
0 6 217 581 797 610 523 395 70 77 
0 6 217 581 797 611 523 395 70 77 
0 6 217 581 797 612 523 395 70 77 
0 6 217 581 797 613 523 395 70 77 
0 6 217 581 797 614 523 395 70 77 
0 6 217 581 797 615 523 395 70 77 
0 6 217 581 797 616 523 395 70 77 
0 6 217 581 797 617 523 395 70 77 
0 6 217 581 797 618 523 395 70 77 
0 6 217 581 797 619 523 395 70 77 
0 6 217 581 797 620 523 395 70 77 
0 6 217 581 797 621 523 395 70 77 
0 6 217 581 797 622 523 395 70 77 
0 6 217 581 797 623 523 395 70 77 
0 6 217 581 797 624 523 395 70 77 
0 6 217 581 797 625 523 395 70 77 
0 6 217 581 797 626 523 395 70 77 
0 6 217 581 797 627 523 395 70 77 
0 6 217 581 797 628 523 395 70 77 
0 6 217 581 797 629 523 395 70 77 
0 6 217 581 797 630 523 395 70 77 
0 6 217 581 797 631 523 395 70 77 
0 6 217 581 797 632 523 395 70 77 
0 6 217 581 797 633 523 395 70 77 
0 6 217 581 797 634 523 395 70 77 
0 6 217 581 797 635 523 395 70 77 
0 6 217 581 797 636 523 395 70 77 
0 6 217 581 797 637 523 395 70 77 
0 6 217 581 797 638 523 395 70 77 
0 6 217 581 797 639 523 395 70 77 
0 6 217 581 797 640 523 395 70 77 
0 6 217 581 797 641 523 395 70 77 
0 6 217 581 797 642 523 395 70 77 
0 6 217 581 797 643 523 395 70 77 
0 6 217 581 797 644 523 395 70 77 
0 6 217 581 797 645 523 395 70 77 
0 6 217 581 797 646 523 395 70 77 
0 6 217 581 797 647 523 395 70 77 
0 6 217 581 797 648 523 395 70 77 
0 6 217 581 797 649 523 395 70 77 
0 6 217 581 797 650 523 395 70 77 
0 6 217 581 797 651 523 395 70 77 
0 6 217 581 797 652 523 395 70 77 
0 6 217 581 797 653 523 395 70 77 
0 6 217 581 797 654 523 395 70 77 
0 6 217 581 797 655 523 395 70 77 
0 6 217 581 797 656 523 395 70 77 
0 6 217 581 797 657 523 395 70 77 
0 6 217 581 797 658 523 395 70 77 
0 6 217 581 797 659 523 395 70 77 
0 6 217 581 797 660 523 395 70 77 
0 6 217 581 797 661 523 395 70 77 
0 6 217 581 797 662 523 395 70 77 
0 6 217 581 797 663 523 395 70 77 
0 6 217 581 797 664 523 395 70 77 
0 6 217 581 797 665 523 395 70 77 
0 6 217 581 797 666 523 395 70 77 
0 6 217 581 797 667 523 395 70 77 
0 6 217 581 797 668 523 395 70 77 
0 6 217 581 797 669 523 395 70 77 
0 6 217 581 797 670 523 395 70 77 
0 6 217 581 797 671 523 395 70 77 
0 6 217 581 797 672 523 395 70 77 
0 6 217 581 797 673 523 395 70 77 
0 6 217 581 797 674 523 395 70 77 
0 6 217 581 797 675 523 395 70 77 
0 6 217 581 797 676 523 395 70 77 
0 6 217 581 797 677 523 395 70 77 
0 6 217 581 797 678 523 395 70 77 
0 6 217 581 797 679 523 395 70 77 
0 6 217 581 797 680 523 395 70 77 
0 6 217 581 797 681 523 395 70 77 
0 6 217 581 797 682 523 395 70 77 
0 6 217 581 797 683 523 395 70 77 
0 6 217 581 797 684 523 395 70 77 
0 6 217 581 797 685 523 395 70 77 
0 6 217 581 797 686 523 395 70 77 
0 6 217 581 797 687 523 395 70 77 
0 6 217 581 797 688 523 395 70 77 
0 6 217 581 797 689 523 395 70 77 
0 6 217 581 797 690 523 395 70 77 
0 6 217 581 797 691 523 395 70 77 
0 6 217 581 797 692 523 395 70 77 
0 6 217 581 797 693 523 395 70 77 
0 6 217 581 797 694 523 395 70 77 
0 6 217 581 797 695 523 395 70 77 
0 6 217 581 797 696 523 395 70 77 
0 6 217 581 797 697 523 395 70 77 
0 6 217 581 797 698 523 395 70 77 
0 6 217 581 797 699 523 395 70 77 
0 6 217 581 797 700 523 395 70 77 
0 6 217 581 797 701 523 395 70 77 
0 6 217 581 797 702 523 395 70 77 
0 6 217 581 797 703 523 395 70 77 
0 6 217 581 797 704 523 395 70 77 
0 6 217 581 797 705 523 395 70 77 
0 6 217 581 797 706 523 395 70 77 
0 6 217 581 797 707 523 395 70 77 
0 6 217 581 797 708 523 395 70 77 
0 6 217 581 797 709 523 395 70 77 
0 6 217 581 797 710 523 395 70 77 
0 6 217 581 797 711 523 395 70 77 
0 6 217 581 797 712 523 395 70 77 
0 6 217 581 797 713 523 395 70 77 
0 6 217 581 797 714 523 395 70 77 
0 6 217 581 797 715 523 395 70 77 
0 6 217 581 797 716 523 395 70 77 
0 6 217 581 797 717 523 395 70 77 
0 6 217 581 797 718 523 395 70 77 
0 6 217 581 797 719 523 395 70 77 
0 6 217 581 797 720 523 395 70 77 
0 6 217 581 797 721 523 395 70 77 
0 6 217 581 797 722 523 395 70 77 
0 6 217 581 797 723 523 395 70 77 
0 6 217 581 797 724 523 395 70 77 
0 6 217 581 797 725 523 395 70 77 
0 6 217 581 797 726 523 395 70 77 
0 6 217 581 797 727 523 395 70 77 
0 6 217 581 797 728 523 395 70 77 
0 6 217 581 797 729 523 395 70 77 
0 6 217 581 797 730 523 395 70 77 
0 6 217 581 797 731 523 395 70 77 
0 6 217 581 797 732 523 395 70 77 
0 6 217 581 797 733 523 395 70 77 
0 6 217 581 797 734 523 395 70 77 
0 6 217 581 797 735 523 395 70 77 
0 6 217 581 797 736 523 395 70 77 
0 6 217 581 797 737 523 395 70 77 
0 6 217 581 797 738 523 395 70 77 
0 6 217 581 797 739 523 395 70 77 
0 6 217 581 797 740 523 395 70 77 
0 6 217 581 797 741 523 395 70 77 
0 6 217 581 797 742 523 395 70 77 
0 6 217 581 797 743 523 395 70 77 
0 6 217 581 797 744 523 395 70 77 
0 6 217 581 797 745 523 395 70 77 
0 6 217 581 797 746 523 395 70 77 
0 6 217 581 797 747 523 395 70 77 
0 6 217 581 797 748 523 395 70 77 
0 6 217 581 797 749 523 395 70 77 
0 6 217 581 797 750 523 395 70 77 
0 6 217 581 797 751 523 395 70 77 
0 6 217 581 797 752 523 395 70 77 
0 6 217 581 797 753 523 395 70 77 
0 6 217 581 797 754 523 395 70 77 
0 6 217 581 797 755 523 395 70 77 
0 6 217 581 797 756 523 395 70 77 
0 6 217 581 797 757 523 395 70 77 
0 6 217 581 797 758 523 395 70 77 
0 6 217 581 797 759 523 395 70 77 
0 6 217 581 797 760 523 395 70 77 
0 6 217 581 797 761 523 395 70 77 
0 6 217 581 797 762 523 395 70 77 
0 6 217 581 797 763 523 395 70 77 
0 6 217 581 797 764 523 395 70 77 
0 6 217 581 797 765 523 395 70 77 
0 6 217 581 797 766 523 395 70 77 
0 6 217 581 797 767 523 395 70 77 
0 6 217 581 797 768 523 395 70 77 
0 6 217 581 797 769 523 395 70 77 
0 6 217 581 797 770 523 395 70 77 
0 6 217 581 797 771 523 395 70 77 
0 6 217 581 797 772 523 395 70 77 
0 6 217 581 797 773 523 395 70 77 
0 6 217 581 797 774 523 395 70 77 
0 6 217 581 797 775 523 395 70 77 
0 6 217 581 797 776 523 395 70 77 
0 6 217 581 797 777 523 395 70 77 
0 6 217 581 797 778 523 395 70 77 
0 6 217 581 797 779 523 395 70 77 
0 6 217 581 797 780 523 395 70 77 
0 6 217 581 797 781 523 395 70 77 
0 6 217 581 797 782 523 395 70 77 
0 6 217 581 797 783 523 395 70 77 
0 6 217 581 797 784 523 395 70 77 
0 6 217 581 797 785 523 395 70 77 
0 6 217 581 797 786 523 395 70 77 
0 6 217 581 797 787 523 395 70 77 
0 6 217 581 797 788 523 395 70 77 
0 6 217 581 797 789 523 395 70 77 
0 6 217 581 797 790 523 395 70 77 
0 6 217 581 797 791 523 395 70 77 
0 6 217 581 797 792 523 395 70 77 
0 6 217 581 797 793 523 395 70 77 
0 6 217 581 797 794 523 395 70 77 
0 6 217 581 797 795 523 395 70 77 
0 6 217 581 797 796 523 395 70 77 
0 6 217 581 797 797 523 395 70 77 
