0 5 129 594 722 594 884 527 98 83 
0 5 129 594 722 595 884 527 98 83 
0 5 129 594 722 596 884 527 98 83 
0 5 129 594 722 597 884 527 98 83 
0 5 129 594 722 598 884 527 98 83 
0 5 129 594 722 599 884 527 98 83 
0 5 129 594 722 600 884 527 98 83 
0 5 129 594 722 601 884 527 98 83 
0 5 129 594 722 602 884 527 98 83 
0 5 129 594 722 603 884 527 98 83 
0 5 129 594 722 604 884 527 98 83 
0 5 129 594 722 605 884 527 98 83 
0 5 129 594 722 606 884 527 98 83 
0 5 129 594 722 607 884 527 98 83 
0 5 129 594 722 608 884 527 98 83 
0 5 129 594 722 609 884 527 98 83 
0 5 129 594 722 610 884 527 98 83 
0 5 129 594 722 611 884 527 98 83 
0 5 129 594 722 612 884 527 98 83 
0 5 129 594 722 613 884 527 98 83 
0 5 129 594 722 614 884 527 98 83 
0 5 129 594 722 615 884 527 98 83 
0 5 129 594 722 616 884 527 98 83 
0 5 129 594 722 617 884 527 98 83 
0 5 129 594 722 618 884 527 98 83 
0 5 129 594 722 619 884 527 98 83 
0 5 129 594 722 620 884 527 98 83 
0 5 129 594 722 621 884 527 98 83 
0 5 129 594 722 622 884 527 98 83 
0 5 129 594 722 623 884 527 98 83 
0 5 129 594 722 624 884 527 98 83 
0 5 129 594 722 625 884 527 98 83 
0 5 129 594 722 626 884 527 98 83 
0 5 129 594 722 627 884 527 98 83 
0 5 129 594 722 628 884 527 98 83 
0 5 129 594 722 629 884 527 98 83 
0 5 129 594 722 630 884 527 98 83 
0 5 129 594 722 631 884 527 98 83 
0 5 129 594 722 632 884 527 98 83 
0 5 129 594 722 633 884 527 98 83 
0 5 129 594 722 634 884 527 98 83 
0 5 129 594 722 635 884 527 98 83 
0 5 129 594 722 636 884 527 98 83 
0 5 129 594 722 637 884 527 98 83 
0 5 129 594 722 638 884 527 98 83 
0 5 129 594 722 639 884 527 98 83 
0 5 129 594 722 640 884 527 98 83 
0 5 129 594 722 641 884 527 98 83 
0 5 129 594 722 642 884 527 98 83 
0 5 129 594 722 643 884 527 98 83 
0 5 129 594 722 644 884 527 98 83 
0 5 129 594 722 645 884 527 98 83 
0 5 129 594 722 646 884 527 98 83 
0 5 129 594 722 647 884 527 98 83 
0 5 129 594 722 648 884 527 98 83 
0 5 129 594 722 649 884 527 98 83 
0 5 129 594 722 650 884 527 98 83 
0 5 129 594 722 651 884 527 98 83 
0 5 129 594 722 652 884 527 98 83 
0 5 129 594 722 653 884 527 98 83 
0 5 129 594 722 654 884 527 98 83 
0 5 129 594 722 655 884 527 98 83 
0 5 129 594 722 656 884 527 98 83 
0 5 129 594 722 657 884 527 98 83 
0 5 129 594 722 658 884 527 98 83 
0 5 129 594 722 659 884 527 98 83 
0 5 129 594 722 660 884 527 98 83 
0 5 129 594 722 661 884 527 98 83 
0 5 129 594 722 662 884 527 98 83 
0 5 129 594 722 663 884 527 98 83 
0 5 129 594 722 664 884 527 98 83 
0 5 129 594 722 665 884 527 98 83 
0 5 129 594 722 666 884 527 98 83 
0 5 129 594 722 667 884 527 98 83 
0 5 129 594 722 668 884 527 98 83 
0 5 129 594 722 669 884 527 98 83 
0 5 129 594 722 670 884 527 98 83 
0 5 129 594 722 671 884 527 98 83 
0 5 129 594 722 672 884 527 98 83 
0 5 129 594 722 673 884 527 98 83 
0 5 129 594 722 674 884 527 98 83 
0 5 129 594 722 675 884 527 98 83 
0 5 129 594 722 676 884 527 98 83 
0 5 129 594 722 677 884 527 98 83 
0 5 129 594 722 678 884 527 98 83 
0 5 129 594 722 679 884 527 98 83 
0 5 129 594 722 680 884 527 98 83 
0 5 129 594 722 681 884 527 98 83 
0 5 129 594 722 682 884 527 98 83 
0 5 129 594 722 683 884 527 98 83 
0 5 129 594 722 684 884 527 98 83 
0 5 129 594 722 685 884 527 98 83 
0 5 129 594 722 686 884 527 98 83 
0 5 129 594 722 687 884 527 98 83 
0 5 129 594 722 688 884 527 98 83 
0 5 129 594 722 689 884 527 98 83 
0 5 129 594 722 690 884 527 98 83 
0 5 129 594 722 691 884 527 98 83 
0 5 129 594 722 692 884 527 98 83 
0 5 129 594 722 693 884 527 98 83 
0 5 129 594 722 694 884 527 98 83 
0 5 129 594 722 695 884 527 98 83 
0 5 129 594 722 696 884 527 98 83 
0 5 129 594 722 697 884 527 98 83 
0 5 129 594 722 698 884 527 98 83 
0 5 129 594 722 699 884 527 98 83 
0 5 129 594 722 700 884 527 98 83 
0 5 129 594 722 701 884 527 98 83 
0 5 129 594 722 702 884 527 98 83 
0 5 129 594 722 703 884 527 98 83 
0 5 129 594 722 704 884 527 98 83 
0 5 129 594 722 705 884 527 98 83 
0 5 129 594 722 706 884 527 98 83 
0 5 129 594 722 707 884 527 98 83 
0 5 129 594 722 708 884 527 98 83 
0 5 129 594 722 709 884 527 98 83 
0 5 129 594 722 710 884 527 98 83 
0 5 129 594 722 711 884 527 98 83 
0 5 129 594 722 712 884 527 98 83 
0 5 129 594 722 713 884 527 98 83 
0 5 129 594 722 714 884 527 98 83 
0 5 129 594 722 715 884 527 98 83 
0 5 129 594 722 716 884 527 98 83 
0 5 129 594 722 717 884 527 98 83 
0 5 129 594 722 718 884 527 98 83 
0 5 129 594 722 719 884 527 98 83 
0 5 129 594 722 720 884 527 98 83 
0 5 129 594 722 721 884 527 98 83 
0 5 129 594 722 722 884 527 98 83 
