0 6 527 6611 7137 6611 943 325 70 37 
0 6 527 6611 7137 6612 943 325 70 37 
0 6 527 6611 7137 6613 943 325 70 37 
0 6 527 6611 7137 6614 943 325 70 37 
0 6 527 6611 7137 6615 943 325 70 37 
0 6 527 6611 7137 6616 943 325 70 37 
0 6 527 6611 7137 6617 943 325 70 37 
0 6 527 6611 7137 6618 943 325 70 37 
0 6 527 6611 7137 6619 943 325 70 37 
0 6 527 6611 7137 6620 943 325 70 37 
0 6 527 6611 7137 6621 943 325 70 37 
0 6 527 6611 7137 6622 943 325 70 37 
0 6 527 6611 7137 6623 943 325 70 37 
0 6 527 6611 7137 6624 943 325 70 37 
0 6 527 6611 7137 6625 943 325 70 37 
0 6 527 6611 7137 6626 943 325 70 37 
0 6 527 6611 7137 6627 943 325 70 37 
0 6 527 6611 7137 6628 943 325 70 37 
0 6 527 6611 7137 6629 943 325 70 37 
0 6 527 6611 7137 6630 943 325 70 37 
0 6 527 6611 7137 6631 943 325 70 37 
0 6 527 6611 7137 6632 943 325 70 37 
0 6 527 6611 7137 6633 943 325 70 37 
0 6 527 6611 7137 6634 943 325 70 37 
0 6 527 6611 7137 6635 943 325 70 37 
0 6 527 6611 7137 6636 943 325 70 37 
0 6 527 6611 7137 6637 943 325 70 37 
0 6 527 6611 7137 6638 943 325 70 37 
0 6 527 6611 7137 6639 943 325 70 37 
0 6 527 6611 7137 6640 943 325 70 37 
0 6 527 6611 7137 6641 943 325 70 37 
0 6 527 6611 7137 6642 943 325 70 37 
0 6 527 6611 7137 6643 943 325 70 37 
0 6 527 6611 7137 6644 943 325 70 37 
0 6 527 6611 7137 6645 943 325 70 37 
0 6 527 6611 7137 6646 943 325 70 37 
0 6 527 6611 7137 6647 943 325 70 37 
0 6 527 6611 7137 6648 943 325 70 37 
0 6 527 6611 7137 6649 943 325 70 37 
0 6 527 6611 7137 6650 943 325 70 37 
0 6 527 6611 7137 6651 943 325 70 37 
0 6 527 6611 7137 6652 943 325 70 37 
0 6 527 6611 7137 6653 943 325 70 37 
0 6 527 6611 7137 6654 943 325 70 37 
0 6 527 6611 7137 6655 943 325 70 37 
0 6 527 6611 7137 6656 943 325 70 37 
0 6 527 6611 7137 6657 943 325 70 37 
0 6 527 6611 7137 6658 943 325 70 37 
0 6 527 6611 7137 6659 943 325 70 37 
0 6 527 6611 7137 6660 943 325 70 37 
0 6 527 6611 7137 6661 943 325 70 37 
0 6 527 6611 7137 6662 943 325 70 37 
0 6 527 6611 7137 6663 943 325 70 37 
0 6 527 6611 7137 6664 943 325 70 37 
0 6 527 6611 7137 6665 943 325 70 37 
0 6 527 6611 7137 6666 943 325 70 37 
0 6 527 6611 7137 6667 943 325 70 37 
0 6 527 6611 7137 6668 943 325 70 37 
0 6 527 6611 7137 6669 943 325 70 37 
0 6 527 6611 7137 6670 943 325 70 37 
0 6 527 6611 7137 6671 943 325 70 37 
0 6 527 6611 7137 6672 943 325 70 37 
0 6 527 6611 7137 6673 943 325 70 37 
0 6 527 6611 7137 6674 943 325 70 37 
0 6 527 6611 7137 6675 943 325 70 37 
0 6 527 6611 7137 6676 943 325 70 37 
0 6 527 6611 7137 6677 943 325 70 37 
0 6 527 6611 7137 6678 943 325 70 37 
0 6 527 6611 7137 6679 943 325 70 37 
0 6 527 6611 7137 6680 943 325 70 37 
0 6 527 6611 7137 6681 943 325 70 37 
0 6 527 6611 7137 6682 943 325 70 37 
0 6 527 6611 7137 6683 943 325 70 37 
0 6 527 6611 7137 6684 943 325 70 37 
0 6 527 6611 7137 6685 943 325 70 37 
0 6 527 6611 7137 6686 943 325 70 37 
0 6 527 6611 7137 6687 943 325 70 37 
0 6 527 6611 7137 6688 943 325 70 37 
0 6 527 6611 7137 6689 943 325 70 37 
0 6 527 6611 7137 6690 943 325 70 37 
0 6 527 6611 7137 6691 943 325 70 37 
0 6 527 6611 7137 6692 943 325 70 37 
0 6 527 6611 7137 6693 943 325 70 37 
0 6 527 6611 7137 6694 943 325 70 37 
0 6 527 6611 7137 6695 943 325 70 37 
0 6 527 6611 7137 6696 943 325 70 37 
0 6 527 6611 7137 6697 943 325 70 37 
0 6 527 6611 7137 6698 943 325 70 37 
0 6 527 6611 7137 6699 943 325 70 37 
0 6 527 6611 7137 6700 943 325 70 37 
0 6 527 6611 7137 6701 943 325 70 37 
0 6 527 6611 7137 6702 943 325 70 37 
0 6 527 6611 7137 6703 943 325 70 37 
0 6 527 6611 7137 6704 943 325 70 37 
0 6 527 6611 7137 6705 943 325 70 37 
0 6 527 6611 7137 6706 943 325 70 37 
0 6 527 6611 7137 6707 943 325 70 37 
0 6 527 6611 7137 6708 943 325 70 37 
0 6 527 6611 7137 6709 943 325 70 37 
0 6 527 6611 7137 6710 943 325 70 37 
0 6 527 6611 7137 6711 943 325 70 37 
0 6 527 6611 7137 6712 943 325 70 37 
0 6 527 6611 7137 6713 943 325 70 37 
0 6 527 6611 7137 6714 943 325 70 37 
0 6 527 6611 7137 6715 943 325 70 37 
0 6 527 6611 7137 6716 943 325 70 37 
0 6 527 6611 7137 6717 943 325 70 37 
0 6 527 6611 7137 6718 943 325 70 37 
0 6 527 6611 7137 6719 943 325 70 37 
0 6 527 6611 7137 6720 943 325 70 37 
0 6 527 6611 7137 6721 943 325 70 37 
0 6 527 6611 7137 6722 943 325 70 37 
0 6 527 6611 7137 6723 943 325 70 37 
0 6 527 6611 7137 6724 943 325 70 37 
0 6 527 6611 7137 6725 943 325 70 37 
0 6 527 6611 7137 6726 943 325 70 37 
0 6 527 6611 7137 6727 943 325 70 37 
0 6 527 6611 7137 6728 943 325 70 37 
0 6 527 6611 7137 6729 943 325 70 37 
0 6 527 6611 7137 6730 943 325 70 37 
0 6 527 6611 7137 6731 943 325 70 37 
0 6 527 6611 7137 6732 943 325 70 37 
0 6 527 6611 7137 6733 943 325 70 37 
0 6 527 6611 7137 6734 943 325 70 37 
0 6 527 6611 7137 6735 943 325 70 37 
0 6 527 6611 7137 6736 943 325 70 37 
0 6 527 6611 7137 6737 943 325 70 37 
0 6 527 6611 7137 6738 943 325 70 37 
0 6 527 6611 7137 6739 943 325 70 37 
0 6 527 6611 7137 6740 943 325 70 37 
0 6 527 6611 7137 6741 943 325 70 37 
0 6 527 6611 7137 6742 943 325 70 37 
0 6 527 6611 7137 6743 943 325 70 37 
0 6 527 6611 7137 6744 943 325 70 37 
0 6 527 6611 7137 6745 943 325 70 37 
0 6 527 6611 7137 6746 943 325 70 37 
0 6 527 6611 7137 6747 943 325 70 37 
0 6 527 6611 7137 6748 943 325 70 37 
0 6 527 6611 7137 6749 943 325 70 37 
0 6 527 6611 7137 6750 943 325 70 37 
0 6 527 6611 7137 6751 943 325 70 37 
0 6 527 6611 7137 6752 943 325 70 37 
0 6 527 6611 7137 6753 943 325 70 37 
0 6 527 6611 7137 6754 943 325 70 37 
0 6 527 6611 7137 6755 943 325 70 37 
0 6 527 6611 7137 6756 943 325 70 37 
0 6 527 6611 7137 6757 943 325 70 37 
0 6 527 6611 7137 6758 943 325 70 37 
0 6 527 6611 7137 6759 943 325 70 37 
0 6 527 6611 7137 6760 943 325 70 37 
0 6 527 6611 7137 6761 943 325 70 37 
0 6 527 6611 7137 6762 943 325 70 37 
0 6 527 6611 7137 6763 943 325 70 37 
0 6 527 6611 7137 6764 943 325 70 37 
0 6 527 6611 7137 6765 943 325 70 37 
0 6 527 6611 7137 6766 943 325 70 37 
0 6 527 6611 7137 6767 943 325 70 37 
0 6 527 6611 7137 6768 943 325 70 37 
0 6 527 6611 7137 6769 943 325 70 37 
0 6 527 6611 7137 6770 943 325 70 37 
0 6 527 6611 7137 6771 943 325 70 37 
0 6 527 6611 7137 6772 943 325 70 37 
0 6 527 6611 7137 6773 943 325 70 37 
0 6 527 6611 7137 6774 943 325 70 37 
0 6 527 6611 7137 6775 943 325 70 37 
0 6 527 6611 7137 6776 943 325 70 37 
0 6 527 6611 7137 6777 943 325 70 37 
0 6 527 6611 7137 6778 943 325 70 37 
0 6 527 6611 7137 6779 943 325 70 37 
0 6 527 6611 7137 6780 943 325 70 37 
0 6 527 6611 7137 6781 943 325 70 37 
0 6 527 6611 7137 6782 943 325 70 37 
0 6 527 6611 7137 6783 943 325 70 37 
0 6 527 6611 7137 6784 943 325 70 37 
0 6 527 6611 7137 6785 943 325 70 37 
0 6 527 6611 7137 6786 943 325 70 37 
0 6 527 6611 7137 6787 943 325 70 37 
0 6 527 6611 7137 6788 943 325 70 37 
0 6 527 6611 7137 6789 943 325 70 37 
0 6 527 6611 7137 6790 943 325 70 37 
0 6 527 6611 7137 6791 943 325 70 37 
0 6 527 6611 7137 6792 943 325 70 37 
0 6 527 6611 7137 6793 943 325 70 37 
0 6 527 6611 7137 6794 943 325 70 37 
0 6 527 6611 7137 6795 943 325 70 37 
0 6 527 6611 7137 6796 943 325 70 37 
0 6 527 6611 7137 6797 943 325 70 37 
0 6 527 6611 7137 6798 943 325 70 37 
0 6 527 6611 7137 6799 943 325 70 37 
0 6 527 6611 7137 6800 943 325 70 37 
0 6 527 6611 7137 6801 943 325 70 37 
0 6 527 6611 7137 6802 943 325 70 37 
0 6 527 6611 7137 6803 943 325 70 37 
0 6 527 6611 7137 6804 943 325 70 37 
0 6 527 6611 7137 6805 943 325 70 37 
0 6 527 6611 7137 6806 943 325 70 37 
0 6 527 6611 7137 6807 943 325 70 37 
0 6 527 6611 7137 6808 943 325 70 37 
0 6 527 6611 7137 6809 943 325 70 37 
0 6 527 6611 7137 6810 943 325 70 37 
0 6 527 6611 7137 6811 943 325 70 37 
0 6 527 6611 7137 6812 943 325 70 37 
0 6 527 6611 7137 6813 943 325 70 37 
0 6 527 6611 7137 6814 943 325 70 37 
0 6 527 6611 7137 6815 943 325 70 37 
0 6 527 6611 7137 6816 943 325 70 37 
0 6 527 6611 7137 6817 943 325 70 37 
0 6 527 6611 7137 6818 943 325 70 37 
0 6 527 6611 7137 6819 943 325 70 37 
0 6 527 6611 7137 6820 943 325 70 37 
0 6 527 6611 7137 6821 943 325 70 37 
0 6 527 6611 7137 6822 943 325 70 37 
0 6 527 6611 7137 6823 943 325 70 37 
0 6 527 6611 7137 6824 943 325 70 37 
0 6 527 6611 7137 6825 943 325 70 37 
0 6 527 6611 7137 6826 943 325 70 37 
0 6 527 6611 7137 6827 943 325 70 37 
0 6 527 6611 7137 6828 943 325 70 37 
0 6 527 6611 7137 6829 943 325 70 37 
0 6 527 6611 7137 6830 943 325 70 37 
0 6 527 6611 7137 6831 943 325 70 37 
0 6 527 6611 7137 6832 943 325 70 37 
0 6 527 6611 7137 6833 943 325 70 37 
0 6 527 6611 7137 6834 943 325 70 37 
0 6 527 6611 7137 6835 943 325 70 37 
0 6 527 6611 7137 6836 943 325 70 37 
0 6 527 6611 7137 6837 943 325 70 37 
0 6 527 6611 7137 6838 943 325 70 37 
0 6 527 6611 7137 6839 943 325 70 37 
0 6 527 6611 7137 6840 943 325 70 37 
0 6 527 6611 7137 6841 943 325 70 37 
0 6 527 6611 7137 6842 943 325 70 37 
0 6 527 6611 7137 6843 943 325 70 37 
0 6 527 6611 7137 6844 943 325 70 37 
0 6 527 6611 7137 6845 943 325 70 37 
0 6 527 6611 7137 6846 943 325 70 37 
0 6 527 6611 7137 6847 943 325 70 37 
0 6 527 6611 7137 6848 943 325 70 37 
0 6 527 6611 7137 6849 943 325 70 37 
0 6 527 6611 7137 6850 943 325 70 37 
0 6 527 6611 7137 6851 943 325 70 37 
0 6 527 6611 7137 6852 943 325 70 37 
0 6 527 6611 7137 6853 943 325 70 37 
0 6 527 6611 7137 6854 943 325 70 37 
0 6 527 6611 7137 6855 943 325 70 37 
0 6 527 6611 7137 6856 943 325 70 37 
0 6 527 6611 7137 6857 943 325 70 37 
0 6 527 6611 7137 6858 943 325 70 37 
0 6 527 6611 7137 6859 943 325 70 37 
0 6 527 6611 7137 6860 943 325 70 37 
0 6 527 6611 7137 6861 943 325 70 37 
0 6 527 6611 7137 6862 943 325 70 37 
0 6 527 6611 7137 6863 943 325 70 37 
0 6 527 6611 7137 6864 943 325 70 37 
0 6 527 6611 7137 6865 943 325 70 37 
0 6 527 6611 7137 6866 943 325 70 37 
0 6 527 6611 7137 6867 943 325 70 37 
0 6 527 6611 7137 6868 943 325 70 37 
0 6 527 6611 7137 6869 943 325 70 37 
0 6 527 6611 7137 6870 943 325 70 37 
0 6 527 6611 7137 6871 943 325 70 37 
0 6 527 6611 7137 6872 943 325 70 37 
0 6 527 6611 7137 6873 943 325 70 37 
0 6 527 6611 7137 6874 943 325 70 37 
0 6 527 6611 7137 6875 943 325 70 37 
0 6 527 6611 7137 6876 943 325 70 37 
0 6 527 6611 7137 6877 943 325 70 37 
0 6 527 6611 7137 6878 943 325 70 37 
0 6 527 6611 7137 6879 943 325 70 37 
0 6 527 6611 7137 6880 943 325 70 37 
0 6 527 6611 7137 6881 943 325 70 37 
0 6 527 6611 7137 6882 943 325 70 37 
0 6 527 6611 7137 6883 943 325 70 37 
0 6 527 6611 7137 6884 943 325 70 37 
0 6 527 6611 7137 6885 943 325 70 37 
0 6 527 6611 7137 6886 943 325 70 37 
0 6 527 6611 7137 6887 943 325 70 37 
0 6 527 6611 7137 6888 943 325 70 37 
0 6 527 6611 7137 6889 943 325 70 37 
0 6 527 6611 7137 6890 943 325 70 37 
0 6 527 6611 7137 6891 943 325 70 37 
0 6 527 6611 7137 6892 943 325 70 37 
0 6 527 6611 7137 6893 943 325 70 37 
0 6 527 6611 7137 6894 943 325 70 37 
0 6 527 6611 7137 6895 943 325 70 37 
0 6 527 6611 7137 6896 943 325 70 37 
0 6 527 6611 7137 6897 943 325 70 37 
0 6 527 6611 7137 6898 943 325 70 37 
0 6 527 6611 7137 6899 943 325 70 37 
0 6 527 6611 7137 6900 943 325 70 37 
0 6 527 6611 7137 6901 943 325 70 37 
0 6 527 6611 7137 6902 943 325 70 37 
0 6 527 6611 7137 6903 943 325 70 37 
0 6 527 6611 7137 6904 943 325 70 37 
0 6 527 6611 7137 6905 943 325 70 37 
0 6 527 6611 7137 6906 943 325 70 37 
0 6 527 6611 7137 6907 943 325 70 37 
0 6 527 6611 7137 6908 943 325 70 37 
0 6 527 6611 7137 6909 943 325 70 37 
0 6 527 6611 7137 6910 943 325 70 37 
0 6 527 6611 7137 6911 943 325 70 37 
0 6 527 6611 7137 6912 943 325 70 37 
0 6 527 6611 7137 6913 943 325 70 37 
0 6 527 6611 7137 6914 943 325 70 37 
0 6 527 6611 7137 6915 943 325 70 37 
0 6 527 6611 7137 6916 943 325 70 37 
0 6 527 6611 7137 6917 943 325 70 37 
0 6 527 6611 7137 6918 943 325 70 37 
0 6 527 6611 7137 6919 943 325 70 37 
0 6 527 6611 7137 6920 943 325 70 37 
0 6 527 6611 7137 6921 943 325 70 37 
0 6 527 6611 7137 6922 943 325 70 37 
0 6 527 6611 7137 6923 943 325 70 37 
0 6 527 6611 7137 6924 943 325 70 37 
0 6 527 6611 7137 6925 943 325 70 37 
0 6 527 6611 7137 6926 943 325 70 37 
0 6 527 6611 7137 6927 943 325 70 37 
0 6 527 6611 7137 6928 943 325 70 37 
0 6 527 6611 7137 6929 943 325 70 37 
0 6 527 6611 7137 6930 943 325 70 37 
0 6 527 6611 7137 6931 943 325 70 37 
0 6 527 6611 7137 6932 943 325 70 37 
0 6 527 6611 7137 6933 943 325 70 37 
0 6 527 6611 7137 6934 943 325 70 37 
0 6 527 6611 7137 6935 943 325 70 37 
0 6 527 6611 7137 6936 943 325 70 37 
0 6 527 6611 7137 6937 943 325 70 37 
0 6 527 6611 7137 6938 943 325 70 37 
0 6 527 6611 7137 6939 943 325 70 37 
0 6 527 6611 7137 6940 943 325 70 37 
0 6 527 6611 7137 6941 943 325 70 37 
0 6 527 6611 7137 6942 943 325 70 37 
0 6 527 6611 7137 6943 943 325 70 37 
0 6 527 6611 7137 6944 943 325 70 37 
0 6 527 6611 7137 6945 943 325 70 37 
0 6 527 6611 7137 6946 943 325 70 37 
0 6 527 6611 7137 6947 943 325 70 37 
0 6 527 6611 7137 6948 943 325 70 37 
0 6 527 6611 7137 6949 943 325 70 37 
0 6 527 6611 7137 6950 943 325 70 37 
0 6 527 6611 7137 6951 943 325 70 37 
0 6 527 6611 7137 6952 943 325 70 37 
0 6 527 6611 7137 6953 943 325 70 37 
0 6 527 6611 7137 6954 943 325 70 37 
0 6 527 6611 7137 6955 943 325 70 37 
0 6 527 6611 7137 6956 943 325 70 37 
0 6 527 6611 7137 6957 943 325 70 37 
0 6 527 6611 7137 6958 943 325 70 37 
0 6 527 6611 7137 6959 943 325 70 37 
0 6 527 6611 7137 6960 943 325 70 37 
0 6 527 6611 7137 6961 943 325 70 37 
0 6 527 6611 7137 6962 943 325 70 37 
0 6 527 6611 7137 6963 943 325 70 37 
0 6 527 6611 7137 6964 943 325 70 37 
0 6 527 6611 7137 6965 943 325 70 37 
0 6 527 6611 7137 6966 943 325 70 37 
0 6 527 6611 7137 6967 943 325 70 37 
0 6 527 6611 7137 6968 943 325 70 37 
0 6 527 6611 7137 6969 943 325 70 37 
0 6 527 6611 7137 6970 943 325 70 37 
0 6 527 6611 7137 6971 943 325 70 37 
0 6 527 6611 7137 6972 943 325 70 37 
0 6 527 6611 7137 6973 943 325 70 37 
0 6 527 6611 7137 6974 943 325 70 37 
0 6 527 6611 7137 6975 943 325 70 37 
0 6 527 6611 7137 6976 943 325 70 37 
0 6 527 6611 7137 6977 943 325 70 37 
0 6 527 6611 7137 6978 943 325 70 37 
0 6 527 6611 7137 6979 943 325 70 37 
0 6 527 6611 7137 6980 943 325 70 37 
0 6 527 6611 7137 6981 943 325 70 37 
0 6 527 6611 7137 6982 943 325 70 37 
0 6 527 6611 7137 6983 943 325 70 37 
0 6 527 6611 7137 6984 943 325 70 37 
0 6 527 6611 7137 6985 943 325 70 37 
0 6 527 6611 7137 6986 943 325 70 37 
0 6 527 6611 7137 6987 943 325 70 37 
0 6 527 6611 7137 6988 943 325 70 37 
0 6 527 6611 7137 6989 943 325 70 37 
0 6 527 6611 7137 6990 943 325 70 37 
0 6 527 6611 7137 6991 943 325 70 37 
0 6 527 6611 7137 6992 943 325 70 37 
0 6 527 6611 7137 6993 943 325 70 37 
0 6 527 6611 7137 6994 943 325 70 37 
0 6 527 6611 7137 6995 943 325 70 37 
0 6 527 6611 7137 6996 943 325 70 37 
0 6 527 6611 7137 6997 943 325 70 37 
0 6 527 6611 7137 6998 943 325 70 37 
0 6 527 6611 7137 6999 943 325 70 37 
0 6 527 6611 7137 7000 943 325 70 37 
0 6 527 6611 7137 7001 943 325 70 37 
0 6 527 6611 7137 7002 943 325 70 37 
0 6 527 6611 7137 7003 943 325 70 37 
0 6 527 6611 7137 7004 943 325 70 37 
0 6 527 6611 7137 7005 943 325 70 37 
0 6 527 6611 7137 7006 943 325 70 37 
0 6 527 6611 7137 7007 943 325 70 37 
0 6 527 6611 7137 7008 943 325 70 37 
0 6 527 6611 7137 7009 943 325 70 37 
0 6 527 6611 7137 7010 943 325 70 37 
0 6 527 6611 7137 7011 943 325 70 37 
0 6 527 6611 7137 7012 943 325 70 37 
0 6 527 6611 7137 7013 943 325 70 37 
0 6 527 6611 7137 7014 943 325 70 37 
0 6 527 6611 7137 7015 943 325 70 37 
0 6 527 6611 7137 7016 943 325 70 37 
0 6 527 6611 7137 7017 943 325 70 37 
0 6 527 6611 7137 7018 943 325 70 37 
0 6 527 6611 7137 7019 943 325 70 37 
0 6 527 6611 7137 7020 943 325 70 37 
0 6 527 6611 7137 7021 943 325 70 37 
0 6 527 6611 7137 7022 943 325 70 37 
0 6 527 6611 7137 7023 943 325 70 37 
0 6 527 6611 7137 7024 943 325 70 37 
0 6 527 6611 7137 7025 943 325 70 37 
0 6 527 6611 7137 7026 943 325 70 37 
0 6 527 6611 7137 7027 943 325 70 37 
0 6 527 6611 7137 7028 943 325 70 37 
0 6 527 6611 7137 7029 943 325 70 37 
0 6 527 6611 7137 7030 943 325 70 37 
0 6 527 6611 7137 7031 943 325 70 37 
0 6 527 6611 7137 7032 943 325 70 37 
0 6 527 6611 7137 7033 943 325 70 37 
0 6 527 6611 7137 7034 943 325 70 37 
0 6 527 6611 7137 7035 943 325 70 37 
0 6 527 6611 7137 7036 943 325 70 37 
0 6 527 6611 7137 7037 943 325 70 37 
0 6 527 6611 7137 7038 943 325 70 37 
0 6 527 6611 7137 7039 943 325 70 37 
0 6 527 6611 7137 7040 943 325 70 37 
0 6 527 6611 7137 7041 943 325 70 37 
0 6 527 6611 7137 7042 943 325 70 37 
0 6 527 6611 7137 7043 943 325 70 37 
0 6 527 6611 7137 7044 943 325 70 37 
0 6 527 6611 7137 7045 943 325 70 37 
0 6 527 6611 7137 7046 943 325 70 37 
0 6 527 6611 7137 7047 943 325 70 37 
0 6 527 6611 7137 7048 943 325 70 37 
0 6 527 6611 7137 7049 943 325 70 37 
0 6 527 6611 7137 7050 943 325 70 37 
0 6 527 6611 7137 7051 943 325 70 37 
0 6 527 6611 7137 7052 943 325 70 37 
0 6 527 6611 7137 7053 943 325 70 37 
0 6 527 6611 7137 7054 943 325 70 37 
0 6 527 6611 7137 7055 943 325 70 37 
0 6 527 6611 7137 7056 943 325 70 37 
0 6 527 6611 7137 7057 943 325 70 37 
0 6 527 6611 7137 7058 943 325 70 37 
0 6 527 6611 7137 7059 943 325 70 37 
0 6 527 6611 7137 7060 943 325 70 37 
0 6 527 6611 7137 7061 943 325 70 37 
0 6 527 6611 7137 7062 943 325 70 37 
0 6 527 6611 7137 7063 943 325 70 37 
0 6 527 6611 7137 7064 943 325 70 37 
0 6 527 6611 7137 7065 943 325 70 37 
0 6 527 6611 7137 7066 943 325 70 37 
0 6 527 6611 7137 7067 943 325 70 37 
0 6 527 6611 7137 7068 943 325 70 37 
0 6 527 6611 7137 7069 943 325 70 37 
0 6 527 6611 7137 7070 943 325 70 37 
0 6 527 6611 7137 7071 943 325 70 37 
0 6 527 6611 7137 7072 943 325 70 37 
0 6 527 6611 7137 7073 943 325 70 37 
0 6 527 6611 7137 7074 943 325 70 37 
0 6 527 6611 7137 7075 943 325 70 37 
0 6 527 6611 7137 7076 943 325 70 37 
0 6 527 6611 7137 7077 943 325 70 37 
0 6 527 6611 7137 7078 943 325 70 37 
0 6 527 6611 7137 7079 943 325 70 37 
0 6 527 6611 7137 7080 943 325 70 37 
0 6 527 6611 7137 7081 943 325 70 37 
0 6 527 6611 7137 7082 943 325 70 37 
0 6 527 6611 7137 7083 943 325 70 37 
0 6 527 6611 7137 7084 943 325 70 37 
0 6 527 6611 7137 7085 943 325 70 37 
0 6 527 6611 7137 7086 943 325 70 37 
0 6 527 6611 7137 7087 943 325 70 37 
0 6 527 6611 7137 7088 943 325 70 37 
0 6 527 6611 7137 7089 943 325 70 37 
0 6 527 6611 7137 7090 943 325 70 37 
0 6 527 6611 7137 7091 943 325 70 37 
0 6 527 6611 7137 7092 943 325 70 37 
0 6 527 6611 7137 7093 943 325 70 37 
0 6 527 6611 7137 7094 943 325 70 37 
0 6 527 6611 7137 7095 943 325 70 37 
0 6 527 6611 7137 7096 943 325 70 37 
0 6 527 6611 7137 7097 943 325 70 37 
0 6 527 6611 7137 7098 943 325 70 37 
0 6 527 6611 7137 7099 943 325 70 37 
0 6 527 6611 7137 7100 943 325 70 37 
0 6 527 6611 7137 7101 943 325 70 37 
0 6 527 6611 7137 7102 943 325 70 37 
0 6 527 6611 7137 7103 943 325 70 37 
0 6 527 6611 7137 7104 943 325 70 37 
0 6 527 6611 7137 7105 943 325 70 37 
0 6 527 6611 7137 7106 943 325 70 37 
0 6 527 6611 7137 7107 943 325 70 37 
0 6 527 6611 7137 7108 943 325 70 37 
0 6 527 6611 7137 7109 943 325 70 37 
0 6 527 6611 7137 7110 943 325 70 37 
0 6 527 6611 7137 7111 943 325 70 37 
0 6 527 6611 7137 7112 943 325 70 37 
0 6 527 6611 7137 7113 943 325 70 37 
0 6 527 6611 7137 7114 943 325 70 37 
0 6 527 6611 7137 7115 943 325 70 37 
0 6 527 6611 7137 7116 943 325 70 37 
0 6 527 6611 7137 7117 943 325 70 37 
0 6 527 6611 7137 7118 943 325 70 37 
0 6 527 6611 7137 7119 943 325 70 37 
0 6 527 6611 7137 7120 943 325 70 37 
0 6 527 6611 7137 7121 943 325 70 37 
0 6 527 6611 7137 7122 943 325 70 37 
0 6 527 6611 7137 7123 943 325 70 37 
0 6 527 6611 7137 7124 943 325 70 37 
0 6 527 6611 7137 7125 943 325 70 37 
0 6 527 6611 7137 7126 943 325 70 37 
0 6 527 6611 7137 7127 943 325 70 37 
0 6 527 6611 7137 7128 943 325 70 37 
0 6 527 6611 7137 7129 943 325 70 37 
0 6 527 6611 7137 7130 943 325 70 37 
0 6 527 6611 7137 7131 943 325 70 37 
0 6 527 6611 7137 7132 943 325 70 37 
0 6 527 6611 7137 7133 943 325 70 37 
0 6 527 6611 7137 7134 943 325 70 37 
0 6 527 6611 7137 7135 943 325 70 37 
0 6 527 6611 7137 7136 943 325 70 37 
0 6 527 6611 7137 7137 943 325 70 37 
