0 5 94 2168 2261 2168 477 410 79 60 
0 5 94 2168 2261 2169 477 410 79 60 
0 5 94 2168 2261 2170 477 410 79 60 
0 5 94 2168 2261 2171 477 410 79 60 
0 5 94 2168 2261 2172 477 410 79 60 
0 5 94 2168 2261 2173 477 410 79 60 
0 5 94 2168 2261 2174 477 410 79 60 
0 5 94 2168 2261 2175 477 410 79 60 
0 5 94 2168 2261 2176 477 410 79 60 
0 5 94 2168 2261 2177 477 410 79 60 
0 5 94 2168 2261 2178 477 410 79 60 
0 5 94 2168 2261 2179 477 410 79 60 
0 5 94 2168 2261 2180 477 410 79 60 
0 5 94 2168 2261 2181 477 410 79 60 
0 5 94 2168 2261 2182 477 410 79 60 
0 5 94 2168 2261 2183 477 410 79 60 
0 5 94 2168 2261 2184 477 410 79 60 
0 5 94 2168 2261 2185 477 410 79 60 
0 5 94 2168 2261 2186 477 410 79 60 
0 5 94 2168 2261 2187 477 410 79 60 
0 5 94 2168 2261 2188 477 410 79 60 
0 5 94 2168 2261 2189 477 410 79 60 
0 5 94 2168 2261 2190 477 410 79 60 
0 5 94 2168 2261 2191 477 410 79 60 
0 5 94 2168 2261 2192 477 410 79 60 
0 5 94 2168 2261 2193 477 410 79 60 
0 5 94 2168 2261 2194 477 410 79 60 
0 5 94 2168 2261 2195 477 410 79 60 
0 5 94 2168 2261 2196 477 410 79 60 
0 5 94 2168 2261 2197 477 410 79 60 
0 5 94 2168 2261 2198 477 410 79 60 
0 5 94 2168 2261 2199 477 410 79 60 
0 5 94 2168 2261 2200 477 410 79 60 
0 5 94 2168 2261 2201 477 410 79 60 
0 5 94 2168 2261 2202 477 410 79 60 
0 5 94 2168 2261 2203 477 410 79 60 
0 5 94 2168 2261 2204 477 410 79 60 
0 5 94 2168 2261 2205 477 410 79 60 
0 5 94 2168 2261 2206 477 410 79 60 
0 5 94 2168 2261 2207 477 410 79 60 
0 5 94 2168 2261 2208 477 410 79 60 
0 5 94 2168 2261 2209 477 410 79 60 
0 5 94 2168 2261 2210 477 410 79 60 
0 5 94 2168 2261 2211 477 410 79 60 
0 5 94 2168 2261 2212 477 410 79 60 
0 5 94 2168 2261 2213 477 410 79 60 
0 5 94 2168 2261 2214 477 410 79 60 
0 5 94 2168 2261 2215 477 410 79 60 
0 5 94 2168 2261 2216 477 410 79 60 
0 5 94 2168 2261 2217 477 410 79 60 
0 5 94 2168 2261 2218 477 410 79 60 
0 5 94 2168 2261 2219 477 410 79 60 
0 5 94 2168 2261 2220 477 410 79 60 
0 5 94 2168 2261 2221 477 410 79 60 
0 5 94 2168 2261 2222 477 410 79 60 
0 5 94 2168 2261 2223 477 410 79 60 
0 5 94 2168 2261 2224 477 410 79 60 
0 5 94 2168 2261 2225 477 410 79 60 
0 5 94 2168 2261 2226 477 410 79 60 
0 5 94 2168 2261 2227 477 410 79 60 
0 5 94 2168 2261 2228 477 410 79 60 
0 5 94 2168 2261 2229 477 410 79 60 
0 5 94 2168 2261 2230 477 410 79 60 
0 5 94 2168 2261 2231 477 410 79 60 
0 5 94 2168 2261 2232 477 410 79 60 
0 5 94 2168 2261 2233 477 410 79 60 
0 5 94 2168 2261 2234 477 410 79 60 
0 5 94 2168 2261 2235 477 410 79 60 
0 5 94 2168 2261 2236 477 410 79 60 
0 5 94 2168 2261 2237 477 410 79 60 
0 5 94 2168 2261 2238 477 410 79 60 
0 5 94 2168 2261 2239 477 410 79 60 
0 5 94 2168 2261 2240 477 410 79 60 
0 5 94 2168 2261 2241 477 410 79 60 
0 5 94 2168 2261 2242 477 410 79 60 
0 5 94 2168 2261 2243 477 410 79 60 
0 5 94 2168 2261 2244 477 410 79 60 
0 5 94 2168 2261 2245 477 410 79 60 
0 5 94 2168 2261 2246 477 410 79 60 
0 5 94 2168 2261 2247 477 410 79 60 
0 5 94 2168 2261 2248 477 410 79 60 
0 5 94 2168 2261 2249 477 410 79 60 
0 5 94 2168 2261 2250 477 410 79 60 
0 5 94 2168 2261 2251 477 410 79 60 
0 5 94 2168 2261 2252 477 410 79 60 
0 5 94 2168 2261 2253 477 410 79 60 
0 5 94 2168 2261 2254 477 410 79 60 
0 5 94 2168 2261 2255 477 410 79 60 
0 5 94 2168 2261 2256 477 410 79 60 
0 5 94 2168 2261 2257 477 410 79 60 
0 5 94 2168 2261 2258 477 410 79 60 
0 5 94 2168 2261 2259 477 410 79 60 
0 5 94 2168 2261 2260 477 410 79 60 
0 5 94 2168 2261 2261 477 410 79 60 
