0 5 94 536 629 536 836 345 66 34 
0 5 94 536 629 537 836 345 66 34 
0 5 94 536 629 538 836 345 66 34 
0 5 94 536 629 539 836 345 66 34 
0 5 94 536 629 540 836 345 66 34 
0 5 94 536 629 541 836 345 66 34 
0 5 94 536 629 542 836 345 66 34 
0 5 94 536 629 543 836 345 66 34 
0 5 94 536 629 544 836 345 66 34 
0 5 94 536 629 545 836 345 66 34 
0 5 94 536 629 546 836 345 66 34 
0 5 94 536 629 547 836 345 66 34 
0 5 94 536 629 548 836 345 66 34 
0 5 94 536 629 549 836 345 66 34 
0 5 94 536 629 550 836 345 66 34 
0 5 94 536 629 551 836 345 66 34 
0 5 94 536 629 552 836 345 66 34 
0 5 94 536 629 553 836 345 66 34 
0 5 94 536 629 554 836 345 66 34 
0 5 94 536 629 555 836 345 66 34 
0 5 94 536 629 556 836 345 66 34 
0 5 94 536 629 557 836 345 66 34 
0 5 94 536 629 558 836 345 66 34 
0 5 94 536 629 559 836 345 66 34 
0 5 94 536 629 560 836 345 66 34 
0 5 94 536 629 561 836 345 66 34 
0 5 94 536 629 562 836 345 66 34 
0 5 94 536 629 563 836 345 66 34 
0 5 94 536 629 564 836 345 66 34 
0 5 94 536 629 565 836 345 66 34 
0 5 94 536 629 566 836 345 66 34 
0 5 94 536 629 567 836 345 66 34 
0 5 94 536 629 568 836 345 66 34 
0 5 94 536 629 569 836 345 66 34 
0 5 94 536 629 570 836 345 66 34 
0 5 94 536 629 571 836 345 66 34 
0 5 94 536 629 572 836 345 66 34 
0 5 94 536 629 573 836 345 66 34 
0 5 94 536 629 574 836 345 66 34 
0 5 94 536 629 575 836 345 66 34 
0 5 94 536 629 576 836 345 66 34 
0 5 94 536 629 577 836 345 66 34 
0 5 94 536 629 578 836 345 66 34 
0 5 94 536 629 579 836 345 66 34 
0 5 94 536 629 580 836 345 66 34 
0 5 94 536 629 581 836 345 66 34 
0 5 94 536 629 582 836 345 66 34 
0 5 94 536 629 583 836 345 66 34 
0 5 94 536 629 584 836 345 66 34 
0 5 94 536 629 585 836 345 66 34 
0 5 94 536 629 586 836 345 66 34 
0 5 94 536 629 587 836 345 66 34 
0 5 94 536 629 588 836 345 66 34 
0 5 94 536 629 589 836 345 66 34 
0 5 94 536 629 590 836 345 66 34 
0 5 94 536 629 591 836 345 66 34 
0 5 94 536 629 592 836 345 66 34 
0 5 94 536 629 593 836 345 66 34 
0 5 94 536 629 594 836 345 66 34 
0 5 94 536 629 595 836 345 66 34 
0 5 94 536 629 596 836 345 66 34 
0 5 94 536 629 597 836 345 66 34 
0 5 94 536 629 598 836 345 66 34 
0 5 94 536 629 599 836 345 66 34 
0 5 94 536 629 600 836 345 66 34 
0 5 94 536 629 601 836 345 66 34 
0 5 94 536 629 602 836 345 66 34 
0 5 94 536 629 603 836 345 66 34 
0 5 94 536 629 604 836 345 66 34 
0 5 94 536 629 605 836 345 66 34 
0 5 94 536 629 606 836 345 66 34 
0 5 94 536 629 607 836 345 66 34 
0 5 94 536 629 608 836 345 66 34 
0 5 94 536 629 609 836 345 66 34 
0 5 94 536 629 610 836 345 66 34 
0 5 94 536 629 611 836 345 66 34 
0 5 94 536 629 612 836 345 66 34 
0 5 94 536 629 613 836 345 66 34 
0 5 94 536 629 614 836 345 66 34 
0 5 94 536 629 615 836 345 66 34 
0 5 94 536 629 616 836 345 66 34 
0 5 94 536 629 617 836 345 66 34 
0 5 94 536 629 618 836 345 66 34 
0 5 94 536 629 619 836 345 66 34 
0 5 94 536 629 620 836 345 66 34 
0 5 94 536 629 621 836 345 66 34 
0 5 94 536 629 622 836 345 66 34 
0 5 94 536 629 623 836 345 66 34 
0 5 94 536 629 624 836 345 66 34 
0 5 94 536 629 625 836 345 66 34 
0 5 94 536 629 626 836 345 66 34 
0 5 94 536 629 627 836 345 66 34 
0 5 94 536 629 628 836 345 66 34 
0 5 94 536 629 629 836 345 66 34 
