0 6 115 629 743 629 664 345 73 36 
0 6 115 629 743 630 664 345 73 36 
0 6 115 629 743 631 664 345 73 36 
0 6 115 629 743 632 664 345 73 36 
0 6 115 629 743 633 664 345 73 36 
0 6 115 629 743 634 664 345 73 36 
0 6 115 629 743 635 664 345 73 36 
0 6 115 629 743 636 664 345 73 36 
0 6 115 629 743 637 664 345 73 36 
0 6 115 629 743 638 664 345 73 36 
0 6 115 629 743 639 664 345 73 36 
0 6 115 629 743 640 664 345 73 36 
0 6 115 629 743 641 664 345 73 36 
0 6 115 629 743 642 664 345 73 36 
0 6 115 629 743 643 664 345 73 36 
0 6 115 629 743 644 664 345 73 36 
0 6 115 629 743 645 664 345 73 36 
0 6 115 629 743 646 664 345 73 36 
0 6 115 629 743 647 664 345 73 36 
0 6 115 629 743 648 664 345 73 36 
0 6 115 629 743 649 664 345 73 36 
0 6 115 629 743 650 664 345 73 36 
0 6 115 629 743 651 664 345 73 36 
0 6 115 629 743 652 664 345 73 36 
0 6 115 629 743 653 664 345 73 36 
0 6 115 629 743 654 664 345 73 36 
0 6 115 629 743 655 664 345 73 36 
0 6 115 629 743 656 664 345 73 36 
0 6 115 629 743 657 664 345 73 36 
0 6 115 629 743 658 664 345 73 36 
0 6 115 629 743 659 664 345 73 36 
0 6 115 629 743 660 664 345 73 36 
0 6 115 629 743 661 664 345 73 36 
0 6 115 629 743 662 664 345 73 36 
0 6 115 629 743 663 664 345 73 36 
0 6 115 629 743 664 664 345 73 36 
0 6 115 629 743 665 664 345 73 36 
0 6 115 629 743 666 664 345 73 36 
0 6 115 629 743 667 664 345 73 36 
0 6 115 629 743 668 664 345 73 36 
0 6 115 629 743 669 664 345 73 36 
0 6 115 629 743 670 664 345 73 36 
0 6 115 629 743 671 664 345 73 36 
0 6 115 629 743 672 664 345 73 36 
0 6 115 629 743 673 664 345 73 36 
0 6 115 629 743 674 664 345 73 36 
0 6 115 629 743 675 664 345 73 36 
0 6 115 629 743 676 664 345 73 36 
0 6 115 629 743 677 664 345 73 36 
0 6 115 629 743 678 664 345 73 36 
0 6 115 629 743 679 664 345 73 36 
0 6 115 629 743 680 664 345 73 36 
0 6 115 629 743 681 664 345 73 36 
0 6 115 629 743 682 664 345 73 36 
0 6 115 629 743 683 664 345 73 36 
0 6 115 629 743 684 664 345 73 36 
0 6 115 629 743 685 664 345 73 36 
0 6 115 629 743 686 664 345 73 36 
0 6 115 629 743 687 664 345 73 36 
0 6 115 629 743 688 664 345 73 36 
0 6 115 629 743 689 664 345 73 36 
0 6 115 629 743 690 664 345 73 36 
0 6 115 629 743 691 664 345 73 36 
0 6 115 629 743 692 664 345 73 36 
0 6 115 629 743 693 664 345 73 36 
0 6 115 629 743 694 664 345 73 36 
0 6 115 629 743 695 664 345 73 36 
0 6 115 629 743 696 664 345 73 36 
0 6 115 629 743 697 664 345 73 36 
0 6 115 629 743 698 664 345 73 36 
0 6 115 629 743 699 664 345 73 36 
0 6 115 629 743 700 664 345 73 36 
0 6 115 629 743 701 664 345 73 36 
0 6 115 629 743 702 664 345 73 36 
0 6 115 629 743 703 664 345 73 36 
0 6 115 629 743 704 664 345 73 36 
0 6 115 629 743 705 664 345 73 36 
0 6 115 629 743 706 664 345 73 36 
0 6 115 629 743 707 664 345 73 36 
0 6 115 629 743 708 664 345 73 36 
0 6 115 629 743 709 664 345 73 36 
0 6 115 629 743 710 664 345 73 36 
0 6 115 629 743 711 664 345 73 36 
0 6 115 629 743 712 664 345 73 36 
0 6 115 629 743 713 664 345 73 36 
0 6 115 629 743 714 664 345 73 36 
0 6 115 629 743 715 664 345 73 36 
0 6 115 629 743 716 664 345 73 36 
0 6 115 629 743 717 664 345 73 36 
0 6 115 629 743 718 664 345 73 36 
0 6 115 629 743 719 664 345 73 36 
0 6 115 629 743 720 664 345 73 36 
0 6 115 629 743 721 664 345 73 36 
0 6 115 629 743 722 664 345 73 36 
0 6 115 629 743 723 664 345 73 36 
0 6 115 629 743 724 664 345 73 36 
0 6 115 629 743 725 664 345 73 36 
0 6 115 629 743 726 664 345 73 36 
0 6 115 629 743 727 664 345 73 36 
0 6 115 629 743 728 664 345 73 36 
0 6 115 629 743 729 664 345 73 36 
0 6 115 629 743 730 664 345 73 36 
0 6 115 629 743 731 664 345 73 36 
0 6 115 629 743 732 664 345 73 36 
0 6 115 629 743 733 664 345 73 36 
0 6 115 629 743 734 664 345 73 36 
0 6 115 629 743 735 664 345 73 36 
0 6 115 629 743 736 664 345 73 36 
0 6 115 629 743 737 664 345 73 36 
0 6 115 629 743 738 664 345 73 36 
0 6 115 629 743 739 664 345 73 36 
0 6 115 629 743 740 664 345 73 36 
0 6 115 629 743 741 664 345 73 36 
0 6 115 629 743 742 664 345 73 36 
0 6 115 629 743 743 664 345 73 36 
