0 6 253 449 701 449 132 352 81 83 
0 6 253 449 701 450 132 352 81 83 
0 6 253 449 701 451 132 352 81 83 
0 6 253 449 701 452 132 352 81 83 
0 6 253 449 701 453 132 352 81 83 
0 6 253 449 701 454 132 352 81 83 
0 6 253 449 701 455 132 352 81 83 
0 6 253 449 701 456 132 352 81 83 
0 6 253 449 701 457 132 352 81 83 
0 6 253 449 701 458 132 352 81 83 
0 6 253 449 701 459 132 352 81 83 
0 6 253 449 701 460 132 352 81 83 
0 6 253 449 701 461 132 352 81 83 
0 6 253 449 701 462 132 352 81 83 
0 6 253 449 701 463 132 352 81 83 
0 6 253 449 701 464 132 352 81 83 
0 6 253 449 701 465 132 352 81 83 
0 6 253 449 701 466 132 352 81 83 
0 6 253 449 701 467 132 352 81 83 
0 6 253 449 701 468 132 352 81 83 
0 6 253 449 701 469 132 352 81 83 
0 6 253 449 701 470 132 352 81 83 
0 6 253 449 701 471 132 352 81 83 
0 6 253 449 701 472 132 352 81 83 
0 6 253 449 701 473 132 352 81 83 
0 6 253 449 701 474 132 352 81 83 
0 6 253 449 701 475 132 352 81 83 
0 6 253 449 701 476 132 352 81 83 
0 6 253 449 701 477 132 352 81 83 
0 6 253 449 701 478 132 352 81 83 
0 6 253 449 701 479 132 352 81 83 
0 6 253 449 701 480 132 352 81 83 
0 6 253 449 701 481 132 352 81 83 
0 6 253 449 701 482 132 352 81 83 
0 6 253 449 701 483 132 352 81 83 
0 6 253 449 701 484 132 352 81 83 
0 6 253 449 701 485 132 352 81 83 
0 6 253 449 701 486 132 352 81 83 
0 6 253 449 701 487 132 352 81 83 
0 6 253 449 701 488 132 352 81 83 
0 6 253 449 701 489 132 352 81 83 
0 6 253 449 701 490 132 352 81 83 
0 6 253 449 701 491 132 352 81 83 
0 6 253 449 701 492 132 352 81 83 
0 6 253 449 701 493 132 352 81 83 
0 6 253 449 701 494 132 352 81 83 
0 6 253 449 701 495 132 352 81 83 
0 6 253 449 701 496 132 352 81 83 
0 6 253 449 701 497 132 352 81 83 
0 6 253 449 701 498 132 352 81 83 
0 6 253 449 701 499 132 352 81 83 
0 6 253 449 701 500 132 352 81 83 
0 6 253 449 701 501 132 352 81 83 
0 6 253 449 701 502 132 352 81 83 
0 6 253 449 701 503 132 352 81 83 
0 6 253 449 701 504 132 352 81 83 
0 6 253 449 701 505 132 352 81 83 
0 6 253 449 701 506 132 352 81 83 
0 6 253 449 701 507 132 352 81 83 
0 6 253 449 701 508 132 352 81 83 
0 6 253 449 701 509 132 352 81 83 
0 6 253 449 701 510 132 352 81 83 
0 6 253 449 701 511 132 352 81 83 
0 6 253 449 701 512 132 352 81 83 
0 6 253 449 701 513 132 352 81 83 
0 6 253 449 701 514 132 352 81 83 
0 6 253 449 701 515 132 352 81 83 
0 6 253 449 701 516 132 352 81 83 
0 6 253 449 701 517 132 352 81 83 
0 6 253 449 701 518 132 352 81 83 
0 6 253 449 701 519 132 352 81 83 
0 6 253 449 701 520 132 352 81 83 
0 6 253 449 701 521 132 352 81 83 
0 6 253 449 701 522 132 352 81 83 
0 6 253 449 701 523 132 352 81 83 
0 6 253 449 701 524 132 352 81 83 
0 6 253 449 701 525 132 352 81 83 
0 6 253 449 701 526 132 352 81 83 
0 6 253 449 701 527 132 352 81 83 
0 6 253 449 701 528 132 352 81 83 
0 6 253 449 701 529 132 352 81 83 
0 6 253 449 701 530 132 352 81 83 
0 6 253 449 701 531 132 352 81 83 
0 6 253 449 701 532 132 352 81 83 
0 6 253 449 701 533 132 352 81 83 
0 6 253 449 701 534 132 352 81 83 
0 6 253 449 701 535 132 352 81 83 
0 6 253 449 701 536 132 352 81 83 
0 6 253 449 701 537 132 352 81 83 
0 6 253 449 701 538 132 352 81 83 
0 6 253 449 701 539 132 352 81 83 
0 6 253 449 701 540 132 352 81 83 
0 6 253 449 701 541 132 352 81 83 
0 6 253 449 701 542 132 352 81 83 
0 6 253 449 701 543 132 352 81 83 
0 6 253 449 701 544 132 352 81 83 
0 6 253 449 701 545 132 352 81 83 
0 6 253 449 701 546 132 352 81 83 
0 6 253 449 701 547 132 352 81 83 
0 6 253 449 701 548 132 352 81 83 
0 6 253 449 701 549 132 352 81 83 
0 6 253 449 701 550 132 352 81 83 
0 6 253 449 701 551 132 352 81 83 
0 6 253 449 701 552 132 352 81 83 
0 6 253 449 701 553 132 352 81 83 
0 6 253 449 701 554 132 352 81 83 
0 6 253 449 701 555 132 352 81 83 
0 6 253 449 701 556 132 352 81 83 
0 6 253 449 701 557 132 352 81 83 
0 6 253 449 701 558 132 352 81 83 
0 6 253 449 701 559 132 352 81 83 
0 6 253 449 701 560 132 352 81 83 
0 6 253 449 701 561 132 352 81 83 
0 6 253 449 701 562 132 352 81 83 
0 6 253 449 701 563 132 352 81 83 
0 6 253 449 701 564 132 352 81 83 
0 6 253 449 701 565 132 352 81 83 
0 6 253 449 701 566 132 352 81 83 
0 6 253 449 701 567 132 352 81 83 
0 6 253 449 701 568 132 352 81 83 
0 6 253 449 701 569 132 352 81 83 
0 6 253 449 701 570 132 352 81 83 
0 6 253 449 701 571 132 352 81 83 
0 6 253 449 701 572 132 352 81 83 
0 6 253 449 701 573 132 352 81 83 
0 6 253 449 701 574 132 352 81 83 
0 6 253 449 701 575 132 352 81 83 
0 6 253 449 701 576 132 352 81 83 
0 6 253 449 701 577 132 352 81 83 
0 6 253 449 701 578 132 352 81 83 
0 6 253 449 701 579 132 352 81 83 
0 6 253 449 701 580 132 352 81 83 
0 6 253 449 701 581 132 352 81 83 
0 6 253 449 701 582 132 352 81 83 
0 6 253 449 701 583 132 352 81 83 
0 6 253 449 701 584 132 352 81 83 
0 6 253 449 701 585 132 352 81 83 
0 6 253 449 701 586 132 352 81 83 
0 6 253 449 701 587 132 352 81 83 
0 6 253 449 701 588 132 352 81 83 
0 6 253 449 701 589 132 352 81 83 
0 6 253 449 701 590 132 352 81 83 
0 6 253 449 701 591 132 352 81 83 
0 6 253 449 701 592 132 352 81 83 
0 6 253 449 701 593 132 352 81 83 
0 6 253 449 701 594 132 352 81 83 
0 6 253 449 701 595 132 352 81 83 
0 6 253 449 701 596 132 352 81 83 
0 6 253 449 701 597 132 352 81 83 
0 6 253 449 701 598 132 352 81 83 
0 6 253 449 701 599 132 352 81 83 
0 6 253 449 701 600 132 352 81 83 
0 6 253 449 701 601 132 352 81 83 
0 6 253 449 701 602 132 352 81 83 
0 6 253 449 701 603 132 352 81 83 
0 6 253 449 701 604 132 352 81 83 
0 6 253 449 701 605 132 352 81 83 
0 6 253 449 701 606 132 352 81 83 
0 6 253 449 701 607 132 352 81 83 
0 6 253 449 701 608 132 352 81 83 
0 6 253 449 701 609 132 352 81 83 
0 6 253 449 701 610 132 352 81 83 
0 6 253 449 701 611 132 352 81 83 
0 6 253 449 701 612 132 352 81 83 
0 6 253 449 701 613 132 352 81 83 
0 6 253 449 701 614 132 352 81 83 
0 6 253 449 701 615 132 352 81 83 
0 6 253 449 701 616 132 352 81 83 
0 6 253 449 701 617 132 352 81 83 
0 6 253 449 701 618 132 352 81 83 
0 6 253 449 701 619 132 352 81 83 
0 6 253 449 701 620 132 352 81 83 
0 6 253 449 701 621 132 352 81 83 
0 6 253 449 701 622 132 352 81 83 
0 6 253 449 701 623 132 352 81 83 
0 6 253 449 701 624 132 352 81 83 
0 6 253 449 701 625 132 352 81 83 
0 6 253 449 701 626 132 352 81 83 
0 6 253 449 701 627 132 352 81 83 
0 6 253 449 701 628 132 352 81 83 
0 6 253 449 701 629 132 352 81 83 
0 6 253 449 701 630 132 352 81 83 
0 6 253 449 701 631 132 352 81 83 
0 6 253 449 701 632 132 352 81 83 
0 6 253 449 701 633 132 352 81 83 
0 6 253 449 701 634 132 352 81 83 
0 6 253 449 701 635 132 352 81 83 
0 6 253 449 701 636 132 352 81 83 
0 6 253 449 701 637 132 352 81 83 
0 6 253 449 701 638 132 352 81 83 
0 6 253 449 701 639 132 352 81 83 
0 6 253 449 701 640 132 352 81 83 
0 6 253 449 701 641 132 352 81 83 
0 6 253 449 701 642 132 352 81 83 
0 6 253 449 701 643 132 352 81 83 
0 6 253 449 701 644 132 352 81 83 
0 6 253 449 701 645 132 352 81 83 
0 6 253 449 701 646 132 352 81 83 
0 6 253 449 701 647 132 352 81 83 
0 6 253 449 701 648 132 352 81 83 
0 6 253 449 701 649 132 352 81 83 
0 6 253 449 701 650 132 352 81 83 
0 6 253 449 701 651 132 352 81 83 
0 6 253 449 701 652 132 352 81 83 
0 6 253 449 701 653 132 352 81 83 
0 6 253 449 701 654 132 352 81 83 
0 6 253 449 701 655 132 352 81 83 
0 6 253 449 701 656 132 352 81 83 
0 6 253 449 701 657 132 352 81 83 
0 6 253 449 701 658 132 352 81 83 
0 6 253 449 701 659 132 352 81 83 
0 6 253 449 701 660 132 352 81 83 
0 6 253 449 701 661 132 352 81 83 
0 6 253 449 701 662 132 352 81 83 
0 6 253 449 701 663 132 352 81 83 
0 6 253 449 701 664 132 352 81 83 
0 6 253 449 701 665 132 352 81 83 
0 6 253 449 701 666 132 352 81 83 
0 6 253 449 701 667 132 352 81 83 
0 6 253 449 701 668 132 352 81 83 
0 6 253 449 701 669 132 352 81 83 
0 6 253 449 701 670 132 352 81 83 
0 6 253 449 701 671 132 352 81 83 
0 6 253 449 701 672 132 352 81 83 
0 6 253 449 701 673 132 352 81 83 
0 6 253 449 701 674 132 352 81 83 
0 6 253 449 701 675 132 352 81 83 
0 6 253 449 701 676 132 352 81 83 
0 6 253 449 701 677 132 352 81 83 
0 6 253 449 701 678 132 352 81 83 
0 6 253 449 701 679 132 352 81 83 
0 6 253 449 701 680 132 352 81 83 
0 6 253 449 701 681 132 352 81 83 
0 6 253 449 701 682 132 352 81 83 
0 6 253 449 701 683 132 352 81 83 
0 6 253 449 701 684 132 352 81 83 
0 6 253 449 701 685 132 352 81 83 
0 6 253 449 701 686 132 352 81 83 
0 6 253 449 701 687 132 352 81 83 
0 6 253 449 701 688 132 352 81 83 
0 6 253 449 701 689 132 352 81 83 
0 6 253 449 701 690 132 352 81 83 
0 6 253 449 701 691 132 352 81 83 
0 6 253 449 701 692 132 352 81 83 
0 6 253 449 701 693 132 352 81 83 
0 6 253 449 701 694 132 352 81 83 
0 6 253 449 701 695 132 352 81 83 
0 6 253 449 701 696 132 352 81 83 
0 6 253 449 701 697 132 352 81 83 
0 6 253 449 701 698 132 352 81 83 
0 6 253 449 701 699 132 352 81 83 
0 6 253 449 701 700 132 352 81 83 
0 6 253 449 701 701 132 352 81 83 
