0 6 117 1180 1296 1180 685 336 82 43 
0 6 117 1180 1296 1181 685 336 82 43 
0 6 117 1180 1296 1182 685 336 82 43 
0 6 117 1180 1296 1183 685 336 82 43 
0 6 117 1180 1296 1184 685 336 82 43 
0 6 117 1180 1296 1185 685 336 82 43 
0 6 117 1180 1296 1186 685 336 82 43 
0 6 117 1180 1296 1187 685 336 82 43 
0 6 117 1180 1296 1188 685 336 82 43 
0 6 117 1180 1296 1189 685 336 82 43 
0 6 117 1180 1296 1190 685 336 82 43 
0 6 117 1180 1296 1191 685 336 82 43 
0 6 117 1180 1296 1192 685 336 82 43 
0 6 117 1180 1296 1193 685 336 82 43 
0 6 117 1180 1296 1194 685 336 82 43 
0 6 117 1180 1296 1195 685 336 82 43 
0 6 117 1180 1296 1196 685 336 82 43 
0 6 117 1180 1296 1197 685 336 82 43 
0 6 117 1180 1296 1198 685 336 82 43 
0 6 117 1180 1296 1199 685 336 82 43 
0 6 117 1180 1296 1200 685 336 82 43 
0 6 117 1180 1296 1201 685 336 82 43 
0 6 117 1180 1296 1202 685 336 82 43 
0 6 117 1180 1296 1203 685 336 82 43 
0 6 117 1180 1296 1204 685 336 82 43 
0 6 117 1180 1296 1205 685 336 82 43 
0 6 117 1180 1296 1206 685 336 82 43 
0 6 117 1180 1296 1207 685 336 82 43 
0 6 117 1180 1296 1208 685 336 82 43 
0 6 117 1180 1296 1209 685 336 82 43 
0 6 117 1180 1296 1210 685 336 82 43 
0 6 117 1180 1296 1211 685 336 82 43 
0 6 117 1180 1296 1212 685 336 82 43 
0 6 117 1180 1296 1213 685 336 82 43 
0 6 117 1180 1296 1214 685 336 82 43 
0 6 117 1180 1296 1215 685 336 82 43 
0 6 117 1180 1296 1216 685 336 82 43 
0 6 117 1180 1296 1217 685 336 82 43 
0 6 117 1180 1296 1218 685 336 82 43 
0 6 117 1180 1296 1219 685 336 82 43 
0 6 117 1180 1296 1220 685 336 82 43 
0 6 117 1180 1296 1221 685 336 82 43 
0 6 117 1180 1296 1222 685 336 82 43 
0 6 117 1180 1296 1223 685 336 82 43 
0 6 117 1180 1296 1224 685 336 82 43 
0 6 117 1180 1296 1225 685 336 82 43 
0 6 117 1180 1296 1226 685 336 82 43 
0 6 117 1180 1296 1227 685 336 82 43 
0 6 117 1180 1296 1228 685 336 82 43 
0 6 117 1180 1296 1229 685 336 82 43 
0 6 117 1180 1296 1230 685 336 82 43 
0 6 117 1180 1296 1231 685 336 82 43 
0 6 117 1180 1296 1232 685 336 82 43 
0 6 117 1180 1296 1233 685 336 82 43 
0 6 117 1180 1296 1234 685 336 82 43 
0 6 117 1180 1296 1235 685 336 82 43 
0 6 117 1180 1296 1236 685 336 82 43 
0 6 117 1180 1296 1237 685 336 82 43 
0 6 117 1180 1296 1238 685 336 82 43 
0 6 117 1180 1296 1239 685 336 82 43 
0 6 117 1180 1296 1240 685 336 82 43 
0 6 117 1180 1296 1241 685 336 82 43 
0 6 117 1180 1296 1242 685 336 82 43 
0 6 117 1180 1296 1243 685 336 82 43 
0 6 117 1180 1296 1244 685 336 82 43 
0 6 117 1180 1296 1245 685 336 82 43 
0 6 117 1180 1296 1246 685 336 82 43 
0 6 117 1180 1296 1247 685 336 82 43 
0 6 117 1180 1296 1248 685 336 82 43 
0 6 117 1180 1296 1249 685 336 82 43 
0 6 117 1180 1296 1250 685 336 82 43 
0 6 117 1180 1296 1251 685 336 82 43 
0 6 117 1180 1296 1252 685 336 82 43 
0 6 117 1180 1296 1253 685 336 82 43 
0 6 117 1180 1296 1254 685 336 82 43 
0 6 117 1180 1296 1255 685 336 82 43 
0 6 117 1180 1296 1256 685 336 82 43 
0 6 117 1180 1296 1257 685 336 82 43 
0 6 117 1180 1296 1258 685 336 82 43 
0 6 117 1180 1296 1259 685 336 82 43 
0 6 117 1180 1296 1260 685 336 82 43 
0 6 117 1180 1296 1261 685 336 82 43 
0 6 117 1180 1296 1262 685 336 82 43 
0 6 117 1180 1296 1263 685 336 82 43 
0 6 117 1180 1296 1264 685 336 82 43 
0 6 117 1180 1296 1265 685 336 82 43 
0 6 117 1180 1296 1266 685 336 82 43 
0 6 117 1180 1296 1267 685 336 82 43 
0 6 117 1180 1296 1268 685 336 82 43 
0 6 117 1180 1296 1269 685 336 82 43 
0 6 117 1180 1296 1270 685 336 82 43 
0 6 117 1180 1296 1271 685 336 82 43 
0 6 117 1180 1296 1272 685 336 82 43 
0 6 117 1180 1296 1273 685 336 82 43 
0 6 117 1180 1296 1274 685 336 82 43 
0 6 117 1180 1296 1275 685 336 82 43 
0 6 117 1180 1296 1276 685 336 82 43 
0 6 117 1180 1296 1277 685 336 82 43 
0 6 117 1180 1296 1278 685 336 82 43 
0 6 117 1180 1296 1279 685 336 82 43 
0 6 117 1180 1296 1280 685 336 82 43 
0 6 117 1180 1296 1281 685 336 82 43 
0 6 117 1180 1296 1282 685 336 82 43 
0 6 117 1180 1296 1283 685 336 82 43 
0 6 117 1180 1296 1284 685 336 82 43 
0 6 117 1180 1296 1285 685 336 82 43 
0 6 117 1180 1296 1286 685 336 82 43 
0 6 117 1180 1296 1287 685 336 82 43 
0 6 117 1180 1296 1288 685 336 82 43 
0 6 117 1180 1296 1289 685 336 82 43 
0 6 117 1180 1296 1290 685 336 82 43 
0 6 117 1180 1296 1291 685 336 82 43 
0 6 117 1180 1296 1292 685 336 82 43 
0 6 117 1180 1296 1293 685 336 82 43 
0 6 117 1180 1296 1294 685 336 82 43 
0 6 117 1180 1296 1295 685 336 82 43 
0 6 117 1180 1296 1296 685 336 82 43 
1 3 80 1332 1411 1332 656 335 73 28 
1 3 80 1332 1411 1333 656 335 73 28 
1 3 80 1332 1411 1334 656 335 73 28 
1 3 80 1332 1411 1335 656 335 73 28 
1 3 80 1332 1411 1336 656 335 73 28 
1 3 80 1332 1411 1337 656 335 73 28 
1 3 80 1332 1411 1338 656 335 73 28 
1 3 80 1332 1411 1339 656 335 73 28 
1 3 80 1332 1411 1340 656 335 73 28 
1 3 80 1332 1411 1341 656 335 73 28 
1 3 80 1332 1411 1342 656 335 73 28 
1 3 80 1332 1411 1343 656 335 73 28 
1 3 80 1332 1411 1344 656 335 73 28 
1 3 80 1332 1411 1345 656 335 73 28 
1 3 80 1332 1411 1346 656 335 73 28 
1 3 80 1332 1411 1347 656 335 73 28 
1 3 80 1332 1411 1348 656 335 73 28 
1 3 80 1332 1411 1349 656 335 73 28 
1 3 80 1332 1411 1350 656 335 73 28 
1 3 80 1332 1411 1351 656 335 73 28 
1 3 80 1332 1411 1352 656 335 73 28 
1 3 80 1332 1411 1353 656 335 73 28 
1 3 80 1332 1411 1354 656 335 73 28 
1 3 80 1332 1411 1355 656 335 73 28 
1 3 80 1332 1411 1356 656 335 73 28 
1 3 80 1332 1411 1357 656 335 73 28 
1 3 80 1332 1411 1358 656 335 73 28 
1 3 80 1332 1411 1359 656 335 73 28 
1 3 80 1332 1411 1360 656 335 73 28 
1 3 80 1332 1411 1361 656 335 73 28 
1 3 80 1332 1411 1362 656 335 73 28 
1 3 80 1332 1411 1363 656 335 73 28 
1 3 80 1332 1411 1364 656 335 73 28 
1 3 80 1332 1411 1365 656 335 73 28 
1 3 80 1332 1411 1366 656 335 73 28 
1 3 80 1332 1411 1367 656 335 73 28 
1 3 80 1332 1411 1368 656 335 73 28 
1 3 80 1332 1411 1369 656 335 73 28 
1 3 80 1332 1411 1370 656 335 73 28 
1 3 80 1332 1411 1371 656 335 73 28 
1 3 80 1332 1411 1372 656 335 73 28 
1 3 80 1332 1411 1373 656 335 73 28 
1 3 80 1332 1411 1374 656 335 73 28 
1 3 80 1332 1411 1375 656 335 73 28 
1 3 80 1332 1411 1376 656 335 73 28 
1 3 80 1332 1411 1377 656 335 73 28 
1 3 80 1332 1411 1378 656 335 73 28 
1 3 80 1332 1411 1379 656 335 73 28 
1 3 80 1332 1411 1380 656 335 73 28 
1 3 80 1332 1411 1381 656 335 73 28 
1 3 80 1332 1411 1382 656 335 73 28 
1 3 80 1332 1411 1383 656 335 73 28 
1 3 80 1332 1411 1384 656 335 73 28 
1 3 80 1332 1411 1385 656 335 73 28 
1 3 80 1332 1411 1386 656 335 73 28 
1 3 80 1332 1411 1387 656 335 73 28 
1 3 80 1332 1411 1388 656 335 73 28 
1 3 80 1332 1411 1389 656 335 73 28 
1 3 80 1332 1411 1390 656 335 73 28 
1 3 80 1332 1411 1391 656 335 73 28 
1 3 80 1332 1411 1392 656 335 73 28 
1 3 80 1332 1411 1393 656 335 73 28 
1 3 80 1332 1411 1394 656 335 73 28 
1 3 80 1332 1411 1395 656 335 73 28 
1 3 80 1332 1411 1396 656 335 73 28 
1 3 80 1332 1411 1397 656 335 73 28 
1 3 80 1332 1411 1398 656 335 73 28 
1 3 80 1332 1411 1399 656 335 73 28 
1 3 80 1332 1411 1400 656 335 73 28 
1 3 80 1332 1411 1401 656 335 73 28 
1 3 80 1332 1411 1402 656 335 73 28 
1 3 80 1332 1411 1403 656 335 73 28 
1 3 80 1332 1411 1404 656 335 73 28 
1 3 80 1332 1411 1405 656 335 73 28 
1 3 80 1332 1411 1406 656 335 73 28 
1 3 80 1332 1411 1407 656 335 73 28 
1 3 80 1332 1411 1408 656 335 73 28 
1 3 80 1332 1411 1409 656 335 73 28 
1 3 80 1332 1411 1410 656 335 73 28 
1 3 80 1332 1411 1411 656 335 73 28 
2 4 60 1732 1791 1732 653 337 69 39 
2 4 60 1732 1791 1733 653 337 69 39 
2 4 60 1732 1791 1734 653 337 69 39 
2 4 60 1732 1791 1735 653 337 69 39 
2 4 60 1732 1791 1736 653 337 69 39 
2 4 60 1732 1791 1737 653 337 69 39 
2 4 60 1732 1791 1738 653 337 69 39 
2 4 60 1732 1791 1739 653 337 69 39 
2 4 60 1732 1791 1740 653 337 69 39 
2 4 60 1732 1791 1741 653 337 69 39 
2 4 60 1732 1791 1742 653 337 69 39 
2 4 60 1732 1791 1743 653 337 69 39 
2 4 60 1732 1791 1744 653 337 69 39 
2 4 60 1732 1791 1745 653 337 69 39 
2 4 60 1732 1791 1746 653 337 69 39 
2 4 60 1732 1791 1747 653 337 69 39 
2 4 60 1732 1791 1748 653 337 69 39 
2 4 60 1732 1791 1749 653 337 69 39 
2 4 60 1732 1791 1750 653 337 69 39 
2 4 60 1732 1791 1751 653 337 69 39 
2 4 60 1732 1791 1752 653 337 69 39 
2 4 60 1732 1791 1753 653 337 69 39 
2 4 60 1732 1791 1754 653 337 69 39 
2 4 60 1732 1791 1755 653 337 69 39 
2 4 60 1732 1791 1756 653 337 69 39 
2 4 60 1732 1791 1757 653 337 69 39 
2 4 60 1732 1791 1758 653 337 69 39 
2 4 60 1732 1791 1759 653 337 69 39 
2 4 60 1732 1791 1760 653 337 69 39 
2 4 60 1732 1791 1761 653 337 69 39 
2 4 60 1732 1791 1762 653 337 69 39 
2 4 60 1732 1791 1763 653 337 69 39 
2 4 60 1732 1791 1764 653 337 69 39 
2 4 60 1732 1791 1765 653 337 69 39 
2 4 60 1732 1791 1766 653 337 69 39 
2 4 60 1732 1791 1767 653 337 69 39 
2 4 60 1732 1791 1768 653 337 69 39 
2 4 60 1732 1791 1769 653 337 69 39 
2 4 60 1732 1791 1770 653 337 69 39 
2 4 60 1732 1791 1771 653 337 69 39 
2 4 60 1732 1791 1772 653 337 69 39 
2 4 60 1732 1791 1773 653 337 69 39 
2 4 60 1732 1791 1774 653 337 69 39 
2 4 60 1732 1791 1775 653 337 69 39 
2 4 60 1732 1791 1776 653 337 69 39 
2 4 60 1732 1791 1777 653 337 69 39 
2 4 60 1732 1791 1778 653 337 69 39 
2 4 60 1732 1791 1779 653 337 69 39 
2 4 60 1732 1791 1780 653 337 69 39 
2 4 60 1732 1791 1781 653 337 69 39 
2 4 60 1732 1791 1782 653 337 69 39 
2 4 60 1732 1791 1783 653 337 69 39 
2 4 60 1732 1791 1784 653 337 69 39 
2 4 60 1732 1791 1785 653 337 69 39 
2 4 60 1732 1791 1786 653 337 69 39 
2 4 60 1732 1791 1787 653 337 69 39 
2 4 60 1732 1791 1788 653 337 69 39 
2 4 60 1732 1791 1789 653 337 69 39 
2 4 60 1732 1791 1790 653 337 69 39 
2 4 60 1732 1791 1791 653 337 69 39 
