0 6 83 237 319 237 879 328 75 25 
0 6 83 237 319 238 879 328 75 25 
0 6 83 237 319 239 879 328 75 25 
0 6 83 237 319 240 879 328 75 25 
0 6 83 237 319 241 879 328 75 25 
0 6 83 237 319 242 879 328 75 25 
0 6 83 237 319 243 879 328 75 25 
0 6 83 237 319 244 879 328 75 25 
0 6 83 237 319 245 879 328 75 25 
0 6 83 237 319 246 879 328 75 25 
0 6 83 237 319 247 879 328 75 25 
0 6 83 237 319 248 879 328 75 25 
0 6 83 237 319 249 879 328 75 25 
0 6 83 237 319 250 879 328 75 25 
0 6 83 237 319 251 879 328 75 25 
0 6 83 237 319 252 879 328 75 25 
0 6 83 237 319 253 879 328 75 25 
0 6 83 237 319 254 879 328 75 25 
0 6 83 237 319 255 879 328 75 25 
0 6 83 237 319 256 879 328 75 25 
0 6 83 237 319 257 879 328 75 25 
0 6 83 237 319 258 879 328 75 25 
0 6 83 237 319 259 879 328 75 25 
0 6 83 237 319 260 879 328 75 25 
0 6 83 237 319 261 879 328 75 25 
0 6 83 237 319 262 879 328 75 25 
0 6 83 237 319 263 879 328 75 25 
0 6 83 237 319 264 879 328 75 25 
0 6 83 237 319 265 879 328 75 25 
0 6 83 237 319 266 879 328 75 25 
0 6 83 237 319 267 879 328 75 25 
0 6 83 237 319 268 879 328 75 25 
0 6 83 237 319 269 879 328 75 25 
0 6 83 237 319 270 879 328 75 25 
0 6 83 237 319 271 879 328 75 25 
0 6 83 237 319 272 879 328 75 25 
0 6 83 237 319 273 879 328 75 25 
0 6 83 237 319 274 879 328 75 25 
0 6 83 237 319 275 879 328 75 25 
0 6 83 237 319 276 879 328 75 25 
0 6 83 237 319 277 879 328 75 25 
0 6 83 237 319 278 879 328 75 25 
0 6 83 237 319 279 879 328 75 25 
0 6 83 237 319 280 879 328 75 25 
0 6 83 237 319 281 879 328 75 25 
0 6 83 237 319 282 879 328 75 25 
0 6 83 237 319 283 879 328 75 25 
0 6 83 237 319 284 879 328 75 25 
0 6 83 237 319 285 879 328 75 25 
0 6 83 237 319 286 879 328 75 25 
0 6 83 237 319 287 879 328 75 25 
0 6 83 237 319 288 879 328 75 25 
0 6 83 237 319 289 879 328 75 25 
0 6 83 237 319 290 879 328 75 25 
0 6 83 237 319 291 879 328 75 25 
0 6 83 237 319 292 879 328 75 25 
0 6 83 237 319 293 879 328 75 25 
0 6 83 237 319 294 879 328 75 25 
0 6 83 237 319 295 879 328 75 25 
0 6 83 237 319 296 879 328 75 25 
0 6 83 237 319 297 879 328 75 25 
0 6 83 237 319 298 879 328 75 25 
0 6 83 237 319 299 879 328 75 25 
0 6 83 237 319 300 879 328 75 25 
0 6 83 237 319 301 879 328 75 25 
0 6 83 237 319 302 879 328 75 25 
0 6 83 237 319 303 879 328 75 25 
0 6 83 237 319 304 879 328 75 25 
0 6 83 237 319 305 879 328 75 25 
0 6 83 237 319 306 879 328 75 25 
0 6 83 237 319 307 879 328 75 25 
0 6 83 237 319 308 879 328 75 25 
0 6 83 237 319 309 879 328 75 25 
0 6 83 237 319 310 879 328 75 25 
0 6 83 237 319 311 879 328 75 25 
0 6 83 237 319 312 879 328 75 25 
0 6 83 237 319 313 879 328 75 25 
0 6 83 237 319 314 879 328 75 25 
0 6 83 237 319 315 879 328 75 25 
0 6 83 237 319 316 879 328 75 25 
0 6 83 237 319 317 879 328 75 25 
0 6 83 237 319 318 879 328 75 25 
0 6 83 237 319 319 879 328 75 25 
1 3 69 446 514 446 855 323 57 42 
1 3 69 446 514 447 855 323 57 42 
1 3 69 446 514 448 855 323 57 42 
1 3 69 446 514 449 855 323 57 42 
1 3 69 446 514 450 855 323 57 42 
1 3 69 446 514 451 855 323 57 42 
1 3 69 446 514 452 855 323 57 42 
1 3 69 446 514 453 855 323 57 42 
1 3 69 446 514 454 855 323 57 42 
1 3 69 446 514 455 855 323 57 42 
1 3 69 446 514 456 855 323 57 42 
1 3 69 446 514 457 855 323 57 42 
1 3 69 446 514 458 855 323 57 42 
1 3 69 446 514 459 855 323 57 42 
1 3 69 446 514 460 855 323 57 42 
1 3 69 446 514 461 855 323 57 42 
1 3 69 446 514 462 855 323 57 42 
1 3 69 446 514 463 855 323 57 42 
1 3 69 446 514 464 855 323 57 42 
1 3 69 446 514 465 855 323 57 42 
1 3 69 446 514 466 855 323 57 42 
1 3 69 446 514 467 855 323 57 42 
1 3 69 446 514 468 855 323 57 42 
1 3 69 446 514 469 855 323 57 42 
1 3 69 446 514 470 855 323 57 42 
1 3 69 446 514 471 855 323 57 42 
1 3 69 446 514 472 855 323 57 42 
1 3 69 446 514 473 855 323 57 42 
1 3 69 446 514 474 855 323 57 42 
1 3 69 446 514 475 855 323 57 42 
1 3 69 446 514 476 855 323 57 42 
1 3 69 446 514 477 855 323 57 42 
1 3 69 446 514 478 855 323 57 42 
1 3 69 446 514 479 855 323 57 42 
1 3 69 446 514 480 855 323 57 42 
1 3 69 446 514 481 855 323 57 42 
1 3 69 446 514 482 855 323 57 42 
1 3 69 446 514 483 855 323 57 42 
1 3 69 446 514 484 855 323 57 42 
1 3 69 446 514 485 855 323 57 42 
1 3 69 446 514 486 855 323 57 42 
1 3 69 446 514 487 855 323 57 42 
1 3 69 446 514 488 855 323 57 42 
1 3 69 446 514 489 855 323 57 42 
1 3 69 446 514 490 855 323 57 42 
1 3 69 446 514 491 855 323 57 42 
1 3 69 446 514 492 855 323 57 42 
1 3 69 446 514 493 855 323 57 42 
1 3 69 446 514 494 855 323 57 42 
1 3 69 446 514 495 855 323 57 42 
1 3 69 446 514 496 855 323 57 42 
1 3 69 446 514 497 855 323 57 42 
1 3 69 446 514 498 855 323 57 42 
1 3 69 446 514 499 855 323 57 42 
1 3 69 446 514 500 855 323 57 42 
1 3 69 446 514 501 855 323 57 42 
1 3 69 446 514 502 855 323 57 42 
1 3 69 446 514 503 855 323 57 42 
1 3 69 446 514 504 855 323 57 42 
1 3 69 446 514 505 855 323 57 42 
1 3 69 446 514 506 855 323 57 42 
1 3 69 446 514 507 855 323 57 42 
1 3 69 446 514 508 855 323 57 42 
1 3 69 446 514 509 855 323 57 42 
1 3 69 446 514 510 855 323 57 42 
1 3 69 446 514 511 855 323 57 42 
1 3 69 446 514 512 855 323 57 42 
1 3 69 446 514 513 855 323 57 42 
1 3 69 446 514 514 855 323 57 42 
2 4 60 631 690 631 854 323 57 33 
2 4 60 631 690 632 854 323 57 33 
2 4 60 631 690 633 854 323 57 33 
2 4 60 631 690 634 854 323 57 33 
2 4 60 631 690 635 854 323 57 33 
2 4 60 631 690 636 854 323 57 33 
2 4 60 631 690 637 854 323 57 33 
2 4 60 631 690 638 854 323 57 33 
2 4 60 631 690 639 854 323 57 33 
2 4 60 631 690 640 854 323 57 33 
2 4 60 631 690 641 854 323 57 33 
2 4 60 631 690 642 854 323 57 33 
2 4 60 631 690 643 854 323 57 33 
2 4 60 631 690 644 854 323 57 33 
2 4 60 631 690 645 854 323 57 33 
2 4 60 631 690 646 854 323 57 33 
2 4 60 631 690 647 854 323 57 33 
2 4 60 631 690 648 854 323 57 33 
2 4 60 631 690 649 854 323 57 33 
2 4 60 631 690 650 854 323 57 33 
2 4 60 631 690 651 854 323 57 33 
2 4 60 631 690 652 854 323 57 33 
2 4 60 631 690 653 854 323 57 33 
2 4 60 631 690 654 854 323 57 33 
2 4 60 631 690 655 854 323 57 33 
2 4 60 631 690 656 854 323 57 33 
2 4 60 631 690 657 854 323 57 33 
2 4 60 631 690 658 854 323 57 33 
2 4 60 631 690 659 854 323 57 33 
2 4 60 631 690 660 854 323 57 33 
2 4 60 631 690 661 854 323 57 33 
2 4 60 631 690 662 854 323 57 33 
2 4 60 631 690 663 854 323 57 33 
2 4 60 631 690 664 854 323 57 33 
2 4 60 631 690 665 854 323 57 33 
2 4 60 631 690 666 854 323 57 33 
2 4 60 631 690 667 854 323 57 33 
2 4 60 631 690 668 854 323 57 33 
2 4 60 631 690 669 854 323 57 33 
2 4 60 631 690 670 854 323 57 33 
2 4 60 631 690 671 854 323 57 33 
2 4 60 631 690 672 854 323 57 33 
2 4 60 631 690 673 854 323 57 33 
2 4 60 631 690 674 854 323 57 33 
2 4 60 631 690 675 854 323 57 33 
2 4 60 631 690 676 854 323 57 33 
2 4 60 631 690 677 854 323 57 33 
2 4 60 631 690 678 854 323 57 33 
2 4 60 631 690 679 854 323 57 33 
2 4 60 631 690 680 854 323 57 33 
2 4 60 631 690 681 854 323 57 33 
2 4 60 631 690 682 854 323 57 33 
2 4 60 631 690 683 854 323 57 33 
2 4 60 631 690 684 854 323 57 33 
2 4 60 631 690 685 854 323 57 33 
2 4 60 631 690 686 854 323 57 33 
2 4 60 631 690 687 854 323 57 33 
2 4 60 631 690 688 854 323 57 33 
2 4 60 631 690 689 854 323 57 33 
2 4 60 631 690 690 854 323 57 33 
3 6 170 1779 1948 1779 471 384 59 43 
3 6 170 1779 1948 1780 471 384 59 43 
3 6 170 1779 1948 1781 471 384 59 43 
3 6 170 1779 1948 1782 471 384 59 43 
3 6 170 1779 1948 1783 471 384 59 43 
3 6 170 1779 1948 1784 471 384 59 43 
3 6 170 1779 1948 1785 471 384 59 43 
3 6 170 1779 1948 1786 471 384 59 43 
3 6 170 1779 1948 1787 471 384 59 43 
3 6 170 1779 1948 1788 471 384 59 43 
3 6 170 1779 1948 1789 471 384 59 43 
3 6 170 1779 1948 1790 471 384 59 43 
3 6 170 1779 1948 1791 471 384 59 43 
3 6 170 1779 1948 1792 471 384 59 43 
3 6 170 1779 1948 1793 471 384 59 43 
3 6 170 1779 1948 1794 471 384 59 43 
3 6 170 1779 1948 1795 471 384 59 43 
3 6 170 1779 1948 1796 471 384 59 43 
3 6 170 1779 1948 1797 471 384 59 43 
3 6 170 1779 1948 1798 471 384 59 43 
3 6 170 1779 1948 1799 471 384 59 43 
3 6 170 1779 1948 1800 471 384 59 43 
3 6 170 1779 1948 1801 471 384 59 43 
3 6 170 1779 1948 1802 471 384 59 43 
3 6 170 1779 1948 1803 471 384 59 43 
3 6 170 1779 1948 1804 471 384 59 43 
3 6 170 1779 1948 1805 471 384 59 43 
3 6 170 1779 1948 1806 471 384 59 43 
3 6 170 1779 1948 1807 471 384 59 43 
3 6 170 1779 1948 1808 471 384 59 43 
3 6 170 1779 1948 1809 471 384 59 43 
3 6 170 1779 1948 1810 471 384 59 43 
3 6 170 1779 1948 1811 471 384 59 43 
3 6 170 1779 1948 1812 471 384 59 43 
3 6 170 1779 1948 1813 471 384 59 43 
3 6 170 1779 1948 1814 471 384 59 43 
3 6 170 1779 1948 1815 471 384 59 43 
3 6 170 1779 1948 1816 471 384 59 43 
3 6 170 1779 1948 1817 471 384 59 43 
3 6 170 1779 1948 1818 471 384 59 43 
3 6 170 1779 1948 1819 471 384 59 43 
3 6 170 1779 1948 1820 471 384 59 43 
3 6 170 1779 1948 1821 471 384 59 43 
3 6 170 1779 1948 1822 471 384 59 43 
3 6 170 1779 1948 1823 471 384 59 43 
3 6 170 1779 1948 1824 471 384 59 43 
3 6 170 1779 1948 1825 471 384 59 43 
3 6 170 1779 1948 1826 471 384 59 43 
3 6 170 1779 1948 1827 471 384 59 43 
3 6 170 1779 1948 1828 471 384 59 43 
3 6 170 1779 1948 1829 471 384 59 43 
3 6 170 1779 1948 1830 471 384 59 43 
3 6 170 1779 1948 1831 471 384 59 43 
3 6 170 1779 1948 1832 471 384 59 43 
3 6 170 1779 1948 1833 471 384 59 43 
3 6 170 1779 1948 1834 471 384 59 43 
3 6 170 1779 1948 1835 471 384 59 43 
3 6 170 1779 1948 1836 471 384 59 43 
3 6 170 1779 1948 1837 471 384 59 43 
3 6 170 1779 1948 1838 471 384 59 43 
3 6 170 1779 1948 1839 471 384 59 43 
3 6 170 1779 1948 1840 471 384 59 43 
3 6 170 1779 1948 1841 471 384 59 43 
3 6 170 1779 1948 1842 471 384 59 43 
3 6 170 1779 1948 1843 471 384 59 43 
3 6 170 1779 1948 1844 471 384 59 43 
3 6 170 1779 1948 1845 471 384 59 43 
3 6 170 1779 1948 1846 471 384 59 43 
3 6 170 1779 1948 1847 471 384 59 43 
3 6 170 1779 1948 1848 471 384 59 43 
3 6 170 1779 1948 1849 471 384 59 43 
3 6 170 1779 1948 1850 471 384 59 43 
3 6 170 1779 1948 1851 471 384 59 43 
3 6 170 1779 1948 1852 471 384 59 43 
3 6 170 1779 1948 1853 471 384 59 43 
3 6 170 1779 1948 1854 471 384 59 43 
3 6 170 1779 1948 1855 471 384 59 43 
3 6 170 1779 1948 1856 471 384 59 43 
3 6 170 1779 1948 1857 471 384 59 43 
3 6 170 1779 1948 1858 471 384 59 43 
3 6 170 1779 1948 1859 471 384 59 43 
3 6 170 1779 1948 1860 471 384 59 43 
3 6 170 1779 1948 1861 471 384 59 43 
3 6 170 1779 1948 1862 471 384 59 43 
3 6 170 1779 1948 1863 471 384 59 43 
3 6 170 1779 1948 1864 471 384 59 43 
3 6 170 1779 1948 1865 471 384 59 43 
3 6 170 1779 1948 1866 471 384 59 43 
3 6 170 1779 1948 1867 471 384 59 43 
3 6 170 1779 1948 1868 471 384 59 43 
3 6 170 1779 1948 1869 471 384 59 43 
3 6 170 1779 1948 1870 471 384 59 43 
3 6 170 1779 1948 1871 471 384 59 43 
3 6 170 1779 1948 1872 471 384 59 43 
3 6 170 1779 1948 1873 471 384 59 43 
3 6 170 1779 1948 1874 471 384 59 43 
3 6 170 1779 1948 1875 471 384 59 43 
3 6 170 1779 1948 1876 471 384 59 43 
3 6 170 1779 1948 1877 471 384 59 43 
3 6 170 1779 1948 1878 471 384 59 43 
3 6 170 1779 1948 1879 471 384 59 43 
3 6 170 1779 1948 1880 471 384 59 43 
3 6 170 1779 1948 1881 471 384 59 43 
3 6 170 1779 1948 1882 471 384 59 43 
3 6 170 1779 1948 1883 471 384 59 43 
3 6 170 1779 1948 1884 471 384 59 43 
3 6 170 1779 1948 1885 471 384 59 43 
3 6 170 1779 1948 1886 471 384 59 43 
3 6 170 1779 1948 1887 471 384 59 43 
3 6 170 1779 1948 1888 471 384 59 43 
3 6 170 1779 1948 1889 471 384 59 43 
3 6 170 1779 1948 1890 471 384 59 43 
3 6 170 1779 1948 1891 471 384 59 43 
3 6 170 1779 1948 1892 471 384 59 43 
3 6 170 1779 1948 1893 471 384 59 43 
3 6 170 1779 1948 1894 471 384 59 43 
3 6 170 1779 1948 1895 471 384 59 43 
3 6 170 1779 1948 1896 471 384 59 43 
3 6 170 1779 1948 1897 471 384 59 43 
3 6 170 1779 1948 1898 471 384 59 43 
3 6 170 1779 1948 1899 471 384 59 43 
3 6 170 1779 1948 1900 471 384 59 43 
3 6 170 1779 1948 1901 471 384 59 43 
3 6 170 1779 1948 1902 471 384 59 43 
3 6 170 1779 1948 1903 471 384 59 43 
3 6 170 1779 1948 1904 471 384 59 43 
3 6 170 1779 1948 1905 471 384 59 43 
3 6 170 1779 1948 1906 471 384 59 43 
3 6 170 1779 1948 1907 471 384 59 43 
3 6 170 1779 1948 1908 471 384 59 43 
3 6 170 1779 1948 1909 471 384 59 43 
3 6 170 1779 1948 1910 471 384 59 43 
3 6 170 1779 1948 1911 471 384 59 43 
3 6 170 1779 1948 1912 471 384 59 43 
3 6 170 1779 1948 1913 471 384 59 43 
3 6 170 1779 1948 1914 471 384 59 43 
3 6 170 1779 1948 1915 471 384 59 43 
3 6 170 1779 1948 1916 471 384 59 43 
3 6 170 1779 1948 1917 471 384 59 43 
3 6 170 1779 1948 1918 471 384 59 43 
3 6 170 1779 1948 1919 471 384 59 43 
3 6 170 1779 1948 1920 471 384 59 43 
3 6 170 1779 1948 1921 471 384 59 43 
3 6 170 1779 1948 1922 471 384 59 43 
3 6 170 1779 1948 1923 471 384 59 43 
3 6 170 1779 1948 1924 471 384 59 43 
3 6 170 1779 1948 1925 471 384 59 43 
3 6 170 1779 1948 1926 471 384 59 43 
3 6 170 1779 1948 1927 471 384 59 43 
3 6 170 1779 1948 1928 471 384 59 43 
3 6 170 1779 1948 1929 471 384 59 43 
3 6 170 1779 1948 1930 471 384 59 43 
3 6 170 1779 1948 1931 471 384 59 43 
3 6 170 1779 1948 1932 471 384 59 43 
3 6 170 1779 1948 1933 471 384 59 43 
3 6 170 1779 1948 1934 471 384 59 43 
3 6 170 1779 1948 1935 471 384 59 43 
3 6 170 1779 1948 1936 471 384 59 43 
3 6 170 1779 1948 1937 471 384 59 43 
3 6 170 1779 1948 1938 471 384 59 43 
3 6 170 1779 1948 1939 471 384 59 43 
3 6 170 1779 1948 1940 471 384 59 43 
3 6 170 1779 1948 1941 471 384 59 43 
3 6 170 1779 1948 1942 471 384 59 43 
3 6 170 1779 1948 1943 471 384 59 43 
3 6 170 1779 1948 1944 471 384 59 43 
3 6 170 1779 1948 1945 471 384 59 43 
3 6 170 1779 1948 1946 471 384 59 43 
3 6 170 1779 1948 1947 471 384 59 43 
3 6 170 1779 1948 1948 471 384 59 43 
5 6 136 4154 4289 4154 557 393 64 39 
5 6 136 4154 4289 4155 557 393 64 39 
5 6 136 4154 4289 4156 557 393 64 39 
5 6 136 4154 4289 4157 557 393 64 39 
5 6 136 4154 4289 4158 557 393 64 39 
5 6 136 4154 4289 4159 557 393 64 39 
5 6 136 4154 4289 4160 557 393 64 39 
5 6 136 4154 4289 4161 557 393 64 39 
5 6 136 4154 4289 4162 557 393 64 39 
5 6 136 4154 4289 4163 557 393 64 39 
5 6 136 4154 4289 4164 557 393 64 39 
5 6 136 4154 4289 4165 557 393 64 39 
5 6 136 4154 4289 4166 557 393 64 39 
5 6 136 4154 4289 4167 557 393 64 39 
5 6 136 4154 4289 4168 557 393 64 39 
5 6 136 4154 4289 4169 557 393 64 39 
5 6 136 4154 4289 4170 557 393 64 39 
5 6 136 4154 4289 4171 557 393 64 39 
5 6 136 4154 4289 4172 557 393 64 39 
5 6 136 4154 4289 4173 557 393 64 39 
5 6 136 4154 4289 4174 557 393 64 39 
5 6 136 4154 4289 4175 557 393 64 39 
5 6 136 4154 4289 4176 557 393 64 39 
5 6 136 4154 4289 4177 557 393 64 39 
5 6 136 4154 4289 4178 557 393 64 39 
5 6 136 4154 4289 4179 557 393 64 39 
5 6 136 4154 4289 4180 557 393 64 39 
5 6 136 4154 4289 4181 557 393 64 39 
5 6 136 4154 4289 4182 557 393 64 39 
5 6 136 4154 4289 4183 557 393 64 39 
5 6 136 4154 4289 4184 557 393 64 39 
5 6 136 4154 4289 4185 557 393 64 39 
5 6 136 4154 4289 4186 557 393 64 39 
5 6 136 4154 4289 4187 557 393 64 39 
5 6 136 4154 4289 4188 557 393 64 39 
5 6 136 4154 4289 4189 557 393 64 39 
5 6 136 4154 4289 4190 557 393 64 39 
5 6 136 4154 4289 4191 557 393 64 39 
5 6 136 4154 4289 4192 557 393 64 39 
5 6 136 4154 4289 4193 557 393 64 39 
5 6 136 4154 4289 4194 557 393 64 39 
5 6 136 4154 4289 4195 557 393 64 39 
5 6 136 4154 4289 4196 557 393 64 39 
5 6 136 4154 4289 4197 557 393 64 39 
5 6 136 4154 4289 4198 557 393 64 39 
5 6 136 4154 4289 4199 557 393 64 39 
5 6 136 4154 4289 4200 557 393 64 39 
5 6 136 4154 4289 4201 557 393 64 39 
5 6 136 4154 4289 4202 557 393 64 39 
5 6 136 4154 4289 4203 557 393 64 39 
5 6 136 4154 4289 4204 557 393 64 39 
5 6 136 4154 4289 4205 557 393 64 39 
5 6 136 4154 4289 4206 557 393 64 39 
5 6 136 4154 4289 4207 557 393 64 39 
5 6 136 4154 4289 4208 557 393 64 39 
5 6 136 4154 4289 4209 557 393 64 39 
5 6 136 4154 4289 4210 557 393 64 39 
5 6 136 4154 4289 4211 557 393 64 39 
5 6 136 4154 4289 4212 557 393 64 39 
5 6 136 4154 4289 4213 557 393 64 39 
5 6 136 4154 4289 4214 557 393 64 39 
5 6 136 4154 4289 4215 557 393 64 39 
5 6 136 4154 4289 4216 557 393 64 39 
5 6 136 4154 4289 4217 557 393 64 39 
5 6 136 4154 4289 4218 557 393 64 39 
5 6 136 4154 4289 4219 557 393 64 39 
5 6 136 4154 4289 4220 557 393 64 39 
5 6 136 4154 4289 4221 557 393 64 39 
5 6 136 4154 4289 4222 557 393 64 39 
5 6 136 4154 4289 4223 557 393 64 39 
5 6 136 4154 4289 4224 557 393 64 39 
5 6 136 4154 4289 4225 557 393 64 39 
5 6 136 4154 4289 4226 557 393 64 39 
5 6 136 4154 4289 4227 557 393 64 39 
5 6 136 4154 4289 4228 557 393 64 39 
5 6 136 4154 4289 4229 557 393 64 39 
5 6 136 4154 4289 4230 557 393 64 39 
5 6 136 4154 4289 4231 557 393 64 39 
5 6 136 4154 4289 4232 557 393 64 39 
5 6 136 4154 4289 4233 557 393 64 39 
5 6 136 4154 4289 4234 557 393 64 39 
5 6 136 4154 4289 4235 557 393 64 39 
5 6 136 4154 4289 4236 557 393 64 39 
5 6 136 4154 4289 4237 557 393 64 39 
5 6 136 4154 4289 4238 557 393 64 39 
5 6 136 4154 4289 4239 557 393 64 39 
5 6 136 4154 4289 4240 557 393 64 39 
5 6 136 4154 4289 4241 557 393 64 39 
5 6 136 4154 4289 4242 557 393 64 39 
5 6 136 4154 4289 4243 557 393 64 39 
5 6 136 4154 4289 4244 557 393 64 39 
5 6 136 4154 4289 4245 557 393 64 39 
5 6 136 4154 4289 4246 557 393 64 39 
5 6 136 4154 4289 4247 557 393 64 39 
5 6 136 4154 4289 4248 557 393 64 39 
5 6 136 4154 4289 4249 557 393 64 39 
5 6 136 4154 4289 4250 557 393 64 39 
5 6 136 4154 4289 4251 557 393 64 39 
5 6 136 4154 4289 4252 557 393 64 39 
5 6 136 4154 4289 4253 557 393 64 39 
5 6 136 4154 4289 4254 557 393 64 39 
5 6 136 4154 4289 4255 557 393 64 39 
5 6 136 4154 4289 4256 557 393 64 39 
5 6 136 4154 4289 4257 557 393 64 39 
5 6 136 4154 4289 4258 557 393 64 39 
5 6 136 4154 4289 4259 557 393 64 39 
5 6 136 4154 4289 4260 557 393 64 39 
5 6 136 4154 4289 4261 557 393 64 39 
5 6 136 4154 4289 4262 557 393 64 39 
5 6 136 4154 4289 4263 557 393 64 39 
5 6 136 4154 4289 4264 557 393 64 39 
5 6 136 4154 4289 4265 557 393 64 39 
5 6 136 4154 4289 4266 557 393 64 39 
5 6 136 4154 4289 4267 557 393 64 39 
5 6 136 4154 4289 4268 557 393 64 39 
5 6 136 4154 4289 4269 557 393 64 39 
5 6 136 4154 4289 4270 557 393 64 39 
5 6 136 4154 4289 4271 557 393 64 39 
5 6 136 4154 4289 4272 557 393 64 39 
5 6 136 4154 4289 4273 557 393 64 39 
5 6 136 4154 4289 4274 557 393 64 39 
5 6 136 4154 4289 4275 557 393 64 39 
5 6 136 4154 4289 4276 557 393 64 39 
5 6 136 4154 4289 4277 557 393 64 39 
5 6 136 4154 4289 4278 557 393 64 39 
5 6 136 4154 4289 4279 557 393 64 39 
5 6 136 4154 4289 4280 557 393 64 39 
5 6 136 4154 4289 4281 557 393 64 39 
5 6 136 4154 4289 4282 557 393 64 39 
5 6 136 4154 4289 4283 557 393 64 39 
5 6 136 4154 4289 4284 557 393 64 39 
5 6 136 4154 4289 4285 557 393 64 39 
5 6 136 4154 4289 4286 557 393 64 39 
5 6 136 4154 4289 4287 557 393 64 39 
5 6 136 4154 4289 4288 557 393 64 39 
5 6 136 4154 4289 4289 557 393 64 39 
6 6 165 4681 4845 4681 597 389 60 47 
6 6 165 4681 4845 4682 597 389 60 47 
6 6 165 4681 4845 4683 597 389 60 47 
6 6 165 4681 4845 4684 597 389 60 47 
6 6 165 4681 4845 4685 597 389 60 47 
6 6 165 4681 4845 4686 597 389 60 47 
6 6 165 4681 4845 4687 597 389 60 47 
6 6 165 4681 4845 4688 597 389 60 47 
6 6 165 4681 4845 4689 597 389 60 47 
6 6 165 4681 4845 4690 597 389 60 47 
6 6 165 4681 4845 4691 597 389 60 47 
6 6 165 4681 4845 4692 597 389 60 47 
6 6 165 4681 4845 4693 597 389 60 47 
6 6 165 4681 4845 4694 597 389 60 47 
6 6 165 4681 4845 4695 597 389 60 47 
6 6 165 4681 4845 4696 597 389 60 47 
6 6 165 4681 4845 4697 597 389 60 47 
6 6 165 4681 4845 4698 597 389 60 47 
6 6 165 4681 4845 4699 597 389 60 47 
6 6 165 4681 4845 4700 597 389 60 47 
6 6 165 4681 4845 4701 597 389 60 47 
6 6 165 4681 4845 4702 597 389 60 47 
6 6 165 4681 4845 4703 597 389 60 47 
6 6 165 4681 4845 4704 597 389 60 47 
6 6 165 4681 4845 4705 597 389 60 47 
6 6 165 4681 4845 4706 597 389 60 47 
6 6 165 4681 4845 4707 597 389 60 47 
6 6 165 4681 4845 4708 597 389 60 47 
6 6 165 4681 4845 4709 597 389 60 47 
6 6 165 4681 4845 4710 597 389 60 47 
6 6 165 4681 4845 4711 597 389 60 47 
6 6 165 4681 4845 4712 597 389 60 47 
6 6 165 4681 4845 4713 597 389 60 47 
6 6 165 4681 4845 4714 597 389 60 47 
6 6 165 4681 4845 4715 597 389 60 47 
6 6 165 4681 4845 4716 597 389 60 47 
6 6 165 4681 4845 4717 597 389 60 47 
6 6 165 4681 4845 4718 597 389 60 47 
6 6 165 4681 4845 4719 597 389 60 47 
6 6 165 4681 4845 4720 597 389 60 47 
6 6 165 4681 4845 4721 597 389 60 47 
6 6 165 4681 4845 4722 597 389 60 47 
6 6 165 4681 4845 4723 597 389 60 47 
6 6 165 4681 4845 4724 597 389 60 47 
6 6 165 4681 4845 4725 597 389 60 47 
6 6 165 4681 4845 4726 597 389 60 47 
6 6 165 4681 4845 4727 597 389 60 47 
6 6 165 4681 4845 4728 597 389 60 47 
6 6 165 4681 4845 4729 597 389 60 47 
6 6 165 4681 4845 4730 597 389 60 47 
6 6 165 4681 4845 4731 597 389 60 47 
6 6 165 4681 4845 4732 597 389 60 47 
6 6 165 4681 4845 4733 597 389 60 47 
6 6 165 4681 4845 4734 597 389 60 47 
6 6 165 4681 4845 4735 597 389 60 47 
6 6 165 4681 4845 4736 597 389 60 47 
6 6 165 4681 4845 4737 597 389 60 47 
6 6 165 4681 4845 4738 597 389 60 47 
6 6 165 4681 4845 4739 597 389 60 47 
6 6 165 4681 4845 4740 597 389 60 47 
6 6 165 4681 4845 4741 597 389 60 47 
6 6 165 4681 4845 4742 597 389 60 47 
6 6 165 4681 4845 4743 597 389 60 47 
6 6 165 4681 4845 4744 597 389 60 47 
6 6 165 4681 4845 4745 597 389 60 47 
6 6 165 4681 4845 4746 597 389 60 47 
6 6 165 4681 4845 4747 597 389 60 47 
6 6 165 4681 4845 4748 597 389 60 47 
6 6 165 4681 4845 4749 597 389 60 47 
6 6 165 4681 4845 4750 597 389 60 47 
6 6 165 4681 4845 4751 597 389 60 47 
6 6 165 4681 4845 4752 597 389 60 47 
6 6 165 4681 4845 4753 597 389 60 47 
6 6 165 4681 4845 4754 597 389 60 47 
6 6 165 4681 4845 4755 597 389 60 47 
6 6 165 4681 4845 4756 597 389 60 47 
6 6 165 4681 4845 4757 597 389 60 47 
6 6 165 4681 4845 4758 597 389 60 47 
6 6 165 4681 4845 4759 597 389 60 47 
6 6 165 4681 4845 4760 597 389 60 47 
6 6 165 4681 4845 4761 597 389 60 47 
6 6 165 4681 4845 4762 597 389 60 47 
6 6 165 4681 4845 4763 597 389 60 47 
6 6 165 4681 4845 4764 597 389 60 47 
6 6 165 4681 4845 4765 597 389 60 47 
6 6 165 4681 4845 4766 597 389 60 47 
6 6 165 4681 4845 4767 597 389 60 47 
6 6 165 4681 4845 4768 597 389 60 47 
6 6 165 4681 4845 4769 597 389 60 47 
6 6 165 4681 4845 4770 597 389 60 47 
6 6 165 4681 4845 4771 597 389 60 47 
6 6 165 4681 4845 4772 597 389 60 47 
6 6 165 4681 4845 4773 597 389 60 47 
6 6 165 4681 4845 4774 597 389 60 47 
6 6 165 4681 4845 4775 597 389 60 47 
6 6 165 4681 4845 4776 597 389 60 47 
6 6 165 4681 4845 4777 597 389 60 47 
6 6 165 4681 4845 4778 597 389 60 47 
6 6 165 4681 4845 4779 597 389 60 47 
6 6 165 4681 4845 4780 597 389 60 47 
6 6 165 4681 4845 4781 597 389 60 47 
6 6 165 4681 4845 4782 597 389 60 47 
6 6 165 4681 4845 4783 597 389 60 47 
6 6 165 4681 4845 4784 597 389 60 47 
6 6 165 4681 4845 4785 597 389 60 47 
6 6 165 4681 4845 4786 597 389 60 47 
6 6 165 4681 4845 4787 597 389 60 47 
6 6 165 4681 4845 4788 597 389 60 47 
6 6 165 4681 4845 4789 597 389 60 47 
6 6 165 4681 4845 4790 597 389 60 47 
6 6 165 4681 4845 4791 597 389 60 47 
6 6 165 4681 4845 4792 597 389 60 47 
6 6 165 4681 4845 4793 597 389 60 47 
6 6 165 4681 4845 4794 597 389 60 47 
6 6 165 4681 4845 4795 597 389 60 47 
6 6 165 4681 4845 4796 597 389 60 47 
6 6 165 4681 4845 4797 597 389 60 47 
6 6 165 4681 4845 4798 597 389 60 47 
6 6 165 4681 4845 4799 597 389 60 47 
6 6 165 4681 4845 4800 597 389 60 47 
6 6 165 4681 4845 4801 597 389 60 47 
6 6 165 4681 4845 4802 597 389 60 47 
6 6 165 4681 4845 4803 597 389 60 47 
6 6 165 4681 4845 4804 597 389 60 47 
6 6 165 4681 4845 4805 597 389 60 47 
6 6 165 4681 4845 4806 597 389 60 47 
6 6 165 4681 4845 4807 597 389 60 47 
6 6 165 4681 4845 4808 597 389 60 47 
6 6 165 4681 4845 4809 597 389 60 47 
6 6 165 4681 4845 4810 597 389 60 47 
6 6 165 4681 4845 4811 597 389 60 47 
6 6 165 4681 4845 4812 597 389 60 47 
6 6 165 4681 4845 4813 597 389 60 47 
6 6 165 4681 4845 4814 597 389 60 47 
6 6 165 4681 4845 4815 597 389 60 47 
6 6 165 4681 4845 4816 597 389 60 47 
6 6 165 4681 4845 4817 597 389 60 47 
6 6 165 4681 4845 4818 597 389 60 47 
6 6 165 4681 4845 4819 597 389 60 47 
6 6 165 4681 4845 4820 597 389 60 47 
6 6 165 4681 4845 4821 597 389 60 47 
6 6 165 4681 4845 4822 597 389 60 47 
6 6 165 4681 4845 4823 597 389 60 47 
6 6 165 4681 4845 4824 597 389 60 47 
6 6 165 4681 4845 4825 597 389 60 47 
6 6 165 4681 4845 4826 597 389 60 47 
6 6 165 4681 4845 4827 597 389 60 47 
6 6 165 4681 4845 4828 597 389 60 47 
6 6 165 4681 4845 4829 597 389 60 47 
6 6 165 4681 4845 4830 597 389 60 47 
6 6 165 4681 4845 4831 597 389 60 47 
6 6 165 4681 4845 4832 597 389 60 47 
6 6 165 4681 4845 4833 597 389 60 47 
6 6 165 4681 4845 4834 597 389 60 47 
6 6 165 4681 4845 4835 597 389 60 47 
6 6 165 4681 4845 4836 597 389 60 47 
6 6 165 4681 4845 4837 597 389 60 47 
6 6 165 4681 4845 4838 597 389 60 47 
6 6 165 4681 4845 4839 597 389 60 47 
6 6 165 4681 4845 4840 597 389 60 47 
6 6 165 4681 4845 4841 597 389 60 47 
6 6 165 4681 4845 4842 597 389 60 47 
6 6 165 4681 4845 4843 597 389 60 47 
6 6 165 4681 4845 4844 597 389 60 47 
6 6 165 4681 4845 4845 597 389 60 47 
7 3 60 4935 4994 4935 635 393 60 63 
7 3 60 4935 4994 4936 635 393 60 63 
7 3 60 4935 4994 4937 635 393 60 63 
7 3 60 4935 4994 4938 635 393 60 63 
7 3 60 4935 4994 4939 635 393 60 63 
7 3 60 4935 4994 4940 635 393 60 63 
7 3 60 4935 4994 4941 635 393 60 63 
7 3 60 4935 4994 4942 635 393 60 63 
7 3 60 4935 4994 4943 635 393 60 63 
7 3 60 4935 4994 4944 635 393 60 63 
7 3 60 4935 4994 4945 635 393 60 63 
7 3 60 4935 4994 4946 635 393 60 63 
7 3 60 4935 4994 4947 635 393 60 63 
7 3 60 4935 4994 4948 635 393 60 63 
7 3 60 4935 4994 4949 635 393 60 63 
7 3 60 4935 4994 4950 635 393 60 63 
7 3 60 4935 4994 4951 635 393 60 63 
7 3 60 4935 4994 4952 635 393 60 63 
7 3 60 4935 4994 4953 635 393 60 63 
7 3 60 4935 4994 4954 635 393 60 63 
7 3 60 4935 4994 4955 635 393 60 63 
7 3 60 4935 4994 4956 635 393 60 63 
7 3 60 4935 4994 4957 635 393 60 63 
7 3 60 4935 4994 4958 635 393 60 63 
7 3 60 4935 4994 4959 635 393 60 63 
7 3 60 4935 4994 4960 635 393 60 63 
7 3 60 4935 4994 4961 635 393 60 63 
7 3 60 4935 4994 4962 635 393 60 63 
7 3 60 4935 4994 4963 635 393 60 63 
7 3 60 4935 4994 4964 635 393 60 63 
7 3 60 4935 4994 4965 635 393 60 63 
7 3 60 4935 4994 4966 635 393 60 63 
7 3 60 4935 4994 4967 635 393 60 63 
7 3 60 4935 4994 4968 635 393 60 63 
7 3 60 4935 4994 4969 635 393 60 63 
7 3 60 4935 4994 4970 635 393 60 63 
7 3 60 4935 4994 4971 635 393 60 63 
7 3 60 4935 4994 4972 635 393 60 63 
7 3 60 4935 4994 4973 635 393 60 63 
7 3 60 4935 4994 4974 635 393 60 63 
7 3 60 4935 4994 4975 635 393 60 63 
7 3 60 4935 4994 4976 635 393 60 63 
7 3 60 4935 4994 4977 635 393 60 63 
7 3 60 4935 4994 4978 635 393 60 63 
7 3 60 4935 4994 4979 635 393 60 63 
7 3 60 4935 4994 4980 635 393 60 63 
7 3 60 4935 4994 4981 635 393 60 63 
7 3 60 4935 4994 4982 635 393 60 63 
7 3 60 4935 4994 4983 635 393 60 63 
7 3 60 4935 4994 4984 635 393 60 63 
7 3 60 4935 4994 4985 635 393 60 63 
7 3 60 4935 4994 4986 635 393 60 63 
7 3 60 4935 4994 4987 635 393 60 63 
7 3 60 4935 4994 4988 635 393 60 63 
7 3 60 4935 4994 4989 635 393 60 63 
7 3 60 4935 4994 4990 635 393 60 63 
7 3 60 4935 4994 4991 635 393 60 63 
7 3 60 4935 4994 4992 635 393 60 63 
7 3 60 4935 4994 4993 635 393 60 63 
7 3 60 4935 4994 4994 635 393 60 63 
8 4 60 5138 5197 5138 640 396 59 59 
8 4 60 5138 5197 5139 640 396 59 59 
8 4 60 5138 5197 5140 640 396 59 59 
8 4 60 5138 5197 5141 640 396 59 59 
8 4 60 5138 5197 5142 640 396 59 59 
8 4 60 5138 5197 5143 640 396 59 59 
8 4 60 5138 5197 5144 640 396 59 59 
8 4 60 5138 5197 5145 640 396 59 59 
8 4 60 5138 5197 5146 640 396 59 59 
8 4 60 5138 5197 5147 640 396 59 59 
8 4 60 5138 5197 5148 640 396 59 59 
8 4 60 5138 5197 5149 640 396 59 59 
8 4 60 5138 5197 5150 640 396 59 59 
8 4 60 5138 5197 5151 640 396 59 59 
8 4 60 5138 5197 5152 640 396 59 59 
8 4 60 5138 5197 5153 640 396 59 59 
8 4 60 5138 5197 5154 640 396 59 59 
8 4 60 5138 5197 5155 640 396 59 59 
8 4 60 5138 5197 5156 640 396 59 59 
8 4 60 5138 5197 5157 640 396 59 59 
8 4 60 5138 5197 5158 640 396 59 59 
8 4 60 5138 5197 5159 640 396 59 59 
8 4 60 5138 5197 5160 640 396 59 59 
8 4 60 5138 5197 5161 640 396 59 59 
8 4 60 5138 5197 5162 640 396 59 59 
8 4 60 5138 5197 5163 640 396 59 59 
8 4 60 5138 5197 5164 640 396 59 59 
8 4 60 5138 5197 5165 640 396 59 59 
8 4 60 5138 5197 5166 640 396 59 59 
8 4 60 5138 5197 5167 640 396 59 59 
8 4 60 5138 5197 5168 640 396 59 59 
8 4 60 5138 5197 5169 640 396 59 59 
8 4 60 5138 5197 5170 640 396 59 59 
8 4 60 5138 5197 5171 640 396 59 59 
8 4 60 5138 5197 5172 640 396 59 59 
8 4 60 5138 5197 5173 640 396 59 59 
8 4 60 5138 5197 5174 640 396 59 59 
8 4 60 5138 5197 5175 640 396 59 59 
8 4 60 5138 5197 5176 640 396 59 59 
8 4 60 5138 5197 5177 640 396 59 59 
8 4 60 5138 5197 5178 640 396 59 59 
8 4 60 5138 5197 5179 640 396 59 59 
8 4 60 5138 5197 5180 640 396 59 59 
8 4 60 5138 5197 5181 640 396 59 59 
8 4 60 5138 5197 5182 640 396 59 59 
8 4 60 5138 5197 5183 640 396 59 59 
8 4 60 5138 5197 5184 640 396 59 59 
8 4 60 5138 5197 5185 640 396 59 59 
8 4 60 5138 5197 5186 640 396 59 59 
8 4 60 5138 5197 5187 640 396 59 59 
8 4 60 5138 5197 5188 640 396 59 59 
8 4 60 5138 5197 5189 640 396 59 59 
8 4 60 5138 5197 5190 640 396 59 59 
8 4 60 5138 5197 5191 640 396 59 59 
8 4 60 5138 5197 5192 640 396 59 59 
8 4 60 5138 5197 5193 640 396 59 59 
8 4 60 5138 5197 5194 640 396 59 59 
8 4 60 5138 5197 5195 640 396 59 59 
8 4 60 5138 5197 5196 640 396 59 59 
8 4 60 5138 5197 5197 640 396 59 59 
9 6 167 10400 10566 10400 167 335 77 44 
9 6 167 10400 10566 10401 167 335 77 44 
9 6 167 10400 10566 10402 167 335 77 44 
9 6 167 10400 10566 10403 167 335 77 44 
9 6 167 10400 10566 10404 167 335 77 44 
9 6 167 10400 10566 10405 167 335 77 44 
9 6 167 10400 10566 10406 167 335 77 44 
9 6 167 10400 10566 10407 167 335 77 44 
9 6 167 10400 10566 10408 167 335 77 44 
9 6 167 10400 10566 10409 167 335 77 44 
9 6 167 10400 10566 10410 167 335 77 44 
9 6 167 10400 10566 10411 167 335 77 44 
9 6 167 10400 10566 10412 167 335 77 44 
9 6 167 10400 10566 10413 167 335 77 44 
9 6 167 10400 10566 10414 167 335 77 44 
9 6 167 10400 10566 10415 167 335 77 44 
9 6 167 10400 10566 10416 167 335 77 44 
9 6 167 10400 10566 10417 167 335 77 44 
9 6 167 10400 10566 10418 167 335 77 44 
9 6 167 10400 10566 10419 167 335 77 44 
9 6 167 10400 10566 10420 167 335 77 44 
9 6 167 10400 10566 10421 167 335 77 44 
9 6 167 10400 10566 10422 167 335 77 44 
9 6 167 10400 10566 10423 167 335 77 44 
9 6 167 10400 10566 10424 167 335 77 44 
9 6 167 10400 10566 10425 167 335 77 44 
9 6 167 10400 10566 10426 167 335 77 44 
9 6 167 10400 10566 10427 167 335 77 44 
9 6 167 10400 10566 10428 167 335 77 44 
9 6 167 10400 10566 10429 167 335 77 44 
9 6 167 10400 10566 10430 167 335 77 44 
9 6 167 10400 10566 10431 167 335 77 44 
9 6 167 10400 10566 10432 167 335 77 44 
9 6 167 10400 10566 10433 167 335 77 44 
9 6 167 10400 10566 10434 167 335 77 44 
9 6 167 10400 10566 10435 167 335 77 44 
9 6 167 10400 10566 10436 167 335 77 44 
9 6 167 10400 10566 10437 167 335 77 44 
9 6 167 10400 10566 10438 167 335 77 44 
9 6 167 10400 10566 10439 167 335 77 44 
9 6 167 10400 10566 10440 167 335 77 44 
9 6 167 10400 10566 10441 167 335 77 44 
9 6 167 10400 10566 10442 167 335 77 44 
9 6 167 10400 10566 10443 167 335 77 44 
9 6 167 10400 10566 10444 167 335 77 44 
9 6 167 10400 10566 10445 167 335 77 44 
9 6 167 10400 10566 10446 167 335 77 44 
9 6 167 10400 10566 10447 167 335 77 44 
9 6 167 10400 10566 10448 167 335 77 44 
9 6 167 10400 10566 10449 167 335 77 44 
9 6 167 10400 10566 10450 167 335 77 44 
9 6 167 10400 10566 10451 167 335 77 44 
9 6 167 10400 10566 10452 167 335 77 44 
9 6 167 10400 10566 10453 167 335 77 44 
9 6 167 10400 10566 10454 167 335 77 44 
9 6 167 10400 10566 10455 167 335 77 44 
9 6 167 10400 10566 10456 167 335 77 44 
9 6 167 10400 10566 10457 167 335 77 44 
9 6 167 10400 10566 10458 167 335 77 44 
9 6 167 10400 10566 10459 167 335 77 44 
9 6 167 10400 10566 10460 167 335 77 44 
9 6 167 10400 10566 10461 167 335 77 44 
9 6 167 10400 10566 10462 167 335 77 44 
9 6 167 10400 10566 10463 167 335 77 44 
9 6 167 10400 10566 10464 167 335 77 44 
9 6 167 10400 10566 10465 167 335 77 44 
9 6 167 10400 10566 10466 167 335 77 44 
9 6 167 10400 10566 10467 167 335 77 44 
9 6 167 10400 10566 10468 167 335 77 44 
9 6 167 10400 10566 10469 167 335 77 44 
9 6 167 10400 10566 10470 167 335 77 44 
9 6 167 10400 10566 10471 167 335 77 44 
9 6 167 10400 10566 10472 167 335 77 44 
9 6 167 10400 10566 10473 167 335 77 44 
9 6 167 10400 10566 10474 167 335 77 44 
9 6 167 10400 10566 10475 167 335 77 44 
9 6 167 10400 10566 10476 167 335 77 44 
9 6 167 10400 10566 10477 167 335 77 44 
9 6 167 10400 10566 10478 167 335 77 44 
9 6 167 10400 10566 10479 167 335 77 44 
9 6 167 10400 10566 10480 167 335 77 44 
9 6 167 10400 10566 10481 167 335 77 44 
9 6 167 10400 10566 10482 167 335 77 44 
9 6 167 10400 10566 10483 167 335 77 44 
9 6 167 10400 10566 10484 167 335 77 44 
9 6 167 10400 10566 10485 167 335 77 44 
9 6 167 10400 10566 10486 167 335 77 44 
9 6 167 10400 10566 10487 167 335 77 44 
9 6 167 10400 10566 10488 167 335 77 44 
9 6 167 10400 10566 10489 167 335 77 44 
9 6 167 10400 10566 10490 167 335 77 44 
9 6 167 10400 10566 10491 167 335 77 44 
9 6 167 10400 10566 10492 167 335 77 44 
9 6 167 10400 10566 10493 167 335 77 44 
9 6 167 10400 10566 10494 167 335 77 44 
9 6 167 10400 10566 10495 167 335 77 44 
9 6 167 10400 10566 10496 167 335 77 44 
9 6 167 10400 10566 10497 167 335 77 44 
9 6 167 10400 10566 10498 167 335 77 44 
9 6 167 10400 10566 10499 167 335 77 44 
9 6 167 10400 10566 10500 167 335 77 44 
9 6 167 10400 10566 10501 167 335 77 44 
9 6 167 10400 10566 10502 167 335 77 44 
9 6 167 10400 10566 10503 167 335 77 44 
9 6 167 10400 10566 10504 167 335 77 44 
9 6 167 10400 10566 10505 167 335 77 44 
9 6 167 10400 10566 10506 167 335 77 44 
9 6 167 10400 10566 10507 167 335 77 44 
9 6 167 10400 10566 10508 167 335 77 44 
9 6 167 10400 10566 10509 167 335 77 44 
9 6 167 10400 10566 10510 167 335 77 44 
9 6 167 10400 10566 10511 167 335 77 44 
9 6 167 10400 10566 10512 167 335 77 44 
9 6 167 10400 10566 10513 167 335 77 44 
9 6 167 10400 10566 10514 167 335 77 44 
9 6 167 10400 10566 10515 167 335 77 44 
9 6 167 10400 10566 10516 167 335 77 44 
9 6 167 10400 10566 10517 167 335 77 44 
9 6 167 10400 10566 10518 167 335 77 44 
9 6 167 10400 10566 10519 167 335 77 44 
9 6 167 10400 10566 10520 167 335 77 44 
9 6 167 10400 10566 10521 167 335 77 44 
9 6 167 10400 10566 10522 167 335 77 44 
9 6 167 10400 10566 10523 167 335 77 44 
9 6 167 10400 10566 10524 167 335 77 44 
9 6 167 10400 10566 10525 167 335 77 44 
9 6 167 10400 10566 10526 167 335 77 44 
9 6 167 10400 10566 10527 167 335 77 44 
9 6 167 10400 10566 10528 167 335 77 44 
9 6 167 10400 10566 10529 167 335 77 44 
9 6 167 10400 10566 10530 167 335 77 44 
9 6 167 10400 10566 10531 167 335 77 44 
9 6 167 10400 10566 10532 167 335 77 44 
9 6 167 10400 10566 10533 167 335 77 44 
9 6 167 10400 10566 10534 167 335 77 44 
9 6 167 10400 10566 10535 167 335 77 44 
9 6 167 10400 10566 10536 167 335 77 44 
9 6 167 10400 10566 10537 167 335 77 44 
9 6 167 10400 10566 10538 167 335 77 44 
9 6 167 10400 10566 10539 167 335 77 44 
9 6 167 10400 10566 10540 167 335 77 44 
9 6 167 10400 10566 10541 167 335 77 44 
9 6 167 10400 10566 10542 167 335 77 44 
9 6 167 10400 10566 10543 167 335 77 44 
9 6 167 10400 10566 10544 167 335 77 44 
9 6 167 10400 10566 10545 167 335 77 44 
9 6 167 10400 10566 10546 167 335 77 44 
9 6 167 10400 10566 10547 167 335 77 44 
9 6 167 10400 10566 10548 167 335 77 44 
9 6 167 10400 10566 10549 167 335 77 44 
9 6 167 10400 10566 10550 167 335 77 44 
9 6 167 10400 10566 10551 167 335 77 44 
9 6 167 10400 10566 10552 167 335 77 44 
9 6 167 10400 10566 10553 167 335 77 44 
9 6 167 10400 10566 10554 167 335 77 44 
9 6 167 10400 10566 10555 167 335 77 44 
9 6 167 10400 10566 10556 167 335 77 44 
9 6 167 10400 10566 10557 167 335 77 44 
9 6 167 10400 10566 10558 167 335 77 44 
9 6 167 10400 10566 10559 167 335 77 44 
9 6 167 10400 10566 10560 167 335 77 44 
9 6 167 10400 10566 10561 167 335 77 44 
9 6 167 10400 10566 10562 167 335 77 44 
9 6 167 10400 10566 10563 167 335 77 44 
9 6 167 10400 10566 10564 167 335 77 44 
9 6 167 10400 10566 10565 167 335 77 44 
9 6 167 10400 10566 10566 167 335 77 44 
10 6 209 13691 13899 13691 716 479 71 45 
10 6 209 13691 13899 13692 716 479 71 45 
10 6 209 13691 13899 13693 716 479 71 45 
10 6 209 13691 13899 13694 716 479 71 45 
10 6 209 13691 13899 13695 716 479 71 45 
10 6 209 13691 13899 13696 716 479 71 45 
10 6 209 13691 13899 13697 716 479 71 45 
10 6 209 13691 13899 13698 716 479 71 45 
10 6 209 13691 13899 13699 716 479 71 45 
10 6 209 13691 13899 13700 716 479 71 45 
10 6 209 13691 13899 13701 716 479 71 45 
10 6 209 13691 13899 13702 716 479 71 45 
10 6 209 13691 13899 13703 716 479 71 45 
10 6 209 13691 13899 13704 716 479 71 45 
10 6 209 13691 13899 13705 716 479 71 45 
10 6 209 13691 13899 13706 716 479 71 45 
10 6 209 13691 13899 13707 716 479 71 45 
10 6 209 13691 13899 13708 716 479 71 45 
10 6 209 13691 13899 13709 716 479 71 45 
10 6 209 13691 13899 13710 716 479 71 45 
10 6 209 13691 13899 13711 716 479 71 45 
10 6 209 13691 13899 13712 716 479 71 45 
10 6 209 13691 13899 13713 716 479 71 45 
10 6 209 13691 13899 13714 716 479 71 45 
10 6 209 13691 13899 13715 716 479 71 45 
10 6 209 13691 13899 13716 716 479 71 45 
10 6 209 13691 13899 13717 716 479 71 45 
10 6 209 13691 13899 13718 716 479 71 45 
10 6 209 13691 13899 13719 716 479 71 45 
10 6 209 13691 13899 13720 716 479 71 45 
10 6 209 13691 13899 13721 716 479 71 45 
10 6 209 13691 13899 13722 716 479 71 45 
10 6 209 13691 13899 13723 716 479 71 45 
10 6 209 13691 13899 13724 716 479 71 45 
10 6 209 13691 13899 13725 716 479 71 45 
10 6 209 13691 13899 13726 716 479 71 45 
10 6 209 13691 13899 13727 716 479 71 45 
10 6 209 13691 13899 13728 716 479 71 45 
10 6 209 13691 13899 13729 716 479 71 45 
10 6 209 13691 13899 13730 716 479 71 45 
10 6 209 13691 13899 13731 716 479 71 45 
10 6 209 13691 13899 13732 716 479 71 45 
10 6 209 13691 13899 13733 716 479 71 45 
10 6 209 13691 13899 13734 716 479 71 45 
10 6 209 13691 13899 13735 716 479 71 45 
10 6 209 13691 13899 13736 716 479 71 45 
10 6 209 13691 13899 13737 716 479 71 45 
10 6 209 13691 13899 13738 716 479 71 45 
10 6 209 13691 13899 13739 716 479 71 45 
10 6 209 13691 13899 13740 716 479 71 45 
10 6 209 13691 13899 13741 716 479 71 45 
10 6 209 13691 13899 13742 716 479 71 45 
10 6 209 13691 13899 13743 716 479 71 45 
10 6 209 13691 13899 13744 716 479 71 45 
10 6 209 13691 13899 13745 716 479 71 45 
10 6 209 13691 13899 13746 716 479 71 45 
10 6 209 13691 13899 13747 716 479 71 45 
10 6 209 13691 13899 13748 716 479 71 45 
10 6 209 13691 13899 13749 716 479 71 45 
10 6 209 13691 13899 13750 716 479 71 45 
10 6 209 13691 13899 13751 716 479 71 45 
10 6 209 13691 13899 13752 716 479 71 45 
10 6 209 13691 13899 13753 716 479 71 45 
10 6 209 13691 13899 13754 716 479 71 45 
10 6 209 13691 13899 13755 716 479 71 45 
10 6 209 13691 13899 13756 716 479 71 45 
10 6 209 13691 13899 13757 716 479 71 45 
10 6 209 13691 13899 13758 716 479 71 45 
10 6 209 13691 13899 13759 716 479 71 45 
10 6 209 13691 13899 13760 716 479 71 45 
10 6 209 13691 13899 13761 716 479 71 45 
10 6 209 13691 13899 13762 716 479 71 45 
10 6 209 13691 13899 13763 716 479 71 45 
10 6 209 13691 13899 13764 716 479 71 45 
10 6 209 13691 13899 13765 716 479 71 45 
10 6 209 13691 13899 13766 716 479 71 45 
10 6 209 13691 13899 13767 716 479 71 45 
10 6 209 13691 13899 13768 716 479 71 45 
10 6 209 13691 13899 13769 716 479 71 45 
10 6 209 13691 13899 13770 716 479 71 45 
10 6 209 13691 13899 13771 716 479 71 45 
10 6 209 13691 13899 13772 716 479 71 45 
10 6 209 13691 13899 13773 716 479 71 45 
10 6 209 13691 13899 13774 716 479 71 45 
10 6 209 13691 13899 13775 716 479 71 45 
10 6 209 13691 13899 13776 716 479 71 45 
10 6 209 13691 13899 13777 716 479 71 45 
10 6 209 13691 13899 13778 716 479 71 45 
10 6 209 13691 13899 13779 716 479 71 45 
10 6 209 13691 13899 13780 716 479 71 45 
10 6 209 13691 13899 13781 716 479 71 45 
10 6 209 13691 13899 13782 716 479 71 45 
10 6 209 13691 13899 13783 716 479 71 45 
10 6 209 13691 13899 13784 716 479 71 45 
10 6 209 13691 13899 13785 716 479 71 45 
10 6 209 13691 13899 13786 716 479 71 45 
10 6 209 13691 13899 13787 716 479 71 45 
10 6 209 13691 13899 13788 716 479 71 45 
10 6 209 13691 13899 13789 716 479 71 45 
10 6 209 13691 13899 13790 716 479 71 45 
10 6 209 13691 13899 13791 716 479 71 45 
10 6 209 13691 13899 13792 716 479 71 45 
10 6 209 13691 13899 13793 716 479 71 45 
10 6 209 13691 13899 13794 716 479 71 45 
10 6 209 13691 13899 13795 716 479 71 45 
10 6 209 13691 13899 13796 716 479 71 45 
10 6 209 13691 13899 13797 716 479 71 45 
10 6 209 13691 13899 13798 716 479 71 45 
10 6 209 13691 13899 13799 716 479 71 45 
10 6 209 13691 13899 13800 716 479 71 45 
10 6 209 13691 13899 13801 716 479 71 45 
10 6 209 13691 13899 13802 716 479 71 45 
10 6 209 13691 13899 13803 716 479 71 45 
10 6 209 13691 13899 13804 716 479 71 45 
10 6 209 13691 13899 13805 716 479 71 45 
10 6 209 13691 13899 13806 716 479 71 45 
10 6 209 13691 13899 13807 716 479 71 45 
10 6 209 13691 13899 13808 716 479 71 45 
10 6 209 13691 13899 13809 716 479 71 45 
10 6 209 13691 13899 13810 716 479 71 45 
10 6 209 13691 13899 13811 716 479 71 45 
10 6 209 13691 13899 13812 716 479 71 45 
10 6 209 13691 13899 13813 716 479 71 45 
10 6 209 13691 13899 13814 716 479 71 45 
10 6 209 13691 13899 13815 716 479 71 45 
10 6 209 13691 13899 13816 716 479 71 45 
10 6 209 13691 13899 13817 716 479 71 45 
10 6 209 13691 13899 13818 716 479 71 45 
10 6 209 13691 13899 13819 716 479 71 45 
10 6 209 13691 13899 13820 716 479 71 45 
10 6 209 13691 13899 13821 716 479 71 45 
10 6 209 13691 13899 13822 716 479 71 45 
10 6 209 13691 13899 13823 716 479 71 45 
10 6 209 13691 13899 13824 716 479 71 45 
10 6 209 13691 13899 13825 716 479 71 45 
10 6 209 13691 13899 13826 716 479 71 45 
10 6 209 13691 13899 13827 716 479 71 45 
10 6 209 13691 13899 13828 716 479 71 45 
10 6 209 13691 13899 13829 716 479 71 45 
10 6 209 13691 13899 13830 716 479 71 45 
10 6 209 13691 13899 13831 716 479 71 45 
10 6 209 13691 13899 13832 716 479 71 45 
10 6 209 13691 13899 13833 716 479 71 45 
10 6 209 13691 13899 13834 716 479 71 45 
10 6 209 13691 13899 13835 716 479 71 45 
10 6 209 13691 13899 13836 716 479 71 45 
10 6 209 13691 13899 13837 716 479 71 45 
10 6 209 13691 13899 13838 716 479 71 45 
10 6 209 13691 13899 13839 716 479 71 45 
10 6 209 13691 13899 13840 716 479 71 45 
10 6 209 13691 13899 13841 716 479 71 45 
10 6 209 13691 13899 13842 716 479 71 45 
10 6 209 13691 13899 13843 716 479 71 45 
10 6 209 13691 13899 13844 716 479 71 45 
10 6 209 13691 13899 13845 716 479 71 45 
10 6 209 13691 13899 13846 716 479 71 45 
10 6 209 13691 13899 13847 716 479 71 45 
10 6 209 13691 13899 13848 716 479 71 45 
10 6 209 13691 13899 13849 716 479 71 45 
10 6 209 13691 13899 13850 716 479 71 45 
10 6 209 13691 13899 13851 716 479 71 45 
10 6 209 13691 13899 13852 716 479 71 45 
10 6 209 13691 13899 13853 716 479 71 45 
10 6 209 13691 13899 13854 716 479 71 45 
10 6 209 13691 13899 13855 716 479 71 45 
10 6 209 13691 13899 13856 716 479 71 45 
10 6 209 13691 13899 13857 716 479 71 45 
10 6 209 13691 13899 13858 716 479 71 45 
10 6 209 13691 13899 13859 716 479 71 45 
10 6 209 13691 13899 13860 716 479 71 45 
10 6 209 13691 13899 13861 716 479 71 45 
10 6 209 13691 13899 13862 716 479 71 45 
10 6 209 13691 13899 13863 716 479 71 45 
10 6 209 13691 13899 13864 716 479 71 45 
10 6 209 13691 13899 13865 716 479 71 45 
10 6 209 13691 13899 13866 716 479 71 45 
10 6 209 13691 13899 13867 716 479 71 45 
10 6 209 13691 13899 13868 716 479 71 45 
10 6 209 13691 13899 13869 716 479 71 45 
10 6 209 13691 13899 13870 716 479 71 45 
10 6 209 13691 13899 13871 716 479 71 45 
10 6 209 13691 13899 13872 716 479 71 45 
10 6 209 13691 13899 13873 716 479 71 45 
10 6 209 13691 13899 13874 716 479 71 45 
10 6 209 13691 13899 13875 716 479 71 45 
10 6 209 13691 13899 13876 716 479 71 45 
10 6 209 13691 13899 13877 716 479 71 45 
10 6 209 13691 13899 13878 716 479 71 45 
10 6 209 13691 13899 13879 716 479 71 45 
10 6 209 13691 13899 13880 716 479 71 45 
10 6 209 13691 13899 13881 716 479 71 45 
10 6 209 13691 13899 13882 716 479 71 45 
10 6 209 13691 13899 13883 716 479 71 45 
10 6 209 13691 13899 13884 716 479 71 45 
10 6 209 13691 13899 13885 716 479 71 45 
10 6 209 13691 13899 13886 716 479 71 45 
10 6 209 13691 13899 13887 716 479 71 45 
10 6 209 13691 13899 13888 716 479 71 45 
10 6 209 13691 13899 13889 716 479 71 45 
10 6 209 13691 13899 13890 716 479 71 45 
10 6 209 13691 13899 13891 716 479 71 45 
10 6 209 13691 13899 13892 716 479 71 45 
10 6 209 13691 13899 13893 716 479 71 45 
10 6 209 13691 13899 13894 716 479 71 45 
10 6 209 13691 13899 13895 716 479 71 45 
10 6 209 13691 13899 13896 716 479 71 45 
10 6 209 13691 13899 13897 716 479 71 45 
10 6 209 13691 13899 13898 716 479 71 45 
10 6 209 13691 13899 13899 716 479 71 45 
11 6 221 13671 13891 13671 670 478 84 32 
11 6 221 13671 13891 13672 670 478 84 32 
11 6 221 13671 13891 13673 670 478 84 32 
11 6 221 13671 13891 13674 670 478 84 32 
11 6 221 13671 13891 13675 670 478 84 32 
11 6 221 13671 13891 13676 670 478 84 32 
11 6 221 13671 13891 13677 670 478 84 32 
11 6 221 13671 13891 13678 670 478 84 32 
11 6 221 13671 13891 13679 670 478 84 32 
11 6 221 13671 13891 13680 670 478 84 32 
11 6 221 13671 13891 13681 670 478 84 32 
11 6 221 13671 13891 13682 670 478 84 32 
11 6 221 13671 13891 13683 670 478 84 32 
11 6 221 13671 13891 13684 670 478 84 32 
11 6 221 13671 13891 13685 670 478 84 32 
11 6 221 13671 13891 13686 670 478 84 32 
11 6 221 13671 13891 13687 670 478 84 32 
11 6 221 13671 13891 13688 670 478 84 32 
11 6 221 13671 13891 13689 670 478 84 32 
11 6 221 13671 13891 13690 670 478 84 32 
11 6 221 13671 13891 13691 670 478 84 32 
11 6 221 13671 13891 13692 670 478 84 32 
11 6 221 13671 13891 13693 670 478 84 32 
11 6 221 13671 13891 13694 670 478 84 32 
11 6 221 13671 13891 13695 670 478 84 32 
11 6 221 13671 13891 13696 670 478 84 32 
11 6 221 13671 13891 13697 670 478 84 32 
11 6 221 13671 13891 13698 670 478 84 32 
11 6 221 13671 13891 13699 670 478 84 32 
11 6 221 13671 13891 13700 670 478 84 32 
11 6 221 13671 13891 13701 670 478 84 32 
11 6 221 13671 13891 13702 670 478 84 32 
11 6 221 13671 13891 13703 670 478 84 32 
11 6 221 13671 13891 13704 670 478 84 32 
11 6 221 13671 13891 13705 670 478 84 32 
11 6 221 13671 13891 13706 670 478 84 32 
11 6 221 13671 13891 13707 670 478 84 32 
11 6 221 13671 13891 13708 670 478 84 32 
11 6 221 13671 13891 13709 670 478 84 32 
11 6 221 13671 13891 13710 670 478 84 32 
11 6 221 13671 13891 13711 670 478 84 32 
11 6 221 13671 13891 13712 670 478 84 32 
11 6 221 13671 13891 13713 670 478 84 32 
11 6 221 13671 13891 13714 670 478 84 32 
11 6 221 13671 13891 13715 670 478 84 32 
11 6 221 13671 13891 13716 670 478 84 32 
11 6 221 13671 13891 13717 670 478 84 32 
11 6 221 13671 13891 13718 670 478 84 32 
11 6 221 13671 13891 13719 670 478 84 32 
11 6 221 13671 13891 13720 670 478 84 32 
11 6 221 13671 13891 13721 670 478 84 32 
11 6 221 13671 13891 13722 670 478 84 32 
11 6 221 13671 13891 13723 670 478 84 32 
11 6 221 13671 13891 13724 670 478 84 32 
11 6 221 13671 13891 13725 670 478 84 32 
11 6 221 13671 13891 13726 670 478 84 32 
11 6 221 13671 13891 13727 670 478 84 32 
11 6 221 13671 13891 13728 670 478 84 32 
11 6 221 13671 13891 13729 670 478 84 32 
11 6 221 13671 13891 13730 670 478 84 32 
11 6 221 13671 13891 13731 670 478 84 32 
11 6 221 13671 13891 13732 670 478 84 32 
11 6 221 13671 13891 13733 670 478 84 32 
11 6 221 13671 13891 13734 670 478 84 32 
11 6 221 13671 13891 13735 670 478 84 32 
11 6 221 13671 13891 13736 670 478 84 32 
11 6 221 13671 13891 13737 670 478 84 32 
11 6 221 13671 13891 13738 670 478 84 32 
11 6 221 13671 13891 13739 670 478 84 32 
11 6 221 13671 13891 13740 670 478 84 32 
11 6 221 13671 13891 13741 670 478 84 32 
11 6 221 13671 13891 13742 670 478 84 32 
11 6 221 13671 13891 13743 670 478 84 32 
11 6 221 13671 13891 13744 670 478 84 32 
11 6 221 13671 13891 13745 670 478 84 32 
11 6 221 13671 13891 13746 670 478 84 32 
11 6 221 13671 13891 13747 670 478 84 32 
11 6 221 13671 13891 13748 670 478 84 32 
11 6 221 13671 13891 13749 670 478 84 32 
11 6 221 13671 13891 13750 670 478 84 32 
11 6 221 13671 13891 13751 670 478 84 32 
11 6 221 13671 13891 13752 670 478 84 32 
11 6 221 13671 13891 13753 670 478 84 32 
11 6 221 13671 13891 13754 670 478 84 32 
11 6 221 13671 13891 13755 670 478 84 32 
11 6 221 13671 13891 13756 670 478 84 32 
11 6 221 13671 13891 13757 670 478 84 32 
11 6 221 13671 13891 13758 670 478 84 32 
11 6 221 13671 13891 13759 670 478 84 32 
11 6 221 13671 13891 13760 670 478 84 32 
11 6 221 13671 13891 13761 670 478 84 32 
11 6 221 13671 13891 13762 670 478 84 32 
11 6 221 13671 13891 13763 670 478 84 32 
11 6 221 13671 13891 13764 670 478 84 32 
11 6 221 13671 13891 13765 670 478 84 32 
11 6 221 13671 13891 13766 670 478 84 32 
11 6 221 13671 13891 13767 670 478 84 32 
11 6 221 13671 13891 13768 670 478 84 32 
11 6 221 13671 13891 13769 670 478 84 32 
11 6 221 13671 13891 13770 670 478 84 32 
11 6 221 13671 13891 13771 670 478 84 32 
11 6 221 13671 13891 13772 670 478 84 32 
11 6 221 13671 13891 13773 670 478 84 32 
11 6 221 13671 13891 13774 670 478 84 32 
11 6 221 13671 13891 13775 670 478 84 32 
11 6 221 13671 13891 13776 670 478 84 32 
11 6 221 13671 13891 13777 670 478 84 32 
11 6 221 13671 13891 13778 670 478 84 32 
11 6 221 13671 13891 13779 670 478 84 32 
11 6 221 13671 13891 13780 670 478 84 32 
11 6 221 13671 13891 13781 670 478 84 32 
11 6 221 13671 13891 13782 670 478 84 32 
11 6 221 13671 13891 13783 670 478 84 32 
11 6 221 13671 13891 13784 670 478 84 32 
11 6 221 13671 13891 13785 670 478 84 32 
11 6 221 13671 13891 13786 670 478 84 32 
11 6 221 13671 13891 13787 670 478 84 32 
11 6 221 13671 13891 13788 670 478 84 32 
11 6 221 13671 13891 13789 670 478 84 32 
11 6 221 13671 13891 13790 670 478 84 32 
11 6 221 13671 13891 13791 670 478 84 32 
11 6 221 13671 13891 13792 670 478 84 32 
11 6 221 13671 13891 13793 670 478 84 32 
11 6 221 13671 13891 13794 670 478 84 32 
11 6 221 13671 13891 13795 670 478 84 32 
11 6 221 13671 13891 13796 670 478 84 32 
11 6 221 13671 13891 13797 670 478 84 32 
11 6 221 13671 13891 13798 670 478 84 32 
11 6 221 13671 13891 13799 670 478 84 32 
11 6 221 13671 13891 13800 670 478 84 32 
11 6 221 13671 13891 13801 670 478 84 32 
11 6 221 13671 13891 13802 670 478 84 32 
11 6 221 13671 13891 13803 670 478 84 32 
11 6 221 13671 13891 13804 670 478 84 32 
11 6 221 13671 13891 13805 670 478 84 32 
11 6 221 13671 13891 13806 670 478 84 32 
11 6 221 13671 13891 13807 670 478 84 32 
11 6 221 13671 13891 13808 670 478 84 32 
11 6 221 13671 13891 13809 670 478 84 32 
11 6 221 13671 13891 13810 670 478 84 32 
11 6 221 13671 13891 13811 670 478 84 32 
11 6 221 13671 13891 13812 670 478 84 32 
11 6 221 13671 13891 13813 670 478 84 32 
11 6 221 13671 13891 13814 670 478 84 32 
11 6 221 13671 13891 13815 670 478 84 32 
11 6 221 13671 13891 13816 670 478 84 32 
11 6 221 13671 13891 13817 670 478 84 32 
11 6 221 13671 13891 13818 670 478 84 32 
11 6 221 13671 13891 13819 670 478 84 32 
11 6 221 13671 13891 13820 670 478 84 32 
11 6 221 13671 13891 13821 670 478 84 32 
11 6 221 13671 13891 13822 670 478 84 32 
11 6 221 13671 13891 13823 670 478 84 32 
11 6 221 13671 13891 13824 670 478 84 32 
11 6 221 13671 13891 13825 670 478 84 32 
11 6 221 13671 13891 13826 670 478 84 32 
11 6 221 13671 13891 13827 670 478 84 32 
11 6 221 13671 13891 13828 670 478 84 32 
11 6 221 13671 13891 13829 670 478 84 32 
11 6 221 13671 13891 13830 670 478 84 32 
11 6 221 13671 13891 13831 670 478 84 32 
11 6 221 13671 13891 13832 670 478 84 32 
11 6 221 13671 13891 13833 670 478 84 32 
11 6 221 13671 13891 13834 670 478 84 32 
11 6 221 13671 13891 13835 670 478 84 32 
11 6 221 13671 13891 13836 670 478 84 32 
11 6 221 13671 13891 13837 670 478 84 32 
11 6 221 13671 13891 13838 670 478 84 32 
11 6 221 13671 13891 13839 670 478 84 32 
11 6 221 13671 13891 13840 670 478 84 32 
11 6 221 13671 13891 13841 670 478 84 32 
11 6 221 13671 13891 13842 670 478 84 32 
11 6 221 13671 13891 13843 670 478 84 32 
11 6 221 13671 13891 13844 670 478 84 32 
11 6 221 13671 13891 13845 670 478 84 32 
11 6 221 13671 13891 13846 670 478 84 32 
11 6 221 13671 13891 13847 670 478 84 32 
11 6 221 13671 13891 13848 670 478 84 32 
11 6 221 13671 13891 13849 670 478 84 32 
11 6 221 13671 13891 13850 670 478 84 32 
11 6 221 13671 13891 13851 670 478 84 32 
11 6 221 13671 13891 13852 670 478 84 32 
11 6 221 13671 13891 13853 670 478 84 32 
11 6 221 13671 13891 13854 670 478 84 32 
11 6 221 13671 13891 13855 670 478 84 32 
11 6 221 13671 13891 13856 670 478 84 32 
11 6 221 13671 13891 13857 670 478 84 32 
11 6 221 13671 13891 13858 670 478 84 32 
11 6 221 13671 13891 13859 670 478 84 32 
11 6 221 13671 13891 13860 670 478 84 32 
11 6 221 13671 13891 13861 670 478 84 32 
11 6 221 13671 13891 13862 670 478 84 32 
11 6 221 13671 13891 13863 670 478 84 32 
11 6 221 13671 13891 13864 670 478 84 32 
11 6 221 13671 13891 13865 670 478 84 32 
11 6 221 13671 13891 13866 670 478 84 32 
11 6 221 13671 13891 13867 670 478 84 32 
11 6 221 13671 13891 13868 670 478 84 32 
11 6 221 13671 13891 13869 670 478 84 32 
11 6 221 13671 13891 13870 670 478 84 32 
11 6 221 13671 13891 13871 670 478 84 32 
11 6 221 13671 13891 13872 670 478 84 32 
11 6 221 13671 13891 13873 670 478 84 32 
11 6 221 13671 13891 13874 670 478 84 32 
11 6 221 13671 13891 13875 670 478 84 32 
11 6 221 13671 13891 13876 670 478 84 32 
11 6 221 13671 13891 13877 670 478 84 32 
11 6 221 13671 13891 13878 670 478 84 32 
11 6 221 13671 13891 13879 670 478 84 32 
11 6 221 13671 13891 13880 670 478 84 32 
11 6 221 13671 13891 13881 670 478 84 32 
11 6 221 13671 13891 13882 670 478 84 32 
11 6 221 13671 13891 13883 670 478 84 32 
11 6 221 13671 13891 13884 670 478 84 32 
11 6 221 13671 13891 13885 670 478 84 32 
11 6 221 13671 13891 13886 670 478 84 32 
11 6 221 13671 13891 13887 670 478 84 32 
11 6 221 13671 13891 13888 670 478 84 32 
11 6 221 13671 13891 13889 670 478 84 32 
11 6 221 13671 13891 13890 670 478 84 32 
11 6 221 13671 13891 13891 670 478 84 32 
12 6 264 14658 14921 14658 842 436 62 38 
12 6 264 14658 14921 14659 842 436 62 38 
12 6 264 14658 14921 14660 842 436 62 38 
12 6 264 14658 14921 14661 842 436 62 38 
12 6 264 14658 14921 14662 842 436 62 38 
12 6 264 14658 14921 14663 842 436 62 38 
12 6 264 14658 14921 14664 842 436 62 38 
12 6 264 14658 14921 14665 842 436 62 38 
12 6 264 14658 14921 14666 842 436 62 38 
12 6 264 14658 14921 14667 842 436 62 38 
12 6 264 14658 14921 14668 842 436 62 38 
12 6 264 14658 14921 14669 842 436 62 38 
12 6 264 14658 14921 14670 842 436 62 38 
12 6 264 14658 14921 14671 842 436 62 38 
12 6 264 14658 14921 14672 842 436 62 38 
12 6 264 14658 14921 14673 842 436 62 38 
12 6 264 14658 14921 14674 842 436 62 38 
12 6 264 14658 14921 14675 842 436 62 38 
12 6 264 14658 14921 14676 842 436 62 38 
12 6 264 14658 14921 14677 842 436 62 38 
12 6 264 14658 14921 14678 842 436 62 38 
12 6 264 14658 14921 14679 842 436 62 38 
12 6 264 14658 14921 14680 842 436 62 38 
12 6 264 14658 14921 14681 842 436 62 38 
12 6 264 14658 14921 14682 842 436 62 38 
12 6 264 14658 14921 14683 842 436 62 38 
12 6 264 14658 14921 14684 842 436 62 38 
12 6 264 14658 14921 14685 842 436 62 38 
12 6 264 14658 14921 14686 842 436 62 38 
12 6 264 14658 14921 14687 842 436 62 38 
12 6 264 14658 14921 14688 842 436 62 38 
12 6 264 14658 14921 14689 842 436 62 38 
12 6 264 14658 14921 14690 842 436 62 38 
12 6 264 14658 14921 14691 842 436 62 38 
12 6 264 14658 14921 14692 842 436 62 38 
12 6 264 14658 14921 14693 842 436 62 38 
12 6 264 14658 14921 14694 842 436 62 38 
12 6 264 14658 14921 14695 842 436 62 38 
12 6 264 14658 14921 14696 842 436 62 38 
12 6 264 14658 14921 14697 842 436 62 38 
12 6 264 14658 14921 14698 842 436 62 38 
12 6 264 14658 14921 14699 842 436 62 38 
12 6 264 14658 14921 14700 842 436 62 38 
12 6 264 14658 14921 14701 842 436 62 38 
12 6 264 14658 14921 14702 842 436 62 38 
12 6 264 14658 14921 14703 842 436 62 38 
12 6 264 14658 14921 14704 842 436 62 38 
12 6 264 14658 14921 14705 842 436 62 38 
12 6 264 14658 14921 14706 842 436 62 38 
12 6 264 14658 14921 14707 842 436 62 38 
12 6 264 14658 14921 14708 842 436 62 38 
12 6 264 14658 14921 14709 842 436 62 38 
12 6 264 14658 14921 14710 842 436 62 38 
12 6 264 14658 14921 14711 842 436 62 38 
12 6 264 14658 14921 14712 842 436 62 38 
12 6 264 14658 14921 14713 842 436 62 38 
12 6 264 14658 14921 14714 842 436 62 38 
12 6 264 14658 14921 14715 842 436 62 38 
12 6 264 14658 14921 14716 842 436 62 38 
12 6 264 14658 14921 14717 842 436 62 38 
12 6 264 14658 14921 14718 842 436 62 38 
12 6 264 14658 14921 14719 842 436 62 38 
12 6 264 14658 14921 14720 842 436 62 38 
12 6 264 14658 14921 14721 842 436 62 38 
12 6 264 14658 14921 14722 842 436 62 38 
12 6 264 14658 14921 14723 842 436 62 38 
12 6 264 14658 14921 14724 842 436 62 38 
12 6 264 14658 14921 14725 842 436 62 38 
12 6 264 14658 14921 14726 842 436 62 38 
12 6 264 14658 14921 14727 842 436 62 38 
12 6 264 14658 14921 14728 842 436 62 38 
12 6 264 14658 14921 14729 842 436 62 38 
12 6 264 14658 14921 14730 842 436 62 38 
12 6 264 14658 14921 14731 842 436 62 38 
12 6 264 14658 14921 14732 842 436 62 38 
12 6 264 14658 14921 14733 842 436 62 38 
12 6 264 14658 14921 14734 842 436 62 38 
12 6 264 14658 14921 14735 842 436 62 38 
12 6 264 14658 14921 14736 842 436 62 38 
12 6 264 14658 14921 14737 842 436 62 38 
12 6 264 14658 14921 14738 842 436 62 38 
12 6 264 14658 14921 14739 842 436 62 38 
12 6 264 14658 14921 14740 842 436 62 38 
12 6 264 14658 14921 14741 842 436 62 38 
12 6 264 14658 14921 14742 842 436 62 38 
12 6 264 14658 14921 14743 842 436 62 38 
12 6 264 14658 14921 14744 842 436 62 38 
12 6 264 14658 14921 14745 842 436 62 38 
12 6 264 14658 14921 14746 842 436 62 38 
12 6 264 14658 14921 14747 842 436 62 38 
12 6 264 14658 14921 14748 842 436 62 38 
12 6 264 14658 14921 14749 842 436 62 38 
12 6 264 14658 14921 14750 842 436 62 38 
12 6 264 14658 14921 14751 842 436 62 38 
12 6 264 14658 14921 14752 842 436 62 38 
12 6 264 14658 14921 14753 842 436 62 38 
12 6 264 14658 14921 14754 842 436 62 38 
12 6 264 14658 14921 14755 842 436 62 38 
12 6 264 14658 14921 14756 842 436 62 38 
12 6 264 14658 14921 14757 842 436 62 38 
12 6 264 14658 14921 14758 842 436 62 38 
12 6 264 14658 14921 14759 842 436 62 38 
12 6 264 14658 14921 14760 842 436 62 38 
12 6 264 14658 14921 14761 842 436 62 38 
12 6 264 14658 14921 14762 842 436 62 38 
12 6 264 14658 14921 14763 842 436 62 38 
12 6 264 14658 14921 14764 842 436 62 38 
12 6 264 14658 14921 14765 842 436 62 38 
12 6 264 14658 14921 14766 842 436 62 38 
12 6 264 14658 14921 14767 842 436 62 38 
12 6 264 14658 14921 14768 842 436 62 38 
12 6 264 14658 14921 14769 842 436 62 38 
12 6 264 14658 14921 14770 842 436 62 38 
12 6 264 14658 14921 14771 842 436 62 38 
12 6 264 14658 14921 14772 842 436 62 38 
12 6 264 14658 14921 14773 842 436 62 38 
12 6 264 14658 14921 14774 842 436 62 38 
12 6 264 14658 14921 14775 842 436 62 38 
12 6 264 14658 14921 14776 842 436 62 38 
12 6 264 14658 14921 14777 842 436 62 38 
12 6 264 14658 14921 14778 842 436 62 38 
12 6 264 14658 14921 14779 842 436 62 38 
12 6 264 14658 14921 14780 842 436 62 38 
12 6 264 14658 14921 14781 842 436 62 38 
12 6 264 14658 14921 14782 842 436 62 38 
12 6 264 14658 14921 14783 842 436 62 38 
12 6 264 14658 14921 14784 842 436 62 38 
12 6 264 14658 14921 14785 842 436 62 38 
12 6 264 14658 14921 14786 842 436 62 38 
12 6 264 14658 14921 14787 842 436 62 38 
12 6 264 14658 14921 14788 842 436 62 38 
12 6 264 14658 14921 14789 842 436 62 38 
12 6 264 14658 14921 14790 842 436 62 38 
12 6 264 14658 14921 14791 842 436 62 38 
12 6 264 14658 14921 14792 842 436 62 38 
12 6 264 14658 14921 14793 842 436 62 38 
12 6 264 14658 14921 14794 842 436 62 38 
12 6 264 14658 14921 14795 842 436 62 38 
12 6 264 14658 14921 14796 842 436 62 38 
12 6 264 14658 14921 14797 842 436 62 38 
12 6 264 14658 14921 14798 842 436 62 38 
12 6 264 14658 14921 14799 842 436 62 38 
12 6 264 14658 14921 14800 842 436 62 38 
12 6 264 14658 14921 14801 842 436 62 38 
12 6 264 14658 14921 14802 842 436 62 38 
12 6 264 14658 14921 14803 842 436 62 38 
12 6 264 14658 14921 14804 842 436 62 38 
12 6 264 14658 14921 14805 842 436 62 38 
12 6 264 14658 14921 14806 842 436 62 38 
12 6 264 14658 14921 14807 842 436 62 38 
12 6 264 14658 14921 14808 842 436 62 38 
12 6 264 14658 14921 14809 842 436 62 38 
12 6 264 14658 14921 14810 842 436 62 38 
12 6 264 14658 14921 14811 842 436 62 38 
12 6 264 14658 14921 14812 842 436 62 38 
12 6 264 14658 14921 14813 842 436 62 38 
12 6 264 14658 14921 14814 842 436 62 38 
12 6 264 14658 14921 14815 842 436 62 38 
12 6 264 14658 14921 14816 842 436 62 38 
12 6 264 14658 14921 14817 842 436 62 38 
12 6 264 14658 14921 14818 842 436 62 38 
12 6 264 14658 14921 14819 842 436 62 38 
12 6 264 14658 14921 14820 842 436 62 38 
12 6 264 14658 14921 14821 842 436 62 38 
12 6 264 14658 14921 14822 842 436 62 38 
12 6 264 14658 14921 14823 842 436 62 38 
12 6 264 14658 14921 14824 842 436 62 38 
12 6 264 14658 14921 14825 842 436 62 38 
12 6 264 14658 14921 14826 842 436 62 38 
12 6 264 14658 14921 14827 842 436 62 38 
12 6 264 14658 14921 14828 842 436 62 38 
12 6 264 14658 14921 14829 842 436 62 38 
12 6 264 14658 14921 14830 842 436 62 38 
12 6 264 14658 14921 14831 842 436 62 38 
12 6 264 14658 14921 14832 842 436 62 38 
12 6 264 14658 14921 14833 842 436 62 38 
12 6 264 14658 14921 14834 842 436 62 38 
12 6 264 14658 14921 14835 842 436 62 38 
12 6 264 14658 14921 14836 842 436 62 38 
12 6 264 14658 14921 14837 842 436 62 38 
12 6 264 14658 14921 14838 842 436 62 38 
12 6 264 14658 14921 14839 842 436 62 38 
12 6 264 14658 14921 14840 842 436 62 38 
12 6 264 14658 14921 14841 842 436 62 38 
12 6 264 14658 14921 14842 842 436 62 38 
12 6 264 14658 14921 14843 842 436 62 38 
12 6 264 14658 14921 14844 842 436 62 38 
12 6 264 14658 14921 14845 842 436 62 38 
12 6 264 14658 14921 14846 842 436 62 38 
12 6 264 14658 14921 14847 842 436 62 38 
12 6 264 14658 14921 14848 842 436 62 38 
12 6 264 14658 14921 14849 842 436 62 38 
12 6 264 14658 14921 14850 842 436 62 38 
12 6 264 14658 14921 14851 842 436 62 38 
12 6 264 14658 14921 14852 842 436 62 38 
12 6 264 14658 14921 14853 842 436 62 38 
12 6 264 14658 14921 14854 842 436 62 38 
12 6 264 14658 14921 14855 842 436 62 38 
12 6 264 14658 14921 14856 842 436 62 38 
12 6 264 14658 14921 14857 842 436 62 38 
12 6 264 14658 14921 14858 842 436 62 38 
12 6 264 14658 14921 14859 842 436 62 38 
12 6 264 14658 14921 14860 842 436 62 38 
12 6 264 14658 14921 14861 842 436 62 38 
12 6 264 14658 14921 14862 842 436 62 38 
12 6 264 14658 14921 14863 842 436 62 38 
12 6 264 14658 14921 14864 842 436 62 38 
12 6 264 14658 14921 14865 842 436 62 38 
12 6 264 14658 14921 14866 842 436 62 38 
12 6 264 14658 14921 14867 842 436 62 38 
12 6 264 14658 14921 14868 842 436 62 38 
12 6 264 14658 14921 14869 842 436 62 38 
12 6 264 14658 14921 14870 842 436 62 38 
12 6 264 14658 14921 14871 842 436 62 38 
12 6 264 14658 14921 14872 842 436 62 38 
12 6 264 14658 14921 14873 842 436 62 38 
12 6 264 14658 14921 14874 842 436 62 38 
12 6 264 14658 14921 14875 842 436 62 38 
12 6 264 14658 14921 14876 842 436 62 38 
12 6 264 14658 14921 14877 842 436 62 38 
12 6 264 14658 14921 14878 842 436 62 38 
12 6 264 14658 14921 14879 842 436 62 38 
12 6 264 14658 14921 14880 842 436 62 38 
12 6 264 14658 14921 14881 842 436 62 38 
12 6 264 14658 14921 14882 842 436 62 38 
12 6 264 14658 14921 14883 842 436 62 38 
12 6 264 14658 14921 14884 842 436 62 38 
12 6 264 14658 14921 14885 842 436 62 38 
12 6 264 14658 14921 14886 842 436 62 38 
12 6 264 14658 14921 14887 842 436 62 38 
12 6 264 14658 14921 14888 842 436 62 38 
12 6 264 14658 14921 14889 842 436 62 38 
12 6 264 14658 14921 14890 842 436 62 38 
12 6 264 14658 14921 14891 842 436 62 38 
12 6 264 14658 14921 14892 842 436 62 38 
12 6 264 14658 14921 14893 842 436 62 38 
12 6 264 14658 14921 14894 842 436 62 38 
12 6 264 14658 14921 14895 842 436 62 38 
12 6 264 14658 14921 14896 842 436 62 38 
12 6 264 14658 14921 14897 842 436 62 38 
12 6 264 14658 14921 14898 842 436 62 38 
12 6 264 14658 14921 14899 842 436 62 38 
12 6 264 14658 14921 14900 842 436 62 38 
12 6 264 14658 14921 14901 842 436 62 38 
12 6 264 14658 14921 14902 842 436 62 38 
12 6 264 14658 14921 14903 842 436 62 38 
12 6 264 14658 14921 14904 842 436 62 38 
12 6 264 14658 14921 14905 842 436 62 38 
12 6 264 14658 14921 14906 842 436 62 38 
12 6 264 14658 14921 14907 842 436 62 38 
12 6 264 14658 14921 14908 842 436 62 38 
12 6 264 14658 14921 14909 842 436 62 38 
12 6 264 14658 14921 14910 842 436 62 38 
12 6 264 14658 14921 14911 842 436 62 38 
12 6 264 14658 14921 14912 842 436 62 38 
12 6 264 14658 14921 14913 842 436 62 38 
12 6 264 14658 14921 14914 842 436 62 38 
12 6 264 14658 14921 14915 842 436 62 38 
12 6 264 14658 14921 14916 842 436 62 38 
12 6 264 14658 14921 14917 842 436 62 38 
12 6 264 14658 14921 14918 842 436 62 38 
12 6 264 14658 14921 14919 842 436 62 38 
12 6 264 14658 14921 14920 842 436 62 38 
12 6 264 14658 14921 14921 842 436 62 38 
13 3 60 15890 15949 15890 779 416 74 54 
13 3 60 15890 15949 15891 779 416 74 54 
13 3 60 15890 15949 15892 779 416 74 54 
13 3 60 15890 15949 15893 779 416 74 54 
13 3 60 15890 15949 15894 779 416 74 54 
13 3 60 15890 15949 15895 779 416 74 54 
13 3 60 15890 15949 15896 779 416 74 54 
13 3 60 15890 15949 15897 779 416 74 54 
13 3 60 15890 15949 15898 779 416 74 54 
13 3 60 15890 15949 15899 779 416 74 54 
13 3 60 15890 15949 15900 779 416 74 54 
13 3 60 15890 15949 15901 779 416 74 54 
13 3 60 15890 15949 15902 779 416 74 54 
13 3 60 15890 15949 15903 779 416 74 54 
13 3 60 15890 15949 15904 779 416 74 54 
13 3 60 15890 15949 15905 779 416 74 54 
13 3 60 15890 15949 15906 779 416 74 54 
13 3 60 15890 15949 15907 779 416 74 54 
13 3 60 15890 15949 15908 779 416 74 54 
13 3 60 15890 15949 15909 779 416 74 54 
13 3 60 15890 15949 15910 779 416 74 54 
13 3 60 15890 15949 15911 779 416 74 54 
13 3 60 15890 15949 15912 779 416 74 54 
13 3 60 15890 15949 15913 779 416 74 54 
13 3 60 15890 15949 15914 779 416 74 54 
13 3 60 15890 15949 15915 779 416 74 54 
13 3 60 15890 15949 15916 779 416 74 54 
13 3 60 15890 15949 15917 779 416 74 54 
13 3 60 15890 15949 15918 779 416 74 54 
13 3 60 15890 15949 15919 779 416 74 54 
13 3 60 15890 15949 15920 779 416 74 54 
13 3 60 15890 15949 15921 779 416 74 54 
13 3 60 15890 15949 15922 779 416 74 54 
13 3 60 15890 15949 15923 779 416 74 54 
13 3 60 15890 15949 15924 779 416 74 54 
13 3 60 15890 15949 15925 779 416 74 54 
13 3 60 15890 15949 15926 779 416 74 54 
13 3 60 15890 15949 15927 779 416 74 54 
13 3 60 15890 15949 15928 779 416 74 54 
13 3 60 15890 15949 15929 779 416 74 54 
13 3 60 15890 15949 15930 779 416 74 54 
13 3 60 15890 15949 15931 779 416 74 54 
13 3 60 15890 15949 15932 779 416 74 54 
13 3 60 15890 15949 15933 779 416 74 54 
13 3 60 15890 15949 15934 779 416 74 54 
13 3 60 15890 15949 15935 779 416 74 54 
13 3 60 15890 15949 15936 779 416 74 54 
13 3 60 15890 15949 15937 779 416 74 54 
13 3 60 15890 15949 15938 779 416 74 54 
13 3 60 15890 15949 15939 779 416 74 54 
13 3 60 15890 15949 15940 779 416 74 54 
13 3 60 15890 15949 15941 779 416 74 54 
13 3 60 15890 15949 15942 779 416 74 54 
13 3 60 15890 15949 15943 779 416 74 54 
13 3 60 15890 15949 15944 779 416 74 54 
13 3 60 15890 15949 15945 779 416 74 54 
13 3 60 15890 15949 15946 779 416 74 54 
13 3 60 15890 15949 15947 779 416 74 54 
13 3 60 15890 15949 15948 779 416 74 54 
13 3 60 15890 15949 15949 779 416 74 54 
14 4 60 16288 16347 16288 774 418 73 51 
14 4 60 16288 16347 16289 774 418 73 51 
14 4 60 16288 16347 16290 774 418 73 51 
14 4 60 16288 16347 16291 774 418 73 51 
14 4 60 16288 16347 16292 774 418 73 51 
14 4 60 16288 16347 16293 774 418 73 51 
14 4 60 16288 16347 16294 774 418 73 51 
14 4 60 16288 16347 16295 774 418 73 51 
14 4 60 16288 16347 16296 774 418 73 51 
14 4 60 16288 16347 16297 774 418 73 51 
14 4 60 16288 16347 16298 774 418 73 51 
14 4 60 16288 16347 16299 774 418 73 51 
14 4 60 16288 16347 16300 774 418 73 51 
14 4 60 16288 16347 16301 774 418 73 51 
14 4 60 16288 16347 16302 774 418 73 51 
14 4 60 16288 16347 16303 774 418 73 51 
14 4 60 16288 16347 16304 774 418 73 51 
14 4 60 16288 16347 16305 774 418 73 51 
14 4 60 16288 16347 16306 774 418 73 51 
14 4 60 16288 16347 16307 774 418 73 51 
14 4 60 16288 16347 16308 774 418 73 51 
14 4 60 16288 16347 16309 774 418 73 51 
14 4 60 16288 16347 16310 774 418 73 51 
14 4 60 16288 16347 16311 774 418 73 51 
14 4 60 16288 16347 16312 774 418 73 51 
14 4 60 16288 16347 16313 774 418 73 51 
14 4 60 16288 16347 16314 774 418 73 51 
14 4 60 16288 16347 16315 774 418 73 51 
14 4 60 16288 16347 16316 774 418 73 51 
14 4 60 16288 16347 16317 774 418 73 51 
14 4 60 16288 16347 16318 774 418 73 51 
14 4 60 16288 16347 16319 774 418 73 51 
14 4 60 16288 16347 16320 774 418 73 51 
14 4 60 16288 16347 16321 774 418 73 51 
14 4 60 16288 16347 16322 774 418 73 51 
14 4 60 16288 16347 16323 774 418 73 51 
14 4 60 16288 16347 16324 774 418 73 51 
14 4 60 16288 16347 16325 774 418 73 51 
14 4 60 16288 16347 16326 774 418 73 51 
14 4 60 16288 16347 16327 774 418 73 51 
14 4 60 16288 16347 16328 774 418 73 51 
14 4 60 16288 16347 16329 774 418 73 51 
14 4 60 16288 16347 16330 774 418 73 51 
14 4 60 16288 16347 16331 774 418 73 51 
14 4 60 16288 16347 16332 774 418 73 51 
14 4 60 16288 16347 16333 774 418 73 51 
14 4 60 16288 16347 16334 774 418 73 51 
14 4 60 16288 16347 16335 774 418 73 51 
14 4 60 16288 16347 16336 774 418 73 51 
14 4 60 16288 16347 16337 774 418 73 51 
14 4 60 16288 16347 16338 774 418 73 51 
14 4 60 16288 16347 16339 774 418 73 51 
14 4 60 16288 16347 16340 774 418 73 51 
14 4 60 16288 16347 16341 774 418 73 51 
14 4 60 16288 16347 16342 774 418 73 51 
14 4 60 16288 16347 16343 774 418 73 51 
14 4 60 16288 16347 16344 774 418 73 51 
14 4 60 16288 16347 16345 774 418 73 51 
14 4 60 16288 16347 16346 774 418 73 51 
14 4 60 16288 16347 16347 774 418 73 51 
15 6 139 15091 15229 15091 276 349 65 61 
15 6 139 15091 15229 15092 276 349 65 61 
15 6 139 15091 15229 15093 276 349 65 61 
15 6 139 15091 15229 15094 276 349 65 61 
15 6 139 15091 15229 15095 276 349 65 61 
15 6 139 15091 15229 15096 276 349 65 61 
15 6 139 15091 15229 15097 276 349 65 61 
15 6 139 15091 15229 15098 276 349 65 61 
15 6 139 15091 15229 15099 276 349 65 61 
15 6 139 15091 15229 15100 276 349 65 61 
15 6 139 15091 15229 15101 276 349 65 61 
15 6 139 15091 15229 15102 276 349 65 61 
15 6 139 15091 15229 15103 276 349 65 61 
15 6 139 15091 15229 15104 276 349 65 61 
15 6 139 15091 15229 15105 276 349 65 61 
15 6 139 15091 15229 15106 276 349 65 61 
15 6 139 15091 15229 15107 276 349 65 61 
15 6 139 15091 15229 15108 276 349 65 61 
15 6 139 15091 15229 15109 276 349 65 61 
15 6 139 15091 15229 15110 276 349 65 61 
15 6 139 15091 15229 15111 276 349 65 61 
15 6 139 15091 15229 15112 276 349 65 61 
15 6 139 15091 15229 15113 276 349 65 61 
15 6 139 15091 15229 15114 276 349 65 61 
15 6 139 15091 15229 15115 276 349 65 61 
15 6 139 15091 15229 15116 276 349 65 61 
15 6 139 15091 15229 15117 276 349 65 61 
15 6 139 15091 15229 15118 276 349 65 61 
15 6 139 15091 15229 15119 276 349 65 61 
15 6 139 15091 15229 15120 276 349 65 61 
15 6 139 15091 15229 15121 276 349 65 61 
15 6 139 15091 15229 15122 276 349 65 61 
15 6 139 15091 15229 15123 276 349 65 61 
15 6 139 15091 15229 15124 276 349 65 61 
15 6 139 15091 15229 15125 276 349 65 61 
15 6 139 15091 15229 15126 276 349 65 61 
15 6 139 15091 15229 15127 276 349 65 61 
15 6 139 15091 15229 15128 276 349 65 61 
15 6 139 15091 15229 15129 276 349 65 61 
15 6 139 15091 15229 15130 276 349 65 61 
15 6 139 15091 15229 15131 276 349 65 61 
15 6 139 15091 15229 15132 276 349 65 61 
15 6 139 15091 15229 15133 276 349 65 61 
15 6 139 15091 15229 15134 276 349 65 61 
15 6 139 15091 15229 15135 276 349 65 61 
15 6 139 15091 15229 15136 276 349 65 61 
15 6 139 15091 15229 15137 276 349 65 61 
15 6 139 15091 15229 15138 276 349 65 61 
15 6 139 15091 15229 15139 276 349 65 61 
15 6 139 15091 15229 15140 276 349 65 61 
15 6 139 15091 15229 15141 276 349 65 61 
15 6 139 15091 15229 15142 276 349 65 61 
15 6 139 15091 15229 15143 276 349 65 61 
15 6 139 15091 15229 15144 276 349 65 61 
15 6 139 15091 15229 15145 276 349 65 61 
15 6 139 15091 15229 15146 276 349 65 61 
15 6 139 15091 15229 15147 276 349 65 61 
15 6 139 15091 15229 15148 276 349 65 61 
15 6 139 15091 15229 15149 276 349 65 61 
15 6 139 15091 15229 15150 276 349 65 61 
15 6 139 15091 15229 15151 276 349 65 61 
15 6 139 15091 15229 15152 276 349 65 61 
15 6 139 15091 15229 15153 276 349 65 61 
15 6 139 15091 15229 15154 276 349 65 61 
15 6 139 15091 15229 15155 276 349 65 61 
15 6 139 15091 15229 15156 276 349 65 61 
15 6 139 15091 15229 15157 276 349 65 61 
15 6 139 15091 15229 15158 276 349 65 61 
15 6 139 15091 15229 15159 276 349 65 61 
15 6 139 15091 15229 15160 276 349 65 61 
15 6 139 15091 15229 15161 276 349 65 61 
15 6 139 15091 15229 15162 276 349 65 61 
15 6 139 15091 15229 15163 276 349 65 61 
15 6 139 15091 15229 15164 276 349 65 61 
15 6 139 15091 15229 15165 276 349 65 61 
15 6 139 15091 15229 15166 276 349 65 61 
15 6 139 15091 15229 15167 276 349 65 61 
15 6 139 15091 15229 15168 276 349 65 61 
15 6 139 15091 15229 15169 276 349 65 61 
15 6 139 15091 15229 15170 276 349 65 61 
15 6 139 15091 15229 15171 276 349 65 61 
15 6 139 15091 15229 15172 276 349 65 61 
15 6 139 15091 15229 15173 276 349 65 61 
15 6 139 15091 15229 15174 276 349 65 61 
15 6 139 15091 15229 15175 276 349 65 61 
15 6 139 15091 15229 15176 276 349 65 61 
15 6 139 15091 15229 15177 276 349 65 61 
15 6 139 15091 15229 15178 276 349 65 61 
15 6 139 15091 15229 15179 276 349 65 61 
15 6 139 15091 15229 15180 276 349 65 61 
15 6 139 15091 15229 15181 276 349 65 61 
15 6 139 15091 15229 15182 276 349 65 61 
15 6 139 15091 15229 15183 276 349 65 61 
15 6 139 15091 15229 15184 276 349 65 61 
15 6 139 15091 15229 15185 276 349 65 61 
15 6 139 15091 15229 15186 276 349 65 61 
15 6 139 15091 15229 15187 276 349 65 61 
15 6 139 15091 15229 15188 276 349 65 61 
15 6 139 15091 15229 15189 276 349 65 61 
15 6 139 15091 15229 15190 276 349 65 61 
15 6 139 15091 15229 15191 276 349 65 61 
15 6 139 15091 15229 15192 276 349 65 61 
15 6 139 15091 15229 15193 276 349 65 61 
15 6 139 15091 15229 15194 276 349 65 61 
15 6 139 15091 15229 15195 276 349 65 61 
15 6 139 15091 15229 15196 276 349 65 61 
15 6 139 15091 15229 15197 276 349 65 61 
15 6 139 15091 15229 15198 276 349 65 61 
15 6 139 15091 15229 15199 276 349 65 61 
15 6 139 15091 15229 15200 276 349 65 61 
15 6 139 15091 15229 15201 276 349 65 61 
15 6 139 15091 15229 15202 276 349 65 61 
15 6 139 15091 15229 15203 276 349 65 61 
15 6 139 15091 15229 15204 276 349 65 61 
15 6 139 15091 15229 15205 276 349 65 61 
15 6 139 15091 15229 15206 276 349 65 61 
15 6 139 15091 15229 15207 276 349 65 61 
15 6 139 15091 15229 15208 276 349 65 61 
15 6 139 15091 15229 15209 276 349 65 61 
15 6 139 15091 15229 15210 276 349 65 61 
15 6 139 15091 15229 15211 276 349 65 61 
15 6 139 15091 15229 15212 276 349 65 61 
15 6 139 15091 15229 15213 276 349 65 61 
15 6 139 15091 15229 15214 276 349 65 61 
15 6 139 15091 15229 15215 276 349 65 61 
15 6 139 15091 15229 15216 276 349 65 61 
15 6 139 15091 15229 15217 276 349 65 61 
15 6 139 15091 15229 15218 276 349 65 61 
15 6 139 15091 15229 15219 276 349 65 61 
15 6 139 15091 15229 15220 276 349 65 61 
15 6 139 15091 15229 15221 276 349 65 61 
15 6 139 15091 15229 15222 276 349 65 61 
15 6 139 15091 15229 15223 276 349 65 61 
15 6 139 15091 15229 15224 276 349 65 61 
15 6 139 15091 15229 15225 276 349 65 61 
15 6 139 15091 15229 15226 276 349 65 61 
15 6 139 15091 15229 15227 276 349 65 61 
15 6 139 15091 15229 15228 276 349 65 61 
15 6 139 15091 15229 15229 276 349 65 61 
16 6 131 23191 23321 23191 842 569 82 46 
16 6 131 23191 23321 23192 842 569 82 46 
16 6 131 23191 23321 23193 842 569 82 46 
16 6 131 23191 23321 23194 842 569 82 46 
16 6 131 23191 23321 23195 842 569 82 46 
16 6 131 23191 23321 23196 842 569 82 46 
16 6 131 23191 23321 23197 842 569 82 46 
16 6 131 23191 23321 23198 842 569 82 46 
16 6 131 23191 23321 23199 842 569 82 46 
16 6 131 23191 23321 23200 842 569 82 46 
16 6 131 23191 23321 23201 842 569 82 46 
16 6 131 23191 23321 23202 842 569 82 46 
16 6 131 23191 23321 23203 842 569 82 46 
16 6 131 23191 23321 23204 842 569 82 46 
16 6 131 23191 23321 23205 842 569 82 46 
16 6 131 23191 23321 23206 842 569 82 46 
16 6 131 23191 23321 23207 842 569 82 46 
16 6 131 23191 23321 23208 842 569 82 46 
16 6 131 23191 23321 23209 842 569 82 46 
16 6 131 23191 23321 23210 842 569 82 46 
16 6 131 23191 23321 23211 842 569 82 46 
16 6 131 23191 23321 23212 842 569 82 46 
16 6 131 23191 23321 23213 842 569 82 46 
16 6 131 23191 23321 23214 842 569 82 46 
16 6 131 23191 23321 23215 842 569 82 46 
16 6 131 23191 23321 23216 842 569 82 46 
16 6 131 23191 23321 23217 842 569 82 46 
16 6 131 23191 23321 23218 842 569 82 46 
16 6 131 23191 23321 23219 842 569 82 46 
16 6 131 23191 23321 23220 842 569 82 46 
16 6 131 23191 23321 23221 842 569 82 46 
16 6 131 23191 23321 23222 842 569 82 46 
16 6 131 23191 23321 23223 842 569 82 46 
16 6 131 23191 23321 23224 842 569 82 46 
16 6 131 23191 23321 23225 842 569 82 46 
16 6 131 23191 23321 23226 842 569 82 46 
16 6 131 23191 23321 23227 842 569 82 46 
16 6 131 23191 23321 23228 842 569 82 46 
16 6 131 23191 23321 23229 842 569 82 46 
16 6 131 23191 23321 23230 842 569 82 46 
16 6 131 23191 23321 23231 842 569 82 46 
16 6 131 23191 23321 23232 842 569 82 46 
16 6 131 23191 23321 23233 842 569 82 46 
16 6 131 23191 23321 23234 842 569 82 46 
16 6 131 23191 23321 23235 842 569 82 46 
16 6 131 23191 23321 23236 842 569 82 46 
16 6 131 23191 23321 23237 842 569 82 46 
16 6 131 23191 23321 23238 842 569 82 46 
16 6 131 23191 23321 23239 842 569 82 46 
16 6 131 23191 23321 23240 842 569 82 46 
16 6 131 23191 23321 23241 842 569 82 46 
16 6 131 23191 23321 23242 842 569 82 46 
16 6 131 23191 23321 23243 842 569 82 46 
16 6 131 23191 23321 23244 842 569 82 46 
16 6 131 23191 23321 23245 842 569 82 46 
16 6 131 23191 23321 23246 842 569 82 46 
16 6 131 23191 23321 23247 842 569 82 46 
16 6 131 23191 23321 23248 842 569 82 46 
16 6 131 23191 23321 23249 842 569 82 46 
16 6 131 23191 23321 23250 842 569 82 46 
16 6 131 23191 23321 23251 842 569 82 46 
16 6 131 23191 23321 23252 842 569 82 46 
16 6 131 23191 23321 23253 842 569 82 46 
16 6 131 23191 23321 23254 842 569 82 46 
16 6 131 23191 23321 23255 842 569 82 46 
16 6 131 23191 23321 23256 842 569 82 46 
16 6 131 23191 23321 23257 842 569 82 46 
16 6 131 23191 23321 23258 842 569 82 46 
16 6 131 23191 23321 23259 842 569 82 46 
16 6 131 23191 23321 23260 842 569 82 46 
16 6 131 23191 23321 23261 842 569 82 46 
16 6 131 23191 23321 23262 842 569 82 46 
16 6 131 23191 23321 23263 842 569 82 46 
16 6 131 23191 23321 23264 842 569 82 46 
16 6 131 23191 23321 23265 842 569 82 46 
16 6 131 23191 23321 23266 842 569 82 46 
16 6 131 23191 23321 23267 842 569 82 46 
16 6 131 23191 23321 23268 842 569 82 46 
16 6 131 23191 23321 23269 842 569 82 46 
16 6 131 23191 23321 23270 842 569 82 46 
16 6 131 23191 23321 23271 842 569 82 46 
16 6 131 23191 23321 23272 842 569 82 46 
16 6 131 23191 23321 23273 842 569 82 46 
16 6 131 23191 23321 23274 842 569 82 46 
16 6 131 23191 23321 23275 842 569 82 46 
16 6 131 23191 23321 23276 842 569 82 46 
16 6 131 23191 23321 23277 842 569 82 46 
16 6 131 23191 23321 23278 842 569 82 46 
16 6 131 23191 23321 23279 842 569 82 46 
16 6 131 23191 23321 23280 842 569 82 46 
16 6 131 23191 23321 23281 842 569 82 46 
16 6 131 23191 23321 23282 842 569 82 46 
16 6 131 23191 23321 23283 842 569 82 46 
16 6 131 23191 23321 23284 842 569 82 46 
16 6 131 23191 23321 23285 842 569 82 46 
16 6 131 23191 23321 23286 842 569 82 46 
16 6 131 23191 23321 23287 842 569 82 46 
16 6 131 23191 23321 23288 842 569 82 46 
16 6 131 23191 23321 23289 842 569 82 46 
16 6 131 23191 23321 23290 842 569 82 46 
16 6 131 23191 23321 23291 842 569 82 46 
16 6 131 23191 23321 23292 842 569 82 46 
16 6 131 23191 23321 23293 842 569 82 46 
16 6 131 23191 23321 23294 842 569 82 46 
16 6 131 23191 23321 23295 842 569 82 46 
16 6 131 23191 23321 23296 842 569 82 46 
16 6 131 23191 23321 23297 842 569 82 46 
16 6 131 23191 23321 23298 842 569 82 46 
16 6 131 23191 23321 23299 842 569 82 46 
16 6 131 23191 23321 23300 842 569 82 46 
16 6 131 23191 23321 23301 842 569 82 46 
16 6 131 23191 23321 23302 842 569 82 46 
16 6 131 23191 23321 23303 842 569 82 46 
16 6 131 23191 23321 23304 842 569 82 46 
16 6 131 23191 23321 23305 842 569 82 46 
16 6 131 23191 23321 23306 842 569 82 46 
16 6 131 23191 23321 23307 842 569 82 46 
16 6 131 23191 23321 23308 842 569 82 46 
16 6 131 23191 23321 23309 842 569 82 46 
16 6 131 23191 23321 23310 842 569 82 46 
16 6 131 23191 23321 23311 842 569 82 46 
16 6 131 23191 23321 23312 842 569 82 46 
16 6 131 23191 23321 23313 842 569 82 46 
16 6 131 23191 23321 23314 842 569 82 46 
16 6 131 23191 23321 23315 842 569 82 46 
16 6 131 23191 23321 23316 842 569 82 46 
16 6 131 23191 23321 23317 842 569 82 46 
16 6 131 23191 23321 23318 842 569 82 46 
16 6 131 23191 23321 23319 842 569 82 46 
16 6 131 23191 23321 23320 842 569 82 46 
16 6 131 23191 23321 23321 842 569 82 46 
17 6 151 25552 25702 25552 620 385 64 32 
17 6 151 25552 25702 25553 620 385 64 32 
17 6 151 25552 25702 25554 620 385 64 32 
17 6 151 25552 25702 25555 620 385 64 32 
17 6 151 25552 25702 25556 620 385 64 32 
17 6 151 25552 25702 25557 620 385 64 32 
17 6 151 25552 25702 25558 620 385 64 32 
17 6 151 25552 25702 25559 620 385 64 32 
17 6 151 25552 25702 25560 620 385 64 32 
17 6 151 25552 25702 25561 620 385 64 32 
17 6 151 25552 25702 25562 620 385 64 32 
17 6 151 25552 25702 25563 620 385 64 32 
17 6 151 25552 25702 25564 620 385 64 32 
17 6 151 25552 25702 25565 620 385 64 32 
17 6 151 25552 25702 25566 620 385 64 32 
17 6 151 25552 25702 25567 620 385 64 32 
17 6 151 25552 25702 25568 620 385 64 32 
17 6 151 25552 25702 25569 620 385 64 32 
17 6 151 25552 25702 25570 620 385 64 32 
17 6 151 25552 25702 25571 620 385 64 32 
17 6 151 25552 25702 25572 620 385 64 32 
17 6 151 25552 25702 25573 620 385 64 32 
17 6 151 25552 25702 25574 620 385 64 32 
17 6 151 25552 25702 25575 620 385 64 32 
17 6 151 25552 25702 25576 620 385 64 32 
17 6 151 25552 25702 25577 620 385 64 32 
17 6 151 25552 25702 25578 620 385 64 32 
17 6 151 25552 25702 25579 620 385 64 32 
17 6 151 25552 25702 25580 620 385 64 32 
17 6 151 25552 25702 25581 620 385 64 32 
17 6 151 25552 25702 25582 620 385 64 32 
17 6 151 25552 25702 25583 620 385 64 32 
17 6 151 25552 25702 25584 620 385 64 32 
17 6 151 25552 25702 25585 620 385 64 32 
17 6 151 25552 25702 25586 620 385 64 32 
17 6 151 25552 25702 25587 620 385 64 32 
17 6 151 25552 25702 25588 620 385 64 32 
17 6 151 25552 25702 25589 620 385 64 32 
17 6 151 25552 25702 25590 620 385 64 32 
17 6 151 25552 25702 25591 620 385 64 32 
17 6 151 25552 25702 25592 620 385 64 32 
17 6 151 25552 25702 25593 620 385 64 32 
17 6 151 25552 25702 25594 620 385 64 32 
17 6 151 25552 25702 25595 620 385 64 32 
17 6 151 25552 25702 25596 620 385 64 32 
17 6 151 25552 25702 25597 620 385 64 32 
17 6 151 25552 25702 25598 620 385 64 32 
17 6 151 25552 25702 25599 620 385 64 32 
17 6 151 25552 25702 25600 620 385 64 32 
17 6 151 25552 25702 25601 620 385 64 32 
17 6 151 25552 25702 25602 620 385 64 32 
17 6 151 25552 25702 25603 620 385 64 32 
17 6 151 25552 25702 25604 620 385 64 32 
17 6 151 25552 25702 25605 620 385 64 32 
17 6 151 25552 25702 25606 620 385 64 32 
17 6 151 25552 25702 25607 620 385 64 32 
17 6 151 25552 25702 25608 620 385 64 32 
17 6 151 25552 25702 25609 620 385 64 32 
17 6 151 25552 25702 25610 620 385 64 32 
17 6 151 25552 25702 25611 620 385 64 32 
17 6 151 25552 25702 25612 620 385 64 32 
17 6 151 25552 25702 25613 620 385 64 32 
17 6 151 25552 25702 25614 620 385 64 32 
17 6 151 25552 25702 25615 620 385 64 32 
17 6 151 25552 25702 25616 620 385 64 32 
17 6 151 25552 25702 25617 620 385 64 32 
17 6 151 25552 25702 25618 620 385 64 32 
17 6 151 25552 25702 25619 620 385 64 32 
17 6 151 25552 25702 25620 620 385 64 32 
17 6 151 25552 25702 25621 620 385 64 32 
17 6 151 25552 25702 25622 620 385 64 32 
17 6 151 25552 25702 25623 620 385 64 32 
17 6 151 25552 25702 25624 620 385 64 32 
17 6 151 25552 25702 25625 620 385 64 32 
17 6 151 25552 25702 25626 620 385 64 32 
17 6 151 25552 25702 25627 620 385 64 32 
17 6 151 25552 25702 25628 620 385 64 32 
17 6 151 25552 25702 25629 620 385 64 32 
17 6 151 25552 25702 25630 620 385 64 32 
17 6 151 25552 25702 25631 620 385 64 32 
17 6 151 25552 25702 25632 620 385 64 32 
17 6 151 25552 25702 25633 620 385 64 32 
17 6 151 25552 25702 25634 620 385 64 32 
17 6 151 25552 25702 25635 620 385 64 32 
17 6 151 25552 25702 25636 620 385 64 32 
17 6 151 25552 25702 25637 620 385 64 32 
17 6 151 25552 25702 25638 620 385 64 32 
17 6 151 25552 25702 25639 620 385 64 32 
17 6 151 25552 25702 25640 620 385 64 32 
17 6 151 25552 25702 25641 620 385 64 32 
17 6 151 25552 25702 25642 620 385 64 32 
17 6 151 25552 25702 25643 620 385 64 32 
17 6 151 25552 25702 25644 620 385 64 32 
17 6 151 25552 25702 25645 620 385 64 32 
17 6 151 25552 25702 25646 620 385 64 32 
17 6 151 25552 25702 25647 620 385 64 32 
17 6 151 25552 25702 25648 620 385 64 32 
17 6 151 25552 25702 25649 620 385 64 32 
17 6 151 25552 25702 25650 620 385 64 32 
17 6 151 25552 25702 25651 620 385 64 32 
17 6 151 25552 25702 25652 620 385 64 32 
17 6 151 25552 25702 25653 620 385 64 32 
17 6 151 25552 25702 25654 620 385 64 32 
17 6 151 25552 25702 25655 620 385 64 32 
17 6 151 25552 25702 25656 620 385 64 32 
17 6 151 25552 25702 25657 620 385 64 32 
17 6 151 25552 25702 25658 620 385 64 32 
17 6 151 25552 25702 25659 620 385 64 32 
17 6 151 25552 25702 25660 620 385 64 32 
17 6 151 25552 25702 25661 620 385 64 32 
17 6 151 25552 25702 25662 620 385 64 32 
17 6 151 25552 25702 25663 620 385 64 32 
17 6 151 25552 25702 25664 620 385 64 32 
17 6 151 25552 25702 25665 620 385 64 32 
17 6 151 25552 25702 25666 620 385 64 32 
17 6 151 25552 25702 25667 620 385 64 32 
17 6 151 25552 25702 25668 620 385 64 32 
17 6 151 25552 25702 25669 620 385 64 32 
17 6 151 25552 25702 25670 620 385 64 32 
17 6 151 25552 25702 25671 620 385 64 32 
17 6 151 25552 25702 25672 620 385 64 32 
17 6 151 25552 25702 25673 620 385 64 32 
17 6 151 25552 25702 25674 620 385 64 32 
17 6 151 25552 25702 25675 620 385 64 32 
17 6 151 25552 25702 25676 620 385 64 32 
17 6 151 25552 25702 25677 620 385 64 32 
17 6 151 25552 25702 25678 620 385 64 32 
17 6 151 25552 25702 25679 620 385 64 32 
17 6 151 25552 25702 25680 620 385 64 32 
17 6 151 25552 25702 25681 620 385 64 32 
17 6 151 25552 25702 25682 620 385 64 32 
17 6 151 25552 25702 25683 620 385 64 32 
17 6 151 25552 25702 25684 620 385 64 32 
17 6 151 25552 25702 25685 620 385 64 32 
17 6 151 25552 25702 25686 620 385 64 32 
17 6 151 25552 25702 25687 620 385 64 32 
17 6 151 25552 25702 25688 620 385 64 32 
17 6 151 25552 25702 25689 620 385 64 32 
17 6 151 25552 25702 25690 620 385 64 32 
17 6 151 25552 25702 25691 620 385 64 32 
17 6 151 25552 25702 25692 620 385 64 32 
17 6 151 25552 25702 25693 620 385 64 32 
17 6 151 25552 25702 25694 620 385 64 32 
17 6 151 25552 25702 25695 620 385 64 32 
17 6 151 25552 25702 25696 620 385 64 32 
17 6 151 25552 25702 25697 620 385 64 32 
17 6 151 25552 25702 25698 620 385 64 32 
17 6 151 25552 25702 25699 620 385 64 32 
17 6 151 25552 25702 25700 620 385 64 32 
17 6 151 25552 25702 25701 620 385 64 32 
17 6 151 25552 25702 25702 620 385 64 32 
18 3 79 25860 25938 25860 673 389 65 62 
18 3 79 25860 25938 25861 673 389 65 62 
18 3 79 25860 25938 25862 673 389 65 62 
18 3 79 25860 25938 25863 673 389 65 62 
18 3 79 25860 25938 25864 673 389 65 62 
18 3 79 25860 25938 25865 673 389 65 62 
18 3 79 25860 25938 25866 673 389 65 62 
18 3 79 25860 25938 25867 673 389 65 62 
18 3 79 25860 25938 25868 673 389 65 62 
18 3 79 25860 25938 25869 673 389 65 62 
18 3 79 25860 25938 25870 673 389 65 62 
18 3 79 25860 25938 25871 673 389 65 62 
18 3 79 25860 25938 25872 673 389 65 62 
18 3 79 25860 25938 25873 673 389 65 62 
18 3 79 25860 25938 25874 673 389 65 62 
18 3 79 25860 25938 25875 673 389 65 62 
18 3 79 25860 25938 25876 673 389 65 62 
18 3 79 25860 25938 25877 673 389 65 62 
18 3 79 25860 25938 25878 673 389 65 62 
18 3 79 25860 25938 25879 673 389 65 62 
18 3 79 25860 25938 25880 673 389 65 62 
18 3 79 25860 25938 25881 673 389 65 62 
18 3 79 25860 25938 25882 673 389 65 62 
18 3 79 25860 25938 25883 673 389 65 62 
18 3 79 25860 25938 25884 673 389 65 62 
18 3 79 25860 25938 25885 673 389 65 62 
18 3 79 25860 25938 25886 673 389 65 62 
18 3 79 25860 25938 25887 673 389 65 62 
18 3 79 25860 25938 25888 673 389 65 62 
18 3 79 25860 25938 25889 673 389 65 62 
18 3 79 25860 25938 25890 673 389 65 62 
18 3 79 25860 25938 25891 673 389 65 62 
18 3 79 25860 25938 25892 673 389 65 62 
18 3 79 25860 25938 25893 673 389 65 62 
18 3 79 25860 25938 25894 673 389 65 62 
18 3 79 25860 25938 25895 673 389 65 62 
18 3 79 25860 25938 25896 673 389 65 62 
18 3 79 25860 25938 25897 673 389 65 62 
18 3 79 25860 25938 25898 673 389 65 62 
18 3 79 25860 25938 25899 673 389 65 62 
18 3 79 25860 25938 25900 673 389 65 62 
18 3 79 25860 25938 25901 673 389 65 62 
18 3 79 25860 25938 25902 673 389 65 62 
18 3 79 25860 25938 25903 673 389 65 62 
18 3 79 25860 25938 25904 673 389 65 62 
18 3 79 25860 25938 25905 673 389 65 62 
18 3 79 25860 25938 25906 673 389 65 62 
18 3 79 25860 25938 25907 673 389 65 62 
18 3 79 25860 25938 25908 673 389 65 62 
18 3 79 25860 25938 25909 673 389 65 62 
18 3 79 25860 25938 25910 673 389 65 62 
18 3 79 25860 25938 25911 673 389 65 62 
18 3 79 25860 25938 25912 673 389 65 62 
18 3 79 25860 25938 25913 673 389 65 62 
18 3 79 25860 25938 25914 673 389 65 62 
18 3 79 25860 25938 25915 673 389 65 62 
18 3 79 25860 25938 25916 673 389 65 62 
18 3 79 25860 25938 25917 673 389 65 62 
18 3 79 25860 25938 25918 673 389 65 62 
18 3 79 25860 25938 25919 673 389 65 62 
18 3 79 25860 25938 25920 673 389 65 62 
18 3 79 25860 25938 25921 673 389 65 62 
18 3 79 25860 25938 25922 673 389 65 62 
18 3 79 25860 25938 25923 673 389 65 62 
18 3 79 25860 25938 25924 673 389 65 62 
18 3 79 25860 25938 25925 673 389 65 62 
18 3 79 25860 25938 25926 673 389 65 62 
18 3 79 25860 25938 25927 673 389 65 62 
18 3 79 25860 25938 25928 673 389 65 62 
18 3 79 25860 25938 25929 673 389 65 62 
18 3 79 25860 25938 25930 673 389 65 62 
18 3 79 25860 25938 25931 673 389 65 62 
18 3 79 25860 25938 25932 673 389 65 62 
18 3 79 25860 25938 25933 673 389 65 62 
18 3 79 25860 25938 25934 673 389 65 62 
18 3 79 25860 25938 25935 673 389 65 62 
18 3 79 25860 25938 25936 673 389 65 62 
18 3 79 25860 25938 25937 673 389 65 62 
18 3 79 25860 25938 25938 673 389 65 62 
19 4 60 26070 26129 26070 670 391 61 60 
19 4 60 26070 26129 26071 670 391 61 60 
19 4 60 26070 26129 26072 670 391 61 60 
19 4 60 26070 26129 26073 670 391 61 60 
19 4 60 26070 26129 26074 670 391 61 60 
19 4 60 26070 26129 26075 670 391 61 60 
19 4 60 26070 26129 26076 670 391 61 60 
19 4 60 26070 26129 26077 670 391 61 60 
19 4 60 26070 26129 26078 670 391 61 60 
19 4 60 26070 26129 26079 670 391 61 60 
19 4 60 26070 26129 26080 670 391 61 60 
19 4 60 26070 26129 26081 670 391 61 60 
19 4 60 26070 26129 26082 670 391 61 60 
19 4 60 26070 26129 26083 670 391 61 60 
19 4 60 26070 26129 26084 670 391 61 60 
19 4 60 26070 26129 26085 670 391 61 60 
19 4 60 26070 26129 26086 670 391 61 60 
19 4 60 26070 26129 26087 670 391 61 60 
19 4 60 26070 26129 26088 670 391 61 60 
19 4 60 26070 26129 26089 670 391 61 60 
19 4 60 26070 26129 26090 670 391 61 60 
19 4 60 26070 26129 26091 670 391 61 60 
19 4 60 26070 26129 26092 670 391 61 60 
19 4 60 26070 26129 26093 670 391 61 60 
19 4 60 26070 26129 26094 670 391 61 60 
19 4 60 26070 26129 26095 670 391 61 60 
19 4 60 26070 26129 26096 670 391 61 60 
19 4 60 26070 26129 26097 670 391 61 60 
19 4 60 26070 26129 26098 670 391 61 60 
19 4 60 26070 26129 26099 670 391 61 60 
19 4 60 26070 26129 26100 670 391 61 60 
19 4 60 26070 26129 26101 670 391 61 60 
19 4 60 26070 26129 26102 670 391 61 60 
19 4 60 26070 26129 26103 670 391 61 60 
19 4 60 26070 26129 26104 670 391 61 60 
19 4 60 26070 26129 26105 670 391 61 60 
19 4 60 26070 26129 26106 670 391 61 60 
19 4 60 26070 26129 26107 670 391 61 60 
19 4 60 26070 26129 26108 670 391 61 60 
19 4 60 26070 26129 26109 670 391 61 60 
19 4 60 26070 26129 26110 670 391 61 60 
19 4 60 26070 26129 26111 670 391 61 60 
19 4 60 26070 26129 26112 670 391 61 60 
19 4 60 26070 26129 26113 670 391 61 60 
19 4 60 26070 26129 26114 670 391 61 60 
19 4 60 26070 26129 26115 670 391 61 60 
19 4 60 26070 26129 26116 670 391 61 60 
19 4 60 26070 26129 26117 670 391 61 60 
19 4 60 26070 26129 26118 670 391 61 60 
19 4 60 26070 26129 26119 670 391 61 60 
19 4 60 26070 26129 26120 670 391 61 60 
19 4 60 26070 26129 26121 670 391 61 60 
19 4 60 26070 26129 26122 670 391 61 60 
19 4 60 26070 26129 26123 670 391 61 60 
19 4 60 26070 26129 26124 670 391 61 60 
19 4 60 26070 26129 26125 670 391 61 60 
19 4 60 26070 26129 26126 670 391 61 60 
19 4 60 26070 26129 26127 670 391 61 60 
19 4 60 26070 26129 26128 670 391 61 60 
19 4 60 26070 26129 26129 670 391 61 60 
