0 6 184 551 734 551 647 350 57 37 
0 6 184 551 734 552 647 350 57 37 
0 6 184 551 734 553 647 350 57 37 
0 6 184 551 734 554 647 350 57 37 
0 6 184 551 734 555 647 350 57 37 
0 6 184 551 734 556 647 350 57 37 
0 6 184 551 734 557 647 350 57 37 
0 6 184 551 734 558 647 350 57 37 
0 6 184 551 734 559 647 350 57 37 
0 6 184 551 734 560 647 350 57 37 
0 6 184 551 734 561 647 350 57 37 
0 6 184 551 734 562 647 350 57 37 
0 6 184 551 734 563 647 350 57 37 
0 6 184 551 734 564 647 350 57 37 
0 6 184 551 734 565 647 350 57 37 
0 6 184 551 734 566 647 350 57 37 
0 6 184 551 734 567 647 350 57 37 
0 6 184 551 734 568 647 350 57 37 
0 6 184 551 734 569 647 350 57 37 
0 6 184 551 734 570 647 350 57 37 
0 6 184 551 734 571 647 350 57 37 
0 6 184 551 734 572 647 350 57 37 
0 6 184 551 734 573 647 350 57 37 
0 6 184 551 734 574 647 350 57 37 
0 6 184 551 734 575 647 350 57 37 
0 6 184 551 734 576 647 350 57 37 
0 6 184 551 734 577 647 350 57 37 
0 6 184 551 734 578 647 350 57 37 
0 6 184 551 734 579 647 350 57 37 
0 6 184 551 734 580 647 350 57 37 
0 6 184 551 734 581 647 350 57 37 
0 6 184 551 734 582 647 350 57 37 
0 6 184 551 734 583 647 350 57 37 
0 6 184 551 734 584 647 350 57 37 
0 6 184 551 734 585 647 350 57 37 
0 6 184 551 734 586 647 350 57 37 
0 6 184 551 734 587 647 350 57 37 
0 6 184 551 734 588 647 350 57 37 
0 6 184 551 734 589 647 350 57 37 
0 6 184 551 734 590 647 350 57 37 
0 6 184 551 734 591 647 350 57 37 
0 6 184 551 734 592 647 350 57 37 
0 6 184 551 734 593 647 350 57 37 
0 6 184 551 734 594 647 350 57 37 
0 6 184 551 734 595 647 350 57 37 
0 6 184 551 734 596 647 350 57 37 
0 6 184 551 734 597 647 350 57 37 
0 6 184 551 734 598 647 350 57 37 
0 6 184 551 734 599 647 350 57 37 
0 6 184 551 734 600 647 350 57 37 
0 6 184 551 734 601 647 350 57 37 
0 6 184 551 734 602 647 350 57 37 
0 6 184 551 734 603 647 350 57 37 
0 6 184 551 734 604 647 350 57 37 
0 6 184 551 734 605 647 350 57 37 
0 6 184 551 734 606 647 350 57 37 
0 6 184 551 734 607 647 350 57 37 
0 6 184 551 734 608 647 350 57 37 
0 6 184 551 734 609 647 350 57 37 
0 6 184 551 734 610 647 350 57 37 
0 6 184 551 734 611 647 350 57 37 
0 6 184 551 734 612 647 350 57 37 
0 6 184 551 734 613 647 350 57 37 
0 6 184 551 734 614 647 350 57 37 
0 6 184 551 734 615 647 350 57 37 
0 6 184 551 734 616 647 350 57 37 
0 6 184 551 734 617 647 350 57 37 
0 6 184 551 734 618 647 350 57 37 
0 6 184 551 734 619 647 350 57 37 
0 6 184 551 734 620 647 350 57 37 
0 6 184 551 734 621 647 350 57 37 
0 6 184 551 734 622 647 350 57 37 
0 6 184 551 734 623 647 350 57 37 
0 6 184 551 734 624 647 350 57 37 
0 6 184 551 734 625 647 350 57 37 
0 6 184 551 734 626 647 350 57 37 
0 6 184 551 734 627 647 350 57 37 
0 6 184 551 734 628 647 350 57 37 
0 6 184 551 734 629 647 350 57 37 
0 6 184 551 734 630 647 350 57 37 
0 6 184 551 734 631 647 350 57 37 
0 6 184 551 734 632 647 350 57 37 
0 6 184 551 734 633 647 350 57 37 
0 6 184 551 734 634 647 350 57 37 
0 6 184 551 734 635 647 350 57 37 
0 6 184 551 734 636 647 350 57 37 
0 6 184 551 734 637 647 350 57 37 
0 6 184 551 734 638 647 350 57 37 
0 6 184 551 734 639 647 350 57 37 
0 6 184 551 734 640 647 350 57 37 
0 6 184 551 734 641 647 350 57 37 
0 6 184 551 734 642 647 350 57 37 
0 6 184 551 734 643 647 350 57 37 
0 6 184 551 734 644 647 350 57 37 
0 6 184 551 734 645 647 350 57 37 
0 6 184 551 734 646 647 350 57 37 
0 6 184 551 734 647 647 350 57 37 
0 6 184 551 734 648 647 350 57 37 
0 6 184 551 734 649 647 350 57 37 
0 6 184 551 734 650 647 350 57 37 
0 6 184 551 734 651 647 350 57 37 
0 6 184 551 734 652 647 350 57 37 
0 6 184 551 734 653 647 350 57 37 
0 6 184 551 734 654 647 350 57 37 
0 6 184 551 734 655 647 350 57 37 
0 6 184 551 734 656 647 350 57 37 
0 6 184 551 734 657 647 350 57 37 
0 6 184 551 734 658 647 350 57 37 
0 6 184 551 734 659 647 350 57 37 
0 6 184 551 734 660 647 350 57 37 
0 6 184 551 734 661 647 350 57 37 
0 6 184 551 734 662 647 350 57 37 
0 6 184 551 734 663 647 350 57 37 
0 6 184 551 734 664 647 350 57 37 
0 6 184 551 734 665 647 350 57 37 
0 6 184 551 734 666 647 350 57 37 
0 6 184 551 734 667 647 350 57 37 
0 6 184 551 734 668 647 350 57 37 
0 6 184 551 734 669 647 350 57 37 
0 6 184 551 734 670 647 350 57 37 
0 6 184 551 734 671 647 350 57 37 
0 6 184 551 734 672 647 350 57 37 
0 6 184 551 734 673 647 350 57 37 
0 6 184 551 734 674 647 350 57 37 
0 6 184 551 734 675 647 350 57 37 
0 6 184 551 734 676 647 350 57 37 
0 6 184 551 734 677 647 350 57 37 
0 6 184 551 734 678 647 350 57 37 
0 6 184 551 734 679 647 350 57 37 
0 6 184 551 734 680 647 350 57 37 
0 6 184 551 734 681 647 350 57 37 
0 6 184 551 734 682 647 350 57 37 
0 6 184 551 734 683 647 350 57 37 
0 6 184 551 734 684 647 350 57 37 
0 6 184 551 734 685 647 350 57 37 
0 6 184 551 734 686 647 350 57 37 
0 6 184 551 734 687 647 350 57 37 
0 6 184 551 734 688 647 350 57 37 
0 6 184 551 734 689 647 350 57 37 
0 6 184 551 734 690 647 350 57 37 
0 6 184 551 734 691 647 350 57 37 
0 6 184 551 734 692 647 350 57 37 
0 6 184 551 734 693 647 350 57 37 
0 6 184 551 734 694 647 350 57 37 
0 6 184 551 734 695 647 350 57 37 
0 6 184 551 734 696 647 350 57 37 
0 6 184 551 734 697 647 350 57 37 
0 6 184 551 734 698 647 350 57 37 
0 6 184 551 734 699 647 350 57 37 
0 6 184 551 734 700 647 350 57 37 
0 6 184 551 734 701 647 350 57 37 
0 6 184 551 734 702 647 350 57 37 
0 6 184 551 734 703 647 350 57 37 
0 6 184 551 734 704 647 350 57 37 
0 6 184 551 734 705 647 350 57 37 
0 6 184 551 734 706 647 350 57 37 
0 6 184 551 734 707 647 350 57 37 
0 6 184 551 734 708 647 350 57 37 
0 6 184 551 734 709 647 350 57 37 
0 6 184 551 734 710 647 350 57 37 
0 6 184 551 734 711 647 350 57 37 
0 6 184 551 734 712 647 350 57 37 
0 6 184 551 734 713 647 350 57 37 
0 6 184 551 734 714 647 350 57 37 
0 6 184 551 734 715 647 350 57 37 
0 6 184 551 734 716 647 350 57 37 
0 6 184 551 734 717 647 350 57 37 
0 6 184 551 734 718 647 350 57 37 
0 6 184 551 734 719 647 350 57 37 
0 6 184 551 734 720 647 350 57 37 
0 6 184 551 734 721 647 350 57 37 
0 6 184 551 734 722 647 350 57 37 
0 6 184 551 734 723 647 350 57 37 
0 6 184 551 734 724 647 350 57 37 
0 6 184 551 734 725 647 350 57 37 
0 6 184 551 734 726 647 350 57 37 
0 6 184 551 734 727 647 350 57 37 
0 6 184 551 734 728 647 350 57 37 
0 6 184 551 734 729 647 350 57 37 
0 6 184 551 734 730 647 350 57 37 
0 6 184 551 734 731 647 350 57 37 
0 6 184 551 734 732 647 350 57 37 
0 6 184 551 734 733 647 350 57 37 
0 6 184 551 734 734 647 350 57 37 
1 6 471 3174 3644 3174 556 391 57 62 
1 6 471 3174 3644 3175 556 391 57 62 
1 6 471 3174 3644 3176 556 391 57 62 
1 6 471 3174 3644 3177 556 391 57 62 
1 6 471 3174 3644 3178 556 391 57 62 
1 6 471 3174 3644 3179 556 391 57 62 
1 6 471 3174 3644 3180 556 391 57 62 
1 6 471 3174 3644 3181 556 391 57 62 
1 6 471 3174 3644 3182 556 391 57 62 
1 6 471 3174 3644 3183 556 391 57 62 
1 6 471 3174 3644 3184 556 391 57 62 
1 6 471 3174 3644 3185 556 391 57 62 
1 6 471 3174 3644 3186 556 391 57 62 
1 6 471 3174 3644 3187 556 391 57 62 
1 6 471 3174 3644 3188 556 391 57 62 
1 6 471 3174 3644 3189 556 391 57 62 
1 6 471 3174 3644 3190 556 391 57 62 
1 6 471 3174 3644 3191 556 391 57 62 
1 6 471 3174 3644 3192 556 391 57 62 
1 6 471 3174 3644 3193 556 391 57 62 
1 6 471 3174 3644 3194 556 391 57 62 
1 6 471 3174 3644 3195 556 391 57 62 
1 6 471 3174 3644 3196 556 391 57 62 
1 6 471 3174 3644 3197 556 391 57 62 
1 6 471 3174 3644 3198 556 391 57 62 
1 6 471 3174 3644 3199 556 391 57 62 
1 6 471 3174 3644 3200 556 391 57 62 
1 6 471 3174 3644 3201 556 391 57 62 
1 6 471 3174 3644 3202 556 391 57 62 
1 6 471 3174 3644 3203 556 391 57 62 
1 6 471 3174 3644 3204 556 391 57 62 
1 6 471 3174 3644 3205 556 391 57 62 
1 6 471 3174 3644 3206 556 391 57 62 
1 6 471 3174 3644 3207 556 391 57 62 
1 6 471 3174 3644 3208 556 391 57 62 
1 6 471 3174 3644 3209 556 391 57 62 
1 6 471 3174 3644 3210 556 391 57 62 
1 6 471 3174 3644 3211 556 391 57 62 
1 6 471 3174 3644 3212 556 391 57 62 
1 6 471 3174 3644 3213 556 391 57 62 
1 6 471 3174 3644 3214 556 391 57 62 
1 6 471 3174 3644 3215 556 391 57 62 
1 6 471 3174 3644 3216 556 391 57 62 
1 6 471 3174 3644 3217 556 391 57 62 
1 6 471 3174 3644 3218 556 391 57 62 
1 6 471 3174 3644 3219 556 391 57 62 
1 6 471 3174 3644 3220 556 391 57 62 
1 6 471 3174 3644 3221 556 391 57 62 
1 6 471 3174 3644 3222 556 391 57 62 
1 6 471 3174 3644 3223 556 391 57 62 
1 6 471 3174 3644 3224 556 391 57 62 
1 6 471 3174 3644 3225 556 391 57 62 
1 6 471 3174 3644 3226 556 391 57 62 
1 6 471 3174 3644 3227 556 391 57 62 
1 6 471 3174 3644 3228 556 391 57 62 
1 6 471 3174 3644 3229 556 391 57 62 
1 6 471 3174 3644 3230 556 391 57 62 
1 6 471 3174 3644 3231 556 391 57 62 
1 6 471 3174 3644 3232 556 391 57 62 
1 6 471 3174 3644 3233 556 391 57 62 
1 6 471 3174 3644 3234 556 391 57 62 
1 6 471 3174 3644 3235 556 391 57 62 
1 6 471 3174 3644 3236 556 391 57 62 
1 6 471 3174 3644 3237 556 391 57 62 
1 6 471 3174 3644 3238 556 391 57 62 
1 6 471 3174 3644 3239 556 391 57 62 
1 6 471 3174 3644 3240 556 391 57 62 
1 6 471 3174 3644 3241 556 391 57 62 
1 6 471 3174 3644 3242 556 391 57 62 
1 6 471 3174 3644 3243 556 391 57 62 
1 6 471 3174 3644 3244 556 391 57 62 
1 6 471 3174 3644 3245 556 391 57 62 
1 6 471 3174 3644 3246 556 391 57 62 
1 6 471 3174 3644 3247 556 391 57 62 
1 6 471 3174 3644 3248 556 391 57 62 
1 6 471 3174 3644 3249 556 391 57 62 
1 6 471 3174 3644 3250 556 391 57 62 
1 6 471 3174 3644 3251 556 391 57 62 
1 6 471 3174 3644 3252 556 391 57 62 
1 6 471 3174 3644 3253 556 391 57 62 
1 6 471 3174 3644 3254 556 391 57 62 
1 6 471 3174 3644 3255 556 391 57 62 
1 6 471 3174 3644 3256 556 391 57 62 
1 6 471 3174 3644 3257 556 391 57 62 
1 6 471 3174 3644 3258 556 391 57 62 
1 6 471 3174 3644 3259 556 391 57 62 
1 6 471 3174 3644 3260 556 391 57 62 
1 6 471 3174 3644 3261 556 391 57 62 
1 6 471 3174 3644 3262 556 391 57 62 
1 6 471 3174 3644 3263 556 391 57 62 
1 6 471 3174 3644 3264 556 391 57 62 
1 6 471 3174 3644 3265 556 391 57 62 
1 6 471 3174 3644 3266 556 391 57 62 
1 6 471 3174 3644 3267 556 391 57 62 
1 6 471 3174 3644 3268 556 391 57 62 
1 6 471 3174 3644 3269 556 391 57 62 
1 6 471 3174 3644 3270 556 391 57 62 
1 6 471 3174 3644 3271 556 391 57 62 
1 6 471 3174 3644 3272 556 391 57 62 
1 6 471 3174 3644 3273 556 391 57 62 
1 6 471 3174 3644 3274 556 391 57 62 
1 6 471 3174 3644 3275 556 391 57 62 
1 6 471 3174 3644 3276 556 391 57 62 
1 6 471 3174 3644 3277 556 391 57 62 
1 6 471 3174 3644 3278 556 391 57 62 
1 6 471 3174 3644 3279 556 391 57 62 
1 6 471 3174 3644 3280 556 391 57 62 
1 6 471 3174 3644 3281 556 391 57 62 
1 6 471 3174 3644 3282 556 391 57 62 
1 6 471 3174 3644 3283 556 391 57 62 
1 6 471 3174 3644 3284 556 391 57 62 
1 6 471 3174 3644 3285 556 391 57 62 
1 6 471 3174 3644 3286 556 391 57 62 
1 6 471 3174 3644 3287 556 391 57 62 
1 6 471 3174 3644 3288 556 391 57 62 
1 6 471 3174 3644 3289 556 391 57 62 
1 6 471 3174 3644 3290 556 391 57 62 
1 6 471 3174 3644 3291 556 391 57 62 
1 6 471 3174 3644 3292 556 391 57 62 
1 6 471 3174 3644 3293 556 391 57 62 
1 6 471 3174 3644 3294 556 391 57 62 
1 6 471 3174 3644 3295 556 391 57 62 
1 6 471 3174 3644 3296 556 391 57 62 
1 6 471 3174 3644 3297 556 391 57 62 
1 6 471 3174 3644 3298 556 391 57 62 
1 6 471 3174 3644 3299 556 391 57 62 
1 6 471 3174 3644 3300 556 391 57 62 
1 6 471 3174 3644 3301 556 391 57 62 
1 6 471 3174 3644 3302 556 391 57 62 
1 6 471 3174 3644 3303 556 391 57 62 
1 6 471 3174 3644 3304 556 391 57 62 
1 6 471 3174 3644 3305 556 391 57 62 
1 6 471 3174 3644 3306 556 391 57 62 
1 6 471 3174 3644 3307 556 391 57 62 
1 6 471 3174 3644 3308 556 391 57 62 
1 6 471 3174 3644 3309 556 391 57 62 
1 6 471 3174 3644 3310 556 391 57 62 
1 6 471 3174 3644 3311 556 391 57 62 
1 6 471 3174 3644 3312 556 391 57 62 
1 6 471 3174 3644 3313 556 391 57 62 
1 6 471 3174 3644 3314 556 391 57 62 
1 6 471 3174 3644 3315 556 391 57 62 
1 6 471 3174 3644 3316 556 391 57 62 
1 6 471 3174 3644 3317 556 391 57 62 
1 6 471 3174 3644 3318 556 391 57 62 
1 6 471 3174 3644 3319 556 391 57 62 
1 6 471 3174 3644 3320 556 391 57 62 
1 6 471 3174 3644 3321 556 391 57 62 
1 6 471 3174 3644 3322 556 391 57 62 
1 6 471 3174 3644 3323 556 391 57 62 
1 6 471 3174 3644 3324 556 391 57 62 
1 6 471 3174 3644 3325 556 391 57 62 
1 6 471 3174 3644 3326 556 391 57 62 
1 6 471 3174 3644 3327 556 391 57 62 
1 6 471 3174 3644 3328 556 391 57 62 
1 6 471 3174 3644 3329 556 391 57 62 
1 6 471 3174 3644 3330 556 391 57 62 
1 6 471 3174 3644 3331 556 391 57 62 
1 6 471 3174 3644 3332 556 391 57 62 
1 6 471 3174 3644 3333 556 391 57 62 
1 6 471 3174 3644 3334 556 391 57 62 
1 6 471 3174 3644 3335 556 391 57 62 
1 6 471 3174 3644 3336 556 391 57 62 
1 6 471 3174 3644 3337 556 391 57 62 
1 6 471 3174 3644 3338 556 391 57 62 
1 6 471 3174 3644 3339 556 391 57 62 
1 6 471 3174 3644 3340 556 391 57 62 
1 6 471 3174 3644 3341 556 391 57 62 
1 6 471 3174 3644 3342 556 391 57 62 
1 6 471 3174 3644 3343 556 391 57 62 
1 6 471 3174 3644 3344 556 391 57 62 
1 6 471 3174 3644 3345 556 391 57 62 
1 6 471 3174 3644 3346 556 391 57 62 
1 6 471 3174 3644 3347 556 391 57 62 
1 6 471 3174 3644 3348 556 391 57 62 
1 6 471 3174 3644 3349 556 391 57 62 
1 6 471 3174 3644 3350 556 391 57 62 
1 6 471 3174 3644 3351 556 391 57 62 
1 6 471 3174 3644 3352 556 391 57 62 
1 6 471 3174 3644 3353 556 391 57 62 
1 6 471 3174 3644 3354 556 391 57 62 
1 6 471 3174 3644 3355 556 391 57 62 
1 6 471 3174 3644 3356 556 391 57 62 
1 6 471 3174 3644 3357 556 391 57 62 
1 6 471 3174 3644 3358 556 391 57 62 
1 6 471 3174 3644 3359 556 391 57 62 
1 6 471 3174 3644 3360 556 391 57 62 
1 6 471 3174 3644 3361 556 391 57 62 
1 6 471 3174 3644 3362 556 391 57 62 
1 6 471 3174 3644 3363 556 391 57 62 
1 6 471 3174 3644 3364 556 391 57 62 
1 6 471 3174 3644 3365 556 391 57 62 
1 6 471 3174 3644 3366 556 391 57 62 
1 6 471 3174 3644 3367 556 391 57 62 
1 6 471 3174 3644 3368 556 391 57 62 
1 6 471 3174 3644 3369 556 391 57 62 
1 6 471 3174 3644 3370 556 391 57 62 
1 6 471 3174 3644 3371 556 391 57 62 
1 6 471 3174 3644 3372 556 391 57 62 
1 6 471 3174 3644 3373 556 391 57 62 
1 6 471 3174 3644 3374 556 391 57 62 
1 6 471 3174 3644 3375 556 391 57 62 
1 6 471 3174 3644 3376 556 391 57 62 
1 6 471 3174 3644 3377 556 391 57 62 
1 6 471 3174 3644 3378 556 391 57 62 
1 6 471 3174 3644 3379 556 391 57 62 
1 6 471 3174 3644 3380 556 391 57 62 
1 6 471 3174 3644 3381 556 391 57 62 
1 6 471 3174 3644 3382 556 391 57 62 
1 6 471 3174 3644 3383 556 391 57 62 
1 6 471 3174 3644 3384 556 391 57 62 
1 6 471 3174 3644 3385 556 391 57 62 
1 6 471 3174 3644 3386 556 391 57 62 
1 6 471 3174 3644 3387 556 391 57 62 
1 6 471 3174 3644 3388 556 391 57 62 
1 6 471 3174 3644 3389 556 391 57 62 
1 6 471 3174 3644 3390 556 391 57 62 
1 6 471 3174 3644 3391 556 391 57 62 
1 6 471 3174 3644 3392 556 391 57 62 
1 6 471 3174 3644 3393 556 391 57 62 
1 6 471 3174 3644 3394 556 391 57 62 
1 6 471 3174 3644 3395 556 391 57 62 
1 6 471 3174 3644 3396 556 391 57 62 
1 6 471 3174 3644 3397 556 391 57 62 
1 6 471 3174 3644 3398 556 391 57 62 
1 6 471 3174 3644 3399 556 391 57 62 
1 6 471 3174 3644 3400 556 391 57 62 
1 6 471 3174 3644 3401 556 391 57 62 
1 6 471 3174 3644 3402 556 391 57 62 
1 6 471 3174 3644 3403 556 391 57 62 
1 6 471 3174 3644 3404 556 391 57 62 
1 6 471 3174 3644 3405 556 391 57 62 
1 6 471 3174 3644 3406 556 391 57 62 
1 6 471 3174 3644 3407 556 391 57 62 
1 6 471 3174 3644 3408 556 391 57 62 
1 6 471 3174 3644 3409 556 391 57 62 
1 6 471 3174 3644 3410 556 391 57 62 
1 6 471 3174 3644 3411 556 391 57 62 
1 6 471 3174 3644 3412 556 391 57 62 
1 6 471 3174 3644 3413 556 391 57 62 
1 6 471 3174 3644 3414 556 391 57 62 
1 6 471 3174 3644 3415 556 391 57 62 
1 6 471 3174 3644 3416 556 391 57 62 
1 6 471 3174 3644 3417 556 391 57 62 
1 6 471 3174 3644 3418 556 391 57 62 
1 6 471 3174 3644 3419 556 391 57 62 
1 6 471 3174 3644 3420 556 391 57 62 
1 6 471 3174 3644 3421 556 391 57 62 
1 6 471 3174 3644 3422 556 391 57 62 
1 6 471 3174 3644 3423 556 391 57 62 
1 6 471 3174 3644 3424 556 391 57 62 
1 6 471 3174 3644 3425 556 391 57 62 
1 6 471 3174 3644 3426 556 391 57 62 
1 6 471 3174 3644 3427 556 391 57 62 
1 6 471 3174 3644 3428 556 391 57 62 
1 6 471 3174 3644 3429 556 391 57 62 
1 6 471 3174 3644 3430 556 391 57 62 
1 6 471 3174 3644 3431 556 391 57 62 
1 6 471 3174 3644 3432 556 391 57 62 
1 6 471 3174 3644 3433 556 391 57 62 
1 6 471 3174 3644 3434 556 391 57 62 
1 6 471 3174 3644 3435 556 391 57 62 
1 6 471 3174 3644 3436 556 391 57 62 
1 6 471 3174 3644 3437 556 391 57 62 
1 6 471 3174 3644 3438 556 391 57 62 
1 6 471 3174 3644 3439 556 391 57 62 
1 6 471 3174 3644 3440 556 391 57 62 
1 6 471 3174 3644 3441 556 391 57 62 
1 6 471 3174 3644 3442 556 391 57 62 
1 6 471 3174 3644 3443 556 391 57 62 
1 6 471 3174 3644 3444 556 391 57 62 
1 6 471 3174 3644 3445 556 391 57 62 
1 6 471 3174 3644 3446 556 391 57 62 
1 6 471 3174 3644 3447 556 391 57 62 
1 6 471 3174 3644 3448 556 391 57 62 
1 6 471 3174 3644 3449 556 391 57 62 
1 6 471 3174 3644 3450 556 391 57 62 
1 6 471 3174 3644 3451 556 391 57 62 
1 6 471 3174 3644 3452 556 391 57 62 
1 6 471 3174 3644 3453 556 391 57 62 
1 6 471 3174 3644 3454 556 391 57 62 
1 6 471 3174 3644 3455 556 391 57 62 
1 6 471 3174 3644 3456 556 391 57 62 
1 6 471 3174 3644 3457 556 391 57 62 
1 6 471 3174 3644 3458 556 391 57 62 
1 6 471 3174 3644 3459 556 391 57 62 
1 6 471 3174 3644 3460 556 391 57 62 
1 6 471 3174 3644 3461 556 391 57 62 
1 6 471 3174 3644 3462 556 391 57 62 
1 6 471 3174 3644 3463 556 391 57 62 
1 6 471 3174 3644 3464 556 391 57 62 
1 6 471 3174 3644 3465 556 391 57 62 
1 6 471 3174 3644 3466 556 391 57 62 
1 6 471 3174 3644 3467 556 391 57 62 
1 6 471 3174 3644 3468 556 391 57 62 
1 6 471 3174 3644 3469 556 391 57 62 
1 6 471 3174 3644 3470 556 391 57 62 
1 6 471 3174 3644 3471 556 391 57 62 
1 6 471 3174 3644 3472 556 391 57 62 
1 6 471 3174 3644 3473 556 391 57 62 
1 6 471 3174 3644 3474 556 391 57 62 
1 6 471 3174 3644 3475 556 391 57 62 
1 6 471 3174 3644 3476 556 391 57 62 
1 6 471 3174 3644 3477 556 391 57 62 
1 6 471 3174 3644 3478 556 391 57 62 
1 6 471 3174 3644 3479 556 391 57 62 
1 6 471 3174 3644 3480 556 391 57 62 
1 6 471 3174 3644 3481 556 391 57 62 
1 6 471 3174 3644 3482 556 391 57 62 
1 6 471 3174 3644 3483 556 391 57 62 
1 6 471 3174 3644 3484 556 391 57 62 
1 6 471 3174 3644 3485 556 391 57 62 
1 6 471 3174 3644 3486 556 391 57 62 
1 6 471 3174 3644 3487 556 391 57 62 
1 6 471 3174 3644 3488 556 391 57 62 
1 6 471 3174 3644 3489 556 391 57 62 
1 6 471 3174 3644 3490 556 391 57 62 
1 6 471 3174 3644 3491 556 391 57 62 
1 6 471 3174 3644 3492 556 391 57 62 
1 6 471 3174 3644 3493 556 391 57 62 
1 6 471 3174 3644 3494 556 391 57 62 
1 6 471 3174 3644 3495 556 391 57 62 
1 6 471 3174 3644 3496 556 391 57 62 
1 6 471 3174 3644 3497 556 391 57 62 
1 6 471 3174 3644 3498 556 391 57 62 
1 6 471 3174 3644 3499 556 391 57 62 
1 6 471 3174 3644 3500 556 391 57 62 
1 6 471 3174 3644 3501 556 391 57 62 
1 6 471 3174 3644 3502 556 391 57 62 
1 6 471 3174 3644 3503 556 391 57 62 
1 6 471 3174 3644 3504 556 391 57 62 
1 6 471 3174 3644 3505 556 391 57 62 
1 6 471 3174 3644 3506 556 391 57 62 
1 6 471 3174 3644 3507 556 391 57 62 
1 6 471 3174 3644 3508 556 391 57 62 
1 6 471 3174 3644 3509 556 391 57 62 
1 6 471 3174 3644 3510 556 391 57 62 
1 6 471 3174 3644 3511 556 391 57 62 
1 6 471 3174 3644 3512 556 391 57 62 
1 6 471 3174 3644 3513 556 391 57 62 
1 6 471 3174 3644 3514 556 391 57 62 
1 6 471 3174 3644 3515 556 391 57 62 
1 6 471 3174 3644 3516 556 391 57 62 
1 6 471 3174 3644 3517 556 391 57 62 
1 6 471 3174 3644 3518 556 391 57 62 
1 6 471 3174 3644 3519 556 391 57 62 
1 6 471 3174 3644 3520 556 391 57 62 
1 6 471 3174 3644 3521 556 391 57 62 
1 6 471 3174 3644 3522 556 391 57 62 
1 6 471 3174 3644 3523 556 391 57 62 
1 6 471 3174 3644 3524 556 391 57 62 
1 6 471 3174 3644 3525 556 391 57 62 
1 6 471 3174 3644 3526 556 391 57 62 
1 6 471 3174 3644 3527 556 391 57 62 
1 6 471 3174 3644 3528 556 391 57 62 
1 6 471 3174 3644 3529 556 391 57 62 
1 6 471 3174 3644 3530 556 391 57 62 
1 6 471 3174 3644 3531 556 391 57 62 
1 6 471 3174 3644 3532 556 391 57 62 
1 6 471 3174 3644 3533 556 391 57 62 
1 6 471 3174 3644 3534 556 391 57 62 
1 6 471 3174 3644 3535 556 391 57 62 
1 6 471 3174 3644 3536 556 391 57 62 
1 6 471 3174 3644 3537 556 391 57 62 
1 6 471 3174 3644 3538 556 391 57 62 
1 6 471 3174 3644 3539 556 391 57 62 
1 6 471 3174 3644 3540 556 391 57 62 
1 6 471 3174 3644 3541 556 391 57 62 
1 6 471 3174 3644 3542 556 391 57 62 
1 6 471 3174 3644 3543 556 391 57 62 
1 6 471 3174 3644 3544 556 391 57 62 
1 6 471 3174 3644 3545 556 391 57 62 
1 6 471 3174 3644 3546 556 391 57 62 
1 6 471 3174 3644 3547 556 391 57 62 
1 6 471 3174 3644 3548 556 391 57 62 
1 6 471 3174 3644 3549 556 391 57 62 
1 6 471 3174 3644 3550 556 391 57 62 
1 6 471 3174 3644 3551 556 391 57 62 
1 6 471 3174 3644 3552 556 391 57 62 
1 6 471 3174 3644 3553 556 391 57 62 
1 6 471 3174 3644 3554 556 391 57 62 
1 6 471 3174 3644 3555 556 391 57 62 
1 6 471 3174 3644 3556 556 391 57 62 
1 6 471 3174 3644 3557 556 391 57 62 
1 6 471 3174 3644 3558 556 391 57 62 
1 6 471 3174 3644 3559 556 391 57 62 
1 6 471 3174 3644 3560 556 391 57 62 
1 6 471 3174 3644 3561 556 391 57 62 
1 6 471 3174 3644 3562 556 391 57 62 
1 6 471 3174 3644 3563 556 391 57 62 
1 6 471 3174 3644 3564 556 391 57 62 
1 6 471 3174 3644 3565 556 391 57 62 
1 6 471 3174 3644 3566 556 391 57 62 
1 6 471 3174 3644 3567 556 391 57 62 
1 6 471 3174 3644 3568 556 391 57 62 
1 6 471 3174 3644 3569 556 391 57 62 
1 6 471 3174 3644 3570 556 391 57 62 
1 6 471 3174 3644 3571 556 391 57 62 
1 6 471 3174 3644 3572 556 391 57 62 
1 6 471 3174 3644 3573 556 391 57 62 
1 6 471 3174 3644 3574 556 391 57 62 
1 6 471 3174 3644 3575 556 391 57 62 
1 6 471 3174 3644 3576 556 391 57 62 
1 6 471 3174 3644 3577 556 391 57 62 
1 6 471 3174 3644 3578 556 391 57 62 
1 6 471 3174 3644 3579 556 391 57 62 
1 6 471 3174 3644 3580 556 391 57 62 
1 6 471 3174 3644 3581 556 391 57 62 
1 6 471 3174 3644 3582 556 391 57 62 
1 6 471 3174 3644 3583 556 391 57 62 
1 6 471 3174 3644 3584 556 391 57 62 
1 6 471 3174 3644 3585 556 391 57 62 
1 6 471 3174 3644 3586 556 391 57 62 
1 6 471 3174 3644 3587 556 391 57 62 
1 6 471 3174 3644 3588 556 391 57 62 
1 6 471 3174 3644 3589 556 391 57 62 
1 6 471 3174 3644 3590 556 391 57 62 
1 6 471 3174 3644 3591 556 391 57 62 
1 6 471 3174 3644 3592 556 391 57 62 
1 6 471 3174 3644 3593 556 391 57 62 
1 6 471 3174 3644 3594 556 391 57 62 
1 6 471 3174 3644 3595 556 391 57 62 
1 6 471 3174 3644 3596 556 391 57 62 
1 6 471 3174 3644 3597 556 391 57 62 
1 6 471 3174 3644 3598 556 391 57 62 
1 6 471 3174 3644 3599 556 391 57 62 
1 6 471 3174 3644 3600 556 391 57 62 
1 6 471 3174 3644 3601 556 391 57 62 
1 6 471 3174 3644 3602 556 391 57 62 
1 6 471 3174 3644 3603 556 391 57 62 
1 6 471 3174 3644 3604 556 391 57 62 
1 6 471 3174 3644 3605 556 391 57 62 
1 6 471 3174 3644 3606 556 391 57 62 
1 6 471 3174 3644 3607 556 391 57 62 
1 6 471 3174 3644 3608 556 391 57 62 
1 6 471 3174 3644 3609 556 391 57 62 
1 6 471 3174 3644 3610 556 391 57 62 
1 6 471 3174 3644 3611 556 391 57 62 
1 6 471 3174 3644 3612 556 391 57 62 
1 6 471 3174 3644 3613 556 391 57 62 
1 6 471 3174 3644 3614 556 391 57 62 
1 6 471 3174 3644 3615 556 391 57 62 
1 6 471 3174 3644 3616 556 391 57 62 
1 6 471 3174 3644 3617 556 391 57 62 
1 6 471 3174 3644 3618 556 391 57 62 
1 6 471 3174 3644 3619 556 391 57 62 
1 6 471 3174 3644 3620 556 391 57 62 
1 6 471 3174 3644 3621 556 391 57 62 
1 6 471 3174 3644 3622 556 391 57 62 
1 6 471 3174 3644 3623 556 391 57 62 
1 6 471 3174 3644 3624 556 391 57 62 
1 6 471 3174 3644 3625 556 391 57 62 
1 6 471 3174 3644 3626 556 391 57 62 
1 6 471 3174 3644 3627 556 391 57 62 
1 6 471 3174 3644 3628 556 391 57 62 
1 6 471 3174 3644 3629 556 391 57 62 
1 6 471 3174 3644 3630 556 391 57 62 
1 6 471 3174 3644 3631 556 391 57 62 
1 6 471 3174 3644 3632 556 391 57 62 
1 6 471 3174 3644 3633 556 391 57 62 
1 6 471 3174 3644 3634 556 391 57 62 
1 6 471 3174 3644 3635 556 391 57 62 
1 6 471 3174 3644 3636 556 391 57 62 
1 6 471 3174 3644 3637 556 391 57 62 
1 6 471 3174 3644 3638 556 391 57 62 
1 6 471 3174 3644 3639 556 391 57 62 
1 6 471 3174 3644 3640 556 391 57 62 
1 6 471 3174 3644 3641 556 391 57 62 
1 6 471 3174 3644 3642 556 391 57 62 
1 6 471 3174 3644 3643 556 391 57 62 
1 6 471 3174 3644 3644 556 391 57 62 
2 6 177 5193 5369 5193 651 371 63 62 
2 6 177 5193 5369 5194 651 371 63 62 
2 6 177 5193 5369 5195 651 371 63 62 
2 6 177 5193 5369 5196 651 371 63 62 
2 6 177 5193 5369 5197 651 371 63 62 
2 6 177 5193 5369 5198 651 371 63 62 
2 6 177 5193 5369 5199 651 371 63 62 
2 6 177 5193 5369 5200 651 371 63 62 
2 6 177 5193 5369 5201 651 371 63 62 
2 6 177 5193 5369 5202 651 371 63 62 
2 6 177 5193 5369 5203 651 371 63 62 
2 6 177 5193 5369 5204 651 371 63 62 
2 6 177 5193 5369 5205 651 371 63 62 
2 6 177 5193 5369 5206 651 371 63 62 
2 6 177 5193 5369 5207 651 371 63 62 
2 6 177 5193 5369 5208 651 371 63 62 
2 6 177 5193 5369 5209 651 371 63 62 
2 6 177 5193 5369 5210 651 371 63 62 
2 6 177 5193 5369 5211 651 371 63 62 
2 6 177 5193 5369 5212 651 371 63 62 
2 6 177 5193 5369 5213 651 371 63 62 
2 6 177 5193 5369 5214 651 371 63 62 
2 6 177 5193 5369 5215 651 371 63 62 
2 6 177 5193 5369 5216 651 371 63 62 
2 6 177 5193 5369 5217 651 371 63 62 
2 6 177 5193 5369 5218 651 371 63 62 
2 6 177 5193 5369 5219 651 371 63 62 
2 6 177 5193 5369 5220 651 371 63 62 
2 6 177 5193 5369 5221 651 371 63 62 
2 6 177 5193 5369 5222 651 371 63 62 
2 6 177 5193 5369 5223 651 371 63 62 
2 6 177 5193 5369 5224 651 371 63 62 
2 6 177 5193 5369 5225 651 371 63 62 
2 6 177 5193 5369 5226 651 371 63 62 
2 6 177 5193 5369 5227 651 371 63 62 
2 6 177 5193 5369 5228 651 371 63 62 
2 6 177 5193 5369 5229 651 371 63 62 
2 6 177 5193 5369 5230 651 371 63 62 
2 6 177 5193 5369 5231 651 371 63 62 
2 6 177 5193 5369 5232 651 371 63 62 
2 6 177 5193 5369 5233 651 371 63 62 
2 6 177 5193 5369 5234 651 371 63 62 
2 6 177 5193 5369 5235 651 371 63 62 
2 6 177 5193 5369 5236 651 371 63 62 
2 6 177 5193 5369 5237 651 371 63 62 
2 6 177 5193 5369 5238 651 371 63 62 
2 6 177 5193 5369 5239 651 371 63 62 
2 6 177 5193 5369 5240 651 371 63 62 
2 6 177 5193 5369 5241 651 371 63 62 
2 6 177 5193 5369 5242 651 371 63 62 
2 6 177 5193 5369 5243 651 371 63 62 
2 6 177 5193 5369 5244 651 371 63 62 
2 6 177 5193 5369 5245 651 371 63 62 
2 6 177 5193 5369 5246 651 371 63 62 
2 6 177 5193 5369 5247 651 371 63 62 
2 6 177 5193 5369 5248 651 371 63 62 
2 6 177 5193 5369 5249 651 371 63 62 
2 6 177 5193 5369 5250 651 371 63 62 
2 6 177 5193 5369 5251 651 371 63 62 
2 6 177 5193 5369 5252 651 371 63 62 
2 6 177 5193 5369 5253 651 371 63 62 
2 6 177 5193 5369 5254 651 371 63 62 
2 6 177 5193 5369 5255 651 371 63 62 
2 6 177 5193 5369 5256 651 371 63 62 
2 6 177 5193 5369 5257 651 371 63 62 
2 6 177 5193 5369 5258 651 371 63 62 
2 6 177 5193 5369 5259 651 371 63 62 
2 6 177 5193 5369 5260 651 371 63 62 
2 6 177 5193 5369 5261 651 371 63 62 
2 6 177 5193 5369 5262 651 371 63 62 
2 6 177 5193 5369 5263 651 371 63 62 
2 6 177 5193 5369 5264 651 371 63 62 
2 6 177 5193 5369 5265 651 371 63 62 
2 6 177 5193 5369 5266 651 371 63 62 
2 6 177 5193 5369 5267 651 371 63 62 
2 6 177 5193 5369 5268 651 371 63 62 
2 6 177 5193 5369 5269 651 371 63 62 
2 6 177 5193 5369 5270 651 371 63 62 
2 6 177 5193 5369 5271 651 371 63 62 
2 6 177 5193 5369 5272 651 371 63 62 
2 6 177 5193 5369 5273 651 371 63 62 
2 6 177 5193 5369 5274 651 371 63 62 
2 6 177 5193 5369 5275 651 371 63 62 
2 6 177 5193 5369 5276 651 371 63 62 
2 6 177 5193 5369 5277 651 371 63 62 
2 6 177 5193 5369 5278 651 371 63 62 
2 6 177 5193 5369 5279 651 371 63 62 
2 6 177 5193 5369 5280 651 371 63 62 
2 6 177 5193 5369 5281 651 371 63 62 
2 6 177 5193 5369 5282 651 371 63 62 
2 6 177 5193 5369 5283 651 371 63 62 
2 6 177 5193 5369 5284 651 371 63 62 
2 6 177 5193 5369 5285 651 371 63 62 
2 6 177 5193 5369 5286 651 371 63 62 
2 6 177 5193 5369 5287 651 371 63 62 
2 6 177 5193 5369 5288 651 371 63 62 
2 6 177 5193 5369 5289 651 371 63 62 
2 6 177 5193 5369 5290 651 371 63 62 
2 6 177 5193 5369 5291 651 371 63 62 
2 6 177 5193 5369 5292 651 371 63 62 
2 6 177 5193 5369 5293 651 371 63 62 
2 6 177 5193 5369 5294 651 371 63 62 
2 6 177 5193 5369 5295 651 371 63 62 
2 6 177 5193 5369 5296 651 371 63 62 
2 6 177 5193 5369 5297 651 371 63 62 
2 6 177 5193 5369 5298 651 371 63 62 
2 6 177 5193 5369 5299 651 371 63 62 
2 6 177 5193 5369 5300 651 371 63 62 
2 6 177 5193 5369 5301 651 371 63 62 
2 6 177 5193 5369 5302 651 371 63 62 
2 6 177 5193 5369 5303 651 371 63 62 
2 6 177 5193 5369 5304 651 371 63 62 
2 6 177 5193 5369 5305 651 371 63 62 
2 6 177 5193 5369 5306 651 371 63 62 
2 6 177 5193 5369 5307 651 371 63 62 
2 6 177 5193 5369 5308 651 371 63 62 
2 6 177 5193 5369 5309 651 371 63 62 
2 6 177 5193 5369 5310 651 371 63 62 
2 6 177 5193 5369 5311 651 371 63 62 
2 6 177 5193 5369 5312 651 371 63 62 
2 6 177 5193 5369 5313 651 371 63 62 
2 6 177 5193 5369 5314 651 371 63 62 
2 6 177 5193 5369 5315 651 371 63 62 
2 6 177 5193 5369 5316 651 371 63 62 
2 6 177 5193 5369 5317 651 371 63 62 
2 6 177 5193 5369 5318 651 371 63 62 
2 6 177 5193 5369 5319 651 371 63 62 
2 6 177 5193 5369 5320 651 371 63 62 
2 6 177 5193 5369 5321 651 371 63 62 
2 6 177 5193 5369 5322 651 371 63 62 
2 6 177 5193 5369 5323 651 371 63 62 
2 6 177 5193 5369 5324 651 371 63 62 
2 6 177 5193 5369 5325 651 371 63 62 
2 6 177 5193 5369 5326 651 371 63 62 
2 6 177 5193 5369 5327 651 371 63 62 
2 6 177 5193 5369 5328 651 371 63 62 
2 6 177 5193 5369 5329 651 371 63 62 
2 6 177 5193 5369 5330 651 371 63 62 
2 6 177 5193 5369 5331 651 371 63 62 
2 6 177 5193 5369 5332 651 371 63 62 
2 6 177 5193 5369 5333 651 371 63 62 
2 6 177 5193 5369 5334 651 371 63 62 
2 6 177 5193 5369 5335 651 371 63 62 
2 6 177 5193 5369 5336 651 371 63 62 
2 6 177 5193 5369 5337 651 371 63 62 
2 6 177 5193 5369 5338 651 371 63 62 
2 6 177 5193 5369 5339 651 371 63 62 
2 6 177 5193 5369 5340 651 371 63 62 
2 6 177 5193 5369 5341 651 371 63 62 
2 6 177 5193 5369 5342 651 371 63 62 
2 6 177 5193 5369 5343 651 371 63 62 
2 6 177 5193 5369 5344 651 371 63 62 
2 6 177 5193 5369 5345 651 371 63 62 
2 6 177 5193 5369 5346 651 371 63 62 
2 6 177 5193 5369 5347 651 371 63 62 
2 6 177 5193 5369 5348 651 371 63 62 
2 6 177 5193 5369 5349 651 371 63 62 
2 6 177 5193 5369 5350 651 371 63 62 
2 6 177 5193 5369 5351 651 371 63 62 
2 6 177 5193 5369 5352 651 371 63 62 
2 6 177 5193 5369 5353 651 371 63 62 
2 6 177 5193 5369 5354 651 371 63 62 
2 6 177 5193 5369 5355 651 371 63 62 
2 6 177 5193 5369 5356 651 371 63 62 
2 6 177 5193 5369 5357 651 371 63 62 
2 6 177 5193 5369 5358 651 371 63 62 
2 6 177 5193 5369 5359 651 371 63 62 
2 6 177 5193 5369 5360 651 371 63 62 
2 6 177 5193 5369 5361 651 371 63 62 
2 6 177 5193 5369 5362 651 371 63 62 
2 6 177 5193 5369 5363 651 371 63 62 
2 6 177 5193 5369 5364 651 371 63 62 
2 6 177 5193 5369 5365 651 371 63 62 
2 6 177 5193 5369 5366 651 371 63 62 
2 6 177 5193 5369 5367 651 371 63 62 
2 6 177 5193 5369 5368 651 371 63 62 
2 6 177 5193 5369 5369 651 371 63 62 
3 2 109 3708 3816 3708 558 392 53 60 
3 2 109 3708 3816 3709 558 392 53 60 
3 2 109 3708 3816 3710 558 392 53 60 
3 2 109 3708 3816 3711 558 392 53 60 
3 2 109 3708 3816 3712 558 392 53 60 
3 2 109 3708 3816 3713 558 392 53 60 
3 2 109 3708 3816 3714 558 392 53 60 
3 2 109 3708 3816 3715 558 392 53 60 
3 2 109 3708 3816 3716 558 392 53 60 
3 2 109 3708 3816 3717 558 392 53 60 
3 2 109 3708 3816 3718 558 392 53 60 
3 2 109 3708 3816 3719 558 392 53 60 
3 2 109 3708 3816 3720 558 392 53 60 
3 2 109 3708 3816 3721 558 392 53 60 
3 2 109 3708 3816 3722 558 392 53 60 
3 2 109 3708 3816 3723 558 392 53 60 
3 2 109 3708 3816 3724 558 392 53 60 
3 2 109 3708 3816 3725 558 392 53 60 
3 2 109 3708 3816 3726 558 392 53 60 
3 2 109 3708 3816 3727 558 392 53 60 
3 2 109 3708 3816 3728 558 392 53 60 
3 2 109 3708 3816 3729 558 392 53 60 
3 2 109 3708 3816 3730 558 392 53 60 
3 2 109 3708 3816 3731 558 392 53 60 
3 2 109 3708 3816 3732 558 392 53 60 
3 2 109 3708 3816 3733 558 392 53 60 
3 2 109 3708 3816 3734 558 392 53 60 
3 2 109 3708 3816 3735 558 392 53 60 
3 2 109 3708 3816 3736 558 392 53 60 
3 2 109 3708 3816 3737 558 392 53 60 
3 2 109 3708 3816 3738 558 392 53 60 
3 2 109 3708 3816 3739 558 392 53 60 
3 2 109 3708 3816 3740 558 392 53 60 
3 2 109 3708 3816 3741 558 392 53 60 
3 2 109 3708 3816 3742 558 392 53 60 
3 2 109 3708 3816 3743 558 392 53 60 
3 2 109 3708 3816 3744 558 392 53 60 
3 2 109 3708 3816 3745 558 392 53 60 
3 2 109 3708 3816 3746 558 392 53 60 
3 2 109 3708 3816 3747 558 392 53 60 
3 2 109 3708 3816 3748 558 392 53 60 
3 2 109 3708 3816 3749 558 392 53 60 
3 2 109 3708 3816 3750 558 392 53 60 
3 2 109 3708 3816 3751 558 392 53 60 
3 2 109 3708 3816 3752 558 392 53 60 
3 2 109 3708 3816 3753 558 392 53 60 
3 2 109 3708 3816 3754 558 392 53 60 
3 2 109 3708 3816 3755 558 392 53 60 
3 2 109 3708 3816 3756 558 392 53 60 
3 2 109 3708 3816 3757 558 392 53 60 
3 2 109 3708 3816 3758 558 392 53 60 
3 2 109 3708 3816 3759 558 392 53 60 
3 2 109 3708 3816 3760 558 392 53 60 
3 2 109 3708 3816 3761 558 392 53 60 
3 2 109 3708 3816 3762 558 392 53 60 
3 2 109 3708 3816 3763 558 392 53 60 
3 2 109 3708 3816 3764 558 392 53 60 
3 2 109 3708 3816 3765 558 392 53 60 
3 2 109 3708 3816 3766 558 392 53 60 
3 2 109 3708 3816 3767 558 392 53 60 
3 2 109 3708 3816 3768 558 392 53 60 
3 2 109 3708 3816 3769 558 392 53 60 
3 2 109 3708 3816 3770 558 392 53 60 
3 2 109 3708 3816 3771 558 392 53 60 
3 2 109 3708 3816 3772 558 392 53 60 
3 2 109 3708 3816 3773 558 392 53 60 
3 2 109 3708 3816 3774 558 392 53 60 
3 2 109 3708 3816 3775 558 392 53 60 
3 2 109 3708 3816 3776 558 392 53 60 
3 2 109 3708 3816 3777 558 392 53 60 
3 2 109 3708 3816 3778 558 392 53 60 
3 2 109 3708 3816 3779 558 392 53 60 
3 2 109 3708 3816 3780 558 392 53 60 
3 2 109 3708 3816 3781 558 392 53 60 
3 2 109 3708 3816 3782 558 392 53 60 
3 2 109 3708 3816 3783 558 392 53 60 
3 2 109 3708 3816 3784 558 392 53 60 
3 2 109 3708 3816 3785 558 392 53 60 
3 2 109 3708 3816 3786 558 392 53 60 
3 2 109 3708 3816 3787 558 392 53 60 
3 2 109 3708 3816 3788 558 392 53 60 
3 2 109 3708 3816 3789 558 392 53 60 
3 2 109 3708 3816 3790 558 392 53 60 
3 2 109 3708 3816 3791 558 392 53 60 
3 2 109 3708 3816 3792 558 392 53 60 
3 2 109 3708 3816 3793 558 392 53 60 
3 2 109 3708 3816 3794 558 392 53 60 
3 2 109 3708 3816 3795 558 392 53 60 
3 2 109 3708 3816 3796 558 392 53 60 
3 2 109 3708 3816 3797 558 392 53 60 
3 2 109 3708 3816 3798 558 392 53 60 
3 2 109 3708 3816 3799 558 392 53 60 
3 2 109 3708 3816 3800 558 392 53 60 
3 2 109 3708 3816 3801 558 392 53 60 
3 2 109 3708 3816 3802 558 392 53 60 
3 2 109 3708 3816 3803 558 392 53 60 
3 2 109 3708 3816 3804 558 392 53 60 
3 2 109 3708 3816 3805 558 392 53 60 
3 2 109 3708 3816 3806 558 392 53 60 
3 2 109 3708 3816 3807 558 392 53 60 
3 2 109 3708 3816 3808 558 392 53 60 
3 2 109 3708 3816 3809 558 392 53 60 
3 2 109 3708 3816 3810 558 392 53 60 
3 2 109 3708 3816 3811 558 392 53 60 
3 2 109 3708 3816 3812 558 392 53 60 
3 2 109 3708 3816 3813 558 392 53 60 
3 2 109 3708 3816 3814 558 392 53 60 
3 2 109 3708 3816 3815 558 392 53 60 
3 2 109 3708 3816 3816 558 392 53 60 
