0 6 91 307 397 307 415 419 55 75 
0 6 91 307 397 308 415 419 55 75 
0 6 91 307 397 309 415 419 55 75 
0 6 91 307 397 310 415 419 55 75 
0 6 91 307 397 311 415 419 55 75 
0 6 91 307 397 312 415 419 55 75 
0 6 91 307 397 313 415 419 55 75 
0 6 91 307 397 314 415 419 55 75 
0 6 91 307 397 315 415 419 55 75 
0 6 91 307 397 316 415 419 55 75 
0 6 91 307 397 317 415 419 55 75 
0 6 91 307 397 318 415 419 55 75 
0 6 91 307 397 319 415 419 55 75 
0 6 91 307 397 320 415 419 55 75 
0 6 91 307 397 321 415 419 55 75 
0 6 91 307 397 322 415 419 55 75 
0 6 91 307 397 323 415 419 55 75 
0 6 91 307 397 324 415 419 55 75 
0 6 91 307 397 325 415 419 55 75 
0 6 91 307 397 326 415 419 55 75 
0 6 91 307 397 327 415 419 55 75 
0 6 91 307 397 328 415 419 55 75 
0 6 91 307 397 329 415 419 55 75 
0 6 91 307 397 330 415 419 55 75 
0 6 91 307 397 331 415 419 55 75 
0 6 91 307 397 332 415 419 55 75 
0 6 91 307 397 333 415 419 55 75 
0 6 91 307 397 334 415 419 55 75 
0 6 91 307 397 335 415 419 55 75 
0 6 91 307 397 336 415 419 55 75 
0 6 91 307 397 337 415 419 55 75 
0 6 91 307 397 338 415 419 55 75 
0 6 91 307 397 339 415 419 55 75 
0 6 91 307 397 340 415 419 55 75 
0 6 91 307 397 341 415 419 55 75 
0 6 91 307 397 342 415 419 55 75 
0 6 91 307 397 343 415 419 55 75 
0 6 91 307 397 344 415 419 55 75 
0 6 91 307 397 345 415 419 55 75 
0 6 91 307 397 346 415 419 55 75 
0 6 91 307 397 347 415 419 55 75 
0 6 91 307 397 348 415 419 55 75 
0 6 91 307 397 349 415 419 55 75 
0 6 91 307 397 350 415 419 55 75 
0 6 91 307 397 351 415 419 55 75 
0 6 91 307 397 352 415 419 55 75 
0 6 91 307 397 353 415 419 55 75 
0 6 91 307 397 354 415 419 55 75 
0 6 91 307 397 355 415 419 55 75 
0 6 91 307 397 356 415 419 55 75 
0 6 91 307 397 357 415 419 55 75 
0 6 91 307 397 358 415 419 55 75 
0 6 91 307 397 359 415 419 55 75 
0 6 91 307 397 360 415 419 55 75 
0 6 91 307 397 361 415 419 55 75 
0 6 91 307 397 362 415 419 55 75 
0 6 91 307 397 363 415 419 55 75 
0 6 91 307 397 364 415 419 55 75 
0 6 91 307 397 365 415 419 55 75 
0 6 91 307 397 366 415 419 55 75 
0 6 91 307 397 367 415 419 55 75 
0 6 91 307 397 368 415 419 55 75 
0 6 91 307 397 369 415 419 55 75 
0 6 91 307 397 370 415 419 55 75 
0 6 91 307 397 371 415 419 55 75 
0 6 91 307 397 372 415 419 55 75 
0 6 91 307 397 373 415 419 55 75 
0 6 91 307 397 374 415 419 55 75 
0 6 91 307 397 375 415 419 55 75 
0 6 91 307 397 376 415 419 55 75 
0 6 91 307 397 377 415 419 55 75 
0 6 91 307 397 378 415 419 55 75 
0 6 91 307 397 379 415 419 55 75 
0 6 91 307 397 380 415 419 55 75 
0 6 91 307 397 381 415 419 55 75 
0 6 91 307 397 382 415 419 55 75 
0 6 91 307 397 383 415 419 55 75 
0 6 91 307 397 384 415 419 55 75 
0 6 91 307 397 385 415 419 55 75 
0 6 91 307 397 386 415 419 55 75 
0 6 91 307 397 387 415 419 55 75 
0 6 91 307 397 388 415 419 55 75 
0 6 91 307 397 389 415 419 55 75 
0 6 91 307 397 390 415 419 55 75 
0 6 91 307 397 391 415 419 55 75 
0 6 91 307 397 392 415 419 55 75 
0 6 91 307 397 393 415 419 55 75 
0 6 91 307 397 394 415 419 55 75 
0 6 91 307 397 395 415 419 55 75 
0 6 91 307 397 396 415 419 55 75 
0 6 91 307 397 397 415 419 55 75 
1 5 60 520 579 520 1000 352 38 55 
1 5 60 520 579 521 1000 352 38 55 
1 5 60 520 579 522 1000 352 38 55 
1 5 60 520 579 523 1000 352 38 55 
1 5 60 520 579 524 1000 352 38 55 
1 5 60 520 579 525 1000 352 38 55 
1 5 60 520 579 526 1000 352 38 55 
1 5 60 520 579 527 1000 352 38 55 
1 5 60 520 579 528 1000 352 38 55 
1 5 60 520 579 529 1000 352 38 55 
1 5 60 520 579 530 1000 352 38 55 
1 5 60 520 579 531 1000 352 38 55 
1 5 60 520 579 532 1000 352 38 55 
1 5 60 520 579 533 1000 352 38 55 
1 5 60 520 579 534 1000 352 38 55 
1 5 60 520 579 535 1000 352 38 55 
1 5 60 520 579 536 1000 352 38 55 
1 5 60 520 579 537 1000 352 38 55 
1 5 60 520 579 538 1000 352 38 55 
1 5 60 520 579 539 1000 352 38 55 
1 5 60 520 579 540 1000 352 38 55 
1 5 60 520 579 541 1000 352 38 55 
1 5 60 520 579 542 1000 352 38 55 
1 5 60 520 579 543 1000 352 38 55 
1 5 60 520 579 544 1000 352 38 55 
1 5 60 520 579 545 1000 352 38 55 
1 5 60 520 579 546 1000 352 38 55 
1 5 60 520 579 547 1000 352 38 55 
1 5 60 520 579 548 1000 352 38 55 
1 5 60 520 579 549 1000 352 38 55 
1 5 60 520 579 550 1000 352 38 55 
1 5 60 520 579 551 1000 352 38 55 
1 5 60 520 579 552 1000 352 38 55 
1 5 60 520 579 553 1000 352 38 55 
1 5 60 520 579 554 1000 352 38 55 
1 5 60 520 579 555 1000 352 38 55 
1 5 60 520 579 556 1000 352 38 55 
1 5 60 520 579 557 1000 352 38 55 
1 5 60 520 579 558 1000 352 38 55 
1 5 60 520 579 559 1000 352 38 55 
1 5 60 520 579 560 1000 352 38 55 
1 5 60 520 579 561 1000 352 38 55 
1 5 60 520 579 562 1000 352 38 55 
1 5 60 520 579 563 1000 352 38 55 
1 5 60 520 579 564 1000 352 38 55 
1 5 60 520 579 565 1000 352 38 55 
1 5 60 520 579 566 1000 352 38 55 
1 5 60 520 579 567 1000 352 38 55 
1 5 60 520 579 568 1000 352 38 55 
1 5 60 520 579 569 1000 352 38 55 
1 5 60 520 579 570 1000 352 38 55 
1 5 60 520 579 571 1000 352 38 55 
1 5 60 520 579 572 1000 352 38 55 
1 5 60 520 579 573 1000 352 38 55 
1 5 60 520 579 574 1000 352 38 55 
1 5 60 520 579 575 1000 352 38 55 
1 5 60 520 579 576 1000 352 38 55 
1 5 60 520 579 577 1000 352 38 55 
1 5 60 520 579 578 1000 352 38 55 
1 5 60 520 579 579 1000 352 38 55 
